Wavelength	Intensities	
nm	a.u.	
179.22	1901.9	
179.44	1889.6	
179.65	1914.2	
179.86	1865	
180.08	1911.4	
180.29	4784.7	
180.51	3457	
180.72	5627.8	
180.94	6505	
181.15	3233.7	
181.37	3136.1	
181.58	5428.5	
181.79	5741.8	
182.01	3338.2	
182.22	3569.6	
182.44	5769.1	
182.65	4820.2	
182.87	4537.6	
183.08	3964.9	
183.29	6036.7	
183.51	4989.5	
183.72	3600.3	
183.94	5284.4	
184.15	5356.1	
184.37	5373.9	
184.58	3166.8	
184.79	4360.1	
185.01	4986.8	
185.22	5750	
185.44	4646.2	
185.65	3846.1	
185.86	5235.3	
186.08	4858.5	
186.29	3120.4	
186.51	3316.3	
186.72	4983.4	
186.94	5874.3	
187.15	3867.2	
187.36	4025.6	
187.58	7647.1	
187.79	5514.5	
188.01	4156.7	
188.22	6449.7	
188.43	6596.5	
188.65	5696.8	
188.86	3329.3	
189.08	3982.6	
189.29	5229.8	
189.5	5213.4	
189.72	3712.3	
189.93	3801.7	
190.15	5956.9	
190.36	7092.8	
190.57	4015.4	
190.79	3907.5	
191	5972.6	
191.22	5977.3	
191.43	4089.1	
191.64	3328.6	
191.86	6178	
192.07	5901.6	
192.29	3508.2	
192.5	3734.8	
192.71	5924.1	
192.93	5109.7	
193.14	3673.4	
193.35	3741.6	
193.57	5076.2	
193.78	5948.7	
194	2978.4	
194.21	3635.8	
194.42	4866.7	
194.64	5388.9	
194.85	3986	
195.07	4689.8	
195.28	5479	
195.49	4733.5	
195.71	4889.2	
195.92	3424.9	
196.13	5543.2	
196.35	5668.1	
196.56	5234.6	
196.78	4026.3	
196.99	6973.3	
197.2	6540.5	
197.42	4494.6	
197.63	4078.9	
197.84	4824.3	
198.06	5510.4	
198.27	3685.7	
198.48	4861.2	
198.7	5142.4	
198.91	5253	
199.13	4056.3	
199.34	4027.7	
199.55	5769.8	
199.77	4651.6	
199.98	3492.5	
200.19	4125.3	
200.41	5246.2	
200.62	4969.7	
200.83	4227	
201.05	4485.7	
201.26	5313.8	
201.47	5012.1	
201.69	3563.5	
201.9	3422.8	
202.11	5384.8	
202.33	6374.6	
202.54	3816	
202.76	4283.7	
202.97	5506.3	
203.18	5497.4	
203.4	4167.6	
203.61	4138.9	
203.82	5410.1	
204.04	4994.3	
204.25	4093.9	
204.46	4005.1	
204.68	5380.7	
204.89	5595.1	
205.1	3917.1	
205.32	3393.5	
205.53	5754.8	
205.74	5927.5	
205.96	2923.8	
206.17	4134.2	
206.38	5751.4	
206.6	5905	
206.81	4610	
207.02	3771	
207.24	5627.8	
207.45	5999.9	
207.66	3801	
207.88	3276.8	
208.09	5537.7	
208.3	5354.1	
208.52	3500.7	
208.73	3887	
208.94	5365	
209.15	6079.7	
209.37	3863.8	
209.58	3993.5	
209.79	5880.4	
210.01	5190.9	
210.22	3036.5	
210.43	3239.2	
210.65	5402.5	
210.86	5773.9	
211.07	3880.2	
211.29	3515.7	
211.5	5715.9	
211.71	5350	
211.93	3485	
212.14	3508.2	
212.35	5323.4	
212.56	5547.3	
212.78	4086.4	
212.99	3358.7	
213.2	6365.8	
213.42	5163.6	
213.63	3650.2	
213.84	3878.2	
214.06	4705.5	
214.27	4861.9	
214.48	3850.2	
214.69	4048.8	
214.91	6053.8	
215.12	6141.9	
215.33	4178.5	
215.55	4517.8	
215.76	6673	
215.97	5772.5	
216.18	4005.1	
216.4	3898.6	
216.61	5020.3	
216.82	5893.4	
217.04	3549.1	
217.25	3715	
217.46	6045.6	
217.67	5748	
217.89	3138.9	
218.1	3253.5	
218.31	5446.9	
218.53	5561.6	
218.74	3690.4	
218.95	3547.8	
219.16	5410.7	
219.38	6300.2	
219.59	3612.6	
219.8	4284.4	
220.01	6904.4	
220.23	5377.3	
220.44	4730.8	
220.65	3486.3	
220.87	5388.2	
221.08	6012.2	
221.29	3287	
221.5	4405.9	
221.72	7427.3	
221.93	5085.1	
222.14	4055	
222.35	4758.1	
222.57	5418.9	
222.78	5752.1	
222.99	3832.4	
223.2	4150.6	
223.42	5730.9	
223.63	5786.9	
223.84	2896.5	
224.05	2955.2	
224.27	6889.4	
224.48	6213.5	
224.69	4777.9	
224.9	4048.2	
225.12	5566.4	
225.33	5364.3	
225.54	3251.5	
225.75	3566.9	
225.97	4940.4	
226.18	5216.2	
226.39	3894.6	
226.6	3637.2	
226.82	5141.8	
227.03	4972.5	
227.24	4033.1	
227.45	3359.4	
227.67	5719.3	
227.88	6320.7	
228.09	4429.1	
228.3	4524.6	
228.52	5793	
228.73	5298.1	
228.94	3719.8	
229.15	3269.2	
229.36	5329.5	
229.58	5240.8	
229.79	3794.9	
230	4414.7	
230.21	6444.3	
230.43	5504.3	
230.64	3998.3	
230.85	4205.8	
231.06	5814.2	
231.28	5813.5	
231.49	3293.1	
231.7	3914.4	
231.91	5657.2	
232.12	5396.4	
232.34	3420.8	
232.55	3923.9	
232.76	6001.9	
232.97	5539.8	
233.18	3531.4	
233.4	3984.7	
233.61	5582.8	
233.82	5113.1	
234.03	3677.5	
234.25	3638.6	
234.46	7451.9	
234.67	5439.4	
234.88	4117.1	
235.09	3631	
235.31	5698.8	
235.52	5296	
235.73	3976.5	
235.94	3414	
236.15	5066	
236.37	6591.7	
236.58	3530	
236.79	3836.5	
237	5675.6	
237.21	4922	
237.43	4131.4	
237.64	3282.2	
237.85	9683.5	
238.06	4913.1	
238.27	4178.5	
238.48	3380.5	
238.7	5737	
238.91	5221	
239.12	3844.7	
239.33	3902.1	
239.54	4988.9	
239.76	5283.8	
239.97	3745.7	
240.18	3842.7	
240.39	6658.6	
240.6	5648.3	
240.82	3990.1	
241.03	3258.3	
241.24	5339.7	
241.45	6279.1	
241.66	3552.5	
241.87	4154.6	
242.09	6064	
242.3	6508.4	
242.51	4134.2	
242.72	3919.8	
242.93	5819	
243.14	5383.4	
243.36	4476.9	
243.57	4842.8	
243.78	6208.1	
243.99	5766.4	
244.2	3938.2	
244.41	3534.8	
244.63	4900.1	
244.84	5646.9	
245.05	4145.1	
245.26	3888.4	
245.47	5623.7	
245.68	5947.3	
245.9	5102.9	
246.11	4094.6	
246.32	5199.8	
246.53	5642.8	
246.74	6278.4	
246.95	3231	
247.16	4861.2	
247.38	5361.6	
247.59	3106.8	
247.8	3848.1	
248.01	5020.9	
248.22	5368.4	
248.43	3542.3	
248.64	3725.9	
248.86	4779.3	
249.07	5122	
249.28	3363.4	
249.49	3932.8	
249.7	5927.5	
249.91	6078.4	
250.12	3224.2	
250.34	3267.9	
250.55	5513.1	
250.76	5353.4	
250.97	3989.4	
251.18	4033.8	
251.39	6031.3	
251.6	5538.4	
251.81	4126	
252.03	4030.4	
252.24	5241.4	
252.45	5958.2	
252.66	3354.6	
252.87	4304.8	
253.08	5403.2	
253.29	7103.7	
253.5	3368.2	
253.72	4690.5	
253.93	5236	
254.14	6333	
254.35	3644	
254.56	3755.3	
254.77	5639.4	
254.98	5012.7	
255.19	3626.3	
255.41	4721.9	
255.62	5432.6	
255.83	6107.7	
256.04	4206.5	
256.25	4059.1	
256.46	6612.9	
256.67	5068	
256.88	4013.3	
257.09	4407.2	
257.31	5053.7	
257.52	5070.8	
257.73	4979.3	
257.94	3657	
258.15	5233.9	
258.36	5421	
258.57	4629.8	
258.78	2922.5	
258.99	5887.2	
259.2	5208.7	
259.41	3732.1	
259.63	3788.7	
259.84	6257.9	
260.05	6638.8	
260.26	4825.7	
260.47	3598.3	
260.68	5930.9	
260.89	5332.9	
261.1	4326	
261.31	3515	
261.52	5978	
261.73	6284.5	
261.95	4801.1	
262.16	4233.2	
262.37	6071.5	
262.58	6157.6	
262.79	4743.8	
263	3757.3	
263.21	5409.4	
263.42	4909.7	
263.63	3809.9	
263.84	3741	
264.05	5937.1	
264.26	6305.7	
264.47	4620.2	
264.69	4151.2	
264.9	6117.3	
265.11	5641.5	
265.32	3594.9	
265.53	3635.1	
265.74	5533.6	
265.95	4782.7	
266.16	3977.8	
266.37	4351.3	
266.58	5554.1	
266.79	5205.9	
267	3700	
267.21	3364.1	
267.42	4951.3	
267.63	5407.3	
267.84	3847.5	
268.06	3293.8	
268.27	5842.9	
268.48	6089.3	
268.69	3774.4	
268.9	4450.2	
269.11	6076.3	
269.32	4915.8	
269.53	3880.9	
269.74	3594.2	
269.95	5750	
270.16	4717.8	
270.37	3870	
270.58	4430.4	
270.79	5226.4	
271	5899.5	
271.21	4143.7	
271.42	3983.3	
271.63	5494	
271.84	5002.5	
272.05	3072.6	
272.26	3513.6	
272.47	5427.1	
272.68	5565.7	
272.89	3738.2	
273.11	4320.5	
273.32	5215.5	
273.53	6339.8	
273.74	4207.2	
273.95	4068.6	
274.16	6060.6	
274.37	5468.1	
274.58	4264.6	
274.79	3362.8	
275	5569.1	
275.21	6069.5	
275.42	5102.9	
275.63	4341.7	
275.84	5618.9	
276.05	7097.6	
276.26	4040.6	
276.47	3861.8	
276.68	5232.6	
276.89	6409.5	
277.1	4396.3	
277.31	3435.8	
277.52	5631.9	
277.73	5808	
277.94	3357.3	
278.15	3774.4	
278.36	5599.8	
278.57	5032.5	
278.78	3688.4	
278.99	4145.1	
279.2	5019.6	
279.41	4971.1	
279.62	4852.3	
279.83	3429.7	
280.04	6642.2	
280.25	4929.5	
280.46	4864.6	
280.67	3835.8	
280.88	5044.8	
281.09	6051.7	
281.3	4020.2	
281.51	5122	
281.72	5115.8	
281.93	5859.2	
282.14	3617.4	
282.35	3908.2	
282.56	5932.3	
282.77	5892	
282.98	3728	
283.19	4561.5	
283.4	7194.5	
283.61	5317.9	
283.82	3351.8	
284.03	4846.9	
284.24	5492	
284.45	6005.3	
284.66	4783.4	
284.87	4446.1	
285.08	5939.1	
285.29	6131.6	
285.5	3329.3	
285.71	3776.5	
285.92	6070.2	
286.12	6629.3	
286.33	4753.3	
286.54	3783.3	
286.75	5896.8	
286.96	5320.6	
287.17	3477.5	
287.38	4721.9	
287.59	5019.6	
287.8	4927.4	
288.01	3802.4	
288.22	4343.7	
288.43	5919.3	
288.64	4940.4	
288.85	4519.9	
289.06	4293.9	
289.27	5868.8	
289.48	6307.7	
289.69	4801.8	
289.9	4336.2	
290.11	6137.1	
290.32	5100.1	
290.53	4552.6	
290.74	4212.7	
290.94	5834	
291.15	5841.5	
291.36	3710.2	
291.57	4320.5	
291.78	5107	
291.99	4844.1	
292.2	3491.1	
292.41	4166.3	
292.62	5910.4	
292.83	5678.3	
293.04	5190.9	
293.25	3549.8	
293.46	5181.4	
293.67	5985.5	
293.88	3645.4	
294.09	3444.7	
294.29	4952	
294.5	5600.5	
294.71	3915.7	
294.92	3667.2	
295.13	5189.6	
295.34	6533.7	
295.55	3220.8	
295.76	3376.4	
295.97	5816.9	
296.18	6581.5	
296.39	3431	
296.6	3627	
296.81	5500.2	
297.01	5822.4	
297.22	3801.7	
297.43	3627.6	
297.64	5021.6	
297.85	5003.2	
298.06	3001.6	
298.27	3266.5	
298.48	5494	
298.69	5165.7	
298.9	3935.5	
299.11	3571.7	
299.31	4902.8	
299.52	4917.2	
299.73	4227	
299.94	4153.3	
300.15	5400.5	
300.36	5059.2	
300.57	4138.9	
300.78	4121.2	
300.99	5305.6	
301.2	5567.7	
301.4	3599.6	
301.61	3930.7	
301.82	5740.5	
302.03	5839.4	
302.24	4435.9	
302.45	3465.2	
302.66	5745.2	
302.87	6169.2	
303.08	3598.3	
303.29	4935.6	
303.49	5153.4	
303.7	5420.3	
303.91	3217.4	
304.12	4737.6	
304.33	4883	
304.54	5489.9	
304.75	3635.8	
304.96	3504.8	
305.16	5739.8	
305.37	6468.9	
305.58	3170.9	
305.79	3293.8	
306	5720	
306.21	4825	
306.42	3601.7	
306.63	5565.7	
306.83	5240.8	
307.04	6047	
307.25	4052.2	
307.46	3968.3	
307.67	4610	
307.88	5904.3	
308.09	3564.1	
308.29	3719.1	
308.5	5429.2	
308.71	5939.1	
308.92	3895.9	
309.13	3482.2	
309.34	5347.2	
309.55	5302.2	
309.75	4503.5	
309.96	4163.5	
310.17	5840.1	
310.38	5072.1	
310.59	4431.8	
310.8	3405.8	
311.01	5180.7	
311.21	5305.6	
311.42	3454.2	
311.63	3569.6	
311.84	5139.7	
312.05	5534.3	
312.26	4041.3	
312.46	4486.4	
312.67	5218.2	
312.88	4951.3	
313.09	3508.9	
313.3	3389.4	
313.51	6158.2	
313.71	6619	
313.92	3485.6	
314.13	3702.7	
314.34	5566.4	
314.55	5277.6	
314.76	4526.7	
314.96	3909.6	
315.17	5500.2	
315.38	5780.1	
315.59	3502.7	
315.8	3343.7	
316.01	6323.4	
316.21	6346	
316.42	3406.5	
316.63	3909.6	
316.84	5300.1	
317.05	6080.4	
317.26	4224.3	
317.46	3748.5	
317.67	5328.8	
317.88	5792.3	
318.09	4425.7	
318.3	3290.4	
318.5	5097.4	
318.71	5636.7	
318.92	5700.2	
319.13	4163.5	
319.34	5948	
319.54	6037.4	
319.75	3294.5	
319.96	3126.6	
320.17	5764.3	
320.38	5945.9	
320.58	3202.3	
320.79	3796.3	
321	5965.1	
321.21	6130.9	
321.42	3862.5	
321.62	3181.2	
321.83	5020.3	
322.04	5397.1	
322.25	3713	
322.46	3510.9	
322.66	5535.7	
322.87	5638.1	
323.08	4324.6	
323.29	3509.5	
323.5	6462	
323.7	4992.9	
323.91	4790.2	
324.12	4335.5	
324.33	5474.2	
324.53	5769.8	
324.74	4140.3	
324.95	4356	
325.16	4803.9	
325.37	5208.7	
325.57	3491.8	
325.78	3599	
325.99	5433.9	
326.2	4885.1	
326.4	5029.8	
326.61	3231	
326.82	5378.6	
327.03	5508.4	
327.24	5033.2	
327.44	4757.4	
327.65	5659.9	
327.86	4603.8	
328.07	4103.4	
328.27	3394.8	
328.48	6059.9	
328.69	4977.9	
328.9	5055.1	
329.1	3727.3	
329.31	5292	
329.52	6247	
329.73	3480.9	
329.93	4013.3	
330.14	5406.6	
330.35	5668.1	
330.56	5737	
330.76	4343.1	
330.97	5264.6	
331.18	5621.7	
331.39	3944.4	
331.59	3143.6	
331.8	5975.3	
332.01	6118.6	
332.22	3594.9	
332.42	4160.8	
332.63	5479	
332.84	5107	
333.05	3950.5	
333.25	3574.4	
333.46	5146.5	
333.67	5378.6	
333.88	3674.1	
334.08	4070.7	
334.29	7175.4	
334.5	6049	
334.7	3407.1	
334.91	5025	
335.12	4976.6	
335.33	5806.7	
335.53	3864.5	
335.74	5715.2	
335.95	5184.1	
336.16	5040.1	
336.36	3945.1	
336.57	4534.2	
336.78	4919.2	
336.98	5987.6	
337.19	4801.1	
337.4	3755.3	
337.61	6526.2	
337.81	4944.5	
338.02	3617.4	
338.23	4683.7	
338.43	6243.6	
338.64	5057.8	
338.85	3525.2	
339.05	4666.6	
339.26	6285.2	
339.47	4897.4	
339.68	3573.7	
339.88	5240.1	
340.09	5628.5	
340.3	5844.9	
340.5	4154.6	
340.71	3125.9	
340.92	4863.9	
341.13	6109.1	
341.33	3419.4	
341.54	4112.3	
341.75	5658.5	
341.95	5274.2	
342.16	3931.4	
342.37	4301.4	
342.57	4992.9	
342.78	5403.2	
342.99	4367	
343.19	3146.4	
343.4	5821	
343.61	5682.4	
343.81	3782.6	
344.02	3450.8	
344.23	5898.1	
344.43	6238.8	
344.64	4388.1	
344.85	4319.2	
345.06	5715.9	
345.26	6014.2	
345.47	4099.4	
345.68	4792.9	
345.88	4803.9	
346.09	5827.8	
346.3	4192.2	
346.5	3166.8	
346.71	5399.1	
346.92	5164.3	
347.12	3223.5	
347.33	4120.5	
347.54	5976.7	
347.74	6388.3	
347.95	4089.8	
348.16	3010.5	
348.36	5223.7	
348.57	4898.7	
348.78	4045.4	
348.98	4326	
349.19	5343.2	
349.39	4914.4	
349.6	3302	
349.81	3568.9	
350.01	5608.7	
350.22	5102.2	
350.43	3866.6	
350.63	4699.4	
350.84	5435.3	
351.05	5253	
351.25	3605.1	
351.46	3234.4	
351.67	6054.5	
351.87	5048.9	
352.08	3824.2	
352.29	4321.9	
352.49	5808	
352.7	5971.9	
352.9	3478.8	
353.11	4240.7	
353.32	6522.1	
353.52	5213.4	
353.73	3401	
353.94	4356.7	
354.14	5694	
354.35	5556.1	
354.55	3526.6	
354.76	3929.4	
354.97	5698.1	
355.17	5429.8	
355.38	3320.4	
355.59	4610	
355.79	5117.9	
356	5506.3	
356.2	3910.3	
356.41	3424.9	
356.62	4802.5	
356.82	5334.3	
357.03	4168.3	
357.24	3743.7	
357.44	5124.7	
357.65	5203.9	
357.85	4995	
358.06	3947.8	
358.27	4839.4	
358.47	5083.7	
358.68	3244	
358.88	4200.4	
359.09	5694.7	
359.3	6051.1	
359.5	4861.2	
359.71	4324.6	
359.91	6501.6	
360.12	5840.8	
360.33	4154	
360.53	4595.6	
360.74	5166.3	
360.94	5190.2	
361.15	4308.9	
361.36	3614.7	
361.56	5924.1	
361.77	5337.7	
361.97	4838.7	
362.18	3827.7	
362.38	5952.1	
362.59	4982.7	
362.8	3462.4	
363	3396.2	
363.21	4806.6	
363.41	5454.4	
363.62	4086.4	
363.83	5033.2	
364.03	5519.3	
364.24	6526.9	
364.44	5227.8	
364.65	5100.8	
364.85	5319.9	
365.06	5182.7	
365.27	3715.7	
365.47	3710.9	
365.68	6245.6	
365.88	5236.7	
366.09	4090.5	
366.29	3803.8	
366.5	5585.5	
366.71	6027.9	
366.91	5074.2	
367.12	4343.1	
367.32	6572.6	
367.53	5844.2	
367.73	4184.7	
367.94	5190.2	
368.14	5812.8	
368.35	6722.1	
368.56	4173.8	
368.76	3579.8	
368.97	5854.5	
369.17	7608.2	
369.38	3710.2	
369.58	3955.3	
369.79	4899.4	
369.99	6275	
370.2	4904.9	
370.4	4080.9	
370.61	5546.6	
370.82	6805.4	
371.02	3928.7	
371.23	3296.5	
371.43	4848.9	
371.64	6143.9	
371.84	3974.4	
372.05	5259.9	
372.25	7475.1	
372.46	5882.4	
372.66	4046.1	
372.87	3958.7	
373.07	5914.5	
373.28	7574.8	
373.48	4969.1	
373.69	4681	
373.9	5405.3	
374.1	5472.2	
374.31	4851.6	
374.51	4504.2	
374.72	6232.7	
374.92	5108.3	
375.13	5097.4	
375.33	4274.1	
375.54	5863.3	
375.74	5285.1	
375.95	4362.9	
376.15	5581.4	
376.36	5817.6	
376.56	5635.3	
376.77	4424.3	
376.97	4859.1	
377.18	6941.2	
377.38	5953.4	
377.59	5283.1	
377.79	3855.6	
378	5700.2	
378.2	6156.2	
378.41	4017.4	
378.61	3920.5	
378.82	6277.7	
379.02	5310.4	
379.23	4102.8	
379.43	5247.6	
379.64	6287.3	
379.84	5889.3	
380.05	4029.7	
380.25	3914.4	
380.46	5996.5	
380.66	5576.6	
380.87	5313.1	
381.07	5664.7	
381.28	6580.8	
381.48	6007.4	
381.69	3969	
381.89	4018.1	
382.1	4919.9	
382.3	6180.1	
382.51	5119.2	
382.71	6025.1	
382.91	5971.9	
383.12	6494.1	
383.32	4377.9	
383.53	4584.7	
383.73	5877	
383.94	5648.3	
384.14	4457.1	
384.35	3629.7	
384.55	5599.1	
384.76	5996.5	
384.96	4361.5	
385.17	4606.6	
385.37	6021.7	
385.58	5274.2	
385.78	4764.9	
385.98	3555.3	
386.19	5505.6	
386.39	5911.1	
386.6	4174.4	
386.8	4450.2	
387.01	6008.7	
387.21	6009.4	
387.42	4802.5	
387.62	5343.2	
387.83	5371.8	
388.03	5939.8	
388.23	4416.1	
388.44	5203.9	
388.64	5010	
388.85	5135.6	
389.05	4734.9	
389.26	5451	
389.46	7045	
389.67	6391.7	
389.87	4752.7	
390.07	4836.6	
390.28	5662	
390.48	5270.1	
390.69	4044.7	
390.89	4260.5	
391.1	5441.5	
391.3	6420.4	
391.5	5520.6	
391.71	6120	
391.91	6142.5	
392.12	7059.3	
392.32	5586.9	
392.53	4735.6	
392.73	5556.1	
392.93	5674.2	
393.14	4433.2	
393.34	5276.3	
393.55	6223.8	
393.75	5643.5	
393.95	4485.1	
394.16	4368.3	
394.36	5455.1	
394.57	6122.1	
394.77	3979.9	
394.98	4360.1	
395.18	5395	
395.38	5615.5	
395.59	5216.2	
395.79	4151.9	
396	5558.2	
396.2	5993	
396.4	5027.1	
396.61	4958.8	
396.81	6204.7	
397.02	5468.8	
397.22	5255.1	
397.42	5271.5	
397.63	6202.6	
397.83	5414.8	
398.04	4168.3	
398.24	4715.1	
398.44	5999.2	
398.65	5074.9	
398.85	4013.3	
399.05	4172.4	
399.26	5465.3	
399.46	7111.9	
399.67	4541.7	
399.87	4243.4	
400.07	5751.4	
400.28	6131.6	
400.48	4354.7	
400.69	5355.4	
400.89	6315.9	
401.09	6819.1	
401.3	4201.1	
401.5	5381.4	
401.7	7017.7	
401.91	7245	
402.11	4567	
402.32	4836.6	
402.52	6324.1	
402.72	6314.6	
402.93	4966.3	
403.13	3822.2	
403.33	7128.3	
403.54	5823.7	
403.74	4601.1	
403.94	5509	
404.15	5838.1	
404.35	7085.3	
404.56	4448.9	
404.76	6263.4	
404.96	6305	
405.17	6077.7	
405.37	5681.1	
405.57	4900.8	
405.78	6396.5	
405.98	5837.4	
406.18	4414.7	
406.39	5327.4	
406.59	6313.9	
406.79	5978.7	
407	4247.5	
407.2	4397	
407.4	6408.8	
407.61	6647	
407.81	4360.8	
408.01	6537.1	
408.22	5315.2	
408.42	7348.1	
408.62	5558.2	
408.83	4980	
409.03	6034.7	
409.23	5866.1	
409.44	5145.2	
409.64	5322.7	
409.84	6918.7	
410.05	6840.2	
410.25	5226.4	
410.45	5036.6	
410.66	6385.6	
410.86	8815.1	
411.06	5487.2	
411.27	5345.2	
411.47	8624.7	
411.67	6524.8	
411.88	5575.9	
412.08	5842.9	
412.28	7183.6	
412.49	7692.2	
412.69	5296	
412.89	5377.3	
413.09	7449.1	
413.3	7426.6	
413.5	5438	
413.7	5002.5	
413.91	6590.4	
414.11	7472.4	
414.31	5264	
414.52	5700.2	
414.72	7137.2	
414.92	7109.9	
415.12	5172.5	
415.33	5761.6	
415.53	7509.9	
415.73	7632.8	
415.94	6204.7	
416.14	5585.5	
416.34	6447.7	
416.55	6220.4	
416.75	6771.9	
416.95	6208.1	
417.15	7497.6	
417.36	8175.5	
417.56	6937.8	
417.76	6051.1	
417.97	7756.3	
418.17	7485.3	
418.37	5646.9	
418.57	5680.4	
418.78	7286	
418.98	6945.3	
419.18	6591	
419.38	6502.3	
419.59	6933.7	
419.79	6568.5	
419.99	5498.8	
420.2	5885.2	
420.4	7493.5	
420.6	7679.9	
420.8	5472.2	
421.01	5331.5	
421.21	7359.7	
421.41	7515.4	
421.61	5872.9	
421.82	5513.8	
422.02	6769.2	
422.22	7814.4	
422.42	6377.4	
422.63	6016.9	
422.83	6963.1	
423.03	8184.4	
423.23	6004	
423.44	4952	
423.64	7030.7	
423.84	6748.1	
424.04	5464.7	
424.25	5068.7	
424.45	7984.3	
424.65	7884.7	
424.85	4923.3	
425.06	5507	
425.26	7837.6	
425.46	6930.3	
425.66	5949.3	
425.87	5629.2	
426.07	7650.5	
426.27	7493.5	
426.47	5772.5	
426.67	5172.5	
426.88	7937.2	
427.08	7354.9	
427.28	6067.4	
427.48	5048.2	
427.69	6340.5	
427.89	6957.6	
428.09	5989.6	
428.29	5092.6	
428.5	7759.8	
428.7	7292.8	
428.9	5086.5	
429.1	5687.9	
429.3	7105.1	
429.51	7529.7	
429.71	5408.7	
429.91	6223.8	
430.11	7423.9	
430.31	7645.8	
430.52	5642.2	
430.72	6041.5	
430.92	8019.2	
431.12	7531.7	
431.32	5371.1	
431.53	5821	
431.73	6386.9	
431.93	8127	
432.13	5328.8	
432.33	5133.6	
432.54	6987	
432.74	7290.1	
432.94	5097.4	
433.14	6240.8	
433.34	7467.6	
433.55	6906.4	
433.75	6099.5	
433.95	7863.5	
434.15	7288	
434.35	6888	
434.56	5326.1	
434.76	4780.6	
434.96	7190.4	
435.16	7521.5	
435.36	5201.8	
435.56	6374	
435.77	6872.3	
435.97	7058.7	
436.17	7007.5	
436.37	6244.9	
436.57	6850.5	
436.78	6759	
436.98	7383.6	
437.18	6829.3	
437.38	7508.5	
437.58	7068.9	
437.78	7027.9	
437.99	5601.2	
438.19	7499	
438.39	8929.1	
438.59	5553.4	
438.79	5055.1	
438.99	8267.6	
439.2	7023.9	
439.4	5208.7	
439.6	5197.1	
439.8	7429.3	
440	8517.5	
440.2	6255.2	
440.4	6382.8	
440.61	7793.2	
440.81	8395.3	
441.01	5466	
441.21	6400.6	
441.41	8160.5	
441.61	7758.4	
441.81	6593.1	
442.02	7712	
442.22	8733.9	
442.42	7862.2	
442.62	5517.2	
442.82	5530.9	
443.02	8211.7	
443.22	7354.9	
443.43	5974.6	
443.63	5550	
443.83	7173.4	
444.03	7152.9	
444.23	6821.8	
444.43	6407.4	
444.63	7533.1	
444.83	8725	
445.04	5668.1	
445.24	6845.7	
445.44	7762.5	
445.64	7931.1	
445.84	6425.2	
446.04	6380.8	
446.24	7167.2	
446.44	8228.7	
446.65	5595.7	
446.85	6027.2	
447.05	7460.8	
447.25	8104.5	
447.45	6025.1	
447.65	5499.5	
447.85	7453.9	
448.05	7133.1	
448.25	6514.6	
448.46	6372.6	
448.66	7499	
448.86	7210.2	
449.06	5324	
449.26	6509.1	
449.46	7869.7	
449.66	6946.7	
449.86	6070.9	
450.06	5971.9	
450.26	7081.9	
450.47	7752.9	
450.67	6231.3	
450.87	6638.1	
451.07	7774.8	
451.27	7576.1	
451.47	5575.3	
451.67	6201.9	
451.87	7247.8	
452.07	8310	
452.27	5808	
452.47	5810.8	
452.67	7452.6	
452.88	8079.9	
453.08	5137	
453.28	7108.5	
453.48	8740	
453.68	7513.3	
453.88	5695.4	
454.08	6022.4	
454.28	7869	
454.48	7537.2	
454.68	6427.2	
454.88	7089.4	
455.08	7985	
455.28	7791.8	
455.48	5569.8	
455.68	6294.8	
455.89	8487.5	
456.09	8214.4	
456.29	5964.4	
456.49	6038.8	
456.69	8397.4	
456.89	7630	
457.09	6630.6	
457.29	6918	
457.49	7985.7	
457.69	8117.5	
457.89	6329.6	
458.09	5816.9	
458.29	7682.6	
458.49	8512	
458.69	6879.1	
458.89	6323.4	
459.09	8651.3	
459.29	8905.9	
459.49	6457.9	
459.69	7186.3	
459.9	8314.8	
460.1	7778.2	
460.3	6225.8	
460.5	6134.3	
460.7	8326.4	
460.9	7935.2	
461.1	5696.8	
461.3	6989	
461.5	8871.8	
461.7	8565.3	
461.9	6173.9	
462.1	6663.4	
462.3	7992.5	
462.5	8676.6	
462.7	6230.6	
462.9	6414.9	
463.1	9692.4	
463.3	9413.8	
463.5	6526.9	
463.7	7460.1	
463.9	8264.2	
464.1	8587.8	
464.3	6706.4	
464.5	6911.9	
464.7	9009	
464.9	8572.1	
465.1	8353	
465.3	7340.6	
465.5	9293	
465.7	9219.3	
465.9	7587.7	
466.1	7314	
466.3	9155.1	
466.5	8846.5	
466.7	8350.9	
466.9	7117.4	
467.1	8845.9	
467.3	9815.9	
467.5	8185.7	
467.7	7081.9	
467.9	9967.5	
468.1	10931	
468.3	7963.2	
468.5	8335.9	
468.7	8776.9	
468.9	8765.3	
469.1	7369.3	
469.3	8059.4	
469.5	10693	
469.7	8331.8	
469.9	7774.1	
470.1	7091.4	
470.3	8834.3	
470.5	8919.6	
470.7	8378.2	
470.9	7294.9	
471.1	8561.2	
471.3	8987.2	
471.5	7013.6	
471.69	8976.9	
471.89	8421.2	
472.09	8073.1	
472.29	7715.4	
472.49	8168.7	
472.69	8204.2	
472.89	9047.9	
473.09	6903	
473.29	7086.7	
473.49	8401.5	
473.69	8484.7	
473.89	8058.8	
474.09	7111.2	
474.29	9844.6	
474.49	9559.9	
474.69	8002.1	
474.89	7402.7	
475.09	8581	
475.29	8464.3	
475.49	6709.8	
475.69	6956.9	
475.88	10129	
476.08	8731.9	
476.28	6650.4	
476.48	7122.8	
476.68	9251.4	
476.88	9144.2	
477.08	6915.3	
477.28	7240.3	
477.48	8576.9	
477.68	9306.7	
477.88	6760.3	
478.08	7126.2	
478.28	9508.7	
478.48	8716.2	
478.67	7144.7	
478.87	6611.5	
479.07	9398.1	
479.27	8866.3	
479.47	7376.8	
479.67	7366.5	
479.87	9110.7	
480.07	9701.9	
480.27	6596.5	
480.47	8296.3	
480.67	8875.2	
480.87	9487.6	
481.06	6848.4	
481.26	7757.7	
481.46	8867	
481.66	8695	
481.86	7395.9	
482.06	8409	
482.26	8526.4	
482.46	9374.2	
482.66	7324.2	
482.86	6883.2	
483.05	8789.9	
483.25	8228.1	
483.45	9775.6	
483.65	7300.3	
483.85	8439	
484.05	8806.9	
484.25	7797.3	
484.45	8252.6	
484.65	9698.5	
484.84	9585.9	
485.04	7249.1	
485.24	7270.3	
485.44	9979.1	
485.64	8251.3	
485.84	6506.4	
486.04	8014.4	
486.24	8652.7	
486.44	8994	
486.63	6527.6	
486.83	7374.7	
487.03	8551	
487.23	8764.6	
487.43	6691.4	
487.63	9014.5	
487.83	8761.2	
488.02	9854.8	
488.22	7745.4	
488.42	8325	
488.62	9693	
488.82	8609.7	
489.02	7393.2	
489.22	7465.5	
489.41	9570.2	
489.61	9230.2	
489.81	7004.1	
490.01	7043.6	
490.21	9541.5	
490.41	10116	
490.61	7018.4	
490.8	7212.3	
491	8921	
491.2	8275.8	
491.4	7815	
491.6	6873.7	
491.8	8866.3	
491.99	9100.5	
492.19	6617	
492.39	7124.2	
492.59	9476.6	
492.79	9604.3	
492.99	8052.6	
493.18	7058	
493.38	9693.7	
493.58	10603	
493.78	7792.5	
493.98	7445.7	
494.18	9440.5	
494.37	8905.3	
494.57	8228.1	
494.77	8042.4	
494.97	9681.4	
495.17	9963.4	
495.37	7633.5	
495.56	7991.9	
495.76	10112	
495.96	9760.6	
496.16	8877.3	
496.36	7820.5	
496.55	9904.7	
496.75	9495.1	
496.95	8182.3	
497.15	8120.2	
497.35	9983.2	
497.54	9916.9	
497.74	7896.3	
497.94	9597.5	
498.14	10645	
498.34	10515	
498.53	7611.6	
498.73	8421.2	
498.93	9334.6	
499.13	9931.3	
499.33	8116.8	
499.52	8542.1	
499.72	9914.9	
499.92	10253	
500.12	7868.3	
500.32	8117.5	
500.51	10238	
500.71	10043	
500.91	8838.4	
501.11	8519.5	
501.31	10056	
501.5	10507	
501.7	9192.6	
501.9	8161.2	
502.1	9898.5	
502.29	10180	
502.49	8602.2	
502.69	9164.7	
502.89	10107	
503.09	10072	
503.28	7516.7	
503.48	7724.9	
503.68	9326.4	
503.88	9338.1	
504.07	8708.6	
504.27	8172.1	
504.47	9684.2	
504.67	9708.7	
504.86	8579.6	
505.06	8284.7	
505.26	9348.3	
505.46	11123	
505.65	8208.3	
505.85	8369.4	
506.05	9207.7	
506.25	9684.2	
506.44	7389.8	
506.64	8419.2	
506.84	9164	
507.04	10028	
507.23	7516.7	
507.43	8159.1	
507.63	11062	
507.83	9265	
508.02	8120.9	
508.22	7707.2	
508.42	11315	
508.62	9103.2	
508.81	7999.4	
509.01	8538.7	
509.21	8979.7	
509.4	9253.4	
509.6	8166.6	
509.8	7566.6	
510	9239.1	
510.19	10705	
510.39	7550.9	
510.59	7606.2	
510.79	9043.1	
510.98	10466	
511.18	7648.5	
511.38	7830.7	
511.57	9777.7	
511.77	9660.3	
511.97	8447.9	
512.17	7462.1	
512.36	9877.4	
512.56	9818	
512.76	7601.4	
512.95	7249.8	
513.15	9936.1	
513.35	8531.2	
513.55	8447.2	
513.74	7536.5	
513.94	9985.9	
514.14	9255.5	
514.33	8527.7	
514.53	8249.9	
514.73	9308.7	
514.92	9438.4	
515.12	7811.6	
515.32	7669.6	
515.51	9558.6	
515.71	10246	
515.91	9356.5	
516.11	7686.7	
516.3	11330	
516.5	9213.8	
516.7	8304.5	
516.89	8940.7	
517.09	9486.9	
517.29	9212.4	
517.48	8609	
517.68	7939.3	
517.88	8982.4	
518.07	9732.6	
518.27	8507.9	
518.47	7447.1	
518.66	10277	
518.86	8893	
519.06	7378.1	
519.25	7903.1	
519.45	9198.1	
519.65	10755	
519.84	8458.8	
520.04	9144.9	
520.24	11112	
520.43	9795.4	
520.63	8121.6	
520.83	7841.7	
521.02	9056.8	
521.22	9659.6	
521.42	8394.6	
521.61	9029.5	
521.81	9263.6	
522.01	9483.5	
522.2	8177.5	
522.4	8058.1	
522.6	9976.3	
522.79	8850.6	
522.99	8275.8	
523.18	7479.9	
523.38	9763.3	
523.58	9838.4	
523.77	9499.2	
523.97	7529	
524.17	11727	
524.36	10828	
524.56	8869.8	
524.76	8540	
524.95	9856.9	
525.15	9456.8	
525.34	8396.7	
525.54	8366.6	
525.74	10101	
525.93	9220	
526.13	9519	
526.33	8372.1	
526.52	10545	
526.72	10009	
526.91	9550.4	
527.11	8880.7	
527.31	10617	
527.5	10978	
527.7	8736.6	
527.89	7766.6	
528.09	9490.3	
528.29	10135	
528.48	9174.9	
528.68	8797.4	
528.87	10563	
529.07	10537	
529.27	8720.3	
529.46	8219.2	
529.66	9968.1	
529.85	10426	
530.05	7971.4	
530.25	8722.3	
530.44	11477	
530.64	9941.5	
530.83	8384.4	
531.03	8681.3	
531.23	10414	
531.42	10344	
531.62	9728.5	
531.81	8775.5	
532.01	10690	
532.21	11318	
532.4	8462.2	
532.6	8943.5	
532.79	11772	
532.99	10795	
533.18	8938.7	
533.38	9998.2	
533.58	10268	
533.77	11017	
533.97	8957.1	
534.16	9762	
534.36	11289	
534.55	10314	
534.75	9787.2	
534.95	8877.9	
535.14	11144	
535.34	10301	
535.53	8555.7	
535.73	10620	
535.92	11688	
536.12	10458	
536.31	8665	
536.51	9963.4	
536.71	10744	
536.9	10329	
537.1	8865.7	
537.29	8917.5	
537.49	11292	
537.68	10322	
537.88	9351.7	
538.07	8619.2	
538.27	10580	
538.46	11509	
538.66	8596.7	
538.86	8993.3	
539.05	10597	
539.25	11091	
539.44	9243.8	
539.64	8786.5	
539.83	10361	
540.03	11354	
540.22	8783.1	
540.42	8835.6	
540.61	10733	
540.81	10746	
541	9268.4	
541.2	9808.4	
541.39	10174	
541.59	10553	
541.78	9548.3	
541.98	8657.4	
542.18	9756.5	
542.37	9772.9	
542.57	8918.2	
542.76	9434.3	
542.96	9799.5	
543.15	10515	
543.35	8996.7	
543.54	8347.5	
543.74	10766	
543.93	10387	
544.13	8817.9	
544.32	9931.3	
544.52	10662	
544.71	9830.9	
544.91	8027.4	
545.1	9258.2	
545.3	9846	
545.49	10674	
545.69	7902.4	
545.88	8549.6	
546.08	11484	
546.27	10969	
546.47	9064.3	
546.66	8358.4	
546.86	10750	
547.05	11361	
547.24	8561.9	
547.44	8375.5	
547.63	9637.7	
547.83	10831	
548.02	8804.9	
548.22	8969.4	
548.41	9562.6	
548.61	10907	
548.8	8338.6	
549	8322.3	
549.19	10064	
549.39	10436	
549.58	8027.4	
549.78	8588.5	
549.97	10495	
550.17	10073	
550.36	9499.2	
550.55	10468	
550.75	9986.6	
550.94	11016	
551.14	8218.5	
551.33	8587.1	
551.53	9383.8	
551.72	10363	
551.92	8680	
552.11	8538.7	
552.31	10426	
552.5	10516	
552.69	10118	
552.89	7970.7	
553.08	10474	
553.28	10050	
553.47	8382.3	
553.67	9622.7	
553.86	11002	
554.06	9245.2	
554.25	7673.1	
554.44	8253.3	
554.64	11759	
554.83	11243	
555.03	8162.5	
555.22	8605.6	
555.42	10626	
555.61	10300	
555.8	8348.2	
556	8673.1	
556.19	9312.8	
556.39	10619	
556.58	8479.3	
556.78	8409	
556.97	10105	
557.16	9871.2	
557.36	9577	
557.55	8084.7	
557.75	9106.6	
557.94	10904	
558.13	8221.2	
558.33	7971.4	
558.52	10656	
558.72	9551	
558.91	8017.8	
559.1	8253.3	
559.3	9198.8	
559.49	8968.7	
559.69	7520.1	
559.88	8624.7	
560.07	10055	
560.27	10446	
560.46	8755.1	
560.66	8908.7	
560.85	9859.6	
561.04	9055.4	
561.24	7897.7	
561.43	8132.5	
561.63	9284.8	
561.82	9534.7	
562.01	9353.8	
562.21	8460.2	
562.4	10066	
562.59	10997	
562.79	8383.7	
562.98	7972.7	
563.18	9915.6	
563.37	11404	
563.56	8774.2	
563.76	7846.5	
563.95	9434.3	
564.14	9340.1	
564.34	8342.7	
564.53	8030.1	
564.73	9948.3	
564.92	10297	
565.11	8409.6	
565.31	7798	
565.5	10511	
565.69	9397.4	
565.89	8127.7	
566.08	8342.1	
566.27	10458	
566.47	10798	
566.66	8925.7	
566.85	7641	
567.05	9921.7	
567.24	9330.5	
567.44	7931.8	
567.63	9331.9	
567.82	10223	
568.02	9865.7	
568.21	7971.4	
568.4	8321.6	
568.6	9780.4	
568.79	9739.5	
568.98	7776.1	
569.18	7914	
569.37	9787.2	
569.56	11824	
569.76	8262.9	
569.95	9144.9	
570.14	10129	
570.34	9855.5	
570.53	7672.4	
570.72	7585	
570.91	10439	
571.11	9600.9	
571.3	8152.3	
571.49	9124.4	
571.69	9595.4	
571.88	9146.9	
572.07	8623.3	
572.27	8718.2	
572.46	9182.4	
572.65	10266	
572.85	8020.5	
573.04	8241.7	
573.23	10501	
573.43	9754.5	
573.62	7698.3	
573.81	8413.1	
574	9815.2	
574.2	9643.2	
574.39	8166.6	
574.58	8235.6	
574.78	10596	
574.97	9846	
575.16	8553.7	
575.36	8701.1	
575.55	10214	
575.74	10391	
575.93	7771.4	
576.13	8823.3	
576.32	9574.3	
576.51	10202	
576.71	8165.9	
576.9	9461.6	
577.09	10555	
577.28	9996.8	
577.48	8619.9	
577.67	7621.2	
577.86	9708.1	
578.05	10106	
578.25	8288.1	
578.44	8283.4	
578.63	9841.2	
578.83	11079	
579.02	7774.8	
579.21	9209	
579.4	10099	
579.6	9697.8	
579.79	8435.6	
579.98	10679	
580.17	10475	
580.37	10488	
580.56	7901.1	
580.75	8714.8	
580.94	11071	
581.14	10798	
581.33	9200.2	
581.52	8063.5	
581.71	10338	
581.91	11025	
582.1	7877.9	
582.29	8370.7	
582.48	10043	
582.68	9938.1	
582.87	8996	
583.06	8538	
583.25	10316	
583.45	10197	
583.64	9226.1	
583.83	9988.6	
584.02	9738.8	
584.21	10313	
584.41	9276.6	
584.6	8431.5	
584.79	10034	
584.98	10813	
585.18	7980.9	
585.37	7993.2	
585.56	9553.1	
585.75	10348	
585.94	8212.4	
586.14	8934.6	
586.33	10917	
586.52	9942.2	
586.71	8621.3	
586.91	8338	
587.1	9288.9	
587.29	10220	
587.48	8208.3	
587.67	8060.1	
587.87	10037	
588.06	10103	
588.25	9346.9	
588.44	8659.5	
588.63	9596.1	
588.83	10108	
589.02	7824.6	
589.21	7571.3	
589.4	9197.4	
589.59	8975.6	
589.78	6796.5	
589.98	7066.9	
590.17	8428.8	
590.36	8965.3	
590.55	6436.8	
590.74	7264.8	
590.94	10455	
591.13	8960.5	
591.32	6982.9	
591.51	6626.5	
591.7	9386.5	
591.89	8942.8	
592.09	6813.6	
592.28	7181.5	
592.47	8243.8	
592.66	10106	
592.85	6791.7	
593.05	7030.7	
593.24	8759.2	
593.43	9626.1	
593.62	7066.9	
593.81	7597.3	
594	8853.4	
594.19	9070.5	
594.39	6991.8	
594.58	6937.2	
594.77	9183.1	
594.96	9753.1	
595.15	6888.7	
595.34	7508.5	
595.54	9243.8	
595.73	8353.7	
595.92	6365.8	
596.11	7449.1	
596.3	9783.8	
596.49	8466.3	
596.68	7253.9	
596.88	7684	
597.07	9490.3	
597.26	8370.7	
597.45	6771.3	
597.64	8073.8	
597.83	8519.6	
598.02	9254.1	
598.22	6931.7	
598.41	7614.3	
598.6	8962.6	
598.79	8475.9	
598.98	6969.9	
599.17	8016.4	
599.36	9023.4	
599.55	10286	
599.74	9116.9	
599.94	8811	
600.13	9665	
600.32	8441	
600.51	6786.3	
600.7	7002.7	
600.89	10333	
601.08	10397	
601.27	6842.9	
601.47	7827.3	
601.66	9654.1	
601.85	10268	
602.04	7502.4	
602.23	7734.5	
602.42	8738.7	
602.61	9366	
602.8	7408.2	
602.99	7187	
603.18	9118.2	
603.37	9366	
603.57	7909.9	
603.76	8503.2	
603.95	10210	
604.14	9704.6	
604.33	7321.5	
604.52	7733.8	
604.71	9352.4	
604.9	8968.7	
605.09	8263.6	
605.28	8122.2	
605.47	9985.2	
605.66	9567.4	
605.86	7916.1	
606.05	7384.3	
606.24	10025	
606.43	8427.4	
606.62	7675.1	
606.81	8403.5	
607	9826.2	
607.19	9108.7	
607.38	7090.1	
607.57	7323.5	
607.76	8902.5	
607.95	8326.4	
608.14	7768.6	
608.33	8324.3	
608.52	8832.9	
608.72	9752.4	
608.91	6985.6	
609.1	6926.9	
609.29	9022.7	
609.48	8500.4	
609.67	8000.7	
609.86	7012.2	
610.05	8576.2	
610.24	8855.4	
610.43	6782.9	
610.62	6428.6	
610.81	10106	
611	9744.2	
611.19	6934.4	
611.38	7756.3	
611.57	9177.6	
611.76	10603	
611.95	6716	
612.14	6553.5	
612.33	8942.8	
612.52	8447.2	
612.71	7318.8	
612.9	6488	
613.09	8094.9	
613.28	10443	
613.47	6969.2	
613.66	8053.3	
613.85	9094.3	
614.04	8552.3	
614.24	7137.9	
614.43	6354.8	
614.62	9203.6	
614.81	9192	
615	7758.4	
615.19	7623.2	
615.38	8470.4	
615.57	8837	
615.76	7524.2	
615.95	8444.5	
616.14	9217.2	
616.33	8923.7	
616.52	7830.1	
616.71	8198	
616.9	9334	
617.09	9093	
617.28	7198.6	
617.47	8467	
617.66	8357.1	
617.85	8325	
618.04	8163.9	
618.22	7546.8	
618.41	8771.5	
618.6	9592.7	
618.79	7529	
618.98	7182.9	
619.17	10029	
619.36	8156.4	
619.55	7377.5	
619.74	7331.7	
619.93	9181	
620.12	8613.8	
620.31	7964.6	
620.5	8152.3	
620.69	9693	
620.88	10042	
621.07	8804.2	
621.26	7830.7	
621.45	9355.8	
621.64	9357.9	
621.83	7901.1	
622.02	7092.1	
622.21	9357.2	
622.4	9113.5	
622.59	8413.7	
622.78	8250.6	
622.97	8703.2	
623.16	9766.8	
623.35	7863.5	
623.54	6984.9	
623.72	8918.9	
623.91	9047.9	
624.1	8099	
624.29	6729.6	
624.48	10265	
624.67	9363.3	
624.86	7967.3	
625.05	7058	
625.24	10088	
625.43	8643.1	
625.62	9692.4	
625.81	7338.6	
626	9604.3	
626.19	8890.9	
626.38	7989.1	
626.56	7337.9	
626.75	8733.2	
626.94	9422.7	
627.13	7869.7	
627.32	6617	
627.51	9273.9	
627.7	10483	
627.89	6642.9	
628.08	7918.1	
628.27	8376.2	
628.46	8581	
628.65	7002.7	
628.83	6603.3	
629.02	9198.1	
629.21	8451.3	
629.4	7473	
629.59	7655.3	
629.78	8484.7	
629.97	9596.1	
630.16	7748.1	
630.35	7171.3	
630.54	9852.1	
630.72	9552.4	
630.91	7173.4	
631.1	7670.3	
631.29	8998.8	
631.48	9201.5	
631.67	7841	
631.86	7284.6	
632.05	8691.6	
632.24	8754.4	
632.42	6972.7	
632.61	7669	
632.8	8889.5	
632.99	8488.1	
633.18	7612.3	
633.37	7950.9	
633.56	9071.1	
633.75	8933.2	
633.93	7614.3	
634.12	7341.3	
634.31	9940.2	
634.5	9503.9	
634.69	7355.6	
634.88	7789.8	
635.07	8835.6	
635.25	9585.2	
635.44	8286.1	
635.63	8548.9	
635.82	8755.1	
636.01	8222.6	
636.2	8207.6	
636.39	7754.3	
636.57	9990.7	
636.76	9633.6	
636.95	7083.9	
637.14	8520.2	
637.33	9206.3	
637.52	10210	
637.7	6950.1	
637.89	7920.2	
638.08	8773.5	
638.27	10305	
638.46	7942.7	
638.65	8447.9	
638.83	10178	
639.02	8617.2	
639.21	7871.7	
639.4	8377.6	
639.59	9093	
639.78	8652	
639.96	7135.8	
640.15	7180.2	
640.34	8925	
640.53	9053.4	
640.72	6834.1	
640.91	7159	
641.09	8335.2	
641.28	9660.3	
641.47	7485.3	
641.66	8039	
641.85	9069.8	
642.03	9278	
642.22	7678.5	
642.41	7314.7	
642.6	8414.4	
642.79	7819.8	
642.97	6981.5	
643.16	7634.1	
643.35	8380.3	
643.54	8176.2	
643.73	6841.6	
643.91	7676.5	
644.1	8006.2	
644.29	8535.3	
644.48	6918.7	
644.67	6903	
644.85	8090.2	
645.04	8382.3	
645.23	6324.1	
645.42	6627.9	
645.6	7834.2	
645.79	9132.6	
645.98	6572.6	
646.17	5593.7	
646.36	7536.5	
646.54	8219.9	
646.73	7363.8	
646.92	6144.6	
647.11	7760.4	
647.29	8776.2	
647.48	6208.8	
647.67	6004.6	
647.86	9058.8	
648.05	9097.1	
648.23	6609.5	
648.42	7920.2	
648.61	8458.1	
648.8	8239.7	
648.98	6293.4	
649.17	6629.3	
649.36	7828.7	
649.55	7354.3	
649.73	6308.4	
649.92	7117.4	
650.11	7661.5	
650.3	8058.8	
650.48	6454.5	
650.67	6189	
650.86	8307.9	
651.05	7271.7	
651.23	6406	
651.42	6414.2	
651.61	7811.6	
651.79	7847.8	
651.98	6593.1	
652.17	6281.1	
652.36	8226.7	
652.54	7344.7	
652.73	6257.2	
652.92	6020.3	
653.11	8189.1	
653.29	8192.6	
653.48	5444.2	
653.67	6540.5	
653.85	7978.2	
654.04	9042.5	
654.23	6621.1	
654.42	6236.1	
654.6	7408.9	
654.79	8085.4	
654.98	5636	
655.16	6165.1	
655.35	6982.2	
655.54	7025.2	
655.73	5786.2	
655.91	5766.4	
656.1	8228.7	
656.29	7124.2	
656.47	5453.1	
656.66	7105.1	
656.85	7443	
657.03	7408.2	
657.22	5926.8	
657.41	6079.1	
657.59	7535.2	
657.78	7315.3	
657.97	5627.8	
658.16	6450.4	
658.34	8157.7	
658.53	8541.4	
658.72	7267.6	
658.9	7843	
659.09	7669.6	
659.28	7754.3	
659.46	6187.6	
659.65	6067.4	
659.84	7473	
660.02	7920.2	
660.21	6094.8	
660.4	5984.2	
660.58	8428.1	
660.77	7755.7	
660.96	6552.8	
661.14	5528.8	
661.33	8914.8	
661.52	8830.2	
661.7	5565	
661.89	9258.9	
662.08	7332.4	
662.26	6919.4	
662.45	5826.5	
662.64	6038.1	
662.82	8087.4	
663.01	7230.7	
663.2	5997.8	
663.38	6716.7	
663.57	7995.3	
663.75	7857.4	
663.94	6394.4	
664.13	7518.8	
664.31	7311.9	
664.5	8071	
664.69	6668.9	
664.87	7156.3	
665.06	7131.7	
665.25	7764.5	
665.43	7281.9	
665.62	7392.5	
665.8	8101.1	
665.99	7462.8	
666.18	6284.5	
666.36	6386.2	
666.55	8092.9	
666.74	8046.5	
666.92	5903.6	
667.11	7608.9	
667.29	7374.1	
667.48	8066.9	
667.67	7152.2	
667.85	6311.8	
668.04	7518.8	
668.22	7430.7	
668.41	6360.3	
668.6	6479.8	
668.78	7314.7	
668.97	7528.3	
669.15	6679.8	
669.34	5597.1	
669.53	7305.8	
669.71	7626	
669.9	5871.5	
670.08	6511.9	
670.27	7251.2	
670.46	7873.8	
670.64	6673.6	
670.83	6925.5	
671.01	7140.6	
671.2	7716.1	
671.38	5938.4	
671.57	5840.1	
671.76	8419.2	
671.94	9024	
672.13	5735.7	
672.31	6806.1	
672.5	8086.1	
672.69	7310.6	
672.87	5890.6	
673.06	6232.7	
673.24	7775.5	
673.43	7318.8	
673.61	6618.4	
673.8	6217	
673.98	8015.7	
674.17	8218.5	
674.36	6715.3	
674.54	6623.1	
674.73	7705.1	
674.91	7963.2	
675.1	6354.8	
675.28	5954.1	
675.47	7473.7	
675.65	8098.4	
675.84	6163	
676.03	6595.8	
676.21	7290.1	
676.4	6825.9	
676.58	7030.7	
676.77	6734.4	
676.95	8796.7	
677.14	7206.8	
677.32	5929.6	
677.51	5664	
677.69	8006.9	
677.88	6844.3	
678.06	5651.7	
678.25	5835.3	
678.44	7517.4	
678.62	7255.3	
678.81	5563	
678.99	6498.9	
679.18	8329.8	
679.36	7942	
679.55	6087.9	
679.73	6749.4	
679.92	7879.2	
680.1	7285.3	
680.29	7341.3	
680.47	6087.2	
680.66	7151.5	
680.84	8047.8	
681.03	5409.4	
681.21	6517.3	
681.4	7215	
681.58	7098.9	
681.77	5821	
681.95	5835.3	
682.14	8034.9	
682.32	8367.3	
682.51	6702.3	
682.69	5578.7	
682.88	7144.7	
683.06	7843.7	
683.25	6396.5	
683.43	6918	
683.62	7347.4	
683.8	7818.5	
683.99	6892.8	
684.17	6200.6	
684.36	8436.3	
684.54	7157	
684.73	5258.5	
684.91	5479.7	
685.1	7445	
685.28	6782.9	
685.46	5994.4	
685.65	6165.8	
685.83	7682.6	
686.02	7083.2	
686.2	5570.5	
686.39	5796.4	
686.57	6783.6	
686.76	8410.3	
686.94	5623	
687.13	5736.4	
687.31	7636.9	
687.5	7060.7	
687.68	5158.8	
687.86	6458.6	
688.05	8846.5	
688.23	6546	
688.42	6500.3	
688.6	5655.8	
688.79	6988.4	
688.97	6956.9	
689.16	6070.2	
689.34	4960.2	
689.52	7684.7	
689.71	7895.6	
689.89	6287.3	
690.08	5574.6	
690.26	7208.8	
690.45	6995.2	
690.63	6464.8	
690.81	5748	
691	6931	
691.18	6772.6	
691.37	5847	
691.55	8009.6	
691.74	6720.8	
691.92	8794	
692.1	5885.9	
692.29	5261.2	
692.47	7028.6	
692.66	6264.1	
692.84	5533.6	
693.02	6095.4	
693.21	6467.5	
693.39	6992.4	
693.58	6228.6	
693.76	5581.4	
693.94	8359.8	
694.13	8116.8	
694.31	5659.2	
694.5	6720.8	
694.68	6882.5	
694.86	7261.4	
695.05	6069.5	
695.23	6121.4	
695.42	7634.1	
695.6	10012	
695.78	6650.4	
695.97	5666	
696.15	7637.6	
696.34	6951.5	
696.52	5459.9	
696.7	6226.5	
696.89	7385	
697.07	6750.8	
697.25	6111.8	
697.44	7685.3	
697.62	7206.1	
697.81	7589.1	
697.99	5843.5	
698.17	6368.5	
698.36	6653.9	
698.54	7323.5	
698.72	6167.1	
698.91	5174.5	
699.09	6955.6	
699.28	6786.3	
699.46	5831.9	
699.64	5668.1	
699.83	6658.6	
700.01	8025.3	
700.19	6511.2	
700.38	5036.6	
700.56	7970.7	
700.74	6922.1	
700.93	5393	
701.11	6219.7	
701.29	7503.1	
701.48	8510	
701.66	5636	
701.84	5730.9	
702.03	7060	
702.21	7701.7	
702.39	5219.6	
702.58	5788.9	
702.76	7357	
702.94	7456.7	
703.13	5274.2	
703.31	7651.2	
703.49	6748.7	
703.68	7693.5	
703.86	5464.7	
704.04	6528.2	
704.23	7233.4	
704.41	7639.6	
704.59	5591	
704.78	6932.4	
704.96	8380.3	
705.14	7775.5	
705.33	5469.4	
705.51	6303	
705.69	7145.4	
705.87	7919.5	
706.06	6571.2	
706.24	5440.8	
706.42	7462.8	
706.61	7768.6	
706.79	6598.6	
706.97	5448.3	
707.16	6895.5	
707.34	7523.6	
707.52	6505	
707.7	5687.9	
707.89	6984.3	
708.07	6744	
708.25	6631.3	
708.44	6682.5	
708.62	7025.9	
708.8	8189.1	
708.98	6852.5	
709.17	5730.9	
709.35	7428.7	
709.53	7402.7	
709.72	5485.1	
709.9	5640.8	
710.08	7669.6	
710.26	7699	
710.45	7181.5	
710.63	5759.6	
710.81	7313.3	
710.99	7292.8	
711.18	6457.9	
711.36	5914.5	
711.54	7133.1	
711.72	7879.9	
711.91	5922	
712.09	5373.2	
712.27	7280.5	
712.45	8105.9	
712.64	6136.4	
712.82	5151.3	
713	6580.1	
713.18	6740.5	
713.37	5212.8	
713.55	6349.4	
713.73	7582.9	
713.91	6092.7	
714.1	5477.6	
714.28	4880.3	
714.46	7107.8	
714.64	6261.3	
714.83	4296.6	
715.01	5145.2	
715.19	6326.9	
715.37	5770.5	
715.55	4866	
715.74	5251	
715.92	7337.9	
716.1	5260.5	
716.28	6293.4	
716.47	5350.7	
716.65	6068.8	
716.83	6051.7	
717.01	5155.4	
717.19	5285.1	
717.38	8250.6	
717.56	5855.8	
717.74	5515.2	
717.92	4662.5	
718.1	7150.8	
718.29	6375.3	
718.47	4373.8	
718.65	5120.6	
718.83	7108.5	
719.01	6973.3	
719.2	4259.1	
719.38	5330.2	
719.56	6675	
719.74	8227.4	
719.92	4904.9	
720.11	5907.7	
720.29	6717.3	
720.47	5829.9	
720.65	4364.9	
720.83	5229.8	
721.02	6065.4	
721.2	5859.2	
721.38	5337	
721.56	4559.5	
721.74	5396.4	
721.92	5651.7	
722.11	5874.9	
722.29	5529.5	
722.47	6899.6	
722.65	6104.3	
722.83	4562.9	
723.01	5535.7	
723.2	6180.1	
723.38	6472.9	
723.56	4040.6	
723.74	5195.7	
723.92	5674.9	
724.1	6836.8	
724.29	4496.7	
724.47	5754.1	
724.65	5715.9	
724.83	5659.9	
725.01	4435.2	
725.19	5377.3	
725.37	5744.6	
725.56	5815.5	
725.74	4288.4	
725.92	4574.5	
726.1	5660.6	
726.28	5958.2	
726.46	5025	
726.64	4724	
726.83	5941.2	
727.01	6266.8	
727.19	4300.7	
727.37	5154.1	
727.55	6078.4	
727.73	6645	
727.91	4272.7	
728.09	4117.1	
728.28	6675.7	
728.46	7357	
728.64	5402.5	
728.82	5386.8	
729	7886.7	
729.18	7091.4	
729.36	4516.5	
729.54	6900.3	
729.72	8152.3	
729.91	6434.7	
730.09	6647	
730.27	5276.9	
730.45	6370.5	
730.63	7000	
730.81	5935.7	
730.99	4984.8	
731.17	7583.6	
731.35	6047.7	
731.53	5528.8	
731.71	5069.4	
731.9	7192.5	
732.08	7460.1	
732.26	5401.9	
732.44	5064.6	
732.62	7481.9	
732.8	6957.6	
732.98	5836.7	
733.16	4836.6	
733.34	6976.7	
733.52	5721.3	
733.7	5344.5	
733.88	5707.7	
734.07	6824.5	
734.25	6605.4	
734.43	4786.1	
734.61	6451.1	
734.79	8106.5	
734.97	6574.7	
735.15	4999.1	
735.33	5373.2	
735.51	6817.7	
735.69	6512.5	
735.87	6554.2	
736.05	5685.8	
736.23	6673.6	
736.41	6486.6	
736.59	5485.1	
736.77	5553.4	
736.95	7215	
737.13	6660	
737.32	5173.9	
737.5	5354.8	
737.68	7783.6	
737.86	6533.7	
738.04	4924.7	
738.22	6828.6	
738.4	6397.9	
738.58	6684.6	
738.76	5667.4	
738.94	4573.1	
739.12	6563.7	
739.3	6428.6	
739.48	6292.7	
739.66	6038.1	
739.84	6787.7	
740.02	6834.1	
740.2	4688.5	
740.38	5083.1	
740.56	7225.9	
740.74	6038.1	
740.92	5756.8	
741.1	5672.2	
741.28	6688.7	
741.46	6535.8	
741.64	5248.9	
741.82	5811.5	
742	6680.5	
742.18	6683.2	
742.36	5522.7	
742.54	5119.2	
742.72	7301	
742.9	5993.7	
743.08	6018.3	
743.26	4693.3	
743.44	7481.9	
743.62	7370.6	
743.8	6164.4	
743.98	5159.5	
744.16	6997.2	
744.34	6742.6	
744.52	6001.9	
744.7	6001.9	
744.88	7143.3	
745.06	6667.5	
745.24	6019.7	
745.42	6120.7	
745.6	7237.5	
745.78	6987	
745.96	4844.8	
746.14	5210	
746.32	8032.1	
746.5	7250.5	
746.68	5788.2	
746.86	5195.7	
747.03	7696.3	
747.21	6022.4	
747.39	5694.7	
747.57	5141.1	
747.75	6869.6	
747.93	7277.1	
748.11	5229.1	
748.29	5188.2	
748.47	8465.6	
748.65	6515.3	
748.83	5911.1	
749.01	5652.4	
749.19	7127.6	
749.37	6203.3	
749.55	5479.7	
749.73	5570.5	
749.91	6790.4	
750.09	6440.9	
750.26	5640.8	
750.44	5012.1	
750.62	6860.7	
750.8	6820.4	
750.98	4902.8	
751.16	5230.5	
751.34	6881.9	
751.52	6221	
751.7	6047.7	
751.88	4856.4	
752.06	7344.7	
752.24	7081.2	
752.42	4883	
752.59	5191.6	
752.77	6627.2	
752.95	7958.4	
753.13	5950.7	
753.31	5347.2	
753.49	6380.8	
753.67	6883.2	
753.85	5653.8	
754.03	5246.9	
754.21	7145.4	
754.38	7531.7	
754.56	5341.1	
754.74	4377.9	
754.92	6303	
755.1	7025.2	
755.28	4297.3	
755.46	4143.7	
755.64	7563.8	
755.82	7543.4	
755.99	4343.7	
756.17	4481.6	
756.35	4950.6	
756.53	6558.3	
756.71	3229	
756.89	4205.2	
757.07	6130.3	
757.25	5236	
757.42	4818.9	
757.6	5793	
757.78	6318	
757.96	5265.3	
758.14	4510.3	
758.32	4050.2	
758.5	4749.2	
758.67	5653.8	
758.85	4267.3	
759.03	4476.2	
759.21	5735	
759.39	5238.7	
759.57	3955.3	
759.75	5094	
759.92	6522.8	
760.1	5750.7	
760.28	5518.6	
760.46	5723.4	
760.64	5598.5	
760.82	5248.9	
760.99	5410.1	
761.17	4573.8	
761.35	6470.2	
761.53	5442.1	
761.71	4683.7	
761.89	5410.7	
762.06	6407.4	
762.24	5896.8	
762.42	4883	
762.6	4624.3	
762.78	5994.4	
762.96	6662.7	
763.13	5319.3	
763.31	4941.7	
763.49	6885.3	
763.67	5982.1	
763.85	5855.8	
764.02	6498.9	
764.2	7105.8	
764.38	6291.4	
764.56	4912.4	
764.74	5812.8	
764.91	7253.2	
765.09	6170.5	
765.27	4642.1	
765.45	4382.7	
765.63	7361.1	
765.8	7180.9	
765.98	4108.9	
766.16	4443.4	
766.34	5720.7	
766.52	5438.7	
766.69	5435.3	
766.87	4290.5	
767.05	6128.2	
767.23	6860.7	
767.41	4646.8	
767.58	4833.2	
767.76	6681.8	
767.94	6731	
768.12	4674.1	
768.29	5614.8	
768.47	6172.6	
768.65	6939.2	
768.83	4347.2	
769	5489.2	
769.18	5717.2	
769.36	6462	
769.54	5499.5	
769.72	4390.8	
769.89	6687.3	
770.07	6840.9	
770.25	4676.9	
770.43	5942.5	
770.6	7516	
770.78	8031.5	
770.96	4917.2	
771.14	5507	
771.31	6543.3	
771.49	5890.6	
771.67	3961.5	
771.85	4268.6	
772.02	5153.4	
772.2	5937.7	
772.38	4934.9	
772.55	4524	
772.73	6272.2	
772.91	5969.1	
773.09	4818.2	
773.26	4915.1	
773.44	6145.3	
773.62	5828.5	
773.8	4307.6	
773.97	4043.4	
774.15	6242.9	
774.33	5765	
774.5	4206.5	
774.68	4622.9	
774.86	6374.6	
775.04	5806	
775.21	4278.2	
775.39	4276.8	
775.57	6108.4	
775.74	6470.2	
775.92	4165.6	
776.1	4061.1	
776.27	6112.5	
776.45	7339.9	
776.63	4278.9	
776.81	3764.8	
776.98	5673.6	
777.16	6864.8	
777.34	4388.1	
777.51	4347.8	
777.69	5613.5	
777.87	5406	
778.04	4431.8	
778.22	5087.2	
778.4	5408.7	
778.57	6129.6	
778.75	3639.2	
778.93	3964.9	
779.1	5220.3	
779.28	5070.1	
779.46	3619.4	
779.64	4144.4	
779.81	6272.9	
779.99	7196.6	
780.17	5026.4	
780.34	5141.1	
780.52	5672.9	
780.69	5928.9	
780.87	4553.3	
781.05	3981.9	
781.22	5732.9	
781.4	5838.8	
781.58	4152.6	
781.75	3297.9	
781.93	5760.9	
782.11	5123.3	
782.28	5091.9	
782.46	4129.4	
782.64	5005.2	
782.81	6012.2	
782.99	4181.3	
783.17	4190.8	
783.34	5805.3	
783.52	5036	
783.69	4386.7	
783.87	5184.1	
784.05	5075.5	
784.22	5117.2	
784.4	5251	
784.58	4467.3	
784.75	6047.7	
784.93	5131.5	
785.1	4133.5	
785.28	4746.5	
785.46	5769.8	
785.63	5074.2	
785.81	4098.7	
785.99	3908.2	
786.16	5261.9	
786.34	5560.2	
786.51	3983.3	
786.69	4384.7	
786.87	4799.1	
787.04	5375.2	
787.22	3791.5	
787.39	4816.8	
787.57	5076.2	
787.75	6264.7	
787.92	4997.7	
788.1	4960.9	
788.27	5104.2	
788.45	4872.8	
788.63	4642.1	
788.8	3345.7	
788.98	5487.2	
789.15	4773.8	
789.33	3417.4	
789.5	4144.4	
789.68	6056.5	
789.86	6185.5	
790.03	4496	
790.21	4000.4	
790.38	5999.2	
790.56	5236	
790.73	3842	
790.91	3865.9	
791.09	5083.1	
791.26	5911.1	
791.44	4115.7	
791.61	3496.6	
791.79	5085.8	
791.96	5122.7	
792.14	3635.1	
792.32	3203	
792.49	5059.8	
792.67	5222.3	
792.84	3721.8	
793.02	3476.8	
793.19	5538.4	
793.37	6275.7	
793.54	3217.4	
793.72	3554.6	
793.89	6425.8	
794.07	5079	
794.25	4223.6	
794.42	3287	
794.6	6235.4	
794.77	5757.5	
794.95	4498	
795.12	3878.9	
795.3	5045.5	
795.47	5693.4	
795.65	4322.6	
795.82	4091.2	
796	4856.4	
796.17	6843.6	
796.35	3887.7	
796.52	4626.4	
796.7	5621.7	
796.87	5717.9	
797.05	4940.4	
797.22	4887.1	
797.4	5652.4	
797.57	6698.2	
797.75	4063.9	
797.92	3865.2	
798.1	5985.5	
798.27	5026.4	
798.45	3248.1	
798.62	3530.7	
798.8	5366.4	
798.97	5934.3	
799.15	4382.7	
799.32	4132.1	
799.5	4595	
799.67	5423.7	
799.85	4416.1	
800.02	3207.1	
800.2	4976.6	
800.37	5345.9	
800.55	4596.3	
800.72	3891.1	
800.9	5830.6	
801.07	6323.4	
801.25	5223.7	
801.42	4191.5	
801.6	5855.1	
801.77	5572.5	
801.95	3975.8	
802.12	3768.3	
802.29	5579.3	
802.47	5595.1	
802.64	4199	
802.82	3202.3	
802.99	4998.4	
803.17	6049.7	
803.34	4178.5	
803.52	3704.8	
803.69	6649.8	
803.87	4749.9	
804.04	4116.4	
804.21	4158.1	
804.39	6104.3	
804.56	5199.1	
804.74	3464.5	
804.91	4240.7	
805.09	5025.7	
805.26	5153.4	
805.44	3524.6	
805.61	3913	
805.78	5747.3	
805.96	5772.5	
806.13	4248.9	
806.31	4605.9	
806.48	4551.3	
806.66	5045.5	
806.83	4200.4	
807	4162.2	
807.18	5008	
807.35	5377.3	
807.53	4106.2	
807.7	3308.2	
807.87	6167.8	
808.05	5120.6	
808.22	4609.3	
808.4	3275.4	
808.57	5111	
808.74	4681.7	
808.92	3749.1	
809.09	4874.2	
809.27	4887.1	
809.44	5552	
809.61	3331.4	
809.79	3702.7	
809.96	6193.1	
810.14	5821.7	
810.31	3208.5	
810.48	3966.9	
810.66	5130.2	
810.83	5951.4	
811.01	3751.2	
811.18	4179.2	
811.35	5840.8	
811.53	4490.5	
811.7	4602.5	
811.87	4241.3	
812.05	5076.2	
812.22	4999.1	
812.39	3622.2	
812.57	3531.4	
812.74	5134.9	
812.92	6784.9	
813.09	3892.5	
813.26	4342.4	
813.44	6498.9	
813.61	5015.5	
813.78	3306.8	
813.96	4420.2	
814.13	5136.3	
814.3	4784.7	
814.48	4792.2	
814.65	3994.9	
814.82	6318.7	
815	4840.7	
815.17	4000.4	
815.34	4969.7	
815.52	4980.7	
815.69	4997	
815.87	4037.2	
816.04	3456.3	
816.21	5085.1	
816.38	4440.7	
816.56	3914.4	
816.73	3666.5	
816.9	6428.6	
817.08	5871.5	
817.25	3638.6	
817.42	4661.2	
817.6	4633.9	
817.77	5143.8	
817.94	4169	
818.12	3622.2	
818.29	4829.8	
818.46	7604.8	
818.64	3812	
818.81	3576.4	
818.98	4695.3	
819.16	6910.5	
819.33	4347.2	
819.5	4055.7	
819.67	5412.8	
819.85	6121.4	
820.02	3992.9	
820.19	4218.8	
820.37	5300.1	
820.54	4840.7	
820.71	4076.8	
820.88	5196.4	
821.06	5317.2	
821.23	4885.1	
821.4	4123.2	
821.58	4101.4	
821.75	5777.3	
821.92	5210	
822.09	3312.2	
822.27	3439.2	
822.44	5047.6	
822.61	5007.3	
822.79	3364.1	
822.96	6443.6	
823.13	5580	
823.3	4773.1	
823.48	3921.2	
823.65	3506.8	
823.82	5754.1	
823.99	4662.5	
824.17	4906.3	
824.34	3542.3	
824.51	6673.6	
824.68	5140.4	
824.86	3689.1	
825.03	4123.2	
825.2	5075.5	
825.37	6250.4	
825.55	3635.1	
825.72	4061.1	
825.89	6735.8	
826.06	6260	
826.24	4031.8	
826.41	4042.7	
826.58	6170.5	
826.75	5403.9	
826.92	3094.5	
827.1	3454.2	
827.27	8416.5	
827.44	6711.2	
827.61	3772.4	
827.79	4605.2	
827.96	4852.3	
828.13	5171.8	
828.3	3960.8	
828.47	3312.2	
828.65	5302.9	
828.82	5236.7	
828.99	5122.7	
829.16	4495.3	
829.34	5671.5	
829.51	5440.8	
829.68	4102.8	
829.85	4278.2	
830.02	5940.5	
830.2	5710.4	
830.37	3159.3	
830.54	4937	
830.71	6450.4	
830.88	5081	
831.05	3239.2	
831.23	3744.4	
831.4	6296.1	
831.57	7020.4	
831.74	3783.3	
831.91	3336.8	
832.09	5304.2	
832.26	5729.5	
832.43	3934.8	
832.6	4437.3	
832.77	5315.8	
832.94	6081.8	
833.12	3145.7	
833.29	3879.5	
833.46	4930.1	
833.63	7173.4	
833.8	4277.5	
833.97	3945.1	
834.15	5716.6	
834.32	5450.3	
834.49	4072	
834.66	4131.4	
834.83	5879.7	
835	4799.1	
835.17	3801	
835.35	3849.5	
835.52	5645.6	
835.69	5479.7	
835.86	4012.7	
836.03	3293.8	
836.2	5664.7	
836.37	5309	
836.55	3958.7	
836.72	3710.9	
836.89	5225.7	
837.06	5683.1	
837.23	4022.2	
837.4	4363.5	
837.57	6464.1	
837.75	7296.2	
837.92	3598.3	
838.09	3807.9	
838.26	5264	
838.43	6004	
838.6	4134.8	
838.77	3677.5	
838.94	6799.9	
839.11	6530.3	
839.29	3954.6	
839.46	3054.2	
839.63	5683.8	
839.8	5417.6	
839.97	3773.7	
840.14	3817.4	
840.31	5434.6	
840.48	5681.7	
840.65	3145.7	
840.82	3777.1	
841	5664.7	
841.17	5648.3	
841.34	3524.6	
841.51	3608.5	
841.68	5582.8	
841.85	5380.7	
842.02	3637.2	
842.19	3031	
842.36	5412.8	
842.53	5395.7	
842.7	3536.2	
842.87	4330.8	
843.05	7124.2	
843.22	5409.4	
843.39	3349.8	
843.56	3620.8	
843.73	5173.2	
843.9	5754.8	
844.07	5754.8	
844.24	4731.5	
844.41	8443.8	
844.58	4973.2	
844.75	3368.9	
844.92	3708.2	
845.09	5694	
845.26	5663.3	
845.43	3506.1	
845.6	3678.2	
845.77	5687.9	
845.94	5343.2	
846.12	3894.6	
846.29	4132.1	
846.46	5864.7	
846.63	5643.5	
846.8	3510.2	
846.97	4119.1	
847.14	6113.2	
847.31	5597.8	
847.48	3945.1	
847.65	4304.8	
847.82	5949.3	
847.99	5925.5	
848.16	4618.9	
848.33	4341.7	
848.5	5270.8	
848.67	6147.3	
848.84	3465.8	
849.01	3631.7	
849.18	5074.2	
849.35	4739	
849.52	4371.7	
849.69	3440.6	
849.86	5843.5	
850.03	6144.6	
850.2	3519.1	
850.37	4284.4	
850.54	6003.3	
850.71	5347.2	
850.88	4232.5	
851.05	3415.3	
851.22	5523.4	
851.39	6170.5	
851.56	3277.4	
851.73	3994.9	
851.9	4946.5	
852.07	5942.5	
852.24	3902.7	
852.41	3416	
852.58	5511.8	
852.75	5059.2	
852.92	3862.5	
853.09	3445.4	
853.26	5306.3	
853.43	6124.8	
853.6	3508.2	
853.77	2938.8	
853.94	6266.8	
854.11	5661.3	
854.28	5190.2	
854.44	3768.9	
854.61	6619.7	
854.78	5724.8	
854.95	3453.6	
855.12	4397	
855.29	4572.4	
855.46	6405.4	
855.63	3451.5	
855.8	4826.4	
855.97	5212.1	
856.14	5995.8	
856.31	4996.4	
856.48	3779.9	
856.65	5237.3	
856.82	4967.7	
856.99	3300.6	
857.16	3782.6	
857.33	6968.6	
857.49	5335.6	
857.66	3765.5	
857.83	4079.6	
858	5331.5	
858.17	5449	
858.34	3276.1	
858.51	3506.8	
858.68	6400.6	
858.85	6421.1	
859.02	4031.8	
859.19	4280.9	
859.36	4910.3	
859.52	5031.9	
859.69	3530.7	
859.86	4106.9	
860.03	5074.9	
860.2	6231.3	
860.37	3159.3	
860.54	3527.3	
860.71	5898.8	
860.88	6245.6	
861.05	3934.8	
861.21	4341.7	
861.38	6394.4	
861.55	4842.8	
861.72	3193.5	
861.89	3895.9	
862.06	5971.2	
862.23	6503.7	
862.4	3356.6	
862.56	3611.3	
862.73	5806	
862.9	5409.4	
863.07	4097.3	
863.24	3151.1	
863.41	4810	
863.58	5013.4	
863.75	3577.8	
863.91	4024.3	
864.08	6259.3	
864.25	5909.8	
864.42	4330.1	
864.59	4863.9	
864.76	6651.1	
864.93	4973.2	
865.09	3396.9	
865.26	3702.7	
865.43	6183.5	
865.6	6580.8	
865.77	3035.8	
865.94	3397.6	
866.1	6189	
866.27	5978	
866.44	5225.7	
866.61	3306.1	
866.78	5413.5	
866.95	5832.6	
867.11	3328.6	
867.28	3069.9	
867.45	6053.8	
867.62	5003.9	
867.79	4007.9	
867.96	3484.3	
868.12	4962.9	
868.29	5972.6	
868.46	3506.8	
868.63	4664.6	
868.8	6107.7	
868.97	5878.4	
869.13	3614	
869.3	3601	
869.47	5791	
869.64	6012.8	
869.81	3505.4	
869.97	3497.9	
870.14	5635.3	
870.31	6363	
870.48	3372.3	
870.65	4422.2	
870.81	5322	
870.98	5242.8	
871.15	3968.3	
871.32	3622.2	
871.48	5742.5	
871.65	6371.2	
871.82	3439.9	
871.99	3801	
872.16	6852.5	
872.32	6269.5	
872.49	3479.5	
872.66	3533.4	
872.83	5927.5	
872.99	5120.6	
873.16	3958.7	
873.33	3432.4	
873.5	5543.9	
873.67	5550	
873.83	3662.5	
874	4729.4	
874.17	5622.4	
874.34	6768.5	
874.5	4506.2	
874.67	4315.1	
874.84	6374	
875.01	4939	
875.17	4943.8	
875.34	3445.4	
875.51	5533.6	
875.68	6778.8	
875.84	4234.5	
876.01	5081	
876.18	5869.5	
876.34	5812.8	
876.51	3485.6	
876.68	3431	
876.85	5318.6	
877.01	6169.8	
877.18	4922	
877.35	3469.9	
877.52	5508.4	
877.68	4874.2	
877.85	3378.5	
878.02	3426.3	
878.18	5422.3	
878.35	5162.9	
878.52	2788	
878.69	3915	
878.85	5905	
879.02	5844.2	
879.19	4987.5	
879.35	3756	
879.52	5822.4	
879.69	6080.4	
879.86	2998.9	
880.02	3874.1	
880.19	5384.8	
880.36	6653.2	
880.52	3966.2	
880.69	4121.9	
880.86	5913.2	
881.02	6121.4	
881.19	3808.5	
881.36	3755.3	
881.52	5814.9	
881.69	5143.8	
881.86	3772.4	
882.02	3648.1	
882.19	6117.3	
882.36	7219.1	
882.52	3566.2	
882.69	4882.4	
882.86	5587.5	
883.02	5538.4	
883.19	4221.5	
883.36	4063.2	
883.52	5974.6	
883.69	6807.4	
883.86	3507.5	
884.02	3140.2	
884.19	5920.7	
884.36	5470.8	
884.52	3932.8	
884.69	3716.4	
884.86	5184.1	
885.02	6554.2	
885.19	3876.8	
885.36	4048.8	
885.52	5484.5	
885.69	5638.7	
885.86	5094	
886.02	4464.6	
886.19	5942.5	
886.35	5388.2	
886.52	3790.8	
886.69	4842.8	
886.85	4982.7	
887.02	6248.4	
887.19	6248.4	
887.35	6248.4	
887.52	6248.4	
887.68	6248.4	
887.85	6248.4	
888.02	6248.4	
888.18	6248.4	
888.35	6248.4	
888.51	6248.4	
888.68	6248.4	
888.85	6248.4	
889.01	6248.4	
889.18	6248.4	
889.35	6248.4	
889.51	6248.4	
889.68	6248.4	
889.84	6248.4	
890.01	6248.4	
890.17	6248.4	
890.34	6248.4	
890.51	6248.4	
890.67	6248.4	
890.84	6248.4	
891	6248.4	
891.17	6248.4	
891.34	6248.4	
891.5	6248.4	
891.67	6248.4	
891.83	6248.4	
892	6248.4	
892.16	6248.4	
892.33	6248.4	
892.5	6248.4	
892.66	6248.4	
892.83	6248.4	
892.99	6248.4	
893.16	6248.4	
893.32	6248.4	
893.49	6248.4	
893.65	6248.4	
893.82	6248.4	
893.99	6248.4	
894.15	6248.4	
894.32	6248.4	
894.48	6248.4	
894.65	6248.4	
894.81	6248.4	
894.98	6248.4	
895.14	6248.4	
895.31	6248.4	
895.47	6248.4	
895.64	6248.4	
895.81	6248.4	
895.97	6248.4	
896.14	6248.4	
896.3	6248.4	
896.47	6248.4	
896.63	6248.4	
896.8	6248.4	
896.96	6248.4	
897.13	6248.4	
897.29	6248.4	
897.46	6248.4	
897.62	6248.4	
897.79	6248.4	
897.95	6248.4	
898.12	6248.4	
898.28	6248.4	
898.45	6248.4	
898.61	6248.4	
898.78	6248.4	
898.94	6248.4	
899.11	6248.4	
899.27	6248.4	
899.44	6248.4	
899.6	6248.4	
899.77	6248.4	
899.93	6248.4	
900.1	6248.4	
900.26	6248.4	
900.43	6248.4	
900.59	6248.4	
900.76	6248.4	
900.92	6248.4	
901.09	6248.4	
901.25	6248.4	
901.42	6248.4	
901.58	6248.4	
901.75	6248.4	
901.91	6248.4	
902.07	6248.4	
902.24	6248.4	
902.4	6248.4	
902.57	6248.4	
902.73	6248.4	
902.9	6248.4	
903.06	6248.4	
903.23	6248.4	
903.39	6248.4	
903.56	6248.4	
903.72	6248.4	
903.88	6248.4	
904.05	6248.4	
904.21	6248.4	
904.38	6248.4	
904.54	6248.4	
904.71	6248.4	
904.87	6248.4	
905.03	6248.4	
905.2	6248.4	
905.36	6248.4	
905.53	6248.4	
905.69	6248.4	
905.86	6248.4	
906.02	6248.4	
906.18	6248.4	
906.35	6248.4	
906.51	6248.4	
906.68	6248.4	
906.84	6248.4	
907.01	6248.4	
907.17	6248.4	
907.33	6248.4	
907.5	6248.4	
907.66	6248.4	
907.83	6248.4	
907.99	6248.4	
908.15	6248.4	
908.32	6248.4	
908.48	6248.4	
908.65	6248.4	
908.81	6248.4	
908.97	6248.4	
909.14	6248.4	
909.3	6248.4	
909.47	6248.4	
909.63	6248.4	
909.79	6248.4	
909.96	6248.4	
910.12	6248.4	
910.28	6248.4	
910.45	6248.4	
910.61	6248.4	
910.78	6248.4	
910.94	6248.4	
911.1	6248.4	
911.27	6248.4	
911.43	6248.4	
911.59	6248.4	
911.76	6248.4	
911.92	6248.4	
912.08	6248.4	
912.25	6248.4	
912.41	6248.4	
912.57	6248.4	
912.74	6248.4	
912.9	6248.4	
913.07	6248.4	
913.23	6248.4	
913.39	6248.4	
913.56	6248.4	
913.72	6248.4	
913.88	6248.4	
914.05	6248.4	
914.21	6248.4	
914.37	6248.4	
914.54	6248.4	
914.7	6248.4	
914.86	6248.4	
915.03	6248.4	
915.19	6248.4	
