Wavelength	Intensities	
nm	a.u.	
179.22	1571.5	
179.44	1564	
179.65	1579	
179.86	1548.9	
180.08	1561.2	
180.29	3409.2	
180.51	2702.6	
180.72	4625.7	
180.94	5020.3	
181.15	2412.5	
181.37	2454.1	
181.58	4367	
181.79	4545.8	
182.01	2577.7	
182.22	2615.9	
182.44	4629.8	
182.65	4062.5	
182.87	3137.5	
183.08	2894.5	
183.29	4846.9	
183.51	4088.4	
183.72	2667.1	
183.94	3562.8	
184.15	4375.1	
184.37	4306.9	
184.58	2422.1	
184.79	3012.6	
185.01	4170.3	
185.22	4724.7	
185.44	3119.1	
185.65	2805.7	
185.86	4440.7	
186.08	4132.1	
186.29	2455.5	
186.51	2533.3	
186.72	4202.4	
186.94	4715.1	
187.15	2851.5	
187.36	2831.7	
187.58	5694.7	
187.79	4440.7	
188.01	2893.1	
188.22	4310.3	
188.43	5087.8	
188.65	4580.6	
188.86	2527.2	
189.08	2931.3	
189.29	4233.2	
189.5	4230.4	
189.72	2665.8	
189.93	2719	
190.15	4689.8	
190.36	5239.4	
190.57	2883.5	
190.79	2784.6	
191	4749.2	
191.22	4685.1	
191.43	2914.9	
191.64	2557.2	
191.86	4882.4	
192.07	4713.7	
192.29	2552.5	
192.5	2630.3	
192.71	4780	
192.93	4296.6	
193.14	2627.5	
193.35	2725.2	
193.57	4220.2	
193.78	4749.9	
194	2300.6	
194.21	2626.9	
194.42	4118.5	
194.64	4333.5	
194.85	2852.8	
195.07	3237.8	
195.28	4314.4	
195.49	3962.8	
195.71	3373	
195.92	2504.7	
196.13	4573.8	
196.35	4513	
196.56	3478.8	
196.78	2840.5	
196.99	5365.7	
197.2	4981.3	
197.42	3123.2	
197.63	2883.5	
197.84	4091.2	
198.06	4507.6	
198.27	2691.7	
198.48	3332.7	
198.7	4255.7	
198.91	4416.8	
199.13	2869.9	
199.34	2897.9	
199.55	4763.6	
199.77	3853.6	
199.98	2578.4	
200.19	2876.7	
200.41	4383.3	
200.62	4144.4	
200.83	2970.2	
201.05	3134.1	
201.26	4367.6	
201.47	4209.9	
201.69	2654.2	
201.9	2566.8	
202.11	4373.1	
202.33	4960.2	
202.54	2780.5	
202.76	3013.9	
202.97	4366.3	
203.18	4506.2	
203.4	2961.4	
203.61	3011.9	
203.82	4429.1	
204.04	4174.4	
204.25	2894.5	
204.46	2843.3	
204.68	4280.9	
204.89	4534.9	
205.1	2769.5	
205.32	2481.5	
205.53	4614.8	
205.74	4706.9	
205.96	2246.6	
206.17	2884.9	
206.38	4571.7	
206.6	4706.2	
206.81	3112.9	
207.02	2727.2	
207.24	4517.1	
207.45	4773.1	
207.66	2794.1	
207.88	2506.7	
208.09	4465.3	
208.3	4346.5	
208.52	2600.9	
208.73	2759.3	
208.94	4368.3	
209.15	4791.6	
209.37	2736.1	
209.58	2880.1	
209.79	4690.5	
210.01	4278.2	
210.22	2334.7	
210.43	2501.9	
210.65	4315.8	
210.86	4542.4	
211.07	2733.4	
211.29	2594.8	
211.5	4500.8	
211.71	4341	
211.93	2620	
212.14	2640.5	
212.35	4337.6	
212.56	4335.5	
212.78	2914.3	
212.99	2448.7	
213.2	4928.1	
213.42	4282.3	
213.63	2662.4	
213.84	2777.7	
214.06	4054.3	
214.27	4061.8	
214.48	2756.6	
214.69	2938.8	
214.91	4804.5	
215.12	4816.1	
215.33	2848	
215.55	3056.9	
215.76	5156.1	
215.97	4563.6	
216.18	2798.9	
216.4	2790	
216.61	4134.8	
216.82	4629.8	
217.04	2634.4	
217.25	2710.1	
217.46	4806.6	
217.67	4602.5	
217.89	2391.3	
218.1	2480.8	
218.31	4454.3	
218.53	4502.1	
218.74	2797.5	
218.95	2652.1	
219.16	4364.2	
219.38	4963.6	
219.59	2616.6	
219.8	3024.2	
220.01	5210.7	
220.23	4375.8	
220.44	3205.1	
220.65	2577	
220.87	4437.3	
221.08	4772.4	
221.29	2535.4	
221.5	3059	
221.72	5470.1	
221.93	4145.8	
222.14	2861.7	
222.35	3304.7	
222.57	4345.8	
222.78	4640.7	
222.99	2831	
223.2	2926.5	
223.42	4542.4	
223.63	4625.7	
223.84	2239.1	
224.05	2257.5	
224.27	5095.3	
224.48	4909	
224.69	3320.4	
224.9	2887.6	
225.12	4522.6	
225.33	4336.2	
225.54	2398.9	
225.75	2650.8	
225.97	4136.2	
226.18	4271.4	
226.39	2740.2	
226.6	2616.6	
226.82	4239.3	
227.03	4149.2	
227.24	2856.2	
227.45	2479.4	
227.67	4672.1	
227.88	4883	
228.09	3157.3	
228.3	3097.2	
228.52	4558.8	
228.73	4349.2	
228.94	2693.1	
229.15	2491.7	
229.36	4355.3	
229.58	4350.6	
229.79	2768.2	
230	3039.9	
230.21	5030.5	
230.43	4345.8	
230.64	2825.5	
230.85	2916.3	
231.06	4689.8	
231.28	4668	
231.49	2516.3	
231.7	2857.6	
231.91	4625.7	
232.12	4335.5	
232.34	2605	
232.55	2773.6	
232.76	4711	
232.97	4424.3	
233.18	2564.7	
233.4	2878.8	
233.61	4460.5	
233.82	4242.7	
234.03	2714.9	
234.25	2721.1	
234.46	5585.5	
234.67	4395.6	
234.88	2923.8	
235.09	2652.8	
235.31	4449.6	
235.52	4313.7	
235.73	2837.8	
235.94	2519.7	
236.15	4203.1	
236.37	5048.2	
236.58	2620	
236.79	2794.1	
237	4549.2	
237.21	4059.1	
237.43	2923.8	
237.64	2464.4	
237.85	6701	
238.06	4129.4	
238.27	2934.1	
238.48	2533.3	
238.7	4655.7	
238.91	4330.1	
239.12	2738.1	
239.33	2835.1	
239.54	4121.2	
239.76	4285.7	
239.97	2749.7	
240.18	2792.7	
240.39	5047.6	
240.6	4502.1	
240.82	2932	
241.03	2484.2	
241.24	4330.8	
241.45	4793.6	
241.66	2589.3	
241.87	2958.6	
242.09	4851	
242.3	4986.1	
242.51	2945	
242.72	2728.6	
242.93	4646.8	
243.14	4289.1	
243.36	3138.2	
243.57	3369.6	
243.78	4872.1	
243.99	4534.9	
244.2	2729.3	
244.41	2570.2	
244.63	4111.6	
244.84	4497.3	
245.05	2888.3	
245.26	2749.1	
245.47	4609.3	
245.68	4625	
245.9	3414	
246.11	2956.6	
246.32	4222.9	
246.53	4513	
246.74	4208.6	
246.95	2446	
247.16	4160.1	
247.38	4375.1	
247.59	2496.5	
247.8	2842.6	
248.01	4045.4	
248.22	4330.8	
248.43	2564.7	
248.64	2747	
248.86	4114.4	
249.07	4227.7	
249.28	2588.6	
249.49	2867.8	
249.7	4713.1	
249.91	4683	
250.12	2463	
250.34	2496.5	
250.55	4453.6	
250.76	4401.8	
250.97	2845.3	
251.18	2903.3	
251.39	4757.4	
251.6	4447.5	
251.81	2850.8	
252.03	2912.2	
252.24	4231.8	
252.45	4557.4	
252.66	2514.2	
252.87	3005.7	
253.08	4379.9	
253.29	5358.2	
253.5	2526.5	
253.72	3246	
253.93	4333.5	
254.14	4960.9	
254.35	2696.5	
254.56	2703.3	
254.77	4535.6	
254.98	4176.5	
255.19	2722.4	
255.41	3175.7	
255.62	4531.5	
255.83	4694.6	
256.04	2992.1	
256.25	2846.7	
256.46	5036	
256.67	4173.1	
256.88	2872.6	
257.09	3117.7	
257.31	4037.2	
257.52	4166.3	
257.73	3504.8	
257.94	2722.4	
258.15	4364.9	
258.36	4334.9	
258.57	3207.8	
258.78	2222	
258.99	4688.5	
259.2	4269.3	
259.41	2618	
259.63	2770.2	
259.84	4889.2	
260.05	4999.8	
260.26	3325.9	
260.47	2616.6	
260.68	4730.1	
260.89	4272.1	
261.1	3134.8	
261.31	2584.5	
261.52	4818.2	
261.73	4906.9	
261.95	3330	
262.16	2918.4	
262.37	4768.4	
262.58	4808.6	
262.79	3325.2	
263	2733.4	
263.21	4407.9	
263.42	4218.8	
263.63	2962.7	
263.84	2748.4	
264.05	4696.7	
264.26	4865.3	
264.47	3151.1	
264.69	2949.1	
264.9	4859.8	
265.11	4439.3	
265.32	2631	
265.53	2614.6	
265.74	4485.7	
265.95	3954.6	
266.16	2813.2	
266.37	3018	
266.58	4460.5	
266.79	4228.4	
267	2690.3	
267.21	2559.3	
267.42	4090.5	
267.63	4342.4	
267.84	2757.9	
268.06	2501.9	
268.27	4686.4	
268.48	4744.5	
268.69	2766.8	
268.9	3107.5	
269.11	4769.7	
269.32	3980.6	
269.53	2794.8	
269.74	2609.1	
269.95	4511	
270.16	4027.7	
270.37	2803	
270.58	3158	
270.79	4293.9	
271	4634.6	
271.21	2856.9	
271.42	2807.8	
271.63	4558.8	
271.84	4052.9	
272.05	2374.3	
272.26	2591.4	
272.47	4447.5	
272.68	4487.1	
272.89	2756.6	
273.11	2962.7	
273.32	4162.2	
273.53	4881.7	
273.74	2931.3	
273.95	2937.5	
274.16	4655.7	
274.37	4310.3	
274.58	3078.8	
274.79	2575	
275	4491.2	
275.21	4663.9	
275.42	3502	
275.63	3038.5	
275.84	4588.8	
276.05	5381.4	
276.26	2921.1	
276.47	2761.3	
276.68	4352.6	
276.89	5000.5	
277.1	3063.1	
277.31	2513.5	
277.52	4485.7	
277.73	4796.3	
277.94	2491	
278.15	2676	
278.36	4552	
278.57	4197.7	
278.78	2693.1	
278.99	2921.1	
279.2	4258.4	
279.41	4099.4	
279.62	3402.4	
279.83	2581.1	
280.04	5123.3	
280.25	4174.4	
280.46	3340.9	
280.67	2836.4	
280.88	4187.4	
281.09	4790.9	
281.3	2887.6	
281.51	3513.6	
281.72	4187.4	
281.93	4579.9	
282.14	2691	
282.35	2863.7	
282.56	4726.7	
282.77	4605.9	
282.98	2767.5	
283.19	3151.8	
283.4	5378.6	
283.61	4339	
283.82	2581.8	
284.03	3320.4	
284.24	4529.4	
284.45	4639.3	
284.66	3409.2	
284.87	3095.2	
285.08	4770.4	
285.29	4805.9	
285.5	2480.8	
285.71	2762.7	
285.92	4657.1	
286.12	5072.8	
286.33	3284.3	
286.54	2787.3	
286.75	4584.7	
286.96	4296.6	
287.17	2573.6	
287.38	3209.8	
287.59	4249.5	
287.8	4244.8	
288.01	2762.7	
288.22	2998.9	
288.43	4502.1	
288.64	4026.3	
288.85	3132.7	
289.06	3035.1	
289.27	4617.5	
289.48	4854.4	
289.69	3376.4	
289.9	3062.4	
290.11	4824.3	
290.32	4246.1	
290.53	3138.2	
290.74	2910.8	
290.94	4623.6	
291.15	4641.4	
291.36	2681.5	
291.57	2988	
291.78	4251.6	
291.99	4003.1	
292.2	2583.9	
292.41	2930	
292.62	4668	
292.83	4592.9	
293.04	3519.1	
293.25	2637.1	
293.46	4310.3	
293.67	4692.6	
293.88	2639.1	
294.09	2623.4	
294.29	4130.1	
294.5	4448.2	
294.71	2812.5	
294.92	2703.3	
295.13	4279.6	
295.34	5057.8	
295.55	2468.5	
295.76	2468.5	
295.97	4639.3	
296.18	4977.9	
296.39	2502.6	
296.6	2646.7	
296.81	4381.3	
297.01	4646.8	
297.22	2712.9	
297.43	2665.8	
297.64	4259.1	
297.85	4122.6	
298.06	2351.1	
298.27	2421.4	
298.48	4328.7	
298.69	4153.3	
298.9	2884.9	
299.11	2595.5	
299.31	4152.6	
299.52	4149.2	
299.73	2991.4	
299.94	2977.7	
300.15	4371.7	
300.36	4202.4	
300.57	2968.9	
300.78	2849.4	
300.99	4265.9	
301.2	4427	
301.4	2692.4	
301.61	2833.7	
301.82	4509.6	
302.03	4632.5	
302.24	3094.5	
302.45	2552.5	
302.66	4559.5	
302.87	4679.6	
303.08	2656.2	
303.29	3384.6	
303.49	4265.9	
303.7	4308.2	
303.91	2453.5	
304.12	3256.3	
304.33	4070.7	
304.54	4460.5	
304.75	2657.6	
304.96	2582.5	
305.16	4576.5	
305.37	4928.8	
305.58	2450.7	
305.79	2470.5	
306	4584	
306.21	3998.3	
306.42	2666.5	
306.63	3747.8	
306.83	4268.6	
307.04	4601.1	
307.25	2903.3	
307.46	2834.4	
307.67	3973.7	
307.88	4571.1	
308.09	2714.9	
308.29	2647.3	
308.5	4447.5	
308.71	4684.4	
308.92	2803.7	
309.13	2594.8	
309.34	4398.4	
309.55	4334.2	
309.75	3260.4	
309.96	2933.4	
310.17	4627.7	
310.38	4162.2	
310.59	2949.8	
310.8	2911.5	
311.01	4285	
311.21	4324.6	
311.42	2619.4	
311.63	2636.4	
311.84	4216.1	
312.05	4412.7	
312.26	2920.4	
312.46	3084.9	
312.67	4255	
312.88	4071.4	
313.09	2602.3	
313.3	2551.8	
313.51	4831.2	
313.71	5109	
313.92	2562	
314.13	2717.7	
314.34	4481	
314.55	4367	
314.76	3145.7	
314.96	2822.8	
315.17	4524.6	
315.38	4583.4	
315.59	2656.2	
315.8	2541.5	
316.01	4808.6	
316.21	4894	
316.42	2585.2	
316.63	2811.2	
316.84	4282.3	
317.05	4699.4	
317.26	3069.2	
317.46	2727.2	
317.67	4383.3	
317.88	4601.8	
318.09	3160	
318.3	2493.1	
318.5	4282.3	
318.71	4573.8	
318.92	3762.1	
319.13	3015.3	
319.34	4671.4	
319.54	4738.3	
319.75	2443.9	
319.96	2394.1	
320.17	4554.7	
320.38	4638.6	
320.58	2458.9	
320.79	2810.5	
321	4728.8	
321.21	4811.4	
321.42	2822.8	
321.62	2409.1	
321.83	4207.2	
322.04	4319.2	
322.25	2760	
322.46	2606.4	
322.66	4425	
322.87	4596.3	
323.08	3037.1	
323.29	2534.7	
323.5	5008	
323.7	4100.7	
323.91	3310.2	
324.12	3085.6	
324.33	4477.5	
324.53	4561.5	
324.74	2952.5	
324.95	3056.9	
325.16	4128.7	
325.37	4296	
325.57	2592.7	
325.78	2637.8	
325.99	4518.5	
326.2	4061.1	
326.4	3371	
326.61	2497.2	
326.82	4328.7	
327.03	4436.6	
327.24	3448.8	
327.44	3278.8	
327.65	4592.9	
327.86	3908.9	
328.07	2951.8	
328.27	2579.1	
328.48	4790.9	
328.69	4114.4	
328.9	3435.8	
329.1	2691	
329.31	4332.1	
329.52	4827.1	
329.73	2598.9	
329.93	2772.9	
330.14	4494.6	
330.35	4481.6	
330.56	3870	
330.76	3048.1	
330.97	4289.8	
331.18	4412.7	
331.39	2831.7	
331.59	2390.7	
331.8	4747.2	
332.01	4846.2	
332.22	2680.1	
332.42	2851.5	
332.63	4496	
332.84	4137.6	
333.05	2880.8	
333.25	2631	
333.46	4208.6	
333.67	4378.6	
333.88	2725.2	
334.08	2885.6	
334.29	5435.3	
334.5	4692.6	
334.7	2622.8	
334.91	3367.5	
335.12	4082.3	
335.33	4560.8	
335.53	2841.2	
335.74	3853.6	
335.95	4283.7	
336.16	4046.1	
336.36	2785.2	
336.57	3162.7	
336.78	4072	
336.98	4691.2	
337.19	3308.8	
337.4	2770.2	
337.61	5115.8	
337.81	4083.6	
338.02	2715.6	
338.23	3187.3	
338.43	4900.8	
338.64	4185.4	
338.85	2618	
339.05	3232.4	
339.26	4917.2	
339.47	4022.9	
339.68	2632.3	
339.88	3533.4	
340.09	4570.4	
340.3	4640	
340.5	2933.4	
340.71	2398.9	
340.92	4113	
341.13	4765.6	
341.33	2521.7	
341.54	2911.5	
341.75	4554.7	
341.95	4242	
342.16	2875.3	
342.37	3016	
342.57	4083.6	
342.78	4319.8	
342.99	3054.9	
343.19	2466.4	
343.4	4668	
343.61	4519.2	
343.81	2790.7	
344.02	2566.8	
344.23	4582.7	
344.43	4803.9	
344.64	3115.6	
344.85	3071.3	
345.06	4579.3	
345.26	4763.6	
345.47	2942.2	
345.68	3293.1	
345.88	4044.1	
346.09	4617.5	
346.3	3053.5	
346.5	2336	
346.71	4303.5	
346.92	4184.7	
347.12	2533.3	
347.33	2905.4	
347.54	4663.2	
347.74	4914.4	
347.95	2934.1	
348.16	2400.2	
348.36	4235.2	
348.57	4112.3	
348.78	3020.1	
348.98	3033.7	
349.19	4316.4	
349.39	4009.9	
349.6	2547	
349.81	2669.2	
350.01	4581.3	
350.22	4191.5	
350.43	2944.3	
350.63	3300.6	
350.84	4397.7	
351.05	4161.5	
351.25	2650.8	
351.46	2510.8	
351.67	4627.7	
351.87	4134.8	
352.08	2823.5	
352.29	3074.7	
352.49	4650.9	
352.7	4431.8	
352.9	2534.7	
353.11	3037.1	
353.32	5009.3	
353.52	4303.5	
353.73	2666.5	
353.94	3127.2	
354.14	4569.7	
354.35	4379.9	
354.55	2699.2	
354.76	2858.3	
354.97	4517.1	
355.17	4364.9	
355.38	2631.6	
355.59	3208.5	
355.79	4195.6	
356	4347.2	
356.2	2934.7	
356.41	2663.7	
356.62	4171	
356.82	4354.7	
357.03	3099.3	
357.24	2808.4	
357.44	4204.5	
357.65	4315.8	
357.85	3459.7	
358.06	2973.7	
358.27	4139.6	
358.47	4166.9	
358.68	2625.5	
358.88	3098.6	
359.09	4624.3	
359.3	4746.5	
359.5	3457	
359.71	3198.9	
359.91	4930.1	
360.12	4562.9	
360.33	3194.1	
360.53	3379.1	
360.74	4336.9	
360.94	4399.7	
361.15	3188	
361.36	2913.6	
361.56	4875.5	
361.77	4468	
361.97	3454.2	
362.18	2919.7	
362.38	4802.5	
362.59	4274.8	
362.8	2798.2	
363	2751.8	
363.21	4195.6	
363.41	4556	
363.62	3109.5	
363.83	3582.6	
364.03	4737.6	
364.24	5055.8	
364.44	3767.6	
364.65	3663.8	
364.85	4468.7	
365.06	4380.6	
365.27	2904.7	
365.47	3082.9	
365.68	5023	
365.88	4570.4	
366.09	3145.7	
366.29	2980.5	
366.5	4615.4	
366.71	4808.6	
366.91	3662.5	
367.12	3285.6	
367.32	5260.5	
367.53	4757.4	
367.73	3390.1	
367.94	3852.2	
368.14	4881.7	
368.35	5172.5	
368.56	3224.9	
368.76	2993.4	
368.97	4930.1	
369.17	5716.6	
369.38	3028.9	
369.58	3166.8	
369.79	4328	
369.99	5092.6	
370.2	3805.8	
370.4	3222.1	
370.61	4752.7	
370.82	5399.8	
371.02	3280.8	
371.23	2867.2	
371.43	4425	
371.64	5138.4	
371.84	3274.7	
372.05	3792.2	
372.25	5666	
372.46	4803.2	
372.66	3346.4	
372.87	3321.8	
373.07	4917.9	
373.28	5849	
373.48	3864.5	
373.69	3633.1	
373.9	4765.6	
374.1	4795.7	
374.31	3842	
374.51	3498.6	
374.72	5192.3	
374.92	4614.8	
375.13	3891.1	
375.33	3540.9	
375.54	4999.8	
375.74	4831.8	
375.95	3625.6	
376.15	4280.3	
376.36	5117.2	
376.56	5034.6	
376.77	3676.1	
376.97	3869.3	
377.18	5743.9	
377.38	5201.2	
377.59	3955.3	
377.79	3532.1	
378	5072.1	
378.2	5246.2	
378.41	3518.4	
378.61	3460.4	
378.82	5418.2	
379.02	4939.7	
379.23	3652.2	
379.43	4194.2	
379.64	5543.9	
379.84	5236	
380.05	3582.6	
380.25	3489.7	
380.46	5285.1	
380.66	5102.2	
380.87	4216.1	
381.07	4452.3	
381.28	5650.3	
381.48	5253.7	
381.69	3530	
381.89	3586	
382.1	4786.1	
382.3	5230.5	
382.51	4140.3	
382.71	4616.8	
382.91	5119.2	
383.12	5536.3	
383.32	3682.9	
383.53	3859.7	
383.73	5162.2	
383.94	5113.8	
384.14	3764.2	
384.35	3407.8	
384.55	4876.9	
384.76	5171.8	
384.96	3710.2	
385.17	3792.2	
385.37	5233.9	
385.58	4768.4	
385.78	3839.3	
385.98	3312.9	
386.19	4914.4	
386.39	5161.6	
386.6	3544.4	
386.8	3652.2	
387.01	5180.7	
387.21	5256.5	
387.42	3872.7	
387.62	4136.2	
387.83	4928.1	
388.03	5014.1	
388.23	3794.2	
388.44	4209.9	
388.64	4773.1	
388.85	4808.6	
389.05	3936.9	
389.26	4243.4	
389.46	6073.6	
389.67	5657.2	
389.87	4026.3	
390.07	3960.8	
390.28	5104.9	
390.48	4911	
390.69	3651.5	
390.89	3812	
391.1	5045.5	
391.3	5479	
391.5	4407.2	
391.71	4674.8	
391.91	5442.8	
392.12	5763.7	
392.32	4470	
392.53	4013.3	
392.73	5150	
392.93	5158.2	
393.14	3903.4	
393.34	4218.8	
393.55	5467.4	
393.75	5040.1	
393.95	3845.4	
394.16	3780.6	
394.36	5164.3	
394.57	5429.2	
394.77	3598.3	
394.98	3689.1	
395.18	5072.8	
395.38	5165	
395.59	4252.9	
395.79	3712.3	
396	5307.7	
396.2	5464	
396.4	4240.7	
396.61	4277.5	
396.81	5531.6	
397.02	5210	
397.22	4452.3	
397.42	4482.3	
397.63	5779.4	
397.83	5270.1	
398.04	3891.1	
398.24	4221.5	
398.44	5501.5	
398.65	5076.9	
398.85	3840.6	
399.05	3859.1	
399.26	5374.6	
399.46	6100.2	
399.67	4211.3	
399.87	3971	
400.07	5516.5	
400.28	5710.4	
400.48	4025.6	
400.69	4640	
400.89	5836.7	
401.09	6141.2	
401.3	4111	
401.5	4710.3	
401.7	6234	
401.91	6417	
402.11	4356	
402.32	4455	
402.52	6004.6	
402.72	5897.5	
402.93	4611.3	
403.13	3893.9	
403.33	6390.3	
403.54	5476.3	
403.74	4299.4	
403.94	4728.1	
404.15	5571.2	
404.35	6172.6	
404.56	4085	
404.76	4995	
404.96	5769.1	
405.17	5636.7	
405.37	4674.1	
405.57	4391.5	
405.78	5906.3	
405.98	5576.6	
406.18	4292.5	
406.39	4678.9	
406.59	5999.2	
406.79	5645.6	
407	4082.3	
407.2	4141	
407.4	6136.4	
407.61	6001.9	
407.81	4144.4	
408.01	4952.7	
408.22	5305.6	
408.42	6453.1	
408.62	4931.5	
408.83	4687.8	
409.03	5916.6	
409.23	5974.6	
409.44	4867.3	
409.64	4930.1	
409.84	6626.5	
410.05	6598.6	
410.25	5118.6	
410.45	4979.3	
410.66	6585.6	
410.86	7916.8	
411.06	5326.1	
411.27	5229.8	
411.47	7833.5	
411.67	6668.2	
411.88	5383.4	
412.08	5626.5	
412.28	7062.8	
412.49	7425.9	
412.69	5496.7	
412.89	5471.5	
413.09	7327.6	
413.3	7280.5	
413.5	5701.5	
413.7	5414.1	
413.91	6876.4	
414.11	7395.9	
414.31	5504.9	
414.52	5828.5	
414.72	7243	
414.92	7203.4	
415.12	5462.6	
415.33	5924.1	
415.53	7466.9	
415.73	7536.5	
415.94	6064	
416.14	5710.4	
416.34	6998.6	
416.55	6839.5	
416.75	6393.1	
416.95	6165.1	
417.15	7684.7	
417.36	7869.7	
417.56	6652.5	
417.76	6146.6	
417.97	7714	
418.17	7691.5	
418.37	5869.5	
418.57	6078.4	
418.78	7612.3	
418.98	7309.2	
419.18	6535.1	
419.38	6356.2	
419.59	7366.5	
419.79	7240.9	
419.99	5859.9	
420.2	6040.1	
420.4	7701	
420.6	7627.3	
420.8	5799.8	
421.01	5734.3	
421.21	7656.7	
421.41	7599.3	
421.61	5930.9	
421.82	5899.5	
422.02	7402.7	
422.22	7807.5	
422.42	6315.3	
422.63	5979.4	
422.83	7280.5	
423.03	8143.4	
423.23	6039.5	
423.44	5524.7	
423.64	7247.1	
423.84	7009.5	
424.04	5724.1	
424.25	5461.9	
424.45	7765.2	
424.65	7621.2	
424.85	5403.2	
425.06	5741.8	
425.26	7957	
425.46	7193.8	
425.66	5912.5	
425.87	5788.2	
426.07	7492.8	
426.27	7378.1	
426.47	5835.3	
426.67	5423	
426.88	7810.3	
427.08	7434.8	
427.28	6077	
427.48	5380.7	
427.69	6855.9	
427.89	7132.4	
428.09	5850.4	
428.29	5419.6	
428.5	7460.8	
428.7	7278.5	
428.9	5517.9	
429.1	5715.2	
429.3	7290.8	
429.51	7379.5	
429.71	5597.1	
429.91	6152.1	
430.11	7582.3	
430.31	7872.4	
430.52	5850.4	
430.72	6017.6	
430.92	7793.9	
431.12	7522.9	
431.32	5677.7	
431.53	5897.5	
431.73	7005.4	
431.93	7864.2	
432.13	5578	
432.33	5548.6	
432.54	7285.3	
432.74	7361.1	
432.94	5565.7	
433.14	6107.7	
433.34	7729.7	
433.55	7518.1	
433.75	6161.7	
433.95	7238.2	
434.15	7629.4	
434.35	7339.9	
434.56	5785.5	
434.76	5616.9	
434.96	7563.1	
435.16	7805.5	
435.36	5720	
435.56	6564.4	
435.77	7487.4	
435.97	7529	
436.17	6799.9	
436.37	6421.1	
436.57	7413.6	
436.78	7479.9	
436.98	7308.5	
437.18	6829.3	
437.38	7856.7	
437.58	7529	
437.78	6817.7	
437.99	5929.6	
438.19	7781.6	
438.39	8660.2	
438.59	6177.4	
438.79	5657.9	
438.99	8232.8	
439.2	7499.7	
439.4	5601.9	
439.6	5734.3	
439.8	7554.3	
440	8209.6	
440.2	6357.6	
440.4	6377.4	
440.61	7950.2	
440.81	8331.8	
441.01	6189	
441.21	6651.1	
441.41	8459.5	
441.61	7998	
441.81	6897.6	
442.02	7436.9	
442.22	8693.6	
442.42	8271.7	
442.62	6264.1	
442.82	6224.5	
443.02	8518.2	
443.22	8008.2	
443.43	6508.4	
443.63	6182.8	
443.83	7916.8	
444.03	7843	
444.23	7048.4	
444.43	6783.6	
444.63	8198	
444.83	8783.1	
445.04	6522.8	
445.24	7202.7	
445.44	8316.8	
445.64	8462.9	
445.84	6845.7	
446.04	6799.3	
446.24	7853.3	
446.44	8443.8	
446.65	6345.3	
446.85	6516.6	
447.05	7867.6	
447.25	8359.8	
447.45	6595.8	
447.65	6079.1	
447.85	7987.8	
448.05	7585.7	
448.25	6677.1	
448.46	6642.9	
448.66	8063.5	
448.86	7681.2	
449.06	6200.6	
449.26	6668.2	
449.46	8165.3	
449.66	7664.9	
449.86	6590.4	
450.06	6484.6	
450.26	7679.2	
450.47	8165.9	
450.67	6619.7	
450.87	6812.9	
451.07	8364.6	
451.27	8159.8	
451.47	6203.3	
451.67	6838.2	
451.87	7988.4	
452.07	8598.7	
452.27	6556.2	
452.47	6415.6	
452.67	8145.5	
452.88	8349.6	
453.08	6075	
453.28	7176.8	
453.48	8900.5	
453.68	7966.6	
453.88	6485.2	
454.08	6518.7	
454.28	8436.9	
454.48	8189.8	
454.68	6796.5	
454.88	7000.6	
455.08	8471.1	
455.28	8390.5	
455.48	6371.9	
455.68	6944	
455.89	8875.2	
456.09	8578.9	
456.29	6683.2	
456.49	6822.5	
456.69	8847.9	
456.89	8231.5	
457.09	7080.5	
457.29	7454.6	
457.49	8631.5	
457.69	8756.4	
457.89	7182.9	
458.09	6771.3	
458.29	8602.2	
458.49	9094.3	
458.69	7487.4	
458.89	7141.9	
459.09	9314.2	
459.29	9256.1	
459.49	7197.2	
459.69	7665.5	
459.9	8923	
460.1	8845.2	
460.3	6978.8	
460.5	6981.5	
460.7	9008.3	
460.9	8691.6	
461.1	6776.7	
461.3	7615	
461.5	9492.3	
461.7	9257.5	
461.9	7253.2	
462.1	7380.9	
462.3	9037	
462.5	9338.1	
462.7	7340.6	
462.9	7349.5	
463.1	9949.7	
463.3	9913.5	
463.5	7569.3	
463.7	8181.6	
463.9	9402.2	
464.1	9504.6	
464.3	7838.9	
464.5	7957	
464.7	9830.2	
464.9	9712.2	
465.1	8697.7	
465.3	8198.7	
465.5	9972.2	
465.7	10132	
465.9	8499.1	
466.1	8131.8	
466.3	10015	
466.5	9864.4	
466.7	8880	
466.9	8162.5	
467.1	10102	
467.3	10505	
467.5	9038.4	
467.7	8259.5	
467.9	10589	
468.1	11133	
468.3	8595.3	
468.5	9026.1	
468.7	10079	
468.9	9966.8	
469.1	8621.3	
469.3	9017.9	
469.5	11211	
469.7	9880.1	
469.9	8707.3	
470.1	8428.1	
470.3	10227	
470.5	10288	
470.7	9213.8	
470.9	8442.4	
471.1	9934	
471.3	10101	
471.5	8357.1	
471.69	9411.1	
471.89	9914.9	
472.09	9439.1	
472.29	8780.3	
472.49	8826.1	
472.69	9736	
472.89	10024	
473.09	8334.6	
473.29	8234.9	
473.49	9725.8	
473.69	9676.7	
473.89	8711.4	
474.09	8293.6	
474.29	10533	
474.49	10111	
474.69	8744.8	
474.89	8321.6	
475.09	9701.2	
475.29	9775	
475.49	7985	
475.69	8101.8	
475.88	10475	
476.08	9996.1	
476.28	7873.1	
476.48	7994.6	
476.68	10149	
476.88	9880.8	
477.08	8056	
477.28	8198.7	
477.48	9618.6	
477.68	9802.9	
477.88	7882.6	
478.08	8027.4	
478.28	10173	
478.48	9624.1	
478.67	8129.8	
478.87	7615	
479.07	10103	
479.27	9645.9	
479.47	8125	
479.67	8135.2	
479.87	9904	
480.07	10206	
480.27	7774.1	
480.47	8667	
480.67	9623.4	
480.87	10210	
481.06	7912	
481.26	8515.5	
481.46	9680.1	
481.66	9652.1	
481.86	8127	
482.06	8669.1	
482.26	9472.5	
482.46	10057	
482.66	8077.9	
482.86	7897	
483.05	9845.3	
483.25	9310.1	
483.45	9461.6	
483.65	8110.6	
483.85	9381.7	
484.05	9603.6	
484.25	8414.4	
484.45	8687.5	
484.65	10036	
484.84	10172	
485.04	8116.1	
485.24	8116.8	
485.44	10422	
485.64	9341.5	
485.84	7900.4	
486.04	8660.2	
486.24	9731.3	
486.44	9876	
486.63	7757	
486.83	8360.5	
487.03	9693	
487.23	9805	
487.43	7999.4	
487.63	9260.2	
487.83	9947.7	
488.02	10128	
488.22	8522.3	
488.42	8936	
488.62	10392	
488.82	9744.9	
489.02	8419.9	
489.22	8520.2	
489.41	10364	
489.61	10279	
489.81	8278.6	
490.01	8307.2	
490.21	10510	
490.41	10826	
490.61	8313.4	
490.8	8385.7	
491	10265	
491.2	9810.5	
491.4	8715.5	
491.6	8271.1	
491.8	10051	
491.99	10063	
492.19	8024.6	
492.39	8125.7	
492.59	10156	
492.79	10409	
492.99	8766.7	
493.18	8198.7	
493.38	10464	
493.58	10980	
493.78	8791.9	
493.98	8444.5	
494.18	10384	
494.37	10090	
494.57	9074.5	
494.77	8944.8	
494.97	10701	
495.17	10868	
495.37	8777.6	
495.56	9145.5	
495.76	11083	
495.96	10907	
496.16	9783.8	
496.36	9225.4	
496.55	11154	
496.75	10906	
496.95	9316.2	
497.15	9310.1	
497.35	11178	
497.54	11100	
497.74	9271.2	
497.94	10208	
498.14	11557	
498.34	11370	
498.53	9189.9	
498.73	9547.6	
498.93	10739	
499.13	11189	
499.33	9540.8	
499.52	9587.2	
499.72	11391	
499.92	11196	
500.12	9263.6	
500.32	9537.4	
500.51	11411	
500.71	11273	
500.91	9985.9	
501.11	9797.5	
501.31	11389	
501.5	11636	
501.7	10173	
501.9	9641.8	
502.1	11219	
502.29	11487	
502.49	9850.7	
502.69	10004	
502.89	11308	
503.09	11346	
503.28	9154.4	
503.48	9189.2	
503.68	10963	
503.88	10757	
504.07	9691	
504.27	9344.9	
504.47	11011	
504.67	10933	
504.86	9585.9	
505.06	9482.1	
505.26	10850	
505.46	11525	
505.65	9293.7	
505.85	9333.3	
506.05	10675	
506.25	10949	
506.44	8848.6	
506.64	9247.3	
506.84	10460	
507.04	10852	
507.23	8839.7	
507.43	9076.6	
507.63	11464	
507.83	10408	
508.02	9047.2	
508.22	8794.7	
508.42	11531	
508.62	10334	
508.81	8834.9	
509.01	9256.1	
509.21	10096	
509.4	10395	
509.6	9086.2	
509.8	8578.3	
510	10297	
510.19	11054	
510.39	8526.4	
510.59	8634.9	
510.79	10301	
510.98	11096	
511.18	8787.2	
511.38	8810.4	
511.57	10916	
511.77	10595	
511.97	9144.9	
512.17	8597.4	
512.36	10671	
512.56	10486	
512.76	8516.8	
512.95	8394.6	
513.15	10831	
513.35	9830.2	
513.55	9002.2	
513.74	8553	
513.94	10689	
514.14	10223	
514.33	9187.2	
514.53	9054.8	
514.73	10416	
514.92	10398	
515.12	8692.9	
515.32	8691.6	
515.51	10628	
515.71	10684	
515.91	9749	
516.11	8794.7	
516.3	11468	
516.5	10340	
516.7	9100.5	
516.89	9394	
517.09	10443	
517.29	10493	
517.48	9402.2	
517.68	8860.9	
517.88	10079	
518.07	10666	
518.27	9129.8	
518.47	8698.4	
518.66	10947	
518.86	10099	
519.06	8538	
519.25	8777.6	
519.45	10332	
519.65	11283	
519.84	9237	
520.04	9701.9	
520.24	11504	
520.43	10748	
520.63	9056.8	
520.83	8914.1	
521.02	10366	
521.22	10655	
521.42	9046.6	
521.61	9381.7	
521.81	10247	
522.01	10482	
522.2	9056.1	
522.4	8852	
522.6	10718	
522.79	9957.2	
522.99	8855.4	
523.18	8507.9	
523.38	10677	
523.58	10657	
523.77	9713.5	
523.97	8714.1	
524.17	11824	
524.36	11465	
524.56	9737.4	
524.76	9410.4	
524.95	10916	
525.15	10570	
525.34	9512.1	
525.54	9617.3	
525.74	11374	
525.93	10742	
526.13	10157	
526.33	9581.8	
526.52	11671	
526.72	11309	
526.91	10331	
527.11	9941.5	
527.31	11613	
527.5	11845	
527.7	9929.2	
527.89	9320.3	
528.09	11107	
528.29	11478	
528.48	10157	
528.68	9877.4	
528.87	11731	
529.07	11741	
529.27	9997.5	
529.46	9723.8	
529.66	11595	
529.85	11765	
530.05	9792.7	
530.25	10094	
530.44	12463	
530.64	11542	
530.83	9942.2	
531.03	10035	
531.23	11924	
531.42	11586	
531.62	10409	
531.81	9977	
532.01	11959	
532.21	12090	
532.4	9979.1	
532.6	10256	
532.79	12588	
532.99	12144	
533.18	10389	
533.38	10900	
533.58	12060	
533.77	12345	
533.97	10628	
534.16	10938	
534.36	12625	
534.55	12099	
534.75	11095	
534.95	10524	
535.14	12719	
535.34	12122	
535.53	10320	
535.73	11494	
535.92	13001	
536.12	12185	
536.31	10417	
536.51	11025	
536.71	12367	
536.9	12147	
537.1	10385	
537.29	10594	
537.49	12445	
537.68	11906	
537.88	10757	
538.07	10374	
538.27	12159	
538.46	12770	
538.66	10342	
538.86	10544	
539.05	12244	
539.25	12384	
539.44	10842	
539.64	10415	
539.83	12102	
540.03	12709	
540.22	10510	
540.42	10401	
540.61	12282	
540.81	12263	
541	10604	
541.2	11021	
541.39	11803	
541.59	12041	
541.78	10781	
541.98	10288	
542.18	11634	
542.37	11535	
542.57	10361	
542.76	10831	
542.96	11573	
543.15	11872	
543.35	10220	
543.54	9895.1	
543.74	11584	
543.93	11693	
544.13	9995.5	
544.32	10772	
544.52	11797	
544.71	11396	
544.91	9542.9	
545.1	10249	
545.3	11364	
545.49	11661	
545.69	9486.9	
545.88	9837.1	
546.08	12279	
546.27	11877	
546.47	10069	
546.66	9731.3	
546.86	11736	
547.05	12008	
547.24	9807.7	
547.44	9747	
547.63	11137	
547.83	11791	
548.02	9879.4	
548.22	9990	
548.41	10991	
548.61	11746	
548.8	9468.4	
549	9583.8	
549.19	11490	
549.39	11523	
549.58	9327.1	
549.78	9638.4	
549.97	11508	
550.17	11199	
550.36	10047	
550.55	10575	
550.75	11144	
550.94	11685	
551.14	9408.4	
551.33	9562.6	
551.53	10760	
551.72	11210	
551.92	9586.5	
552.11	9380.4	
552.31	11331	
552.5	11151	
552.69	10327	
552.89	9129.8	
553.08	11290	
553.28	11003	
553.47	9314.8	
553.67	10015	
553.86	11430	
554.06	10506	
554.25	8957.8	
554.44	9217.9	
554.64	11972	
554.83	11617	
555.03	9130.5	
555.22	9414.5	
555.42	11311	
555.61	11161	
555.8	9291.6	
556	9329.9	
556.19	10628	
556.39	11077	
556.58	9233.6	
556.78	9235	
556.97	10899	
557.16	10845	
557.36	9932.6	
557.55	9095.7	
557.75	10318	
557.94	11506	
558.13	8957.8	
558.33	8906.6	
558.52	11243	
558.72	10429	
558.91	8957.8	
559.1	9074.5	
559.3	10329	
559.49	10096	
559.69	8886.1	
559.88	9250	
560.07	10728	
560.27	11029	
560.46	9319.6	
560.66	9352.4	
560.85	10578	
561.04	10023	
561.24	8822	
561.43	8880	
561.63	10172	
561.82	10417	
562.01	9546.3	
562.21	9026.1	
562.4	10530	
562.59	11239	
562.79	8977.6	
562.98	8702.5	
563.18	10604	
563.37	11392	
563.56	9035	
563.76	8748.2	
563.95	10350	
564.14	10271	
564.34	8985.1	
564.53	8710.7	
564.73	10628	
564.92	10625	
565.11	9013.1	
565.31	8650.6	
565.5	10852	
565.69	10258	
565.89	8849.3	
566.08	8937.3	
566.27	10773	
566.47	11062	
566.66	9279.3	
566.85	8621.9	
567.05	10639	
567.24	10284	
567.44	8738	
567.63	9368.1	
567.82	10805	
568.02	10402	
568.21	8740.7	
568.4	8862.9	
568.6	10480	
568.79	10413	
568.98	8722.3	
569.18	8680.7	
569.37	10484	
569.56	11613	
569.76	8996.7	
569.95	9410.4	
570.14	10689	
570.34	10492	
570.53	8601.5	
570.72	8531.2	
570.91	10891	
571.11	10303	
571.3	8841.1	
571.49	9255.5	
571.69	10406	
571.88	10015	
572.07	8962.6	
572.27	9056.8	
572.46	10031	
572.65	10483	
572.85	8570.1	
573.04	8793.3	
573.23	10776	
573.43	10336	
573.62	8536.6	
573.81	8776.9	
574	10492	
574.2	10114	
574.39	8701.8	
574.58	8793.3	
574.78	10925	
574.97	10324	
575.16	9054.1	
575.36	9018.6	
575.55	10820	
575.74	10791	
575.93	8389.2	
576.13	9124.4	
576.32	10389	
576.51	10602	
576.71	8899.8	
576.9	9593.4	
577.09	10924	
577.28	10600	
577.48	9001.5	
577.67	8336.6	
577.86	10423	
578.05	10626	
578.25	8858.8	
578.44	8863.6	
578.63	10354	
578.83	11210	
579.02	8483.4	
579.21	9443.9	
579.4	10504	
579.6	10374	
579.79	8929.1	
579.98	10076	
580.17	10768	
580.37	10913	
580.56	8705.2	
580.75	9065	
580.94	10822	
581.14	10942	
581.33	9310.1	
581.52	8771.5	
581.71	10651	
581.91	11057	
582.1	8587.8	
582.29	8837	
582.48	10523	
582.68	10492	
582.87	9207	
583.06	8987.9	
583.25	10845	
583.45	10495	
583.64	9458.2	
583.83	9888.3	
584.02	10564	
584.21	10731	
584.41	9321	
584.6	8988.5	
584.79	10500	
584.98	10871	
585.18	8705.9	
585.37	8587.1	
585.56	10361	
585.75	10664	
585.94	8720.3	
586.14	9166.7	
586.33	10942	
586.52	10428	
586.71	9009.7	
586.91	8785.1	
587.1	9949.7	
587.29	10697	
587.48	8674.5	
587.67	8568.7	
587.87	10465	
588.06	10266	
588.25	9272.5	
588.44	8816.5	
588.63	10056	
588.83	10464	
589.02	8400.1	
589.21	8271.7	
589.4	9831.6	
589.59	9839.1	
589.78	7679.9	
589.98	7757	
590.17	9185.1	
590.36	9459.6	
590.55	7172.7	
590.74	7584.3	
590.94	9933.3	
591.13	9075.2	
591.32	7304.4	
591.51	7063.4	
591.7	9202.9	
591.89	8968.7	
592.09	7103	
592.28	7380.9	
592.47	8510	
592.66	9777	
592.85	7128.3	
593.05	7279.2	
593.24	9016.5	
593.43	9510.1	
593.62	7447.1	
593.81	7732.4	
594	9156.5	
594.19	9220.6	
594.39	7301.7	
594.58	7312.6	
594.77	9265.7	
594.96	9499.2	
595.15	7336.5	
595.34	7664.2	
595.54	9118.9	
595.73	8697	
595.92	6822.5	
596.11	7450.5	
596.3	9414.5	
596.49	8730.5	
596.68	7403.4	
596.88	7496.2	
597.07	9243.8	
597.26	8737.3	
597.45	7053.2	
597.64	7752.9	
597.83	8824.7	
598.02	9216.5	
598.22	7081.9	
598.41	7598	
598.6	9063.6	
598.79	8698.4	
598.98	7170.6	
599.17	7750.9	
599.36	9186.5	
599.55	9643.2	
599.74	8327.7	
599.94	8266.3	
600.13	9510.1	
600.32	8748.2	
600.51	7066.2	
600.7	7152.9	
600.89	9755.8	
601.08	9744.2	
601.27	7089.4	
601.47	7479.9	
601.66	9305.3	
601.85	9624.1	
602.04	7503.1	
602.23	7484.6	
602.42	8825.4	
602.61	9219.3	
602.8	7333.1	
602.99	7337.9	
603.18	8990.6	
603.37	9086.2	
603.57	7578.8	
603.76	7877.9	
603.95	9557.9	
604.14	9241.1	
604.33	7316	
604.52	7504.4	
604.71	9272.5	
604.9	8822.6	
605.09	7814.4	
605.28	7669.6	
605.47	9572.9	
605.66	9133.9	
605.86	7669	
606.05	7273	
606.24	9443.2	
606.43	8485.4	
606.62	7638.9	
606.81	7852.6	
607	9405.6	
607.19	8886.8	
607.38	7060	
607.57	7238.2	
607.76	8828.1	
607.95	8334.6	
608.14	7447.8	
608.33	7876.5	
608.52	8750.3	
608.72	9385.2	
608.91	6972	
609.1	6955.6	
609.29	8823.3	
609.48	8427.4	
609.67	7425.9	
609.86	6946.7	
610.05	8682.7	
610.24	8703.9	
610.43	6864.8	
610.62	6623.8	
610.81	9363.3	
611	9272.5	
611.19	7045.7	
611.38	7390.4	
611.57	8916.2	
611.76	9482.8	
611.95	6804	
612.14	6679.1	
612.33	8658.8	
612.52	8450.6	
612.71	7068.9	
612.9	6679.8	
613.09	8240.3	
613.28	9612.5	
613.47	6950.1	
613.66	7375.4	
613.85	8792.6	
614.04	8478.6	
614.24	6951.5	
614.43	6500.9	
614.62	8867	
614.81	8756.4	
615	7215.7	
615.19	7232.7	
615.38	8413.7	
615.57	8585.1	
615.76	7124.9	
615.95	7757	
616.14	8854.7	
616.33	8630.1	
616.52	7295.5	
616.71	7396.6	
616.9	8843.1	
617.09	8626	
617.28	6959	
617.47	7581.6	
617.66	8251.9	
617.85	8292.9	
618.04	7411.6	
618.22	7172.7	
618.41	8447.2	
618.6	9082.7	
618.79	7057.3	
618.98	7012.9	
619.17	9233.6	
619.36	8187.8	
619.55	7067.5	
619.74	7088	
619.93	8854.7	
620.12	8464.3	
620.31	7370	
620.5	7534.5	
620.69	9207	
620.88	9459.6	
621.07	7881.9	
621.26	7491.5	
621.45	9084.8	
621.64	8954.4	
621.83	7493.5	
622.02	7042.3	
622.21	9068.4	
622.4	8968.7	
622.59	7780.9	
622.78	7705.1	
622.97	8651.3	
623.16	9186.5	
623.35	7528.3	
623.54	6939.2	
623.72	8755.1	
623.91	8731.9	
624.1	7653.3	
624.29	6834.1	
624.48	9472.5	
624.67	9035	
624.86	7557	
625.05	7021.8	
625.24	9557.2	
625.43	8587.1	
625.62	8424.7	
625.81	7126.2	
626	9043.8	
626.19	8748.9	
626.38	7464.2	
626.56	7195.2	
626.75	8529.8	
626.94	8983.1	
627.13	7499.7	
627.32	6678.4	
627.51	8988.5	
627.7	9438.4	
627.89	6652.5	
628.08	7438.9	
628.27	8446.5	
628.46	8585.1	
628.65	6993.1	
628.83	6631.3	
629.02	8747.6	
629.21	8307.9	
629.4	7166.5	
629.59	7214.3	
629.78	8356.4	
629.97	8916.2	
630.16	7292.8	
630.35	6937.8	
630.54	9323.7	
630.72	9050	
630.91	7080.5	
631.1	7259.4	
631.29	8691.6	
631.48	8681.3	
631.67	7425.9	
631.86	6946	
632.05	8607.6	
632.24	8517.5	
632.42	6821.8	
632.61	7197.2	
632.8	8507.3	
632.99	8232.8	
633.18	7277.8	
633.37	7438.2	
633.56	8774.9	
633.75	8733.9	
633.93	7306.5	
634.12	7087.3	
634.31	9357.2	
634.5	8929.8	
634.69	7173.4	
634.88	7424.6	
635.07	8605.6	
635.25	8974.2	
635.44	7591.8	
635.63	7686	
635.82	8546.9	
636.01	7962.5	
636.2	7509.2	
636.39	7254.6	
636.57	9202.2	
636.76	8764.6	
636.95	6961	
637.14	7679.2	
637.33	8727.1	
637.52	9178.3	
637.7	6784.9	
637.89	7460.1	
638.08	8594	
638.27	9299.8	
638.46	7372.7	
638.65	7563.8	
638.83	9250	
639.02	8403.5	
639.21	7293.5	
639.4	7446.4	
639.59	8750.3	
639.78	8419.9	
639.96	6779.5	
640.15	6853.9	
640.34	8628.1	
640.53	8469	
640.72	6666.8	
640.91	6803.4	
641.09	8213.7	
641.28	8890.9	
641.47	6952.2	
641.66	7228	
641.85	8600.1	
642.03	8550.3	
642.22	7131.7	
642.41	6841.6	
642.6	8290.2	
642.79	7678.5	
642.97	6722.8	
643.16	6982.2	
643.35	8076.5	
643.54	7940.7	
643.73	6606.7	
643.91	6946	
644.1	7826	
644.29	8236.9	
644.48	6535.1	
644.67	6502.3	
644.85	7643.7	
645.04	8064.9	
645.23	6154.1	
645.42	6428.6	
645.6	7630.7	
645.79	8288.8	
645.98	6229.9	
646.17	5696.1	
646.36	7468.9	
646.54	7737.2	
646.73	6561.7	
646.92	5866.1	
647.11	7445	
647.29	7937.2	
647.48	5900.2	
647.67	5666	
647.86	8159.1	
648.05	8023.9	
648.23	5935.7	
648.42	6731.7	
648.61	7701.7	
648.8	7610.3	
648.98	5806.7	
649.17	6001.2	
649.36	7365.2	
649.55	7223.9	
649.73	5807.4	
649.92	6336.4	
650.11	7264.8	
650.3	7515.4	
650.48	5895.4	
650.67	5793	
650.86	7623.2	
651.05	6965.8	
651.23	5906.3	
651.42	5874.3	
651.61	7332.4	
651.79	7216.4	
651.98	6000.5	
652.17	5728.2	
652.36	7555.6	
652.54	6868.2	
652.73	5879	
652.92	5730.9	
653.11	7492.2	
653.29	7673.7	
653.48	5335.6	
653.67	5900.9	
653.85	7260	
654.04	7921.5	
654.23	5963	
654.42	5771.9	
654.6	7026.6	
654.79	7397.9	
654.98	5371.1	
655.16	5732.9	
655.35	6685.9	
655.54	6535.8	
655.73	5330.9	
655.91	5221	
656.1	7148.8	
656.29	6540.5	
656.47	5060.5	
656.66	5999.2	
656.85	6760.3	
657.03	6800.6	
657.22	5373.2	
657.41	5433.9	
657.59	6916	
657.78	6716	
657.97	5158.2	
658.16	5748	
658.34	7381.6	
658.53	7560.4	
658.72	6179.4	
658.9	6419	
659.09	7012.9	
659.28	7086	
659.46	5538.4	
659.65	5437.4	
659.84	6879.8	
660.02	7290.8	
660.21	5489.2	
660.4	5360.2	
660.58	7433.4	
660.77	7007.5	
660.96	5777.3	
661.14	5184.1	
661.33	7657.4	
661.52	7737.2	
661.7	5236	
661.89	7114.6	
662.08	6771.9	
662.26	6431.3	
662.45	5354.1	
662.64	5405.3	
662.82	7267.6	
663.01	6655.2	
663.2	5354.1	
663.38	5768.4	
663.57	7085.3	
663.75	7068.9	
663.94	5566.4	
664.13	6295.5	
664.31	6836.8	
664.5	7135.8	
664.69	5877.7	
664.87	5926.1	
665.06	6612.9	
665.25	7007.5	
665.43	6113.9	
665.62	6119.3	
665.8	7127.6	
665.99	6849.1	
666.18	5459.2	
666.36	5567.1	
666.55	7196.6	
666.74	7049.8	
666.92	5315.8	
667.11	6210.1	
667.29	6817	
667.48	7118.7	
667.67	5898.8	
667.85	5372.5	
668.04	6703.7	
668.22	6704.4	
668.41	5506.3	
668.6	5682.4	
668.78	6582.9	
668.97	6771.3	
669.15	5642.2	
669.34	5035.3	
669.53	6626.5	
669.71	6797.2	
669.9	5202.5	
670.08	5470.8	
670.27	6537.1	
670.46	6992.4	
670.64	5717.9	
670.83	5805.3	
671.01	6475.7	
671.2	6881.2	
671.38	5240.1	
671.57	5240.8	
671.76	7206.8	
671.94	7493.5	
672.13	5088.5	
672.31	5687.9	
672.5	7110.5	
672.69	6584.9	
672.87	5221.6	
673.06	5357.5	
673.24	6879.8	
673.43	6667.5	
673.61	5550	
673.8	5305.6	
673.98	6898.9	
674.17	7043.6	
674.36	5709.7	
674.54	5604.6	
674.73	6589.7	
674.91	6988.4	
675.1	5352	
675.28	5123.3	
675.47	6669.6	
675.65	6965.8	
675.84	5356.8	
676.03	5461.9	
676.21	6651.8	
676.4	6150.1	
676.58	5771.9	
676.77	5575.9	
676.95	7497.6	
677.14	6534.4	
677.32	5045.5	
677.51	5072.8	
677.69	6995.9	
677.88	6445	
678.06	5062.6	
678.25	5179.3	
678.44	6690.7	
678.62	6439.5	
678.81	4958.8	
678.99	5427.8	
679.18	7146	
679.36	6873.7	
679.55	5284.4	
679.73	5588.2	
679.92	6780.1	
680.1	6531	
680.29	5958.9	
680.47	5296	
680.66	6591.7	
680.84	6969.2	
681.03	4863.2	
681.21	5574.6	
681.4	6376.7	
681.58	6497.5	
681.77	5155.4	
681.95	5082.4	
682.14	7000	
682.32	7156.3	
682.51	5607.3	
682.69	4959.5	
682.88	6453.1	
683.06	6651.1	
683.25	5463.3	
683.43	5700.9	
683.62	6591	
683.8	6788.3	
683.99	5735.7	
684.17	5316.5	
684.36	7259.4	
684.54	6436.1	
684.73	4822.3	
684.91	4919.9	
685.1	6625.9	
685.28	6210.1	
685.46	5144.5	
685.65	5070.8	
685.83	6533	
686.02	6182.1	
686.2	4728.1	
686.39	4801.8	
686.57	5984.8	
686.76	6892.8	
686.94	4753.3	
687.13	4846.2	
687.31	6420.4	
687.5	6285.2	
687.68	4560.8	
687.86	5193.6	
688.05	7299.6	
688.23	5993.7	
688.42	5258.5	
688.6	4898.7	
688.79	6247.7	
688.97	6271.6	
689.16	5147.9	
689.34	4554.7	
689.52	6679.1	
689.71	6913.3	
689.89	5427.1	
690.08	4919.9	
690.26	6516.6	
690.45	6222.4	
690.63	5393.7	
690.81	5079	
691	6505	
691.18	6219.7	
691.37	5152.7	
691.55	6426.5	
691.74	6231.3	
691.92	7333.8	
692.1	5115.1	
692.29	4769	
692.47	6507.1	
692.66	6007.4	
692.84	4870.1	
693.02	5185.5	
693.21	6063.4	
693.39	6483.2	
693.58	5364.3	
693.76	4967	
693.94	7050.5	
694.13	6957.6	
694.31	5112.4	
694.5	5684.5	
694.68	6416.3	
694.86	6690	
695.05	5354.8	
695.23	5633.3	
695.42	6965.8	
695.6	8203.5	
695.78	5774.6	
695.97	5226.4	
696.15	7069.6	
696.34	6647	
696.52	5188.9	
696.7	5647.6	
696.89	6858.6	
697.07	6505	
697.25	5550.7	
697.44	6397.9	
697.62	6841.6	
697.81	6913.9	
697.99	5343.8	
698.17	5615.5	
698.36	6509.8	
698.54	6899.6	
698.72	5589.6	
698.91	5015.5	
699.09	6623.1	
699.28	6475.7	
699.46	5412.8	
699.64	5272.8	
699.83	6521.4	
700.01	7109.9	
700.19	5816.2	
700.38	4825.7	
700.56	7033.4	
700.74	6526.2	
700.93	5197.7	
701.11	5702.2	
701.29	6930.3	
701.48	7548.8	
701.66	5276.3	
701.84	5502.2	
702.03	6818.4	
702.21	7249.8	
702.39	5154.1	
702.58	5562.3	
702.76	7134.4	
702.94	7164.5	
703.13	5236	
703.31	6571.9	
703.49	6759.7	
703.68	7589.8	
703.86	5379.3	
704.04	5879.7	
704.23	7031.4	
704.41	7255.3	
704.59	5568.4	
704.78	6059.3	
704.96	8114.7	
705.14	7174.7	
705.33	5428.5	
705.51	5859.9	
705.69	6930.3	
705.87	7505.8	
706.06	5965.7	
706.24	5336.3	
706.42	7164.5	
706.61	7249.8	
706.79	6069.5	
706.97	5332.9	
707.16	6842.9	
707.34	7178.1	
707.52	6001.9	
707.7	5527.5	
707.89	6928.3	
708.07	6749.4	
708.25	6099.5	
708.44	6360.3	
708.62	6853.9	
708.8	7531.7	
708.98	6214.2	
709.17	5619.6	
709.35	7104.4	
709.53	7124.2	
709.72	5449.6	
709.9	5530.2	
710.08	7459.4	
710.26	7360.4	
710.45	6361.7	
710.63	5734.3	
710.81	7122.2	
710.99	7111.2	
711.18	6073.6	
711.36	5627.1	
711.54	7007.5	
711.72	7412.3	
711.91	5769.1	
712.09	5394.3	
712.27	7143.3	
712.45	7354.9	
712.64	5801.9	
712.82	5162.9	
713	6735.8	
713.18	6778.8	
713.37	5248.3	
713.55	5943.9	
713.73	7261.4	
713.91	6382.8	
714.1	5299.5	
714.28	4969.1	
714.46	6750.1	
714.64	6181.5	
714.83	4410	
715.01	4810	
715.19	6148.7	
715.37	5647.6	
715.55	4501.4	
715.74	4610	
715.92	6562.4	
716.1	5306.3	
716.28	5371.8	
716.47	4717.8	
716.65	5852.4	
716.83	5756.8	
717.01	4684.4	
717.19	4599.7	
717.38	6932.4	
717.56	5578.7	
717.74	4809.3	
717.92	4300.1	
718.1	6342.6	
718.29	5867.4	
718.47	4159.4	
718.65	4502.1	
718.83	6522.1	
719.01	6427.9	
719.2	4272.7	
719.38	4975.9	
719.56	6410.1	
719.74	7265.5	
719.92	4786.8	
720.11	5395	
720.29	6519.4	
720.47	5951.4	
720.65	4450.9	
720.83	4939.7	
721.02	6030.6	
721.2	5805.3	
721.38	4829.8	
721.56	4362.9	
721.74	5483.1	
721.92	5482.4	
722.11	5046.2	
722.29	4896	
722.47	6309.8	
722.65	5766.4	
722.83	4343.1	
723.01	4858.5	
723.2	5856.5	
723.38	6051.7	
723.56	4032.5	
723.74	4682.3	
723.92	5526.8	
724.1	6113.2	
724.29	4314.4	
724.47	4994.3	
724.65	5685.2	
724.83	5524.7	
725.01	4311.7	
725.19	4706.2	
725.37	5554.1	
725.56	5500.2	
725.74	4199.7	
725.92	4366.3	
726.1	5584.8	
726.28	5709.7	
726.46	4631.8	
726.64	4400.4	
726.83	5834	
727.01	5855.1	
727.19	4224.3	
727.37	4681.7	
727.55	5895.4	
727.73	6193.1	
727.91	4181.3	
728.09	4027.7	
728.28	6143.9	
728.46	6222.4	
728.64	4710.3	
728.82	4721.3	
729	6789	
729.18	6482.5	
729.36	4215.4	
729.54	5570.5	
729.72	6966.5	
729.91	6055.8	
730.09	5563	
730.27	4812	
730.45	6104.3	
730.63	6422.4	
730.81	5110.4	
730.99	4668	
731.17	6819.1	
731.35	5900.9	
731.53	4934.2	
731.71	4749.9	
731.9	6569.2	
732.08	6641.6	
732.26	4900.8	
732.44	4662.5	
732.62	6664.1	
732.8	6378.1	
732.98	5093.3	
733.16	4461.8	
733.34	6402	
733.52	5532.9	
733.7	4816.1	
733.88	4922	
734.07	6212.2	
734.25	6099.5	
734.43	4459.8	
734.61	5331.5	
734.79	6942.6	
734.97	6041.5	
735.15	4556.7	
735.33	4777.9	
735.51	6262.7	
735.69	6068.8	
735.87	5317.9	
736.05	4818.2	
736.23	6158.9	
736.41	5967.1	
736.59	4727.4	
736.77	4823	
736.95	6429.9	
737.13	6039.5	
737.32	4539.7	
737.5	4626.4	
737.68	6790.4	
737.86	5978.7	
738.04	4435.9	
738.22	5489.2	
738.4	5921.4	
738.58	6125.5	
738.76	4742.4	
738.94	4191.5	
739.12	5970.5	
739.3	5864.7	
739.48	5101.5	
739.66	4924.7	
739.84	6051.1	
740.02	6059.9	
740.2	4285	
740.38	4390.2	
740.56	6305	
740.74	5509.7	
740.92	4830.5	
741.1	4638	
741.28	5944.6	
741.46	5749.3	
741.64	4500.1	
741.82	4814.8	
742	5941.8	
742.18	5781.4	
742.36	4586.8	
742.54	4381.3	
742.72	6365.8	
742.9	5430.5	
743.08	4761.5	
743.26	4046.8	
743.44	6253.1	
743.62	6121.4	
743.8	4801.1	
743.98	4308.2	
744.16	6042.2	
744.34	5772.5	
744.52	4700.8	
744.7	4737	
744.88	6072.9	
745.06	5691.3	
745.24	4725.3	
745.42	4822.3	
745.6	6167.1	
745.78	5967.1	
745.96	4016.1	
746.14	4166.3	
746.32	6512.5	
746.5	5941.8	
746.68	4533.5	
746.86	4106.9	
747.03	6186.9	
747.21	5218.2	
747.39	4431.8	
747.57	4084.3	
747.75	5768.4	
747.93	5936.4	
748.11	4106.2	
748.29	4073.4	
748.47	6751.5	
748.65	5526.1	
748.83	4554.7	
749.01	4376.5	
749.19	5844.9	
749.37	5250.3	
749.55	4296.6	
749.73	4362.9	
749.91	5740.5	
750.09	5438.7	
750.26	4306.2	
750.44	3919.8	
750.62	5657.2	
750.8	5560.2	
750.98	3906.8	
751.16	4053.6	
751.34	5754.1	
751.52	5291.3	
751.7	4527.4	
751.88	3832.4	
752.06	5948	
752.24	5713.2	
752.42	3794.9	
752.59	4058.4	
752.77	5550	
752.95	6249	
753.13	4522.6	
753.31	4100	
753.49	5446.2	
753.67	5604.6	
753.85	4277.5	
754.03	4036.5	
754.21	5745.2	
754.38	5984.8	
754.56	3906.2	
754.74	3487.7	
754.92	5168.4	
755.1	5472.9	
755.28	3323.2	
755.46	3336.8	
755.64	5952.8	
755.82	5950	
755.99	3324.5	
756.17	3334.8	
756.35	4247.5	
756.53	5144.5	
756.71	2514.2	
756.89	3366.2	
757.07	4798.4	
757.25	4333.5	
757.42	3474.7	
757.6	4011.3	
757.78	4981.3	
757.96	4366.3	
758.14	3289	
758.32	3033.7	
758.5	4035.9	
758.67	4583.4	
758.85	3190.7	
759.03	3252.2	
759.21	4754	
759.39	4356.7	
759.57	2940.2	
759.75	3655.6	
759.92	5171.8	
760.1	4816.1	
760.28	3893.9	
760.46	3988.8	
760.64	4629.1	
760.82	4498	
760.99	3747.8	
761.17	3372.3	
761.35	5204.6	
761.53	4418.2	
761.71	3537.5	
761.89	3853.6	
762.06	5074.9	
762.24	4832.5	
762.42	3574.4	
762.6	3476.1	
762.78	4902.2	
762.96	5134.3	
763.13	3839.9	
763.31	3601.7	
763.49	5288.5	
763.67	4836.6	
763.85	4100	
764.02	4382	
764.2	5563	
764.38	4929.5	
764.56	3527.3	
764.74	4086.4	
764.91	5542.5	
765.09	4844.8	
765.27	3421.5	
765.45	3217.4	
765.63	5721.3	
765.8	5382.1	
765.98	3144.3	
766.16	3255.6	
766.34	4560.8	
766.52	4474.1	
766.69	3846.8	
766.87	3150.5	
767.05	4874.8	
767.23	5326.8	
767.41	3338.9	
767.58	3532.1	
767.76	5193	
767.94	5159.5	
768.12	3381.9	
768.29	3764.2	
768.47	4836.6	
768.65	5282.4	
768.83	3140.9	
769	3792.2	
769.18	4648.9	
769.36	5012.7	
769.54	3824.2	
769.72	3129.3	
769.89	5214.1	
770.07	5204.6	
770.25	3384.6	
770.43	4076.8	
770.6	5666	
770.78	5790.3	
770.96	3489.7	
771.14	3839.3	
771.31	5145.9	
771.49	4764.3	
771.67	2935.4	
771.85	3055.6	
772.02	4258.4	
772.2	4682.3	
772.38	3555.3	
772.55	3138.2	
772.73	4929.5	
772.91	4713.7	
773.09	3347.7	
773.26	3454.9	
773.44	4838.7	
773.62	4681	
773.8	3105.4	
773.97	2968.2	
774.15	4809.3	
774.33	4602.5	
774.5	3081.5	
774.68	3222.8	
774.86	4902.8	
775.04	4597.7	
775.21	3099.9	
775.39	3039.9	
775.57	4761.5	
775.74	4833.2	
775.92	2935.4	
776.1	2841.9	
776.27	4685.1	
776.45	5419.6	
776.63	3000.3	
776.81	2870.6	
776.98	4464.6	
777.16	5151.3	
777.34	3151.1	
777.51	3324.5	
777.69	4527.4	
777.87	4373.1	
778.04	3239.9	
778.22	3485	
778.4	4389.5	
778.57	4762.9	
778.75	2678.1	
778.93	2917	
779.1	4282.3	
779.28	4040	
779.46	2669.9	
779.64	2966.8	
779.81	4931.5	
779.99	5279.7	
780.17	3431.7	
780.34	3525.9	
780.52	4558.1	
780.69	4585.4	
780.87	3147	
781.05	2912.2	
781.22	4553.3	
781.4	4549.9	
781.58	3003	
781.75	2472.6	
781.93	4603.8	
782.11	4109.6	
782.28	3564.8	
782.46	2957.3	
782.64	4088.4	
782.81	4715.8	
782.99	3050.1	
783.17	2950.4	
783.34	4541.7	
783.52	4218.8	
783.69	3043.3	
783.87	3564.1	
784.05	4221.5	
784.22	4172.4	
784.4	3519.1	
784.58	3196.2	
784.75	4788.8	
784.93	4256.4	
785.1	2951.1	
785.28	3325.9	
785.46	4640	
785.63	4071.4	
785.81	2972.3	
785.99	2820.1	
786.16	4332.8	
786.34	4506.2	
786.51	2884.9	
786.69	3145	
786.87	4021.5	
787.04	4260.5	
787.22	2784.6	
787.39	3323.9	
787.57	4170.3	
787.75	4778.6	
787.92	3493.2	
788.1	3362.1	
788.27	4147.8	
788.45	3922.5	
788.63	3257.6	
788.8	2472.6	
788.98	4529.4	
789.15	3881.6	
789.33	2542.9	
789.5	2916.3	
789.68	4728.8	
789.86	4768.4	
790.03	3181.9	
790.21	2836.4	
790.38	4775.9	
790.56	4265.9	
790.73	2778.4	
790.91	2708.1	
791.09	4190.8	
791.26	4562.2	
791.44	2954.5	
791.61	2577.7	
791.79	4192.2	
791.96	4113	
792.14	2668.5	
792.32	2413.9	
792.49	4139.6	
792.67	4191.5	
792.84	2756.6	
793.02	2560	
793.19	4465.9	
793.37	4814.8	
793.54	2415.9	
793.72	2664.4	
793.89	4934.9	
794.07	4104.1	
794.25	2979.1	
794.42	2505.3	
794.6	4754.7	
794.77	4463.9	
794.95	3097.9	
795.12	2799.6	
795.3	4144.4	
795.47	4394.9	
795.65	3067.2	
795.82	2961.4	
796	4032.5	
796.17	5090.6	
796.35	2910.8	
796.52	3257	
796.7	4426.3	
796.87	4521.2	
797.05	2876	
797.22	3332.7	
797.4	4500.8	
797.57	5038.7	
797.75	2948.4	
797.92	2775	
798.1	4714.4	
798.27	3926.6	
798.45	2494.4	
798.62	2612.5	
798.8	4317.1	
798.97	4582	
799.15	3092.4	
799.32	2889.7	
799.5	3869.3	
799.67	4303.5	
799.85	3160.7	
800.02	2421.4	
800.2	4096.6	
800.37	4225	
800.55	3170.3	
800.72	2773.6	
800.9	4627	
801.07	4803.2	
801.25	3502.7	
801.42	3023.5	
801.6	4657.8	
801.77	4236.6	
801.95	2823.5	
802.12	2692.4	
802.29	4455	
802.47	4341.7	
802.64	3016	
802.82	2433.7	
802.99	4037.2	
803.17	4612.7	
803.34	2944.3	
803.52	2718.3	
803.69	5053.7	
803.87	3929.4	
804.04	2991.4	
804.21	2937.5	
804.39	4842.1	
804.56	4149.9	
804.74	2568.2	
804.91	2993.4	
805.09	4139.6	
805.26	4063.2	
805.44	2617.3	
805.61	2824.8	
805.78	4534.2	
805.96	4486.4	
806.13	2955.9	
806.31	3174.4	
806.48	3838.6	
806.66	4084.3	
806.83	3014.6	
807	2866.5	
807.18	4127.3	
807.35	4302.8	
807.53	2925.2	
807.7	2441.9	
807.87	4814.1	
808.05	4153.3	
808.22	3177.1	
808.4	2409.1	
808.57	4017.4	
808.74	3866.6	
808.92	2720.4	
809.09	3337.5	
809.27	4160.1	
809.44	4364.9	
809.61	2461.7	
809.79	2639.8	
809.96	4909.7	
810.14	4455	
810.31	2414.6	
810.48	3123.2	
810.66	4101.4	
810.83	4562.2	
811.01	2733.4	
811.18	2979.8	
811.35	4552	
811.53	3719.1	
811.7	3232.4	
811.87	2898.6	
812.05	4157.4	
812.22	4043.4	
812.39	2729.9	
812.57	2561.3	
812.74	4126.7	
812.92	5053	
813.09	2879.4	
813.26	3009.8	
813.44	4873.5	
813.61	3983.3	
813.78	2478.7	
813.96	3056.9	
814.13	4186.7	
814.3	3981.3	
814.48	3306.1	
814.65	2772.3	
814.82	4830.5	
815	3902.7	
815.17	2887	
815.34	3364.8	
815.52	4065.9	
815.69	4057	
815.87	2833	
816.04	2828.2	
816.21	4075.5	
816.38	3786.7	
816.56	2821.4	
816.73	2671.2	
816.9	5028.4	
817.08	4521.2	
817.25	2702.6	
817.42	3153.9	
817.6	3820.1	
817.77	4043.4	
817.94	2923.1	
818.12	2603.7	
818.29	3962.1	
818.46	5422.3	
818.64	2714.2	
818.81	2569.5	
818.98	3949.2	
819.16	5157.5	
819.33	3003	
819.5	2938.2	
819.67	4345.1	
819.85	4719.2	
820.02	2855.6	
820.19	2990.7	
820.37	4229.7	
820.54	4062.5	
820.71	2934.7	
820.88	3476.1	
821.06	4201.7	
821.23	3907.5	
821.4	2935.4	
821.58	2876	
821.75	4467.3	
821.92	4225	
822.09	2425.5	
822.27	2533.3	
822.44	4063.2	
822.61	4070	
822.79	2474.6	
822.96	4227	
823.13	4315.8	
823.3	3840.6	
823.48	2749.7	
823.65	2512.9	
823.82	4512.4	
823.99	3853.6	
824.17	3401.7	
824.34	2551.1	
824.51	5089.9	
824.68	4103.4	
824.86	2670.6	
825.03	2920.4	
825.2	4120.5	
825.37	4672.8	
825.55	2650.1	
825.72	2869.2	
825.89	5049.6	
826.06	4703.5	
826.24	2783.2	
826.41	2818	
826.58	4795	
826.75	4228.4	
826.92	2370.9	
827.1	2598.2	
827.27	6023.1	
827.44	4904.2	
827.61	2651.4	
827.79	3174.4	
827.96	4038.6	
828.13	4001	
828.3	2840.5	
828.47	2407	
828.65	4404.5	
828.82	4307.6	
828.99	3377.1	
829.16	3002.3	
829.34	4596.3	
829.51	4463.2	
829.68	2830.3	
829.85	2904	
830.02	4809.3	
830.2	4562.9	
830.37	2364.7	
830.54	3339.6	
830.71	5067.4	
830.88	4147.1	
831.05	2298.5	
831.23	2637.1	
831.4	4942.4	
831.57	5243.5	
831.74	2676.7	
831.91	2383.8	
832.09	4488.5	
832.26	4572.4	
832.43	2697.2	
832.6	3024.2	
832.77	4355.3	
832.94	4773.8	
833.12	2299.2	
833.29	2640.5	
833.46	4414.1	
833.63	5323.4	
833.8	2938.2	
833.97	2702.6	
834.15	4655	
834.32	4489.1	
834.49	2875.3	
834.66	2836.4	
834.83	4593.6	
835	4049.5	
835.17	2638.5	
835.35	2660.3	
835.52	4494.6	
835.69	4475.5	
835.86	2810.5	
836.03	2368.8	
836.2	4554	
836.37	4280.9	
836.55	2667.8	
836.72	2589.3	
836.89	4260.5	
837.06	4592.2	
837.23	2729.9	
837.4	2913.6	
837.57	5072.8	
837.75	5391.6	
837.92	2518.3	
838.09	2700.6	
838.26	4334.2	
838.43	4647.5	
838.6	2841.2	
838.77	2600.2	
838.94	5130.8	
839.11	5012.7	
839.29	2792.1	
839.46	2252.8	
839.63	4584.7	
839.8	4382	
839.97	2623.4	
840.14	2637.8	
840.31	4458.4	
840.48	4603.2	
840.65	2290.3	
840.82	2669.9	
841	4564.9	
841.17	4433.2	
841.34	2476	
841.51	2579.1	
841.68	4524.6	
841.85	4377.9	
842.02	2564.1	
842.19	2252.1	
842.36	4397.7	
842.53	4451.6	
842.7	2478.7	
842.87	2900.6	
843.05	5395.7	
843.22	4276.2	
843.39	2370.2	
843.56	2532.7	
843.73	4311	
843.9	4691.9	
844.07	3700	
844.24	3099.9	
844.41	5940.5	
844.58	4087.7	
844.75	2446	
844.92	2572.9	
845.09	4505.5	
845.26	4560.8	
845.43	2502.6	
845.6	2636.4	
845.77	4562.2	
845.94	4373.1	
846.12	2721.1	
846.29	2798.2	
846.46	4707.6	
846.63	4481	
846.8	2476.7	
846.97	2886.3	
847.14	4831.8	
847.31	4532.2	
847.48	2729.3	
847.65	2968.9	
847.82	4587.4	
847.99	4633.9	
848.16	3153.9	
848.33	2936.8	
848.5	4220.2	
848.67	4795	
848.84	2471.9	
849.01	2515.6	
849.18	4206.5	
849.35	3982.6	
849.52	2958.6	
849.69	2433	
849.86	4705.5	
850.03	4661.9	
850.2	2469.2	
850.37	2902.7	
850.54	4666	
850.71	4311	
850.88	2883.5	
851.05	2437.1	
851.22	4467.3	
851.39	4799.8	
851.56	2350.4	
851.73	2764.8	
851.9	4095.9	
852.07	4673.5	
852.24	2721.8	
852.41	2394.8	
852.58	4535.6	
852.75	4148.5	
852.92	2688.3	
853.09	2385.2	
853.26	4111.6	
853.43	4719.2	
853.6	2463.7	
853.77	2158.6	
853.94	4852.3	
854.11	4078.9	
854.28	3435.8	
854.44	2647.3	
854.61	5125.4	
854.78	4675.5	
854.95	2437.1	
855.12	2949.8	
855.29	3835.2	
855.46	4788.8	
855.63	2467.8	
855.8	3263.1	
855.97	4189.5	
856.14	4766.3	
856.31	3274	
856.48	2691	
856.65	4294.6	
856.82	4027	
856.99	2388.6	
857.16	2637.1	
857.33	5236.7	
857.49	4352.6	
857.66	2626.2	
857.83	2770.9	
858	4401.8	
858.17	4425.7	
858.34	2372.9	
858.51	2469.2	
858.68	4815.5	
858.85	4888.5	
859.02	2781.8	
859.19	2893.8	
859.36	4130.8	
859.52	4041.3	
859.69	2483.5	
859.86	2848	
860.03	4095.9	
860.2	4797.7	
860.37	2344.2	
860.54	2517.6	
860.71	4653	
860.88	4861.2	
861.05	2668.5	
861.21	3007.1	
861.38	4817.5	
861.55	3931.4	
861.72	2301.2	
861.89	2683.5	
862.06	4713.1	
862.23	4907.6	
862.4	2400.2	
862.56	2473.3	
862.73	4572.4	
862.9	4375.8	
863.07	2827.6	
863.24	2278.7	
863.41	4041.3	
863.58	4100	
863.75	2491.7	
863.91	2846.7	
864.08	4769.7	
864.25	4629.1	
864.42	2998.2	
864.59	3319.1	
864.76	5011.4	
864.93	4030.4	
865.09	2419.3	
865.26	2636.4	
865.43	4861.9	
865.6	5007.3	
865.77	2276.7	
865.94	2428.2	
866.1	4780	
866.27	4515.1	
866.44	3449.5	
866.61	2364.7	
866.78	4313	
866.95	4623.6	
867.11	2473.3	
867.28	2258.9	
867.45	4737	
867.62	4059.8	
867.79	2747.7	
867.96	2460.3	
868.12	4071.4	
868.29	4650.3	
868.46	2469.9	
868.63	3104.7	
868.8	4685.1	
868.97	4625.7	
869.13	2587.9	
869.3	2571.6	
869.47	4493.2	
869.64	4638.6	
869.81	2478	
869.97	2456.2	
870.14	4415.4	
870.31	4853	
870.48	2387.9	
870.65	3013.9	
870.81	4392.9	
870.98	4275.5	
871.15	2711.5	
871.32	2551.8	
871.48	4560.1	
871.65	4918.5	
871.82	2407	
871.99	2620	
872.16	5111.7	
872.32	4765.6	
872.49	2517	
872.66	2489	
872.83	4610.7	
872.99	4189.5	
873.16	2737.5	
873.33	2439.1	
873.5	4418.8	
873.67	4420.2	
873.83	2598.9	
874	3144.3	
874.17	4523.3	
874.34	4988.9	
874.5	3067.2	
874.67	2912.2	
874.84	4814.8	
875.01	3997	
875.17	3281.5	
875.34	2461.7	
875.51	4420.2	
875.68	5215.5	
875.84	2904.7	
876.01	3324.5	
876.18	4609.3	
876.34	4583.4	
876.51	2458.9	
876.68	2463	
876.85	4272.1	
877.01	4789.5	
877.18	3321.1	
877.35	2434.4	
877.52	4489.1	
877.68	4068.6	
877.85	2452.8	
878.02	2424.8	
878.18	4187.4	
878.35	4200.4	
878.52	2060.3	
878.69	2845.3	
878.85	4737.6	
879.02	4571.7	
879.19	3304.1	
879.35	2624.8	
879.52	4680.3	
879.69	4693.3	
879.86	2185.9	
880.02	2678.1	
880.19	4404.5	
880.36	5038.7	
880.52	2717.7	
880.69	2861	
880.86	4661.9	
881.02	4657.8	
881.19	2686.3	
881.36	2614.6	
881.52	4607.2	
881.69	4136.9	
881.86	2696.5	
882.02	2645.3	
882.19	4735.6	
882.36	5348.6	
882.52	2532.7	
882.69	3267.9	
882.86	4450.9	
883.02	4449.6	
883.19	2831	
883.36	2718.3	
883.52	4648.2	
883.69	5134.9	
883.86	2529.2	
884.02	2317.6	
884.19	4577.2	
884.36	4394.9	
884.52	2730.6	
884.69	2635.7	
884.86	4233.8	
885.02	4880.3	
885.19	2693.1	
885.36	2792.1	
885.52	4287.1	
885.69	4508.3	
885.86	3366.9	
886.02	3022.1	
886.19	4642.1	
886.35	4199	
886.52	2754.5	
886.69	3315.7	
886.85	4058.4	
887.02	4790.2	
887.19	4790.2	
887.35	4790.2	
887.52	4790.2	
887.68	4790.2	
887.85	4790.2	
888.02	4790.2	
888.18	4790.2	
888.35	4790.2	
888.51	4790.2	
888.68	4790.2	
888.85	4790.2	
889.01	4790.2	
889.18	4790.2	
889.35	4790.2	
889.51	4790.2	
889.68	4790.2	
889.84	4790.2	
890.01	4790.2	
890.17	4790.2	
890.34	4790.2	
890.51	4790.2	
890.67	4790.2	
890.84	4790.2	
891	4790.2	
891.17	4790.2	
891.34	4790.2	
891.5	4790.2	
891.67	4790.2	
891.83	4790.2	
892	4790.2	
892.16	4790.2	
892.33	4790.2	
892.5	4790.2	
892.66	4790.2	
892.83	4790.2	
892.99	4790.2	
893.16	4790.2	
893.32	4790.2	
893.49	4790.2	
893.65	4790.2	
893.82	4790.2	
893.99	4790.2	
894.15	4790.2	
894.32	4790.2	
894.48	4790.2	
894.65	4790.2	
894.81	4790.2	
894.98	4790.2	
895.14	4790.2	
895.31	4790.2	
895.47	4790.2	
895.64	4790.2	
895.81	4790.2	
895.97	4790.2	
896.14	4790.2	
896.3	4790.2	
896.47	4790.2	
896.63	4790.2	
896.8	4790.2	
896.96	4790.2	
897.13	4790.2	
897.29	4790.2	
897.46	4790.2	
897.62	4790.2	
897.79	4790.2	
897.95	4790.2	
898.12	4790.2	
898.28	4790.2	
898.45	4790.2	
898.61	4790.2	
898.78	4790.2	
898.94	4790.2	
899.11	4790.2	
899.27	4790.2	
899.44	4790.2	
899.6	4790.2	
899.77	4790.2	
899.93	4790.2	
900.1	4790.2	
900.26	4790.2	
900.43	4790.2	
900.59	4790.2	
900.76	4790.2	
900.92	4790.2	
901.09	4790.2	
901.25	4790.2	
901.42	4790.2	
901.58	4790.2	
901.75	4790.2	
901.91	4790.2	
902.07	4790.2	
902.24	4790.2	
902.4	4790.2	
902.57	4790.2	
902.73	4790.2	
902.9	4790.2	
903.06	4790.2	
903.23	4790.2	
903.39	4790.2	
903.56	4790.2	
903.72	4790.2	
903.88	4790.2	
904.05	4790.2	
904.21	4790.2	
904.38	4790.2	
904.54	4790.2	
904.71	4790.2	
904.87	4790.2	
905.03	4790.2	
905.2	4790.2	
905.36	4790.2	
905.53	4790.2	
905.69	4790.2	
905.86	4790.2	
906.02	4790.2	
906.18	4790.2	
906.35	4790.2	
906.51	4790.2	
906.68	4790.2	
906.84	4790.2	
907.01	4790.2	
907.17	4790.2	
907.33	4790.2	
907.5	4790.2	
907.66	4790.2	
907.83	4790.2	
907.99	4790.2	
908.15	4790.2	
908.32	4790.2	
908.48	4790.2	
908.65	4790.2	
908.81	4790.2	
908.97	4790.2	
909.14	4790.2	
909.3	4790.2	
909.47	4790.2	
909.63	4790.2	
909.79	4790.2	
909.96	4790.2	
910.12	4790.2	
910.28	4790.2	
910.45	4790.2	
910.61	4790.2	
910.78	4790.2	
910.94	4790.2	
911.1	4790.2	
911.27	4790.2	
911.43	4790.2	
911.59	4790.2	
911.76	4790.2	
911.92	4790.2	
912.08	4790.2	
912.25	4790.2	
912.41	4790.2	
912.57	4790.2	
912.74	4790.2	
912.9	4790.2	
913.07	4790.2	
913.23	4790.2	
913.39	4790.2	
913.56	4790.2	
913.72	4790.2	
913.88	4790.2	
914.05	4790.2	
914.21	4790.2	
914.37	4790.2	
914.54	4790.2	
914.7	4790.2	
914.86	4790.2	
915.03	4790.2	
915.19	4790.2	
