Wavelength	Intensities	
nm	a.u.	
179.22	1892.5	
179.44	1889.3	
179.65	1895.7	
179.86	1882.8	
180.08	1938.7	
180.29	4989.5	
180.51	3549.1	
180.72	5673.6	
180.94	6690.7	
181.15	3275.4	
181.37	3224.2	
181.58	5526.1	
181.79	5827.8	
182.01	3398.3	
182.22	3605.8	
182.44	5794.4	
182.65	4883	
182.87	4616.1	
183.08	4021.5	
183.29	6111.1	
183.51	5058.5	
183.72	3695.2	
183.94	5413.5	
184.15	5412.8	
184.37	5494.7	
184.58	3281.5	
184.79	4465.3	
185.01	5026.4	
185.22	5784.8	
185.44	4799.8	
185.65	3934.1	
185.86	5291.3	
186.08	4930.8	
186.29	3136.1	
186.51	3364.1	
186.72	5106.3	
186.94	5969.8	
187.15	3943	
187.36	4036.5	
187.58	7813	
187.79	5539.1	
188.01	4296.6	
188.22	6639.5	
188.43	6752.2	
188.65	5757.5	
188.86	3366.2	
189.08	4018.8	
189.29	5261.2	
189.5	5216.9	
189.72	3755.3	
189.93	3887.7	
190.15	6009.4	
190.36	7198.6	
190.57	4162.2	
190.79	4063.9	
191	6075.6	
191.22	6079.1	
191.43	4155.3	
191.64	3366.2	
191.86	6279.1	
192.07	6078.4	
192.29	3571	
192.5	3766.9	
192.71	6032.6	
192.93	5216.9	
193.14	3735.5	
193.35	3839.3	
193.57	5203.2	
193.78	6003.3	
194	2998.2	
194.21	3657.7	
194.42	4901.5	
194.64	5487.9	
194.85	4077.5	
195.07	4803.9	
195.28	5481	
195.49	4683.7	
195.71	5103.5	
195.92	3500.7	
196.13	5636.7	
196.35	5754.8	
196.56	5387.5	
196.78	4076.1	
196.99	7145.4	
197.2	6674.3	
197.42	4632.5	
197.63	4161.5	
197.84	4904.2	
198.06	5630.5	
198.27	3761.4	
198.48	5018.9	
198.7	5253.7	
198.91	5335.6	
199.13	4116.4	
199.34	4151.9	
199.55	5838.8	
199.77	4798.4	
199.98	3649.5	
200.19	4177.9	
200.41	5228.5	
200.62	5047.6	
200.83	4283.7	
201.05	4616.8	
201.26	5380.7	
201.47	5088.5	
201.69	3652.9	
201.9	3465.8	
202.11	5435.3	
202.33	6496.8	
202.54	3897.3	
202.76	4332.1	
202.97	5541.8	
203.18	5576.6	
203.4	4265.2	
203.61	4214	
203.82	5536.3	
204.04	5151.3	
204.25	4140.3	
204.46	4037.2	
204.68	5449.6	
204.89	5727.5	
205.1	3994.9	
205.32	3446	
205.53	5911.8	
205.74	6059.3	
205.96	2900.6	
206.17	4229.1	
206.38	5841.5	
206.6	6019.7	
206.81	4758.1	
207.02	3864.5	
207.24	5741.8	
207.45	6193.7	
207.66	3893.9	
207.88	3348.4	
208.09	5677.7	
208.3	5444.9	
208.52	3575.8	
208.73	3949.8	
208.94	5438	
209.15	6225.8	
209.37	3887	
209.58	4100.7	
209.79	5952.8	
210.01	5188.9	
210.22	3151.8	
210.43	3338.2	
210.65	5489.2	
210.86	5915.9	
211.07	3928	
211.29	3551.2	
211.5	5786.9	
211.71	5419.6	
211.93	3532.7	
212.14	3638.6	
212.35	5331.5	
212.56	5657.9	
212.78	4134.8	
212.99	3356.6	
213.2	6477.7	
213.42	5195.7	
213.63	3679.5	
213.84	4018.8	
214.06	4760.2	
214.27	4929.5	
214.48	3863.8	
214.69	4169	
214.91	6150.7	
215.12	6164.4	
215.33	4219.5	
215.55	4672.8	
215.76	6792.4	
215.97	5778	
216.18	4041.3	
216.4	3916.4	
216.61	5113.1	
216.82	6016.9	
217.04	3607.8	
217.25	3796.3	
217.46	6128.9	
217.67	5869.5	
217.89	3192.1	
218.1	3300.6	
218.31	5557.5	
218.53	5582.1	
218.74	3779.2	
218.95	3697.3	
219.16	5372.5	
219.38	6335	
219.59	3657.7	
219.8	4420.2	
220.01	7045	
220.23	5383.4	
220.44	4803.2	
220.65	3540.3	
220.87	5500.8	
221.08	6079.1	
221.29	3340.2	
221.5	4418.8	
221.72	7472.4	
221.93	5079.6	
222.14	4147.1	
222.35	4827.7	
222.57	5474.2	
222.78	5776	
222.99	3929.4	
223.2	4250.9	
223.42	5772.5	
223.63	5858.6	
223.84	3018.7	
224.05	2992.8	
224.27	7021.8	
224.48	6517.3	
224.69	4899.4	
224.9	4075.5	
225.12	5678.3	
225.33	5424.4	
225.54	3295.9	
225.75	3636.5	
225.97	4965	
226.18	5292.6	
226.39	3979.9	
226.6	3697.9	
226.82	5223.7	
227.03	5059.2	
227.24	4141	
227.45	3356.6	
227.67	5801.9	
227.88	6436.1	
228.09	4593.6	
228.3	4648.2	
228.52	5874.3	
228.73	5373.2	
228.94	3842	
229.15	3422.2	
229.36	5360.9	
229.58	5267.4	
229.79	3857.7	
230	4450.2	
230.21	6518	
230.43	5557.5	
230.64	4160.8	
230.85	4293.2	
231.06	5950	
231.28	5917.9	
231.49	3386.7	
231.7	3992.2	
231.91	5785.5	
232.12	5431.9	
232.34	3480.2	
232.55	3990.8	
232.76	6137.1	
232.97	5659.2	
233.18	3594.9	
233.4	4057	
233.61	5674.9	
233.82	5207.3	
234.03	3751.9	
234.25	3709.6	
234.46	7590.5	
234.67	5522	
234.88	4280.3	
235.09	3592.1	
235.31	5800.5	
235.52	5330.9	
235.73	4067.9	
235.94	3451.5	
236.15	5158.2	
236.37	6678.4	
236.58	3607.8	
236.79	3975.8	
237	5793.7	
237.21	4947.2	
237.43	4196.3	
237.64	3306.1	
237.85	10006	
238.06	5025	
238.27	4282.3	
238.48	3418.7	
238.7	5797.8	
238.91	5292	
239.12	3902.7	
239.33	3979.2	
239.54	5088.5	
239.76	5362.9	
239.97	3885	
240.18	3950.5	
240.39	6920.1	
240.6	5786.2	
240.82	4076.8	
241.03	3300	
241.24	5438.7	
241.45	6315.9	
241.66	3652.9	
241.87	4353.3	
242.09	6210.1	
242.3	6595.1	
242.51	4274.1	
242.72	3959.4	
242.93	5959.6	
243.14	5431.9	
243.36	4545.1	
243.57	4928.8	
243.78	6339.8	
243.99	5877	
244.2	3931.4	
244.41	3607.2	
244.63	4999.1	
244.84	5830.6	
245.05	4207.9	
245.26	3977.8	
245.47	5737.7	
245.68	5994.4	
245.9	5246.9	
246.11	4094.6	
246.32	5321.3	
246.53	5649	
246.74	6440.9	
246.95	3295.9	
247.16	4909.7	
247.38	5478.3	
247.59	3218	
247.8	3958	
248.01	5122	
248.22	5389.6	
248.43	3591.5	
248.64	3863.8	
248.86	4853.7	
249.07	5207.3	
249.28	3448.8	
249.49	4055	
249.7	6070.9	
249.91	6119.3	
250.12	3284.3	
250.34	3325.2	
250.55	5537.7	
250.76	5421	
250.97	4080.2	
251.18	4130.1	
251.39	6092	
251.6	5658.5	
251.81	4201.1	
252.03	4080.9	
252.24	5158.2	
252.45	6029.9	
252.66	3401	
252.87	4349.9	
253.08	5498.1	
253.29	7263.5	
253.5	3431	
253.72	4825.7	
253.93	5294	
254.14	6479.8	
254.35	3764.8	
254.56	3846.8	
254.77	5719.3	
254.98	5065.3	
255.19	3690.4	
255.41	4760.2	
255.62	5569.1	
255.83	6097.5	
256.04	4235.2	
256.25	4157.4	
256.46	6516	
256.67	5147.2	
256.88	4065.9	
257.09	4522.6	
257.31	5076.2	
257.52	5117.9	
257.73	5182.7	
257.94	3708.2	
258.15	5303.6	
258.36	5511.1	
258.57	4668	
258.78	2968.2	
258.99	6000.5	
259.2	5332.2	
259.41	3788.1	
259.63	3822.2	
259.84	6358.9	
260.05	6802	
260.26	4980.7	
260.47	3627	
260.68	6056.5	
260.89	5334.3	
261.1	4562.9	
261.31	3569.6	
261.52	5951.4	
261.73	6414.2	
261.95	4891.2	
262.16	4304.8	
262.37	6185.5	
262.58	6284.5	
262.79	4866.7	
263	3867.2	
263.21	5422.3	
263.42	5000.5	
263.63	3885	
263.84	3771.7	
264.05	6023.8	
264.26	6408.1	
264.47	4750.6	
264.69	4100.7	
264.9	6133	
265.11	5659.9	
265.32	3601	
265.53	3796.3	
265.74	5556.8	
265.95	4844.1	
266.16	4051.6	
266.37	4427.7	
266.58	5634	
266.79	5307	
267	3691.8	
267.21	3461.7	
267.42	5055.8	
267.63	5437.4	
267.84	3976.5	
268.06	3388	
268.27	5894.1	
268.48	6196.5	
268.69	3762.8	
268.9	4575.2	
269.11	6130.9	
269.32	4965	
269.53	3943	
269.74	3700.7	
269.95	5798.5	
270.16	4771.1	
270.37	3942.3	
270.58	4576.5	
270.79	5250.3	
271	6068.8	
271.21	4287.8	
271.42	3962.8	
271.63	5597.8	
271.84	5111	
272.05	3151.8	
272.26	3555.3	
272.47	5489.2	
272.68	5661.3	
272.89	3768.9	
273.11	4381.3	
273.32	5255.1	
273.53	6438.8	
273.74	4270.7	
273.95	4169.7	
274.16	6132.3	
274.37	5531.6	
274.58	4259.8	
274.79	3418.1	
275	5602.6	
275.21	6163	
275.42	5163.6	
275.63	4422.9	
275.84	5726.8	
276.05	7169.3	
276.26	4125.3	
276.47	3880.2	
276.68	5357.5	
276.89	6552.8	
277.1	4442	
277.31	3432.4	
277.52	5763.7	
277.73	5854.5	
277.94	3436.5	
278.15	3822.2	
278.36	5709.1	
278.57	5126.7	
278.78	3766.2	
278.99	4281.6	
279.2	5105.6	
279.41	5089.9	
279.62	4957.4	
279.83	3502.7	
280.04	6642.9	
280.25	4964.3	
280.46	4958.8	
280.67	3940.3	
280.88	5117.9	
281.09	6167.1	
281.3	4151.2	
281.51	5229.1	
281.72	5896.8	
281.93	5951.4	
282.14	3719.8	
282.35	3953.9	
282.56	5953.4	
282.77	5976	
282.98	3799.7	
283.19	4663.9	
283.4	7292.1	
283.61	5418.9	
283.82	3435.8	
284.03	4913.8	
284.24	5571.8	
284.45	6136.4	
284.66	4946.5	
284.87	4712.4	
285.08	6026.5	
285.29	6227.2	
285.5	3302	
285.71	3872.7	
285.92	6132.3	
286.12	6758.3	
286.33	4857.8	
286.54	3855	
286.75	5980.8	
286.96	5339.1	
287.17	3546.4	
287.38	4760.2	
287.59	5137	
287.8	5092.6	
288.01	3904.8	
288.22	4478.2	
288.43	5970.5	
288.64	4944.5	
288.85	4562.9	
289.06	4321.2	
289.27	5918.6	
289.48	6449.1	
289.69	4868	
289.9	4453	
290.11	6164.4	
290.32	5131.5	
290.53	4697.4	
290.74	4292.5	
290.94	5943.2	
291.15	5991.7	
291.36	3752.6	
291.57	4407.2	
291.78	5155.4	
291.99	4848.2	
292.2	3556.6	
292.41	4313	
292.62	6012.8	
292.83	5810.8	
293.04	5349.3	
293.25	3538.9	
293.46	5227.1	
293.67	6088.6	
293.88	3693.2	
294.09	3551.2	
294.29	5016.8	
294.5	5603.2	
294.71	3958	
294.92	3784.6	
295.13	5242.8	
295.34	6589	
295.55	3276.1	
295.76	3416	
295.97	5941.8	
296.18	6653.9	
296.39	3500.7	
296.6	3726.6	
296.81	5539.8	
297.01	5833.3	
297.22	3824.9	
297.43	3672.7	
297.64	5098.1	
297.85	5127.4	
298.06	3059.7	
298.27	3351.8	
298.48	5523.4	
298.69	5162.9	
298.9	4022.9	
299.11	3627.6	
299.31	4984.1	
299.52	5004.6	
299.73	4291.9	
299.94	4213.4	
300.15	5465.3	
300.36	5096	
300.57	4209.3	
300.78	4250.9	
300.99	5353.4	
301.2	5563	
301.4	3665.2	
301.61	3988.8	
301.82	5874.3	
302.03	5901.6	
302.24	4467.3	
302.45	3502.7	
302.66	5748.6	
302.87	6300.2	
303.08	3704.8	
303.29	5068	
303.49	5221.6	
303.7	5481.7	
303.91	3266.5	
304.12	4827.7	
304.33	4944.5	
304.54	5646.9	
304.75	3747.8	
304.96	3507.5	
305.16	5795.8	
305.37	6518.7	
305.58	3188.7	
305.79	3373.7	
306	5887.2	
306.21	4868.7	
306.42	3735.5	
306.63	5691.3	
306.83	5285.8	
307.04	6144.6	
307.25	4072	
307.46	4093.9	
307.67	4624.3	
307.88	5917.3	
308.09	3616.7	
308.29	3809.2	
308.5	5539.1	
308.71	6081.1	
308.92	3957.4	
309.13	3555.3	
309.34	5393	
309.55	5375.9	
309.75	4603.8	
309.96	4232.5	
310.17	5958.2	
310.38	5109	
310.59	4475.5	
310.8	3474	
311.01	5697.4	
311.21	5304.9	
311.42	3525.2	
311.63	3587.4	
311.84	5236.7	
312.05	5601.2	
312.26	4110.3	
312.46	4530.1	
312.67	5357.5	
312.88	4988.9	
313.09	3566.9	
313.3	3480.9	
313.51	6337.1	
313.71	6632	
313.92	3534.1	
314.13	3741.6	
314.34	5659.2	
314.55	5300.8	
314.76	4611.3	
314.96	3990.8	
315.17	5567.7	
315.38	5903.6	
315.59	3567.6	
315.8	3410.6	
316.01	6323.4	
316.21	6399.9	
316.42	3405.8	
316.63	3969	
316.84	5390.9	
317.05	6219.7	
317.26	4216.8	
317.46	3768.9	
317.67	5429.2	
317.88	5894.1	
318.09	4587.4	
318.3	3323.2	
318.5	5147.9	
318.71	5770.5	
318.92	5798.5	
319.13	4196.3	
319.34	5975.3	
319.54	6120	
319.75	3308.2	
319.96	3187.3	
320.17	5822.4	
320.38	6045.6	
320.58	3239.2	
320.79	3895.2	
321	6046.3	
321.21	6224.5	
321.42	3977.8	
321.62	3269.2	
321.83	5066.7	
322.04	5494	
322.25	3792.8	
322.46	3575.1	
322.66	5581.4	
322.87	5723.4	
323.08	4481	
323.29	3491.8	
323.5	6557.6	
323.7	5023	
323.91	4911	
324.12	4349.9	
324.33	5537	
324.53	5792.3	
324.74	4185.4	
324.95	4539	
325.16	4812.7	
325.37	5341.1	
325.57	3592.1	
325.78	3682.2	
325.99	5543.2	
326.2	4973.2	
326.4	5193	
326.61	3274	
326.82	5382.7	
327.03	5617.6	
327.24	5066	
327.44	4896.7	
327.65	5771.9	
327.86	4640.7	
328.07	4179.9	
328.27	3408.5	
328.48	6166.4	
328.69	5052.3	
328.9	5209.3	
329.1	3851.5	
329.31	5369.8	
329.52	6358.9	
329.73	3580.5	
329.93	4043.4	
330.14	5514.5	
330.35	5694	
330.56	5920	
330.76	4437.3	
330.97	5284.4	
331.18	5721.3	
331.39	3961.5	
331.59	3250.1	
331.8	6123.4	
332.01	6213.5	
332.22	3683.6	
332.42	4220.2	
332.63	5582.1	
332.84	5159.5	
333.05	3972.4	
333.25	3661.1	
333.46	5272.2	
333.67	5496.7	
333.88	3757.3	
334.08	4152.6	
334.29	7416.4	
334.5	6165.8	
334.7	3525.2	
334.91	5141.1	
335.12	4991.6	
335.33	5930.9	
335.53	3953.9	
335.74	5931.6	
335.95	5213.4	
336.16	5117.9	
336.36	4040.6	
336.57	4588.1	
336.78	4975.9	
336.98	6070.2	
337.19	4983.4	
337.4	3892.5	
337.61	6657.9	
337.81	5054.4	
338.02	3666.5	
338.23	4721.3	
338.43	6277	
338.64	5152	
338.85	3604.4	
339.05	4778.6	
339.26	6315.9	
339.47	4908.3	
339.68	3634.5	
339.88	5395.7	
340.09	5789.6	
340.3	6022.4	
340.5	4246.8	
340.71	3198.9	
340.92	4932.2	
341.13	6236.1	
341.33	3494.5	
341.54	4259.1	
341.75	5729.5	
341.95	5393.7	
342.16	4036.5	
342.37	4433.2	
342.57	5059.2	
342.78	5457.8	
342.99	4528.1	
343.19	3222.1	
343.4	5925.5	
343.61	5726.1	
343.81	3800.3	
344.02	3535.5	
344.23	5935.7	
344.43	6402	
344.64	4494.6	
344.85	4449.6	
345.06	5778.7	
345.26	6089.3	
345.47	4191.5	
345.68	4875.5	
345.88	4818.2	
346.09	5975.3	
346.3	4226.3	
346.5	3204.4	
346.71	5502.2	
346.92	5150.6	
347.12	3296.5	
347.33	4143	
347.54	6075.6	
347.74	6452.5	
347.95	4118.5	
348.16	3096.5	
348.36	5246.9	
348.57	5033.9	
348.78	4055	
348.98	4392.9	
349.19	5443.5	
349.39	4947.9	
349.6	3282.9	
349.81	3644.7	
350.01	5760.3	
350.22	5180.7	
350.43	3960.1	
350.63	4773.8	
350.84	5488.6	
351.05	5274.2	
351.25	3641.3	
351.46	3276.1	
351.67	6128.9	
351.87	5135.6	
352.08	3890.5	
352.29	4420.2	
352.49	5894.7	
352.7	5628.5	
352.9	3492.5	
353.11	4404.5	
353.32	6616.3	
353.52	5259.2	
353.73	3473.4	
353.94	4457.7	
354.14	5806	
354.35	5589.6	
354.55	3603.7	
354.76	3977.2	
354.97	5770.5	
355.17	5541.1	
355.38	3388.7	
355.59	4753.3	
355.79	5158.2	
356	5681.7	
356.2	3984.7	
356.41	3452.2	
356.62	4863.2	
356.82	5406	
357.03	4263.2	
357.24	3803.8	
357.44	5174.5	
357.65	5286.5	
357.85	5130.8	
358.06	3987.4	
358.27	4950.6	
358.47	5152	
358.68	3331.4	
358.88	4279.6	
359.09	5795.8	
359.3	6146.6	
359.5	4982.7	
359.71	4354	
359.91	6596.5	
360.12	5935	
360.33	4251.6	
360.53	4732.2	
360.74	5230.5	
360.94	5205.3	
361.15	4463.2	
361.36	3687.7	
361.56	6004	
361.77	5438	
361.97	4928.8	
362.18	3870	
362.38	6042.9	
362.59	5053	
362.8	3599	
363	3435.8	
363.21	4899.4	
363.41	5563	
363.62	4164.9	
363.83	5201.8	
364.03	5675.6	
364.24	6636.1	
364.44	5270.8	
364.65	5195.7	
364.85	5406.6	
365.06	5298.8	
365.27	3758	
365.47	3809.2	
365.68	6444.3	
365.88	5449.6	
366.09	4230.4	
366.29	3902.7	
366.5	5694	
366.71	6109.1	
366.91	5240.1	
367.12	4472.1	
367.32	6693.4	
367.53	5980.1	
367.73	4272.1	
367.94	5311.7	
368.14	5898.8	
368.35	6866.2	
368.56	4313.7	
368.76	3648.8	
368.97	6026.5	
369.17	7817.8	
369.38	3836.5	
369.58	4103.4	
369.79	5062.6	
369.99	6326.9	
370.2	5129.5	
370.4	4216.8	
370.61	5758.2	
370.82	6963.1	
371.02	4100.7	
371.23	3384.6	
371.43	4982.7	
371.64	6347.3	
371.84	4126	
372.05	5334.3	
372.25	7765.2	
372.46	6066.1	
372.66	4187.4	
372.87	4138.3	
373.07	6108.4	
373.28	7805.5	
373.48	5289.9	
373.69	4900.8	
373.9	5621	
374.1	5654.4	
374.31	5209.3	
374.51	4655	
374.72	6485.2	
374.92	5306.3	
375.13	5354.1	
375.33	4537.6	
375.54	6144.6	
375.74	5489.9	
375.95	4508.9	
376.15	5835.3	
376.36	6065.4	
376.56	5937.1	
376.77	4670.7	
376.97	5156.8	
377.18	7169.9	
377.38	6191	
377.59	5526.8	
377.79	4123.9	
378	6025.1	
378.2	6433.4	
378.41	4265.9	
378.61	4207.2	
378.82	6489.3	
379.02	5622.4	
379.23	4408.6	
379.43	5633.3	
379.64	6540.5	
379.84	6188.3	
380.05	4241.3	
380.25	4190.8	
380.46	6240.2	
380.66	5887.2	
380.87	5576.6	
381.07	5975.3	
381.28	6924.9	
381.48	6255.2	
381.69	4237.2	
381.89	4348.5	
382.1	5193	
382.3	6395.1	
382.51	5451	
382.71	6352.1	
382.91	6280.4	
383.12	6806.1	
383.32	4585.4	
383.53	4854.4	
383.73	6098.9	
383.94	5937.1	
384.14	4732.2	
384.35	3913.7	
384.55	5829.9	
384.76	6316.6	
384.96	4603.8	
385.17	4919.2	
385.37	6235.4	
385.58	5515.2	
385.78	4994.3	
385.98	3818.8	
386.19	5700.2	
386.39	6085.2	
386.6	4406.5	
386.8	4655	
387.01	6298.2	
387.21	6310.5	
387.42	5100.8	
387.62	5670.8	
387.83	5606.7	
388.03	6262.7	
388.23	4763.6	
388.44	5594.4	
388.64	5248.9	
388.85	5511.1	
389.05	5059.8	
389.26	5737	
389.46	7367.9	
389.67	6806.1	
389.87	5104.2	
390.07	5110.4	
390.28	5931.6	
390.48	5511.1	
390.69	4345.1	
390.89	4629.8	
391.1	5755.5	
391.3	6692.1	
391.5	5793	
391.71	6476.4	
391.91	6416.3	
392.12	7475.1	
392.32	5960.3	
392.53	5102.2	
392.73	5833.3	
392.93	6053.1	
393.14	4730.1	
393.34	5560.2	
393.55	6565.1	
393.75	5939.8	
393.95	4757.4	
394.16	4717.2	
394.36	5812.8	
394.57	6460.7	
394.77	4211.3	
394.98	4719.2	
395.18	5727.5	
395.38	5863.3	
395.59	5588.2	
395.79	4571.7	
396	5900.9	
396.2	6466.1	
396.4	5427.1	
396.61	5373.2	
396.81	6616.3	
397.02	5874.9	
397.22	5707	
397.42	5743.9	
397.63	6576.7	
397.83	5844.9	
398.04	4544.4	
398.24	5093.3	
398.44	6408.1	
398.65	5442.8	
398.85	4453.6	
399.05	4628.4	
399.26	5815.5	
399.46	7613.7	
399.67	4998.4	
399.87	4704.2	
400.07	6294.8	
400.28	6619	
400.48	4775.2	
400.69	5938.4	
400.89	6865.5	
401.09	7306.5	
401.3	4732.2	
401.5	5806	
401.7	7589.8	
401.91	7845.8	
402.11	5045.5	
402.32	5288.5	
402.52	6928.3	
402.72	6709.1	
402.93	5460.6	
403.13	4265.2	
403.33	7529	
403.54	6155.5	
403.74	5113.8	
403.94	6077	
404.15	6315.9	
404.35	7501	
404.56	4878.3	
404.76	6844.3	
404.96	6807.4	
405.17	6634.1	
405.37	6283.2	
405.57	5459.9	
405.78	6913.3	
405.98	6296.1	
406.18	4986.8	
406.39	5967.8	
406.59	6889.4	
406.79	6430.6	
407	4816.8	
407.2	4911.7	
407.4	6894.1	
407.61	7139.2	
407.81	4987.5	
408.01	7505.8	
408.22	6072.2	
408.42	8148.9	
408.62	6275	
408.83	5687.9	
409.03	6693.4	
409.23	6547.4	
409.44	5816.9	
409.64	6107	
409.84	7788.4	
410.05	7703.8	
410.25	6014.2	
410.45	5780.1	
410.66	7230.7	
410.86	9693.7	
411.06	6272.9	
411.27	6124.8	
411.47	9458.9	
411.67	7410.9	
411.88	6462	
412.08	6684.6	
412.28	8067.6	
412.49	8600.8	
412.69	6217.6	
412.89	6319.3	
413.09	8449.9	
413.3	8228.1	
413.5	6300.2	
413.7	5984.8	
413.91	7492.8	
414.11	8363.2	
414.31	6248.4	
414.52	6645	
414.72	8119.5	
414.92	8053.3	
415.12	6218.3	
415.33	6674.3	
415.53	8419.9	
415.73	8708	
415.94	7092.8	
416.14	6613.6	
416.34	7453.9	
416.55	7223.2	
416.75	7849.9	
416.95	7275.8	
417.15	8532.5	
417.36	9267.7	
417.56	8099.7	
417.76	7142.6	
417.97	8911.4	
418.17	8666.3	
418.37	6640.9	
418.57	6713.2	
418.78	8219.2	
418.98	7890.8	
419.18	7549.5	
419.38	7555	
419.59	8027.4	
419.79	7559.1	
419.99	6569.9	
420.2	6997.9	
420.4	8524.3	
420.6	8725	
420.8	6437.4	
421.01	6387.6	
421.21	8397.4	
421.41	8606.9	
421.61	6887.3	
421.82	6609.5	
422.02	7849.9	
422.22	8890.9	
422.42	7379.5	
422.63	7003.4	
422.83	7950.2	
423.03	9247.9	
423.23	6941.9	
423.44	5978.7	
423.64	8090.2	
423.84	7755.7	
424.04	6414.2	
424.25	6072.2	
424.45	8901.8	
424.65	8903.2	
424.85	5911.8	
425.06	6488.6	
425.26	8860.9	
425.46	7817.1	
425.66	6938.5	
425.87	6707.1	
426.07	8642.4	
426.27	8490.9	
426.47	6724.2	
426.67	6122.1	
426.88	8968.7	
427.08	8343.4	
427.28	7019.1	
427.48	6032	
427.69	7258.7	
427.89	7965.2	
428.09	6989	
428.29	6156.2	
428.5	8688.8	
428.7	8228.7	
428.9	6036.7	
429.1	6722.8	
429.3	8021.9	
429.51	8617.2	
429.71	6356.9	
429.91	7176.1	
430.11	8501.1	
430.31	8699.8	
430.52	6719.4	
430.72	7131	
430.92	9072.5	
431.12	8487.5	
431.32	6471.6	
431.53	6791.1	
431.73	7428	
431.93	9189.9	
432.13	6302.3	
432.33	6229.2	
432.54	7947.5	
432.74	8397.4	
432.94	6218.3	
433.14	7206.1	
433.34	8485.4	
433.55	8054.7	
433.75	7172	
433.95	9053.4	
434.15	8328.4	
434.35	8043.1	
434.56	6359.6	
434.76	6014.9	
434.96	8316.8	
435.16	8709.3	
435.36	6281.8	
435.56	7542	
435.77	7963.9	
435.97	8183.7	
436.17	8274.5	
436.37	7468.3	
436.57	7943.4	
436.78	7970	
436.98	9220.6	
437.18	8041	
437.38	8740.7	
437.58	8205.5	
437.78	8140	
437.99	6711.2	
438.19	8619.2	
438.39	9414.5	
438.59	6603.3	
438.79	6152.1	
438.99	9330.5	
439.2	8067.6	
439.4	6253.1	
439.6	6336.4	
439.8	8617.9	
440	9697.1	
440.2	7468.9	
440.4	7626	
440.61	9082.1	
440.81	9707.4	
441.01	6641.6	
441.21	7580.9	
441.41	9482.8	
441.61	8999.5	
441.81	7944.8	
442.02	9004.9	
442.22	10053	
442.42	9106.6	
442.62	6747.4	
442.82	6817.7	
443.02	9449.3	
443.22	8708.6	
443.43	7327.6	
443.63	6801.3	
443.83	8425.3	
444.03	8467	
444.23	8178.2	
444.43	7675.8	
444.63	8813.8	
444.83	10030	
445.04	6950.8	
445.24	8233.5	
445.44	9151	
445.64	9222.7	
445.84	7680.6	
446.04	7694.2	
446.24	8446.5	
446.44	9546.3	
446.65	6811.5	
446.85	7269.6	
447.05	8698.4	
447.25	9346.9	
447.45	7378.1	
447.65	6703	
447.85	8715.5	
448.05	8361.2	
448.25	7770.7	
448.46	7608.9	
448.66	8755.7	
448.86	8406.9	
449.06	6540.5	
449.26	7819.1	
449.46	9183.8	
449.66	8122.9	
449.86	7401.4	
450.06	7303.7	
450.26	8364.6	
450.47	8989.2	
450.67	7529.7	
450.87	7878.5	
451.07	9094.3	
451.27	8916.9	
451.47	6860	
451.67	7470.3	
451.87	8562.6	
452.07	9645.9	
452.27	7119.4	
452.47	7089.4	
452.67	8841.8	
452.88	9606.3	
453.08	6411.5	
453.28	8538.7	
453.48	10174	
453.68	8721.6	
453.88	7023.2	
454.08	7210.9	
454.28	9243.8	
454.48	8916.9	
454.68	7897	
454.88	8449.9	
455.08	9415.2	
455.28	9209	
455.48	6978.1	
455.68	7696.3	
455.89	9938.1	
456.09	9632.3	
456.29	7348.1	
456.49	7632.8	
456.69	9818.6	
456.89	9103.9	
457.09	8074.5	
457.29	8529.1	
457.49	9478	
457.69	9725.1	
457.89	7912	
458.09	7309.9	
458.29	9310.1	
458.49	10006	
458.69	8470.4	
458.89	7806.2	
459.09	10410	
459.29	10533	
459.49	7886	
459.69	8712.7	
459.9	9850	
460.1	9501.2	
460.3	7687.4	
460.5	7609.6	
460.7	9863.7	
460.9	9602.2	
461.1	7317.4	
461.3	8718.2	
461.5	10591	
461.7	10262	
461.9	7830.1	
462.1	8245.8	
462.3	9809.1	
462.5	10404	
462.7	7956.4	
462.9	8131.1	
463.1	11572	
463.3	11062	
463.5	8323.6	
463.7	9555.8	
463.9	10112	
464.1	10599	
464.3	8585.1	
464.5	8695.7	
464.7	10806	
464.9	10539	
465.1	10292	
465.3	9210.4	
465.5	11181	
465.7	11256	
465.9	9463	
466.1	9301.9	
466.3	11051	
466.5	10824	
466.7	10329	
466.9	9033.6	
467.1	10862	
467.3	11767	
467.5	10303	
467.7	9072.5	
467.9	12049	
468.1	12998	
468.3	9834.3	
468.5	10434	
468.7	10822	
468.9	10772	
469.1	9365.4	
469.3	10183	
469.5	12878	
469.7	10463	
469.9	9783.1	
470.1	9244.5	
470.3	10945	
470.5	10867	
470.7	10505	
470.9	9194	
471.1	10677	
471.3	10953	
471.5	9028.8	
471.69	11037	
471.89	10443	
472.09	9963.4	
472.29	9919.7	
472.49	10172	
472.69	10159	
472.89	11128	
473.09	8938.7	
473.29	8858.8	
473.49	10245	
473.69	10436	
473.89	9975	
474.09	9125.7	
474.29	11789	
474.49	11454	
474.69	9980.4	
474.89	9280	
475.09	10529	
475.29	10492	
475.49	8736	
475.69	8908.7	
475.88	12056	
476.08	10690	
476.28	8553	
476.48	8946.2	
476.68	11111	
476.88	10949	
477.08	8763.3	
477.28	9285.5	
477.48	10370	
477.68	11139	
477.88	8658.1	
478.08	9009.7	
478.28	11456	
478.48	10639	
478.67	9108.7	
478.87	8380.3	
479.07	11426	
479.27	10633	
479.47	9255.5	
479.67	9286.9	
479.87	11123	
480.07	11737	
480.27	8492.9	
480.47	10196	
480.67	10737	
480.87	11452	
481.06	8826.1	
481.26	9624.8	
481.46	10653	
481.66	10509	
481.86	9207	
482.06	10360	
482.26	10337	
482.46	11377	
482.66	9175.6	
482.86	8665.6	
483.05	10818	
483.25	10208	
483.45	11694	
483.65	9241.8	
483.85	10522	
484.05	10753	
484.25	9586.5	
484.45	10171	
484.65	11572	
484.84	11710	
485.04	9265	
485.24	9290.3	
485.44	11903	
485.64	10145	
485.84	8505.9	
486.04	10060	
486.24	10623	
486.44	11086	
486.63	8464.9	
486.83	9499.2	
487.03	10577	
487.23	10861	
487.43	8654	
487.63	11260	
487.83	10993	
488.02	11996	
488.22	9871.9	
488.42	10502	
488.62	11774	
488.82	10738	
489.02	9450	
489.22	9635.7	
489.41	11597	
489.61	11378	
489.81	9158.5	
490.01	9198.8	
490.21	11555	
490.41	12224	
490.61	9069.1	
490.8	9256.8	
491	11096	
491.2	10307	
491.4	9832.3	
491.6	8893	
491.8	10950	
491.99	11142	
492.19	8770.8	
492.39	9201.5	
492.59	11678	
492.79	11672	
492.99	10195	
493.18	9270.5	
493.38	11911	
493.58	12828	
493.78	10180	
493.98	9754.5	
494.18	11671	
494.37	11214	
494.57	10463	
494.77	10308	
494.97	11989	
495.17	12493	
495.37	9996.1	
495.56	10322	
495.76	12579	
495.96	12203	
496.16	11268	
496.36	10276	
496.55	12368	
496.75	11913	
496.95	10581	
497.15	10481	
497.35	12351	
497.54	12327	
497.74	10172	
497.94	12211	
498.14	13047	
498.34	12926	
498.53	10041	
498.73	10918	
498.93	11739	
499.13	12447	
499.33	10732	
499.52	11118	
499.72	12502	
499.92	12747	
500.12	10363	
500.32	10730	
500.51	12709	
500.71	12530	
500.91	11449	
501.11	10966	
501.31	12621	
501.5	13028	
501.7	11696	
501.9	10602	
502.1	12422	
502.29	12766	
502.49	11097	
502.69	11571	
502.89	12557	
503.09	12568	
503.28	9940.8	
503.48	10094	
503.68	11694	
503.88	11856	
504.07	11144	
504.27	10506	
504.47	12159	
504.67	12166	
504.86	10917	
505.06	10598	
505.26	11721	
505.46	13467	
505.65	10435	
505.85	10658	
506.05	11506	
506.25	12015	
506.44	9716.2	
506.64	10604	
506.84	11350	
507.04	12251	
507.23	9881.4	
507.43	10451	
507.63	13380	
507.83	11662	
508.02	10363	
508.22	9934.7	
508.42	13607	
508.62	11247	
508.81	10120	
509.01	10819	
509.21	11032	
509.4	11380	
509.6	10395	
509.8	9714.9	
510	11338	
510.19	12991	
510.39	9783.1	
510.59	9832.3	
510.79	11171	
510.98	12771	
511.18	9979.1	
511.38	10046	
511.57	12025	
511.77	11923	
511.97	10586	
512.17	9605.7	
512.36	12088	
512.56	11964	
512.76	9635.7	
512.95	9463	
513.15	12256	
513.35	10724	
513.55	10688	
513.74	9747	
513.94	12302	
514.14	11490	
514.33	10864	
514.53	10529	
514.73	11448	
514.92	11663	
515.12	10027	
515.32	9884.2	
515.51	11847	
515.71	12344	
515.91	11653	
516.11	10047	
516.3	13692	
516.5	11434	
516.7	10438	
516.89	11050	
517.09	11481	
517.29	11344	
517.48	10753	
517.68	10124	
517.88	11349	
518.07	11947	
518.27	10662	
518.47	9796.1	
518.66	12481	
518.86	11014	
519.06	9580.4	
519.25	10071	
519.45	11408	
519.65	13045	
519.84	10537	
520.04	11417	
520.24	13331	
520.43	12060	
520.63	10186	
520.83	10001	
521.02	11080	
521.22	11894	
521.42	10501	
521.61	10983	
521.81	11426	
522.01	11565	
522.2	10380	
522.4	10176	
522.6	12295	
522.79	11055	
522.99	10383	
523.18	9708.1	
523.38	12067	
523.58	12059	
523.77	11836	
523.97	9822.1	
524.17	14008	
524.36	13158	
524.56	11303	
524.76	10892	
524.95	12228	
525.15	11830	
525.34	10686	
525.54	10762	
525.74	12573	
525.93	11601	
526.13	11959	
526.33	10745	
526.52	12932	
526.72	12466	
526.91	12093	
527.11	11353	
527.31	13103	
527.5	13568	
527.7	11320	
527.89	10271	
528.09	12024	
528.29	12620	
528.48	11752	
528.68	11399	
528.87	12940	
529.07	13011	
529.27	11125	
529.46	10597	
529.66	12469	
529.85	12879	
530.05	10337	
530.25	11206	
530.44	13973	
530.64	12394	
530.83	10849	
531.03	11194	
531.23	12884	
531.42	12786	
531.62	12041	
531.81	11187	
532.01	13121	
532.21	13693	
532.4	10983	
532.6	11425	
532.79	14203	
532.99	13254	
533.18	11475	
533.38	12628	
533.58	12968	
533.77	13659	
533.97	11520	
534.16	12354	
534.36	13913	
534.55	12998	
534.75	12400	
534.95	11510	
535.14	13803	
535.34	12907	
535.53	11107	
535.73	13153	
535.92	14395	
536.12	13029	
536.31	11182	
536.51	12634	
536.71	13278	
536.9	12889	
537.1	11389	
537.29	11690	
537.49	13826	
537.68	12912	
537.88	11906	
538.07	11141	
538.27	13082	
538.46	14203	
538.66	11008	
538.86	11480	
539.05	13114	
539.25	13489	
539.44	11831	
539.64	11428	
539.83	12978	
540.03	13958	
540.22	11159	
540.42	11247	
540.61	13073	
540.81	13245	
541	11884	
541.2	12415	
541.39	12681	
541.59	12973	
541.78	12149	
541.98	10975	
542.18	12121	
542.37	12241	
542.57	11338	
542.76	11930	
542.96	12084	
543.15	12911	
543.35	11305	
543.54	10593	
543.74	13136	
543.93	12648	
544.13	11222	
544.32	12372	
544.52	12875	
544.71	12031	
544.91	10290	
545.1	11486	
545.3	12190	
545.49	12798	
545.69	10168	
545.88	10849	
546.08	13717	
546.27	13326	
546.47	11346	
546.66	10546	
546.86	12977	
547.05	13602	
547.24	10764	
547.44	10689	
547.63	11984	
547.83	13084	
548.02	11039	
548.22	11195	
548.41	11615	
548.61	12994	
548.8	10443	
549	10474	
549.19	12270	
549.39	12547	
549.58	10068	
549.78	10699	
549.97	12760	
550.17	12134	
550.36	11604	
550.55	12556	
550.75	12149	
550.94	13056	
551.14	10233	
551.33	10794	
551.53	11353	
551.72	12501	
551.92	10785	
552.11	10521	
552.31	12542	
552.5	12586	
552.69	12181	
552.89	10069	
553.08	12459	
553.28	12065	
553.47	10458	
553.67	11694	
553.86	13044	
554.06	11250	
554.25	9545.6	
554.44	10358	
554.64	13835	
554.83	13254	
555.03	10129	
555.22	10534	
555.42	12446	
555.61	12247	
555.8	10275	
556	10661	
556.19	11306	
556.39	12658	
556.58	10320	
556.78	10354	
556.97	12079	
557.16	11859	
557.36	11714	
557.55	9966.8	
557.75	10993	
557.94	12945	
558.13	10056	
558.33	9866.4	
558.52	12689	
558.72	11480	
558.91	9839.8	
559.1	10112	
559.3	11181	
559.49	10802	
559.69	9476.6	
559.88	10431	
560.07	11924	
560.27	12390	
560.46	10672	
560.66	10883	
560.85	11737	
561.04	10882	
561.24	9863.7	
561.43	10044	
561.63	11183	
561.82	11473	
562.01	11263	
562.21	10447	
562.4	11936	
562.59	12910	
562.79	10167	
562.98	9986.6	
563.18	11859	
563.37	13422	
563.56	10703	
563.76	9747	
563.95	11243	
564.14	11202	
564.34	10136	
564.53	9936.7	
564.73	11799	
564.92	12225	
565.11	10412	
565.31	9704.6	
565.5	12391	
565.69	11404	
565.89	9964.1	
566.08	10121	
566.27	12188	
566.47	12706	
566.66	10873	
566.85	9503.3	
567.05	11863	
567.24	11163	
567.44	9862.3	
567.63	11349	
567.82	11921	
568.02	11906	
568.21	9870.5	
568.4	10124	
568.6	11695	
568.79	11752	
568.98	9596.1	
569.18	9867.1	
569.37	11684	
569.56	13654	
569.76	10143	
569.95	11086	
570.14	11940	
570.34	11766	
570.53	9504.6	
570.72	9576.3	
570.91	12349	
571.11	11408	
571.3	10050	
571.49	10973	
571.69	11572	
571.88	11107	
572.07	10619	
572.27	10588	
572.46	11051	
572.65	12129	
572.85	9818	
573.04	10117	
573.23	12407	
573.43	11579	
573.62	9649.3	
573.81	10308	
574	11716	
574.2	11480	
574.39	10028	
574.58	10186	
574.78	12661	
574.97	11857	
575.16	10500	
575.36	10770	
575.55	12209	
575.74	12285	
575.93	9518.3	
576.13	10725	
576.32	11598	
576.51	12173	
576.71	10092	
576.9	11536	
577.09	12481	
577.28	12031	
577.48	10527	
577.67	9581.8	
577.86	11686	
578.05	12028	
578.25	10304	
578.44	10293	
578.63	11843	
578.83	13039	
579.02	9601.6	
579.21	11170	
579.4	12106	
579.6	11751	
579.79	10404	
579.98	12647	
580.17	12351	
580.37	12380	
580.56	9855.5	
580.75	10731	
580.94	12919	
581.14	12790	
581.33	11222	
581.52	10140	
581.71	12281	
581.91	12984	
582.1	9755.8	
582.29	10407	
582.48	11997	
582.68	11860	
582.87	10902	
583.06	10561	
583.25	12304	
583.45	12174	
583.64	11231	
583.83	12011	
584.02	11753	
584.21	12370	
584.41	11227	
584.6	10583	
584.79	11938	
584.98	12818	
585.18	9907.4	
585.37	9962	
585.56	11533	
585.75	12397	
585.94	10116	
586.14	10813	
586.33	12856	
586.52	11880	
586.71	10527	
586.91	10176	
587.1	11110	
587.29	12197	
587.48	10109	
587.67	9962	
587.87	12000	
588.06	12097	
588.25	11342	
588.44	10447	
588.63	11473	
588.83	11964	
589.02	9665.7	
589.21	9529.9	
589.4	10923	
589.59	10751	
589.78	8388.5	
589.98	8702.5	
590.17	10116	
590.36	10787	
590.55	8000.7	
590.74	8916.2	
590.94	12116	
591.13	10525	
591.32	8666.3	
591.51	8169.3	
591.7	11053	
591.89	10408	
592.09	8220.5	
592.28	8778.3	
592.47	9647.3	
592.66	11721	
592.85	8344.8	
593.05	8632.9	
593.24	10340	
593.43	11166	
593.62	8754.4	
593.81	9277.3	
594	10475	
594.19	10822	
594.39	8565.3	
594.58	8583	
594.77	10820	
594.96	11409	
595.15	8456.1	
595.34	9146.9	
595.54	10765	
595.73	9796.8	
595.92	7780.9	
596.11	8961.9	
596.3	11281	
596.49	10008	
596.68	8889.5	
596.88	9340.1	
597.07	11020	
597.26	9864.4	
597.45	8400.1	
597.64	9602.2	
597.83	10138	
598.02	10813	
598.22	8491.6	
598.41	9176.9	
598.6	10561	
598.79	9968.1	
598.98	8480	
599.17	9545.6	
599.36	10639	
599.55	11882	
599.74	10737	
599.94	10376	
600.13	11202	
600.32	9987.3	
600.51	8392.6	
600.7	8511.4	
600.89	11966	
601.08	11960	
601.27	8259.5	
601.47	9322.4	
601.66	11171	
601.85	11828	
602.04	9064.3	
602.23	9313.5	
602.42	10258	
602.61	11001	
602.8	8971.5	
602.99	8741.4	
603.18	10628	
603.37	10863	
603.57	9384.5	
603.76	10135	
603.95	11669	
604.14	11238	
604.33	8853.4	
604.52	9211.8	
604.71	10910	
604.9	10473	
605.09	9727.2	
605.28	9611.1	
605.47	11430	
605.66	11188	
605.86	9443.2	
606.05	8965.3	
606.24	11377	
606.43	9910.1	
606.62	9174.2	
606.81	9980.4	
607	11295	
607.19	10571	
607.38	8553	
607.57	8813.8	
607.76	10359	
607.95	9781.1	
608.14	9177.6	
608.33	9828.9	
608.52	10308	
608.72	11345	
608.91	8475.9	
609.1	8324.3	
609.29	10410	
609.48	9807.7	
609.67	9399.5	
609.86	8327	
610.05	9976.3	
610.24	10304	
610.43	8274.5	
610.62	7847.1	
610.81	11437	
611	11225	
611.19	8310.7	
611.38	9131.2	
611.57	10675	
611.76	11977	
611.95	8168	
612.14	7948.8	
612.33	10456	
612.52	9889	
612.71	8725	
612.9	7940	
613.09	9538.8	
613.28	11961	
613.47	8328.4	
613.66	9402.9	
613.85	10606	
614.04	9968.8	
614.24	8521.6	
614.43	7718.8	
614.62	10725	
614.81	10542	
615	9147.6	
615.19	9073.9	
615.38	9868.5	
615.57	10356	
615.76	9056.1	
615.95	9927.9	
616.14	10740	
616.33	10281	
616.52	9232.9	
616.71	9581.1	
616.9	10700	
617.09	10494	
617.28	8626.7	
617.47	10093	
617.66	9751.7	
617.85	9826.8	
618.04	9709.4	
618.22	9020.6	
618.41	10208	
618.6	11048	
618.79	8898.4	
618.98	8714.1	
619.17	11458	
619.36	9717.6	
619.55	8802.9	
619.74	8899.1	
619.93	10734	
620.12	10124	
620.31	9441.8	
620.5	9630.9	
620.69	11289	
620.88	11763	
621.07	10290	
621.26	9368.8	
621.45	10890	
621.64	10806	
621.83	9549	
622.02	8512.7	
622.21	10873	
622.4	10718	
622.59	10034	
622.78	9719.7	
622.97	10206	
623.16	11298	
623.35	9269.1	
623.54	8467	
623.72	10537	
623.91	10643	
624.1	9613.2	
624.29	8336.6	
624.48	11783	
624.67	10962	
624.86	9549.7	
625.05	8521.6	
625.24	11789	
625.43	10115	
625.62	11349	
625.81	8772.1	
626	11167	
626.19	10461	
626.38	9561.3	
626.56	8855.4	
626.75	10242	
626.94	11000	
627.13	9508	
627.32	8083.3	
627.51	10733	
627.7	12284	
627.89	8122.2	
628.08	9442.5	
628.27	9798.8	
628.46	10189	
628.65	8471.1	
628.83	8088.8	
629.02	10766	
629.21	10007	
629.4	9026.8	
629.59	9155.1	
629.78	10013	
629.97	10911	
630.16	9276.6	
630.35	8678.6	
630.54	11420	
630.72	11166	
630.91	8693.6	
631.1	9353.8	
631.29	10589	
631.48	10726	
631.67	9302.6	
631.86	8810.4	
632.05	10200	
632.24	10375	
632.42	8433.5	
632.61	9031.5	
632.8	10363	
632.99	10061	
633.18	9113.5	
633.37	9581.8	
633.56	10664	
633.75	10544	
633.93	9185.1	
634.12	8759.8	
634.31	11459	
634.5	11056	
634.69	8828.8	
634.88	9338.1	
635.07	10397	
635.25	11010	
635.44	9895.1	
635.63	10033	
635.82	10219	
636.01	9751.7	
636.2	9665	
636.39	9196.1	
636.57	11386	
636.76	11110	
636.95	8529.1	
637.14	10058	
637.33	10753	
637.52	11626	
637.7	8366.6	
637.89	9402.9	
638.08	10255	
638.27	11763	
638.46	9440.5	
638.65	9899.2	
638.83	11807	
639.02	9990.7	
639.21	9321	
639.4	9807	
639.59	10549	
639.78	10069	
639.96	8538.7	
640.15	8535.9	
640.34	10331	
640.53	10434	
640.72	8144.8	
640.91	8561.9	
641.09	9794.8	
641.28	11185	
641.47	8613.8	
641.66	9439.1	
641.85	10498	
642.03	10664	
642.22	9243.8	
642.41	8600.1	
642.6	9794.8	
642.79	9180.4	
642.97	8277.9	
643.16	9128.5	
643.35	9824.8	
643.54	9529.9	
643.73	8169.3	
643.91	8996.7	
644.1	9285.5	
644.29	10018	
644.48	8309.3	
644.67	8283.4	
644.85	9388.6	
645.04	9807	
645.23	7706.5	
645.42	7942	
645.6	9170.1	
645.79	10304	
645.98	7933.8	
646.17	6858.6	
646.36	8794	
646.54	9417.2	
646.73	8604.2	
646.92	7374.1	
647.11	8930.5	
647.29	10092	
647.48	7404.1	
647.67	7126.9	
647.86	10270	
648.05	10287	
648.23	7683.3	
648.42	9050.7	
648.61	9743.6	
648.8	9402.9	
648.98	7426.6	
649.17	7757	
649.36	9004.2	
649.55	8512.7	
649.73	7484.6	
649.92	8272.4	
650.11	8886.8	
650.3	9262.3	
650.48	7615	
650.67	7324.2	
650.86	9423.4	
651.05	8432.9	
651.23	7533.1	
651.42	7610.3	
651.61	8952.4	
651.79	9087.5	
651.98	7742	
652.17	7214.3	
652.36	9451.4	
652.54	8460.8	
652.73	7403.4	
652.92	7200	
653.11	9456.8	
653.29	9476	
653.48	6636.1	
653.67	7692.9	
653.85	8926.4	
654.04	10238	
654.23	7770	
654.42	7253.9	
654.6	8492.2	
654.79	9224.1	
654.98	6705	
655.16	7284.6	
655.35	8105.2	
655.54	8071	
655.73	6918.7	
655.91	6740.5	
656.1	9277.3	
656.29	8032.1	
656.47	6407.4	
656.66	8288.1	
656.85	8455.4	
657.03	8507.9	
657.22	6954.9	
657.41	7132.4	
657.59	8561.9	
657.78	8367.3	
657.97	6698.2	
658.16	7522.9	
658.34	9297.1	
658.53	9720.3	
658.72	8344.8	
658.9	9000.8	
659.09	8711.4	
659.28	8811.7	
659.46	7250.5	
659.65	7240.9	
659.84	8529.8	
660.02	9101.2	
660.21	7044.3	
660.4	7012.9	
660.58	9592	
660.77	8768	
660.96	7740.6	
661.14	6668.2	
661.33	10053	
661.52	9790.7	
661.7	6647	
661.89	10519	
662.08	8495.7	
662.26	8056	
662.45	6910.5	
662.64	7134.4	
662.82	9142.8	
663.01	8296.3	
663.2	7094.8	
663.38	7886	
663.57	9056.1	
663.75	8878.6	
663.94	7370	
664.13	8738	
664.31	8391.9	
664.5	9086.8	
664.69	7497.6	
664.87	8204.2	
665.06	8150.9	
665.25	8957.8	
665.43	8470.4	
665.62	8558.5	
665.8	9211.1	
665.99	8551	
666.18	7344	
666.36	7527	
666.55	9251.4	
666.74	9037.7	
666.92	6987.7	
667.11	8640.4	
667.29	8516.8	
667.48	9131.2	
667.67	8278.6	
667.85	7352.9	
668.04	8634.9	
668.22	8520.9	
668.41	7402	
668.6	7569.3	
668.78	8329.1	
668.97	8600.8	
669.15	7756.3	
669.34	6691.4	
669.53	8269.7	
669.71	8672.5	
669.9	6883.2	
670.08	7550.2	
670.27	8228.7	
670.46	8944.2	
670.64	7793.2	
670.83	8116.8	
671.01	8171.4	
671.2	8851.3	
671.38	6845.7	
671.57	6847	
671.76	9510.1	
671.94	10103	
672.13	6817.7	
672.31	7940	
672.5	9143.5	
672.69	8303.1	
672.87	6940.6	
673.06	7309.9	
673.24	8894.3	
673.43	8381.7	
673.61	7760.4	
673.8	7233.4	
673.98	9014.5	
674.17	9222	
674.36	7823.9	
674.54	7701.7	
674.73	8851.3	
674.91	9034.3	
675.1	7361.8	
675.28	7074.4	
675.47	8607.6	
675.65	9132.6	
675.84	7211.6	
676.03	7597.3	
676.21	8356.4	
676.4	7813	
676.58	8107.9	
676.77	7768.6	
676.95	9875.3	
677.14	8298.4	
677.32	6929.6	
677.51	6698.2	
677.69	9088.2	
677.88	7865.6	
678.06	6696.9	
678.25	6853.9	
678.44	8641.7	
678.62	8206.2	
678.81	6514.6	
678.99	7589.1	
679.18	9400.9	
679.36	8894.3	
679.55	7144.7	
679.73	7774.1	
679.92	8954.4	
680.1	8315.4	
680.29	8469	
680.47	7148.8	
680.66	8267	
680.84	9062.3	
681.03	6406.7	
681.21	7585	
681.4	8256.7	
681.58	8236.9	
681.77	6896.9	
681.95	6888.7	
682.14	9104.6	
682.32	9553.8	
682.51	7838.9	
682.69	6461.3	
682.88	8146.8	
683.06	8796.7	
683.25	7458	
683.43	7927	
683.62	8388.5	
683.8	8785.8	
683.99	7884	
684.17	7165.2	
684.36	9572.9	
684.54	8093.6	
684.73	6115.9	
684.91	6336.4	
685.1	8280.6	
685.28	7695.6	
685.46	6837.5	
685.65	6924.2	
685.83	8465.6	
686.02	7916.1	
686.2	6374	
686.39	6510.5	
686.57	7504.4	
686.76	9193.3	
686.94	6436.8	
687.13	6668.9	
687.31	8480.6	
687.5	7949.5	
687.68	5991.7	
687.86	7329	
688.05	9813.2	
688.23	7511.3	
688.42	7413.6	
688.6	6496.8	
688.79	7871.7	
688.97	7819.8	
689.16	7065.5	
689.34	5864	
689.52	8622.6	
689.71	8824	
689.89	7238.2	
690.08	6507.1	
690.26	8215.8	
690.45	8056.7	
690.63	7385	
690.81	6552.8	
691	7773.4	
691.18	7787.1	
691.37	6780.1	
691.55	8966	
691.74	7645.1	
691.92	9761.3	
692.1	6728.9	
692.29	6118.6	
692.47	7983	
692.66	7122.8	
692.84	6311.2	
693.02	6946	
693.21	7456.7	
693.39	7899	
693.58	7143.3	
693.76	6516	
693.94	9228.8	
694.13	9017.9	
694.31	6608.1	
694.5	7757	
694.68	7834.2	
694.86	8296.3	
695.05	7019.1	
695.23	7388.4	
695.42	8705.9	
695.6	10972	
695.78	7606.8	
695.97	6671.6	
696.15	8699.8	
696.34	7988.4	
696.52	6395.1	
696.7	7265.5	
696.89	8260.1	
697.07	7676.5	
697.25	7092.8	
697.44	8726.4	
697.62	8164.6	
697.81	8583	
697.99	6689.3	
698.17	7255.3	
698.36	7493.5	
698.54	8152.3	
698.72	7074.4	
698.91	6036.7	
699.09	7781.6	
699.28	7620.5	
699.46	6752.2	
699.64	6595.8	
699.83	7628	
700.01	8882.7	
700.19	7372.7	
700.38	5829.9	
700.56	8953	
700.74	7797.3	
700.93	6299.6	
701.11	7153.6	
701.29	8393.9	
701.48	9494.4	
701.66	6535.8	
701.84	6575.3	
702.03	7825.3	
702.21	8559.8	
702.39	6109.8	
702.58	6758.3	
702.76	8252.6	
702.94	8392.6	
703.13	6111.8	
703.31	8669.7	
703.49	7499	
703.68	8575.5	
703.86	6287.3	
704.04	7307.8	
704.23	8193.2	
704.41	8583.7	
704.59	6455.2	
704.78	7706.5	
704.96	9187.9	
705.14	8572.1	
705.33	6262.7	
705.51	7105.1	
705.69	8068.3	
705.87	8879.3	
706.06	7440.3	
706.24	6257.2	
706.42	8332.5	
706.61	8573.5	
706.79	7440.3	
706.97	6338.5	
707.16	7700.4	
707.34	8340	
707.52	7395.9	
707.7	6569.2	
707.89	7867.6	
708.07	7518.1	
708.25	7296.9	
708.44	7497.6	
708.62	7865.6	
708.8	9032.2	
708.98	7700.4	
709.17	6546.7	
709.35	8219.9	
709.53	8317.5	
709.72	6340.5	
709.9	6436.8	
710.08	8428.1	
710.26	8531.8	
710.45	7997.3	
710.63	6605.4	
710.81	8116.8	
710.99	8176.2	
711.18	7206.8	
711.36	6669.6	
711.54	7948.2	
711.72	8612.4	
711.91	6737.1	
712.09	6035.4	
712.27	8048.5	
712.45	8629.5	
712.64	6948.8	
712.82	5829.2	
713	7348.1	
713.18	7467.6	
713.37	5800.5	
713.55	6976.7	
713.73	8254	
713.91	6696.2	
714.1	6085.9	
714.28	5470.1	
714.46	7743.4	
714.64	6754.9	
714.83	4896	
715.01	5685.8	
715.19	6904.4	
715.37	6243.6	
715.55	5282.4	
715.74	5590.3	
715.92	7787.7	
716.1	5737.7	
716.28	6743.3	
716.47	5797.1	
716.65	6439.5	
716.83	6508.4	
717.01	5564.3	
717.19	5700.2	
717.38	8707.3	
717.56	6292	
717.74	5915.9	
717.92	5124	
718.1	7600	
718.29	6842.9	
718.47	4789.5	
718.65	5493.3	
718.83	7560.4	
719.01	7524.2	
719.2	4764.3	
719.38	5895.4	
719.56	7218.4	
719.74	8822.6	
719.92	5364.3	
720.11	6526.2	
720.29	7156.3	
720.47	6236.1	
720.65	4771.8	
720.83	5700.9	
721.02	6561	
721.2	6298.9	
721.38	5767.1	
721.56	5018.9	
721.74	5776	
721.92	6043.6	
722.11	6251.8	
722.29	5967.1	
722.47	7342.7	
722.65	6482.5	
722.83	4982	
723.01	5901.6	
723.2	6518	
723.38	6778.1	
723.56	4382	
723.74	5610.8	
723.92	6053.1	
724.1	7188.4	
724.29	4919.9	
724.47	6168.5	
724.65	6120.7	
724.83	5971.9	
725.01	4819.6	
725.19	5780.1	
725.37	6119.3	
725.56	6186.9	
725.74	4628.4	
725.92	4949.3	
726.1	6057.2	
726.28	6346	
726.46	5382.1	
726.64	5071.5	
726.83	6293.4	
727.01	6635.4	
727.19	4659.8	
727.37	5519.3	
727.55	6442.2	
727.73	6942.6	
727.91	4661.2	
728.09	4586.8	
728.28	7067.5	
728.46	7720.2	
728.64	5681.1	
728.82	5752.7	
729	8267.6	
729.18	7431.4	
729.36	4887.1	
729.54	7369.3	
729.72	8562.6	
729.91	6751.5	
730.09	7017.7	
730.27	5677	
730.45	6728.9	
730.63	7387.7	
730.81	6306.4	
730.99	5339.7	
731.17	7961.1	
731.35	6455.2	
731.53	5870.8	
731.71	5453.1	
731.9	7658.7	
732.08	7834.8	
732.26	5717.2	
732.44	5373.2	
732.62	7913.4	
732.8	7309.9	
732.98	6113.2	
733.16	5138.4	
733.34	7361.1	
733.52	6036	
733.7	5702.2	
733.88	6017.6	
734.07	7092.1	
734.25	6953.5	
734.43	5091.9	
734.61	6814.3	
734.79	8505.9	
734.97	6797.9	
735.15	5343.2	
735.33	5680.4	
735.51	7200.7	
735.69	6842.9	
735.87	6875	
736.05	5947.3	
736.23	7107.1	
736.41	6802	
736.59	5718.6	
736.77	5865.4	
736.95	7520.1	
737.13	6979.5	
737.32	5445.5	
737.5	5626.5	
737.68	8089.5	
737.86	6825.9	
738.04	5162.2	
738.22	7146.7	
738.4	6589	
738.58	6915.3	
738.76	5878.4	
738.94	4766.3	
739.12	6783.6	
739.3	6636.8	
739.48	6513.2	
739.66	6314.6	
739.84	7023.9	
740.02	7086.7	
740.2	4917.2	
740.38	5340.4	
740.56	7516.7	
740.74	6250.4	
740.92	5976.7	
741.1	5816.2	
741.28	6873.7	
741.46	6692.8	
741.64	5493.3	
741.82	6053.8	
742	6922.8	
742.18	6870.3	
742.36	5746.6	
742.54	5304.9	
742.72	7522.2	
742.9	6172.6	
743.08	6123.4	
743.26	4911.7	
743.44	7658.7	
743.62	7586.4	
743.8	6271.6	
743.98	5339.1	
744.16	7218.4	
744.34	6911.9	
744.52	6180.8	
744.7	6116.6	
744.88	7357.7	
745.06	6847.7	
745.24	6186.2	
745.42	6285.9	
745.6	7359.7	
745.78	7138.5	
745.96	4967	
746.14	5270.1	
746.32	8275.2	
746.5	7380.2	
746.68	5833.3	
746.86	5355.4	
747.03	7891.5	
747.21	6055.8	
747.39	5903.6	
747.57	5316.5	
747.75	6987.7	
747.93	7420.5	
748.11	5358.2	
748.29	5233.2	
748.47	8621.3	
748.65	6701	
748.83	6078.4	
749.01	5843.5	
749.19	7215	
749.37	6399.2	
749.55	5636	
749.73	5788.9	
749.91	6776	
750.09	6546	
750.26	5765.7	
750.44	5169.8	
750.62	6952.9	
750.8	6903	
750.98	4969.7	
751.16	5315.8	
751.34	6921.5	
751.52	6244.3	
751.7	6130.3	
751.88	4906.3	
752.06	7450.5	
752.24	7294.9	
752.42	4960.2	
752.59	5264.6	
752.77	6772.6	
752.95	8171.4	
753.13	6008.1	
753.31	5394.3	
753.49	6526.9	
753.67	7013.6	
753.85	5783.5	
754.03	5287.9	
754.21	7182.2	
754.38	7546.1	
754.56	5379.3	
754.74	4402.5	
754.92	6425.8	
755.1	7121.5	
755.28	4401.1	
755.46	4248.9	
755.64	7671	
755.82	7753.6	
755.99	4405.9	
756.17	4529.4	
756.35	5081.7	
756.53	6599.2	
756.71	3378.5	
756.89	4306.2	
757.07	6337.8	
757.25	5347.2	
757.42	4927.4	
757.6	5834.7	
757.78	6449.1	
757.96	5354.1	
758.14	4686.4	
758.32	4106.2	
758.5	4881	
758.67	5705.6	
758.85	4487.8	
759.03	4536.3	
759.21	5948	
759.39	5283.1	
759.57	3941	
759.75	5192.3	
759.92	6605.4	
760.1	5758.2	
760.28	5606.7	
760.46	5930.9	
760.64	5654.4	
760.82	5453.7	
760.99	5521.3	
761.17	4655	
761.35	6589.7	
761.53	5498.8	
761.71	4757.4	
761.89	5595.7	
762.06	6437.4	
762.24	5991.7	
762.42	5022.3	
762.6	4748.6	
762.78	6013.5	
762.96	6724.8	
763.13	5360.2	
763.31	5051	
763.49	6897.6	
763.67	5991	
763.85	5977.3	
764.02	6581.5	
764.2	7207.5	
764.38	6348.7	
764.56	4930.8	
764.74	5861.3	
764.91	7338.6	
765.09	6205.3	
765.27	4610	
765.45	4433.2	
765.63	7386.3	
765.8	7274.4	
765.98	4078.2	
766.16	4553.3	
766.34	5685.8	
766.52	5408.7	
766.69	5586.9	
766.87	4317.8	
767.05	6157.6	
767.23	6954.9	
767.41	4628.4	
767.58	4963.6	
767.76	6732.4	
767.94	6802	
768.12	4775.9	
768.29	5571.2	
768.47	6247	
768.65	6925.5	
768.83	4347.8	
769	5570.5	
769.18	5724.8	
769.36	6479.8	
769.54	5365	
769.72	4354	
769.89	6741.9	
770.07	6896.2	
770.25	4707.6	
770.43	6094.1	
770.6	7599.3	
770.78	8069	
770.96	4927.4	
771.14	5535	
771.31	6591.7	
771.49	5985.5	
771.67	3986.7	
771.85	4262.5	
772.02	5161.6	
772.2	5978	
772.38	5122.7	
772.55	4425	
772.73	6214.9	
772.91	6020.3	
773.09	4908.3	
773.26	5023.7	
773.44	6196.5	
773.62	5915.9	
773.8	4342.4	
773.97	4117.8	
774.15	6356.9	
774.33	5806	
774.5	4271.4	
774.68	4622.3	
774.86	6362.4	
775.04	5851	
775.21	4412.7	
775.39	4317.1	
775.57	6213.5	
775.74	6576	
775.92	4153.3	
776.1	4039.3	
776.27	6070.2	
776.45	7454.6	
776.63	4235.2	
776.81	3793.5	
776.98	5723.4	
777.16	6894.8	
777.34	4401.1	
777.51	4780	
777.69	5721.3	
777.87	5479.7	
778.04	4436.6	
778.22	5137	
778.4	5514.5	
778.57	6199.9	
778.75	3726.6	
778.93	3973.7	
779.1	5288.5	
779.28	5082.4	
779.46	3725.9	
779.64	4190.8	
779.81	6306.4	
779.99	7261.4	
780.17	5027.1	
780.34	5218.9	
780.52	5690.6	
780.69	5934.3	
780.87	4529.4	
781.05	4093.2	
781.22	5748	
781.4	5918.6	
781.58	4274.1	
781.75	3388.7	
781.93	5872.2	
782.11	5201.2	
782.28	5153.4	
782.46	4204.5	
782.64	5128.1	
782.81	6039.5	
782.99	4314.4	
783.17	4298	
783.34	5879	
783.52	5096.7	
783.69	4562.9	
783.87	5323.4	
784.05	5063.9	
784.22	5208.7	
784.4	5298.8	
784.58	4553.3	
784.75	6152.1	
784.93	5236.7	
785.1	4244.1	
785.28	4831.8	
785.46	5824.4	
785.63	5130.2	
785.81	4179.2	
785.99	4051.6	
786.16	5289.9	
786.34	5784.1	
786.51	4102.1	
786.69	4516.5	
786.87	4934.9	
787.04	5509	
787.22	3470.6	
787.39	4882.4	
787.57	5096.7	
787.75	6306.4	
787.92	5077.6	
788.1	5059.8	
788.27	5226.4	
788.45	4938.3	
788.63	4718.5	
788.8	3423.5	
788.98	5602.6	
789.15	4933.6	
789.33	3502	
789.5	4224.3	
789.68	6161.7	
789.86	6216.3	
790.03	4729.4	
790.21	4037.2	
790.38	6130.9	
790.56	5294	
790.73	3883.6	
790.91	3947.1	
791.09	5214.1	
791.26	5952.8	
791.44	4166.9	
791.61	3604.4	
791.79	5137.7	
791.96	5257.1	
792.14	3705.5	
792.32	3254.2	
792.49	5134.3	
792.67	5280.3	
792.84	3700	
793.02	3577.8	
793.19	5814.9	
793.37	6410.1	
793.54	3304.1	
793.72	3667.2	
793.89	6479.1	
794.07	5123.3	
794.25	4326.7	
794.42	3338.2	
794.6	6274.3	
794.77	5907	
794.95	4599.7	
795.12	4014.7	
795.3	5172.5	
795.47	5812.8	
795.65	4359.4	
795.82	4296	
796	4943.1	
796.17	7000.6	
796.35	4149.2	
796.52	4803.9	
796.7	5691.3	
796.87	5852.4	
797.05	5087.8	
797.22	5003.2	
797.4	5719.3	
797.57	6783.6	
797.75	4175.8	
797.92	3950.5	
798.1	6091.3	
798.27	5145.2	
798.45	3360.7	
798.62	3609.2	
798.8	5474.9	
798.97	6032	
799.15	4473.4	
799.32	4284.4	
799.5	4715.8	
799.67	5567.7	
799.85	4586.1	
800.02	3246.7	
800.2	5138.4	
800.37	5455.8	
800.55	4770.4	
800.72	3950.5	
800.9	5895.4	
801.07	6376.7	
801.25	5360.9	
801.42	4284.4	
801.6	5917.9	
801.77	5699.5	
801.95	4050.2	
802.12	3889.1	
802.29	5640.1	
802.47	5636.7	
802.64	4274.1	
802.82	3282.2	
802.99	5084.4	
803.17	6170.5	
803.34	4209.9	
803.52	3758	
803.69	6831.3	
803.87	4874.2	
804.04	4132.1	
804.21	4252.3	
804.39	6277	
804.56	5313.8	
804.74	3512.9	
804.91	4345.1	
805.09	5111.7	
805.26	5210.7	
805.44	3571.7	
805.61	4029	
805.78	5876.3	
805.96	5832.6	
806.13	4333.5	
806.31	4630.5	
806.48	4635.9	
806.66	5197.7	
806.83	4312.3	
807	4256.4	
807.18	5058.5	
807.35	5517.9	
807.53	4240	
807.7	3357.3	
807.87	6296.8	
808.05	5159.5	
808.22	4676.2	
808.4	3377.8	
808.57	5148.6	
808.74	4767.7	
808.92	3846.8	
809.09	4829.8	
809.27	5051	
809.44	5689.9	
809.61	3428.3	
809.79	3801.7	
809.96	6309.8	
810.14	5984.2	
810.31	3246	
810.48	3999	
810.66	5284.4	
810.83	6009.4	
811.01	3861.8	
811.18	4613.4	
811.35	5980.8	
811.53	4559.5	
811.7	4703.5	
811.87	4397.7	
812.05	5196.4	
812.22	5036.6	
812.39	3682.2	
812.57	3615.3	
812.74	5132.9	
812.92	6903.7	
813.09	4102.8	
813.26	4435.9	
813.44	6666.8	
813.61	5072.1	
813.78	3426.3	
813.96	4478.2	
814.13	5181.4	
814.3	4826.4	
814.48	4946.5	
814.65	4071.4	
814.82	6449.7	
815	4889.9	
815.17	4169.7	
815.34	5088.5	
815.52	5116.5	
815.69	5074.9	
815.87	4149.9	
816.04	3570.3	
816.21	5171.8	
816.38	4510.3	
816.56	3984.7	
816.73	3747.1	
816.9	6502.3	
817.08	5928.9	
817.25	3756	
817.42	4769.7	
817.6	4719.9	
817.77	5208	
817.94	4245.4	
818.12	3704.8	
818.29	4938.3	
818.46	7773.4	
818.64	3852.2	
818.81	3641.3	
818.98	4788.2	
819.16	7007.5	
819.33	4483	
819.5	4135.5	
819.67	5559.6	
819.85	6202.6	
820.02	4156.7	
820.19	4253.6	
820.37	5429.2	
820.54	4982	
820.71	4310.3	
820.88	5259.2	
821.06	5411.4	
821.23	4937	
821.4	4277.5	
821.58	4217.5	
821.75	5930.2	
821.92	5343.2	
822.09	3375.1	
822.27	3525.2	
822.44	5156.1	
822.61	5036	
822.79	3393.5	
822.96	6666.1	
823.13	5652.4	
823.3	4844.8	
823.48	3973.7	
823.65	3583.3	
823.82	5872.9	
823.99	4614.1	
824.17	5066.7	
824.34	3599.6	
824.51	6799.9	
824.68	5201.8	
824.86	3769.6	
825.03	4259.8	
825.2	5165	
825.37	6268.1	
825.55	3703.4	
825.72	4190.8	
825.89	6936.5	
826.06	6398.5	
826.24	4061.8	
826.41	4097.3	
826.58	6244.9	
826.75	5477.6	
826.92	3216.7	
827.1	3572.3	
827.27	8645.8	
827.44	6881.9	
827.61	3855.6	
827.79	4732.9	
827.96	4821.6	
828.13	5276.9	
828.3	4053.6	
828.47	3414	
828.65	5373.9	
828.82	5304.2	
828.99	5257.1	
829.16	4572.4	
829.34	5750.7	
829.51	5494.7	
829.68	4172.4	
829.85	4317.1	
830.02	6040.8	
830.2	5830.6	
830.37	3234.4	
830.54	5152	
830.71	6639.5	
830.88	5111.7	
831.05	3265.8	
831.23	3811.3	
831.4	6363	
831.57	7109.2	
831.74	3888.4	
831.91	3413.3	
832.09	5412.8	
832.26	5760.9	
832.43	4042	
832.6	4534.2	
832.77	5365	
832.94	6257.9	
833.12	3186	
833.29	3983.3	
833.46	5419.6	
833.63	7421.8	
833.8	4425.7	
833.97	4077.5	
834.15	5814.9	
834.32	5573.2	
834.49	4190.8	
834.66	4295.3	
834.83	6026.5	
835	4887.8	
835.17	3876.1	
835.35	3903.4	
835.52	5683.8	
835.69	5582.1	
835.86	4160.8	
836.03	3364.8	
836.2	5777.3	
836.37	5334.3	
836.55	3994.9	
836.72	3814	
836.89	5299.5	
837.06	5834.7	
837.23	4079.6	
837.4	4496.7	
837.57	6648.4	
837.75	7377.5	
837.92	3689.8	
838.09	3968.3	
838.26	5328.1	
838.43	6137.1	
838.6	4240	
838.77	3768.9	
838.94	6948.1	
839.11	6645.7	
839.29	4003.1	
839.46	3148.4	
839.63	5702.9	
839.8	5470.8	
839.97	3885	
840.14	3885.7	
840.31	5456.5	
840.48	5810.8	
840.65	3157.3	
840.82	3799.7	
841	5775.3	
841.17	5732.9	
841.34	3679.5	
841.51	3633.8	
841.68	5702.9	
841.85	5409.4	
842.02	3768.3	
842.19	3064.4	
842.36	5464.7	
842.53	5518.6	
842.7	3599.6	
842.87	4416.8	
843.05	7230	
843.22	5436	
843.39	3360	
843.56	3672	
843.73	5141.8	
843.9	5809.4	
844.07	5905	
844.24	4927.4	
844.41	8581	
844.58	5017.5	
844.75	3451.5	
844.92	3758	
845.09	5765	
845.26	5834.7	
845.43	3522.5	
845.6	3797.6	
845.77	5769.1	
845.94	5458.5	
846.12	3938.9	
846.29	4189.5	
846.46	5982.8	
846.63	5763.7	
846.8	3602.4	
846.97	4309.6	
847.14	6263.4	
847.31	5696.1	
847.48	4071.4	
847.65	4406.5	
847.82	6027.2	
847.99	6049.7	
848.16	4818.2	
848.33	4452.3	
848.5	5292	
848.67	6289.3	
848.84	3562.1	
849.01	3766.9	
849.18	5173.9	
849.35	4820.2	
849.52	4489.8	
849.69	3519.8	
849.86	5953.4	
850.03	6242.9	
850.2	3590.8	
850.37	4401.8	
850.54	6111.8	
850.71	5395.7	
850.88	4270.7	
851.05	3500.7	
851.22	5655.8	
851.39	6339.8	
851.56	3376.4	
851.73	4087.7	
851.9	5077.6	
852.07	6090.7	
852.24	4007.2	
852.41	3543.7	
852.58	5646.2	
852.75	5111	
852.92	4008.6	
853.09	3519.8	
853.26	5292	
853.43	6188.3	
853.6	3473.4	
853.77	3073.3	
853.94	6348.7	
854.11	5042.1	
854.28	5430.5	
854.44	3884.3	
854.61	6802.7	
854.78	5860.6	
854.95	3558.7	
855.12	4501.4	
855.29	4620.2	
855.46	6376.7	
855.63	3556	
855.8	4950.6	
855.97	5262.6	
856.14	6120.7	
856.31	5072.1	
856.48	3893.9	
856.65	5311.1	
856.82	4974.5	
856.99	3388	
857.16	3821.5	
857.33	7026.6	
857.49	5441.5	
857.66	3804.4	
857.83	4185.4	
858	5385.5	
858.17	5587.5	
858.34	3375.7	
858.51	3577.8	
858.68	6528.9	
858.85	6515.3	
859.02	4151.9	
859.19	4429.8	
859.36	5020.3	
859.52	5121.3	
859.69	3585.3	
859.86	4245.4	
860.03	5102.2	
860.2	6395.1	
860.37	3243.3	
860.54	3631.7	
860.71	5995.8	
860.88	6433.4	
861.05	4021.5	
861.21	4492.6	
861.38	6442.9	
861.55	4958.1	
861.72	3235.8	
861.89	3999	
862.06	6035.4	
862.23	6560.3	
862.4	3443.3	
862.56	3734.8	
862.73	5909.1	
862.9	5509.7	
863.07	4171	
863.24	3203	
863.41	4916.5	
863.58	5043.5	
863.75	3657.7	
863.91	4147.1	
864.08	6408.8	
864.25	5945.9	
864.42	4506.2	
864.59	5029.8	
864.76	6756.2	
864.93	5039.4	
865.09	3457	
865.26	3810.6	
865.43	6283.2	
865.6	6616.3	
865.77	3061	
865.94	3515	
866.1	6313.2	
866.27	6044.2	
866.44	5446.2	
866.61	3388	
866.78	5449.6	
866.95	5903.6	
867.11	3459	
867.28	3110.9	
867.45	6111.8	
867.62	5144.5	
867.79	4089.1	
867.96	3574.4	
868.12	5077.6	
868.29	6020.3	
868.46	3052.2	
868.63	4816.1	
868.8	6224.5	
868.97	5904.3	
869.13	3753.9	
869.3	3690.4	
869.47	5816.2	
869.64	6076.3	
869.81	3626.3	
869.97	3549.1	
870.14	5770.5	
870.31	6390.3	
870.48	3474	
870.65	4569	
870.81	5349.3	
870.98	5322.7	
871.15	4020.2	
871.32	3704.8	
871.48	5878.4	
871.65	6492.1	
871.82	3558.7	
871.99	3844	
872.16	6920.1	
872.32	6315.9	
872.49	3536.2	
872.66	3597.6	
872.83	6044.9	
872.99	5210	
873.16	4106.9	
873.33	3484.3	
873.5	5593	
873.67	5609.4	
873.83	3739.6	
874	4713.1	
874.17	5763	
874.34	6929	
874.5	4630.5	
874.67	4463.2	
874.84	6447.7	
875.01	5094.7	
875.17	5076.2	
875.34	3495.9	
875.51	5664	
875.68	6869.6	
875.84	4345.8	
876.01	5221	
876.18	5965.1	
876.34	5888.6	
876.51	3554.6	
876.68	3530	
876.85	5416.2	
877.01	6193.1	
877.18	5053.7	
877.35	3536.2	
877.52	5541.8	
877.68	4992.9	
877.85	3474.7	
878.02	3521.8	
878.18	5524.7	
878.35	5256.5	
878.52	2826.9	
878.69	3986.7	
878.85	5976.7	
879.02	5953.4	
879.19	5054.4	
879.35	3852.9	
879.52	5899.5	
879.69	6221	
879.86	3082.9	
880.02	4003.1	
880.19	5467.4	
880.36	6691.4	
880.52	4088.4	
880.69	4164.9	
880.86	6029.2	
881.02	6152.1	
881.19	3912.3	
881.36	3862.5	
881.52	5937.7	
881.69	5251	
881.86	3851.5	
882.02	3762.1	
882.19	6259.3	
882.36	7345.4	
882.52	3635.8	
882.69	5059.8	
882.86	5721.3	
883.02	5603.9	
883.19	4337.6	
883.36	4039.3	
883.52	6106.4	
883.69	6906.4	
883.86	3592.8	
884.02	3256.3	
884.19	6045.6	
884.36	5560.9	
884.52	4020.8	
884.69	3811.3	
884.86	5316.5	
885.02	6625.2	
885.19	3984	
885.36	4102.1	
885.52	5573.9	
885.69	5686.5	
885.86	5244.2	
886.02	4621.6	
886.19	5991	
886.35	5399.1	
886.52	3994.2	
886.69	5000.5	
886.85	5096	
887.02	6402	
887.19	6402	
887.35	6402	
887.52	6402	
887.68	6402	
887.85	6402	
888.02	6402	
888.18	6402	
888.35	6402	
888.51	6402	
888.68	6402	
888.85	6402	
889.01	6402	
889.18	6402	
889.35	6402	
889.51	6402	
889.68	6402	
889.84	6402	
890.01	6402	
890.17	6402	
890.34	6402	
890.51	6402	
890.67	6402	
890.84	6402	
891	6402	
891.17	6402	
891.34	6402	
891.5	6402	
891.67	6402	
891.83	6402	
892	6402	
892.16	6402	
892.33	6402	
892.5	6402	
892.66	6402	
892.83	6402	
892.99	6402	
893.16	6402	
893.32	6402	
893.49	6402	
893.65	6402	
893.82	6402	
893.99	6402	
894.15	6402	
894.32	6402	
894.48	6402	
894.65	6402	
894.81	6402	
894.98	6402	
895.14	6402	
895.31	6402	
895.47	6402	
895.64	6402	
895.81	6402	
895.97	6402	
896.14	6402	
896.3	6402	
896.47	6402	
896.63	6402	
896.8	6402	
896.96	6402	
897.13	6402	
897.29	6402	
897.46	6402	
897.62	6402	
897.79	6402	
897.95	6402	
898.12	6402	
898.28	6402	
898.45	6402	
898.61	6402	
898.78	6402	
898.94	6402	
899.11	6402	
899.27	6402	
899.44	6402	
899.6	6402	
899.77	6402	
899.93	6402	
900.1	6402	
900.26	6402	
900.43	6402	
900.59	6402	
900.76	6402	
900.92	6402	
901.09	6402	
901.25	6402	
901.42	6402	
901.58	6402	
901.75	6402	
901.91	6402	
902.07	6402	
902.24	6402	
902.4	6402	
902.57	6402	
902.73	6402	
902.9	6402	
903.06	6402	
903.23	6402	
903.39	6402	
903.56	6402	
903.72	6402	
903.88	6402	
904.05	6402	
904.21	6402	
904.38	6402	
904.54	6402	
904.71	6402	
904.87	6402	
905.03	6402	
905.2	6402	
905.36	6402	
905.53	6402	
905.69	6402	
905.86	6402	
906.02	6402	
906.18	6402	
906.35	6402	
906.51	6402	
906.68	6402	
906.84	6402	
907.01	6402	
907.17	6402	
907.33	6402	
907.5	6402	
907.66	6402	
907.83	6402	
907.99	6402	
908.15	6402	
908.32	6402	
908.48	6402	
908.65	6402	
908.81	6402	
908.97	6402	
909.14	6402	
909.3	6402	
909.47	6402	
909.63	6402	
909.79	6402	
909.96	6402	
910.12	6402	
910.28	6402	
910.45	6402	
910.61	6402	
910.78	6402	
910.94	6402	
911.1	6402	
911.27	6402	
911.43	6402	
911.59	6402	
911.76	6402	
911.92	6402	
912.08	6402	
912.25	6402	
912.41	6402	
912.57	6402	
912.74	6402	
912.9	6402	
913.07	6402	
913.23	6402	
913.39	6402	
913.56	6402	
913.72	6402	
913.88	6402	
914.05	6402	
914.21	6402	
914.37	6402	
914.54	6402	
914.7	6402	
914.86	6402	
915.03	6402	
915.19	6402	
