Wavelength	Intensities	
nm	a.u.	
179.22	1936.5	
179.44	1930.2	
179.65	1942.8	
179.86	1917.6	
180.08	1921.7	
180.29	5090.6	
180.51	3571	
180.72	5668.1	
180.94	6741.2	
181.15	3289	
181.37	3208.5	
181.58	5526.8	
181.79	5894.1	
182.01	3444	
182.22	3675.4	
182.44	5825.8	
182.65	4827.1	
182.87	4698.7	
183.08	4154	
183.29	6189.6	
183.51	5061.2	
183.72	3759.4	
183.94	5507	
184.15	5509	
184.37	5524.1	
184.58	3340.9	
184.79	4543.1	
185.01	5111.7	
185.22	5827.2	
185.44	4875.5	
185.65	4057.7	
185.86	5421.7	
186.08	4950.6	
186.29	3180.5	
186.51	3448.8	
186.72	5133.6	
186.94	6032.6	
187.15	3961.5	
187.36	4149.2	
187.58	7934.5	
187.79	5635.3	
188.01	4302.1	
188.22	6788.3	
188.43	6801.3	
188.65	5864.7	
188.86	3399.6	
189.08	4165.6	
189.29	5324.7	
189.5	5325.4	
189.72	3867.9	
189.93	3926.6	
190.15	6079.1	
190.36	7269.6	
190.57	4237.9	
190.79	4079.6	
191	6257.9	
191.22	6092	
191.43	4214.7	
191.64	3469.9	
191.86	6404.7	
192.07	6143.2	
192.29	3593.5	
192.5	3869.3	
192.71	6049	
192.93	5180.7	
193.14	3818.1	
193.35	3935.5	
193.57	5269.4	
193.78	6025.8	
194	3091.8	
194.21	3697.9	
194.42	4982.7	
194.64	5533.6	
194.85	4134.8	
195.07	4878.9	
195.28	5545.9	
195.49	4782.7	
195.71	5102.2	
195.92	3578.5	
196.13	5732.9	
196.35	5795.8	
196.56	5478.3	
196.78	4127.3	
196.99	7176.8	
197.2	6794.5	
197.42	4706.9	
197.63	4194.9	
197.84	4957.4	
198.06	5795.1	
198.27	3835.2	
198.48	5214.1	
198.7	5331.5	
198.91	5416.9	
199.13	4156	
199.34	4171	
199.55	5893.4	
199.77	4804.5	
199.98	3706.8	
200.19	4164.9	
200.41	5338.4	
200.62	5080.3	
200.83	4395.6	
201.05	4646.8	
201.26	5391.6	
201.47	5150.6	
201.69	3715.7	
201.9	3553.9	
202.11	5455.8	
202.33	6518	
202.54	3965.6	
202.76	4425	
202.97	5592.3	
203.18	5659.9	
203.4	4347.8	
203.61	4265.9	
203.82	5555.5	
204.04	5190.2	
204.25	4224.3	
204.46	4149.2	
204.68	5558.2	
204.89	5752.1	
205.1	4077.5	
205.32	3566.9	
205.53	5924.8	
205.74	6083.1	
205.96	2979.8	
206.17	4300.1	
206.38	5922.7	
206.6	6068.8	
206.81	4859.1	
207.02	3855.6	
207.24	5750	
207.45	6225.1	
207.66	3977.8	
207.88	3377.8	
208.09	5748	
208.3	5541.1	
208.52	3649.5	
208.73	4064.5	
208.94	5506.3	
209.15	6258.6	
209.37	4046.1	
209.58	4194.2	
209.79	6105.7	
210.01	5292	
210.22	3215.3	
210.43	3332.7	
210.65	5535.7	
210.86	5908.4	
211.07	3997.6	
211.29	3642.7	
211.5	5928.2	
211.71	5452.4	
211.93	3672	
212.14	3657	
212.35	5427.1	
212.56	5707.7	
212.78	4225.6	
212.99	3504.1	
213.2	6567.2	
213.42	5241.4	
213.63	3790.8	
213.84	4071.4	
214.06	4871.4	
214.27	4949.9	
214.48	3985.3	
214.69	4227.7	
214.91	6244.3	
215.12	6346	
215.33	4300.1	
215.55	4702.8	
215.76	6843.6	
215.97	5871.5	
216.18	4157.4	
216.4	4030.4	
216.61	5215.5	
216.82	6038.8	
217.04	3691.1	
217.25	3822.2	
217.46	6229.9	
217.67	5951.4	
217.89	3263.1	
218.1	3390.8	
218.31	5575.3	
218.53	5642.2	
218.74	3872.7	
218.95	3758.7	
219.16	5449.6	
219.38	6433.4	
219.59	3757.3	
219.8	4463.2	
220.01	7189.1	
220.23	5489.9	
220.44	4956.1	
220.65	3619.4	
220.87	5584.1	
221.08	6206	
221.29	3394.8	
221.5	4577.9	
221.72	7574.8	
221.93	5244.8	
222.14	4262.5	
222.35	4972.5	
222.57	5559.6	
222.78	5906.3	
222.99	3953.9	
223.2	4263.9	
223.42	5834	
223.63	5906.3	
223.84	3066.5	
224.05	3052.8	
224.27	7096.9	
224.48	6433.4	
224.69	4903.5	
224.9	4214.7	
225.12	5742.5	
225.33	5470.1	
225.54	3355.3	
225.75	3744.4	
225.97	5083.7	
226.18	5370.5	
226.39	4034.5	
226.6	3728.7	
226.82	5269.4	
227.03	5140.4	
227.24	4191.5	
227.45	3452.9	
227.67	5893.4	
227.88	6510.5	
228.09	4705.5	
228.3	4693.9	
228.52	5921.4	
228.73	5456.5	
228.94	3867.9	
229.15	3388.7	
229.36	5427.1	
229.58	5319.9	
229.79	3929.4	
230	4565.6	
230.21	6584.9	
230.43	5588.9	
230.64	4153.3	
230.85	4355.3	
231.06	5950.7	
231.28	5963.7	
231.49	3458.3	
231.7	4072	
231.91	5875.6	
232.12	5519.3	
232.34	3562.8	
232.55	4029	
232.76	6157.6	
232.97	5653.8	
233.18	3625.6	
233.4	4132.1	
233.61	5816.9	
233.82	5284.4	
234.03	3867.2	
234.25	3798.3	
234.46	7761.1	
234.67	5565	
234.88	4342.4	
235.09	3674.7	
235.31	5872.9	
235.52	5377.3	
235.73	4209.3	
235.94	3471.3	
236.15	5274.9	
236.37	6701.6	
236.58	3672	
236.79	3975.1	
237	5850.4	
237.21	5047.6	
237.43	4319.8	
237.64	3346.4	
237.85	10071	
238.06	5121.3	
238.27	4426.3	
238.48	3531.4	
238.7	5896.8	
238.91	5401.2	
239.12	3973.7	
239.33	3987.4	
239.54	5093.3	
239.76	5456.5	
239.97	3966.9	
240.18	3950.5	
240.39	6902.3	
240.6	5834.7	
240.82	4126.7	
241.03	3449.5	
241.24	5577.3	
241.45	6380.8	
241.66	3656.3	
241.87	4337.6	
242.09	6257.2	
242.3	6698.2	
242.51	4391.5	
242.72	4035.9	
242.93	6023.8	
243.14	5492.7	
243.36	4618.9	
243.57	5044.8	
243.78	6425.8	
243.99	5943.9	
244.2	4011.3	
244.41	3654.3	
244.63	5052.3	
244.84	5855.1	
245.05	4289.1	
245.26	4003.1	
245.47	5808.7	
245.68	6111.1	
245.9	5262.6	
246.11	4315.8	
246.32	5367.7	
246.53	5854.5	
246.74	6591.7	
246.95	3371	
247.16	5021.6	
247.38	5500.8	
247.59	3373.7	
247.8	4016.1	
248.01	5257.8	
248.22	5466.7	
248.43	3622.2	
248.64	3860.4	
248.86	4903.5	
249.07	5261.2	
249.28	3547.1	
249.49	4035.2	
249.7	6069.5	
249.91	6266.8	
250.12	3354.6	
250.34	3425.6	
250.55	5675.6	
250.76	5601.2	
250.97	4142.4	
251.18	4227.7	
251.39	6249	
251.6	5694.7	
251.81	4261.8	
252.03	4252.3	
252.24	5246.2	
252.45	6133	
252.66	3476.8	
252.87	4435.2	
253.08	5566.4	
253.29	7324.2	
253.5	3512.9	
253.72	4943.8	
253.93	5358.9	
254.14	6548.7	
254.35	3812.6	
254.56	3925.3	
254.77	5853.1	
254.98	5153.4	
255.19	3771.7	
255.41	4885.8	
255.62	5656.5	
255.83	6121.4	
256.04	4336.2	
256.25	4233.2	
256.46	6825.2	
256.67	5203.9	
256.88	4134.8	
257.09	4617.5	
257.31	5212.8	
257.52	5227.8	
257.73	5202.5	
257.94	3831.7	
258.15	5366.4	
258.36	5569.8	
258.57	4788.2	
258.78	3009.8	
258.99	6055.8	
259.2	5383.4	
259.41	3846.1	
259.63	3919.1	
259.84	6389.7	
260.05	6877.8	
260.26	5070.1	
260.47	3704.1	
260.68	6144.6	
260.89	5449	
261.1	4627.7	
261.31	3659.7	
261.52	6102.3	
261.73	6463.4	
261.95	4932.9	
262.16	4311	
262.37	6277.7	
262.58	6353.5	
262.79	4932.2	
263	3895.9	
263.21	5544.5	
263.42	5026.4	
263.63	3941.7	
263.84	3850.9	
264.05	6128.2	
264.26	6500.3	
264.47	4792.2	
264.69	4308.2	
264.9	6234	
265.11	5696.1	
265.32	3738.9	
265.53	3796.3	
265.74	5662.6	
265.95	4944.5	
266.16	4065.2	
266.37	4504.2	
266.58	5629.9	
266.79	5353.4	
267	3792.2	
267.21	3522.5	
267.42	5102.9	
267.63	5499.5	
267.84	4040.6	
268.06	3422.8	
268.27	5978.7	
268.48	6276.3	
268.69	3899.3	
268.9	4648.9	
269.11	6217.6	
269.32	5020.9	
269.53	4039.3	
269.74	3705.5	
269.95	5915.2	
270.16	4871.4	
270.37	4018.1	
270.58	4698	
270.79	5381.4	
271	6099.5	
271.21	4314.4	
271.42	4073.4	
271.63	5679.7	
271.84	5169.8	
272.05	3196.9	
272.26	3598.3	
272.47	5592.3	
272.68	5805.3	
272.89	3859.1	
273.11	4509.6	
273.32	5323.4	
273.53	6500.9	
273.74	4328.7	
273.95	4229.7	
274.16	6179.4	
274.37	5597.1	
274.58	4470.7	
274.79	3490.4	
275	5684.5	
275.21	6229.9	
275.42	5309	
275.63	4568.3	
275.84	5822.4	
276.05	7347.4	
276.26	4229.1	
276.47	3955.3	
276.68	5362.9	
276.89	6580.1	
277.1	4584.7	
277.31	3545	
277.52	5857.2	
277.73	6001.9	
277.94	3511.6	
278.15	3865.9	
278.36	5751.4	
278.57	5214.8	
278.78	3834.5	
278.99	4352.6	
279.2	5145.2	
279.41	5104.9	
279.62	5074.9	
279.83	3593.5	
280.04	6830	
280.25	5014.8	
280.46	5019.6	
280.67	3952.6	
280.88	5170.4	
281.09	6283.9	
281.3	4267.3	
281.51	5335	
281.72	5298.1	
281.93	6100.9	
282.14	3775.1	
282.35	4039.3	
282.56	5989.6	
282.77	6079.1	
282.98	3951.2	
283.19	4788.8	
283.4	7449.1	
283.61	5488.6	
283.82	3538.2	
284.03	4997.7	
284.24	5700.2	
284.45	6310.5	
284.66	5008	
284.87	4859.8	
285.08	6065.4	
285.29	6277	
285.5	3442.6	
285.71	3960.1	
285.92	6169.2	
286.12	6891.4	
286.33	4945.8	
286.54	3921.2	
286.75	6078.4	
286.96	5388.9	
287.17	3572.3	
287.38	4889.2	
287.59	5166.3	
287.8	5053.7	
288.01	3909.6	
288.22	4598.4	
288.43	6100.2	
288.64	5114.5	
288.85	4657.8	
289.06	4446.8	
289.27	6320.7	
289.48	6490	
289.69	5010.7	
289.9	4463.9	
290.11	6255.2	
290.32	5230.5	
290.53	4748.6	
290.74	4349.2	
290.94	6056.5	
291.15	6029.2	
291.36	3833.1	
291.57	4579.9	
291.78	5328.1	
291.99	4932.2	
292.2	3631	
292.41	4412.7	
292.62	6124.8	
292.83	5910.4	
293.04	5401.9	
293.25	3605.1	
293.46	5360.9	
293.67	6168.5	
293.88	3799	
294.09	3654.9	
294.29	5087.2	
294.5	5601.9	
294.71	4069.3	
294.92	3872.7	
295.13	5285.1	
295.34	6751.5	
295.55	3445.4	
295.76	3586	
295.97	5963.7	
296.18	6812.2	
296.39	3563.5	
296.6	3728.7	
296.81	5667.4	
297.01	5970.5	
297.22	3943.7	
297.43	3740.3	
297.64	5190.2	
297.85	5148.6	
298.06	3138.9	
298.27	3408.5	
298.48	5602.6	
298.69	5268.1	
298.9	4054.3	
299.11	3691.1	
299.31	5049.6	
299.52	5065.3	
299.73	4426.3	
299.94	4301.4	
300.15	5526.8	
300.36	5160.2	
300.57	4293.9	
300.78	4336.9	
300.99	5434.6	
301.2	5721.3	
301.4	3766.2	
301.61	4150.6	
301.82	5904.3	
302.03	5965.7	
302.24	4543.8	
302.45	3582.6	
302.66	5866.1	
302.87	6365.1	
303.08	3773.7	
303.29	5232.6	
303.49	5330.9	
303.7	5560.9	
303.91	3366.9	
304.12	4945.2	
304.33	5044.1	
304.54	5716.6	
304.75	3852.2	
304.96	3588.7	
305.16	5908.4	
305.37	6642.9	
305.58	3276.1	
305.79	3457	
306	5928.9	
306.21	4916.5	
306.42	3779.2	
306.63	5812.8	
306.83	5378.6	
307.04	6185.5	
307.25	4193.6	
307.46	4179.2	
307.67	4724.7	
307.88	6086.6	
308.09	3689.8	
308.29	3895.9	
308.5	5658.5	
308.71	6169.8	
308.92	4025.6	
309.13	3638.6	
309.34	5402.5	
309.55	5518.6	
309.75	4698.7	
309.96	4317.1	
310.17	5995.8	
310.38	5264	
310.59	4614.8	
310.8	3589.4	
311.01	5328.8	
311.21	5423	
311.42	3588	
311.63	3736.9	
311.84	5275.6	
312.05	5759.6	
312.26	4227	
312.46	4601.8	
312.67	5350	
312.88	5147.9	
313.09	3651.5	
313.3	3529.3	
313.51	6380.1	
313.71	6787.7	
313.92	3635.8	
314.13	3865.2	
314.34	5782.1	
314.55	5482.4	
314.76	4734.2	
314.96	4085	
315.17	5668.1	
315.38	5995.1	
315.59	3661.8	
315.8	3424.2	
316.01	6463.4	
316.21	6507.8	
316.42	3525.9	
316.63	4018.1	
316.84	5400.5	
317.05	6352.1	
317.26	4319.8	
317.46	3888.4	
317.67	5451	
317.88	5979.4	
318.09	4708.3	
318.3	3395.5	
318.5	5272.2	
318.71	5917.3	
318.92	5944.6	
319.13	4287.1	
319.34	6097.5	
319.54	6227.9	
319.75	3414	
319.96	3252.2	
320.17	5932.3	
320.38	6144.6	
320.58	3304.1	
320.79	4006.5	
321	6172.6	
321.21	6270.9	
321.42	4079.6	
321.62	3290.4	
321.83	5152.7	
322.04	5574.6	
322.25	3863.2	
322.46	3627.6	
322.66	5726.8	
322.87	5811.5	
323.08	4537.6	
323.29	3615.3	
323.5	6635.4	
323.7	5119.2	
323.91	5042.1	
324.12	4481.6	
324.33	5618.9	
324.53	5928.2	
324.74	4298.7	
324.95	4547.2	
325.16	4937.7	
325.37	5390.9	
325.57	3716.4	
325.78	3732.8	
325.99	5692	
326.2	5068.7	
326.4	5227.8	
326.61	3379.1	
326.82	5503.6	
327.03	5745.2	
327.24	5268.7	
327.44	4870.1	
327.65	5816.9	
327.86	4681.7	
328.07	4341	
328.27	3519.1	
328.48	6262	
328.69	5125.4	
328.9	5263.3	
329.1	3963.5	
329.31	5477.6	
329.52	6455.2	
329.73	3665.9	
329.93	4108.2	
330.14	5536.3	
330.35	5840.1	
330.56	6023.8	
330.76	4536.3	
330.97	5373.9	
331.18	5838.1	
331.39	4087.7	
331.59	3323.9	
331.8	6195.8	
332.01	6295.5	
332.22	3810.6	
332.42	4382.7	
332.63	5644.9	
332.84	5277.6	
333.05	4144.4	
333.25	3749.8	
333.46	5366.4	
333.67	5540.4	
333.88	3821.5	
334.08	4334.2	
334.29	8400.1	
334.5	6263.4	
334.7	3540.3	
334.91	5288.5	
335.12	5089.2	
335.33	6009.4	
335.53	4067.9	
335.74	5975.3	
335.95	5383.4	
336.16	5210	
336.36	4130.1	
336.57	4704.9	
336.78	5085.8	
336.98	6155.5	
337.19	5045.5	
337.4	3981.9	
337.61	6767.9	
337.81	5090.6	
338.02	3799	
338.23	4862.6	
338.43	6381.5	
338.64	5265.3	
338.85	3650.8	
339.05	4860.5	
339.26	6449.7	
339.47	4952.7	
339.68	3677.5	
339.88	5490.6	
340.09	5817.6	
340.3	6102.9	
340.5	4332.8	
340.71	3330	
340.92	5048.2	
341.13	6356.2	
341.33	3616	
341.54	4343.7	
341.75	5814.2	
341.95	5432.6	
342.16	4153.3	
342.37	4481.6	
342.57	5170.4	
342.78	5496.1	
342.99	4596.3	
343.19	3315	
343.4	5999.9	
343.61	5817.6	
343.81	3977.8	
344.02	3676.1	
344.23	6002.6	
344.43	6460	
344.64	4547.2	
344.85	4519.2	
345.06	5847.6	
345.26	6206	
345.47	4274.1	
345.68	4954	
345.88	4932.9	
346.09	6105.7	
346.3	4347.8	
346.5	3291.1	
346.71	5607.3	
346.92	5269.4	
347.12	3390.8	
347.33	4300.7	
347.54	6153.5	
347.74	6593.1	
347.95	4189.5	
348.16	3170.3	
348.36	5406	
348.57	5223.7	
348.78	4239.3	
348.98	4512.4	
349.19	5560.2	
349.39	5023	
349.6	3374.4	
349.81	3738.2	
350.01	5877	
350.22	5245.5	
350.43	4108.2	
350.63	4898.1	
350.84	5614.2	
351.05	5396.4	
351.25	3749.8	
351.46	3334.1	
351.67	6090	
351.87	5305.6	
352.08	4065.2	
352.29	4547.2	
352.49	6082.5	
352.7	5780.7	
352.9	3609.2	
353.11	4526	
353.32	6799.3	
353.52	5403.9	
353.73	3567.6	
353.94	4512.4	
354.14	5882.4	
354.35	5728.9	
354.55	3711.6	
354.76	4128	
354.97	5871.5	
355.17	5645.6	
355.38	3481.5	
355.59	4923.3	
355.79	5262.6	
356	5746.6	
356.2	4038.6	
356.41	3557.3	
356.62	5015.5	
356.82	5554.1	
357.03	4308.9	
357.24	3936.9	
357.44	5319.9	
357.65	5419.6	
357.85	5315.2	
358.06	4115.7	
358.27	5000.5	
358.47	5253.7	
358.68	3454.9	
358.88	4361.5	
359.09	5879	
359.3	6204	
359.5	5141.1	
359.71	4487.1	
359.91	6806.8	
360.12	6062	
360.33	4329.4	
360.53	4919.9	
360.74	5347.2	
360.94	5390.3	
361.15	4576.5	
361.36	3777.8	
361.56	6120.7	
361.77	5507.7	
361.97	5128.1	
362.18	3948.5	
362.38	6191.7	
362.59	5165.7	
362.8	3725.3	
363	3570.3	
363.21	4966.3	
363.41	5751.4	
363.62	4254.3	
363.83	5395.7	
364.03	5783.5	
364.24	6828.6	
364.44	5388.9	
364.65	5208	
364.85	5567.1	
365.06	5177.3	
365.27	3904.1	
365.47	3971.7	
365.68	6577.4	
365.88	5538.4	
366.09	4377.9	
366.29	4048.2	
366.5	5819	
366.71	6278.4	
366.91	5423.7	
367.12	4556.7	
367.32	6880.5	
367.53	6164.4	
367.73	4512.4	
367.94	5468.8	
368.14	6061.3	
368.35	7072.3	
368.56	4455.7	
368.76	3874.1	
368.97	6162.3	
369.17	7897	
369.38	4000.4	
369.58	4308.2	
369.79	5210.7	
369.99	6603.3	
370.2	5303.6	
370.4	4400.4	
370.61	5900.2	
370.82	7151.5	
371.02	4288.4	
371.23	3585.3	
371.43	5150.6	
371.64	6505.7	
371.84	4283	
372.05	5612.8	
372.25	7925	
372.46	6313.9	
372.66	4297.3	
372.87	4257.7	
373.07	6369.2	
373.28	8051.2	
373.48	5397.1	
373.69	5107	
373.9	5794.4	
374.1	5842.2	
374.31	5352	
374.51	4851.6	
374.72	6670.9	
374.92	5565	
375.13	5546.6	
375.33	4706.9	
375.54	6192.4	
375.74	5689.9	
375.95	4777.9	
376.15	6024.4	
376.36	6227.9	
376.56	6070.9	
376.77	4840.7	
376.97	5255.8	
377.18	7338.6	
377.38	6294.1	
377.59	5717.9	
377.79	4329.4	
378	6193.1	
378.2	6673.6	
378.41	4396.3	
378.61	4329.4	
378.82	6662	
379.02	5773.9	
379.23	4648.2	
379.43	5829.2	
379.64	6717.3	
379.84	6382.8	
380.05	4468	
380.25	4395.6	
380.46	6463.4	
380.66	6035.4	
380.87	5806.7	
381.07	6257.9	
381.28	7119.4	
381.48	6488	
381.69	4481	
381.89	4487.1	
382.1	5366.4	
382.3	6664.1	
382.51	5581.4	
382.71	6636.8	
382.91	6520.7	
383.12	7028.6	
383.32	4853.7	
383.53	5109.7	
383.73	6304.3	
383.94	6152.1	
384.14	5007.3	
384.35	4162.2	
384.55	6079.7	
384.76	6540.5	
384.96	4828.4	
385.17	5214.1	
385.37	6462.7	
385.58	5715.9	
385.78	5195.7	
385.98	4064.5	
386.19	5953.4	
386.39	6399.2	
386.6	4595	
386.8	4872.1	
387.01	6547.4	
387.21	6595.8	
387.42	5350	
387.62	5868.8	
387.83	5801.9	
388.03	6535.1	
388.23	4952.7	
388.44	5930.2	
388.64	5545.9	
388.85	5683.8	
389.05	5345.2	
389.26	5935.7	
389.46	7605.5	
389.67	7019.1	
389.87	5314.5	
390.07	5432.6	
390.28	6223.8	
390.48	5817.6	
390.69	4577.2	
390.89	4826.4	
391.1	5993	
391.3	6931.7	
391.5	6107	
391.71	6815.6	
391.91	6716.7	
392.12	7846.5	
392.32	6195.8	
392.53	5388.9	
392.73	6116.6	
392.93	6319.3	
393.14	5150	
393.34	5937.1	
393.55	6842.3	
393.75	6305	
393.95	5160.9	
394.16	5076.9	
394.36	6061.3	
394.57	6722.1	
394.77	4597	
394.98	4991.6	
395.18	6055.2	
395.38	6153.5	
395.59	5960.3	
395.79	4835.3	
396	6229.2	
396.2	6699.6	
396.4	5750.7	
396.61	5676.3	
396.81	6954.9	
397.02	6222.4	
397.22	6098.9	
397.42	6114.6	
397.63	6926.9	
397.83	6223.1	
398.04	4873.5	
398.24	5528.2	
398.44	6703	
398.65	5796.4	
398.85	4764.9	
399.05	4925.4	
399.26	6205.3	
399.46	7989.1	
399.67	5319.3	
399.87	5046.9	
400.07	6616.3	
400.28	6967.2	
400.48	5139	
400.69	6315.3	
400.89	7253.2	
401.09	7742.7	
401.3	5099.4	
401.5	6328.9	
401.7	8060.8	
401.91	8221.2	
402.11	5468.1	
402.32	5675.6	
402.52	7321.5	
402.72	7184.3	
402.93	5991	
403.13	4792.9	
403.33	8019.2	
403.54	6744.6	
403.74	5616.9	
403.94	6524.8	
404.15	6795.2	
404.35	8038.3	
404.56	5423.7	
404.76	7379.5	
404.96	7307.8	
405.17	7048.4	
405.37	6394.4	
405.57	5936.4	
405.78	7327.6	
405.98	6724.2	
406.18	5464.7	
406.39	6421.7	
406.59	7393.2	
406.79	7038.2	
407	5292	
407.2	5530.2	
407.4	7501	
407.61	7699.7	
407.81	5498.1	
408.01	7829.4	
408.22	6416.3	
408.42	8546.9	
408.62	6731	
408.83	6208.8	
409.03	7288.7	
409.23	7006.8	
409.44	6393.1	
409.64	6662	
409.84	8329.1	
410.05	8260.8	
410.25	6614.3	
410.45	6324.8	
410.66	7841	
410.86	10388	
411.06	6974	
411.27	6718.7	
411.47	10271	
411.67	8074.5	
411.88	7039.6	
412.08	7471	
412.28	8822.6	
412.49	9343.5	
412.69	6927.6	
412.89	6973.3	
413.09	9211.8	
413.3	9094.3	
413.5	7140.6	
413.7	6735.1	
413.91	8258.8	
414.11	9310.7	
414.31	7026.6	
414.52	7559.1	
414.72	9013.8	
414.92	8909.3	
415.12	7053.9	
415.33	7711.3	
415.53	9387.9	
415.73	9602.2	
415.94	8030.8	
416.14	7445	
416.34	8400.8	
416.55	8005.5	
416.75	8745.5	
416.95	8161.2	
417.15	9482.8	
417.36	10232	
417.56	9059.5	
417.76	8071	
417.97	9915.6	
418.17	9597.5	
418.37	7560.4	
418.57	7715.4	
418.78	9321.7	
418.98	8973.5	
419.18	8636.3	
419.38	8491.6	
419.59	9054.8	
419.79	8647.2	
419.99	7676.5	
420.2	7983.7	
420.4	9572.2	
420.6	9705.3	
420.8	7580.2	
421.01	7367.2	
421.21	9445.2	
421.41	9610.4	
421.61	7957.7	
421.82	7668.3	
422.02	8955.1	
422.22	9902.6	
422.42	8655.4	
422.63	7976.8	
422.83	9144.2	
423.03	10323	
423.23	8102.4	
423.44	7138.5	
423.64	9175.6	
423.84	8817.2	
424.04	7589.1	
424.25	7299	
424.45	10056	
424.65	9919	
424.85	6967.2	
425.06	7602.7	
425.26	9981.8	
425.46	8507.3	
425.66	8003.5	
425.87	7788.4	
426.07	9753.8	
426.27	9597.5	
426.47	7950.2	
426.67	7090.8	
426.88	10080	
427.08	9540.8	
427.28	8214.4	
427.48	7201.3	
427.69	8368	
427.89	9053.4	
428.09	8173.4	
428.29	7232.1	
428.5	9837.8	
428.7	9361.9	
428.9	7276.4	
429.1	7733.8	
429.3	9255.5	
429.51	9858.9	
429.71	7449.1	
429.91	8370	
430.11	9654.8	
430.31	10108	
430.52	8021.2	
430.72	8271.1	
430.92	10397	
431.12	9682.8	
431.32	7643.7	
431.53	8077.2	
431.73	8782.4	
431.93	10507	
432.13	7548.1	
432.33	7494.2	
432.54	9157.2	
432.74	9649.3	
432.94	7484.6	
433.14	8613.1	
433.34	9681.4	
433.55	9336.7	
433.75	8554.4	
433.95	10544	
434.15	9678.7	
434.35	9375.6	
434.56	7752.2	
434.76	7275.8	
434.96	9686.9	
435.16	10100	
435.36	7679.2	
435.56	8946.2	
435.77	9451.4	
435.97	9686.2	
436.17	9868.5	
436.37	9056.8	
436.57	9568.8	
436.78	9561.3	
436.98	8768.7	
437.18	9571.5	
437.38	10344	
437.58	9704.6	
437.78	9779.1	
437.99	8235.6	
438.19	10253	
438.39	11274	
438.59	8298.4	
438.79	7653.3	
438.99	10924	
439.2	9767.4	
439.4	7827.3	
439.6	7816.4	
439.8	10166	
440	11191	
440.2	8885.5	
440.4	9142.1	
440.61	10675	
440.81	11246	
441.01	8254.7	
441.21	9275.3	
441.41	11206	
441.61	10746	
441.81	9796.1	
442.02	10730	
442.22	11746	
442.42	10920	
442.62	8609.7	
442.82	8551	
443.02	11415	
443.22	10565	
443.43	9159.9	
443.63	8643.8	
443.83	10151	
444.03	10263	
444.23	10030	
444.43	9540.8	
444.63	10732	
444.83	11949	
445.04	8880	
445.24	10243	
445.44	11090	
445.64	11090	
445.84	9546.3	
446.04	9656.9	
446.24	10331	
446.44	11503	
446.65	8843.1	
446.85	9314.2	
447.05	10568	
447.25	11401	
447.45	9308.7	
447.65	8545.5	
447.85	10615	
448.05	10226	
448.25	9822.1	
448.46	9549.7	
448.66	10728	
448.86	10411	
449.06	8618.5	
449.26	9803.6	
449.46	11241	
449.66	10137	
449.86	9364.7	
450.06	9325.1	
450.26	10475	
450.47	11127	
450.67	9562	
450.87	10061	
451.07	11195	
451.27	11076	
451.47	8899.1	
451.67	9714.9	
451.87	10714	
452.07	11884	
452.27	9480.7	
452.47	9277.3	
452.67	11015	
452.88	11631	
453.08	8492.9	
453.28	10887	
453.48	12484	
453.68	10939	
453.88	9320.3	
454.08	9575.6	
454.28	11561	
454.48	11286	
454.68	10279	
454.88	10714	
455.08	11598	
455.28	11594	
455.48	9169.4	
455.68	9943.6	
455.89	12424	
456.09	12071	
456.29	9725.8	
456.49	9975.7	
456.69	12394	
456.89	11454	
457.09	10553	
457.29	11136	
457.49	12033	
457.69	12279	
457.89	10538	
458.09	9802.9	
458.29	11939	
458.49	12669	
458.69	11101	
458.89	10499	
459.09	13194	
459.29	13267	
459.49	10662	
459.69	11639	
459.9	12707	
460.1	12356	
460.3	10509	
460.5	10281	
460.7	12691	
460.9	12430	
461.1	10079	
461.3	11576	
461.5	13630	
461.7	13139	
461.9	10944	
462.1	11182	
462.3	12733	
462.5	13452	
462.7	11005	
462.9	11333	
463.1	14523	
463.3	14450	
463.5	11418	
463.7	12604	
463.9	13171	
464.1	13624	
464.3	11987	
464.5	12024	
464.7	14220	
464.9	13972	
465.1	13617	
465.3	12530	
465.5	14494	
465.7	14642	
465.9	13088	
466.1	12590	
466.3	14656	
466.5	14185	
466.7	14034	
466.9	12572	
467.1	14332	
467.3	15453	
467.5	14018	
467.7	12702	
467.9	15737	
468.1	16646	
468.3	13498	
468.5	14201	
468.7	14623	
468.9	14502	
469.1	13351	
469.3	14306	
469.5	16736	
469.7	14315	
469.9	13587	
470.1	13072	
470.3	14646	
470.5	14715	
470.7	14501	
470.9	13100	
471.1	14499	
471.3	14780	
471.5	12887	
471.69	14899	
471.89	14205	
472.09	13850	
472.29	13956	
472.49	14049	
472.69	14268	
472.89	15020	
473.09	12878	
473.29	12683	
473.49	14270	
473.69	14452	
473.89	13850	
474.09	13039	
474.29	15636	
474.49	15429	
474.69	14043	
474.89	13231	
475.09	14468	
475.29	14468	
475.49	12561	
475.69	13019	
475.88	16018	
476.08	14755	
476.28	12571	
476.48	12862	
476.68	15043	
476.88	14868	
477.08	12813	
477.28	13326	
477.48	14277	
477.68	15055	
477.88	12703	
478.08	12942	
478.28	15634	
478.48	14573	
478.67	13122	
478.87	12295	
479.07	15564	
479.27	14642	
479.47	13307	
479.67	13305	
479.87	15215	
480.07	15962	
480.27	12659	
480.47	14351	
480.67	14902	
480.87	15687	
481.06	13102	
481.26	13949	
481.46	14777	
481.66	14839	
481.86	13464	
482.06	14622	
482.26	14599	
482.46	15735	
482.66	13519	
482.86	13124	
483.05	15156	
483.25	14515	
483.45	16187	
483.65	13585	
483.85	14835	
484.05	15141	
484.25	14065	
484.45	14822	
484.65	16034	
484.84	16228	
485.04	13728	
485.24	13669	
485.44	16447	
485.64	14792	
485.84	13229	
486.04	14828	
486.24	15131	
486.44	15735	
486.63	13250	
486.83	14192	
487.03	15292	
487.23	15750	
487.43	13342	
487.63	15974	
487.83	15666	
488.02	16782	
488.22	14852	
488.42	15411	
488.62	16687	
488.82	15681	
489.02	14203	
489.22	14558	
489.41	16549	
489.61	16466	
489.81	14022	
490.01	14165	
490.21	16683	
490.41	17399	
490.61	14220	
490.8	14289	
491	16219	
491.2	15312	
491.4	14948	
491.6	14083	
491.8	16100	
491.99	16268	
492.19	13926	
492.39	14301	
492.59	16806	
492.79	16871	
492.99	15408	
493.18	14553	
493.38	17024	
493.58	18221	
493.78	15326	
493.98	15001	
494.18	16923	
494.37	16722	
494.57	16260	
494.77	15968	
494.97	17709	
495.17	18154	
495.37	15621	
495.56	15993	
495.76	18518	
495.96	18144	
496.16	17235	
496.36	16180	
496.55	18523	
496.75	18094	
496.95	17197	
497.15	16483	
497.35	18331	
497.54	18678	
497.74	16406	
497.94	18254	
498.14	19372	
498.34	19209	
498.53	16333	
498.73	17160	
498.93	18146	
499.13	18921	
499.33	17014	
499.52	17532	
499.72	18982	
499.92	19095	
500.12	16707	
500.32	17050	
500.51	19113	
500.71	19164	
500.91	18011	
501.11	17627	
501.31	19245	
501.5	19506	
501.7	18412	
501.9	17339	
502.1	18817	
502.29	19374	
502.49	17931	
502.69	18179	
502.89	19138	
503.09	19123	
503.28	16578	
503.48	16665	
503.68	18201	
503.88	18404	
504.07	17720	
504.27	17061	
504.47	18641	
504.67	18663	
504.86	17636	
505.06	17174	
505.26	18150	
505.46	20143	
505.65	17043	
505.85	17232	
506.05	18011	
506.25	18591	
506.44	16163	
506.64	16989	
506.84	17778	
507.04	18748	
507.23	16305	
507.43	16919	
507.63	19852	
507.83	18189	
508.02	16869	
508.22	16514	
508.42	20272	
508.62	18010	
508.81	16816	
509.01	17646	
509.21	17661	
509.4	18032	
509.6	17181	
509.8	16637	
510	18043	
510.19	19765	
510.39	16348	
510.59	16633	
510.79	17931	
510.98	19607	
511.18	16664	
511.38	16979	
511.57	18733	
511.77	18897	
511.97	17314	
512.17	16402	
512.36	18821	
512.56	18763	
512.76	16412	
512.95	16191	
513.15	18894	
513.35	17677	
513.55	17428	
513.74	16538	
513.94	18911	
514.14	18206	
514.33	17613	
514.53	17494	
514.73	18344	
514.92	18564	
515.12	16924	
515.32	16759	
515.51	18783	
515.71	19405	
515.91	18603	
516.11	17015	
516.3	20677	
516.5	18492	
516.7	17573	
516.89	18196	
517.09	18437	
517.29	18602	
517.48	17905	
517.68	17245	
517.88	18325	
518.07	18965	
518.27	17911	
518.47	16851	
518.66	19697	
518.86	18269	
519.06	16652	
519.25	17073	
519.45	18542	
519.65	20347	
519.84	17869	
520.04	18736	
520.24	20571	
520.43	19281	
520.63	17380	
520.83	17255	
521.02	18382	
521.22	19235	
521.42	17694	
521.61	18497	
521.81	18687	
522.01	19010	
522.2	17838	
522.4	17476	
522.6	19590	
522.79	18421	
522.99	17771	
523.18	17399	
523.38	19656	
523.58	19825	
523.77	19830	
523.97	17648	
524.17	21970	
524.36	21171	
524.56	19441	
524.76	19105	
524.95	20431	
525.15	20017	
525.34	18981	
525.54	19224	
525.74	21039	
525.93	20033	
526.13	20540	
526.33	19345	
526.52	21702	
526.72	21143	
526.91	20676	
527.11	20327	
527.31	21910	
527.5	22451	
527.7	20223	
527.89	19346	
528.09	20844	
528.29	21643	
528.48	20649	
528.68	20344	
528.87	21950	
529.07	21818	
529.27	20322	
529.46	19824	
529.66	21632	
529.85	22159	
530.05	19541	
530.25	20297	
530.44	23427	
530.64	21584	
530.83	20142	
531.03	20607	
531.23	22333	
531.42	22201	
531.62	21579	
531.81	20676	
532.01	22754	
532.21	23290	
532.4	20658	
532.6	21323	
532.79	23972	
532.99	23348	
533.18	21351	
533.38	22480	
533.58	23010	
533.77	23859	
533.97	21751	
534.16	22692	
534.36	24265	
534.55	23324	
534.75	22877	
534.95	21907	
535.14	24379	
535.34	23200	
535.53	21410	
535.73	23651	
535.92	24728	
536.12	23382	
536.31	21477	
536.51	22866	
536.71	23563	
536.9	23170	
537.1	21599	
537.29	22000	
537.49	23956	
537.68	23093	
537.88	22440	
538.07	21543	
538.27	23472	
538.46	24702	
538.66	21661	
538.86	22022	
539.05	23514	
539.25	23882	
539.44	22411	
539.64	21708	
539.83	23314	
540.03	24495	
540.22	21799	
540.42	21507	
540.61	23208	
540.81	23806	
541	21945	
541.2	22911	
541.39	22849	
541.59	23363	
541.78	22601	
541.98	21481	
542.18	22484	
542.37	22343	
542.57	21602	
542.76	22605	
542.96	22250	
543.15	23225	
543.35	21641	
543.54	20920	
543.74	23178	
543.93	22873	
544.13	21137	
544.32	22497	
544.52	22850	
544.71	22184	
544.91	20320	
545.1	21614	
545.3	22300	
545.49	23016	
545.69	20238	
545.88	20855	
546.08	23997	
546.27	23408	
546.47	21393	
546.66	20757	
546.86	23039	
547.05	23750	
547.24	20876	
547.44	20811	
547.63	21717	
547.83	23238	
548.02	21258	
548.22	21194	
548.41	21606	
548.61	23040	
548.8	20473	
549	20478	
549.19	22278	
549.39	22739	
549.58	20051	
549.78	20753	
549.97	22619	
550.17	22126	
550.36	21441	
550.55	22623	
550.75	21784	
550.94	22722	
551.14	20224	
551.33	20471	
551.53	21168	
551.72	22428	
551.92	20502	
552.11	20292	
552.31	22354	
552.5	22337	
552.69	22254	
552.89	19745	
553.08	21997	
553.28	22017	
553.47	20276	
553.67	21442	
553.86	22740	
554.06	20984	
554.25	19198	
554.44	19949	
554.64	23280	
554.83	23077	
555.03	19904	
555.22	20361	
555.42	22240	
555.61	22020	
555.8	19794	
556	20269	
556.19	21083	
556.39	22369	
556.58	20150	
556.78	20007	
556.97	21766	
557.16	21635	
557.36	21276	
557.55	19743	
557.75	20681	
557.94	22812	
558.13	19906	
558.33	19613	
558.52	22491	
558.72	21275	
558.91	19635	
559.1	19830	
559.3	20900	
559.49	20435	
559.69	19132	
559.88	20226	
560.07	21612	
560.27	22130	
560.46	20438	
560.66	20471	
560.85	21559	
561.04	20411	
561.24	19521	
561.43	19600	
561.63	20795	
561.82	21137	
562.01	21005	
562.21	20119	
562.4	21543	
562.59	22881	
562.79	19980	
562.98	19727	
563.18	21545	
563.37	23481	
563.56	20625	
563.76	19854	
563.95	21185	
564.14	21173	
564.34	20316	
564.53	20018	
564.73	21918	
564.92	22476	
565.11	20573	
565.31	19888	
565.5	22715	
565.69	21775	
565.89	20085	
566.08	20674	
566.27	22574	
566.47	23289	
566.66	21232	
566.85	20080	
567.05	22251	
567.24	21721	
567.44	20282	
567.63	21803	
567.82	22586	
568.02	22507	
568.21	20460	
568.4	20959	
568.6	22267	
568.79	22448	
568.98	20383	
569.18	20781	
569.37	22665	
569.56	24816	
569.76	21162	
569.95	22250	
570.14	22903	
570.34	23029	
570.53	20634	
570.72	20629	
570.91	23651	
571.11	22725	
571.3	21144	
571.49	22208	
571.69	22904	
571.88	22336	
572.07	22024	
572.27	21721	
572.46	22391	
572.65	23490	
572.85	21171	
573.04	21661	
573.23	24019	
573.43	23119	
573.62	21087	
573.81	21988	
574	23317	
574.2	23132	
574.39	21745	
574.58	22005	
574.78	24688	
574.97	23805	
575.16	22597	
575.36	23104	
575.55	24535	
575.74	24600	
575.93	21554	
576.13	23133	
576.32	23703	
576.51	24456	
576.71	22326	
576.9	24014	
577.09	24836	
577.28	24148	
577.48	22802	
577.67	21922	
577.86	23979	
578.05	24496	
578.25	22746	
578.44	22712	
578.63	24242	
578.83	25517	
579.02	22009	
579.21	23920	
579.4	24400	
579.6	24350	
579.79	22836	
579.98	25244	
580.17	24787	
580.37	24884	
580.56	22347	
580.75	23169	
580.94	25507	
581.14	25374	
581.33	23746	
581.52	22754	
581.71	24903	
581.91	25568	
582.1	22350	
582.29	23018	
582.48	24495	
582.68	24646	
582.87	23397	
583.06	23160	
583.25	25047	
583.45	24210	
583.64	23994	
583.83	24815	
584.02	24438	
584.21	24978	
584.41	23853	
584.6	23285	
584.79	24652	
584.98	25613	
585.18	22752	
585.37	22526	
585.56	24272	
585.75	25191	
585.94	22705	
586.14	23529	
586.33	25333	
586.52	24480	
586.71	23065	
586.91	22896	
587.1	23412	
587.29	24717	
587.48	22334	
587.67	22502	
587.87	24418	
588.06	24399	
588.25	23620	
588.44	22787	
588.63	23814	
588.83	24473	
589.02	22057	
589.21	21708	
589.4	23135	
589.59	23078	
589.78	20147	
589.98	20504	
590.17	21921	
590.36	22605	
590.55	19574	
590.74	20074	
590.94	23543	
591.13	21969	
591.32	20007	
591.51	19652	
591.7	22500	
591.89	22099	
592.09	19815	
592.28	20350	
592.47	21399	
592.66	23502	
592.85	20246	
593.05	20324	
593.24	22025	
593.43	23215	
593.62	20480	
593.81	20965	
594	22138	
594.19	22316	
594.39	20200	
594.58	20265	
594.77	22405	
594.96	23096	
595.15	19912	
595.34	20863	
595.54	22294	
595.73	21510	
595.92	19409	
596.11	20580	
596.3	22852	
596.49	21422	
596.68	20177	
596.88	20589	
597.07	22642	
597.26	21175	
597.45	19643	
597.64	20960	
597.83	21538	
598.02	22154	
598.22	19662	
598.41	20367	
598.6	21769	
598.79	21246	
598.98	19750	
599.17	20841	
599.36	21890	
599.55	23064	
599.74	21943	
599.94	21792	
600.13	22470	
600.32	21264	
600.51	19441	
600.7	19702	
600.89	22984	
601.08	23082	
601.27	19263	
601.47	20475	
601.66	22158	
601.85	22819	
602.04	20130	
602.23	20222	
602.42	21143	
602.61	21816	
602.8	19729	
602.99	19395	
603.18	21618	
603.37	21795	
603.57	20143	
603.76	20869	
603.95	22476	
604.14	22161	
604.33	19706	
604.52	20239	
604.71	21896	
604.9	21377	
605.09	20637	
605.28	20536	
605.47	22491	
605.66	21971	
605.86	20435	
606.05	19826	
606.24	22233	
606.43	20906	
606.62	20014	
606.81	20957	
607	22156	
607.19	21531	
607.38	19357	
607.57	19677	
607.76	21156	
607.95	20575	
608.14	19959	
608.33	20639	
608.52	21191	
608.72	22158	
608.91	19279	
609.1	19231	
609.29	21265	
609.48	20626	
609.67	20020	
609.86	19049	
610.05	20606	
610.24	20997	
610.43	18944	
610.62	18475	
610.81	22042	
611	21993	
611.19	19029	
611.38	19868	
611.57	21473	
611.76	22797	
611.95	18910	
612.14	18531	
612.33	21156	
612.52	20582	
612.71	19439	
612.9	18505	
613.09	20178	
613.28	22780	
613.47	19082	
613.66	20293	
613.85	21396	
614.04	20880	
614.24	19142	
614.43	18450	
614.62	21380	
614.81	21462	
615	19884	
615.19	19944	
615.38	20819	
615.57	21284	
615.76	19738	
615.95	20785	
616.14	21407	
616.33	21270	
616.52	20256	
616.71	20577	
616.9	21650	
617.09	21500	
617.28	19737	
617.47	21242	
617.66	20846	
617.85	21046	
618.04	20919	
618.22	20241	
618.41	21628	
618.6	22624	
618.79	20336	
618.98	20248	
619.17	23059	
619.36	21159	
619.55	20583	
619.74	20507	
619.93	22399	
620.12	22077	
620.31	21410	
620.5	21658	
620.69	23294	
620.88	23975	
621.07	22373	
621.26	21605	
621.45	23059	
621.64	23182	
621.83	21652	
622.02	20872	
622.21	23137	
622.4	23073	
622.59	22452	
622.78	22198	
622.97	22616	
623.16	23941	
623.35	21814	
623.54	20928	
623.72	23201	
623.91	23173	
624.1	22218	
624.29	20872	
624.48	24481	
624.67	23380	
624.86	22251	
625.05	21108	
625.24	24435	
625.43	22876	
625.62	24005	
625.81	21544	
626	23860	
626.19	23274	
626.38	22612	
626.56	21792	
626.75	23136	
626.94	24218	
627.13	22196	
627.32	21076	
627.51	23929	
627.7	25350	
627.89	20934	
628.08	22527	
628.27	22922	
628.46	23130	
628.65	21372	
628.83	21134	
629.02	23496	
629.21	22834	
629.4	21904	
629.59	22149	
629.78	22996	
629.97	23989	
630.16	22276	
630.35	21674	
630.54	24273	
630.72	24071	
630.91	21571	
631.1	22169	
631.29	23552	
631.48	23904	
631.67	22117	
631.86	21463	
632.05	23138	
632.24	23227	
632.42	21131	
632.61	21810	
632.8	23087	
632.99	22726	
633.18	21960	
633.37	22294	
633.56	23374	
633.75	23199	
633.93	21904	
634.12	21587	
634.31	24174	
634.5	23980	
634.69	21584	
634.88	22073	
635.07	23102	
635.25	23801	
635.44	22418	
635.63	22817	
635.82	22748	
636.01	22462	
636.2	22054	
636.39	21889	
636.57	23767	
636.76	23470	
636.95	21138	
637.14	22565	
637.33	23167	
637.52	24287	
637.7	20854	
637.89	21951	
638.08	22940	
638.27	24255	
638.46	22050	
638.65	22202	
638.83	24044	
639.02	22434	
639.21	21475	
639.4	22128	
639.59	22757	
639.78	22463	
639.96	20684	
640.15	20730	
640.34	22427	
640.53	22606	
640.72	20241	
640.91	20588	
641.09	21744	
641.28	23239	
641.47	20478	
641.66	21335	
641.85	22480	
642.03	22419	
642.22	21072	
642.41	20350	
642.6	21702	
642.79	21076	
642.97	19990	
643.16	20964	
643.35	21491	
643.54	21212	
643.73	19884	
643.91	20625	
644.1	20767	
644.29	21698	
644.48	19651	
644.67	19677	
644.85	20805	
645.04	21138	
645.23	18966	
645.42	19235	
645.6	20388	
645.79	21497	
645.98	18840	
646.17	17796	
646.36	19558	
646.54	20061	
646.73	18979	
646.92	18017	
647.11	19484	
647.29	20618	
647.48	18051	
647.67	17765	
647.86	20819	
648.05	21143	
648.23	18534	
648.42	19711	
648.61	20327	
648.8	20040	
648.98	17951	
649.17	18333	
649.36	19420	
649.55	19009	
649.73	17927	
649.92	18865	
650.11	19442	
650.3	19875	
650.48	18086	
650.67	17672	
650.86	19946	
651.05	18755	
651.23	17961	
651.42	17729	
651.61	19287	
651.79	19290	
651.98	17987	
652.17	17474	
652.36	19544	
652.54	18522	
652.73	17362	
652.92	17266	
653.11	19443	
653.29	19495	
653.48	16601	
653.67	17583	
653.85	18976	
654.04	20112	
654.23	17599	
654.42	16852	
654.6	17714	
654.79	18683	
654.98	15864	
655.16	16270	
655.35	17055	
655.54	17088	
655.73	15735	
655.91	15713	
656.1	18181	
656.29	17203	
656.47	15511	
656.66	17382	
656.85	17624	
657.03	17818	
657.22	16333	
657.41	16648	
657.59	18075	
657.78	18104	
657.97	16297	
658.16	17141	
658.34	18795	
658.53	19091	
658.72	17843	
658.9	18603	
659.09	18175	
659.28	18403	
659.46	16784	
659.65	16711	
659.84	18045	
660.02	18609	
660.21	16569	
660.4	16623	
660.58	19005	
660.77	18385	
660.96	17277	
661.14	16171	
661.33	19527	
661.52	19506	
661.7	16113	
661.89	19972	
662.08	17905	
662.26	17587	
662.45	16237	
662.64	16288	
662.82	18549	
663.01	17787	
663.2	16460	
663.38	17328	
663.57	18366	
663.75	18329	
663.94	16785	
664.13	18073	
664.31	17705	
664.5	18510	
664.69	16890	
664.87	17754	
665.06	17548	
665.25	18348	
665.43	17871	
665.62	17798	
665.8	18615	
665.99	17768	
666.18	16617	
666.36	16883	
666.55	18333	
666.74	18366	
666.92	16272	
667.11	17836	
667.29	17838	
667.48	18348	
667.67	17588	
667.85	16549	
668.04	17744	
668.22	17839	
668.41	16478	
668.6	16680	
668.78	17549	
668.97	17786	
669.15	16978	
669.34	15830	
669.53	17576	
669.71	17931	
669.9	16048	
670.08	16613	
670.27	17565	
670.46	18188	
670.64	16839	
670.83	17352	
671.01	17260	
671.2	18036	
671.38	16156	
671.57	15923	
671.76	18443	
671.94	19372	
672.13	16004	
672.31	17057	
672.5	18336	
672.69	17622	
672.87	16220	
673.06	16492	
673.24	18051	
673.43	17673	
673.61	16999	
673.8	16450	
673.98	18150	
674.17	18514	
674.36	17189	
674.54	16971	
674.73	17961	
674.91	18105	
675.1	16689	
675.28	16076	
675.47	17823	
675.65	18504	
675.84	16470	
676.03	16832	
676.21	17649	
676.4	17120	
676.58	17244	
676.77	17065	
676.95	19193	
677.14	17633	
677.32	16105	
677.51	15882	
677.69	18229	
677.88	17270	
678.06	15909	
678.25	16139	
678.44	17955	
678.62	17524	
678.81	15795	
678.99	17049	
679.18	18555	
679.36	18393	
679.55	16498	
679.73	17218	
679.92	18200	
680.1	17696	
680.29	17831	
680.47	16519	
680.66	17418	
680.84	18428	
681.03	15740	
681.21	16913	
681.4	17647	
681.58	17317	
681.77	16169	
681.95	16083	
682.14	18360	
682.32	18686	
682.51	17108	
682.69	15728	
682.88	17423	
683.06	17847	
683.25	16701	
683.43	17041	
683.62	17574	
683.8	18110	
683.99	17040	
684.17	16294	
684.36	18882	
684.54	17120	
684.73	14870	
684.91	15016	
685.1	16891	
685.28	16103	
685.46	15036	
685.65	15206	
685.83	16711	
686.02	16195	
686.2	14625	
686.39	14887	
686.57	15995	
686.76	17864	
686.94	14974	
687.13	15151	
687.31	16936	
687.5	16600	
687.68	14648	
687.86	16098	
688.05	18509	
688.23	16199	
688.42	16221	
688.6	15438	
688.79	16799	
688.97	16750	
689.16	15858	
689.34	14703	
689.52	17759	
689.71	17864	
689.89	16225	
690.08	15533	
690.26	17215	
690.45	17215	
690.63	16355	
690.81	15887	
691	16817	
691.18	16924	
691.37	15769	
691.55	18004	
691.74	16691	
691.92	18609	
692.1	15743	
692.29	14874	
692.47	16748	
692.66	16096	
692.84	15261	
693.02	15836	
693.21	16389	
693.39	16825	
693.58	16216	
693.76	15593	
693.94	18310	
694.13	18215	
694.31	15892	
694.5	17097	
694.68	17141	
694.86	17625	
695.05	16320	
695.23	16863	
695.42	18133	
695.6	20512	
695.78	17109	
695.97	16107	
696.15	17959	
696.34	17505	
696.52	15847	
696.7	16493	
696.89	17536	
697.07	16909	
697.25	16367	
697.44	18002	
697.62	17400	
697.81	17794	
697.99	15877	
698.17	16518	
698.36	16685	
698.54	17347	
698.72	16284	
698.91	15003	
699.09	16873	
699.28	16780	
699.46	15755	
699.64	15647	
699.83	16674	
700.01	17842	
700.19	16436	
700.38	15032	
700.56	17930	
700.74	16801	
700.93	15269	
701.11	16315	
701.29	17354	
701.48	18714	
701.66	15647	
701.84	15899	
702.03	17006	
702.21	17799	
702.39	15221	
702.58	16027	
702.76	17637	
702.94	17644	
703.13	15284	
703.31	17909	
703.49	16794	
703.68	17870	
703.86	15431	
704.04	16531	
704.23	17219	
704.41	17730	
704.59	15500	
704.78	16675	
704.96	18433	
705.14	17800	
705.33	15302	
705.51	16018	
705.69	16928	
705.87	17806	
706.06	16408	
706.24	15119	
706.42	17201	
706.61	17709	
706.79	16457	
706.97	15245	
707.16	16578	
707.34	17212	
707.52	16100	
707.7	15457	
707.89	16912	
708.07	16449	
708.25	16125	
708.44	16427	
708.62	16486	
708.8	17735	
708.98	16401	
709.17	15418	
709.35	16920	
709.53	16823	
709.72	14780	
709.9	15224	
710.08	17105	
710.26	17062	
710.45	16496	
710.63	15142	
710.81	16593	
710.99	16557	
711.18	15618	
711.36	15038	
711.54	16318	
711.72	17149	
711.91	14812	
712.09	14186	
712.27	16137	
712.45	16638	
712.64	14769	
712.82	13758	
713	15094	
713.18	15186	
713.37	13590	
713.55	14841	
713.73	15633	
713.91	13967	
714.1	13219	
714.28	12394	
714.46	14498	
714.64	13331	
714.83	11112	
715.01	11858	
715.19	12946	
715.37	12141	
715.55	11066	
715.74	11499	
715.92	13508	
716.1	11340	
716.28	12385	
716.47	11336	
716.65	11926	
716.83	12056	
717.01	11083	
717.19	11065	
717.38	14222	
717.56	11873	
717.74	11485	
717.92	10585	
718.1	13278	
718.29	12544	
718.47	10710	
718.65	11438	
718.83	13631	
719.01	13710	
719.2	10921	
719.38	12182	
719.56	13511	
719.74	15205	
719.92	11640	
720.11	12676	
720.29	13153	
720.47	12200	
720.65	10677	
720.83	11442	
721.02	12155	
721.2	11749	
721.38	11240	
721.56	10398	
721.74	11084	
721.92	11374	
722.11	11590	
722.29	11267	
722.47	12659	
722.65	11654	
722.83	10202	
723.01	11088	
723.2	11730	
723.38	12043	
723.56	9607	
723.74	10940	
723.92	11205	
724.1	12489	
724.29	10107	
724.47	11277	
724.65	11256	
724.83	11160	
725.01	9793.4	
725.19	10800	
725.37	11101	
725.56	11307	
725.74	9616.6	
725.92	9972.9	
726.1	11025	
726.28	11305	
726.46	10347	
726.64	9970.2	
726.83	11234	
727.01	11537	
727.19	9462.3	
727.37	10534	
727.55	11468	
727.73	11898	
727.91	9569.5	
728.09	9388.6	
728.28	11985	
728.46	12693	
728.64	10672	
728.82	10613	
729	13212	
729.18	12558	
729.36	9926.5	
729.54	12331	
729.72	13683	
729.91	11983	
730.09	12157	
730.27	10804	
730.45	11931	
730.63	12594	
730.81	11518	
730.99	10593	
731.17	13252	
731.35	11621	
731.53	11009	
731.71	10575	
731.9	12690	
732.08	12914	
732.26	10879	
732.44	10398	
732.62	12904	
732.8	12400	
732.98	11175	
733.16	10089	
733.34	12288	
733.52	10955	
733.7	10564	
733.88	10803	
734.07	11961	
734.25	11812	
734.43	9884.9	
734.61	11580	
734.79	13426	
734.97	11598	
735.15	10056	
735.33	10441	
735.51	11882	
735.69	11469	
735.87	11536	
736.05	10514	
736.23	11721	
736.41	11462	
736.59	10363	
736.77	10514	
736.95	12130	
737.13	11499	
737.32	9894.4	
737.5	10196	
737.68	12745	
737.86	11259	
738.04	9658.9	
738.22	11594	
738.4	10933	
738.58	11266	
738.76	10200	
738.94	9151	
739.12	10992	
739.3	11026	
739.48	10906	
739.66	10615	
739.84	11413	
740.02	11400	
740.2	9118.9	
740.38	9388.6	
740.56	11740	
740.74	10509	
740.92	10148	
741.1	10020	
741.28	10877	
741.46	10746	
741.64	9590	
741.82	10038	
742	10895	
742.18	10917	
742.36	9649.3	
742.54	9196.7	
742.72	11368	
742.9	10036	
743.08	9986.6	
743.26	8641.7	
743.44	11548	
743.62	11323	
743.8	10131	
743.98	9043.1	
744.16	10966	
744.34	10614	
744.52	9904.7	
744.7	9770.2	
744.88	11069	
745.06	10437	
745.24	9844.6	
745.42	9835	
745.6	10981	
745.78	10643	
745.96	8383.7	
746.14	8699.8	
746.32	11599	
746.5	10918	
746.68	9236.3	
746.86	8632.2	
747.03	11286	
747.21	9396.8	
747.39	9055.4	
747.57	8524.3	
747.75	10322	
747.93	10698	
748.11	8503.2	
748.29	8350.3	
748.47	11930	
748.65	9956.5	
748.83	9273.2	
749.01	9070.5	
749.19	10475	
749.37	9648.7	
749.55	8788.5	
749.73	8789.9	
749.91	9992	
750.09	9658.9	
750.26	8802.9	
750.44	8159.1	
750.62	10062	
750.8	9876	
750.98	8021.9	
751.16	8277.9	
751.34	9891.7	
751.52	9329.2	
751.7	9155.1	
751.88	7912	
752.06	10482	
752.24	10253	
752.42	7940.7	
752.59	8221.9	
752.77	9871.9	
752.95	11293	
753.13	9068.4	
753.31	8268.3	
753.49	9387.2	
753.67	9889	
753.85	8615.1	
754.03	8051.2	
754.21	10010	
754.38	10315	
754.56	8005.5	
754.74	6980.2	
754.92	8953.7	
755.1	9505.3	
755.28	6621.8	
755.46	6440.9	
755.64	9659.6	
755.82	9635	
755.99	6053.8	
756.17	6047.7	
756.35	6350.1	
756.53	7959.1	
756.71	4557.4	
756.89	5513.1	
757.07	7576.1	
757.25	6705.7	
757.42	6344.6	
757.6	7437.5	
757.78	8014.4	
757.96	6995.9	
758.14	6324.8	
758.32	5793	
758.5	6583.5	
758.67	7378.1	
758.85	6109.1	
759.03	6152.1	
759.21	7456.7	
759.39	6922.8	
759.57	5599.1	
759.75	6873	
759.92	8263.6	
760.1	7494.2	
760.28	7406.1	
760.46	7632.8	
760.64	7429.3	
760.82	7217.7	
760.99	7354.9	
761.17	6526.2	
761.35	8469	
761.53	7429.3	
761.71	6668.2	
761.89	7538.6	
762.06	8505.2	
762.24	7851.9	
762.42	6869.6	
762.6	6703.7	
762.78	8041	
762.96	8799.4	
763.13	7336.5	
763.31	7073.7	
763.49	8906.6	
763.67	8013	
763.85	7942.7	
764.02	8627.4	
764.2	9255.5	
764.38	8316.8	
764.56	6831.3	
764.74	7799.3	
764.91	9367.4	
765.09	8048.5	
765.27	6507.1	
765.45	6230.6	
765.63	9253.4	
765.8	9151	
765.98	5902.2	
766.16	6337.1	
766.34	7404.8	
766.52	7167.2	
766.69	7242.3	
766.87	5986.9	
767.05	7837.6	
767.23	8541.4	
767.41	6253.1	
767.58	6489.3	
767.76	8292.9	
767.94	8389.8	
768.12	6241.5	
768.29	7025.2	
768.47	7714.7	
768.65	8441	
768.83	5767.8	
769	7045	
769.18	7185	
769.36	7873.1	
769.54	6927.6	
769.72	5749.3	
769.89	8174.8	
770.07	8298.4	
770.25	6032.6	
770.43	7341.3	
770.6	8902.5	
770.78	9314.2	
770.96	6193.7	
771.14	6817.7	
771.31	7910.6	
771.49	7260	
771.67	5132.9	
771.85	5408.7	
772.02	6394.4	
772.2	7137.9	
772.38	6112.5	
772.55	5676.3	
772.73	7355.6	
772.91	7159.7	
773.09	5996.5	
773.26	6084.5	
773.44	7242.3	
773.62	6904.4	
773.8	5460.6	
773.97	5130.8	
774.15	7289.4	
774.33	6787	
774.5	5300.8	
774.68	5626.5	
774.86	7416.4	
775.04	6775.4	
775.21	5356.1	
775.39	5207.3	
775.57	7011.6	
775.74	7567.2	
775.92	5029.8	
776.1	4971.1	
776.27	6991.8	
776.45	8335.2	
776.63	5160.9	
776.81	4734.2	
776.98	6622.4	
777.16	7776.8	
777.34	5264	
777.51	5620.3	
777.69	6538.5	
777.87	6226.5	
778.04	5271.5	
778.22	5963.7	
778.4	6242.2	
778.57	6967.9	
778.75	4448.9	
778.93	4730.8	
779.1	6026.5	
779.28	5859.9	
779.46	4493.2	
779.64	4979.3	
779.81	7054.6	
779.99	8000	
780.17	5865.4	
780.34	5855.1	
780.52	6438.8	
780.69	6642.9	
780.87	5234.6	
781.05	4740.4	
781.22	6406	
781.4	6567.2	
781.58	4931.5	
781.75	4002.4	
781.93	6462	
782.11	5862	
782.28	5814.9	
782.46	4813.4	
782.64	5618.9	
782.81	6595.8	
782.99	4923.3	
783.17	4853.7	
783.34	6530.3	
783.52	5660.6	
783.69	5066	
783.87	5927.5	
784.05	5754.1	
784.22	5783.5	
784.4	5858.6	
784.58	5177.9	
784.75	6680.5	
784.93	5642.8	
785.1	4726	
785.28	5392.3	
785.46	6456.6	
785.63	5617.6	
785.81	4609.3	
785.99	4474.8	
786.16	5785.5	
786.34	6307.1	
786.51	4560.1	
786.69	4932.9	
786.87	5410.7	
787.04	5933	
787.22	4328	
787.39	5371.8	
787.57	5591	
787.75	6767.9	
787.92	5569.1	
788.1	5539.8	
788.27	5614.8	
788.45	5360.2	
788.63	5139	
788.8	3801.7	
788.98	5968.5	
789.15	5297.4	
789.33	3910.3	
789.5	4604.5	
789.68	6535.8	
789.86	6693.4	
790.03	5085.1	
790.21	4477.5	
790.38	6503.7	
790.56	5657.2	
790.73	4289.8	
790.91	4305.5	
791.09	5557.5	
791.26	6336.4	
791.44	4564.9	
791.61	3943	
791.79	5539.1	
791.96	5615.5	
792.14	4077.5	
792.32	3631	
792.49	5482.4	
792.67	5644.2	
792.84	4156.7	
793.02	3950.5	
793.19	5964.4	
793.37	6796.5	
793.54	3600.3	
793.72	4008.6	
793.89	6899.6	
794.07	5545.9	
794.25	4708.3	
794.42	3715.7	
794.6	6569.9	
794.77	6185.5	
794.95	4958.8	
795.12	4246.1	
795.3	5457.2	
795.47	6145.3	
795.65	4744.5	
795.82	4540.3	
796	5274.2	
796.17	7334.5	
796.35	4349.9	
796.52	5131.5	
796.7	6075.6	
796.87	6112.5	
797.05	5337.7	
797.22	5313.8	
797.4	6062.7	
797.57	7184.3	
797.75	4470	
797.92	4291.9	
798.1	6407.4	
798.27	5405.3	
798.45	3685.7	
798.62	3974.4	
798.8	5741.8	
798.97	6283.9	
799.15	4681	
799.32	4482.3	
799.5	4934.9	
799.67	5787.6	
799.85	4900.1	
800.02	3598.3	
800.2	5345.2	
800.37	5772.5	
800.55	5025	
800.72	4209.3	
800.9	6177.4	
801.07	6701.6	
801.25	5609.4	
801.42	4635.9	
801.6	6309.1	
801.77	6013.5	
801.95	4317.8	
802.12	4098.7	
802.29	5917.9	
802.47	5935	
802.64	4517.1	
802.82	3509.5	
802.99	5342.5	
803.17	6390.3	
803.34	4445.5	
803.52	4038.6	
803.69	7114	
803.87	5103.5	
804.04	4420.9	
804.21	4525.3	
804.39	6485.9	
804.56	5584.8	
804.74	3734.1	
804.91	4614.1	
805.09	5350	
805.26	5477	
805.44	3841.3	
805.61	4220.9	
805.78	6059.9	
805.96	6091.3	
806.13	4647.5	
806.31	4910.3	
806.48	4885.1	
806.66	5412.8	
806.83	4517.8	
807	4479.6	
807.18	5288.5	
807.35	5739.1	
807.53	4410	
807.7	3553.2	
807.87	6541.9	
808.05	5328.8	
808.22	4799.1	
808.4	3484.3	
808.57	5328.8	
808.74	4921.3	
808.92	4043.4	
809.09	5146.5	
809.27	5224.4	
809.44	5879	
809.61	3577.8	
809.79	3960.8	
809.96	6535.8	
810.14	6148.7	
810.31	3443.3	
810.48	4204.5	
810.66	5414.1	
810.83	6194.4	
811.01	3988.8	
811.18	4476.9	
811.35	6049	
811.53	4719.9	
811.7	4901.5	
811.87	4548.5	
812.05	5284.4	
812.22	5218.9	
812.39	3871.3	
812.57	3756	
812.74	5332.9	
812.92	7098.9	
813.09	4222.2	
813.26	4600.4	
813.44	6789	
813.61	5218.2	
813.78	3557.3	
813.96	4685.8	
814.13	5317.9	
814.3	4998.4	
814.48	5126.7	
814.65	4214	
814.82	6627.2	
815	5108.3	
815.17	4339	
815.34	5293.3	
815.52	5227.1	
815.69	5250.3	
815.87	4323.3	
816.04	3751.2	
816.21	5345.9	
816.38	4665.3	
816.56	4101.4	
816.73	3917.1	
816.9	6707.8	
817.08	6144.6	
817.25	3910.9	
817.42	4921.3	
817.6	4792.9	
817.77	5319.3	
817.94	4362.2	
818.12	3823.6	
818.29	5033.2	
818.46	7914.7	
818.64	4041.3	
818.81	3760.1	
818.98	4929.5	
819.16	7190.4	
819.33	4668.7	
819.5	4326	
819.67	5683.8	
819.85	6365.8	
820.02	4229.1	
820.19	4469.4	
820.37	5531.6	
820.54	5075.5	
820.71	4403.8	
820.88	5515.9	
821.06	5496.7	
821.23	5082.4	
821.4	4421.6	
821.58	4317.1	
821.75	6108.4	
821.92	5424.4	
822.09	3560.1	
822.27	3751.9	
822.44	5307.7	
822.61	5127.4	
822.79	3549.8	
822.96	6772.6	
823.13	5838.8	
823.3	5055.8	
823.48	4101.4	
823.65	3692.5	
823.82	6031.3	
823.99	4807.3	
824.17	5270.1	
824.34	3720.5	
824.51	6974.7	
824.68	5333.6	
824.86	3918.4	
825.03	4417.5	
825.2	5296	
825.37	6436.8	
825.55	3801.7	
825.72	4343.7	
825.89	7081.2	
826.06	6477	
826.24	4255.7	
826.41	4213.4	
826.58	6391.7	
826.75	5642.2	
826.92	3300	
827.1	3702.7	
827.27	8787.2	
827.44	6959	
827.61	3978.5	
827.79	4824.3	
827.96	4969.7	
828.13	5373.9	
828.3	4132.1	
828.47	3548.4	
828.65	5510.4	
828.82	5422.3	
828.99	5421	
829.16	4732.9	
829.34	5942.5	
829.51	5662	
829.68	4313	
829.85	4533.5	
830.02	6167.1	
830.2	5897.5	
830.37	3386.7	
830.54	5236	
830.71	6847	
830.88	5229.1	
831.05	3411.9	
831.23	3928	
831.4	6470.9	
831.57	7273.7	
831.74	4017.4	
831.91	3555.3	
832.09	5472.2	
832.26	5897.5	
832.43	4191.5	
832.6	4670.1	
832.77	5554.8	
832.94	6391	
833.12	3323.9	
833.29	4114.4	
833.46	5127.4	
833.63	7560.4	
833.8	4512.4	
833.97	4223.6	
834.15	5908.4	
834.32	5599.8	
834.49	4334.2	
834.66	4448.2	
834.83	6150.1	
835	4956.1	
835.17	3990.8	
835.35	3969.6	
835.52	5779.4	
835.69	5715.2	
835.86	4196.3	
836.03	3465.8	
836.2	5833.3	
836.37	5481	
836.55	4163.5	
836.72	3926.6	
836.89	5393	
837.06	6004.6	
837.23	4222.2	
837.4	4641.4	
837.57	6787.7	
837.75	7606.8	
837.92	3781.9	
838.09	4022.9	
838.26	5434.6	
838.43	6242.2	
838.6	4379.2	
838.77	3898	
838.94	7147.4	
839.11	6769.2	
839.29	4178.5	
839.46	3231	
839.63	5794.4	
839.8	5616.9	
839.97	4025.6	
840.14	4066.6	
840.31	5620.3	
840.48	5920	
840.65	3321.1	
840.82	4059.1	
841	5820.3	
841.17	5821	
841.34	3670.6	
841.51	3749.1	
841.68	5793.7	
841.85	5551.4	
842.02	3787.4	
842.19	3148.4	
842.36	5616.9	
842.53	5541.1	
842.7	3678.8	
842.87	4532.8	
843.05	7452.6	
843.22	5551.4	
843.39	3547.8	
843.56	3741	
843.73	5308.3	
843.9	5948	
844.07	5985.5	
844.24	5002.5	
844.41	8734.6	
844.58	5107	
844.75	3521.8	
844.92	3967.6	
845.09	5956.2	
845.26	5808.7	
845.43	3658.4	
845.6	3917.1	
845.77	5879.7	
845.94	5513.1	
846.12	4075.5	
846.29	4330.1	
846.46	6062	
846.63	5817.6	
846.8	3687.7	
846.97	4405.9	
847.14	6324.8	
847.31	5801.2	
847.48	4158.1	
847.65	4522.6	
847.82	6133	
847.99	6113.2	
848.16	4898.7	
848.33	4590.9	
848.5	5345.9	
848.67	6344.6	
848.84	3678.8	
849.01	3776.5	
849.18	5268.1	
849.35	4893.3	
849.52	4562.9	
849.69	3566.2	
849.86	5945.3	
850.03	6314.6	
850.2	3673.4	
850.37	4493.9	
850.54	6219	
850.71	5522	
850.88	4392.9	
851.05	3586	
851.22	5756.2	
851.39	6443.6	
851.56	3395.5	
851.73	4206.5	
851.9	5156.1	
852.07	6098.9	
852.24	4054.3	
852.41	3630.4	
852.58	5664	
852.75	5186.1	
852.92	4159.4	
853.09	3571	
853.26	5426.4	
853.43	6214.2	
853.6	3586.7	
853.77	3078.1	
853.94	6395.8	
854.11	5817.6	
854.28	5338.4	
854.44	3936.2	
854.61	6877.1	
854.78	6167.1	
854.95	3639.9	
855.12	4622.3	
855.29	4717.2	
855.46	6600.6	
855.63	3568.2	
855.8	5063.3	
855.97	5348.6	
856.14	6296.1	
856.31	5215.5	
856.48	3937.6	
856.65	5378	
856.82	5089.2	
856.99	3521.1	
857.16	3904.1	
857.33	7216.4	
857.49	5510.4	
857.66	3945.1	
857.83	4248.2	
858	5469.4	
858.17	5699.5	
858.34	3442	
858.51	3620.8	
858.68	6645.7	
858.85	6614.3	
859.02	4268	
859.19	4464.6	
859.36	5106.3	
859.52	5158.8	
859.69	3661.8	
859.86	4300.7	
860.03	5214.1	
860.2	6463.4	
860.37	3282.9	
860.54	3635.8	
860.71	6146	
860.88	6508.4	
861.05	4138.3	
861.21	4622.9	
861.38	6543.3	
861.55	5023.7	
861.72	3302.7	
861.89	4094.6	
862.06	6188.3	
862.23	6788.3	
862.4	3548.4	
862.56	3803.1	
862.73	5947.3	
862.9	5674.2	
863.07	4278.2	
863.24	3254.9	
863.41	5044.1	
863.58	5100.1	
863.75	3714.3	
863.91	4156	
864.08	6558.3	
864.25	5976.7	
864.42	4567.7	
864.59	5109	
864.76	6806.8	
864.93	5157.5	
865.09	3519.1	
865.26	3863.2	
865.43	6309.1	
865.6	6817.7	
865.77	3189.4	
865.94	3603.1	
866.1	6412.9	
866.27	6110.5	
866.44	5499.5	
866.61	3457	
866.78	5563	
866.95	5976.7	
867.11	3545.7	
867.28	3183.9	
867.45	6219	
867.62	5275.6	
867.79	4147.8	
867.96	3548.4	
868.12	5169.8	
868.29	6102.3	
868.46	3176.4	
868.63	4870.8	
868.8	6367.1	
868.97	5991	
869.13	3749.1	
869.3	3814.7	
869.47	5929.6	
869.64	6179.4	
869.81	3717.1	
869.97	3605.8	
870.14	5874.9	
870.31	6550.8	
870.48	3584.6	
870.65	4642.1	
870.81	5395.7	
870.98	5416.9	
871.15	4128.7	
871.32	3732.8	
871.48	5971.2	
871.65	6582.2	
871.82	3590.1	
871.99	3988.8	
872.16	7040.2	
872.32	6365.1	
872.49	3624.2	
872.66	3713.6	
872.83	6124.8	
872.99	5302.9	
873.16	4140.3	
873.33	3588	
873.5	5638.7	
873.67	5649.7	
873.83	3877.5	
874	4905.6	
874.17	5795.8	
874.34	6948.1	
874.5	4776.5	
874.67	4497.3	
874.84	6566.5	
875.01	5146.5	
875.17	5143.1	
875.34	3635.1	
875.51	5737	
875.68	6940.6	
875.84	4330.8	
876.01	5356.8	
876.18	5976	
876.34	5969.8	
876.51	3683.6	
876.68	3576.4	
876.85	5451.7	
877.01	6343.2	
877.18	5186.1	
877.35	3592.8	
877.52	5575.9	
877.68	5014.8	
877.85	3530.7	
878.02	3592.1	
878.18	5586.2	
878.35	5316.5	
878.52	2914.3	
878.69	4040	
878.85	6006.7	
879.02	6021.7	
879.19	5169.1	
879.35	3918.4	
879.52	5982.8	
879.69	6268.8	
879.86	3097.9	
880.02	4078.9	
880.19	5553.4	
880.36	6853.2	
880.52	4171.7	
880.69	4357.4	
880.86	6164.4	
881.02	6251.8	
881.19	3960.1	
881.36	3922.5	
881.52	6057.9	
881.69	5281	
881.86	3906.8	
882.02	3857	
882.19	6343.9	
882.36	7444.4	
882.52	3667.9	
882.69	5076.9	
882.86	5794.4	
883.02	5737.7	
883.19	4371.7	
883.36	4143.7	
883.52	6204	
883.69	6978.8	
883.86	3620.8	
884.02	3329.3	
884.19	6093.4	
884.36	5620.3	
884.52	4165.6	
884.69	3865.9	
884.86	5363.6	
885.02	6799.9	
885.19	4077.5	
885.36	4214.7	
885.52	5574.6	
885.69	5785.5	
885.86	5197.1	
886.02	4645.5	
886.19	6066.1	
886.35	5575.9	
886.52	3979.9	
886.69	5107	
886.85	5108.3	
887.02	6512.5	
887.19	6512.5	
887.35	6512.5	
887.52	6512.5	
887.68	6512.5	
887.85	6512.5	
888.02	6512.5	
888.18	6512.5	
888.35	6512.5	
888.51	6512.5	
888.68	6512.5	
888.85	6512.5	
889.01	6512.5	
889.18	6512.5	
889.35	6512.5	
889.51	6512.5	
889.68	6512.5	
889.84	6512.5	
890.01	6512.5	
890.17	6512.5	
890.34	6512.5	
890.51	6512.5	
890.67	6512.5	
890.84	6512.5	
891	6512.5	
891.17	6512.5	
891.34	6512.5	
891.5	6512.5	
891.67	6512.5	
891.83	6512.5	
892	6512.5	
892.16	6512.5	
892.33	6512.5	
892.5	6512.5	
892.66	6512.5	
892.83	6512.5	
892.99	6512.5	
893.16	6512.5	
893.32	6512.5	
893.49	6512.5	
893.65	6512.5	
893.82	6512.5	
893.99	6512.5	
894.15	6512.5	
894.32	6512.5	
894.48	6512.5	
894.65	6512.5	
894.81	6512.5	
894.98	6512.5	
895.14	6512.5	
895.31	6512.5	
895.47	6512.5	
895.64	6512.5	
895.81	6512.5	
895.97	6512.5	
896.14	6512.5	
896.3	6512.5	
896.47	6512.5	
896.63	6512.5	
896.8	6512.5	
896.96	6512.5	
897.13	6512.5	
897.29	6512.5	
897.46	6512.5	
897.62	6512.5	
897.79	6512.5	
897.95	6512.5	
898.12	6512.5	
898.28	6512.5	
898.45	6512.5	
898.61	6512.5	
898.78	6512.5	
898.94	6512.5	
899.11	6512.5	
899.27	6512.5	
899.44	6512.5	
899.6	6512.5	
899.77	6512.5	
899.93	6512.5	
900.1	6512.5	
900.26	6512.5	
900.43	6512.5	
900.59	6512.5	
900.76	6512.5	
900.92	6512.5	
901.09	6512.5	
901.25	6512.5	
901.42	6512.5	
901.58	6512.5	
901.75	6512.5	
901.91	6512.5	
902.07	6512.5	
902.24	6512.5	
902.4	6512.5	
902.57	6512.5	
902.73	6512.5	
902.9	6512.5	
903.06	6512.5	
903.23	6512.5	
903.39	6512.5	
903.56	6512.5	
903.72	6512.5	
903.88	6512.5	
904.05	6512.5	
904.21	6512.5	
904.38	6512.5	
904.54	6512.5	
904.71	6512.5	
904.87	6512.5	
905.03	6512.5	
905.2	6512.5	
905.36	6512.5	
905.53	6512.5	
905.69	6512.5	
905.86	6512.5	
906.02	6512.5	
906.18	6512.5	
906.35	6512.5	
906.51	6512.5	
906.68	6512.5	
906.84	6512.5	
907.01	6512.5	
907.17	6512.5	
907.33	6512.5	
907.5	6512.5	
907.66	6512.5	
907.83	6512.5	
907.99	6512.5	
908.15	6512.5	
908.32	6512.5	
908.48	6512.5	
908.65	6512.5	
908.81	6512.5	
908.97	6512.5	
909.14	6512.5	
909.3	6512.5	
909.47	6512.5	
909.63	6512.5	
909.79	6512.5	
909.96	6512.5	
910.12	6512.5	
910.28	6512.5	
910.45	6512.5	
910.61	6512.5	
910.78	6512.5	
910.94	6512.5	
911.1	6512.5	
911.27	6512.5	
911.43	6512.5	
911.59	6512.5	
911.76	6512.5	
911.92	6512.5	
912.08	6512.5	
912.25	6512.5	
912.41	6512.5	
912.57	6512.5	
912.74	6512.5	
912.9	6512.5	
913.07	6512.5	
913.23	6512.5	
913.39	6512.5	
913.56	6512.5	
913.72	6512.5	
913.88	6512.5	
914.05	6512.5	
914.21	6512.5	
914.37	6512.5	
914.54	6512.5	
914.7	6512.5	
914.86	6512.5	
915.03	6512.5	
915.19	6512.5	
