Wavelength	Intensities	
nm	a.u.	
179.22	1960.1	
179.44	1946.6	
179.65	1973.6	
179.86	1919.6	
180.08	1952.4	
180.29	4980.7	
180.51	3594.9	
180.72	5751.4	
180.94	6773.3	
181.15	3328.6	
181.37	3194.1	
181.58	5601.9	
181.79	5894.1	
182.01	3431.7	
182.22	3716.4	
182.44	5851	
182.65	4920.6	
182.87	4638.6	
183.08	4111	
183.29	6193.1	
183.51	5038.7	
183.72	3753.9	
183.94	5464.7	
184.15	5474.2	
184.37	5503.6	
184.58	3256.3	
184.79	4510.3	
185.01	5109.7	
185.22	5892.7	
185.44	4830.5	
185.65	3999.7	
185.86	5340.4	
186.08	4981.3	
186.29	3151.1	
186.51	3435.1	
186.72	5094.7	
186.94	6070.2	
187.15	3997	
187.36	4172.4	
187.58	7946.1	
187.79	5607.3	
188.01	4316.4	
188.22	6720.1	
188.43	6713.9	
188.65	5860.6	
188.86	3455.6	
189.08	4119.8	
189.29	5296	
189.5	5282.4	
189.72	3842.7	
189.93	3945.1	
190.15	6060.6	
190.36	7310.6	
190.57	4265.2	
190.79	4091.8	
191	6182.8	
191.22	6089.3	
191.43	4224.3	
191.64	3448.1	
191.86	6395.1	
192.07	6133	
192.29	3638.6	
192.5	3795.6	
192.71	6104.3	
192.93	5208.7	
193.14	3799	
193.35	3874.1	
193.57	5317.2	
193.78	6156.9	
194	3041.2	
194.21	3770.3	
194.42	5053	
194.64	5558.9	
194.85	4130.1	
195.07	4820.2	
195.28	5621	
195.49	4747.9	
195.71	5177.9	
195.92	3547.8	
196.13	5685.8	
196.35	5847	
196.56	5452.4	
196.78	4098	
196.99	7193.8	
197.2	6750.1	
197.42	4743.8	
197.63	4229.1	
197.84	4924.7	
198.06	5741.1	
198.27	3811.3	
198.48	5188.2	
198.7	5305.6	
198.91	5361.6	
199.13	4165.6	
199.34	4133.5	
199.55	5906.3	
199.77	4816.8	
199.98	3651.5	
200.19	4192.9	
200.41	5365.7	
200.62	5076.9	
200.83	4368.3	
201.05	4685.1	
201.26	5384.1	
201.47	5179.3	
201.69	3699.3	
201.9	3566.9	
202.11	5421.7	
202.33	6544.6	
202.54	3977.8	
202.76	4422.2	
202.97	5604.6	
203.18	5659.2	
203.4	4295.3	
203.61	4264.6	
203.82	5613.5	
204.04	5153.4	
204.25	4262.5	
204.46	4088.4	
204.68	5509.7	
204.89	5747.3	
205.1	4044.1	
205.32	3564.1	
205.53	5906.3	
205.74	6109.8	
205.96	3044.6	
206.17	4286.4	
206.38	5899.5	
206.6	6026.5	
206.81	4801.1	
207.02	3905.5	
207.24	5774.6	
207.45	6206	
207.66	3974.4	
207.88	3366.9	
208.09	5740.5	
208.3	5528.8	
208.52	3664.5	
208.73	4033.1	
208.94	5534.3	
209.15	6178	
209.37	3984.7	
209.58	4252.9	
209.79	6053.1	
210.01	5258.5	
210.22	3128.6	
210.43	3291.1	
210.65	5502.2	
210.86	5979.4	
211.07	3977.2	
211.29	3623.5	
211.5	5887.2	
211.71	5412.1	
211.93	3591.5	
212.14	3678.8	
212.35	5366.4	
212.56	5699.5	
212.78	4136.2	
212.99	3427.6	
213.2	6507.1	
213.42	5285.1	
213.63	3790.8	
213.84	4040.6	
214.06	4898.1	
214.27	4952.7	
214.48	3999.7	
214.69	4236.6	
214.91	6193.1	
215.12	6260.6	
215.33	4276.8	
215.55	4732.2	
215.76	6797.2	
215.97	5879	
216.18	4119.8	
216.4	3999.7	
216.61	5197.7	
216.82	6040.8	
217.04	3689.1	
217.25	3821.5	
217.46	6183.5	
217.67	5947.3	
217.89	3248.1	
218.1	3368.9	
218.31	5587.5	
218.53	5711.1	
218.74	3849.5	
218.95	3708.9	
219.16	5464	
219.38	6460.7	
219.59	3725.9	
219.8	4481	
220.01	7150.1	
220.23	5514.5	
220.44	4930.8	
220.65	3628.3	
220.87	5556.8	
221.08	6180.1	
221.29	3322.5	
221.5	4542.4	
221.72	7618.4	
221.93	5231.9	
222.14	4220.9	
222.35	4977.2	
222.57	5552	
222.78	5885.2	
222.99	3939.6	
223.2	4283	
223.42	5835.3	
223.63	5972.6	
223.84	3055.6	
224.05	3052.2	
224.27	7122.2	
224.48	6463.4	
224.69	4972.5	
224.9	4200.4	
225.12	5762.3	
225.33	5432.6	
225.54	3307.5	
225.75	3746.4	
225.97	5061.9	
226.18	5324.7	
226.39	4082.3	
226.6	3760.1	
226.82	5230.5	
227.03	5099.4	
227.24	4173.8	
227.45	3426.3	
227.67	5899.5	
227.88	6428.6	
228.09	4711	
228.3	4723.3	
228.52	5887.2	
228.73	5468.8	
228.94	3908.2	
229.15	3458.3	
229.36	5411.4	
229.58	5287.9	
229.79	3880.2	
230	4534.2	
230.21	6645	
230.43	5621	
230.64	4203.1	
230.85	4339.6	
231.06	5944.6	
231.28	5947.3	
231.49	3469.3	
231.7	4131.4	
231.91	5836	
232.12	5541.1	
232.34	3472	
232.55	4078.9	
232.76	6217.6	
232.97	5699.5	
233.18	3695.2	
233.4	4081.6	
233.61	5729.5	
233.82	5242.1	
234.03	3880.9	
234.25	3740.3	
234.46	7666.9	
234.67	5557.5	
234.88	4238.6	
235.09	3750.5	
235.31	5838.8	
235.52	5373.2	
235.73	4129.4	
235.94	3460.4	
236.15	5225.1	
236.37	6679.1	
236.58	3678.8	
236.79	3998.3	
237	5785.5	
237.21	5053.7	
237.43	4293.9	
237.64	3349.8	
237.85	10135	
238.06	5068.7	
238.27	4390.8	
238.48	3462.4	
238.7	5908.4	
238.91	5368.4	
239.12	4015.4	
239.33	4009.9	
239.54	5072.8	
239.76	5408	
239.97	3963.5	
240.18	4009.9	
240.39	6976.1	
240.6	5811.5	
240.82	4136.9	
241.03	3425.6	
241.24	5502.2	
241.45	6397.9	
241.66	3670	
241.87	4297.3	
242.09	6298.2	
242.3	6688	
242.51	4336.2	
242.72	4031.1	
242.93	6014.2	
243.14	5485.8	
243.36	4637.3	
243.57	4986.1	
243.78	6399.2	
243.99	5911.1	
244.2	4043.4	
244.41	3700.7	
244.63	5040.7	
244.84	5863.3	
245.05	4248.2	
245.26	4037.9	
245.47	5814.9	
245.68	6171.9	
245.9	5355.4	
246.11	4322.6	
246.32	5356.8	
246.53	5748	
246.74	6543.3	
246.95	3375.7	
247.16	4979.3	
247.38	5494.7	
247.59	3332.7	
247.8	4068.6	
248.01	5210.7	
248.22	5473.5	
248.43	3632.4	
248.64	3865.2	
248.86	4859.8	
249.07	5268.1	
249.28	3479.5	
249.49	4132.8	
249.7	6126.2	
249.91	6247	
250.12	3370.3	
250.34	3358.7	
250.55	5622.4	
250.76	5505.6	
250.97	4104.8	
251.18	4142.4	
251.39	6251.1	
251.6	5658.5	
251.81	4219.5	
252.03	4190.1	
252.24	5319.9	
252.45	6108.4	
252.66	3438.5	
252.87	4534.2	
253.08	5505.6	
253.29	7286.7	
253.5	3483.6	
253.72	4881.7	
253.93	5364.3	
254.14	6533.7	
254.35	3801.7	
254.56	3915	
254.77	5797.1	
254.98	5081	
255.19	3695.2	
255.41	4827.7	
255.62	5600.5	
255.83	6219.7	
256.04	4331.5	
256.25	4206.5	
256.46	6834.1	
256.67	5217.5	
256.88	4205.2	
257.09	4653.7	
257.31	5207.3	
257.52	5226.4	
257.73	5224.4	
257.94	3747.1	
258.15	5374.6	
258.36	5566.4	
258.57	4761.5	
258.78	3001.6	
258.99	6091.3	
259.2	5332.2	
259.41	3867.2	
259.63	3929.4	
259.84	6399.2	
260.05	6886	
260.26	5044.8	
260.47	3680.2	
260.68	6076.3	
260.89	5424.4	
261.1	4631.8	
261.31	3620.1	
261.52	6074.3	
261.73	6477.7	
261.95	4975.2	
262.16	4310.3	
262.37	6290	
262.58	6409.5	
262.79	4956.1	
263	3921.2	
263.21	5520.6	
263.42	5006.6	
263.63	3956	
263.84	3825.6	
264.05	6105.7	
264.26	6507.1	
264.47	4843.4	
264.69	4283.7	
264.9	6249	
265.11	5750.7	
265.32	3732.8	
265.53	3814	
265.74	5626.5	
265.95	4929.5	
266.16	4074.8	
266.37	4547.2	
266.58	5636.7	
266.79	5322	
267	3851.5	
267.21	3493.8	
267.42	4992.9	
267.63	5534.3	
267.84	3975.1	
268.06	3408.5	
268.27	5928.2	
268.48	6257.2	
268.69	3874.1	
268.9	4653.7	
269.11	6249.7	
269.32	4960.2	
269.53	3992.2	
269.74	3700.7	
269.95	5872.9	
270.16	4867.3	
270.37	4074.1	
270.58	4608.6	
270.79	5330.9	
271	6034	
271.21	4260.5	
271.42	4031.8	
271.63	5687.9	
271.84	5168.4	
272.05	3203	
272.26	3583.3	
272.47	5586.9	
272.68	5795.1	
272.89	3796.9	
273.11	4451.6	
273.32	5352	
273.53	6507.1	
273.74	4351.3	
273.95	4222.2	
274.16	6154.8	
274.37	5576.6	
274.58	4390.2	
274.79	3484.3	
275	5648.3	
275.21	6284.5	
275.42	5313.8	
275.63	4528.7	
275.84	5796.4	
276.05	7372	
276.26	4283	
276.47	3960.8	
276.68	5394.3	
276.89	6591.7	
277.1	4490.5	
277.31	3487	
277.52	5786.2	
277.73	5953.4	
277.94	3467.9	
278.15	3845.4	
278.36	5689.9	
278.57	5143.8	
278.78	3874.8	
278.99	4304.1	
279.2	5173.2	
279.41	5115.8	
279.62	5062.6	
279.83	3529.3	
280.04	6742.6	
280.25	5119.2	
280.46	5057.1	
280.67	4020.2	
280.88	5107.6	
281.09	6238.1	
281.3	4226.3	
281.51	5373.9	
281.72	5232.6	
281.93	6089.3	
282.14	3722.5	
282.35	4018.1	
282.56	6008.7	
282.77	5986.9	
282.98	3904.8	
283.19	4758.1	
283.4	7520.1	
283.61	5463.3	
283.82	3549.8	
284.03	5057.8	
284.24	5651.7	
284.45	6179.4	
284.66	4969.7	
284.87	4758.8	
285.08	6141.2	
285.29	6242.2	
285.5	3366.9	
285.71	3938.9	
285.92	6226.5	
286.12	6823.8	
286.33	4937	
286.54	3899.3	
286.75	6035.4	
286.96	5391.6	
287.17	3590.8	
287.38	4872.8	
287.59	5170.4	
287.8	5048.2	
288.01	3957.4	
288.22	4588.1	
288.43	6139.8	
288.64	5035.3	
288.85	4633.2	
289.06	4463.2	
289.27	6318	
289.48	6472.3	
289.69	5016.2	
289.9	4481.6	
290.11	6219	
290.32	5201.8	
290.53	4798.4	
290.74	4368.3	
290.94	6051.1	
291.15	6119.3	
291.36	3833.8	
291.57	4461.8	
291.78	5245.5	
291.99	4897.4	
292.2	3609.2	
292.41	4350.6	
292.62	6171.9	
292.83	5896.8	
293.04	5358.2	
293.25	3663.1	
293.46	5306.3	
293.67	6101.6	
293.88	3771	
294.09	3594.9	
294.29	5005.2	
294.5	5687.2	
294.71	3971.7	
294.92	3806.5	
295.13	5319.3	
295.34	6679.8	
295.55	3340.9	
295.76	3467.9	
295.97	5963	
296.18	6845	
296.39	3592.8	
296.6	3765.5	
296.81	5619.6	
297.01	5987.6	
297.22	3902.7	
297.43	3682.2	
297.64	5139.7	
297.85	5186.1	
298.06	3080.8	
298.27	3373	
298.48	5586.2	
298.69	5227.1	
298.9	4024.9	
299.11	3678.8	
299.31	5028.4	
299.52	5040.1	
299.73	4388.1	
299.94	4362.2	
300.15	5532.9	
300.36	5141.8	
300.57	4316.4	
300.78	4257	
300.99	5396.4	
301.2	5712.5	
301.4	3699.3	
301.61	4075.5	
301.82	5828.5	
302.03	5994.4	
302.24	4532.8	
302.45	3562.1	
302.66	5795.8	
302.87	6348.7	
303.08	3761.4	
303.29	5222.3	
303.49	5260.5	
303.7	5548.6	
303.91	3325.9	
304.12	4924	
304.33	5038.7	
304.54	5701.5	
304.75	3698.6	
304.96	3572.3	
305.16	5854.5	
305.37	6666.8	
305.58	3250.1	
305.79	3417.4	
306	5847	
306.21	4913.8	
306.42	3716.4	
306.63	5808.7	
306.83	5382.1	
307.04	6214.2	
307.25	4153.3	
307.46	4088.4	
307.67	4696.7	
307.88	6023.1	
308.09	3651.5	
308.29	3857	
308.5	5617.6	
308.71	6213.5	
308.92	4027	
309.13	3614.7	
309.34	5338.4	
309.55	5456.5	
309.75	4681.7	
309.96	4319.8	
310.17	5967.8	
310.38	5208.7	
310.59	4484.4	
310.8	4235.9	
311.01	5341.1	
311.21	5412.1	
311.42	3601.7	
311.63	3670	
311.84	5206.6	
312.05	5614.8	
312.26	4148.5	
312.46	4562.2	
312.67	5328.8	
312.88	5116.5	
313.09	3640.6	
313.3	3587.4	
313.51	6348	
313.71	6688.7	
313.92	3639.2	
314.13	3833.1	
314.34	5743.2	
314.55	5468.1	
314.76	4689.2	
314.96	4046.8	
315.17	5581.4	
315.38	6004	
315.59	3644.7	
315.8	3489.1	
316.01	6466.1	
316.21	6476.4	
316.42	3508.9	
316.63	4008.6	
316.84	5356.1	
317.05	6296.8	
317.26	4304.1	
317.46	3827.7	
317.67	5485.1	
317.88	5988.3	
318.09	4619.5	
318.3	3426.9	
318.5	5219.6	
318.71	5836	
318.92	5950	
319.13	4295.3	
319.34	6044.9	
319.54	6174.6	
319.75	3366.2	
319.96	3231	
320.17	5971.2	
320.38	6155.5	
320.58	3315.7	
320.79	3993.5	
321	6100.9	
321.21	6166.4	
321.42	4003.1	
321.62	3295.9	
321.83	5099.4	
322.04	5569.1	
322.25	3863.8	
322.46	3661.8	
322.66	5689.9	
322.87	5828.5	
323.08	4538.3	
323.29	3623.5	
323.5	6664.1	
323.7	5092.6	
323.91	4999.8	
324.12	4457.1	
324.33	5603.2	
324.53	5872.9	
324.74	4270	
324.95	4539	
325.16	4913.8	
325.37	5401.9	
325.57	3630.4	
325.78	3743	
325.99	5595.1	
326.2	5047.6	
326.4	5166.3	
326.61	3317.7	
326.82	5506.3	
327.03	5681.7	
327.24	5215.5	
327.44	4924.7	
327.65	5806.7	
327.86	4640	
328.07	4296.6	
328.27	3405.8	
328.48	6252.4	
328.69	5078.3	
328.9	5303.6	
329.1	3958.7	
329.31	5395.7	
329.52	6399.2	
329.73	3628.3	
329.93	4073.4	
330.14	5550	
330.35	5840.8	
330.56	5986.2	
330.76	4533.5	
330.97	5333.6	
331.18	5791	
331.39	4048.8	
331.59	3263.8	
331.8	6196.5	
332.01	6243.6	
332.22	3725.9	
332.42	4292.5	
332.63	5694	
332.84	5283.8	
333.05	4105.5	
333.25	3744.4	
333.46	5285.8	
333.67	5472.2	
333.88	3766.2	
334.08	4229.7	
334.29	7425.3	
334.5	6242.9	
334.7	3538.2	
334.91	5182.7	
335.12	5075.5	
335.33	5997.1	
335.53	3999	
335.74	5992.4	
335.95	5327.4	
336.16	5175.9	
336.36	4161.5	
336.57	4682.3	
336.78	4971.8	
336.98	6161	
337.19	4994.3	
337.4	3975.8	
337.61	6688	
337.81	5083.7	
338.02	3772.4	
338.23	4888.5	
338.43	6344.6	
338.64	5146.5	
338.85	3654.3	
339.05	4880.3	
339.26	6397.9	
339.47	4945.2	
339.68	3637.9	
339.88	5468.1	
340.09	5800.5	
340.3	6112.5	
340.5	4284.4	
340.71	3267.9	
340.92	5015.5	
341.13	6265.4	
341.33	3474	
341.54	4261.1	
341.75	5776.6	
341.95	5391.6	
342.16	4140.3	
342.37	4468.7	
342.57	5122	
342.78	5504.9	
342.99	4574.5	
343.19	3291.8	
343.4	6036.7	
343.61	5851	
343.81	3881.6	
344.02	3561.4	
344.23	5990.3	
344.43	6453.1	
344.64	4534.2	
344.85	4415.4	
345.06	5842.9	
345.26	6169.2	
345.47	4203.1	
345.68	4930.8	
345.88	4861.9	
346.09	6087.2	
346.3	4311.7	
346.5	3213.9	
346.71	5571.8	
346.92	5188.9	
347.12	3338.2	
347.33	4239.3	
347.54	6078.4	
347.74	6510.5	
347.95	4182	
348.16	3080.1	
348.36	5285.8	
348.57	5143.8	
348.78	4138.9	
348.98	4499.4	
349.19	5502.2	
349.39	4991.6	
349.6	3304.7	
349.81	3769.6	
350.01	5816.2	
350.22	5253	
350.43	4046.8	
350.63	4891.2	
350.84	5572.5	
351.05	5287.2	
351.25	3721.2	
351.46	3329.3	
351.67	6076.3	
351.87	5164.3	
352.08	3887	
352.29	4472.8	
352.49	5966.4	
352.7	5638.7	
352.9	3532.1	
353.11	4445.5	
353.32	6647.7	
353.52	5304.2	
353.73	3485.6	
353.94	4452.3	
354.14	5866.7	
354.35	5671.5	
354.55	3556	
354.76	4012.7	
354.97	5801.9	
355.17	5526.8	
355.38	3367.5	
355.59	4724.7	
355.79	5209.3	
356	5612.1	
356.2	3986.7	
356.41	3437.2	
356.62	4870.1	
356.82	5411.4	
357.03	4259.8	
357.24	3864.5	
357.44	5162.9	
357.65	5283.1	
357.85	5197.7	
358.06	4024.9	
358.27	4911	
358.47	5143.8	
358.68	3319.8	
358.88	4274.1	
359.09	5705	
359.3	6178.7	
359.5	4963.6	
359.71	4377.9	
359.91	6589	
360.12	5919.3	
360.33	4166.9	
360.53	4703.5	
360.74	5112.4	
360.94	5200.5	
361.15	4404.5	
361.36	3564.8	
361.56	5948	
361.77	5364.3	
361.97	4887.8	
362.18	3835.2	
362.38	5982.8	
362.59	4994.3	
362.8	3511.6	
363	3294.5	
363.21	4777.2	
363.41	5531.6	
363.62	4057.7	
363.83	5118.6	
364.03	5508.4	
364.24	6642.9	
364.44	5245.5	
364.65	5222.3	
364.85	5274.2	
365.06	4893.3	
365.27	3661.1	
365.47	3724.6	
365.68	6260	
365.88	5264	
366.09	4106.9	
366.29	3703.4	
366.5	5521.3	
366.71	5962.3	
366.91	5057.1	
367.12	4271.4	
367.32	6565.1	
367.53	5827.8	
367.73	4173.8	
367.94	5265.3	
368.14	5782.8	
368.35	6748.1	
368.56	4168.3	
368.76	3475.4	
368.97	5896.1	
369.17	7716.1	
369.38	3631	
369.58	3940.3	
369.79	4879.6	
369.99	6172.6	
370.2	5005.2	
370.4	4077.5	
370.61	5586.2	
370.82	6794.5	
371.02	3944.4	
371.23	3273.3	
371.43	4692.6	
371.64	6186.9	
371.84	3994.9	
372.05	5236.7	
372.25	7542.7	
372.46	5892.7	
372.66	3901.4	
372.87	3842	
373.07	5909.1	
373.28	7554.3	
373.48	4912.4	
373.69	4616.8	
373.9	5343.8	
374.1	5461.2	
374.31	4873.5	
374.51	4390.8	
374.72	6163	
374.92	4949.9	
375.13	5048.9	
375.33	4129.4	
375.54	5664	
375.74	5108.3	
375.95	4197	
376.15	5549.3	
376.36	5642.8	
376.56	5492	
376.77	4270.7	
376.97	4724	
377.18	6779.5	
377.38	5725.4	
377.59	5125.4	
377.79	3671.3	
378	5552.7	
378.2	5982.1	
378.41	3832.4	
378.61	3689.1	
378.82	6007.4	
379.02	5043.5	
379.23	3915	
379.43	5100.8	
379.64	6050.4	
379.84	5735	
380.05	3724.6	
380.25	3664.5	
380.46	5741.8	
380.66	5323.4	
380.87	5130.2	
381.07	5621.7	
381.28	6458.6	
381.48	5822.4	
381.69	3820.1	
381.89	3863.8	
382.1	4697.4	
382.3	6009.4	
382.51	5023	
382.71	5922	
382.91	5924.1	
383.12	6470.2	
383.32	4193.6	
383.53	4438.6	
383.73	5664	
383.94	5492	
384.14	4297.3	
384.35	3450.8	
384.55	5485.1	
384.76	5908.4	
384.96	4245.4	
385.17	4547.2	
385.37	5825.8	
385.58	5078.3	
385.78	4590.2	
385.98	3368.2	
386.19	5345.9	
386.39	5709.1	
386.6	3958	
386.8	4202.4	
387.01	5844.2	
387.21	5922.7	
387.42	4653.7	
387.62	5289.9	
387.83	5067.4	
388.03	5877	
388.23	4252.3	
388.44	5059.8	
388.64	4726.7	
388.85	4915.8	
389.05	4541.7	
389.26	5251.7	
389.46	6534.4	
389.67	6186.9	
389.87	4539.7	
390.07	4627.7	
390.28	5414.8	
390.48	4953.4	
390.69	3731.4	
390.89	4029	
391.1	5127.4	
391.3	6146	
391.5	5319.3	
391.71	5991	
391.91	5791.7	
392.12	6972.7	
392.32	5429.8	
392.53	4588.1	
392.73	5283.8	
392.93	5422.3	
393.14	4186.7	
393.34	5115.1	
393.55	6027.2	
393.75	5469.4	
393.95	4233.2	
394.16	4164.2	
394.36	5134.9	
394.57	5879	
394.77	3607.2	
394.98	4123.9	
395.18	5110.4	
395.38	5158.8	
395.59	5036	
395.79	3891.8	
396	5212.1	
396.2	5652.4	
396.4	4748.6	
396.61	4689.2	
396.81	5971.2	
397.02	5078.3	
397.22	4958.8	
397.42	5009.3	
397.63	5842.2	
397.83	4987.5	
398.04	3807.2	
398.24	4315.8	
398.44	5665.4	
398.65	4646.2	
398.85	3632.4	
399.05	3714.3	
399.26	5023.7	
399.46	6843.6	
399.67	4132.1	
399.87	3812	
400.07	5345.9	
400.28	5759.6	
400.48	3906.2	
400.69	5003.9	
400.89	5943.9	
401.09	6413.6	
401.3	3773	
401.5	5106.3	
401.7	6695.5	
401.91	6954.2	
402.11	4181.3	
402.32	4440.7	
402.52	6005.3	
402.72	5891.3	
402.93	4582.7	
403.13	3491.8	
403.33	6789	
403.54	5466	
403.74	4307.6	
403.94	5290.6	
404.15	5561.6	
404.35	6787	
404.56	4126	
404.76	6092	
404.96	5942.5	
405.17	5823.7	
405.37	5422.3	
405.57	4612	
405.78	5980.1	
405.98	5468.1	
406.18	4087.1	
406.39	5080.3	
406.59	5958.2	
406.79	5591	
407	3874.8	
407.2	4013.3	
407.4	5952.1	
407.61	6161	
407.81	3910.9	
408.01	6016.2	
408.22	4939	
408.42	6949.4	
408.62	5016.2	
408.83	4457.1	
409.03	5433.9	
409.23	5173.2	
409.44	4476.9	
409.64	4825	
409.84	6306.4	
410.05	6142.5	
410.25	4470.7	
410.45	4316.4	
410.66	5575.3	
410.86	8224.6	
411.06	4656.4	
411.27	4567	
411.47	7880.6	
411.67	5743.2	
411.88	4792.2	
412.08	5042.8	
412.28	6354.2	
412.49	6936.5	
412.69	4507.6	
412.89	4501.4	
413.09	6744	
413.3	6475.7	
413.5	4606.6	
413.7	4080.2	
413.91	5799.8	
414.11	6640.2	
414.31	4371	
414.52	4805.2	
414.72	6318.7	
414.92	6197.2	
415.12	4367	
415.33	4908.3	
415.53	6599.9	
415.73	6811.5	
415.94	5276.3	
416.14	4756.7	
416.34	5440.8	
416.55	5304.2	
416.75	5988.9	
416.95	5266.7	
417.15	6496.8	
417.36	7404.8	
417.56	6130.9	
417.76	5096.7	
417.97	6975.4	
418.17	6582.9	
418.37	4633.9	
418.57	4732.2	
418.78	6358.9	
418.98	6070.2	
419.18	5624.4	
419.38	5637.4	
419.59	6109.8	
419.79	5661.3	
419.99	4609.3	
420.2	5071.5	
420.4	6599.2	
420.6	6816.3	
420.8	4507.6	
421.01	4339	
421.21	6345.3	
421.41	6669.6	
421.61	4993.6	
421.82	4644.8	
422.02	5860.6	
422.22	6912.6	
422.42	5465.3	
422.63	5178.6	
422.83	6088.6	
423.03	7257.3	
423.23	5222.3	
423.44	4080.2	
423.64	6104.3	
423.84	5946.6	
424.04	4642.1	
424.25	4200.4	
424.45	7178.1	
424.65	7117.4	
424.85	3984	
425.06	4661.2	
425.26	7032	
425.46	5539.8	
425.66	5260.5	
425.87	4794.3	
426.07	6880.5	
426.27	6729.6	
426.47	5042.1	
426.67	4392.9	
426.88	7217.7	
427.08	6677.1	
427.28	5258.5	
427.48	4306.9	
427.69	5498.8	
427.89	6272.9	
428.09	5289.2	
428.29	4349.2	
428.5	7042.3	
428.7	6465.4	
428.9	4235.2	
429.1	4854.4	
429.3	6327.5	
429.51	6772.6	
429.71	4542.4	
429.91	5404.6	
430.11	6664.8	
430.31	6856.6	
430.52	4870.1	
430.72	5098.1	
430.92	7226.6	
431.12	6617.7	
431.32	4537.6	
431.53	4982	
431.73	5493.3	
431.93	7246.4	
432.13	4436.6	
432.33	4298	
432.54	6025.1	
432.74	6408.1	
432.94	4250.9	
433.14	5306.3	
433.34	6553.5	
433.55	5973.9	
433.75	5314.5	
433.95	7089.4	
434.15	6275	
434.35	6006	
434.56	4410	
434.76	3870.7	
434.96	6283.2	
435.16	6548	
435.36	4225.6	
435.56	5418.2	
435.77	5900.2	
435.97	6047.7	
436.17	6153.5	
436.37	5282.4	
436.57	5907.7	
436.78	5717.9	
436.98	6761	
437.18	5999.9	
437.38	6565.1	
437.58	6164.4	
437.78	6214.9	
437.99	4721.9	
438.19	6657.9	
438.39	7481.2	
438.59	4674.1	
438.79	4138.9	
438.99	7345.4	
439.2	6068.8	
439.4	4359.4	
439.6	4229.1	
439.8	6454.5	
440	7563.1	
440.2	5291.3	
440.4	5456.5	
440.61	6800.6	
440.81	7366.5	
441.01	4382.7	
441.21	5307	
441.41	7147.4	
441.61	6817	
441.81	5640.8	
442.02	6765.1	
442.22	7787.7	
442.42	6913.3	
442.62	4515.1	
442.82	4588.1	
443.02	7212.3	
443.22	6189	
443.43	4922	
443.63	4461.2	
443.83	6069.5	
444.03	6120	
444.23	5751.4	
444.43	5412.1	
444.63	6315.3	
444.83	7750.9	
445.04	4570.4	
445.24	6014.2	
445.44	6856.6	
445.64	6957.6	
445.84	5550.7	
446.04	5444.9	
446.24	6105.7	
446.44	7247.8	
446.65	4669.4	
446.85	5016.8	
447.05	6374.6	
447.25	7197.2	
447.45	5114.5	
447.65	4523.3	
447.85	6507.8	
448.05	6174.6	
448.25	5623	
448.46	5380	
448.66	6499.6	
448.86	6249.7	
449.06	4304.8	
449.26	5613.5	
449.46	7009.5	
449.66	5853.8	
449.86	5002.5	
450.06	5044.8	
450.26	6157.6	
450.47	6726.2	
450.67	5347.9	
450.87	5674.2	
451.07	6836.8	
451.27	6516	
451.47	4639.3	
451.67	5228.5	
451.87	6170.5	
452.07	7486	
452.27	4842.1	
452.47	4859.1	
452.67	6543.9	
452.88	7126.9	
453.08	4169.7	
453.28	6369.9	
453.48	7778.9	
453.68	6481.8	
453.88	4678.9	
454.08	5010	
454.28	6873.7	
454.48	6565.1	
454.68	5569.8	
454.88	6166.4	
455.08	7024.5	
455.28	6670.9	
455.48	4638	
455.68	5238.7	
455.89	7460.8	
456.09	7155.6	
456.29	4935.6	
456.49	4949.3	
456.69	7324.9	
456.89	6541.2	
457.09	5464	
457.29	5847.6	
457.49	6908.5	
457.69	6995.2	
457.89	5246.2	
458.09	4668.7	
458.29	6559	
458.49	7387.7	
458.69	5700.2	
458.89	5078.3	
459.09	7573.4	
459.29	7712	
459.49	5242.1	
459.69	5997.1	
459.9	7161.1	
460.1	6580.8	
460.3	5061.2	
460.5	4921.3	
460.7	7074.4	
460.9	6790.4	
461.1	4528.7	
461.3	5860.6	
461.5	7701	
461.7	7328.3	
461.9	4876.9	
462.1	5413.5	
462.3	6749.4	
462.5	7408.2	
462.7	4921.3	
462.9	5087.2	
463.1	8472.4	
463.3	8118.1	
463.5	5198.4	
463.7	6174.6	
463.9	6929	
464.1	7339.2	
464.3	5274.9	
464.5	5614.2	
464.7	7531.1	
464.9	7248.4	
465.1	7024.5	
465.3	5982.1	
465.5	7957.7	
465.7	7893.6	
465.9	6197.8	
466.1	6126.2	
466.3	7659.4	
466.5	7555	
466.7	6948.8	
466.9	5748	
467.1	7448.5	
467.3	8445.1	
467.5	6881.2	
467.7	5617.6	
467.9	8669.1	
468.1	9609.8	
468.3	6543.9	
468.5	6982.2	
468.7	7451.9	
468.9	7431.4	
469.1	5963	
469.3	6705.7	
469.5	9402.2	
469.7	6956.9	
469.9	6537.1	
470.1	5687.9	
470.3	7382.2	
470.5	7429.3	
470.7	7080.5	
470.9	5834.7	
471.1	7133.8	
471.3	7751.6	
471.5	5683.8	
471.69	7689.4	
471.89	7122.8	
472.09	6586.3	
472.29	6449.1	
472.49	6997.2	
472.69	6847.7	
472.89	7807.5	
473.09	5560.2	
473.29	5776.6	
473.49	7059.3	
473.69	7235.5	
473.89	6722.1	
474.09	5934.3	
474.29	8602.8	
474.49	8214.4	
474.69	6739.2	
474.89	6118	
475.09	7250.5	
475.29	7282.6	
475.49	5442.8	
475.69	5700.9	
475.88	8957.1	
476.08	7667.6	
476.28	5386.8	
476.48	5870.2	
476.68	8096.3	
476.88	7940.7	
477.08	5797.8	
477.28	6092	
477.48	7413	
477.68	8182.3	
477.88	5536.3	
478.08	5952.1	
478.28	8415.8	
478.48	7567.9	
478.67	6023.1	
478.87	5458.5	
479.07	8260.8	
479.27	7645.8	
479.47	6262	
479.67	6266.1	
479.87	8072.4	
480.07	8542.8	
480.27	5394.3	
480.47	7092.1	
480.67	7704.5	
480.87	8349.6	
481.06	5755.5	
481.26	6604.7	
481.46	7699.7	
481.66	7631.4	
481.86	6238.8	
482.06	7361.8	
482.26	7355.6	
482.46	8305.9	
482.66	6167.8	
482.86	5724.1	
483.05	7660.1	
483.25	7118.1	
483.45	8763.9	
483.65	6249.7	
483.85	7263.5	
484.05	7653.3	
484.25	6668.2	
484.45	7122.8	
484.65	8531.2	
484.84	8448.6	
485.04	6109.1	
485.24	6130.9	
485.44	8830.2	
485.64	6993.1	
485.84	5316.5	
486.04	6712.6	
486.24	7388.4	
486.44	7828.7	
486.63	5255.8	
486.83	6223.8	
487.03	7285.3	
487.23	7456	
487.43	5425.8	
487.63	7882.6	
487.83	7624.6	
488.02	8611.7	
488.22	6399.9	
488.42	7060.7	
488.62	8505.2	
488.82	7370	
489.02	5980.8	
489.22	6059.3	
489.41	8300.4	
489.61	7870.3	
489.81	5829.9	
490.01	5866.1	
490.21	8263.6	
490.41	8922.3	
490.61	5823.7	
490.8	5948.7	
491	7738.6	
491.2	7027.9	
491.4	6561.7	
491.6	5646.9	
491.8	7707.9	
491.99	7955	
492.19	5484.5	
492.39	5919.3	
492.59	8275.2	
492.79	8411	
492.99	6858.6	
493.18	5863.3	
493.38	8410.3	
493.58	9043.8	
493.78	6627.9	
493.98	6164.4	
494.18	8063.5	
494.37	7505.1	
494.57	6746.7	
494.77	6657.3	
494.97	8251.3	
495.17	8568	
495.37	6143.9	
495.56	6577.4	
495.76	8780.3	
495.96	8368	
496.16	7477.1	
496.36	6359.6	
496.55	8561.2	
496.75	8054.7	
496.95	6766.5	
497.15	6614.3	
497.35	8543.4	
497.54	8469.7	
497.74	6461.3	
497.94	8256.7	
498.14	9303.9	
498.34	9100.5	
498.53	6089.3	
498.73	6959.7	
498.93	7902.4	
499.13	8519.5	
499.33	6710.5	
499.52	7228	
499.72	8427.4	
499.92	8834.3	
500.12	6380.1	
500.32	6800.6	
500.51	8726.4	
500.71	8506.6	
500.91	7600	
501.11	7125.6	
501.31	8716.8	
501.5	9205.6	
501.7	7915.4	
501.9	6768.5	
502.1	8536.6	
502.29	8865.7	
502.49	7325.6	
502.69	7770.7	
502.89	8736.6	
503.09	8678.6	
503.28	6215.6	
503.48	6449.7	
503.68	7949.5	
503.88	7940	
504.07	7470.3	
504.27	6888.7	
504.47	8394.6	
504.67	8512	
504.86	7300.3	
505.06	7026.6	
505.26	8104.5	
505.46	9983.8	
505.65	6915.3	
505.85	7217	
506.05	8026	
506.25	8478.6	
506.44	6310.5	
506.64	7331	
506.84	7914	
507.04	9058.8	
507.23	6579.4	
507.43	7189.1	
507.63	10174	
507.83	8258.1	
508.02	7072.3	
508.22	6666.8	
508.42	10374	
508.62	8087.4	
508.81	7026.6	
509.01	7655.3	
509.21	7938.6	
509.4	8205.5	
509.6	7346.1	
509.8	6579.4	
510	8175.5	
510.19	9813.2	
510.39	6586.3	
510.59	6704.4	
510.79	7998.7	
510.98	9515.5	
511.18	6728.9	
511.38	6949.4	
511.57	8901.8	
511.77	8751	
511.97	7524.2	
512.17	6456.6	
512.36	8811.7	
512.56	8871.1	
512.76	6596.5	
512.95	6325.5	
513.15	9059.5	
513.35	7580.9	
513.55	7520.1	
513.74	6696.2	
513.94	9013.1	
514.14	8344.8	
514.33	7561.1	
514.53	7435.5	
514.73	8280.6	
514.92	8623.3	
515.12	6825.9	
515.32	6690	
515.51	8656.8	
515.71	9245.9	
515.91	8499.8	
516.11	6752.2	
516.3	10501	
516.5	8171.4	
516.7	7372.7	
516.89	7912	
517.09	8428.1	
517.29	8333.9	
517.48	7641	
517.68	7034.1	
517.88	8198	
518.07	8712.1	
518.27	7653.3	
518.47	6535.8	
518.66	9402.9	
518.86	7934.5	
519.06	6363	
519.25	6918.7	
519.45	8350.3	
519.65	9867.1	
519.84	7604.8	
520.04	8370	
520.24	10249	
520.43	9010.4	
520.63	7266.2	
520.83	7010.9	
521.02	8220.5	
521.22	8978.3	
521.42	7651.2	
521.61	8243.8	
521.81	8472.4	
522.01	8654.7	
522.2	7565.9	
522.4	7245	
522.6	9176.3	
522.79	7969.3	
522.99	7355.6	
523.18	6729.6	
523.38	8898.4	
523.58	8961.9	
523.77	8714.1	
523.97	6629.3	
524.17	10946	
524.36	10178	
524.56	8193.9	
524.76	7759.8	
524.95	8915.5	
525.15	8633.6	
525.34	7518.1	
525.54	7532.4	
525.74	9366.7	
525.93	8331.1	
526.13	8719.6	
526.33	7550.9	
526.52	9787.2	
526.72	9237	
526.91	8871.8	
527.11	8088.8	
527.31	9873.9	
527.5	10337	
527.7	7953.6	
527.89	6912.6	
528.09	8718.2	
528.29	9357.2	
528.48	8460.2	
528.68	8110	
528.87	9714.9	
529.07	9772.2	
529.27	8103.8	
529.46	7484.6	
529.66	9370.1	
529.85	9950.4	
530.05	7404.8	
530.25	8245.1	
530.44	10930	
530.64	9373.6	
530.83	7832.1	
531.03	8056.7	
531.23	9833	
531.42	9675.3	
531.62	8890.9	
531.81	8066.3	
532.01	9899.9	
532.21	10602	
532.4	7832.8	
532.6	8241.7	
532.79	11064	
532.99	10163	
533.18	8254	
533.38	9298.5	
533.58	9652.1	
533.77	10538	
533.97	8263.6	
534.16	9243.8	
534.36	10791	
534.55	9759.3	
534.75	9312.8	
534.95	8379.6	
535.14	10641	
535.34	9738.1	
535.53	8047.2	
535.73	10092	
535.92	11219	
536.12	10025	
536.31	8198	
536.51	9531.2	
536.71	10271	
536.9	9820.7	
537.1	8286.8	
537.29	8561.9	
537.49	10797	
537.68	9764	
537.88	8889.5	
538.07	8082	
538.27	10032	
538.46	11050	
538.66	8049.2	
538.86	8501.1	
539.05	10163	
539.25	10593	
539.44	8763.9	
539.64	8419.9	
539.83	9910.8	
540.03	11087	
540.22	8219.9	
540.42	8357.1	
540.61	10206	
540.81	10344	
541	8916.2	
541.2	9564.7	
541.39	9768.8	
541.59	10243	
541.78	9249.3	
541.98	8345.5	
542.18	9508	
542.37	9417.9	
542.57	8694.3	
542.76	9345.6	
542.96	9502.6	
543.15	10331	
543.35	8715.5	
543.54	8058.1	
543.74	10595	
543.93	10213	
544.13	8718.2	
544.32	9976.3	
544.52	10472	
544.71	9634.3	
544.91	7733.8	
545.1	9186.5	
545.3	9736.7	
545.49	10493	
545.69	7832.1	
545.88	8426	
546.08	11367	
546.27	11042	
546.47	9022	
546.66	8193.9	
546.86	10664	
547.05	11301	
547.24	8523	
547.44	8360.5	
547.63	9563.3	
547.83	10781	
548.02	8763.3	
548.22	8974.9	
548.41	9402.9	
548.61	10753	
548.8	8198	
549	8202.8	
549.19	10032	
549.39	10443	
549.58	7873.8	
549.78	8524.3	
549.97	10525	
550.17	9984.5	
550.36	9566.1	
550.55	10506	
550.75	9939.5	
550.94	10909	
551.14	8116.8	
551.33	8619.2	
551.53	9308.7	
551.72	10307	
551.92	8659.5	
552.11	8282	
552.31	10372	
552.5	10471	
552.69	10258	
552.89	8007.6	
553.08	10419	
553.28	10030	
553.47	8389.2	
553.67	9605	
553.86	11053	
554.06	9321.7	
554.25	7492.2	
554.44	8187.8	
554.64	11866	
554.83	11351	
555.03	8234.2	
555.22	8533.9	
555.42	10560	
555.61	10280	
555.8	8395.3	
556	8695	
556.19	9324.4	
556.39	10740	
556.58	8384.4	
556.78	8357.1	
556.97	10200	
557.16	9785.9	
557.36	9729.2	
557.55	8082.6	
557.75	9100.5	
557.94	10888	
558.13	8162.5	
558.33	7883.3	
558.52	10738	
558.72	9565.4	
558.91	8077.2	
559.1	8273.1	
559.3	9293	
559.49	8964	
559.69	7586.4	
559.88	8588.5	
560.07	10144	
560.27	10548	
560.46	8879.3	
560.66	9094.3	
560.85	9853.5	
561.04	9023.4	
561.24	8009.6	
561.43	8256.7	
561.63	9274.6	
561.82	9609.1	
562.01	9531.9	
562.21	8583	
562.4	10064	
562.59	11105	
562.79	8461.5	
562.98	8086.7	
563.18	9985.9	
563.37	11536	
563.56	8867.7	
563.76	7940.7	
563.95	9459.6	
564.14	9383.8	
564.34	8323.6	
564.53	8162.5	
564.73	10008	
564.92	10350	
565.11	8533.9	
565.31	7852.6	
565.5	10652	
565.69	9553.1	
565.89	8140	
566.08	8447.2	
566.27	10460	
566.47	10911	
566.66	9119.6	
566.85	7705.8	
567.05	10071	
567.24	9508.7	
567.44	8025.3	
567.63	9473.2	
567.82	10309	
568.02	10133	
568.21	8061.5	
568.4	8452.6	
568.6	9871.2	
568.79	10004	
568.98	7956.4	
569.18	8105.2	
569.37	9920.4	
569.56	12047	
569.76	8530.5	
569.95	9536.7	
570.14	10316	
570.34	10247	
570.53	7972.7	
570.72	7960.5	
570.91	10839	
571.11	9867.1	
571.3	8486.8	
571.49	9439.8	
571.69	9942.2	
571.88	9531.2	
572.07	9087.5	
572.27	9091.6	
572.46	9558.6	
572.65	10590	
572.85	8332.5	
573.04	8701.8	
573.23	10927	
573.43	10035	
573.62	8028.7	
573.81	8695.7	
574	10020	
574.2	9883.5	
574.39	8411.7	
574.58	8646.5	
574.78	11018	
574.97	10272	
575.16	8925.7	
575.36	9299.1	
575.55	10677	
575.74	10802	
575.93	8044.4	
576.13	9269.1	
576.32	10054	
576.51	10602	
576.71	8511.4	
576.9	9962	
577.09	10961	
577.28	10451	
577.48	8997.4	
577.67	7899	
577.86	10002	
578.05	10434	
578.25	8605.6	
578.44	8705.9	
578.63	10227	
578.83	11455	
579.02	7903.1	
579.21	9706	
579.4	10418	
579.6	10079	
579.79	8798.8	
579.98	11205	
580.17	10720	
580.37	10809	
580.56	8165.3	
580.75	9127.1	
580.94	11342	
581.14	11082	
581.33	9563.3	
581.52	8329.1	
581.71	10649	
581.91	11383	
582.1	8058.8	
582.29	8815.8	
582.48	10218	
582.68	10174	
582.87	9250	
583.06	8729.1	
583.25	10576	
583.45	10299	
583.64	9511.4	
583.83	10392	
584.02	10004	
584.21	10482	
584.41	9546.3	
584.6	8735.3	
584.79	10192	
584.98	11157	
585.18	8149.6	
585.37	8192.6	
585.56	9765.4	
585.75	10640	
585.94	8483.4	
586.14	9144.9	
586.33	11204	
586.52	10230	
586.71	8914.8	
586.91	8712.1	
587.1	9543.5	
587.29	10678	
587.48	8618.5	
587.67	8496.3	
587.87	10431	
588.06	10607	
588.25	9852.1	
588.44	9137.4	
588.63	10158	
588.83	10834	
589.02	8485.4	
589.21	8322.3	
589.4	9857.6	
589.59	9697.8	
589.78	7588.4	
589.98	7865.6	
590.17	9271.8	
590.36	9944.9	
590.55	7161.7	
590.74	8054.7	
590.94	11337	
591.13	9853.5	
591.32	7864.2	
591.51	7399.3	
591.7	10322	
591.89	9836.4	
592.09	7648.5	
592.28	8101.8	
592.47	9039.1	
592.66	11057	
592.85	7561.1	
593.05	7792.5	
593.24	9560.6	
593.43	10370	
593.62	7870.3	
593.81	8373.5	
594	9659.6	
594.19	9817.3	
594.39	7714	
594.58	7729.7	
594.77	9969.5	
594.96	10615	
595.15	7653.3	
595.34	8388.5	
595.54	9995.5	
595.73	9035.6	
595.92	7079.1	
596.11	8273.1	
596.3	10557	
596.49	9136.7	
596.68	8009.6	
596.88	8477.9	
597.07	10275	
597.26	8991.3	
597.45	7449.1	
597.64	8760.5	
597.83	9247.3	
598.02	9835.7	
598.22	7495.6	
598.41	8269	
598.6	9656.2	
598.79	8996.7	
598.98	7600	
599.17	8645.2	
599.36	9667.8	
599.55	10953	
599.74	9783.8	
599.94	9493	
600.13	10286	
600.32	9007	
600.51	7367.2	
600.7	7503.1	
600.89	10837	
601.08	10946	
601.27	7311.2	
601.47	8450.6	
601.66	10193	
601.85	10840	
602.04	7845.8	
602.23	8310	
602.42	9034.3	
602.61	9841.2	
602.8	7907.2	
602.99	7635.5	
603.18	9454.8	
603.37	9792	
603.57	8325.7	
603.76	8887.5	
603.95	10593	
604.14	10047	
604.33	7685.3	
604.52	8000	
604.71	9663.7	
604.9	9340.8	
605.09	8704.5	
605.28	8550.3	
605.47	10352	
605.66	9934.7	
605.86	8314.8	
606.05	7615.7	
606.24	10277	
606.43	8735.3	
606.62	7985	
606.81	8815.8	
607	10155	
607.19	9460.3	
607.38	7407.5	
607.57	7705.1	
607.76	9237.7	
607.95	8702.5	
608.14	8097.7	
608.33	8762.6	
608.52	9224.7	
608.72	10180	
608.91	7394.5	
609.1	7307.2	
609.29	9342.8	
609.48	8811	
609.67	8222.6	
609.86	7322.9	
610.05	8865	
610.24	9205.6	
610.43	7167.2	
610.62	6768.5	
610.81	10497	
611	10241	
611.19	7246.4	
611.38	8048.5	
611.57	9514.2	
611.76	10983	
611.95	7067.5	
612.14	6954.2	
612.33	9323	
612.52	8858.8	
612.71	7682.6	
612.9	6761	
613.09	8424	
613.28	10944	
613.47	7357	
613.66	8434.9	
613.85	9470.5	
614.04	8979	
614.24	7408.2	
614.43	6606.7	
614.62	9587.9	
614.81	9478.7	
615	8075.1	
615.19	8077.2	
615.38	8860.9	
615.57	9193.3	
615.76	7925	
615.95	8852.7	
616.14	9651.4	
616.33	9215.9	
616.52	8151.6	
616.71	8443.8	
616.9	9536	
617.09	9440.5	
617.28	7518.8	
617.47	9160.6	
617.66	8633.6	
617.85	8689.5	
618.04	8622.6	
618.22	8038.3	
618.41	9037	
618.6	9966.8	
618.79	7849.9	
618.98	7555.6	
619.17	10370	
619.36	8600.8	
619.55	7759.8	
619.74	7821.2	
619.93	9596.1	
620.12	9005.6	
620.31	8364.6	
620.5	8514.1	
620.69	10628	
620.88	10608	
621.07	9301.2	
621.26	8165.3	
621.45	9882.8	
621.64	9843.9	
621.83	8416.5	
622.02	7522.2	
622.21	9867.1	
622.4	9604.3	
622.59	8903.2	
622.78	8738.7	
622.97	9136	
623.16	10277	
623.35	8384.4	
623.54	7485.3	
623.72	9398.8	
623.91	9589.3	
624.1	8697	
624.29	7227.3	
624.48	10789	
624.67	9878.7	
624.86	8609.7	
625.05	7507.2	
625.24	10802	
625.43	9104.6	
625.62	10333	
625.81	7770	
626	10241	
626.19	9578.3	
626.38	8711.4	
626.56	7963.2	
626.75	9363.3	
626.94	10173	
627.13	8649.9	
627.32	7254.6	
627.51	10007	
627.7	11437	
627.89	7433.4	
628.08	8643.1	
628.27	9200.2	
628.46	9465	
628.65	7773.4	
628.83	7360.4	
629.02	9966.1	
629.21	9243.2	
629.4	8230.1	
629.59	8473.8	
629.78	9185.8	
629.97	10329	
630.16	8496.3	
630.35	7877.2	
630.54	10782	
630.72	10462	
630.91	7894.2	
631.1	8562.6	
631.29	9853.5	
631.48	10060	
631.67	8621.9	
631.86	8012.3	
632.05	9428.8	
632.24	9462.3	
632.42	7658	
632.61	8292.2	
632.8	9589.3	
632.99	9220.6	
633.18	8269	
633.37	8716.8	
633.56	9792.7	
633.75	9694.4	
633.93	8285.4	
634.12	7909.9	
634.31	10697	
634.5	10328	
634.69	8003.5	
634.88	8443.8	
635.07	9596.1	
635.25	10253	
635.44	8993.3	
635.63	9241.8	
635.82	9408.4	
636.01	8923	
636.2	8947.6	
636.39	8464.3	
636.57	10620	
636.76	10251	
636.95	7718.1	
637.14	9243.2	
637.33	9951.8	
637.52	10962	
637.7	7610.9	
637.89	8610.3	
638.08	9387.2	
638.27	10992	
638.46	8632.9	
638.65	9125.1	
638.83	10877	
639.02	9183.1	
639.21	8561.9	
639.4	9139.4	
639.59	9762	
639.78	9282.8	
639.96	7800.7	
640.15	7815	
640.34	9533.3	
640.53	9693.7	
640.72	7421.8	
640.91	7823.9	
641.09	8895.7	
641.28	10465	
641.47	7762.5	
641.66	8668.4	
641.85	9662.3	
642.03	10004	
642.22	8486.1	
642.41	7949.5	
642.6	9108	
642.79	8465.6	
642.97	7587.7	
643.16	8449.9	
643.35	9015.8	
643.54	8822	
643.73	7493.5	
643.91	8393.3	
644.1	8664.3	
644.29	9247.3	
644.48	7659.4	
644.67	7669.6	
644.85	8925	
645.04	9139.4	
645.23	7221.1	
645.42	7462.8	
645.6	8667	
645.79	9977	
645.98	7413.6	
646.17	6440.2	
646.36	8344.8	
646.54	9062.9	
646.73	8383.7	
646.92	6997.2	
647.11	8647.2	
647.29	9734	
647.48	7157	
647.67	6881.9	
647.86	9925.8	
648.05	10050	
648.23	7450.5	
648.42	8783.1	
648.61	9275.3	
648.8	8944.2	
648.98	6979.5	
649.17	7402.7	
649.36	8568.7	
649.55	7956.4	
649.73	7049.8	
649.92	7856.7	
650.11	8508.6	
650.3	8845.2	
650.48	7223.9	
650.67	6913.3	
650.86	9149.6	
651.05	7980.9	
651.23	7102.4	
651.42	7087.3	
651.61	8435.6	
651.79	8697	
651.98	7367.2	
652.17	6978.8	
652.36	9010.4	
652.54	8031.5	
652.73	6970.6	
652.92	6798.6	
653.11	8991.9	
653.29	9049.3	
653.48	6217	
653.67	7235.5	
653.85	8738	
654.04	9898.5	
654.23	7477.8	
654.42	6963.1	
654.6	8211	
654.79	8907.3	
654.98	6369.9	
655.16	6913.3	
655.35	7690.1	
655.54	7729.7	
655.73	6417	
655.91	6346	
656.1	8952.4	
656.29	7663.5	
656.47	6019.7	
656.66	7760.4	
656.85	7957.7	
657.03	7974.8	
657.22	6499.6	
657.41	6647	
657.59	8103.1	
657.78	7857.4	
657.97	6281.8	
658.16	7118.7	
658.34	8862.2	
658.53	9247.3	
658.72	7946.8	
658.9	8521.6	
659.09	8164.6	
659.28	8353	
659.46	6694.1	
659.65	6624.5	
659.84	8017.1	
660.02	8512	
660.21	6565.1	
660.4	6512.5	
660.58	9039.1	
660.77	8338	
660.96	7140.6	
661.14	6096.1	
661.33	9544.2	
661.52	9387.2	
661.7	6075.6	
661.89	10086	
662.08	7960.5	
662.26	7433.4	
662.45	6328.2	
662.64	6532.3	
662.82	8595.3	
663.01	7780.9	
663.2	6537.1	
663.38	7326.9	
663.57	8523.6	
663.75	8376.9	
663.94	6894.1	
664.13	8228.7	
664.31	7757	
664.5	8557.8	
664.69	7081.2	
664.87	7729.7	
665.06	7705.1	
665.25	8398	
665.43	7899	
665.62	8031.5	
665.8	8697	
665.99	7968.6	
666.18	6748.1	
666.36	6926.2	
666.55	8662.2	
666.74	8503.2	
666.92	6364.4	
667.11	8129.1	
667.29	8032.8	
667.48	8639.7	
667.67	7788.4	
667.85	6675	
668.04	8063.5	
668.22	7944.8	
668.41	6844.3	
668.6	7052.5	
668.78	7747.5	
668.97	8026.7	
669.15	7231.4	
669.34	6142.5	
669.53	7845.8	
669.71	8151.6	
669.9	6359.6	
670.08	7004.1	
670.27	7802.1	
670.46	8396.7	
670.64	7257.3	
670.83	7596.6	
671.01	7641.7	
671.2	8347.5	
671.38	6370.5	
671.57	6270.2	
671.76	8876.6	
671.94	9616.6	
672.13	6257.2	
672.31	7462.1	
672.5	8473.8	
672.69	7746.1	
672.87	6442.2	
673.06	6746.7	
673.24	8317.5	
673.43	7838.3	
673.61	7192.5	
673.8	6660	
673.98	8568.7	
674.17	8756.4	
674.36	7433.4	
674.54	7190.4	
674.73	8306.6	
674.91	8570.1	
675.1	6957.6	
675.28	6488.6	
675.47	8110	
675.65	8619.2	
675.84	6760.3	
676.03	7169.3	
676.21	7801.4	
676.4	7354.9	
676.58	7576.8	
676.77	7311.2	
676.95	9379	
677.14	7735.2	
677.32	6412.9	
677.51	6128.2	
677.69	8610.3	
677.88	7456	
678.06	6271.6	
678.25	6419	
678.44	8132.5	
678.62	7869	
678.81	6040.8	
678.99	7129	
679.18	8983.8	
679.36	8515.5	
679.55	6609.5	
679.73	7393.8	
679.92	8493.6	
680.1	7770.7	
680.29	8080.6	
680.47	6817	
680.66	7791.2	
680.84	8710	
681.03	6003.3	
681.21	7165.8	
681.4	7899.7	
681.58	7600	
681.77	6568.5	
681.95	6339.8	
682.14	8684.1	
682.32	9150.3	
682.51	7502.4	
682.69	6262	
682.88	7770.7	
683.06	8467.7	
683.25	7180.9	
683.43	7560.4	
683.62	8129.8	
683.8	8548.9	
683.99	7727.7	
684.17	6994.5	
684.36	9444.5	
684.54	8015.1	
684.73	6052.4	
684.91	6326.2	
685.1	8273.8	
685.28	7703.8	
685.46	6851.8	
685.65	7073.7	
685.83	8601.5	
686.02	7934.5	
686.2	6428.6	
686.39	6589	
686.57	7752.2	
686.76	9315.5	
686.94	6413.6	
687.13	6634.1	
687.31	8419.2	
687.5	8019.8	
687.68	6044.2	
687.86	7438.2	
688.05	9923.1	
688.23	7466.2	
688.42	7469.6	
688.6	6655.9	
688.79	7890.8	
688.97	8004.1	
689.16	7073	
689.34	5912.5	
689.52	8724.3	
689.71	9066.4	
689.89	7428.7	
690.08	6696.2	
690.26	8334.6	
690.45	8168	
690.63	7593.9	
690.81	6834.8	
691	8056	
691.18	8023.3	
691.37	7034.1	
691.55	9473.2	
691.74	7960.5	
691.92	10083	
692.1	7021.1	
692.29	6386.2	
692.47	8203.5	
692.66	7504.4	
692.84	6749.4	
693.02	7279.2	
693.21	7738.6	
693.39	8247.9	
693.58	7464.2	
693.76	6879.1	
693.94	9635.7	
694.13	9228.1	
694.31	6920.1	
694.5	8014.4	
694.68	8131.8	
694.86	8510	
695.05	7352.9	
695.23	7756.3	
695.42	8986.5	
695.6	11389	
695.78	8060.8	
695.97	6989.7	
696.15	9106	
696.34	8355.7	
696.52	6796.5	
696.7	7720.2	
696.89	8720.3	
697.07	8189.1	
697.25	7656.7	
697.44	9235	
697.62	8801.5	
697.81	9128.5	
697.99	7382.2	
698.17	7831.4	
698.36	8129.8	
698.54	8834.9	
698.72	7685.3	
698.91	6773.3	
699.09	8445.1	
699.28	8322.9	
699.46	7372.7	
699.64	7254.6	
699.83	8202.1	
700.01	9557.2	
700.19	8181.6	
700.38	6467.5	
700.56	9571.5	
700.74	8424.7	
700.93	6989.7	
701.11	7892.2	
701.29	9006.3	
701.48	10258	
701.66	7248.4	
701.84	7396.6	
702.03	8645.8	
702.21	9446.6	
702.39	6831.3	
702.58	7498.3	
702.76	9118.2	
702.94	9221.3	
703.13	6806.1	
703.31	9577.7	
703.49	8380.3	
703.68	9389.9	
703.86	7142.6	
704.04	8200.1	
704.23	9037.7	
704.41	9370.8	
704.59	7437.5	
704.78	8692.3	
704.96	10157	
705.14	9555.1	
705.33	7204.1	
705.51	8058.8	
705.69	8860.2	
705.87	9857.6	
706.06	8452.6	
706.24	7094.2	
706.42	9284.1	
706.61	9567.4	
706.79	8443.1	
706.97	7248.4	
707.16	8704.5	
707.34	9276.6	
707.52	8297.7	
707.7	7514.7	
707.89	8850	
708.07	8529.8	
708.25	8392.6	
708.44	8513.4	
708.62	8822.6	
708.8	9979.8	
708.98	8699.1	
709.17	7609.6	
709.35	9323.7	
709.53	9286.2	
709.72	7237.5	
709.9	7774.8	
710.08	9609.1	
710.26	9660.3	
710.45	9078.6	
710.63	7673.1	
710.81	9255.5	
710.99	9157.2	
711.18	8318.8	
711.36	7862.2	
711.54	9035.6	
711.72	9779.1	
711.91	7942	
712.09	7217	
712.27	9274.6	
712.45	10411	
712.64	8163.2	
712.82	7048.4	
713	8535.3	
713.18	8675.2	
713.37	7133.8	
713.55	8433.5	
713.73	9637.7	
713.91	8015.1	
714.1	7499.7	
714.28	6806.8	
714.46	9115.5	
714.64	8187.8	
714.83	6146.6	
715.01	6960.4	
715.19	8219.9	
715.37	7449.8	
715.55	6585.6	
715.74	6961	
715.92	9118.9	
716.1	7036.8	
716.28	8067.6	
716.47	7088.7	
716.65	7731.1	
716.83	7947.5	
717.01	6879.8	
717.19	6984.9	
717.38	10164	
717.56	7448.5	
717.74	7228.6	
717.92	6434.7	
718.1	8895	
718.29	8109.3	
718.47	6081.8	
718.65	6821.8	
718.83	8932.6	
719.01	8870.4	
719.2	5999.2	
719.38	7217.7	
719.56	8572.8	
719.74	10318	
719.92	6763.8	
720.11	7869	
720.29	8618.5	
720.47	7629.4	
720.65	6163	
720.83	7068.2	
721.02	7921.5	
721.2	7685.3	
721.38	7126.9	
721.56	6245.6	
721.74	7105.8	
721.92	7365.9	
722.11	7657.4	
722.29	7275.1	
722.47	8664.3	
722.65	7790.5	
722.83	6337.8	
723.01	7405.5	
723.2	7937.2	
723.38	8159.8	
723.56	5758.2	
723.74	7027.3	
723.92	7395.2	
724.1	8594	
724.29	6339.1	
724.47	7509.9	
724.65	7394.5	
724.83	7369.3	
725.01	6165.8	
725.19	7117.4	
725.37	7471	
725.56	7507.9	
725.74	6070.2	
725.92	6247	
726.1	7309.9	
726.28	7705.8	
726.46	6817.7	
726.64	6390.3	
726.83	7707.9	
727.01	8045.8	
727.19	6019	
727.37	6901.7	
727.55	7788.4	
727.73	8326.4	
727.91	6038.8	
728.09	5789.6	
728.28	8366.6	
728.46	9113.5	
728.64	7063.4	
728.82	7036.1	
729	9631.6	
729.18	8811	
729.36	6219	
729.54	8675.2	
729.72	9987.3	
729.91	8155.7	
730.09	8438.3	
730.27	6978.8	
730.45	8073.1	
730.63	8659.5	
730.81	7670.3	
730.99	6613.6	
731.17	9383.8	
731.35	7781.6	
731.53	7265.5	
731.71	6769.2	
731.9	9055.4	
732.08	9252	
732.26	7117.4	
732.44	6784.9	
732.62	9196.1	
732.8	8696.4	
732.98	7477.1	
733.16	6543.3	
733.34	8635.6	
733.52	7428.7	
733.7	6997.2	
733.88	7401.4	
734.07	8429.4	
734.25	8275.2	
734.43	6421.7	
734.61	8207.6	
734.79	9865.7	
734.97	8141.4	
735.15	6582.2	
735.33	6970.6	
735.51	8475.9	
735.69	8059.4	
735.87	8191.2	
736.05	7151.5	
736.23	8275.8	
736.41	8062.2	
736.59	7012.9	
736.77	7149.5	
736.95	8779.6	
737.13	8191.2	
737.32	6651.1	
737.5	6929	
737.68	9383.8	
737.86	8007.6	
738.04	6423.1	
738.22	8364.6	
738.4	7768.6	
738.58	8105.2	
738.76	6946.7	
738.94	5924.8	
739.12	7867.6	
739.3	7812.3	
739.48	7727.7	
739.66	7441.6	
739.84	8207.6	
740.02	8183.7	
740.2	6085.9	
740.38	6412.2	
740.56	8654.7	
740.74	7423.2	
740.92	7216.4	
741.1	7048.4	
741.28	7860.1	
741.46	7790.5	
741.64	6598.6	
741.82	7208.8	
742	8042.4	
742.18	7990.5	
742.36	6863.4	
742.54	6318.7	
742.72	8556.4	
742.9	7243	
743.08	7272.3	
743.26	5930.9	
743.44	8826.1	
743.62	8573.5	
743.8	7363.8	
743.98	6322.1	
744.16	8243.1	
744.34	7937.2	
744.52	7236.2	
744.7	7095.5	
744.88	8389.8	
745.06	7851.9	
745.24	7234.8	
745.42	7333.8	
745.6	8392.6	
745.78	8145.5	
745.96	5971.9	
746.14	6236.7	
746.32	9118.2	
746.5	8332.5	
746.68	6901.7	
746.86	6272.2	
747.03	8821.3	
747.21	6966.5	
747.39	6855.9	
747.57	6317.3	
747.75	7925	
747.93	8340	
748.11	6197.8	
748.29	6137.1	
748.47	9663	
748.65	7658	
748.83	7032.7	
749.01	6694.8	
749.19	8127	
749.37	7337.9	
749.55	6536.4	
749.73	6566.5	
749.91	7798.7	
750.09	7434.8	
750.26	6666.1	
750.44	6040.1	
750.62	7851.9	
750.8	7774.1	
750.98	5915.2	
751.16	6279.1	
751.34	7851.9	
751.52	7149.5	
751.7	7146	
751.88	5905	
752.06	8404.2	
752.24	8088.8	
752.42	5745.2	
752.59	6179.4	
752.77	7641.7	
752.95	9041.1	
753.13	6997.9	
753.31	6300.2	
753.49	7398.6	
753.67	7898.3	
753.85	6462.7	
754.03	6125.5	
754.21	8096.3	
754.38	8414.4	
754.56	6255.9	
754.74	5155.4	
754.92	7109.9	
755.1	7934.5	
755.28	5178.6	
755.46	5103.5	
755.64	8419.9	
755.82	8512.7	
755.99	5046.2	
756.17	5143.8	
756.35	5542.5	
756.53	7234.1	
756.71	3798.3	
756.89	4833.9	
757.07	6761	
757.25	5902.2	
757.42	5570.5	
757.6	6470.9	
757.78	7039.6	
757.96	6044.2	
758.14	5341.8	
758.32	4834.6	
758.5	5515.2	
758.67	6386.2	
758.85	5089.2	
759.03	5225.7	
759.21	6513.2	
759.39	6004.6	
759.57	4640	
759.75	5918.6	
759.92	7270.3	
760.1	6471.6	
760.28	6320.7	
760.46	6576	
760.64	6301.6	
760.82	6134.3	
760.99	6193.7	
761.17	5316.5	
761.35	7278.5	
761.53	6122.7	
761.71	5434.6	
761.89	6269.5	
762.06	7165.2	
762.24	6662.7	
762.42	5642.2	
762.6	5440.1	
762.78	6739.9	
762.96	7490.8	
763.13	6087.2	
763.31	5793	
763.49	7599.3	
763.67	6699.6	
763.85	6568.5	
764.02	7280.5	
764.2	7854.6	
764.38	6963.8	
764.56	5609.4	
764.74	6462.7	
764.91	7991.9	
765.09	6812.9	
765.27	5167	
765.45	5018.2	
765.63	8026	
765.8	7892.9	
765.98	4651.6	
766.16	5059.2	
766.34	6311.8	
766.52	6081.8	
766.69	6146.6	
766.87	4876.9	
767.05	6673	
767.23	7468.3	
767.41	5229.8	
767.58	5427.8	
767.76	7327.6	
767.94	7317.4	
768.12	5273.5	
768.29	5999.2	
768.47	6713.9	
768.65	7464.2	
768.83	4881	
769	6085.2	
769.18	6190.3	
769.36	6974	
769.54	6042.9	
769.72	4784.7	
769.89	7252.5	
770.07	7355.6	
770.25	5160.2	
770.43	6569.9	
770.6	8101.8	
770.78	8530.5	
770.96	5379.3	
771.14	6027.2	
771.31	7094.2	
771.49	6408.8	
771.67	4439.3	
771.85	4642.1	
772.02	5569.1	
772.2	6416.3	
772.38	5414.8	
772.55	4927.4	
772.73	6632	
772.91	6396.5	
773.09	5287.9	
773.26	5378	
773.44	6565.8	
773.62	6229.2	
773.8	4741	
773.97	4416.8	
774.15	6647	
774.33	6168.5	
774.5	4539	
774.68	4949.3	
774.86	6784.9	
775.04	6218.3	
775.21	4636.6	
775.39	4651.6	
775.57	6463.4	
775.74	6940.6	
775.92	4500.8	
776.1	4431.1	
776.27	6426.5	
776.45	7720.2	
776.63	4545.1	
776.81	4134.8	
776.98	6003.3	
777.16	7223.9	
777.34	4768.4	
777.51	5130.8	
777.69	5990.3	
777.87	5791	
778.04	4769.7	
778.22	5405.3	
778.4	5795.1	
778.57	6440.9	
778.75	3949.2	
778.93	4304.8	
779.1	5572.5	
779.28	5446.2	
779.46	3977.2	
779.64	4498	
779.81	6578.1	
779.99	7595.9	
780.17	5336.3	
780.34	5508.4	
780.52	5947.3	
780.69	6222.4	
780.87	4883.7	
781.05	4300.7	
781.22	6028.5	
781.4	6137.8	
781.58	4445.5	
781.75	3588.7	
781.93	6036	
782.11	5422.3	
782.28	5442.8	
782.46	4480.3	
782.64	5229.1	
782.81	6227.9	
782.99	4548.5	
783.17	4487.1	
783.34	6139.1	
783.52	5222.3	
783.69	4759.5	
783.87	5612.1	
784.05	5323.4	
784.22	5386.8	
784.4	5556.8	
784.58	4812.7	
784.75	6303	
784.93	5358.9	
785.1	4409.3	
785.28	5189.6	
785.46	6083.8	
785.63	5351.3	
785.81	4398.4	
785.99	4232.5	
786.16	5537.7	
786.34	5881.8	
786.51	4271.4	
786.69	4729.4	
786.87	5083.1	
787.04	5634	
787.22	4063.9	
787.39	5094	
787.57	5259.2	
787.75	6544.6	
787.92	5269.4	
788.1	5223.7	
788.27	5379.3	
788.45	5061.2	
788.63	4969.7	
788.8	3555.3	
788.98	5879.7	
789.15	4999.8	
789.33	3618.8	
789.5	4420.2	
789.68	6333.7	
789.86	6447	
790.03	4793.6	
790.21	4199	
790.38	6319.3	
790.56	5443.5	
790.73	4075.5	
790.91	4063.2	
791.09	5351.3	
791.26	6074.3	
791.44	4278.9	
791.61	3721.2	
791.79	5295.4	
791.96	5391.6	
792.14	3884.3	
792.32	3423.5	
792.49	5315.8	
792.67	5363.6	
792.84	3919.8	
793.02	3708.2	
793.19	5757.5	
793.37	6528.9	
793.54	3396.2	
793.72	3849.5	
793.89	6754.2	
794.07	5306.3	
794.25	4270	
794.42	3480.2	
794.6	6425.2	
794.77	6021.7	
794.95	4777.2	
795.12	4132.1	
795.3	5239.4	
795.47	5954.8	
795.65	4528.1	
795.82	4399.7	
796	5057.8	
796.17	7134.4	
796.35	4188.1	
796.52	5014.1	
796.7	5832.6	
796.87	5898.2	
797.05	5224.4	
797.22	5107.6	
797.4	5920	
797.57	7090.1	
797.75	4310.3	
797.92	4115.7	
798.1	6229.2	
798.27	5229.8	
798.45	3480.2	
798.62	3785.3	
798.8	5560.9	
798.97	6100.2	
799.15	4592.9	
799.32	4332.1	
799.5	4811.4	
799.67	5660.6	
799.85	4650.9	
800.02	3422.8	
800.2	5166.3	
800.37	5558.2	
800.55	4925.4	
800.72	4090.5	
800.9	6070.2	
801.07	6538.5	
801.25	5495.4	
801.42	4465.3	
801.6	6133.7	
801.77	5804.6	
801.95	4143	
802.12	4016.1	
802.29	5801.2	
802.47	5741.8	
802.64	4435.9	
802.82	3288.4	
802.99	5193	
803.17	6246.3	
803.34	4335.5	
803.52	3921.9	
803.69	7017	
803.87	5010.7	
804.04	4253.6	
804.21	4416.1	
804.39	6367.1	
804.56	5426.4	
804.74	3636.5	
804.91	4481.6	
805.09	5235.3	
805.26	5382.7	
805.44	3720.5	
805.61	4093.2	
805.78	5894.7	
805.96	5934.3	
806.13	4509.6	
806.31	4852.3	
806.48	4722.6	
806.66	5314.5	
806.83	4404.5	
807	4362.9	
807.18	5163.6	
807.35	5642.8	
807.53	4318.5	
807.7	3433.8	
807.87	6487.3	
808.05	5234.6	
808.22	4779.3	
808.4	3426.9	
808.57	5309.7	
808.74	4845.5	
808.92	3972.4	
809.09	5005.2	
809.27	5077.6	
809.44	5816.2	
809.61	3442	
809.79	3871.3	
809.96	6490.7	
810.14	6067.4	
810.31	3387.3	
810.48	4169.7	
810.66	5338.4	
810.83	6139.1	
811.01	3980.6	
811.18	4418.2	
811.35	6040.8	
811.53	4633.2	
811.7	4762.2	
811.87	4493.2	
812.05	5180	
812.22	5203.9	
812.39	3934.1	
812.57	3680.2	
812.74	5266	
812.92	7055.9	
813.09	4171	
813.26	4553.3	
813.44	6779.5	
813.61	5198.4	
813.78	3474.7	
813.96	4670.1	
814.13	5257.8	
814.3	4880.3	
814.48	5007.3	
814.65	4181.3	
814.82	6609.5	
815	5068	
815.17	4263.9	
815.34	5274.9	
815.52	5091.9	
815.69	5169.1	
815.87	4209.3	
816.04	3647.4	
816.21	5240.1	
816.38	4609.3	
816.56	4113	
816.73	3777.1	
816.9	6587	
817.08	6102.3	
817.25	3874.8	
817.42	4868	
817.6	4730.8	
817.77	5299.5	
817.94	4389.5	
818.12	3862.5	
818.29	4986.1	
818.46	7916.1	
818.64	3977.8	
818.81	3717.1	
818.98	4909.7	
819.16	7167.9	
819.33	4564.2	
819.5	4265.9	
819.67	5669.5	
819.85	6340.5	
820.02	4151.9	
820.19	4492.6	
820.37	5438.7	
820.54	5057.1	
820.71	4323.9	
820.88	5356.1	
821.06	5536.3	
821.23	4997.7	
821.4	4355.3	
821.58	4292.5	
821.75	5980.1	
821.92	5463.3	
822.09	3459	
822.27	3629	
822.44	5240.8	
822.61	5144.5	
822.79	3484.3	
822.96	6736.5	
823.13	5750.7	
823.3	4994.3	
823.48	4022.9	
823.65	3680.9	
823.82	5948.7	
823.99	4719.9	
824.17	5162.9	
824.34	3684.3	
824.51	6962.4	
824.68	5322.7	
824.86	3848.8	
825.03	4309.6	
825.2	5248.3	
825.37	6432	
825.55	3782.6	
825.72	4291.2	
825.89	7053.9	
826.06	6447	
826.24	4139.6	
826.41	4225.6	
826.58	6397.2	
826.75	5515.2	
826.92	3221.5	
827.1	3624.2	
827.27	8810.4	
827.44	7037.5	
827.61	3996.3	
827.79	4790.9	
827.96	4918.5	
828.13	5366.4	
828.3	4163.5	
828.47	3473.4	
828.65	5459.2	
828.82	5416.9	
828.99	5329.5	
829.16	4659.8	
829.34	5874.3	
829.51	5624.4	
829.68	4247.5	
829.85	4491.2	
830.02	6143.2	
830.2	5853.8	
830.37	3350.5	
830.54	5255.8	
830.71	6802.7	
830.88	5220.3	
831.05	3379.1	
831.23	3859.1	
831.4	6385.6	
831.57	7303.7	
831.74	3966.9	
831.91	3523.2	
832.09	5444.9	
832.26	5864.7	
832.43	4080.2	
832.6	4644.1	
832.77	5524.7	
832.94	6250.4	
833.12	3262.4	
833.29	4038.6	
833.46	5063.9	
833.63	7496.9	
833.8	4516.5	
833.97	4159.4	
834.15	5902.9	
834.32	5624.4	
834.49	4283	
834.66	4423.6	
834.83	6167.8	
835	4870.8	
835.17	3919.8	
835.35	3960.8	
835.52	5786.2	
835.69	5644.9	
835.86	4161.5	
836.03	3395.5	
836.2	5796.4	
836.37	5421	
836.55	4093.9	
836.72	3865.2	
836.89	5411.4	
837.06	5976.7	
837.23	4232.5	
837.4	4539.7	
837.57	6706.4	
837.75	7496.9	
837.92	3729.4	
838.09	4012	
838.26	5357.5	
838.43	6163.7	
838.6	4309.6	
838.77	3804.4	
838.94	7035.5	
839.11	6739.2	
839.29	4077.5	
839.46	3192.1	
839.63	5803.3	
839.8	5556.1	
839.97	4017.4	
840.14	3994.2	
840.31	5592.3	
840.48	5840.8	
840.65	3254.9	
840.82	4011.3	
841	5851.7	
841.17	5864	
841.34	3627	
841.51	3778.5	
841.68	5744.6	
841.85	5507.7	
842.02	3844	
842.19	3159.3	
842.36	5550	
842.53	5583.4	
842.7	3638.6	
842.87	4496	
843.05	7429.3	
843.22	5492.7	
843.39	3390.1	
843.56	3733.4	
843.73	5241.4	
843.9	5920	
844.07	5928.2	
844.24	4995	
844.41	8753.7	
844.58	5011.4	
844.75	3560.7	
844.92	3869.3	
845.09	5805.3	
845.26	5817.6	
845.43	3633.8	
845.6	3852.9	
845.77	5816.2	
845.94	5594.4	
846.12	3999	
846.29	4316.4	
846.46	6056.5	
846.63	5851.7	
846.8	3667.2	
846.97	4330.1	
847.14	6320	
847.31	5768.4	
847.48	4159.4	
847.65	4610.7	
847.82	6180.8	
847.99	6086.6	
848.16	4846.9	
848.33	4557.4	
848.5	5371.8	
848.67	6368.5	
848.84	3622.2	
849.01	3763.5	
849.18	5258.5	
849.35	4868.7	
849.52	4584.7	
849.69	3580.5	
849.86	6036.7	
850.03	6292.7	
850.2	3625.6	
850.37	4511	
850.54	6252.4	
850.71	5507	
850.88	4383.3	
851.05	3590.8	
851.22	5772.5	
851.39	6431.3	
851.56	3401.7	
851.73	4185.4	
851.9	5076.2	
852.07	6047	
852.24	4003.8	
852.41	3616.7	
852.58	5664.7	
852.75	5168.4	
852.92	4029.7	
853.09	3537.5	
853.26	5362.9	
853.43	6309.1	
853.6	3603.1	
853.77	3052.2	
853.94	6343.2	
854.11	5749.3	
854.28	5403.9	
854.44	4001.7	
854.61	6810.2	
854.78	6169.8	
854.95	3573	
855.12	4603.2	
855.29	4655	
855.46	6505	
855.63	3588	
855.8	5077.6	
855.97	5423	
856.14	6170.5	
856.31	5150.6	
856.48	3960.8	
856.65	5334.3	
856.82	5068	
856.99	3476.1	
857.16	3919.1	
857.33	7129	
857.49	5486.5	
857.66	3943	
857.83	4303.5	
858	5366.4	
858.17	5632.6	
858.34	3429	
858.51	3622.9	
858.68	6594.5	
858.85	6617	
859.02	4236.6	
859.19	4579.3	
859.36	5036.6	
859.52	5107.6	
859.69	3650.8	
859.86	4275.5	
860.03	5128.1	
860.2	6475.7	
860.37	3311.6	
860.54	3627	
860.71	6114.6	
860.88	6577.4	
861.05	4025.6	
861.21	4552	
861.38	6571.2	
861.55	4977.2	
861.72	3306.8	
861.89	4089.1	
862.06	6169.2	
862.23	6738.5	
862.4	3504.1	
862.56	3794.2	
862.73	5962.3	
862.9	5572.5	
863.07	4279.6	
863.24	3261.7	
863.41	4906.3	
863.58	5119.2	
863.75	3731.4	
863.91	4165.6	
864.08	6490	
864.25	5950.7	
864.42	4562.2	
864.59	5028.4	
864.76	6834.8	
864.93	5136.3	
865.09	3522.5	
865.26	3887	
865.43	6335.7	
865.6	6735.1	
865.77	3132	
865.94	3559.4	
866.1	6435.4	
866.27	6081.8	
866.44	5502.2	
866.61	3454.9	
866.78	5480.4	
866.95	5961.6	
867.11	3454.2	
867.28	3171.6	
867.45	6122.7	
867.62	5205.9	
867.79	4256.4	
867.96	3615.3	
868.12	5115.8	
868.29	6180.8	
868.46	3112.2	
868.63	4891.2	
868.8	6272.9	
868.97	6050.4	
869.13	3839.3	
869.3	3790.8	
869.47	5941.8	
869.64	6223.1	
869.81	3652.2	
869.97	3617.4	
870.14	5858.6	
870.31	6577.4	
870.48	3563.5	
870.65	4634.6	
870.81	5387.5	
870.98	5427.8	
871.15	4153.3	
871.32	3833.8	
871.48	5873.6	
871.65	6528.9	
871.82	3547.1	
871.99	4002.4	
872.16	7060	
872.32	6354.2	
872.49	3658.4	
872.66	3661.1	
872.83	6089.3	
872.99	5289.9	
873.16	4157.4	
873.33	3602.4	
873.5	5669.5	
873.67	5715.2	
873.83	3799.7	
874	4878.9	
874.17	5825.8	
874.34	7039.6	
874.5	4772.4	
874.67	4528.1	
874.84	6553.5	
875.01	5107	
875.17	5116.5	
875.34	3579.8	
875.51	5769.8	
875.68	6896.2	
875.84	4344.4	
876.01	5415.5	
876.18	5995.1	
876.34	5978.7	
876.51	3623.5	
876.68	3583.9	
876.85	5483.8	
877.01	6303	
877.18	5175.9	
877.35	3605.8	
877.52	5571.2	
877.68	5033.9	
877.85	3572.3	
878.02	3512.3	
878.18	5580	
878.35	5313.8	
878.52	2834.4	
878.69	4066.6	
878.85	6081.1	
879.02	6011.5	
879.19	5172.5	
879.35	3963.5	
879.52	6010.1	
879.69	6261.3	
879.86	3092.4	
880.02	4052.2	
880.19	5528.8	
880.36	6941.9	
880.52	4212.7	
880.69	4283	
880.86	6169.8	
881.02	6234.7	
881.19	3930.7	
881.36	3958	
881.52	5997.1	
881.69	5283.1	
881.86	3872	
882.02	3808.5	
882.19	6340.5	
882.36	7404.1	
882.52	3756	
882.69	5133.6	
882.86	5844.2	
883.02	5702.2	
883.19	4405.9	
883.36	4198.3	
883.52	6134.3	
883.69	7010.2	
883.86	3683.6	
884.02	3240.6	
884.19	6139.8	
884.36	5603.2	
884.52	4097.3	
884.69	3831.1	
884.86	5338.4	
885.02	6688.7	
885.19	4099.4	
885.36	4205.2	
885.52	5623.7	
885.69	5806	
885.86	5255.8	
886.02	4674.8	
886.19	6109.1	
886.35	5517.9	
886.52	3992.9	
886.69	5123.3	
886.85	5120.6	
887.02	6440.9	
887.19	6440.9	
887.35	6440.9	
887.52	6440.9	
887.68	6440.9	
887.85	6440.9	
888.02	6440.9	
888.18	6440.9	
888.35	6440.9	
888.51	6440.9	
888.68	6440.9	
888.85	6440.9	
889.01	6440.9	
889.18	6440.9	
889.35	6440.9	
889.51	6440.9	
889.68	6440.9	
889.84	6440.9	
890.01	6440.9	
890.17	6440.9	
890.34	6440.9	
890.51	6440.9	
890.67	6440.9	
890.84	6440.9	
891	6440.9	
891.17	6440.9	
891.34	6440.9	
891.5	6440.9	
891.67	6440.9	
891.83	6440.9	
892	6440.9	
892.16	6440.9	
892.33	6440.9	
892.5	6440.9	
892.66	6440.9	
892.83	6440.9	
892.99	6440.9	
893.16	6440.9	
893.32	6440.9	
893.49	6440.9	
893.65	6440.9	
893.82	6440.9	
893.99	6440.9	
894.15	6440.9	
894.32	6440.9	
894.48	6440.9	
894.65	6440.9	
894.81	6440.9	
894.98	6440.9	
895.14	6440.9	
895.31	6440.9	
895.47	6440.9	
895.64	6440.9	
895.81	6440.9	
895.97	6440.9	
896.14	6440.9	
896.3	6440.9	
896.47	6440.9	
896.63	6440.9	
896.8	6440.9	
896.96	6440.9	
897.13	6440.9	
897.29	6440.9	
897.46	6440.9	
897.62	6440.9	
897.79	6440.9	
897.95	6440.9	
898.12	6440.9	
898.28	6440.9	
898.45	6440.9	
898.61	6440.9	
898.78	6440.9	
898.94	6440.9	
899.11	6440.9	
899.27	6440.9	
899.44	6440.9	
899.6	6440.9	
899.77	6440.9	
899.93	6440.9	
900.1	6440.9	
900.26	6440.9	
900.43	6440.9	
900.59	6440.9	
900.76	6440.9	
900.92	6440.9	
901.09	6440.9	
901.25	6440.9	
901.42	6440.9	
901.58	6440.9	
901.75	6440.9	
901.91	6440.9	
902.07	6440.9	
902.24	6440.9	
902.4	6440.9	
902.57	6440.9	
902.73	6440.9	
902.9	6440.9	
903.06	6440.9	
903.23	6440.9	
903.39	6440.9	
903.56	6440.9	
903.72	6440.9	
903.88	6440.9	
904.05	6440.9	
904.21	6440.9	
904.38	6440.9	
904.54	6440.9	
904.71	6440.9	
904.87	6440.9	
905.03	6440.9	
905.2	6440.9	
905.36	6440.9	
905.53	6440.9	
905.69	6440.9	
905.86	6440.9	
906.02	6440.9	
906.18	6440.9	
906.35	6440.9	
906.51	6440.9	
906.68	6440.9	
906.84	6440.9	
907.01	6440.9	
907.17	6440.9	
907.33	6440.9	
907.5	6440.9	
907.66	6440.9	
907.83	6440.9	
907.99	6440.9	
908.15	6440.9	
908.32	6440.9	
908.48	6440.9	
908.65	6440.9	
908.81	6440.9	
908.97	6440.9	
909.14	6440.9	
909.3	6440.9	
909.47	6440.9	
909.63	6440.9	
909.79	6440.9	
909.96	6440.9	
910.12	6440.9	
910.28	6440.9	
910.45	6440.9	
910.61	6440.9	
910.78	6440.9	
910.94	6440.9	
911.1	6440.9	
911.27	6440.9	
911.43	6440.9	
911.59	6440.9	
911.76	6440.9	
911.92	6440.9	
912.08	6440.9	
912.25	6440.9	
912.41	6440.9	
912.57	6440.9	
912.74	6440.9	
912.9	6440.9	
913.07	6440.9	
913.23	6440.9	
913.39	6440.9	
913.56	6440.9	
913.72	6440.9	
913.88	6440.9	
914.05	6440.9	
914.21	6440.9	
914.37	6440.9	
914.54	6440.9	
914.7	6440.9	
914.86	6440.9	
915.03	6440.9	
915.19	6440.9	
