Wavelength	Intensities	
nm	a.u.	
179.22	1901.9	
179.44	1897.1	
179.65	1906.7	
179.86	1887.5	
180.08	1942.2	
180.29	5011.4	
180.51	3535.5	
180.72	5687.9	
180.94	6660	
181.15	3209.2	
181.37	3209.2	
181.58	5517.2	
181.79	5824.4	
182.01	3409.9	
182.22	3682.2	
182.44	5823.1	
182.65	4850.3	
182.87	4557.4	
183.08	4070	
183.29	6087.9	
183.51	5041.4	
183.72	3698.6	
183.94	5451.7	
184.15	5413.5	
184.37	5473.5	
184.58	3257.6	
184.79	4488.5	
185.01	5076.2	
185.22	5786.9	
185.44	4771.1	
185.65	3920.5	
185.86	5330.2	
186.08	4906.9	
186.29	3134.8	
186.51	3390.1	
186.72	5055.8	
186.94	6016.9	
187.15	3930.1	
187.36	4083.6	
187.58	7778.2	
187.79	5543.9	
188.01	4212	
188.22	6619.7	
188.43	6707.1	
188.65	5823.7	
188.86	3401	
189.08	4067.3	
189.29	5208.7	
189.5	5258.5	
189.72	3743	
189.93	3821.5	
190.15	6040.8	
190.36	7219.8	
190.57	4152.6	
190.79	4014	
191	6099.5	
191.22	6063.4	
191.43	4192.2	
191.64	3454.2	
191.86	6328.9	
192.07	6027.2	
192.29	3573	
192.5	3781.9	
192.71	6023.1	
192.93	5153.4	
193.14	3700.7	
193.35	3763.5	
193.57	5261.9	
193.78	6014.9	
194	3036.5	
194.21	3682.2	
194.42	4996.4	
194.64	5456.5	
194.85	4035.9	
195.07	4780	
195.28	5545.2	
195.49	4736.3	
195.71	5006.6	
195.92	3520.5	
196.13	5705	
196.35	5788.9	
196.56	5440.8	
196.78	4043.4	
196.99	7097.6	
197.2	6701.6	
197.42	4648.2	
197.63	4150.6	
197.84	4895.3	
198.06	5679	
198.27	3725.9	
198.48	5104.2	
198.7	5203.9	
198.91	5310.4	
199.13	4095.3	
199.34	4105.5	
199.55	5863.3	
199.77	4674.8	
199.98	3617.4	
200.19	4152.6	
200.41	5319.3	
200.62	5060.5	
200.83	4324.6	
201.05	4616.1	
201.26	5442.1	
201.47	5086.5	
201.69	3646.1	
201.9	3534.1	
202.11	5432.6	
202.33	6414.9	
202.54	3885	
202.76	4315.8	
202.97	5596.4	
203.18	5594.4	
203.4	4308.2	
203.61	4196.3	
203.82	5517.9	
204.04	5102.9	
204.25	4142.4	
204.46	4060.4	
204.68	5451	
204.89	5764.3	
205.1	4022.2	
205.32	3466.5	
205.53	5871.5	
205.74	5975.3	
205.96	2981.8	
206.17	4237.2	
206.38	5814.2	
206.6	5999.9	
206.81	4734.2	
207.02	3791.5	
207.24	5749.3	
207.45	6064.7	
207.66	3862.5	
207.88	3340.2	
208.09	5631.2	
208.3	5421	
208.52	3525.2	
208.73	3893.2	
208.94	5460.6	
209.15	6195.1	
209.37	3904.8	
209.58	4071.4	
209.79	6029.2	
210.01	5223.7	
210.22	3096.5	
210.43	3249.4	
210.65	5497.4	
210.86	5850.4	
211.07	3964.9	
211.29	3574.4	
211.5	5831.9	
211.71	5358.9	
211.93	3571	
212.14	3545.7	
212.35	5326.1	
212.56	5640.1	
212.78	4083.6	
212.99	3400.3	
213.2	6468.9	
213.42	5199.8	
213.63	3693.2	
213.84	3997	
214.06	4814.1	
214.27	4929.5	
214.48	3871.3	
214.69	4158.7	
214.91	6140.5	
215.12	6193.7	
215.33	4277.5	
215.55	4648.2	
215.76	6706.4	
215.97	5848.3	
216.18	4095.9	
216.4	3924.6	
216.61	5138.4	
216.82	5943.9	
217.04	3607.8	
217.25	3796.3	
217.46	6129.6	
217.67	5894.7	
217.89	3231	
218.1	3349.8	
218.31	5511.8	
218.53	5652.4	
218.74	3787.4	
218.95	3667.2	
219.16	5411.4	
219.38	6387.6	
219.59	3704.8	
219.8	4412.7	
220.01	7103	
220.23	5524.7	
220.44	4806.6	
220.65	3592.8	
220.87	5506.3	
221.08	6071.5	
221.29	3359.4	
221.5	4414.1	
221.72	7469.6	
221.93	5141.8	
222.14	4124.6	
222.35	4902.2	
222.57	5487.2	
222.78	5845.6	
222.99	3883.6	
223.2	4240.7	
223.42	5794.4	
223.63	5866.1	
223.84	3026.2	
224.05	2975	
224.27	6989.7	
224.48	6448.4	
224.69	4898.1	
224.9	4085	
225.12	5636.7	
225.33	5380	
225.54	3276.8	
225.75	3672	
225.97	5024.3	
226.18	5309	
226.39	4030.4	
226.6	3691.8	
226.82	5133.6	
227.03	5089.9	
227.24	4123.9	
227.45	3407.8	
227.67	5806.7	
227.88	6460	
228.09	4582.7	
228.3	4670.1	
228.52	5887.9	
228.73	5367.7	
228.94	3769.6	
229.15	3435.8	
229.36	5376.6	
229.58	5292.6	
229.79	3895.2	
230	4517.1	
230.21	6518.7	
230.43	5582.1	
230.64	4030.4	
230.85	4240	
231.06	5868.8	
231.28	5896.1	
231.49	3345.7	
231.7	4013.3	
231.91	5808.7	
232.12	5455.8	
232.34	3470.6	
232.55	3975.1	
232.76	6095.4	
232.97	5693.4	
233.18	3597.6	
233.4	4025.6	
233.61	5710.4	
233.82	5332.9	
234.03	3837.2	
234.25	3702.7	
234.46	7572.7	
234.67	5498.1	
234.88	4277.5	
235.09	3639.2	
235.31	5831.9	
235.52	5354.1	
235.73	4081.6	
235.94	3439.2	
236.15	5175.9	
236.37	6686.6	
236.58	3616.7	
236.79	3966.9	
237	5797.1	
237.21	4948.6	
237.43	4215.4	
237.64	3327.9	
237.85	9957.2	
238.06	5011.4	
238.27	4274.1	
238.48	3444	
238.7	5844.9	
238.91	5279	
239.12	3940.3	
239.33	3982.6	
239.54	5036.6	
239.76	5359.5	
239.97	3919.8	
240.18	3912.3	
240.39	6898.2	
240.6	5745.2	
240.82	4072	
241.03	3263.8	
241.24	5445.5	
241.45	6391	
241.66	3593.5	
241.87	4261.1	
242.09	6200.6	
242.3	6584.2	
242.51	4313	
242.72	3953.9	
242.93	5954.8	
243.14	5421.7	
243.36	4521.9	
243.57	4936.3	
243.78	6339.8	
243.99	5845.6	
244.2	3902.7	
244.41	3605.8	
244.63	5047.6	
244.84	5822.4	
245.05	4221.5	
245.26	3974.4	
245.47	5738.4	
245.68	6004	
245.9	5299.5	
246.11	4149.9	
246.32	5352.7	
246.53	5683.1	
246.74	6391.7	
246.95	3289.7	
247.16	4865.3	
247.38	5444.9	
247.59	3261	
247.8	4001	
248.01	5100.8	
248.22	5404.6	
248.43	3563.5	
248.64	3828.3	
248.86	4825	
249.07	5177.3	
249.28	3482.9	
249.49	4072	
249.7	6051.1	
249.91	6136.4	
250.12	3249.4	
250.34	3300	
250.55	5534.3	
250.76	5468.1	
250.97	4048.2	
251.18	4114.4	
251.39	6140.5	
251.6	5613.5	
251.81	4162.2	
252.03	4126	
252.24	5213.4	
252.45	5994.4	
252.66	3407.8	
252.87	4392.2	
253.08	5463.3	
253.29	7230.7	
253.5	3418.7	
253.72	4833.9	
253.93	5288.5	
254.14	6478.4	
254.35	3737.5	
254.56	3916.4	
254.77	5726.1	
254.98	5094.7	
255.19	3693.9	
255.41	4779.3	
255.62	5494.7	
255.83	6120	
256.04	4270	
256.25	4091.8	
256.46	6537.1	
256.67	5122.7	
256.88	4021.5	
257.09	4532.8	
257.31	5104.9	
257.52	5182	
257.73	5173.2	
257.94	3718.4	
258.15	5309	
258.36	5453.7	
258.57	4734.9	
258.78	3031	
258.99	5993.7	
259.2	5294	
259.41	3771	
259.63	3864.5	
259.84	6365.1	
260.05	6839.5	
260.26	4962.2	
260.47	3657.7	
260.68	6019.7	
260.89	5366.4	
261.1	4568.3	
261.31	3592.8	
261.52	6047.7	
261.73	6460.7	
261.95	4868.7	
262.16	4258.4	
262.37	6248.4	
262.58	6243.6	
262.79	4878.9	
263	3840.6	
263.21	5474.9	
263.42	4932.9	
263.63	3870	
263.84	3811.3	
264.05	6044.9	
264.26	6432.7	
264.47	4810	
264.69	4113	
264.9	6150.1	
265.11	5638.7	
265.32	3668.6	
265.53	3680.9	
265.74	5630.5	
265.95	4844.8	
266.16	3968.3	
266.37	4410	
266.58	5583.4	
266.79	5263.3	
267	3674.7	
267.21	3497.2	
267.42	5069.4	
267.63	5507	
267.84	3931.4	
268.06	3379.1	
268.27	5926.8	
268.48	6243.6	
268.69	3933.5	
268.9	4550.6	
269.11	6158.2	
269.32	4874.2	
269.53	3934.8	
269.74	3642	
269.95	5769.1	
270.16	4833.2	
270.37	3958	
270.58	4603.8	
270.79	5287.2	
271	6005.3	
271.21	4274.1	
271.42	3953.3	
271.63	5570.5	
271.84	5113.8	
272.05	3183.9	
272.26	3499.3	
272.47	5482.4	
272.68	5680.4	
272.89	3761.4	
273.11	4385.4	
273.32	5268.7	
273.53	6391.7	
273.74	4248.2	
273.95	4198.3	
274.16	6105	
274.37	5518.6	
274.58	4302.1	
274.79	3421.5	
275	5580.7	
275.21	6212.2	
275.42	5158.2	
275.63	4430.4	
275.84	5768.4	
276.05	7180.9	
276.26	4184.7	
276.47	3922.5	
276.68	5287.2	
276.89	6517.3	
277.1	4489.1	
277.31	3463.1	
277.52	5763.7	
277.73	5844.2	
277.94	3409.9	
278.15	3840.6	
278.36	5616.2	
278.57	5090.6	
278.78	3781.9	
278.99	4303.5	
279.2	5081.7	
279.41	5036	
279.62	4992.9	
279.83	3520.5	
280.04	6639.5	
280.25	4950.6	
280.46	4968.4	
280.67	3965.6	
280.88	5064.6	
281.09	6146.6	
281.3	4162.8	
281.51	5267.4	
281.72	5187.5	
281.93	5958.9	
282.14	3682.2	
282.35	4028.4	
282.56	6012.2	
282.77	5967.8	
282.98	3805.1	
283.19	4650.9	
283.4	7364.5	
283.61	5350	
283.82	3350.5	
284.03	4930.8	
284.24	5551.4	
284.45	6130.9	
284.66	4945.2	
284.87	4683.7	
285.08	6073.6	
285.29	6171.2	
285.5	3319.8	
285.71	3842	
285.92	6177.4	
286.12	6783.6	
286.33	4864.6	
286.54	3828.3	
286.75	5941.8	
286.96	5337.7	
287.17	3490.4	
287.38	4816.1	
287.59	5100.1	
287.8	5025.7	
288.01	3897.3	
288.22	4467.3	
288.43	6049	
288.64	4968.4	
288.85	4564.2	
289.06	4354	
289.27	5869.5	
289.48	6485.2	
289.69	4945.8	
289.9	4441.4	
290.11	6139.1	
290.32	5195.7	
290.53	4646.2	
290.74	4286.4	
290.94	5931.6	
291.15	5965.1	
291.36	3690.4	
291.57	4427.7	
291.78	5195.7	
291.99	4901.5	
292.2	3534.8	
292.41	4310.3	
292.62	6040.1	
292.83	5819	
293.04	5293.3	
293.25	3591.5	
293.46	5231.2	
293.67	6019.7	
293.88	3706.8	
294.09	3602.4	
294.29	5034.6	
294.5	5607.3	
294.71	3966.9	
294.92	3844	
295.13	5215.5	
295.34	6647	
295.55	3312.2	
295.76	3365.5	
295.97	5890	
296.18	6647	
296.39	3508.9	
296.6	3641.3	
296.81	5556.1	
297.01	5943.9	
297.22	3852.2	
297.43	3657.7	
297.64	5058.5	
297.85	5130.2	
298.06	3059.7	
298.27	3326.6	
298.48	5502.2	
298.69	5158.2	
298.9	3958	
299.11	3629	
299.31	4994.3	
299.52	4990.2	
299.73	4276.2	
299.94	4201.1	
300.15	5432.6	
300.36	5098.1	
300.57	4223.6	
300.78	4198.3	
300.99	5330.9	
301.2	5606	
301.4	3639.9	
301.61	4040.6	
301.82	5766.4	
302.03	5920	
302.24	4513	
302.45	3495.9	
302.66	5776	
302.87	6251.8	
303.08	3684.3	
303.29	5051	
303.49	5266.7	
303.7	5476.3	
303.91	3259.7	
304.12	4896.7	
304.33	4970.4	
304.54	5577.3	
304.75	3733.4	
304.96	3497.9	
305.16	5828.5	
305.37	6572.6	
305.58	3267.9	
305.79	3338.2	
306	5853.8	
306.21	4913.1	
306.42	3691.1	
306.63	5710.4	
306.83	5341.1	
307.04	6119.3	
307.25	4093.9	
307.46	4078.2	
307.67	4660.5	
307.88	5971.9	
308.09	3625.6	
308.29	3764.8	
308.5	5559.6	
308.71	6074.3	
308.92	4014.7	
309.13	3549.1	
309.34	5392.3	
309.55	5426.4	
309.75	4633.9	
309.96	4220.2	
310.17	5932.3	
310.38	5165.7	
310.59	4461.2	
310.8	3513.6	
311.01	5986.9	
311.21	5371.1	
311.42	3508.2	
311.63	3672	
311.84	5208.7	
312.05	5627.8	
312.26	4087.7	
312.46	4506.2	
312.67	5299.5	
312.88	4990.9	
313.09	3603.1	
313.3	3477.5	
313.51	6344.6	
313.71	6633.4	
313.92	3547.8	
314.13	3744.4	
314.34	5591.6	
314.55	5434.6	
314.76	4644.1	
314.96	3985.3	
315.17	5563.6	
315.38	5907	
315.59	3609.2	
315.8	3353.9	
316.01	6362.4	
316.21	6356.2	
316.42	3382.6	
316.63	3938.2	
316.84	5313.1	
317.05	6219.7	
317.26	4180.6	
317.46	3786	
317.67	5366.4	
317.88	5844.2	
318.09	4574.5	
318.3	3319.8	
318.5	5185.5	
318.71	5751.4	
318.92	5799.2	
319.13	4248.2	
319.34	5967.8	
319.54	6128.9	
319.75	3295.9	
319.96	3214.6	
320.17	5867.4	
320.38	6062	
320.58	3241.3	
320.79	3927.3	
321	6079.1	
321.21	6234.7	
321.42	3974.4	
321.62	3245.3	
321.83	5074.2	
322.04	5487.9	
322.25	3802.4	
322.46	3556.6	
322.66	5618.3	
322.87	5747.3	
323.08	4465.3	
323.29	3521.8	
323.5	6590.4	
323.7	5012.7	
323.91	4880.3	
324.12	4414.1	
324.33	5513.8	
324.53	5821	
324.74	4223.6	
324.95	4455.7	
325.16	4861.9	
325.37	5295.4	
325.57	3562.1	
325.78	3644	
325.99	5537	
326.2	4903.5	
326.4	5283.8	
326.61	3238.5	
326.82	5393.7	
327.03	5650.3	
327.24	5125.4	
327.44	4893.3	
327.65	5711.8	
327.86	4607.2	
328.07	4227	
328.27	3477.5	
328.48	6195.8	
328.69	5032.5	
328.9	5195	
329.1	3904.1	
329.31	5367.7	
329.52	6305	
329.73	3564.1	
329.93	4126	
330.14	5505.6	
330.35	5754.8	
330.56	5982.8	
330.76	4386.7	
330.97	5285.8	
331.18	5695.4	
331.39	4033.8	
331.59	3209.8	
331.8	6092	
332.01	6260.6	
332.22	3725.3	
332.42	4259.1	
332.63	5586.9	
332.84	5160.2	
333.05	3989.4	
333.25	3679.5	
333.46	5308.3	
333.67	5424.4	
333.88	3724.6	
334.08	4202.4	
334.29	7361.8	
334.5	6189	
334.7	3532.1	
334.91	5176.6	
335.12	5039.4	
335.33	5940.5	
335.53	4027.7	
335.74	5954.8	
335.95	5268.7	
336.16	5116.5	
336.36	4053.6	
336.57	4595	
336.78	4965	
336.98	6120	
337.19	4950.6	
337.4	3922.5	
337.61	6606.7	
337.81	4992.3	
338.02	3615.3	
338.23	4770.4	
338.43	6277.7	
338.64	5100.1	
338.85	3568.9	
339.05	4704.9	
339.26	6378.1	
339.47	4914.4	
339.68	3560.1	
339.88	5351.3	
340.09	5681.7	
340.3	5945.3	
340.5	4225	
340.71	3223.5	
340.92	4925.4	
341.13	6270.9	
341.33	3478.8	
341.54	4254.3	
341.75	5688.6	
341.95	5270.1	
342.16	4005.8	
342.37	4380.6	
342.57	5081	
342.78	5416.9	
342.99	4500.8	
343.19	3233.7	
343.4	5889.3	
343.61	5745.9	
343.81	3794.9	
344.02	3504.1	
344.23	5965.7	
344.43	6386.9	
344.64	4513	
344.85	4423.6	
345.06	5758.9	
345.26	6088.6	
345.47	4156	
345.68	4917.9	
345.88	4805.2	
346.09	5967.1	
346.3	4295.3	
346.5	3194.1	
346.71	5496.7	
346.92	5129.5	
347.12	3272	
347.33	4188.1	
347.54	6019.7	
347.74	6457.2	
347.95	4173.1	
348.16	3046.7	
348.36	5282.4	
348.57	4987.5	
348.78	4065.9	
348.98	4389.5	
349.19	5406	
349.39	4913.8	
349.6	3291.1	
349.81	3638.6	
350.01	5724.1	
350.22	5179.3	
350.43	3932.8	
350.63	4805.9	
350.84	5537.7	
351.05	5223	
351.25	3627	
351.46	3297.9	
351.67	6069.5	
351.87	5135.6	
352.08	3839.9	
352.29	4299.4	
352.49	5898.8	
352.7	5655.8	
352.9	3489.1	
353.11	4373.8	
353.32	6564.4	
353.52	5255.8	
353.73	3442	
353.94	4407.2	
354.14	5771.2	
354.35	5550.7	
354.55	3556	
354.76	3939.6	
354.97	5671.5	
355.17	5489.9	
355.38	3363.4	
355.59	4704.9	
355.79	5145.2	
356	5543.9	
356.2	3951.2	
356.41	3432.4	
356.62	4850.3	
356.82	5372.5	
357.03	4197	
357.24	3790.1	
357.44	5177.9	
357.65	5328.8	
357.85	5070.1	
358.06	3970.3	
358.27	4895.3	
358.47	5150	
358.68	3285.6	
358.88	4193.6	
359.09	5669.5	
359.3	6096.1	
359.5	4893.3	
359.71	4326.7	
359.91	6548	
360.12	5845.6	
360.33	4156	
360.53	4691.2	
360.74	5154.1	
360.94	5197.1	
361.15	4411.3	
361.36	3560.7	
361.56	5952.8	
361.77	5401.2	
361.97	4889.2	
362.18	3813.3	
362.38	5944.6	
362.59	4949.9	
362.8	3475.4	
363	3345.7	
363.21	4777.2	
363.41	5507.7	
363.62	4082.3	
363.83	5175.9	
364.03	5526.1	
364.24	6533.7	
364.44	5190.2	
364.65	5172.5	
364.85	5329.5	
365.06	5185.5	
365.27	3670	
365.47	3707.5	
365.68	6374.6	
365.88	5276.3	
366.09	4120.5	
366.29	3767.6	
366.5	5578	
366.71	6005.3	
366.91	5104.9	
367.12	4268	
367.32	6565.8	
367.53	5885.2	
367.73	4154	
367.94	5155.4	
368.14	5784.1	
368.35	6763.8	
368.56	4169	
368.76	3490.4	
368.97	5915.2	
369.17	7576.8	
369.38	3715	
369.58	3998.3	
369.79	4929.5	
369.99	6223.8	
370.2	5021.6	
370.4	4030.4	
370.61	5624.4	
370.82	6776	
371.02	3919.8	
371.23	3274	
371.43	4788.8	
371.64	6165.1	
371.84	3951.2	
372.05	5213.4	
372.25	7600.7	
372.46	5832.6	
372.66	3948.5	
372.87	3913.7	
373.07	5969.1	
373.28	7566.6	
373.48	4960.2	
373.69	4660.5	
373.9	5405.3	
374.1	5442.1	
374.31	4973.8	
374.51	4482.3	
374.72	6244.9	
374.92	5104.2	
375.13	5059.8	
375.33	4259.8	
375.54	5799.2	
375.74	5178.6	
375.95	4270	
376.15	5578.7	
376.36	5788.9	
376.56	5512.4	
376.77	4342.4	
376.97	4809.3	
377.18	6799.3	
377.38	5841.5	
377.59	5219.6	
377.79	3779.2	
378	5638.7	
378.2	6102.9	
378.41	3887.7	
378.61	3773	
378.82	6165.1	
379.02	5227.1	
379.23	4023.6	
379.43	5198.4	
379.64	6156.9	
379.84	5794.4	
380.05	3843.4	
380.25	3756.7	
380.46	5943.9	
380.66	5464	
380.87	5234.6	
381.07	5631.2	
381.28	6562.4	
381.48	5935	
381.69	3921.2	
381.89	3991.5	
382.1	4829.1	
382.3	6090.7	
382.51	5054.4	
382.71	5910.4	
382.91	5943.2	
383.12	6485.9	
383.32	4318.5	
383.53	4487.8	
383.73	5708.4	
383.94	5565	
384.14	4369	
384.35	3524.6	
384.55	5520	
384.76	5924.8	
384.96	4265.9	
385.17	4656.4	
385.37	5924.8	
385.58	5186.1	
385.78	4577.2	
385.98	3450.1	
386.19	5440.1	
386.39	5748.6	
386.6	3979.9	
386.8	4235.2	
387.01	5934.3	
387.21	5935.7	
387.42	4707.6	
387.62	5311.1	
387.83	5167.7	
388.03	5918.6	
388.23	4271.4	
388.44	5124.7	
388.64	4855.1	
388.85	5027.1	
389.05	4661.2	
389.26	5241.4	
389.46	6886.6	
389.67	6309.1	
389.87	4536.3	
390.07	4701.5	
390.28	5537	
390.48	5093.3	
390.69	3852.9	
390.89	4126.7	
391.1	5236	
391.3	6200.6	
391.5	5387.5	
391.71	6003.3	
391.91	5896.8	
392.12	7086.7	
392.32	5455.1	
392.53	4678.9	
392.73	5324.7	
392.93	5520	
393.14	4302.1	
393.34	5152	
393.55	6056.5	
393.75	5531.6	
393.95	4276.2	
394.16	4219.5	
394.36	5310.4	
394.57	5988.9	
394.77	3803.8	
394.98	4185.4	
395.18	5199.8	
395.38	5303.6	
395.59	5072.8	
395.79	3969.6	
396	5375.2	
396.2	5830.6	
396.4	4832.5	
396.61	4789.5	
396.81	6029.2	
397.02	5299.5	
397.22	5107	
397.42	5164.3	
397.63	6026.5	
397.83	5203.2	
398.04	3923.9	
398.24	4444.8	
398.44	5791	
398.65	4861.2	
398.85	3764.8	
399.05	3916.4	
399.26	5145.9	
399.46	6893.5	
399.67	4271.4	
399.87	4006.5	
400.07	5519.3	
400.28	5966.4	
400.48	4098	
400.69	5182	
400.89	6147.3	
401.09	6587	
401.3	3943	
401.5	5128.1	
401.7	6853.2	
401.91	7025.2	
402.11	4243.4	
402.32	4521.2	
402.52	6163	
402.72	5950	
402.93	4695.3	
403.13	3560.7	
403.33	6946.7	
403.54	5595.1	
403.74	4475.5	
403.94	5321.3	
404.15	5675.6	
404.35	6810.9	
404.56	4259.8	
404.76	6184.2	
404.96	6099.5	
405.17	5905	
405.37	5520	
405.57	4741	
405.78	6083.1	
405.98	5537	
406.18	4233.2	
406.39	5163.6	
406.59	6124.8	
406.79	5788.2	
407	4055.7	
407.2	4302.1	
407.4	6152.1	
407.61	6448.4	
407.81	4155.3	
408.01	6415.6	
408.22	4980.7	
408.42	7155.6	
408.62	5141.8	
408.83	4622.3	
409.03	5618.9	
409.23	5453.7	
409.44	4698	
409.64	4930.1	
409.84	6548.7	
410.05	6367.8	
410.25	4797	
410.45	4540.3	
410.66	5783.5	
410.86	8365.3	
411.06	4896.7	
411.27	4778.6	
411.47	8083.3	
411.67	6035.4	
411.88	5059.2	
412.08	5254.4	
412.28	6622.4	
412.49	7132.4	
412.69	4739	
412.89	4786.1	
413.09	6910.5	
413.3	6796.5	
413.5	4809.3	
413.7	4426.3	
413.91	6001.9	
414.11	6972	
414.31	4631.8	
414.52	5044.8	
414.72	6608.8	
414.92	6445	
415.12	4642.1	
415.33	5124.7	
415.53	6804.7	
415.73	6992.4	
415.94	5573.2	
416.14	4959.5	
416.34	5780.1	
416.55	5494	
416.75	6173.9	
416.95	5603.9	
417.15	6892.8	
417.36	7473	
417.56	6369.2	
417.76	5346.6	
417.97	7174	
418.17	6782.2	
418.37	4962.2	
418.57	4995	
418.78	6607.4	
418.98	6251.8	
419.18	5946.6	
419.38	5876.3	
419.59	6328.2	
419.79	5907	
419.99	4818.9	
420.2	5341.1	
420.4	6823.1	
420.6	7064.8	
420.8	4730.8	
421.01	4668	
421.21	6593.1	
421.41	6736.5	
421.61	5180.7	
421.82	4867.3	
422.02	6149.4	
422.22	7053.9	
422.42	5647.6	
422.63	5350.7	
422.83	6234	
423.03	7447.1	
423.23	5369.8	
423.44	4326	
423.64	6331.6	
423.84	6096.8	
424.04	4709.6	
424.25	4433.2	
424.45	7338.6	
424.65	7182.9	
424.85	4254.3	
425.06	4747.2	
425.26	7247.1	
425.46	6153.5	
425.66	5409.4	
425.87	5070.8	
426.07	6946	
426.27	6891.4	
426.47	5141.8	
426.67	4465.3	
426.88	7311.2	
427.08	6786.3	
427.28	5397.1	
427.48	4433.2	
427.69	5577.3	
427.89	6309.8	
428.09	5346.6	
428.29	4545.8	
428.5	7074.4	
428.7	6509.8	
428.9	4350.6	
429.1	5007.3	
429.3	6452.5	
429.51	6992.4	
429.71	4730.1	
429.91	5508.4	
430.11	6686.6	
430.31	6948.8	
430.52	4967.7	
430.72	5260.5	
430.92	7299.6	
431.12	6681.2	
431.32	4599.1	
431.53	5082.4	
431.73	5613.5	
431.93	7380.9	
432.13	4579.3	
432.33	4420.2	
432.54	6176.7	
432.74	6419.7	
432.94	4320.5	
433.14	5465.3	
433.34	6675.7	
433.55	6128.9	
433.75	5334.3	
433.95	7074.4	
434.15	6455.9	
434.35	6108.4	
434.56	4517.8	
434.76	3978.5	
434.96	6331.6	
435.16	6688	
435.36	4378.6	
435.56	5442.1	
435.77	6053.1	
435.97	6228.6	
436.17	6210.1	
436.37	5477	
436.57	5929.6	
436.78	5838.8	
436.98	7311.9	
437.18	6023.8	
437.38	6671.6	
437.58	6192.4	
437.78	6261.3	
437.99	4813.4	
438.19	6718.7	
438.39	8232.8	
438.59	4733.5	
438.79	4237.9	
438.99	7422.5	
439.2	6264.1	
439.4	4379.2	
439.6	4369.7	
439.8	6512.5	
440	7731.8	
440.2	5385.5	
440.4	5429.8	
440.61	6873	
440.81	7417.1	
441.01	4487.1	
441.21	5406.6	
441.41	7212.3	
441.61	6948.8	
441.81	5638.1	
442.02	6723.5	
442.22	7712.7	
442.42	6901	
442.62	4500.1	
442.82	4599.1	
443.02	7230.7	
443.22	6263.4	
443.43	5011.4	
443.63	4550.6	
443.83	6083.1	
444.03	6231.3	
444.23	5754.1	
444.43	5283.1	
444.63	6392.4	
444.83	7639.6	
445.04	4560.8	
445.24	5941.2	
445.44	6799.9	
445.64	6909.8	
445.84	5393	
446.04	5439.4	
446.24	6194.4	
446.44	7229.3	
446.65	4628.4	
446.85	4952.7	
447.05	6373.3	
447.25	7167.2	
447.45	5121.3	
447.65	4473.4	
447.85	6582.9	
448.05	6163	
448.25	5568.4	
448.46	5335	
448.66	6501.6	
448.86	6199.2	
449.06	4306.9	
449.26	5504.9	
449.46	6864.1	
449.66	5883.1	
449.86	5005.9	
450.06	4935.6	
450.26	6126.2	
450.47	6664.1	
450.67	5276.3	
450.87	5599.1	
451.07	6735.1	
451.27	6493.4	
451.47	4558.1	
451.67	5096	
451.87	6111.1	
452.07	7395.2	
452.27	4809.3	
452.47	4784.7	
452.67	6518.7	
452.88	7121.5	
453.08	4098	
453.28	6269.5	
453.48	7652.6	
453.68	6413.6	
453.88	4647.5	
454.08	4932.9	
454.28	6719.4	
454.48	6440.9	
454.68	5446.2	
454.88	5964.4	
455.08	6929	
455.28	6539.2	
455.48	4513	
455.68	5172.5	
455.89	7333.1	
456.09	6963.1	
456.29	4812.7	
456.49	4816.1	
456.69	7192.5	
456.89	6446.3	
457.09	5346.6	
457.29	5698.1	
457.49	6738.5	
457.69	6873	
457.89	5044.1	
458.09	4534.9	
458.29	6526.2	
458.49	7255.3	
458.69	5484.5	
458.89	4941.1	
459.09	7341.3	
459.29	7473	
459.49	5069.4	
459.69	5861.3	
459.9	6987	
460.1	6384.9	
460.3	4973.8	
460.5	4760.8	
460.7	6897.6	
460.9	6565.1	
461.1	4348.5	
461.3	5603.2	
461.5	7500.3	
461.7	7162.4	
461.9	4670.7	
462.1	5282.4	
462.3	6515.3	
462.5	7202	
462.7	4727.4	
462.9	4820.2	
463.1	8187.1	
463.3	7780.9	
463.5	5012.1	
463.7	5922.7	
463.9	6718.7	
464.1	7065.5	
464.3	5085.1	
464.5	5364.3	
464.7	7329.7	
464.9	6900.3	
465.1	6670.2	
465.3	5699.5	
465.5	7704.5	
465.7	7576.1	
465.9	5986.9	
466.1	5793.7	
466.3	7403.4	
466.5	7215.7	
466.7	6663.4	
466.9	5466	
467.1	7113.3	
467.3	8058.1	
467.5	6501.6	
467.7	5328.8	
467.9	8263.6	
468.1	9185.8	
468.3	6251.8	
468.5	6593.8	
468.7	7089.4	
468.9	7028.6	
469.1	5584.1	
469.3	6280.4	
469.5	9031.5	
469.7	6617	
469.9	6148.7	
470.1	5317.9	
470.3	7055.9	
470.5	7053.2	
470.7	6666.8	
470.9	5436.7	
471.1	6841.6	
471.3	7301.7	
471.5	5199.8	
471.69	7256.6	
471.89	6751.5	
472.09	6293.4	
472.29	6075	
472.49	6507.1	
472.69	6383.5	
472.89	7380.2	
473.09	5063.9	
473.29	5378.6	
473.49	6665.5	
473.69	6863.4	
473.89	6317.3	
474.09	5479	
474.29	8068.3	
474.49	7776.1	
474.69	6277	
474.89	5634	
475.09	6860.7	
475.29	6711.2	
475.49	5105.6	
475.69	5210	
475.88	8535.9	
476.08	7072.3	
476.28	4952	
476.48	5545.2	
476.68	7664.9	
476.88	7508.5	
477.08	5352.7	
477.28	5601.9	
477.48	6955.6	
477.68	7705.8	
477.88	5054.4	
478.08	5474.9	
478.28	8027.4	
478.48	7148.1	
478.67	5479	
478.87	4967.7	
479.07	7688.8	
479.27	7222.5	
479.47	5789.6	
479.67	5640.1	
479.87	7523.6	
480.07	8098.4	
480.27	5023	
480.47	6630	
480.67	7165.2	
480.87	7866.9	
481.06	5289.9	
481.26	6099.5	
481.46	7133.1	
481.66	7079.8	
481.86	5698.8	
482.06	6739.9	
482.26	6783.6	
482.46	7808.2	
482.66	5639.4	
482.86	5222.3	
483.05	7125.6	
483.25	6546	
483.45	8175.5	
483.65	5666.7	
483.85	6737.8	
484.05	7062.1	
484.25	6055.2	
484.45	6520	
484.65	8001.4	
484.84	7958.4	
485.04	5487.2	
485.24	5498.8	
485.44	8176.2	
485.64	6426.5	
485.84	4733.5	
486.04	6174.6	
486.24	6834.8	
486.44	7249.8	
486.63	4739	
486.83	5511.1	
487.03	6704.4	
487.23	6855.9	
487.43	4790.9	
487.63	7320.8	
487.83	6943.3	
488.02	7996	
488.22	5735.7	
488.42	6371.9	
488.62	7838.3	
488.82	6694.8	
489.02	5446.9	
489.22	5488.6	
489.41	7677.2	
489.61	7233.4	
489.81	5128.8	
490.01	5182	
490.21	7550.2	
490.41	8262.2	
490.61	5049.6	
490.8	5181.4	
491	6990.4	
491.2	6375.3	
491.4	5870.2	
491.6	4943.8	
491.8	7143.3	
491.99	7330.4	
492.19	4881	
492.39	5302.2	
492.59	7595.2	
492.79	7696.9	
492.99	6051.1	
493.18	5194.3	
493.38	7702.4	
493.58	8403.5	
493.78	5862	
493.98	5455.8	
494.18	7283.9	
494.37	6800.6	
494.57	5995.8	
494.77	5814.9	
494.97	7483.3	
495.17	7799.3	
495.37	5330.2	
495.56	5756.8	
495.76	7842.4	
495.96	7519.5	
496.16	6689.3	
496.36	5496.1	
496.55	7742.7	
496.75	7184.3	
496.95	5925.5	
497.15	5729.5	
497.35	7680.6	
497.54	7617.1	
497.74	5501.5	
497.94	7299.6	
498.14	8312	
498.34	8111.3	
498.53	5208	
498.73	6013.5	
498.93	6921.5	
499.13	7489.4	
499.33	5734.3	
499.52	6391	
499.72	7451.9	
499.92	7843	
500.12	5417.6	
500.32	5687.9	
500.51	7790.5	
500.71	7479.2	
500.91	6500.3	
501.11	6048.3	
501.31	7714.7	
501.5	8134.5	
501.7	6768.5	
501.9	5668.1	
502.1	7447.8	
502.29	7761.1	
502.49	6201.2	
502.69	6707.8	
502.89	7691.5	
503.09	7645.8	
503.28	5270.1	
503.48	5413.5	
503.68	6907.8	
503.88	6916.7	
504.07	6339.1	
504.27	5924.1	
504.47	7333.8	
504.67	7517.4	
504.86	6305.7	
505.06	5978	
505.26	7055.3	
505.46	8889.5	
505.65	5900.2	
505.85	6150.1	
506.05	6946	
506.25	7522.2	
506.44	5270.1	
506.64	6221	
506.84	6908.5	
507.04	7822.6	
507.23	5421.7	
507.43	6103.6	
507.63	9089.6	
507.83	7187	
508.02	6048.3	
508.22	5669.5	
508.42	9278.7	
508.62	6945.3	
508.81	6008.1	
509.01	6588.3	
509.21	6901.7	
509.4	7101	
509.6	6275.7	
509.8	5479.7	
510	7068.2	
510.19	8697.7	
510.39	5384.8	
510.59	5513.1	
510.79	6896.2	
510.98	8307.2	
511.18	5620.3	
511.38	5672.9	
511.57	7679.9	
511.77	7588.4	
511.97	6432	
512.17	5274.9	
512.36	7701	
512.56	7771.4	
512.76	5464	
512.95	5186.1	
513.15	7849.9	
513.35	6504.3	
513.55	6313.2	
513.74	5416.2	
513.94	7823.9	
514.14	7113.3	
514.33	6397.9	
514.53	6186.2	
514.73	7126.2	
514.92	7294.2	
515.12	5614.8	
515.32	5432.6	
515.51	7354.3	
515.71	7916.1	
515.91	7271	
516.11	5483.8	
516.3	9168.1	
516.5	6905.1	
516.7	6070.9	
516.89	6630.6	
517.09	7076.4	
517.29	6886	
517.48	6415.6	
517.68	5728.2	
517.88	6763.8	
518.07	7377.5	
518.27	6209.4	
518.47	5229.1	
518.66	8066.9	
518.86	6523.5	
519.06	5158.8	
519.25	5556.1	
519.45	6912.6	
519.65	8510	
519.84	6154.8	
520.04	6890.7	
520.24	8793.3	
520.43	7595.2	
520.63	5957.5	
520.83	5712.5	
521.02	6819.7	
521.22	7496.9	
521.42	6229.9	
521.61	6815.6	
521.81	7129	
522.01	7314.7	
522.2	6055.2	
522.4	5852.4	
522.6	7740	
522.79	6445	
522.99	5909.1	
523.18	5162.9	
523.38	7428.7	
523.58	7410.9	
523.77	7164.5	
523.97	5094.7	
524.17	9304.6	
524.36	8439.7	
524.56	6436.1	
524.76	6128.9	
524.95	7314.7	
525.15	6911.2	
525.34	5695.4	
525.54	5844.9	
525.74	7571.3	
525.93	6611.5	
526.13	7045.7	
526.33	5696.8	
526.52	7928.4	
526.72	7360.4	
526.91	7025.9	
527.11	6161	
527.31	7968	
527.5	8367.3	
527.7	6042.2	
527.89	5023	
528.09	6758.3	
528.29	7363.1	
528.48	6553.5	
528.68	6142.5	
528.87	7784.3	
529.07	7884	
529.27	6066.8	
529.46	5478.3	
529.66	7335.1	
529.85	7737.2	
530.05	5309	
530.25	6148	
530.44	8832.2	
530.64	7178.8	
530.83	5789.6	
531.03	6045.6	
531.23	7734.5	
531.42	7600	
531.62	6815.6	
531.81	5937.1	
532.01	7808.9	
532.21	8307.9	
532.4	5581.4	
532.6	5971.2	
532.79	8688.2	
532.99	7864.2	
533.18	5961	
533.38	7019.1	
533.58	7286	
533.77	8072.4	
533.97	5874.9	
534.16	6660.7	
534.36	8226	
534.55	7275.8	
534.75	6878.4	
534.95	5913.9	
535.14	8043.1	
535.34	7284.6	
535.53	5610.8	
535.73	7646.4	
535.92	8700.5	
536.12	7528.3	
536.31	5670.1	
536.51	6963.8	
536.71	7861.5	
536.9	7354.9	
537.1	5877.7	
537.29	5952.8	
537.49	8359.1	
537.68	7233.4	
537.88	6406	
538.07	5576.6	
538.27	7494.9	
538.46	8517.5	
538.66	5519.3	
538.86	5889.3	
539.05	7486.7	
539.25	7916.8	
539.44	6191.7	
539.64	5825.8	
539.83	7355.6	
540.03	8464.9	
540.22	5691.3	
540.42	5835.3	
540.61	7605.5	
540.81	7746.8	
541	6393.8	
541.2	6916.7	
541.39	7175.4	
541.59	7572.7	
541.78	6590.4	
541.98	5731.6	
542.18	6873	
542.37	6812.9	
542.57	6216.3	
542.76	6591	
542.96	7053.2	
543.15	7750.9	
543.35	6212.9	
543.54	5513.8	
543.74	8082.6	
543.93	7571.3	
544.13	6174.6	
544.32	7372	
544.52	7994.6	
544.71	7136.5	
544.91	5297.4	
545.1	6611.5	
545.3	7140.6	
545.49	7803.4	
545.69	5235.3	
545.88	5883.8	
546.08	8785.1	
546.27	8386.4	
546.47	6404.7	
546.66	5662.6	
546.86	8118.1	
547.05	8822.6	
547.24	5956.2	
547.44	5796.4	
547.63	7048.4	
547.83	8230.8	
548.02	6204	
548.22	6402	
548.41	6877.1	
548.61	8263.6	
548.8	5748	
549	5659.9	
549.19	7490.1	
549.39	7872.4	
549.58	5372.5	
549.78	6057.9	
549.97	7920.9	
550.17	7399.3	
550.36	6906.4	
550.55	7972.1	
550.75	7475.1	
550.94	8452.6	
551.14	5747.3	
551.33	6046.3	
551.53	6824.5	
551.72	7792.5	
551.92	6130.3	
552.11	5866.7	
552.31	7785.7	
552.5	7905.8	
552.69	7628.7	
552.89	5458.5	
553.08	7814.4	
553.28	7491.5	
553.47	5849	
553.67	7055.3	
553.86	8568.7	
554.06	6764.4	
554.25	5116.5	
554.44	5663.3	
554.64	9308.7	
554.83	8699.8	
555.03	5698.8	
555.22	6064	
555.42	7927.7	
555.61	7658.7	
555.8	5862	
556	6210.1	
556.19	6866.8	
556.39	8252.6	
556.58	5911.1	
556.78	5921.4	
556.97	7578.8	
557.16	7317.4	
557.36	7165.8	
557.55	5539.1	
557.75	6604	
557.94	8373.5	
558.13	5769.1	
558.33	5481.7	
558.52	8243.8	
558.72	7078.5	
558.91	5583.4	
559.1	5907	
559.3	6806.1	
559.49	6517.3	
559.69	5137	
559.88	6186.9	
560.07	7612.3	
560.27	8055.3	
560.46	6404	
560.66	6563.1	
560.85	7453.9	
561.04	6640.2	
561.24	5567.7	
561.43	5818.3	
561.63	6903	
561.82	7170.6	
562.01	7042.3	
562.21	6125.5	
562.4	7684	
562.59	8612.4	
562.79	5936.4	
562.98	5529.5	
563.18	7559.1	
563.37	9028.8	
563.56	6423.1	
563.76	5446.2	
563.95	6974.7	
564.14	6845.7	
564.34	5874.9	
564.53	5623	
564.73	7553.6	
564.92	7824.6	
565.11	5997.8	
565.31	5341.1	
565.5	8074.5	
565.69	6959.7	
565.89	5607.3	
566.08	5846.3	
566.27	7968	
566.47	8358.4	
566.66	6529.6	
566.85	5079	
567.05	7425.9	
567.24	6765.8	
567.44	5475.6	
567.63	6904.4	
567.82	7808.2	
568.02	7471	
568.21	5511.1	
568.4	5885.9	
568.6	7283.9	
568.79	7296.9	
568.98	5259.2	
569.18	5396.4	
569.37	7258.7	
569.56	9370.1	
569.76	5807.4	
569.95	6815.6	
570.14	7688.1	
570.34	7632.8	
570.53	5332.2	
570.72	5313.1	
570.91	8148.2	
571.11	7198.6	
571.3	5873.6	
571.49	6789.7	
571.69	7353.6	
571.88	6906.4	
572.07	6391.7	
572.27	6295.5	
572.46	6911.2	
572.65	7962.5	
572.85	5560.2	
573.04	6009.4	
573.23	8105.2	
573.43	7418.4	
573.62	5304.9	
573.81	5945.9	
574	7366.5	
574.2	7232.1	
574.39	5625.1	
574.58	5785.5	
574.78	8249.2	
574.97	7448.5	
575.16	6173.9	
575.36	6338.5	
575.55	7791.2	
575.74	7926.3	
575.93	5284.4	
576.13	6333	
576.32	7213.6	
576.51	7787.1	
576.71	5711.1	
576.9	7065.5	
577.09	8077.9	
577.28	7626	
577.48	6227.2	
577.67	5075.5	
577.86	7215	
578.05	7507.2	
578.25	5789.6	
578.44	5919.3	
578.63	7365.9	
578.83	8570.1	
579.02	5308.3	
579.21	6756.2	
579.4	7519.5	
579.6	7140.6	
579.79	5999.2	
579.98	8233.5	
580.17	7922.9	
580.37	7923.6	
580.56	5505.6	
580.75	6217	
580.94	8473.8	
581.14	8265.6	
581.33	6672.3	
581.52	5543.2	
581.71	7790.5	
581.91	8399.4	
582.1	5227.1	
582.29	5897.5	
582.48	7443	
582.68	7329	
582.87	6380.1	
583.06	5976.7	
583.25	7665.5	
583.45	6970.6	
583.64	6597.2	
583.83	7472.4	
584.02	7182.9	
584.21	7634.8	
584.41	6621.1	
584.6	5872.9	
584.79	7344	
584.98	8159.1	
585.18	5329.5	
585.37	5312.4	
585.56	6886	
585.75	7675.1	
585.94	5662	
586.14	6380.1	
586.33	8413.1	
586.52	7364.5	
586.71	6142.5	
586.91	5836.7	
587.1	6781.5	
587.29	7859.4	
587.48	5814.2	
587.67	5708.4	
587.87	7753.6	
588.06	7830.7	
588.25	7105.1	
588.44	6304.3	
588.63	7400.7	
588.83	8008.2	
589.02	5810.1	
589.21	5670.8	
589.4	7193.8	
589.59	7030	
589.78	5016.8	
589.98	5380	
590.17	6786.3	
590.36	7476.5	
590.55	4814.8	
590.74	5674.9	
590.94	8852.7	
591.13	7395.2	
591.32	5408	
591.51	4975.2	
591.7	7877.2	
591.89	7148.1	
592.09	5113.1	
592.28	5474.2	
592.47	6494.8	
592.66	8305.9	
592.85	5074.9	
593.05	5397.8	
593.24	7161.1	
593.43	7873.8	
593.62	5266.7	
593.81	5891.3	
594	7128.3	
594.19	7371.3	
594.39	5283.1	
594.58	5182.7	
594.77	7423.2	
594.96	8014.4	
595.15	5153.4	
595.34	5851	
595.54	7527.7	
595.73	6622.4	
595.92	4590.2	
596.11	5827.8	
596.3	8065.6	
596.49	6773.3	
596.68	5509	
596.88	6062.7	
597.07	7782.3	
597.26	6554.9	
597.45	5101.5	
597.64	6304.3	
597.83	6821.1	
598.02	7469.6	
598.22	5160.9	
598.41	5892.7	
598.6	7287.4	
598.79	6690	
598.98	5201.2	
599.17	6183.5	
599.36	7286	
599.55	8484.7	
599.74	7314	
599.94	7045.7	
600.13	7875.8	
600.32	6681.2	
600.51	4995.7	
600.7	5109.7	
600.89	8540.7	
601.08	8530.5	
601.27	4919.2	
601.47	5847.6	
601.66	7751.6	
601.85	8485.4	
602.04	5583.4	
602.23	5952.8	
602.42	6805.4	
602.61	7552.2	
602.8	5550.7	
602.99	5341.8	
603.18	7235.5	
603.37	7479.2	
603.57	6020.3	
603.76	6574	
603.95	8224	
604.14	7753.6	
604.33	5357.5	
604.52	5739.8	
604.71	7351.5	
604.9	6996.5	
605.09	6257.2	
605.28	6201.9	
605.47	7997.3	
605.66	7731.1	
605.86	5992.4	
606.05	5427.8	
606.24	8010.3	
606.43	6535.8	
606.62	5704.3	
606.81	6576.7	
607	7863.5	
607.19	7110.5	
607.38	5202.5	
607.57	5479.7	
607.76	6959	
607.95	6378.7	
608.14	5875.6	
608.33	6460.7	
608.52	6891.4	
608.72	7845.8	
608.91	5083.1	
609.1	5003.2	
609.29	7066.9	
609.48	6521.4	
609.67	5990.3	
609.86	5072.8	
610.05	6659.3	
610.24	6948.8	
610.43	4942.4	
610.62	4586.8	
610.81	8216.5	
611	7897	
611.19	5144.5	
611.38	5850.4	
611.57	7307.2	
611.76	8678.6	
611.95	4874.2	
612.14	4770.4	
612.33	7149.5	
612.52	6580.8	
612.71	5492	
612.9	4671.4	
613.09	6282.5	
613.28	8719.6	
613.47	5152	
613.66	6197.2	
613.85	7256	
614.04	6694.1	
614.24	5329.5	
614.43	4478.9	
614.62	7381.6	
614.81	7349.5	
615	5890	
615.19	5832.6	
615.38	6721.4	
615.57	6984.3	
615.76	5738.4	
615.95	6589.7	
616.14	7484	
616.33	7037.5	
616.52	5955.5	
616.71	6308.4	
616.9	7430.7	
617.09	7236.2	
617.28	5378.6	
617.47	6664.8	
617.66	6536.4	
617.85	6544.6	
618.04	6318	
618.22	5768.4	
618.41	6765.1	
618.6	7653.3	
618.79	5555.5	
618.98	5240.8	
619.17	7965.2	
619.36	6294.1	
619.55	5352.7	
619.74	5468.1	
619.93	7232.1	
620.12	6608.8	
620.31	5995.1	
620.5	6137.8	
620.69	7816.4	
620.88	8146.1	
621.07	6834.1	
621.26	5842.2	
621.45	7442.3	
621.64	7359	
621.83	6042.2	
622.02	5128.1	
622.21	7523.6	
622.4	7133.1	
622.59	6464.1	
622.78	6214.2	
622.97	6709.1	
623.16	7800.7	
623.35	5853.8	
623.54	5050.3	
623.72	6976.7	
623.91	7139.9	
624.1	6218.3	
624.29	4762.9	
624.48	8241.7	
624.67	7434.1	
624.86	5972.6	
625.05	5134.9	
625.24	8286.8	
625.43	6685.9	
625.62	7827.3	
625.81	5376.6	
626	7793.9	
626.19	6901.7	
626.38	6102.9	
626.56	5438.7	
626.75	6788.3	
626.94	7549.5	
627.13	6086.6	
627.32	4770.4	
627.51	7458	
627.7	8927.1	
627.89	4779.3	
628.08	6070.2	
628.27	6715.3	
628.46	6913.3	
628.65	5162.2	
628.83	4903.5	
629.02	7488.7	
629.21	6789	
629.4	5666.7	
629.59	5918.6	
629.78	6646.3	
629.97	7671	
630.16	6025.1	
630.35	5437.4	
630.54	8047.2	
630.72	7847.8	
630.91	5385.5	
631.1	5961	
631.29	7281.9	
631.48	7482.6	
631.67	6004.6	
631.86	5542.5	
632.05	6854.6	
632.24	6984.3	
632.42	5193	
632.61	5791.7	
632.8	7059.3	
632.99	6630.6	
633.18	5741.1	
633.37	6199.2	
633.56	7299	
633.75	7110.5	
633.93	5769.8	
634.12	5472.9	
634.31	8070.4	
634.5	7756.3	
634.69	5526.1	
634.88	6034	
635.07	7036.8	
635.25	7648.5	
635.44	6520.7	
635.63	6651.1	
635.82	6926.9	
636.01	6393.8	
636.2	6442.2	
636.39	5958.9	
636.57	8085.4	
636.76	7794.6	
636.95	5354.1	
637.14	6800.6	
637.33	7420.5	
637.52	8375.5	
637.7	5076.2	
637.89	6105.7	
638.08	6950.8	
638.27	8510.7	
638.46	6193.1	
638.65	6718	
638.83	8473.8	
639.02	6838.2	
639.21	6171.9	
639.4	6579.4	
639.59	7371.3	
639.78	6932.4	
639.96	5438	
640.15	5425.1	
640.34	7236.2	
640.53	7381.6	
640.72	5137.7	
640.91	5442.8	
641.09	6651.8	
641.28	8029.4	
641.47	5457.8	
641.66	6341.2	
641.85	7400.7	
642.03	7635.5	
642.22	6182.8	
642.41	5588.9	
642.6	6759.7	
642.79	6192.4	
642.97	5357.5	
643.16	6064	
643.35	6797.2	
643.54	6629.3	
643.73	5314.5	
643.91	6186.2	
644.1	6468.9	
644.29	7086.7	
644.48	5446.2	
644.67	5505.6	
644.85	6666.1	
645.04	6961.7	
645.23	5079	
645.42	5301.5	
645.6	6561	
645.79	7744.1	
645.98	5351.3	
646.17	4418.8	
646.36	6355.5	
646.54	6961.7	
646.73	6266.8	
646.92	4986.1	
647.11	6658.6	
647.29	7681.9	
647.48	5162.2	
647.67	4836.6	
647.86	8035.5	
648.05	7991.2	
648.23	5418.9	
648.42	6786.3	
648.61	7395.9	
648.8	6919.4	
648.98	5093.3	
649.17	5412.1	
649.36	6679.8	
649.55	6128.2	
649.73	5186.1	
649.92	6012.8	
650.11	6505	
650.3	6933.7	
650.48	5264	
650.67	5012.1	
650.86	7174.7	
651.05	6096.1	
651.23	5204.6	
651.42	5190.9	
651.61	6554.2	
651.79	6720.8	
651.98	5473.5	
652.17	5023.7	
652.36	7064.8	
652.54	6227.9	
652.73	5011.4	
652.92	4924	
653.11	7174.7	
653.29	7244.3	
653.48	4437.3	
653.67	5405.3	
653.85	6928.3	
654.04	7922.9	
654.23	5700.9	
654.42	5219.6	
654.6	6469.5	
654.79	7150.8	
654.98	4723.3	
655.16	5298.1	
655.35	6150.1	
655.54	6090.7	
655.73	4807.3	
655.91	4775.2	
656.1	7359.7	
656.29	6021.7	
656.47	4370.4	
656.66	6094.8	
656.85	6336.4	
657.03	6354.2	
657.22	4888.5	
657.41	4987.5	
657.59	6425.8	
657.78	6214.9	
657.97	4474.1	
658.16	5290.6	
658.34	7078.5	
658.53	7438.9	
658.72	6236.7	
658.9	6782.2	
659.09	6486.6	
659.28	6559	
659.46	4973.2	
659.65	4964.3	
659.84	6274.3	
660.02	6847.7	
660.21	4796.3	
660.4	4846.2	
660.58	7290.1	
660.77	6648.4	
660.96	5492	
661.14	4490.5	
661.33	7817.8	
661.52	7710.6	
661.7	4383.3	
661.89	8284.7	
662.08	6262	
662.26	5852.4	
662.45	4752	
662.64	4854.4	
662.82	6919.4	
663.01	6163.7	
663.2	4906.3	
663.38	5711.1	
663.57	6892.8	
663.75	6645	
663.94	5264.6	
664.13	6472.3	
664.31	6195.8	
664.5	7027.3	
664.69	5371.1	
664.87	6120.7	
665.06	5977.3	
665.25	6796.5	
665.43	6318	
665.62	6310.5	
665.8	7111.9	
665.99	6331	
666.18	5244.2	
666.36	5392.3	
666.55	7041.6	
666.74	6965.8	
666.92	4806.6	
667.11	6645.7	
667.29	6406	
667.48	7062.8	
667.67	6133	
667.85	5259.9	
668.04	6461.3	
668.22	6445.6	
668.41	5282.4	
668.6	5477.6	
668.78	6221.7	
668.97	6463.4	
669.15	5655.8	
669.34	4665.3	
669.53	6274.3	
669.71	6631.3	
669.9	4800.4	
670.08	5485.1	
670.27	6319.3	
670.46	6863.4	
670.64	5698.1	
670.83	5971.2	
671.01	6120	
671.2	6782.9	
671.38	4844.8	
671.57	4809.3	
671.76	7507.2	
671.94	7991.9	
672.13	4669.4	
672.31	5883.8	
672.5	6965.1	
672.69	6307.1	
672.87	4895.3	
673.06	5154.1	
673.24	6773.3	
673.43	6264.1	
673.61	5711.1	
673.8	5215.5	
673.98	7076.4	
674.17	7152.9	
674.36	5776	
674.54	5627.8	
674.73	6799.9	
674.91	6993.8	
675.1	5368.4	
675.28	4967.7	
675.47	6543.9	
675.65	7068.9	
675.84	5203.9	
676.03	5560.2	
676.21	6322.1	
676.4	5819.6	
676.58	6126.2	
676.77	5792.3	
676.95	7891.5	
677.14	6248.4	
677.32	4933.6	
677.51	4649.6	
677.69	7080.5	
677.88	5948	
678.06	4778.6	
678.25	4871.4	
678.44	6616.3	
678.62	6267.5	
678.81	4616.1	
678.99	5629.9	
679.18	7377.5	
679.36	6918	
679.55	5207.3	
679.73	5857.2	
679.92	6915.3	
680.1	6250.4	
680.29	6437.4	
680.47	5203.9	
680.66	6223.8	
680.84	7092.8	
681.03	4441.4	
681.21	5606.7	
681.4	6300.9	
681.58	6148.7	
681.77	4988.2	
681.95	4901.5	
682.14	7156.3	
682.32	7501.7	
682.51	5857.9	
682.69	4621.6	
682.88	6256.5	
683.06	6945.3	
683.25	5539.8	
683.43	6057.9	
683.62	6463.4	
683.8	6936.5	
683.99	6057.2	
684.17	5367.7	
684.36	7788.4	
684.54	6387.6	
684.73	4537.6	
684.91	4728.1	
685.1	6815.6	
685.28	6209.4	
685.46	5382.1	
685.65	5480.4	
685.83	7036.8	
686.02	6491.4	
686.2	4868.7	
686.39	5055.1	
686.57	6039.5	
686.76	7681.9	
686.94	4909.7	
687.13	5043.5	
687.31	6896.2	
687.5	6358.9	
687.68	4470.7	
687.86	5780.1	
688.05	8080.6	
688.23	5890.6	
688.42	5814.2	
688.6	5016.8	
688.79	6318	
688.97	6342.6	
689.16	5366.4	
689.34	4278.9	
689.52	7077.1	
689.71	7263.5	
689.89	5545.9	
690.08	4861.2	
690.26	6541.2	
690.45	6388.3	
690.63	5806	
690.81	5042.8	
691	6214.9	
691.18	6155.5	
691.37	5132.9	
691.55	7533.8	
691.74	6135.7	
691.92	8314.1	
692.1	5233.2	
692.29	4609.3	
692.47	6399.9	
692.66	5731.6	
692.84	4804.5	
693.02	5517.9	
693.21	5808.7	
693.39	6388.3	
693.58	5586.9	
693.76	4911	
693.94	7535.8	
694.13	7360.4	
694.31	4856.4	
694.5	6016.9	
694.68	6130.3	
694.86	6420.4	
695.05	5245.5	
695.23	5653.8	
695.42	6746	
695.6	9253.4	
695.78	5847	
695.97	4951.3	
696.15	6889.4	
696.34	6247.7	
696.52	4726.7	
696.7	5554.8	
696.89	6580.8	
697.07	6060.6	
697.25	5469.4	
697.44	7081.2	
697.62	6600.6	
697.81	6959.7	
697.99	5160.9	
698.17	5657.2	
698.36	5909.8	
698.54	6590.4	
698.72	5461.2	
698.91	4545.8	
699.09	6185.5	
699.28	6070.2	
699.46	5181.4	
699.64	5090.6	
699.83	6027.9	
700.01	7342.7	
700.19	5787.6	
700.38	4207.9	
700.56	7236.8	
700.74	6079.1	
700.93	4684.4	
701.11	5457.8	
701.29	6711.2	
701.48	7720.8	
701.66	4875.5	
701.84	4907.6	
702.03	6225.1	
702.21	6802	
702.39	4455	
702.58	5033.2	
702.76	6629.3	
702.94	6712.6	
703.13	4406.5	
703.31	6948.1	
703.49	5872.2	
703.68	7012.9	
703.86	4630.5	
704.04	5688.6	
704.23	6434	
704.41	6884.6	
704.59	4775.2	
704.78	6119.3	
704.96	7584.3	
705.14	6904.4	
705.33	4532.8	
705.51	5464.7	
705.69	6253.8	
705.87	7058	
706.06	5716.6	
706.24	4499.4	
706.42	6619	
706.61	6844.3	
706.79	5717.2	
706.97	4607.9	
707.16	5952.1	
707.34	6627.2	
707.52	5738.4	
707.7	4822.3	
707.89	6150.7	
708.07	5879.7	
708.25	5621	
708.44	5806	
708.62	6140.5	
708.8	7292.8	
708.98	5929.6	
709.17	4821.6	
709.35	6451.1	
709.53	6535.8	
709.72	4614.8	
709.9	4783.4	
710.08	6795.8	
710.26	6774	
710.45	6257.9	
710.63	4998.4	
710.81	6477.7	
710.99	6533.7	
711.18	5602.6	
711.36	5102.2	
711.54	6306.4	
711.72	7066.9	
711.91	5117.9	
712.09	4550.6	
712.27	6452.5	
712.45	7118.1	
712.64	5449.6	
712.82	4382	
713	5907	
713.18	6096.1	
713.37	4506.2	
713.55	5812.8	
713.73	6989.7	
713.91	5551.4	
714.1	4999.1	
714.28	4394.9	
714.46	6700.3	
714.64	5859.9	
714.83	3958	
715.01	4833.2	
715.19	6066.1	
715.37	5464.7	
715.55	4535.6	
715.74	4862.6	
715.92	7083.2	
716.1	5010	
716.28	6057.9	
716.47	5137	
716.65	5683.1	
716.83	5834	
717.01	4930.1	
717.19	5020.9	
717.38	7963.2	
717.56	5507.7	
717.74	5265.3	
717.92	4248.2	
718.1	6724.8	
718.29	5846.3	
718.47	3861.8	
718.65	4535.6	
718.83	6617	
719.01	6434	
719.2	3736.9	
719.38	4818.9	
719.56	6206.7	
719.74	7824.6	
719.92	4346.5	
720.11	5470.1	
720.29	6229.2	
720.47	5327.4	
720.65	3953.9	
720.83	4848.2	
721.02	5714.5	
721.2	5483.8	
721.38	5012.1	
721.56	4158.7	
721.74	5015.5	
721.92	5283.1	
722.11	5501.5	
722.29	5184.1	
722.47	6532.3	
722.65	5763.7	
722.83	4257	
723.01	5195.7	
723.2	5741.1	
723.38	6061.3	
723.56	3629.7	
723.74	4876.2	
723.92	5297.4	
724.1	6467.5	
724.29	4145.1	
724.47	5438	
724.65	5298.8	
724.83	5232.6	
725.01	4072	
725.19	4979.3	
725.37	5337	
725.56	5457.2	
725.74	3930.1	
725.92	4205.2	
726.1	5248.9	
726.28	5528.8	
726.46	4617.5	
726.64	4291.9	
726.83	5527.5	
727.01	5777.3	
727.19	3869.3	
727.37	4725.3	
727.55	5664.7	
727.73	6191	
727.91	3900	
728.09	3712.3	
728.28	6223.8	
728.46	6920.8	
728.64	4872.8	
728.82	4827.7	
729	7373.4	
729.18	6518	
729.36	4016.1	
729.54	6369.2	
729.72	7547.4	
729.91	5720.7	
730.09	6016.2	
730.27	4698	
730.45	5672.9	
730.63	6286.6	
730.81	5268.7	
730.99	4261.8	
731.17	6831.3	
731.35	5348.6	
731.53	4829.8	
731.71	4446.8	
731.9	6600.6	
732.08	6809.5	
732.26	4702.1	
732.44	4410.6	
732.62	6837.5	
732.8	6308.4	
732.98	5125.4	
733.16	4156	
733.34	6335.1	
733.52	5104.9	
733.7	4764.3	
733.88	5016.2	
734.07	6183.5	
734.25	5963	
734.43	4125.3	
734.61	5802.6	
734.79	7423.9	
734.97	5780.1	
735.15	4265.2	
735.33	4674.8	
735.51	6152.1	
735.69	5864.7	
735.87	5845.6	
736.05	4921.3	
736.23	5973.9	
736.41	5760.9	
736.59	4622.3	
736.77	4833.9	
736.95	6426.5	
737.13	5887.2	
737.32	4313	
737.5	4577.2	
737.68	7003.4	
737.86	5755.5	
738.04	4143	
738.22	6080.4	
738.4	5578	
738.58	5893.4	
738.76	4870.1	
738.94	3766.2	
739.12	5702.9	
739.3	5582.1	
739.48	5457.8	
739.66	5177.9	
739.84	6003.3	
740.02	5943.9	
740.2	3820.8	
740.38	4230.4	
740.56	6399.2	
740.74	5270.8	
740.92	4933.6	
741.1	4872.8	
741.28	5829.9	
741.46	5670.1	
741.64	4461.2	
741.82	5054.4	
742	5842.9	
742.18	5828.5	
742.36	4678.2	
742.54	4255	
742.72	6447.7	
742.9	5216.9	
743.08	5100.1	
743.26	3906.2	
743.44	6708.5	
743.62	6499.6	
743.8	5251	
743.98	4183.3	
744.16	6201.9	
744.34	5964.4	
744.52	5226.4	
744.7	5102.9	
744.88	6357.6	
745.06	5892.7	
745.24	5259.9	
745.42	5359.5	
745.6	6449.1	
745.78	6227.9	
745.96	4053.6	
746.14	4455.7	
746.32	7283.9	
746.5	6551.5	
746.68	4906.3	
746.86	4504.2	
747.03	6893.5	
747.21	5305.6	
747.39	4945.2	
747.57	4478.2	
747.75	6125.5	
747.93	6570.6	
748.11	4396.3	
748.29	4332.1	
748.47	7772	
748.65	5855.8	
748.83	5143.1	
749.01	4852.3	
749.19	6412.2	
749.37	5453.7	
749.55	4758.1	
749.73	4896	
749.91	5957.5	
750.09	5675.6	
750.26	4832.5	
750.44	4293.2	
750.62	6035.4	
750.8	6059.3	
750.98	4121.2	
751.16	4522.6	
751.34	6065.4	
751.52	5337	
751.7	5370.5	
751.88	4099.4	
752.06	6591.7	
752.24	6375.3	
752.42	4065.2	
752.59	4440.7	
752.77	5963	
752.95	7307.2	
753.13	5195.7	
753.31	4593.6	
753.49	5661.3	
753.67	6183.5	
753.85	4912.4	
754.03	4501.4	
754.21	6446.3	
754.38	6847	
754.56	4715.1	
754.74	3681.6	
754.92	5682.4	
755.1	6494.8	
755.28	3773	
755.46	3782.6	
755.64	7269.6	
755.82	7387	
755.99	4171	
756.17	4289.1	
756.35	4890.5	
756.53	6522.8	
756.71	3181.2	
756.89	4154.6	
757.07	6120.7	
757.25	5163.6	
757.42	4693.3	
757.6	5612.8	
757.78	6135.7	
757.96	5057.8	
758.14	4410	
758.32	3835.2	
758.5	4632.5	
758.67	5492	
758.85	4246.1	
759.03	4308.2	
759.21	5651.7	
759.39	5081.7	
759.57	3717.1	
759.75	4887.8	
759.92	6277	
760.1	5556.8	
760.28	5253.7	
760.46	5599.1	
760.64	5317.9	
760.82	5053.7	
760.99	5236.7	
761.17	4240	
761.35	6148.7	
761.53	5118.6	
761.71	4418.2	
761.89	5121.3	
762.06	6052.4	
762.24	5457.8	
762.42	4369.7	
762.6	4280.3	
762.78	5602.6	
762.96	6193.7	
763.13	4894	
763.31	4559.5	
763.49	6369.9	
763.67	5423.7	
763.85	5343.2	
764.02	5997.8	
764.2	6624.5	
764.38	5786.9	
764.56	4374.5	
764.74	5322.7	
764.91	6757.6	
765.09	5713.2	
765.27	4107.5	
765.45	3934.8	
765.63	6855.9	
765.8	6688.7	
765.98	3551.2	
766.16	3944.4	
766.34	5156.8	
766.52	4997	
766.69	5006.6	
766.87	3820.1	
767.05	5633.3	
767.23	6360.3	
767.41	4109.6	
767.58	4363.5	
767.76	6244.9	
767.94	6384.9	
768.12	4259.1	
768.29	5054.4	
768.47	5734.3	
768.65	6510.5	
768.83	3880.2	
769	5022.3	
769.18	5235.3	
769.36	6047.7	
769.54	4854.4	
769.72	3922.5	
769.89	6331	
770.07	6480.5	
770.25	4277.5	
770.43	5569.8	
770.6	7136.5	
770.78	7608.2	
770.96	4514.4	
771.14	5120.6	
771.31	6295.5	
771.49	5558.9	
771.67	3590.8	
771.85	3914.4	
772.02	4823.6	
772.2	5606	
772.38	4683	
772.55	4105.5	
772.73	5840.8	
772.91	5686.5	
773.09	4508.9	
773.26	4584.7	
773.44	5825.8	
773.62	5560.2	
773.8	4024.9	
773.97	3758.7	
774.15	5945.9	
774.33	5517.2	
774.5	3859.1	
774.68	4308.9	
774.86	6064	
775.04	5530.9	
775.21	4008.6	
775.39	3996.3	
775.57	5807.4	
775.74	6180.8	
775.92	3832.4	
776.1	3786.7	
776.27	5858.6	
776.45	7175.4	
776.63	4001.7	
776.81	3545	
776.98	5479.7	
777.16	6529.6	
777.34	4135.5	
777.51	4506.9	
777.69	5470.1	
777.87	5226.4	
778.04	4173.1	
778.22	4920.6	
778.4	5282.4	
778.57	5944.6	
778.75	3444	
778.93	3774.4	
779.1	5055.8	
779.28	4873.5	
779.46	3532.1	
779.64	3990.8	
779.81	6050.4	
779.99	6974.7	
780.17	4875.5	
780.34	4962.9	
780.52	5580.7	
780.69	5731.6	
780.87	4433.2	
781.05	3924.6	
781.22	5634.6	
781.4	5732.9	
781.58	4045.4	
781.75	3196.9	
781.93	5669.5	
782.11	5084.4	
782.28	5005.9	
782.46	4005.1	
782.64	4931.5	
782.81	5866.7	
782.99	4217.5	
783.17	4149.2	
783.34	5669.5	
783.52	4935.6	
783.69	4397.7	
783.87	5197.1	
784.05	5048.2	
784.22	5060.5	
784.4	5190.2	
784.58	4410	
784.75	6006	
784.93	5079	
785.1	4129.4	
785.28	4745.8	
785.46	5737.7	
785.63	5090.6	
785.81	3997	
785.99	3876.8	
786.16	5187.5	
786.34	5669.5	
786.51	3898	
786.69	4376.5	
786.87	4803.2	
787.04	5245.5	
787.22	3383.9	
787.39	4775.2	
787.57	5070.8	
787.75	6260	
787.92	4954	
788.1	4956.8	
788.27	5084.4	
788.45	4804.5	
788.63	4605.2	
788.8	3287	
788.98	5639.4	
789.15	4755.4	
789.33	3401.7	
789.5	4113.7	
789.68	6021.7	
789.86	6197.2	
790.03	4603.8	
790.21	3999.7	
790.38	6053.1	
790.56	5242.1	
790.73	3834.5	
790.91	3852.9	
791.09	5036.6	
791.26	5930.9	
791.44	4113.7	
791.61	3491.8	
791.79	5090.6	
791.96	5148.6	
792.14	3642	
792.32	3254.2	
792.49	5087.2	
792.67	5255.8	
792.84	3652.2	
793.02	3515.7	
793.19	5573.2	
793.37	6341.9	
793.54	3297.2	
793.72	3599.6	
793.89	6519.4	
794.07	5104.9	
794.25	4265.9	
794.42	3256.3	
794.6	6199.9	
794.77	5846.3	
794.95	4533.5	
795.12	3897.3	
795.3	5057.8	
795.47	5670.1	
795.65	4338.3	
795.82	4203.1	
796	4904.9	
796.17	6919.4	
796.35	3981.3	
796.52	4763.6	
796.7	5637.4	
796.87	5826.5	
797.05	4979.3	
797.22	4917.2	
797.4	5694	
797.57	6783.6	
797.75	4133.5	
797.92	3865.9	
798.1	6012.2	
798.27	5110.4	
798.45	3299.3	
798.62	3586.7	
798.8	5407.3	
798.97	5909.8	
799.15	4502.8	
799.32	4175.8	
799.5	4648.9	
799.67	5477.6	
799.85	4558.8	
800.02	3237.8	
800.2	5006.6	
800.37	5385.5	
800.55	4732.2	
800.72	3911.6	
800.9	5933.6	
801.07	6361.7	
801.25	5258.5	
801.42	4307.6	
801.6	5943.2	
801.77	5641.5	
801.95	3984.7	
802.12	3799.7	
802.29	5621.7	
802.47	5616.9	
802.64	4264.6	
802.82	3205.1	
802.99	5025.7	
803.17	6154.1	
803.34	4186	
803.52	3747.8	
803.69	6746.7	
803.87	4812.7	
804.04	4107.5	
804.21	4197.7	
804.39	6227.2	
804.56	5285.8	
804.74	3510.9	
804.91	4308.9	
805.09	5108.3	
805.26	5203.2	
805.44	3521.1	
805.61	3953.3	
805.78	5750.7	
805.96	5857.2	
806.13	4308.9	
806.31	4706.9	
806.48	4576.5	
806.66	5173.2	
806.83	4323.9	
807	4151.2	
807.18	5042.8	
807.35	5461.2	
807.53	4206.5	
807.7	3343	
807.87	6309.8	
808.05	5191.6	
808.22	4674.1	
808.4	3360	
808.57	5126.1	
808.74	4799.8	
808.92	3885.7	
809.09	4816.8	
809.27	4957.4	
809.44	5665.4	
809.61	3390.8	
809.79	3781.9	
809.96	6322.8	
810.14	5925.5	
810.31	3287	
810.48	4046.8	
810.66	5188.2	
810.83	6033.3	
811.01	3827	
811.18	4599.1	
811.35	5968.5	
811.53	4554.7	
811.7	4707.6	
811.87	4360.8	
812.05	5186.1	
812.22	5067.4	
812.39	3689.1	
812.57	3572.3	
812.74	5152	
812.92	6994.5	
813.09	4003.1	
813.26	4459.1	
813.44	6667.5	
813.61	5091.3	
813.78	3367.5	
813.96	4537.6	
814.13	5123.3	
814.3	4782.7	
814.48	4828.4	
814.65	4060.4	
814.82	6440.2	
815	4917.2	
815.17	4169	
815.34	5042.8	
815.52	5041.4	
815.69	5053	
815.87	4177.2	
816.04	3509.5	
816.21	5137	
816.38	4511	
816.56	3975.1	
816.73	3682.9	
816.9	6507.8	
817.08	5919.3	
817.25	3711.6	
817.42	4739.7	
817.6	4720.6	
817.77	5180	
817.94	4237.2	
818.12	3700	
818.29	4891.9	
818.46	7786.4	
818.64	3911.6	
818.81	3626.3	
818.98	4771.1	
819.16	7146.7	
819.33	4464.6	
819.5	4151.9	
819.67	5535.7	
819.85	6214.9	
820.02	4114.4	
820.19	4358.8	
820.37	5385.5	
820.54	4943.8	
820.71	4221.5	
820.88	5270.1	
821.06	5354.1	
821.23	4861.2	
821.4	4259.1	
821.58	4188.8	
821.75	5920	
821.92	5327.4	
822.09	3381.9	
822.27	3489.1	
822.44	5184.8	
822.61	5040.1	
822.79	3401.7	
822.96	6608.1	
823.13	5651.7	
823.3	4886.5	
823.48	3984	
823.65	3556.6	
823.82	5881.1	
823.99	4715.8	
824.17	5011.4	
824.34	3638.6	
824.51	6892.1	
824.68	5190.9	
824.86	3757.3	
825.03	4251.6	
825.2	5121.3	
825.37	6318.7	
825.55	3734.1	
825.72	4158.1	
825.89	6992.4	
826.06	6399.2	
826.24	4068.6	
826.41	4101.4	
826.58	6270.9	
826.75	5500.8	
826.92	3180.5	
827.1	3592.1	
827.27	8615.8	
827.44	6847	
827.61	3878.9	
827.79	4706.2	
827.96	4861.2	
828.13	5296	
828.3	4024.3	
828.47	3375.7	
828.65	5344.5	
828.82	5319.9	
828.99	5202.5	
829.16	4619.5	
829.34	5757.5	
829.51	5588.2	
829.68	4207.9	
829.85	4415.4	
830.02	6085.2	
830.2	5836	
830.37	3215.3	
830.54	5126.1	
830.71	6630	
830.88	5175.9	
831.05	3327.3	
831.23	3779.2	
831.4	6310.5	
831.57	7149.5	
831.74	3864.5	
831.91	3388.7	
832.09	5381.4	
832.26	5752.7	
832.43	4027.7	
832.6	4498.7	
832.77	5369.1	
832.94	6201.9	
833.12	3138.2	
833.29	3986.7	
833.46	4993.6	
833.63	7357.7	
833.8	4427.7	
833.97	4089.8	
834.15	5814.2	
834.32	5508.4	
834.49	4234.5	
834.66	4292.5	
834.83	5987.6	
835	4868.7	
835.17	3876.1	
835.35	3887	
835.52	5694.7	
835.69	5532.9	
835.86	4048.2	
836.03	3288.4	
836.2	5713.2	
836.37	5338.4	
836.55	4016.1	
836.72	3773.7	
836.89	5289.2	
837.06	5787.6	
837.23	4121.9	
837.4	4504.8	
837.57	6711.2	
837.75	7373.4	
837.92	3671.3	
838.09	3898.6	
838.26	5270.8	
838.43	6072.9	
838.6	4207.9	
838.77	3791.5	
838.94	7012.9	
839.11	6673.6	
839.29	4067.9	
839.46	3114.3	
839.63	5717.9	
839.8	5466.7	
839.97	3887.7	
840.14	3865.9	
840.31	5567.1	
840.48	5800.5	
840.65	3245.3	
840.82	3791.5	
841	5811.5	
841.17	5695.4	
841.34	3558	
841.51	3653.6	
841.68	5646.2	
841.85	5364.3	
842.02	3714.3	
842.19	3074.7	
842.36	5492.7	
842.53	5457.2	
842.7	3568.2	
842.87	4424.3	
843.05	7339.9	
843.22	5428.5	
843.39	3374.4	
843.56	3669.3	
843.73	5168.4	
843.9	5782.1	
844.07	5875.6	
844.24	4864.6	
844.41	8507.9	
844.58	4926.7	
844.75	3435.8	
844.92	3808.5	
845.09	5742.5	
845.26	5773.9	
845.43	3487.7	
845.6	3747.1	
845.77	5831.9	
845.94	5470.8	
846.12	3952.6	
846.29	4227	
846.46	5982.1	
846.63	5740.5	
846.8	3577.8	
846.97	4264.6	
847.14	6240.8	
847.31	5749.3	
847.48	4041.3	
847.65	4425.7	
847.82	6104.3	
847.99	5939.8	
848.16	4805.2	
848.33	4446.1	
848.5	5251.7	
848.67	6304.3	
848.84	3487	
849.01	3707.5	
849.18	5108.3	
849.35	4820.9	
849.52	4470.7	
849.69	3538.2	
849.86	5890	
850.03	6195.8	
850.2	3602.4	
850.37	4408.6	
850.54	6152.1	
850.71	5446.2	
850.88	4234.5	
851.05	3478.8	
851.22	5659.9	
851.39	6343.9	
851.56	3343.7	
851.73	4091.8	
851.9	5009.3	
852.07	6019.7	
852.24	3919.1	
852.41	3581.9	
852.58	5664.7	
852.75	5065.3	
852.92	3986	
853.09	3467.2	
853.26	5317.2	
853.43	6249.7	
853.6	3579.2	
853.77	3039.2	
853.94	6334.4	
854.11	4999.8	
854.28	5269.4	
854.44	3887.7	
854.61	6725.5	
854.78	5894.7	
854.95	3540.3	
855.12	4417.5	
855.29	4560.1	
855.46	6538.5	
855.63	3537.5	
855.8	4964.3	
855.97	5272.8	
856.14	6100.9	
856.31	5040.1	
856.48	3945.8	
856.65	5223	
856.82	5039.4	
856.99	3389.4	
857.16	3847.5	
857.33	7108.5	
857.49	5400.5	
857.66	3804.4	
857.83	4180.6	
858	5325.4	
858.17	5533.6	
858.34	3314.3	
858.51	3568.2	
858.68	6524.8	
858.85	6561	
859.02	4143.7	
859.19	4453	
859.36	5035.3	
859.52	5075.5	
859.69	3566.2	
859.86	4223.6	
860.03	5113.8	
860.2	6369.9	
860.37	3188.7	
860.54	3550.5	
860.71	5990.3	
860.88	6443.6	
861.05	4042	
861.21	4478.9	
861.38	6445.6	
861.55	4902.2	
861.72	3270.6	
861.89	4019.5	
862.06	6041.5	
862.23	6586.3	
862.4	3448.1	
862.56	3784	
862.73	5849.7	
862.9	5538.4	
863.07	4216.8	
863.24	3207.1	
863.41	4941.1	
863.58	5018.9	
863.75	3711.6	
863.91	4123.2	
864.08	6440.2	
864.25	5984.8	
864.42	4504.2	
864.59	4973.2	
864.76	6678.4	
864.93	5091.9	
865.09	3433.8	
865.26	3781.2	
865.43	6288.6	
865.6	6689.3	
865.77	3153.9	
865.94	3510.9	
866.1	6387.6	
866.27	6034.7	
866.44	5369.1	
866.61	3338.2	
866.78	5431.2	
866.95	5887.2	
867.11	3463.8	
867.28	3164.1	
867.45	6072.9	
867.62	5091.3	
867.79	4160.8	
867.96	3477.5	
868.12	5080.3	
868.29	6058.6	
868.46	3054.2	
868.63	4783.4	
868.8	6254.5	
868.97	5969.1	
869.13	3698.6	
869.3	3744.4	
869.47	5859.9	
869.64	6094.8	
869.81	3566.2	
869.97	3609.9	
870.14	5806.7	
870.31	6464.8	
870.48	3439.9	
870.65	4561.5	
870.81	5389.6	
870.98	5291.3	
871.15	4068.6	
871.32	3762.8	
871.48	5821.7	
871.65	6483.9	
871.82	3570.3	
871.99	3908.2	
872.16	6969.9	
872.32	6303.6	
872.49	3635.8	
872.66	3573.7	
872.83	6031.3	
872.99	5245.5	
873.16	4129.4	
873.33	3491.8	
873.5	5569.1	
873.67	5657.2	
873.83	3731.4	
874	4790.2	
874.17	5715.2	
874.34	6892.8	
874.5	4665.3	
874.67	4522.6	
874.84	6445.6	
875.01	5073.5	
875.17	5038.7	
875.34	3569.6	
875.51	5722.7	
875.68	6839.5	
875.84	4328.7	
876.01	5306.3	
876.18	5973.9	
876.34	5856.5	
876.51	3636.5	
876.68	3471.3	
876.85	5431.9	
877.01	6358.9	
877.18	5156.8	
877.35	3525.9	
877.52	5594.4	
877.68	4967	
877.85	3439.2	
878.02	3510.2	
878.18	5467.4	
878.35	5193.6	
878.52	2882.2	
878.69	4003.1	
878.85	6037.4	
879.02	5931.6	
879.19	5094	
879.35	3846.1	
879.52	5951.4	
879.69	6184.2	
879.86	3063.1	
880.02	4017.4	
880.19	5512.4	
880.36	6727.6	
880.52	4083	
880.69	4250.2	
880.86	6027.2	
881.02	6191	
881.19	3914.4	
881.36	3821.5	
881.52	5907	
881.69	5274.9	
881.86	3841.3	
882.02	3747.8	
882.19	6189	
882.36	7312.6	
882.52	3648.1	
882.69	5061.9	
882.86	5771.9	
883.02	5613.5	
883.19	4322.6	
883.36	4104.1	
883.52	6081.1	
883.69	6948.1	
883.86	3663.8	
884.02	3208.5	
884.19	6015.6	
884.36	5544.5	
884.52	4094.6	
884.69	3758	
884.86	5313.8	
885.02	6603.3	
885.19	4029.7	
885.36	4184	
885.52	5555.5	
885.69	5711.8	
885.86	5211.4	
886.02	4585.4	
886.19	5999.2	
886.35	5494	
886.52	3950.5	
886.69	4945.8	
886.85	5071.5	
887.02	6402.6	
887.19	6402.6	
887.35	6402.6	
887.52	6402.6	
887.68	6402.6	
887.85	6402.6	
888.02	6402.6	
888.18	6402.6	
888.35	6402.6	
888.51	6402.6	
888.68	6402.6	
888.85	6402.6	
889.01	6402.6	
889.18	6402.6	
889.35	6402.6	
889.51	6402.6	
889.68	6402.6	
889.84	6402.6	
890.01	6402.6	
890.17	6402.6	
890.34	6402.6	
890.51	6402.6	
890.67	6402.6	
890.84	6402.6	
891	6402.6	
891.17	6402.6	
891.34	6402.6	
891.5	6402.6	
891.67	6402.6	
891.83	6402.6	
892	6402.6	
892.16	6402.6	
892.33	6402.6	
892.5	6402.6	
892.66	6402.6	
892.83	6402.6	
892.99	6402.6	
893.16	6402.6	
893.32	6402.6	
893.49	6402.6	
893.65	6402.6	
893.82	6402.6	
893.99	6402.6	
894.15	6402.6	
894.32	6402.6	
894.48	6402.6	
894.65	6402.6	
894.81	6402.6	
894.98	6402.6	
895.14	6402.6	
895.31	6402.6	
895.47	6402.6	
895.64	6402.6	
895.81	6402.6	
895.97	6402.6	
896.14	6402.6	
896.3	6402.6	
896.47	6402.6	
896.63	6402.6	
896.8	6402.6	
896.96	6402.6	
897.13	6402.6	
897.29	6402.6	
897.46	6402.6	
897.62	6402.6	
897.79	6402.6	
897.95	6402.6	
898.12	6402.6	
898.28	6402.6	
898.45	6402.6	
898.61	6402.6	
898.78	6402.6	
898.94	6402.6	
899.11	6402.6	
899.27	6402.6	
899.44	6402.6	
899.6	6402.6	
899.77	6402.6	
899.93	6402.6	
900.1	6402.6	
900.26	6402.6	
900.43	6402.6	
900.59	6402.6	
900.76	6402.6	
900.92	6402.6	
901.09	6402.6	
901.25	6402.6	
901.42	6402.6	
901.58	6402.6	
901.75	6402.6	
901.91	6402.6	
902.07	6402.6	
902.24	6402.6	
902.4	6402.6	
902.57	6402.6	
902.73	6402.6	
902.9	6402.6	
903.06	6402.6	
903.23	6402.6	
903.39	6402.6	
903.56	6402.6	
903.72	6402.6	
903.88	6402.6	
904.05	6402.6	
904.21	6402.6	
904.38	6402.6	
904.54	6402.6	
904.71	6402.6	
904.87	6402.6	
905.03	6402.6	
905.2	6402.6	
905.36	6402.6	
905.53	6402.6	
905.69	6402.6	
905.86	6402.6	
906.02	6402.6	
906.18	6402.6	
906.35	6402.6	
906.51	6402.6	
906.68	6402.6	
906.84	6402.6	
907.01	6402.6	
907.17	6402.6	
907.33	6402.6	
907.5	6402.6	
907.66	6402.6	
907.83	6402.6	
907.99	6402.6	
908.15	6402.6	
908.32	6402.6	
908.48	6402.6	
908.65	6402.6	
908.81	6402.6	
908.97	6402.6	
909.14	6402.6	
909.3	6402.6	
909.47	6402.6	
909.63	6402.6	
909.79	6402.6	
909.96	6402.6	
910.12	6402.6	
910.28	6402.6	
910.45	6402.6	
910.61	6402.6	
910.78	6402.6	
910.94	6402.6	
911.1	6402.6	
911.27	6402.6	
911.43	6402.6	
911.59	6402.6	
911.76	6402.6	
911.92	6402.6	
912.08	6402.6	
912.25	6402.6	
912.41	6402.6	
912.57	6402.6	
912.74	6402.6	
912.9	6402.6	
913.07	6402.6	
913.23	6402.6	
913.39	6402.6	
913.56	6402.6	
913.72	6402.6	
913.88	6402.6	
914.05	6402.6	
914.21	6402.6	
914.37	6402.6	
914.54	6402.6	
914.7	6402.6	
914.86	6402.6	
915.03	6402.6	
915.19	6402.6	
