Wavelength	Intensities	
nm	a.u.	
179.22	1919.5	
179.44	1909	
179.65	1929.9	
179.86	1888.2	
180.08	1923.7	
180.29	4996.4	
180.51	3527.3	
180.72	5730.9	
180.94	6700.3	
181.15	3282.9	
181.37	3241.3	
181.58	5522	
181.79	5859.2	
182.01	3393.5	
182.22	3647.4	
182.44	5812.8	
182.65	4866	
182.87	4650.3	
183.08	4033.8	
183.29	6092.7	
183.51	5020.9	
183.72	3734.1	
183.94	5470.1	
184.15	5442.8	
184.37	5459.2	
184.58	3265.1	
184.79	4454.3	
185.01	4995	
185.22	5784.8	
185.44	4742.4	
185.65	4016.7	
185.86	5315.8	
186.08	4924.7	
186.29	3170.3	
186.51	3346.4	
186.72	5126.1	
186.94	6018.3	
187.15	3917.8	
187.36	4062.5	
187.58	7847.8	
187.79	5597.8	
188.01	4257	
188.22	6629.3	
188.43	6729.6	
188.65	5785.5	
188.86	3377.1	
189.08	4090.5	
189.29	5222.3	
189.5	5252.4	
189.72	3770.3	
189.93	3858.4	
190.15	6073.6	
190.36	7166.5	
190.57	4153.3	
190.79	4004.5	
191	6122.1	
191.22	6023.8	
191.43	4111	
191.64	3415.3	
191.86	6290	
192.07	6059.9	
192.29	3512.3	
192.5	3788.7	
192.71	6027.2	
192.93	5134.9	
193.14	3730.7	
193.35	3816	
193.57	5223	
193.78	5924.1	
194	2983.9	
194.21	3677.5	
194.42	4973.8	
194.64	5419.6	
194.85	4042.7	
195.07	4784.7	
195.28	5503.6	
195.49	4748.6	
195.71	5076.2	
195.92	3458.3	
196.13	5604.6	
196.35	5791.7	
196.56	5356.8	
196.78	4070	
196.99	7116.7	
197.2	6627.9	
197.42	4702.1	
197.63	4105.5	
197.84	4859.8	
198.06	5664.7	
198.27	3782.6	
198.48	5042.1	
198.7	5174.5	
198.91	5343.8	
199.13	4130.1	
199.34	4167.6	
199.55	5854.5	
199.77	4725.3	
199.98	3607.2	
200.19	4186.7	
200.41	5327.4	
200.62	5021.6	
200.83	4277.5	
201.05	4549.2	
201.26	5307	
201.47	5090.6	
201.69	3625.6	
201.9	3478.1	
202.11	5437.4	
202.33	6479.8	
202.54	3858.4	
202.76	4317.1	
202.97	5554.1	
203.18	5565.7	
203.4	4268.6	
203.61	4219.5	
203.82	5503.6	
204.04	5119.2	
204.25	4160.1	
204.46	4068.6	
204.68	5440.1	
204.89	5669.5	
205.1	4035.2	
205.32	3428.3	
205.53	5902.2	
205.74	6024.4	
205.96	2964.8	
206.17	4209.3	
206.38	5868.1	
206.6	5991	
206.81	4749.9	
207.02	3871.3	
207.24	5720	
207.45	6079.7	
207.66	3941	
207.88	3337.5	
208.09	5671.5	
208.3	5481	
208.52	3622.9	
208.73	3855	
208.94	5459.2	
209.15	6178	
209.37	3908.2	
209.58	4103.4	
209.79	5976.7	
210.01	5240.8	
210.22	3109.5	
210.43	3244	
210.65	5394.3	
210.86	5923.4	
211.07	3943.7	
211.29	3618.1	
211.5	5810.8	
211.71	5403.9	
211.93	3601	
212.14	3619.4	
212.35	5398.4	
212.56	5650.3	
212.78	4142.4	
212.99	3409.2	
213.2	6422.4	
213.42	5237.3	
213.63	3750.5	
213.84	3956.7	
214.06	4848.9	
214.27	4927.4	
214.48	3933.5	
214.69	4143.7	
214.91	6128.2	
215.12	6221.7	
215.33	4198.3	
215.55	4683	
215.76	6744.6	
215.97	5892.7	
216.18	4077.5	
216.4	3959.4	
216.61	5117.2	
216.82	5989.6	
217.04	3571.7	
217.25	3761.4	
217.46	6173.9	
217.67	5847.6	
217.89	3208.5	
218.1	3313.6	
218.31	5581.4	
218.53	5565	
218.74	3801.7	
218.95	3631.7	
219.16	5377.3	
219.38	6375.3	
219.59	3663.8	
219.8	4453	
220.01	7180.9	
220.23	5482.4	
220.44	4794.3	
220.65	3564.8	
220.87	5496.7	
221.08	6120.7	
221.29	3401.7	
221.5	4502.1	
221.72	7507.2	
221.93	5185.5	
222.14	4169.7	
222.35	4925.4	
222.57	5464.7	
222.78	5840.8	
222.99	3884.3	
223.2	4197	
223.42	5827.2	
223.63	5935.7	
223.84	2981.8	
224.05	3018	
224.27	7002	
224.48	6408.8	
224.69	4876.2	
224.9	4168.3	
225.12	5689.9	
225.33	5441.5	
225.54	3272.7	
225.75	3665.2	
225.97	5012.1	
226.18	5286.5	
226.39	4001.7	
226.6	3732.1	
226.82	5242.8	
227.03	5086.5	
227.24	4155.3	
227.45	3354.6	
227.67	5871.5	
227.88	6427.2	
228.09	4555.4	
228.3	4627	
228.52	5905	
228.73	5483.1	
228.94	3785.3	
229.15	3372.3	
229.36	5337.7	
229.58	5270.8	
229.79	3868.6	
230	4514.4	
230.21	6537.8	
230.43	5557.5	
230.64	4055.7	
230.85	4286.4	
231.06	5800.5	
231.28	5892	
231.49	3381.9	
231.7	4041.3	
231.91	5778	
232.12	5447.6	
232.34	3497.9	
232.55	3997	
232.76	6130.9	
232.97	5662	
233.18	3560.7	
233.4	4076.8	
233.61	5707	
233.82	5298.1	
234.03	3783.3	
234.25	3765.5	
234.46	7623.9	
234.67	5485.1	
234.88	4262.5	
235.09	3673.4	
235.31	5814.9	
235.52	5389.6	
235.73	4106.2	
235.94	3458.3	
236.15	5180.7	
236.37	6630.6	
236.58	3617.4	
236.79	3906.8	
237	5790.3	
237.21	4963.6	
237.43	4270	
237.64	3325.9	
237.85	10028	
238.06	5040.1	
238.27	4333.5	
238.48	3452.2	
238.7	5864	
238.91	5317.9	
239.12	3940.3	
239.33	3946.4	
239.54	5012.7	
239.76	5387.5	
239.97	3834.5	
240.18	3950.5	
240.39	6875.7	
240.6	5758.2	
240.82	4126	
241.03	3375.7	
241.24	5477	
241.45	6319.3	
241.66	3603.1	
241.87	4238.6	
242.09	6136.4	
242.3	6567.8	
242.51	4270	
242.72	3938.2	
242.93	5939.8	
243.14	5408	
243.36	4551.3	
243.57	4904.2	
243.78	6380.8	
243.99	5799.2	
244.2	3934.8	
244.41	3569.6	
244.63	4994.3	
244.84	5791.7	
245.05	4240	
245.26	3919.8	
245.47	5732.9	
245.68	6027.9	
245.9	5259.2	
246.11	4164.9	
246.32	5300.1	
246.53	5762.3	
246.74	6419.7	
246.95	3351.8	
247.16	4916.5	
247.38	5474.9	
247.59	3281.5	
247.8	3958	
248.01	5079	
248.22	5410.1	
248.43	3582.6	
248.64	3835.2	
248.86	4820.9	
249.07	5191.6	
249.28	3416.7	
249.49	4008.6	
249.7	6028.5	
249.91	6219.7	
250.12	3295.2	
250.34	3368.9	
250.55	5627.1	
250.76	5435.3	
250.97	4068.6	
251.18	4109.6	
251.39	6189.6	
251.6	5633.3	
251.81	4216.1	
252.03	4153.3	
252.24	5222.3	
252.45	5974.6	
252.66	3426.3	
252.87	4424.3	
253.08	5502.2	
253.29	7195.9	
253.5	3435.8	
253.72	4772.4	
253.93	5293.3	
254.14	6509.1	
254.35	3726.6	
254.56	3852.2	
254.77	5749.3	
254.98	5063.9	
255.19	3729.4	
255.41	4862.6	
255.62	5563	
255.83	6173.9	
256.04	4195.6	
256.25	4105.5	
256.46	6542.6	
256.67	5096.7	
256.88	4040.6	
257.09	4565.6	
257.31	5054.4	
257.52	5115.8	
257.73	5073.5	
257.94	3759.4	
258.15	5309	
258.36	5509	
258.57	4741.7	
258.78	2972.3	
258.99	5917.9	
259.2	5296	
259.41	3780.6	
259.63	3880.9	
259.84	6294.1	
260.05	6757.6	
260.26	4952	
260.47	3619.4	
260.68	6049	
260.89	5384.8	
261.1	4558.8	
261.31	3591.5	
261.52	6103.6	
261.73	6438.8	
261.95	4874.8	
262.16	4292.5	
262.37	6184.9	
262.58	6293.4	
262.79	4812.7	
263	3867.9	
263.21	5469.4	
263.42	4981.3	
263.63	3885	
263.84	3775.1	
264.05	5999.2	
264.26	6425.2	
264.47	4808.6	
264.69	4071.4	
264.9	6173.9	
265.11	5638.7	
265.32	3654.9	
265.53	3738.2	
265.74	5614.2	
265.95	4840.7	
266.16	4024.3	
266.37	4418.8	
266.58	5584.8	
266.79	5274.2	
267	3675.4	
267.21	3423.5	
267.42	5048.2	
267.63	5467.4	
267.84	3935.5	
268.06	3289	
268.27	5928.9	
268.48	6213.5	
268.69	3818.8	
268.9	4533.5	
269.11	6141.9	
269.32	4912.4	
269.53	3961.5	
269.74	3682.9	
269.95	5829.2	
270.16	4806.6	
270.37	4023.6	
270.58	4584.7	
270.79	5284.4	
271	5917.9	
271.21	4261.8	
271.42	3947.8	
271.63	5616.2	
271.84	5114.5	
272.05	3141.6	
272.26	3575.1	
272.47	5485.8	
272.68	5737.7	
272.89	3775.1	
273.11	4403.1	
273.32	5240.8	
273.53	6461.3	
273.74	4305.5	
273.95	4163.5	
274.16	6120.7	
274.37	5477	
274.58	4311	
274.79	3480.2	
275	5578	
275.21	6155.5	
275.42	5213.4	
275.63	4431.8	
275.84	5738.4	
276.05	7197.2	
276.26	4138.3	
276.47	3908.9	
276.68	5284.4	
276.89	6482.5	
277.1	4457.7	
277.31	3432.4	
277.52	5756.2	
277.73	5898.1	
277.94	3421.5	
278.15	3846.1	
278.36	5672.9	
278.57	5076.2	
278.78	3809.2	
278.99	4319.2	
279.2	5042.8	
279.41	5032.5	
279.62	5016.8	
279.83	3480.2	
280.04	6778.8	
280.25	4982	
280.46	4943.8	
280.67	3917.8	
280.88	5096.7	
281.09	6135.7	
281.3	4162.8	
281.51	5281.7	
281.72	5162.2	
281.93	6017.6	
282.14	3693.9	
282.35	3962.1	
282.56	6012.8	
282.77	6036.7	
282.98	3754.6	
283.19	4698.7	
283.4	7290.8	
283.61	5432.6	
283.82	3441.3	
284.03	4976.6	
284.24	5509.7	
284.45	6124.8	
284.66	4922.6	
284.87	4707.6	
285.08	6096.1	
285.29	6243.6	
285.5	3353.2	
285.71	3885	
285.92	6140.5	
286.12	6756.9	
286.33	4866.7	
286.54	3892.5	
286.75	5933.6	
286.96	5290.6	
287.17	3476.8	
287.38	4790.9	
287.59	5153.4	
287.8	5040.1	
288.01	3895.9	
288.22	4457.7	
288.43	5957.5	
288.64	5057.1	
288.85	4605.9	
289.06	4377.2	
289.27	5926.8	
289.48	6410.1	
289.69	4999.8	
289.9	4464.6	
290.11	6154.1	
290.32	5146.5	
290.53	4724	
290.74	4339	
290.94	5892	
291.15	5999.2	
291.36	3656.3	
291.57	4476.2	
291.78	5156.1	
291.99	4864.6	
292.2	3559.4	
292.41	4343.1	
292.62	6027.2	
292.83	5823.1	
293.04	5373.2	
293.25	3547.8	
293.46	5240.8	
293.67	6046.3	
293.88	3719.8	
294.09	3556	
294.29	5005.2	
294.5	5632.6	
294.71	3963.5	
294.92	3779.9	
295.13	5246.9	
295.34	6576.7	
295.55	3313.6	
295.76	3373	
295.97	5909.8	
296.18	6645.7	
296.39	3490.4	
296.6	3704.1	
296.81	5606	
297.01	5918.6	
297.22	3862.5	
297.43	3665.9	
297.64	5091.9	
297.85	5111	
298.06	3061.7	
298.27	3338.9	
298.48	5554.8	
298.69	5165.7	
298.9	3976.5	
299.11	3636.5	
299.31	4979.3	
299.52	4972.5	
299.73	4276.2	
299.94	4278.2	
300.15	5453.7	
300.36	5096.7	
300.57	4216.8	
300.78	4222.9	
300.99	5356.1	
301.2	5618.9	
301.4	3659	
301.61	3980.6	
301.82	5829.9	
302.03	5847	
302.24	4552.6	
302.45	3504.1	
302.66	5757.5	
302.87	6276.3	
303.08	3745.7	
303.29	5096	
303.49	5237.3	
303.7	5529.5	
303.91	3284.9	
304.12	4842.1	
304.33	5007.3	
304.54	5615.5	
304.75	3704.1	
304.96	3561.4	
305.16	5748.6	
305.37	6561.7	
305.58	3194.8	
305.79	3336.1	
306	5847.6	
306.21	4872.8	
306.42	3687.7	
306.63	5678.3	
306.83	5352.7	
307.04	6100.2	
307.25	4087.7	
307.46	4058.4	
307.67	4691.9	
307.88	5945.3	
308.09	3676.1	
308.29	3841.3	
308.5	5548.6	
308.71	6067.4	
308.92	3960.1	
309.13	3563.5	
309.34	5410.7	
309.55	5414.1	
309.75	4632.5	
309.96	4232.5	
310.17	5993	
310.38	5187.5	
310.59	4469.4	
310.8	3513.6	
311.01	6075.6	
311.21	5358.9	
311.42	3552.5	
311.63	3625.6	
311.84	5231.2	
312.05	5644.2	
312.26	4109.6	
312.46	4496	
312.67	5324.7	
312.88	4977.9	
313.09	3504.1	
313.3	3475.4	
313.51	6313.2	
313.71	6667.5	
313.92	3575.1	
314.13	3793.5	
314.34	5612.1	
314.55	5429.8	
314.76	4590.2	
314.96	4056.3	
315.17	5536.3	
315.38	5900.9	
315.59	3609.9	
315.8	3429	
316.01	6412.9	
316.21	6437.4	
316.42	3472.7	
316.63	3952.6	
316.84	5323.4	
317.05	6234.7	
317.26	4227.7	
317.46	3827.7	
317.67	5442.1	
317.88	5887.9	
318.09	4624.3	
318.3	3330.7	
318.5	5197.1	
318.71	5773.2	
318.92	5803.3	
319.13	4190.8	
319.34	5991	
319.54	6154.1	
319.75	3314.3	
319.96	3183.2	
320.17	5838.1	
320.38	6010.1	
320.58	3272.7	
320.79	3941	
321	6132.3	
321.21	6248.4	
321.42	3949.2	
321.62	3276.1	
321.83	5060.5	
322.04	5487.2	
322.25	3784.6	
322.46	3594.9	
322.66	5573.9	
322.87	5767.1	
323.08	4469.4	
323.29	3538.2	
323.5	6534.4	
323.7	5038.7	
323.91	4869.4	
324.12	4442.7	
324.33	5557.5	
324.53	5768.4	
324.74	4253.6	
324.95	4429.1	
325.16	4849.6	
325.37	5339.1	
325.57	3605.1	
325.78	3648.8	
325.99	5538.4	
326.2	4946.5	
326.4	5102.9	
326.61	3332.7	
326.82	5453.7	
327.03	5591.6	
327.24	5111.7	
327.44	4873.5	
327.65	5707	
327.86	4635.9	
328.07	4190.8	
328.27	3407.8	
328.48	6190.3	
328.69	5096	
328.9	5196.4	
329.1	3821.5	
329.31	5403.9	
329.52	6365.1	
329.73	3605.1	
329.93	4074.8	
330.14	5477	
330.35	5730.2	
330.56	5991	
330.76	4453	
330.97	5250.3	
331.18	5673.6	
331.39	4039.3	
331.59	3183.9	
331.8	6093.4	
332.01	6183.5	
332.22	3706.8	
332.42	4244.8	
332.63	5640.8	
332.84	5181.4	
333.05	4016.7	
333.25	3652.2	
333.46	5233.2	
333.67	5532.2	
333.88	3701.4	
334.08	4149.2	
334.29	7372	
334.5	6168.5	
334.7	3511.6	
334.91	5147.9	
335.12	5006.6	
335.33	5941.2	
335.53	4001.7	
335.74	5957.5	
335.95	5255.1	
336.16	5103.5	
336.36	4004.5	
336.57	4612	
336.78	5017.5	
336.98	6053.8	
337.19	4879.6	
337.4	3913.7	
337.61	6572.6	
337.81	4996.4	
338.02	3652.9	
338.23	4772.4	
338.43	6303.6	
338.64	5132.2	
338.85	3627.6	
339.05	4743.1	
339.26	6303.6	
339.47	4889.9	
339.68	3573	
339.88	5414.8	
340.09	5732.3	
340.3	6001.9	
340.5	4221.5	
340.71	3176.4	
340.92	4958.8	
341.13	6208.8	
341.33	3480.2	
341.54	4237.2	
341.75	5713.2	
341.95	5336.3	
342.16	4062.5	
342.37	4387.4	
342.57	5053.7	
342.78	5418.2	
342.99	4523.3	
343.19	3221.5	
343.4	5905.7	
343.61	5718.6	
343.81	3829	
344.02	3566.2	
344.23	5909.8	
344.43	6382.2	
344.64	4481	
344.85	4378.6	
345.06	5735	
345.26	6132.3	
345.47	4153.3	
345.68	4904.2	
345.88	4801.8	
346.09	5963	
346.3	4272.7	
346.5	3153.9	
346.71	5508.4	
346.92	5177.3	
347.12	3269.2	
347.33	4171.7	
347.54	6053.8	
347.74	6466.8	
347.95	4103.4	
348.16	3093.1	
348.36	5315.2	
348.57	4956.1	
348.78	4078.2	
348.98	4406.5	
349.19	5426.4	
349.39	4901.5	
349.6	3278.8	
349.81	3698.6	
350.01	5793	
350.22	5156.8	
350.43	3993.5	
350.63	4815.5	
350.84	5582.1	
351.05	5281	
351.25	3637.2	
351.46	3255.6	
351.67	6055.2	
351.87	5091.3	
352.08	3888.4	
352.29	4445.5	
352.49	5925.5	
352.7	5668.1	
352.9	3504.1	
353.11	4379.2	
353.32	6604	
353.52	5285.1	
353.73	3461.7	
353.94	4430.4	
354.14	5749.3	
354.35	5611.4	
354.55	3540.9	
354.76	3983.3	
354.97	5698.1	
355.17	5462.6	
355.38	3325.2	
355.59	4729.4	
355.79	5137	
356	5637.4	
356.2	3922.5	
356.41	3398.9	
356.62	4859.1	
356.82	5390.3	
357.03	4204.5	
357.24	3805.8	
357.44	5126.7	
357.65	5340.4	
357.85	5057.8	
358.06	3951.2	
358.27	4867.3	
358.47	5108.3	
358.68	3323.9	
358.88	4245.4	
359.09	5744.6	
359.3	6126.2	
359.5	4922.6	
359.71	4314.4	
359.91	6577.4	
360.12	5905	
360.33	4143	
360.53	4646.8	
360.74	5229.1	
360.94	5162.9	
361.15	4380.6	
361.36	3553.9	
361.56	5992.4	
361.77	5318.6	
361.97	4920.6	
362.18	3775.8	
362.38	5924.1	
362.59	4987.5	
362.8	3502.7	
363	3318.4	
363.21	4810	
363.41	5468.8	
363.62	3957.4	
363.83	5113.8	
364.03	5571.8	
364.24	6594.5	
364.44	5225.1	
364.65	5167.7	
364.85	5312.4	
365.06	5195.7	
365.27	3714.3	
365.47	3699.3	
365.68	6335	
365.88	5229.8	
366.09	4132.8	
366.29	3790.1	
366.5	5547.9	
366.71	6015.6	
366.91	5109	
367.12	4225.6	
367.32	6574.7	
367.53	5833.3	
367.73	4203.8	
367.94	5185.5	
368.14	5777.3	
368.35	6694.1	
368.56	4184.7	
368.76	3523.2	
368.97	5898.8	
369.17	7634.8	
369.38	3647.4	
369.58	3981.9	
369.79	4898.1	
369.99	6229.9	
370.2	4987.5	
370.4	4108.9	
370.61	5534.3	
370.82	6830.7	
371.02	3958.7	
371.23	3232.4	
371.43	4765.6	
371.64	6182.1	
371.84	3945.1	
372.05	5212.1	
372.25	7453.2	
372.46	5864.7	
372.66	3947.8	
372.87	3869.3	
373.07	5942.5	
373.28	7516	
373.48	4923.3	
373.69	4667.3	
373.9	5287.9	
374.1	5412.8	
374.31	4969.1	
374.51	4417.5	
374.72	6204	
374.92	5039.4	
375.13	5021.6	
375.33	4204.5	
375.54	5732.3	
375.74	5138.4	
375.95	4262.5	
376.15	5581.4	
376.36	5733.6	
376.56	5560.9	
376.77	4323.9	
376.97	4802.5	
377.18	6853.9	
377.38	5845.6	
377.59	5115.1	
377.79	3715	
378	5556.1	
378.2	6045.6	
378.41	3849.5	
378.61	3723.9	
378.82	6086.6	
379.02	5179.3	
379.23	3964.9	
379.43	5186.1	
379.64	6186.2	
379.84	5802.6	
380.05	3812	
380.25	3758.7	
380.46	5879	
380.66	5441.5	
380.87	5238.7	
381.07	5612.8	
381.28	6550.8	
381.48	5915.2	
381.69	3846.8	
381.89	3941.7	
382.1	4764.9	
382.3	6013.5	
382.51	5049.6	
382.71	5924.1	
382.91	5907.7	
383.12	6478.4	
383.32	4234.5	
383.53	4459.8	
383.73	5737	
383.94	5502.9	
384.14	4375.8	
384.35	3454.2	
384.55	5466.7	
384.76	5962.3	
384.96	4259.1	
385.17	4588.8	
385.37	5915.2	
385.58	5171.1	
385.78	4682.3	
385.98	3422.8	
386.19	5421.7	
386.39	5775.3	
386.6	3994.9	
386.8	4312.3	
387.01	5881.8	
387.21	5867.4	
387.42	4595.6	
387.62	5284.4	
387.83	5167	
388.03	5827.2	
388.23	4212	
388.44	5132.2	
388.64	4788.2	
388.85	4946.5	
389.05	4662.5	
389.26	5260.5	
389.46	6865.5	
389.67	6323.4	
389.87	4601.8	
390.07	4664.6	
390.28	5481	
390.48	5051	
390.69	3844.7	
390.89	4059.8	
391.1	5225.1	
391.3	6220.4	
391.5	5341.8	
391.71	6003.3	
391.91	5868.8	
392.12	7001.3	
392.32	5446.9	
392.53	4663.9	
392.73	5323.4	
392.93	5544.5	
393.14	4256.4	
393.34	5095.3	
393.55	6082.5	
393.75	5522	
393.95	4347.2	
394.16	4267.3	
394.36	5240.8	
394.57	5984.2	
394.77	3745.1	
394.98	4199.7	
395.18	5171.1	
395.38	5320.6	
395.59	5104.2	
395.79	3965.6	
396	5285.1	
396.2	5791	
396.4	4769.7	
396.61	4746.5	
396.81	5989.6	
397.02	5206.6	
397.22	5031.2	
397.42	5053.7	
397.63	5969.8	
397.83	5113.8	
398.04	3881.6	
398.24	4476.9	
398.44	5743.2	
398.65	4723.3	
398.85	3678.8	
399.05	3878.9	
399.26	5091.9	
399.46	6849.8	
399.67	4243.4	
399.87	3971.7	
400.07	5447.6	
400.28	5859.2	
400.48	4016.1	
400.69	5074.9	
400.89	6043.6	
401.09	6494.8	
401.3	3857	
401.5	5072.1	
401.7	6696.2	
401.91	7019.1	
402.11	4238.6	
402.32	4475.5	
402.52	6100.2	
402.72	6033.3	
402.93	4721.9	
403.13	3538.2	
403.33	6858	
403.54	5573.2	
403.74	4472.1	
403.94	5411.4	
404.15	5723.4	
404.35	6836.1	
404.56	4233.8	
404.76	6136.4	
404.96	5997.1	
405.17	5871.5	
405.37	5485.8	
405.57	4619.5	
405.78	6105	
405.98	5559.6	
406.18	4163.5	
406.39	5149.3	
406.59	6029.9	
406.79	5737.7	
407	3990.8	
407.2	4210.6	
407.4	6091.3	
407.61	6281.1	
407.81	4115.7	
408.01	6618.4	
408.22	4941.7	
408.42	7177.4	
408.62	5063.9	
408.83	4568.3	
409.03	5515.2	
409.23	5365.7	
409.44	4545.1	
409.64	4887.1	
409.84	6468.2	
410.05	6363	
410.25	4688.5	
410.45	4428.4	
410.66	5759.6	
410.86	8354.3	
411.06	4799.1	
411.27	4709.6	
411.47	8056.7	
411.67	5901.6	
411.88	4956.8	
412.08	5243.5	
412.28	6516	
412.49	7112.6	
412.69	4636.6	
412.89	4653.7	
413.09	6850.5	
413.3	6697.5	
413.5	4775.2	
413.7	4357.4	
413.91	5965.1	
414.11	6918	
414.31	4543.1	
414.52	5033.9	
414.72	6511.2	
414.92	6367.8	
415.12	4564.9	
415.33	5127.4	
415.53	6821.1	
415.73	6962.4	
415.94	5541.8	
416.14	4850.3	
416.34	5743.2	
416.55	5368.4	
416.75	6174.6	
416.95	5511.8	
417.15	6739.9	
417.36	7512.6	
417.56	6272.9	
417.76	5277.6	
417.97	7098.3	
418.17	6700.3	
418.37	4843.4	
418.57	4945.2	
418.78	6507.8	
418.98	6219.7	
419.18	5840.8	
419.38	5844.9	
419.59	6331.6	
419.79	5865.4	
419.99	4823	
420.2	5223	
420.4	6810.9	
420.6	7021.1	
420.8	4677.6	
421.01	4579.9	
421.21	6583.5	
421.41	6798.6	
421.61	5105.6	
421.82	4830.5	
422.02	6057.2	
422.22	7079.8	
422.42	5576.6	
422.63	5345.9	
422.83	6255.2	
423.03	7449.1	
423.23	5374.6	
423.44	4291.2	
423.64	6313.9	
423.84	6033.3	
424.04	4757.4	
424.25	4362.2	
424.45	7253.2	
424.65	7218.4	
424.85	4203.8	
425.06	4783.4	
425.26	7225.2	
425.46	6158.9	
425.66	5348.6	
425.87	5011.4	
426.07	7074.4	
426.27	6855.9	
426.47	5139	
426.67	4465.3	
426.88	7430	
427.08	6793.1	
427.28	5324	
427.48	4386.1	
427.69	5650.3	
427.89	6297.5	
428.09	5372.5	
428.29	4476.9	
428.5	7093.5	
428.7	6623.8	
428.9	4291.2	
429.1	4980	
429.3	6374.6	
429.51	6918.7	
429.71	4645.5	
429.91	5469.4	
430.11	6694.1	
430.31	6978.8	
430.52	4920.6	
430.72	5304.2	
430.92	7335.1	
431.12	6703	
431.32	4584.7	
431.53	5099.4	
431.73	5637.4	
431.93	7385	
432.13	4558.8	
432.33	4384.7	
432.54	6102.9	
432.74	6547.4	
432.94	4309.6	
433.14	5408	
433.34	6626.5	
433.55	6093.4	
433.75	5358.9	
433.95	7133.8	
434.15	6395.1	
434.35	6150.7	
434.56	4483.7	
434.76	3974.4	
434.96	6350.1	
435.16	6603.3	
435.36	4343.7	
435.56	5482.4	
435.77	5978.7	
435.97	6153.5	
436.17	6212.2	
436.37	5506.3	
436.57	6010.1	
436.78	5817.6	
436.98	7271.7	
437.18	6086.6	
437.38	6671.6	
437.58	6154.8	
437.78	6257.2	
437.99	4853.7	
438.19	6792.4	
438.39	8283.4	
438.59	4770.4	
438.79	4297.3	
438.99	7532.4	
439.2	6234.7	
439.4	4455	
439.6	4317.1	
439.8	6570.6	
440	7623.2	
440.2	5341.8	
440.4	5431.9	
440.61	6794.5	
440.81	7448.5	
441.01	4478.2	
441.21	5388.9	
441.41	7260	
441.61	6894.1	
441.81	5714.5	
442.02	6853.2	
442.22	7761.8	
442.42	6947.4	
442.62	4548.5	
442.82	4592.9	
443.02	7256	
443.22	6274.3	
443.43	5025	
443.63	4481.6	
443.83	6117.3	
444.03	6118.6	
444.23	5726.8	
444.43	5347.2	
444.63	6479.1	
444.83	7694.9	
445.04	4548.5	
445.24	5871.5	
445.44	6842.3	
445.64	6916.7	
445.84	5553.4	
446.04	5511.1	
446.24	6224.5	
446.44	7240.3	
446.65	4732.2	
446.85	5038	
447.05	6462	
447.25	7172.7	
447.45	5135.6	
447.65	4480.3	
447.85	6475.7	
448.05	6160.3	
448.25	5553.4	
448.46	5419.6	
448.66	6505	
448.86	6251.8	
449.06	4386.7	
449.26	5611.4	
449.46	6936.5	
449.66	5889.3	
449.86	5031.9	
450.06	4973.2	
450.26	6070.2	
450.47	6712.6	
450.67	5401.2	
450.87	5596.4	
451.07	6776	
451.27	6568.5	
451.47	4633.2	
451.67	5129.5	
451.87	6165.1	
452.07	7391.8	
452.27	4799.8	
452.47	4853.7	
452.67	6559.6	
452.88	7200.7	
453.08	4139.6	
453.28	6336.4	
453.48	7794.6	
453.68	6496.2	
453.88	4703.5	
454.08	4940.4	
454.28	6823.1	
454.48	6435.4	
454.68	5448.3	
454.88	6045.6	
455.08	6980.2	
455.28	6653.9	
455.48	4522.6	
455.68	5159.5	
455.89	7401.4	
456.09	7024.5	
456.29	4898.1	
456.49	4893.3	
456.69	7241.6	
456.89	6472.3	
457.09	5436	
457.29	5739.8	
457.49	6804	
457.69	6896.2	
457.89	5182.7	
458.09	4563.6	
458.29	6608.1	
458.49	7219.1	
458.69	5608.7	
458.89	5006.6	
459.09	7474.4	
459.29	7628.7	
459.49	5190.9	
459.69	5990.3	
459.9	7010.9	
460.1	6511.2	
460.3	5115.8	
460.5	4833.2	
460.7	7001.3	
460.9	6796.5	
461.1	4358.1	
461.3	5755.5	
461.5	7547.4	
461.7	7202	
461.9	4845.5	
462.1	5343.8	
462.3	6589.7	
462.5	7318.1	
462.7	4780.6	
462.9	4983.4	
463.1	8331.8	
463.3	7942.7	
463.5	5147.2	
463.7	6031.3	
463.9	6747.4	
464.1	7189.1	
464.3	5204.6	
464.5	5472.2	
464.7	7464.2	
464.9	6956.9	
465.1	6767.2	
465.3	5807.4	
465.5	7892.9	
465.7	7715.4	
465.9	6033.3	
466.1	5939.8	
466.3	7484	
466.5	7404.8	
466.7	6673	
466.9	5610.8	
467.1	7243.7	
467.3	8280.6	
467.5	6670.2	
467.7	5477	
467.9	8452.6	
468.1	9488.2	
468.3	6332.3	
468.5	6688	
468.7	7185.6	
468.9	7214.3	
469.1	5765.7	
469.3	6469.5	
469.5	9213.1	
469.7	6719.4	
469.9	6319.3	
470.1	5530.9	
470.3	7224.6	
470.5	7305.8	
470.7	6836.8	
470.9	5608	
471.1	6945.3	
471.3	7488.1	
471.5	5444.2	
471.69	7481.9	
471.89	6898.9	
472.09	6384.9	
472.29	6229.9	
472.49	6728.9	
472.69	6581.5	
472.89	7531.1	
473.09	5289.2	
473.29	5561.6	
473.49	6795.2	
473.69	7060.7	
473.89	6573.3	
474.09	5657.2	
474.29	8273.8	
474.49	7936.6	
474.69	6481.1	
474.89	5838.1	
475.09	7043.6	
475.29	7021.8	
475.49	5209.3	
475.69	5489.9	
475.88	8674.5	
476.08	7340.6	
476.28	5149.3	
476.48	5720.7	
476.68	7838.9	
476.88	7688.8	
477.08	5554.1	
477.28	5891.3	
477.48	7225.9	
477.68	7931.1	
477.88	5348.6	
478.08	5668.8	
478.28	8131.8	
478.48	7239.6	
478.67	5721.3	
478.87	5147.2	
479.07	7968	
479.27	7460.8	
479.47	5980.1	
479.67	5920.7	
479.87	7788.4	
480.07	8325.7	
480.27	5135.6	
480.47	6789.7	
480.67	7406.8	
480.87	8036.2	
481.06	5405.3	
481.26	6338.5	
481.46	7333.8	
481.66	7208.2	
481.86	5901.6	
482.06	6986.3	
482.26	6984.9	
482.46	8136.6	
482.66	5889.3	
482.86	5457.2	
483.05	7314	
483.25	6765.1	
483.45	8366	
483.65	5874.3	
483.85	6916.7	
484.05	7257.3	
484.25	6325.5	
484.45	6756.9	
484.65	8134.5	
484.84	8122.9	
485.04	5727.5	
485.24	5724.1	
485.44	8473.1	
485.64	6710.5	
485.84	4978.6	
486.04	6516.6	
486.24	7012.9	
486.44	7492.8	
486.63	4937	
486.83	5735	
487.03	6886.6	
487.23	7115.3	
487.43	5095.3	
487.63	7466.2	
487.83	7128.3	
488.02	8308.6	
488.22	6066.8	
488.42	6666.8	
488.62	8148.2	
488.82	6976.1	
489.02	5680.4	
489.22	5747.3	
489.41	7999.4	
489.61	7539.9	
489.81	5464.7	
490.01	5444.9	
490.21	7763.8	
490.41	8524.3	
490.61	5474.9	
490.8	5576.6	
491	7359.7	
491.2	6722.8	
491.4	6249	
491.6	5309.7	
491.8	7351.5	
491.99	7605.5	
492.19	5182.7	
492.39	5544.5	
492.59	7908.6	
492.79	7942.7	
492.99	6352.1	
493.18	5433.3	
493.38	7944.1	
493.58	8662.2	
493.78	6202.6	
493.98	5727.5	
494.18	7630.7	
494.37	7066.9	
494.57	6283.9	
494.77	6210.8	
494.97	7764.5	
495.17	8082	
495.37	5641.5	
495.56	5976.7	
495.76	8178.2	
495.96	7830.1	
496.16	6984.3	
496.36	5868.8	
496.55	8031.5	
496.75	7586.4	
496.95	6232.7	
497.15	6011.5	
497.35	7993.9	
497.54	7999.4	
497.74	5929.6	
497.94	7770.7	
498.14	8705.9	
498.34	8561.9	
498.53	5555.5	
498.73	6417	
498.93	7249.1	
499.13	7892.2	
499.33	6183.5	
499.52	6600.6	
499.72	7801.4	
499.92	8278.6	
500.12	5810.1	
500.32	6141.2	
500.51	8214.4	
500.71	7963.2	
500.91	6973.3	
501.11	6540.5	
501.31	8099	
501.5	8622.6	
501.7	7115.3	
501.9	6188.3	
502.1	7936.6	
502.29	8241.7	
502.49	6611.5	
502.69	7201.3	
502.89	8176.2	
503.09	8124.3	
503.28	5715.2	
503.48	5865.4	
503.68	7376.1	
503.88	7374.1	
504.07	6885.3	
504.27	6313.2	
504.47	7769.3	
504.67	7944.8	
504.86	6741.9	
505.06	6380.8	
505.26	7479.2	
505.46	9381.1	
505.65	6399.9	
505.85	6655.9	
506.05	7430	
506.25	7965.9	
506.44	5622.4	
506.64	6626.5	
506.84	7352.9	
507.04	8390.5	
507.23	5824.4	
507.43	6457.2	
507.63	9390.6	
507.83	7647.8	
508.02	6411.5	
508.22	6064.7	
508.42	9630.9	
508.62	7329	
508.81	6311.2	
509.01	6879.1	
509.21	7299	
509.4	7426.6	
509.6	6429.3	
509.8	5854.5	
510	7430.7	
510.19	8903.9	
510.39	5803.3	
510.59	5841.5	
510.79	7169.9	
510.98	8732.5	
511.18	5942.5	
511.38	6079.1	
511.57	8090.2	
511.77	8027.4	
511.97	6810.9	
512.17	5683.1	
512.36	8205.5	
512.56	8097	
512.76	5801.2	
512.95	5550	
513.15	8247.2	
513.35	6734.4	
513.55	6758.3	
513.74	5902.9	
513.94	8305.9	
514.14	7441	
514.33	6854.6	
514.53	6672.3	
514.73	7531.1	
514.92	7709.2	
515.12	6051.1	
515.32	5862.7	
515.51	7763.2	
515.71	8331.8	
515.91	7651.9	
516.11	5874.3	
516.3	9662.3	
516.5	7350.8	
516.7	6504.3	
516.89	7098.9	
517.09	7593.2	
517.29	7346.1	
517.48	6776.7	
517.68	6245.6	
517.88	7269.6	
518.07	7879.9	
518.27	6754.2	
518.47	5677.7	
518.66	8460.8	
518.86	7056.6	
519.06	5600.5	
519.25	6070.2	
519.45	7447.1	
519.65	9003.6	
519.84	6760.3	
520.04	7391.8	
520.24	9230.9	
520.43	8144.8	
520.63	6437.4	
520.83	6220.4	
521.02	7331	
521.22	8061.5	
521.42	6774.7	
521.61	7342	
521.81	7447.8	
522.01	7688.1	
522.2	6518	
522.4	6274.3	
522.6	8320.2	
522.79	6918	
522.99	6371.2	
523.18	5569.1	
523.38	7922.2	
523.58	7914	
523.77	7600.7	
523.97	5586.2	
524.17	9782.5	
524.36	8913.4	
524.56	7010.9	
524.76	6625.9	
524.95	7770	
525.15	7511.9	
525.34	6366.5	
525.54	6387.6	
525.74	8159.1	
525.93	7219.1	
526.13	7519.5	
526.33	6312.5	
526.52	8506.6	
526.72	7975.5	
526.91	7653.9	
527.11	6832	
527.31	8556.4	
527.5	8995.4	
527.7	6580.8	
527.89	5682.4	
528.09	7382.9	
528.29	7805.5	
528.48	7072.3	
528.68	6657.9	
528.87	8378.9	
529.07	8478.6	
529.27	6617.7	
529.46	6151.4	
529.66	7976.2	
529.85	8497.7	
530.05	5937.7	
530.25	6834.1	
530.44	9443.2	
530.64	7925.6	
530.83	6447.7	
531.03	6627.9	
531.23	8402.8	
531.42	8288.1	
531.62	7405.5	
531.81	6496.2	
532.01	8411	
532.21	8851.3	
532.4	6186.9	
532.6	6569.9	
532.79	9266.4	
532.99	8498.4	
533.18	6593.1	
533.38	7699.7	
533.58	7997.3	
533.77	8854.7	
533.97	6480.5	
534.16	7444.4	
534.36	9010.4	
534.55	7977.5	
534.75	7550.9	
534.95	6543.3	
535.14	8797.4	
535.34	7963.2	
535.53	6359.6	
535.73	8373.5	
535.92	9468.4	
536.12	8203.5	
536.31	6421.1	
536.51	7596.6	
536.71	8587.1	
536.9	8094.3	
537.1	6605.4	
537.29	6695.5	
537.49	9054.1	
537.68	7924.3	
537.88	7122.8	
538.07	6297.5	
538.27	8243.1	
538.46	9249.3	
538.66	6166.4	
538.86	6606.7	
539.05	8234.2	
539.25	8604.2	
539.44	6997.9	
539.64	6516	
539.83	8078.6	
540.03	9138.7	
540.22	6442.2	
540.42	6700.3	
540.61	8436.9	
540.81	8485.4	
541	7137.9	
541.2	7709.9	
541.39	7999.4	
541.59	8276.5	
541.78	7316	
541.98	6459.3	
542.18	7569.3	
542.37	7580.9	
542.57	6873	
542.76	7375.4	
542.96	7703.1	
543.15	8473.1	
543.35	6980.8	
543.54	6204	
543.74	8797.4	
543.93	8243.1	
544.13	6967.2	
544.32	8005.5	
544.52	8578.9	
544.71	7761.8	
544.91	5905	
545.1	7197.9	
545.3	7806.2	
545.49	8587.8	
545.69	5851	
545.88	6573.3	
546.08	9531.2	
546.27	9084.1	
546.47	7155.6	
546.66	6301.6	
546.86	8671.8	
547.05	9400.9	
547.24	6540.5	
547.44	6414.9	
547.63	7704.5	
547.83	8873.8	
548.02	6770.6	
548.22	7107.8	
548.41	7550.2	
548.61	8884.8	
548.8	6447.7	
549	6380.8	
549.19	8146.1	
549.39	8528.4	
549.58	6061.3	
549.78	6684.6	
549.97	8609	
550.17	8148.9	
550.36	7628	
550.55	8652.7	
550.75	8185	
550.94	9121.7	
551.14	6340.5	
551.33	6735.8	
551.53	7419.1	
551.72	8460.8	
551.92	6805.4	
552.11	6511.2	
552.31	8517.5	
552.5	8574.2	
552.69	8309.3	
552.89	6173.9	
553.08	8508.6	
553.28	8190.5	
553.47	6563.7	
553.67	7730.4	
553.86	9233.6	
554.06	7397.3	
554.25	5828.5	
554.44	6405.4	
554.64	10109	
554.83	9588.6	
555.03	6322.8	
555.22	6754.2	
555.42	8801.5	
555.61	8460.8	
555.8	6530.3	
556	6817.7	
556.19	7570.7	
556.39	8728.4	
556.58	6604.7	
556.78	6548.7	
556.97	8327	
557.16	7944.8	
557.36	7940.7	
557.55	6220.4	
557.75	7370	
557.94	9095.7	
558.13	6324.8	
558.33	6047.7	
558.52	8942.1	
558.72	7808.2	
558.91	6269.5	
559.1	6546.7	
559.3	7389.1	
559.49	7156.3	
559.69	5763	
559.88	6878.4	
560.07	8348.2	
560.27	8755.7	
560.46	6965.1	
560.66	7187.7	
560.85	8106.5	
561.04	7332.4	
561.24	6197.8	
561.43	6449.1	
561.63	7572.7	
561.82	7806.9	
562.01	7718.1	
562.21	6759	
562.4	8340.7	
562.59	9376.3	
562.79	6539.2	
562.98	6293.4	
563.18	8159.1	
563.37	9723.1	
563.56	7080.5	
563.76	6151.4	
563.95	7703.8	
564.14	7585.7	
564.34	6453.1	
564.53	6298.9	
564.73	8127	
564.92	8459.5	
565.11	6628.6	
565.31	6058.6	
565.5	8779	
565.69	7671.7	
565.89	6315.3	
566.08	6546	
566.27	8568	
566.47	9093.7	
566.66	7294.2	
566.85	5872.9	
567.05	8211.7	
567.24	7652.6	
567.44	6165.8	
567.63	7648.5	
567.82	8535.3	
568.02	8236.9	
568.21	6159.6	
568.4	6604.7	
568.6	7981.6	
568.79	8026	
568.98	5938.4	
569.18	6036.7	
569.37	7927.7	
569.56	10135	
569.76	6460.7	
569.95	7447.8	
570.14	8393.9	
570.34	8275.8	
570.53	6019.7	
570.72	6056.5	
570.91	8789.2	
571.11	7833.5	
571.3	6425.2	
571.49	7386.3	
571.69	7927.7	
571.88	7454.6	
572.07	6990.4	
572.27	6996.5	
572.46	7364.5	
572.65	8471.8	
572.85	6160.3	
573.04	6583.5	
573.23	8646.5	
573.43	7967.3	
573.62	5913.9	
573.81	6518	
574	7993.2	
574.2	7815	
574.39	6245.6	
574.58	6490	
574.78	8796.7	
574.97	8101.8	
575.16	6878.4	
575.36	7017	
575.55	8374.8	
575.74	8581	
575.93	5894.1	
576.13	7000.6	
576.32	7855.3	
576.51	8436.3	
576.71	6383.5	
576.9	7772.7	
577.09	8725	
577.28	8295.6	
577.48	6924.2	
577.67	5756.8	
577.86	7867.6	
578.05	8213.7	
578.25	6488.6	
578.44	6554.9	
578.63	8061.5	
578.83	9185.1	
579.02	5847.6	
579.21	7421.8	
579.4	8243.1	
579.6	7886	
579.79	6653.9	
579.98	8910	
580.17	8547.5	
580.37	8574.2	
580.56	6094.8	
580.75	6831.3	
580.94	9024	
581.14	8981	
581.33	7428	
581.52	6268.8	
581.71	8484.1	
581.91	9220	
582.1	5939.1	
582.29	6640.2	
582.48	8081.3	
582.68	8013.7	
582.87	7094.2	
583.06	6746	
583.25	8443.8	
583.45	7752.2	
583.64	7437.5	
583.83	8140.7	
584.02	7909.3	
584.21	8471.1	
584.41	7447.1	
584.6	6711.9	
584.79	8108.6	
584.98	9021.3	
585.18	6118.6	
585.37	6153.5	
585.56	7698.3	
585.75	8613.8	
585.94	6367.1	
586.14	7076.4	
586.33	9153.7	
586.52	8172.1	
586.71	6931	
586.91	6666.1	
587.1	7608.2	
587.29	8643.8	
587.48	6637.5	
587.67	6461.3	
587.87	8495.7	
588.06	8604.9	
588.25	7894.9	
588.44	7061.4	
588.63	8176.2	
588.83	8699.1	
589.02	6512.5	
589.21	6395.1	
589.4	7940.7	
589.59	7705.8	
589.78	5603.9	
589.98	5901.6	
590.17	7306.5	
590.36	7922.2	
590.55	5240.8	
590.74	6206	
590.94	9294.4	
591.13	7755	
591.32	5791	
591.51	5388.2	
591.7	8203.5	
591.89	7619.8	
592.09	5464	
592.28	5961	
592.47	6943.3	
592.66	8810.4	
592.85	5428.5	
593.05	5794.4	
593.24	7518.1	
593.43	8315.4	
593.62	5823.7	
593.81	6327.5	
594	7585.7	
594.19	7847.8	
594.39	5680.4	
594.58	5639.4	
594.77	7935.2	
594.96	8637	
595.15	5711.1	
595.34	6406.7	
595.54	8081.3	
595.73	7112.6	
595.92	5085.1	
596.11	6260.6	
596.3	8585.1	
596.49	7078.5	
596.68	5955.5	
596.88	6449.1	
597.07	8243.1	
597.26	6970.6	
597.45	5554.1	
597.64	6797.2	
597.83	7277.8	
598.02	7972.1	
598.22	5729.5	
598.41	6430.6	
598.6	7830.1	
598.79	7245	
598.98	5766.4	
599.17	6726.9	
599.36	7819.8	
599.55	9127.8	
599.74	7869.7	
599.94	7581.6	
600.13	8447.2	
600.32	7172.7	
600.51	5538.4	
600.7	5684.5	
600.89	9111.4	
601.08	9127.8	
601.27	5559.6	
601.47	6483.9	
601.66	8419.2	
601.85	9039.7	
602.04	6188.3	
602.23	6546.7	
602.42	7434.8	
602.61	8124.3	
602.8	6226.5	
602.99	5914.5	
603.18	7831.4	
603.37	8026	
603.57	6641.6	
603.76	7215.7	
603.95	8918.9	
604.14	8387.1	
604.33	6025.8	
604.52	6409.5	
604.71	8013	
604.9	7645.1	
605.09	7090.1	
605.28	6932.4	
605.47	8630.1	
605.66	8336.6	
605.86	6656.6	
606.05	6070.2	
606.24	8677.9	
606.43	7230.7	
606.62	6408.8	
606.81	7210.2	
607	8499.1	
607.19	7837.6	
607.38	5845.6	
607.57	6161	
607.76	7669.6	
607.95	7086	
608.14	6540.5	
608.33	7104.4	
608.52	7672.4	
608.72	8566.7	
608.91	5778.7	
609.1	5743.2	
609.29	7685.3	
609.48	7208.8	
609.67	6717.3	
609.86	5747.3	
610.05	7322.9	
610.24	7740	
610.43	5565.7	
610.62	5292.6	
610.81	8981.7	
611	8636.3	
611.19	5806	
611.38	6517.3	
611.57	8002.8	
611.76	9401.5	
611.95	5621	
612.14	5425.8	
612.33	7824.6	
612.52	7338.6	
612.71	6133.7	
612.9	5299.5	
613.09	6886	
613.28	9303.9	
613.47	5814.9	
613.66	6811.5	
613.85	7890.8	
614.04	7436.9	
614.24	5948.7	
614.43	5152.7	
614.62	8054	
614.81	7991.2	
615	6595.1	
615.19	6505	
615.38	7351.5	
615.57	7713.3	
615.76	6419.7	
615.95	7354.9	
616.14	8175.5	
616.33	7772.7	
616.52	6728.9	
616.71	7005.4	
616.9	8090.2	
617.09	7840.3	
617.28	5974.6	
617.47	7373.4	
617.66	7148.8	
617.85	7262.1	
618.04	6982.2	
618.22	6428.6	
618.41	7475.1	
618.6	8393.9	
618.79	6301.6	
618.98	5907.7	
619.17	8757.8	
619.36	6991.8	
619.55	6137.1	
619.74	6236.7	
619.93	7961.8	
620.12	7365.2	
620.31	6684.6	
620.5	6873.7	
620.69	8502.5	
620.88	9000.8	
621.07	7661.5	
621.26	6604	
621.45	8120.2	
621.64	8197.3	
621.83	6746	
622.02	5906.3	
622.21	8204.8	
622.4	7978.2	
622.59	7258	
622.78	6984.3	
622.97	7496.9	
623.16	8542.1	
623.35	6634.1	
623.54	5737.7	
623.72	7708.6	
623.91	7856	
624.1	6909.2	
624.29	5532.2	
624.48	9003.6	
624.67	8191.2	
624.86	6797.9	
625.05	5796.4	
625.24	9052.7	
625.43	7421.2	
625.62	8551.6	
625.81	6010.1	
626	8484.7	
626.19	7726.3	
626.38	6833.4	
626.56	6221.7	
626.75	7489.4	
626.94	8281.3	
627.13	6765.1	
627.32	5455.1	
627.51	8077.2	
627.7	9650	
627.89	5380.7	
628.08	6681.8	
628.27	7297.6	
628.46	7462.8	
628.65	5834	
628.83	5408.7	
629.02	8006.9	
629.21	7319.4	
629.4	6247	
629.59	6408.1	
629.78	7230	
629.97	8265.6	
630.16	6550.8	
630.35	6008.1	
630.54	8688.2	
630.72	8430.8	
630.91	6006.7	
631.1	6528.9	
631.29	7884.7	
631.48	8119.5	
631.67	6740.5	
631.86	6219.7	
632.05	7483.3	
632.24	7557	
632.42	5790.3	
632.61	6488	
632.8	7644.4	
632.99	7277.1	
633.18	6429.3	
633.37	6825.2	
633.56	7922.9	
633.75	7795.3	
633.93	6485.9	
634.12	6140.5	
634.31	8737.3	
634.5	8440.4	
634.69	6209.4	
634.88	6678.4	
635.07	7692.9	
635.25	8459.5	
635.44	7199.3	
635.63	7240.9	
635.82	7629.4	
636.01	7133.8	
636.2	7028.6	
636.39	6603.3	
636.57	8724.3	
636.76	8458.8	
636.95	5930.2	
637.14	7486	
637.33	8052.6	
637.52	8893.6	
637.7	5802.6	
637.89	6807.4	
638.08	7588.4	
638.27	9170.8	
638.46	6853.9	
638.65	7388.4	
638.83	9096.4	
639.02	7469.6	
639.21	6775.4	
639.4	7359	
639.59	7959.8	
639.78	7712	
639.96	6070.2	
640.15	6038.8	
640.34	7854	
640.53	8075.1	
640.72	5748	
640.91	6188.3	
641.09	7323.5	
641.28	8835.6	
641.47	6130.9	
641.66	7030.7	
641.85	7948.2	
642.03	8333.2	
642.22	6821.8	
642.41	6313.9	
642.6	7458.7	
642.79	6829.3	
642.97	6034.7	
643.16	6781.5	
643.35	7336.5	
643.54	7182.9	
643.73	5909.1	
643.91	6798.6	
644.1	7107.8	
644.29	7648.5	
644.48	6003.3	
644.67	6092.7	
644.85	7370.6	
645.04	7604.1	
645.23	5599.8	
645.42	5865.4	
645.6	7060	
645.79	8357.8	
645.98	5830.6	
646.17	4880.3	
646.36	6778.1	
646.54	7465.5	
646.73	6661.4	
646.92	5432.6	
647.11	7000	
647.29	8124.3	
647.48	5502.2	
647.67	5243.5	
647.86	8401.5	
648.05	8402.1	
648.23	5874.3	
648.42	7189.1	
648.61	7703.8	
648.8	7490.1	
648.98	5539.8	
649.17	5887.2	
649.36	7059.3	
649.55	6499.6	
649.73	5604.6	
649.92	6419	
650.11	7027.3	
650.3	7355.6	
650.48	5749.3	
650.67	5580	
650.86	7651.9	
651.05	6554.2	
651.23	5739.1	
651.42	5573.9	
651.61	7038.2	
651.79	7120.8	
651.98	5973.2	
652.17	5519.3	
652.36	7568.6	
652.54	6613.6	
652.73	5586.2	
652.92	5369.8	
653.11	7623.2	
653.29	7766.6	
653.48	4824.3	
653.67	5976	
653.85	7399.3	
654.04	8439.7	
654.23	6177.4	
654.42	5657.9	
654.6	6866.8	
654.79	7632.8	
654.98	5184.8	
655.16	5670.8	
655.35	6552.1	
655.54	6418.3	
655.73	5207.3	
655.91	5117.9	
656.1	7676.5	
656.29	6387.6	
656.47	4702.8	
656.66	6472.9	
656.85	6701	
657.03	6858.6	
657.22	5296	
657.41	5364.3	
657.59	6858	
657.78	6666.1	
657.97	5063.3	
658.16	5775.3	
658.34	7526.3	
658.53	8023.3	
658.72	6700.3	
658.9	7331.7	
659.09	6978.8	
659.28	7135.1	
659.46	5477	
659.65	5414.8	
659.84	6875.7	
660.02	7290.1	
660.21	5399.1	
660.4	5332.2	
660.58	7818.5	
660.77	7152.9	
660.96	5946.6	
661.14	4975.2	
661.33	8405.5	
661.52	8288.8	
661.7	4948.6	
661.89	8860.9	
662.08	6797.2	
662.26	6383.5	
662.45	5187.5	
662.64	5417.6	
662.82	7468.3	
663.01	6744	
663.2	5453.7	
663.38	6180.1	
663.57	7422.5	
663.75	7271.7	
663.94	5771.2	
664.13	7101.7	
664.31	6735.8	
664.5	7617.1	
664.69	5970.5	
664.87	6627.2	
665.06	6550.1	
665.25	7356.3	
665.43	6840.9	
665.62	6896.2	
665.8	7699.7	
665.99	6937.2	
666.18	5779.4	
666.36	5864.7	
666.55	7630.7	
666.74	7458.7	
666.92	5343.8	
667.11	7112.6	
667.29	6976.7	
667.48	7635.5	
667.67	6719.4	
667.85	5843.5	
668.04	6958.3	
668.22	7032.7	
668.41	5892	
668.6	5979.4	
668.78	6765.1	
668.97	6969.9	
669.15	6220.4	
669.34	5099.4	
669.53	6745.3	
669.71	7128.3	
669.9	5369.1	
670.08	6019	
670.27	6828.6	
670.46	7439.6	
670.64	6302.3	
670.83	6503.7	
671.01	6699.6	
671.2	7406.8	
671.38	5463.3	
671.57	5332.9	
671.76	7914.7	
671.94	8530.5	
672.13	5241.4	
672.31	6425.8	
672.5	7492.8	
672.69	6803.4	
672.87	5421.7	
673.06	5791	
673.24	7400	
673.43	6843.6	
673.61	6233.3	
673.8	5737.7	
673.98	7493.5	
674.17	7688.8	
674.36	6343.2	
674.54	6208.1	
674.73	7272.3	
674.91	7504.4	
675.1	5875.6	
675.28	5509.7	
675.47	7049.1	
675.65	7691.5	
675.84	5730.9	
676.03	6107	
676.21	6794.5	
676.4	6283.2	
676.58	6615.6	
676.77	6358.9	
676.95	8370.7	
677.14	6785.6	
677.32	5502.9	
677.51	5194.3	
677.69	7608.9	
677.88	6431.3	
678.06	5263.3	
678.25	5408	
678.44	7133.1	
678.62	6782.2	
678.81	5115.8	
678.99	6091.3	
679.18	7924.3	
679.36	7426.6	
679.55	5707.7	
679.73	6300.2	
679.92	7444.4	
680.1	6776.7	
680.29	7032	
680.47	5677	
680.66	6708.5	
680.84	7644.4	
681.03	4916.5	
681.21	6136.4	
681.4	6801.3	
681.58	6618.4	
681.77	5464	
681.95	5392.3	
682.14	7638.9	
682.32	7988.4	
682.51	6366.5	
682.69	5172.5	
682.88	6722.1	
683.06	7427.3	
683.25	6033.3	
683.43	6526.2	
683.62	7007.5	
683.8	7397.9	
683.99	6623.1	
684.17	5846.3	
684.36	8307.2	
684.54	6918.7	
684.73	5048.2	
684.91	5355.4	
685.1	7275.8	
685.28	6595.8	
685.46	5801.9	
685.65	5829.2	
685.83	7390.4	
686.02	6687.3	
686.2	5204.6	
686.39	5233.9	
686.57	6228.6	
686.76	7931.8	
686.94	5156.8	
687.13	5378.6	
687.31	7129	
687.5	6774	
687.68	4818.2	
687.86	6143.9	
688.05	8449.9	
688.23	6156.2	
688.42	6137.1	
688.6	5253	
688.79	6581.5	
688.97	6602.7	
689.16	5729.5	
689.34	4539	
689.52	7357	
689.71	7593.9	
689.89	5963	
690.08	5227.8	
690.26	6865.5	
690.45	6705.7	
690.63	6102.3	
690.81	5393	
691	6575.3	
691.18	6503.7	
691.37	5537	
691.55	7791.2	
691.74	6421.1	
691.92	8629.5	
692.1	5546.6	
692.29	4841.4	
692.47	6596.5	
692.66	5937.7	
692.84	5098.1	
693.02	5787.6	
693.21	6049.7	
693.39	6595.8	
693.58	5809.4	
693.76	5143.8	
693.94	7793.2	
694.13	7600.7	
694.31	5162.2	
694.5	6234.7	
694.68	6425.8	
694.86	6830.7	
695.05	5596.4	
695.23	6011.5	
695.42	7285.3	
695.6	9682.8	
695.78	6303	
695.97	5369.1	
696.15	7272.3	
696.34	6602.7	
696.52	5078.3	
696.7	5947.3	
696.89	7032	
697.07	6380.1	
697.25	5784.8	
697.44	7434.1	
697.62	6909.8	
697.81	7319.4	
697.99	5451.7	
698.17	5984.8	
698.36	6216.3	
698.54	6923.5	
698.72	5855.1	
698.91	4759.5	
699.09	6440.9	
699.28	6368.5	
699.46	5520	
699.64	5299.5	
699.83	6281.8	
700.01	7626	
700.19	6122.7	
700.38	4502.1	
700.56	7556.3	
700.74	6307.1	
700.93	4945.2	
701.11	5838.1	
701.29	6955.6	
701.48	8071	
701.66	5161.6	
701.84	5268.1	
702.03	6540.5	
702.21	7191.1	
702.39	4770.4	
702.58	5371.1	
702.76	6934.4	
702.94	7115.3	
703.13	4731.5	
703.31	7286.7	
703.49	6216.3	
703.68	7164.5	
703.86	4937.7	
704.04	6029.2	
704.23	6758.3	
704.41	7110.5	
704.59	5149.3	
704.78	6442.9	
704.96	7875.8	
705.14	7275.1	
705.33	4909.7	
705.51	5724.8	
705.69	6670.9	
705.87	7684.7	
706.06	7014.3	
706.24	4872.1	
706.42	6973.3	
706.61	7174.7	
706.79	6165.1	
706.97	4863.2	
707.16	6348	
707.34	7072.3	
707.52	6112.5	
707.7	5183.4	
707.89	6565.1	
708.07	6219	
708.25	6011.5	
708.44	6192.4	
708.62	6473.6	
708.8	7636.2	
708.98	6340.5	
709.17	5247.6	
709.35	6888.7	
709.53	7010.2	
709.72	4947.2	
709.9	5180	
710.08	7156.3	
710.26	7243.7	
710.45	6636.1	
710.63	5318.6	
710.81	6838.9	
710.99	6890	
711.18	5971.2	
711.36	5458.5	
711.54	6644.3	
711.72	7376.8	
711.91	5519.3	
712.09	4932.9	
712.27	6803.4	
712.45	7994.6	
712.64	5727.5	
712.82	4631.8	
713	6221.7	
713.18	6424.5	
713.37	4833.9	
713.55	6120.7	
713.73	7333.1	
713.91	5920.7	
714.1	5259.2	
714.28	4737.6	
714.46	6983.6	
714.64	6044.2	
714.83	4112.3	
715.01	4960.2	
715.19	6242.9	
715.37	5563	
715.55	4661.9	
715.74	4909.7	
715.92	7183.6	
716.1	5107.6	
716.28	6135	
716.47	5134.3	
716.65	5782.8	
716.83	5949.3	
717.01	4988.9	
717.19	5091.9	
717.38	8073.1	
717.56	5578.7	
717.74	5251	
717.92	4354	
718.1	6723.5	
718.29	6003.3	
718.47	3881.6	
718.65	4601.1	
718.83	6722.1	
719.01	6561.7	
719.2	3762.1	
719.38	4957.4	
719.56	6310.5	
719.74	8025.3	
719.92	4502.1	
720.11	5657.9	
720.29	6421.1	
720.47	5575.9	
720.65	4177.2	
720.83	4967	
721.02	5928.2	
721.2	5655.8	
721.38	5070.1	
721.56	4308.2	
721.74	5073.5	
721.92	5308.3	
722.11	5625.8	
722.29	5280.3	
722.47	6605.4	
722.65	5741.1	
722.83	4306.2	
723.01	5367.7	
723.2	5812.8	
723.38	6124.1	
723.56	3740.3	
723.74	4935.6	
723.92	5309	
724.1	6516	
724.29	4318.5	
724.47	5444.2	
724.65	5424.4	
724.83	5346.6	
725.01	4105.5	
725.19	5073.5	
725.37	5460.6	
725.56	5481.7	
725.74	4012.7	
725.92	4184	
726.1	5371.8	
726.28	5699.5	
726.46	4749.2	
726.64	4431.8	
726.83	5647.6	
727.01	5917.3	
727.19	3953.3	
727.37	4786.8	
727.55	5795.1	
727.73	6378.1	
727.91	3925.3	
728.09	3824.9	
728.28	6279.8	
728.46	7011.6	
728.64	4916.5	
728.82	4911	
729	7420.5	
729.18	6610.2	
729.36	4067.9	
729.54	6535.8	
729.72	7725.6	
729.91	5917.9	
730.09	6091.3	
730.27	4774.5	
730.45	5801.9	
730.63	6539.2	
730.81	5486.5	
730.99	4453.6	
731.17	7015	
731.35	5584.1	
731.53	5067.4	
731.71	4590.9	
731.9	6764.4	
732.08	6912.6	
732.26	4756.1	
732.44	4499.4	
732.62	6911.2	
732.8	6537.8	
732.98	5297.4	
733.16	4232.5	
733.34	6450.4	
733.52	5166.3	
733.7	4794.3	
733.88	5113.1	
734.07	6310.5	
734.25	6075	
734.43	4280.9	
734.61	5976.7	
734.79	7600.7	
734.97	5936.4	
735.15	4364.2	
735.33	4777.9	
735.51	6326.2	
735.69	5960.3	
735.87	6200.6	
736.05	5012.7	
736.23	6184.9	
736.41	5888.6	
736.59	4867.3	
736.77	5003.2	
736.95	6702.3	
737.13	5985.5	
737.32	4536.9	
737.5	4703.5	
737.68	7163.8	
737.86	5920	
738.04	4311.7	
738.22	6313.2	
738.4	5770.5	
738.58	6010.8	
738.76	5021.6	
738.94	3884.3	
739.12	5811.5	
739.3	5720.7	
739.48	5552	
739.66	5350.7	
739.84	6150.7	
740.02	6118	
740.2	3949.8	
740.38	4411.3	
740.56	6573.3	
740.74	5354.1	
740.92	5042.1	
741.1	5001.1	
741.28	5975.3	
741.46	5799.2	
741.64	4607.2	
741.82	5174.5	
742	6022.4	
742.18	5992.4	
742.36	4847.5	
742.54	4388.8	
742.72	6591	
742.9	5281.7	
743.08	5268.7	
743.26	3996.3	
743.44	6819.1	
743.62	6634.1	
743.8	5441.5	
743.98	4422.9	
744.16	6328.2	
744.34	6019	
744.52	5347.2	
744.7	5279.7	
744.88	6483.2	
745.06	5981.4	
745.24	5323.4	
745.42	5509.7	
745.6	6603.3	
745.78	6313.2	
745.96	4076.1	
746.14	4471.4	
746.32	7421.2	
746.5	6645	
746.68	5031.2	
746.86	4579.9	
747.03	7061.4	
747.21	5319.9	
747.39	5141.8	
747.57	4536.3	
747.75	6217	
747.93	6607.4	
748.11	4528.7	
748.29	4417.5	
748.47	7834.8	
748.65	5926.1	
748.83	5307.7	
749.01	5007.3	
749.19	6396.5	
749.37	5593	
749.55	4853.7	
749.73	4887.1	
749.91	6111.1	
750.09	5756.2	
750.26	5012.7	
750.44	4336.9	
750.62	6125.5	
750.8	6043.6	
750.98	4218.1	
751.16	4565.6	
751.34	6158.9	
751.52	5442.1	
751.7	5410.1	
751.88	4201.1	
752.06	6666.1	
752.24	6436.8	
752.42	4147.1	
752.59	4468.7	
752.77	5991.7	
752.95	7408.9	
753.13	5263.3	
753.31	4678.9	
753.49	5642.2	
753.67	6187.6	
753.85	4954	
754.03	4482.3	
754.21	6518.7	
754.38	6832	
754.56	4735.6	
754.74	3706.8	
754.92	5695.4	
755.1	6445	
755.28	3779.2	
755.46	3845.4	
755.64	7316	
755.82	7448.5	
755.99	4174.4	
756.17	4363.5	
756.35	4898.1	
756.53	6605.4	
756.71	3155.9	
756.89	4188.8	
757.07	6163	
757.25	5175.2	
757.42	4685.1	
757.6	5618.3	
757.78	6150.7	
757.96	5028.4	
758.14	4323.9	
758.32	3799	
758.5	4517.1	
758.67	5423.7	
758.85	4209.3	
759.03	4277.5	
759.21	5742.5	
759.39	5063.3	
759.57	3735.5	
759.75	5009.3	
759.92	6343.2	
760.1	5511.1	
760.28	5306.3	
760.46	5584.1	
760.64	5356.1	
760.82	5033.2	
760.99	5096.7	
761.17	4225.6	
761.35	6146.6	
761.53	5115.8	
761.71	4377.2	
761.89	5072.1	
762.06	6087.9	
762.24	5498.1	
762.42	4502.1	
762.6	4258.4	
762.78	5485.1	
762.96	6139.8	
763.13	4826.4	
763.31	4466.6	
763.49	6376.7	
763.67	5464.7	
763.85	5412.1	
764.02	5980.1	
764.2	6550.1	
764.38	5819	
764.56	4382	
764.74	5302.2	
764.91	6707.8	
765.09	5634.6	
765.27	4055	
765.45	3870	
765.63	6793.1	
765.8	6657.3	
765.98	3542.3	
766.16	3946.4	
766.34	5174.5	
766.52	4943.8	
766.69	4928.1	
766.87	3785.3	
767.05	5689.3	
767.23	6561.7	
767.41	4175.8	
767.58	4395.6	
767.76	6234	
767.94	6331	
768.12	4281.6	
768.29	5055.8	
768.47	5721.3	
768.65	6504.3	
768.83	3839.9	
769	5024.3	
769.18	5221	
769.36	6056.5	
769.54	4834.6	
769.72	3908.9	
769.89	6266.1	
770.07	6409.5	
770.25	4203.8	
770.43	5534.3	
770.6	7108.5	
770.78	7565.9	
770.96	4422.2	
771.14	5144.5	
771.31	6203.3	
771.49	5538.4	
771.67	3557.3	
771.85	3872	
772.02	4787.5	
772.2	5568.4	
772.38	4682.3	
772.55	4057.7	
772.73	5852.4	
772.91	5556.8	
773.09	4523.3	
773.26	4576.5	
773.44	5787.6	
773.62	5513.1	
773.8	4039.3	
773.97	3689.8	
774.15	5844.2	
774.33	5446.9	
774.5	3929.4	
774.68	4293.9	
774.86	6045.6	
775.04	5587.5	
775.21	4009.9	
775.39	4015.4	
775.57	5777.3	
775.74	6305.7	
775.92	3844	
776.1	3729.4	
776.27	5877.7	
776.45	7112.6	
776.63	3999	
776.81	3500	
776.98	5433.9	
777.16	6612.2	
777.34	4151.2	
777.51	4459.1	
777.69	5388.9	
777.87	5180	
778.04	4212.7	
778.22	4833.2	
778.4	5217.5	
778.57	5884.5	
778.75	3449.5	
778.93	3678.2	
779.1	5014.1	
779.28	4834.6	
779.46	3512.3	
779.64	4022.2	
779.81	6074.3	
779.99	7028.6	
780.17	4875.5	
780.34	4996.4	
780.52	5502.2	
780.69	5820.3	
780.87	4371.7	
781.05	3890.5	
781.22	5585.5	
781.4	5678.3	
781.58	4033.1	
781.75	3196.2	
781.93	5563.6	
782.11	5013.4	
782.28	5004.6	
782.46	4050.9	
782.64	4860.5	
782.81	5918.6	
782.99	4109.6	
783.17	4121.9	
783.34	5715.9	
783.52	4939	
783.69	4330.1	
783.87	5238	
784.05	4996.4	
784.22	5003.2	
784.4	5188.9	
784.58	4411.3	
784.75	6047.7	
784.93	5073.5	
785.1	4096.6	
785.28	4790.2	
785.46	5711.1	
785.63	5035.3	
785.81	4018.8	
785.99	3919.1	
786.16	5236.7	
786.34	5691.3	
786.51	3969.6	
786.69	4429.1	
786.87	4805.9	
787.04	5355.4	
787.22	3428.3	
787.39	4834.6	
787.57	5002.5	
787.75	6197.2	
787.92	4952.7	
788.1	4909.7	
788.27	5113.8	
788.45	4840	
788.63	4593.6	
788.8	3274.7	
788.98	5478.3	
789.15	4801.1	
789.33	3459	
789.5	4150.5	
789.68	6081.8	
789.86	6174.6	
790.03	4584	
790.21	4003.1	
790.38	5981.4	
790.56	5182	
790.73	3853.6	
790.91	3878.2	
791.09	5086.5	
791.26	5871.5	
791.44	4121.2	
791.61	3564.1	
791.79	5040.7	
791.96	5184.8	
792.14	3652.2	
792.32	3208.5	
792.49	5102.2	
792.67	5225.7	
792.84	3777.1	
793.02	3427.6	
793.19	5519.3	
793.37	6296.1	
793.54	3204.4	
793.72	3571.7	
793.89	6489.3	
794.07	5047.6	
794.25	4259.8	
794.42	3262.4	
794.6	6272.2	
794.77	5870.2	
794.95	4548.5	
795.12	3919.1	
795.3	5038	
795.47	5780.7	
795.65	4313	
795.82	4108.9	
796	4861.2	
796.17	7029.3	
796.35	4065.9	
796.52	4781.3	
796.7	5657.9	
796.87	5788.9	
797.05	4937.7	
797.22	4896.7	
797.4	5733.6	
797.57	6759	
797.75	4176.5	
797.92	3934.8	
798.1	6059.3	
798.27	5094.7	
798.45	3388	
798.62	3575.8	
798.8	5382.1	
798.97	5959.6	
799.15	4435.2	
799.32	4178.5	
799.5	4652.3	
799.67	5474.9	
799.85	4563.6	
800.02	3251.5	
800.2	5026.4	
800.37	5434.6	
800.55	4679.6	
800.72	3936.2	
800.9	5913.2	
801.07	6362.4	
801.25	5261.9	
801.42	4331.5	
801.6	5894.1	
801.77	5644.9	
801.95	3987.4	
802.12	3785.3	
802.29	5617.6	
802.47	5652.4	
802.64	4311.7	
802.82	3125.2	
802.99	5047.6	
803.17	6115.9	
803.34	4147.8	
803.52	3740.3	
803.69	6782.2	
803.87	4799.8	
804.04	4162.2	
804.21	4216.8	
804.39	6236.7	
804.56	5302.2	
804.74	3511.6	
804.91	4363.5	
805.09	5075.5	
805.26	5214.1	
805.44	3555.3	
805.61	3966.2	
805.78	5783.5	
805.96	5870.2	
806.13	4290.5	
806.31	4666	
806.48	4597.7	
806.66	5234.6	
806.83	4305.5	
807	4203.8	
807.18	5053.7	
807.35	5520	
807.53	4189.5	
807.7	3386	
807.87	6284.5	
808.05	5141.8	
808.22	4644.1	
808.4	3304.7	
808.57	5089.9	
808.74	4776.5	
808.92	3816.7	
809.09	4853	
809.27	4983.4	
809.44	5664	
809.61	3423.5	
809.79	3768.9	
809.96	6312.5	
810.14	5897.5	
810.31	3306.1	
810.48	4030.4	
810.66	5220.3	
810.83	6074.3	
811.01	3831.1	
811.18	4623.6	
811.35	5905.7	
811.53	4560.1	
811.7	4648.2	
811.87	4394.9	
812.05	5127.4	
812.22	5024.3	
812.39	3736.9	
812.57	3596.2	
812.74	5128.1	
812.92	6905.8	
813.09	4033.8	
813.26	4449.6	
813.44	6691.4	
813.61	5033.9	
813.78	3372.3	
813.96	4489.1	
814.13	5180	
814.3	4771.8	
814.48	4900.1	
814.65	4038.6	
814.82	6384.2	
815	4947.2	
815.17	4186	
815.34	5127.4	
815.52	5107	
815.69	5056.4	
815.87	4087.1	
816.04	3551.9	
816.21	5189.6	
816.38	4585.4	
816.56	3998.3	
816.73	3763.5	
816.9	6574	
817.08	5943.2	
817.25	3733.4	
817.42	4767	
817.6	4653.7	
817.77	5165	
817.94	4274.1	
818.12	3680.2	
818.29	4860.5	
818.46	7764.5	
818.64	3951.2	
818.81	3594.2	
818.98	4790.9	
819.16	7083.9	
819.33	4556	
819.5	4139.6	
819.67	5535.7	
819.85	6182.1	
820.02	4037.9	
820.19	4327.4	
820.37	5358.9	
820.54	4936.3	
820.71	4200.4	
820.88	5261.9	
821.06	5417.6	
821.23	4896.7	
821.4	4222.2	
821.58	4216.8	
821.75	5952.8	
821.92	5262.6	
822.09	3386	
822.27	3534.1	
822.44	5138.4	
822.61	5051.7	
822.79	3411.2	
822.96	6599.9	
823.13	5726.8	
823.3	4879.6	
823.48	3958.7	
823.65	3530.7	
823.82	5868.1	
823.99	4665.3	
824.17	5087.8	
824.34	3568.2	
824.51	6821.1	
824.68	5193	
824.86	3790.1	
825.03	4209.9	
825.2	5081.7	
825.37	6278.4	
825.55	3719.1	
825.72	4179.9	
825.89	6925.5	
826.06	6366.5	
826.24	4098	
826.41	4122.6	
826.58	6321.4	
826.75	5517.2	
826.92	3200.3	
827.1	3533.4	
827.27	8655.4	
827.44	6859.3	
827.61	3892.5	
827.79	4696	
827.96	4914.4	
828.13	5188.2	
828.3	3975.1	
828.47	3339.6	
828.65	5326.8	
828.82	5281.7	
828.99	5252.4	
829.16	4532.8	
829.34	5765.7	
829.51	5538.4	
829.68	4182	
829.85	4367.6	
830.02	6059.9	
830.2	5774.6	
830.37	3232.4	
830.54	5059.8	
830.71	6567.2	
830.88	5141.8	
831.05	3312.2	
831.23	3805.8	
831.4	6282.5	
831.57	7146	
831.74	3891.1	
831.91	3379.8	
832.09	5375.2	
832.26	5796.4	
832.43	4014.7	
832.6	4568.3	
832.77	5381.4	
832.94	6210.1	
833.12	3200.3	
833.29	3962.8	
833.46	5024.3	
833.63	7367.9	
833.8	4431.1	
833.97	4077.5	
834.15	5804.6	
834.32	5553.4	
834.49	4158.1	
834.66	4345.8	
834.83	6014.2	
835	4853	
835.17	3868.6	
835.35	3816.7	
835.52	5625.1	
835.69	5558.9	
835.86	4085.7	
836.03	3353.2	
836.2	5730.2	
836.37	5347.9	
836.55	4016.7	
836.72	3760.8	
836.89	5373.2	
837.06	5812.8	
837.23	4136.9	
837.4	4482.3	
837.57	6653.9	
837.75	7411.6	
837.92	3658.4	
838.09	3963.5	
838.26	5303.6	
838.43	6114.6	
838.6	4225	
838.77	3806.5	
838.94	6995.9	
839.11	6681.2	
839.29	4016.7	
839.46	3179.1	
839.63	5728.2	
839.8	5509.7	
839.97	3900.7	
840.14	3894.6	
840.31	5509	
840.48	5737	
840.65	3209.8	
840.82	3824.2	
841	5711.8	
841.17	5679	
841.34	3601	
841.51	3612.6	
841.68	5696.8	
841.85	5502.9	
842.02	3699.3	
842.19	3074.7	
842.36	5537	
842.53	5502.2	
842.7	3582.6	
842.87	4457.1	
843.05	7295.5	
843.22	5442.1	
843.39	3424.9	
843.56	3667.2	
843.73	5178.6	
843.9	5803.3	
844.07	5661.3	
844.24	4900.1	
844.41	8506.6	
844.58	4946.5	
844.75	3476.8	
844.92	3762.8	
845.09	5759.6	
845.26	5777.3	
845.43	3523.9	
845.6	3690.4	
845.77	5816.9	
845.94	5468.8	
846.12	3922.5	
846.29	4234.5	
846.46	5950.7	
846.63	5764.3	
846.8	3607.8	
846.97	4236.6	
847.14	6275	
847.31	5650.3	
847.48	4024.9	
847.65	4432.5	
847.82	6124.8	
847.99	5996.5	
848.16	4829.1	
848.33	4468	
848.5	5284.4	
848.67	6270.2	
848.84	3536.2	
849.01	3794.9	
849.18	5119.2	
849.35	4824.3	
849.52	4513.7	
849.69	3490.4	
849.86	5922	
850.03	6165.8	
850.2	3551.9	
850.37	4413.4	
850.54	6132.3	
850.71	5355.4	
850.88	4302.1	
851.05	3509.5	
851.22	5651	
851.39	6307.7	
851.56	3327.9	
851.73	4108.2	
851.9	5022.3	
852.07	6029.9	
852.24	3932.8	
852.41	3525.2	
852.58	5657.2	
852.75	5073.5	
852.92	4002.4	
853.09	3489.1	
853.26	5408	
853.43	6261.3	
853.6	3539.6	
853.77	3040.6	
853.94	6334.4	
854.11	4981.3	
854.28	5211.4	
854.44	3899.3	
854.61	6793.1	
854.78	5856.5	
854.95	3518.4	
855.12	4476.2	
855.29	4587.4	
855.46	6408.1	
855.63	3533.4	
855.8	4949.3	
855.97	5294.7	
856.14	6066.1	
856.31	5077.6	
856.48	3881.6	
856.65	5242.8	
856.82	4987.5	
856.99	3411.2	
857.16	3823.6	
857.33	7077.1	
857.49	5429.8	
857.66	3882.9	
857.83	4195.6	
858	5343.8	
858.17	5505.6	
858.34	3371	
858.51	3586.7	
858.68	6457.9	
858.85	6538.5	
859.02	4145.8	
859.19	4428.4	
859.36	4988.9	
859.52	5059.8	
859.69	3571	
859.86	4170.3	
860.03	5099.4	
860.2	6324.1	
860.37	3187.3	
860.54	3590.8	
860.71	6012.2	
860.88	6436.1	
861.05	4014	
861.21	4498	
861.38	6526.9	
861.55	4916.5	
861.72	3249.4	
861.89	3997.6	
862.06	6071.5	
862.23	6593.1	
862.4	3447.4	
862.56	3741.6	
862.73	5906.3	
862.9	5540.4	
863.07	4151.9	
863.24	3224.2	
863.41	4867.3	
863.58	5047.6	
863.75	3639.9	
863.91	4041.3	
864.08	6331	
864.25	5963	
864.42	4509.6	
864.59	5104.9	
864.76	6823.8	
864.93	5029.1	
865.09	3441.3	
865.26	3801.7	
865.43	6231.3	
865.6	6674.3	
865.77	3104.7	
865.94	3523.2	
866.1	6361	
866.27	5989.6	
866.44	5413.5	
866.61	3371	
866.78	5435.3	
866.95	5876.3	
867.11	3478.1	
867.28	3156.6	
867.45	6090.7	
867.62	5103.5	
867.79	4189.5	
867.96	3571.7	
868.12	5011.4	
868.29	6070.2	
868.46	3042.6	
868.63	4731.5	
868.8	6171.2	
868.97	5965.1	
869.13	3701.4	
869.3	3669.3	
869.47	5921.4	
869.64	6074.3	
869.81	3581.2	
869.97	3614	
870.14	5754.8	
870.31	6520	
870.48	3445.4	
870.65	4547.2	
870.81	5442.8	
870.98	5300.1	
871.15	4045.4	
871.32	3665.2	
871.48	5859.2	
871.65	6498.2	
871.82	3529.3	
871.99	3949.2	
872.16	6931.7	
872.32	6313.9	
872.49	3589.4	
872.66	3628.3	
872.83	6023.8	
872.99	5203.2	
873.16	4079.6	
873.33	3497.9	
873.5	5662	
873.67	5595.7	
873.83	3721.2	
874	4835.9	
874.17	5715.2	
874.34	6902.3	
874.5	4648.2	
874.67	4468	
874.84	6460.7	
875.01	5052.3	
875.17	5047.6	
875.34	3518.4	
875.51	5661.3	
875.68	6844.3	
875.84	4417.5	
876.01	5297.4	
876.18	5962.3	
876.34	5878.4	
876.51	3540.3	
876.68	3533.4	
876.85	5468.1	
877.01	6307.7	
877.18	5188.2	
877.35	3538.9	
877.52	5487.9	
877.68	4968.4	
877.85	3472	
878.02	3447.4	
878.18	5533.6	
878.35	5227.1	
878.52	2821.4	
878.69	4016.1	
878.85	5999.9	
879.02	5935.7	
879.19	5077.6	
879.35	3861.1	
879.52	5877.7	
879.69	6181.5	
879.86	3061	
880.02	3986	
880.19	5513.8	
880.36	6732.4	
880.52	4084.3	
880.69	4228.4	
880.86	6097.5	
881.02	6122.1	
881.19	3959.4	
881.36	3847.5	
881.52	5913.9	
881.69	5208	
881.86	3877.5	
882.02	3796.9	
882.19	6244.3	
882.36	7390.4	
882.52	3611.3	
882.69	5074.2	
882.86	5726.1	
883.02	5664	
883.19	4384.7	
883.36	4115.1	
883.52	6070.9	
883.69	6961	
883.86	3607.2	
884.02	3179.1	
884.19	6043.6	
884.36	5561.6	
884.52	4072	
884.69	3734.8	
884.86	5306.3	
885.02	6679.8	
885.19	4014.7	
885.36	4018.8	
885.52	5494	
885.69	5727.5	
885.86	5137.7	
886.02	4549.9	
886.19	6037.4	
886.35	5502.9	
886.52	3945.1	
886.69	4974.5	
886.85	5103.5	
887.02	6405.4	
887.19	6405.4	
887.35	6405.4	
887.52	6405.4	
887.68	6405.4	
887.85	6405.4	
888.02	6405.4	
888.18	6405.4	
888.35	6405.4	
888.51	6405.4	
888.68	6405.4	
888.85	6405.4	
889.01	6405.4	
889.18	6405.4	
889.35	6405.4	
889.51	6405.4	
889.68	6405.4	
889.84	6405.4	
890.01	6405.4	
890.17	6405.4	
890.34	6405.4	
890.51	6405.4	
890.67	6405.4	
890.84	6405.4	
891	6405.4	
891.17	6405.4	
891.34	6405.4	
891.5	6405.4	
891.67	6405.4	
891.83	6405.4	
892	6405.4	
892.16	6405.4	
892.33	6405.4	
892.5	6405.4	
892.66	6405.4	
892.83	6405.4	
892.99	6405.4	
893.16	6405.4	
893.32	6405.4	
893.49	6405.4	
893.65	6405.4	
893.82	6405.4	
893.99	6405.4	
894.15	6405.4	
894.32	6405.4	
894.48	6405.4	
894.65	6405.4	
894.81	6405.4	
894.98	6405.4	
895.14	6405.4	
895.31	6405.4	
895.47	6405.4	
895.64	6405.4	
895.81	6405.4	
895.97	6405.4	
896.14	6405.4	
896.3	6405.4	
896.47	6405.4	
896.63	6405.4	
896.8	6405.4	
896.96	6405.4	
897.13	6405.4	
897.29	6405.4	
897.46	6405.4	
897.62	6405.4	
897.79	6405.4	
897.95	6405.4	
898.12	6405.4	
898.28	6405.4	
898.45	6405.4	
898.61	6405.4	
898.78	6405.4	
898.94	6405.4	
899.11	6405.4	
899.27	6405.4	
899.44	6405.4	
899.6	6405.4	
899.77	6405.4	
899.93	6405.4	
900.1	6405.4	
900.26	6405.4	
900.43	6405.4	
900.59	6405.4	
900.76	6405.4	
900.92	6405.4	
901.09	6405.4	
901.25	6405.4	
901.42	6405.4	
901.58	6405.4	
901.75	6405.4	
901.91	6405.4	
902.07	6405.4	
902.24	6405.4	
902.4	6405.4	
902.57	6405.4	
902.73	6405.4	
902.9	6405.4	
903.06	6405.4	
903.23	6405.4	
903.39	6405.4	
903.56	6405.4	
903.72	6405.4	
903.88	6405.4	
904.05	6405.4	
904.21	6405.4	
904.38	6405.4	
904.54	6405.4	
904.71	6405.4	
904.87	6405.4	
905.03	6405.4	
905.2	6405.4	
905.36	6405.4	
905.53	6405.4	
905.69	6405.4	
905.86	6405.4	
906.02	6405.4	
906.18	6405.4	
906.35	6405.4	
906.51	6405.4	
906.68	6405.4	
906.84	6405.4	
907.01	6405.4	
907.17	6405.4	
907.33	6405.4	
907.5	6405.4	
907.66	6405.4	
907.83	6405.4	
907.99	6405.4	
908.15	6405.4	
908.32	6405.4	
908.48	6405.4	
908.65	6405.4	
908.81	6405.4	
908.97	6405.4	
909.14	6405.4	
909.3	6405.4	
909.47	6405.4	
909.63	6405.4	
909.79	6405.4	
909.96	6405.4	
910.12	6405.4	
910.28	6405.4	
910.45	6405.4	
910.61	6405.4	
910.78	6405.4	
910.94	6405.4	
911.1	6405.4	
911.27	6405.4	
911.43	6405.4	
911.59	6405.4	
911.76	6405.4	
911.92	6405.4	
912.08	6405.4	
912.25	6405.4	
912.41	6405.4	
912.57	6405.4	
912.74	6405.4	
912.9	6405.4	
913.07	6405.4	
913.23	6405.4	
913.39	6405.4	
913.56	6405.4	
913.72	6405.4	
913.88	6405.4	
914.05	6405.4	
914.21	6405.4	
914.37	6405.4	
914.54	6405.4	
914.7	6405.4	
914.86	6405.4	
915.03	6405.4	
915.19	6405.4	
