Wavelength	Intensities	
nm	a.u.	
179.22	1616.5	
179.44	1615.2	
179.65	1617.9	
179.86	1612.4	
180.08	1599.5	
180.29	3618.8	
180.51	2800.3	
180.72	4737	
180.94	5183.4	
181.15	2587.3	
181.37	2533.3	
181.58	4554	
181.79	4760.8	
182.01	2633.7	
182.22	2806.4	
182.44	4726.7	
182.65	4118.5	
182.87	3362.1	
183.08	3046	
183.29	4971.1	
183.51	4222.2	
183.72	2705.4	
183.94	3747.8	
184.15	4545.1	
184.37	4397.7	
184.58	2527.9	
184.79	3200.3	
185.01	4261.8	
185.22	4791.6	
185.44	3338.9	
185.65	2946.3	
185.86	4474.1	
186.08	4197	
186.29	2461	
186.51	2591.4	
186.72	4285.7	
186.94	4922.6	
187.15	2977.1	
187.36	3011.9	
187.58	5937.1	
187.79	4575.2	
188.01	3069.9	
188.22	4497.3	
188.43	5255.8	
188.65	4749.9	
188.86	2674	
189.08	3030.3	
189.29	4385.4	
189.5	4329.4	
189.72	2783.9	
189.93	2790	
190.15	4845.5	
190.36	5566.4	
190.57	3027.6	
190.79	2943.6	
191	4912.4	
191.22	4876.2	
191.43	3091.1	
191.64	2629.6	
191.86	4965.6	
192.07	4913.1	
192.29	2721.1	
192.5	2790.7	
192.71	4926.7	
192.93	4358.1	
193.14	2772.9	
193.35	2861	
193.57	4328.7	
193.78	4905.6	
194	2338.1	
194.21	2754.5	
194.42	4154.6	
194.64	4474.1	
194.85	2979.1	
195.07	3474.7	
195.28	4485.7	
195.49	4059.1	
195.71	3514.3	
195.92	2657.6	
196.13	4690.5	
196.35	4710.3	
196.56	3743	
196.78	2999.6	
196.99	5507.7	
197.2	5180.7	
197.42	3304.1	
197.63	3015.3	
197.84	4117.8	
198.06	4668.7	
198.27	2794.8	
198.48	3471.3	
198.7	4364.9	
198.91	4499.4	
199.13	3020.1	
199.34	2987.3	
199.55	4876.9	
199.77	3925.3	
199.98	2712.9	
200.19	3036.5	
200.41	4457.1	
200.62	4221.5	
200.83	3107.5	
201.05	3362.8	
201.26	4478.2	
201.47	4319.8	
201.69	2770.9	
201.9	2695.8	
202.11	4528.7	
202.33	5150	
202.54	2898.6	
202.76	3181.9	
202.97	4541.7	
203.18	4628.4	
203.4	3178.4	
203.61	3178.4	
203.82	4581.3	
204.04	4306.2	
204.25	3024.2	
204.46	2952.5	
204.68	4478.2	
204.89	4692.6	
205.1	3001.6	
205.32	2620.7	
205.53	4743.1	
205.74	4853	
205.96	2348.3	
206.17	3059	
206.38	4756.7	
206.6	4829.1	
206.81	3397.6	
207.02	2869.9	
207.24	4704.2	
207.45	4958.8	
207.66	2896.5	
207.88	2578.4	
208.09	4613.4	
208.3	4463.2	
208.52	2747.7	
208.73	2994.8	
208.94	4480.3	
209.15	4918.5	
209.37	2910.8	
209.58	2970.9	
209.79	4876.2	
210.01	4399	
210.22	2483.5	
210.43	2560	
210.65	4466.6	
210.86	4743.1	
211.07	2907.4	
211.29	2689.7	
211.5	4683.7	
211.71	4448.2	
211.93	2766.1	
212.14	2752.5	
212.35	4455	
212.56	4496	
212.78	3075.4	
212.99	2584.5	
213.2	5136.3	
213.42	4393.6	
213.63	2758.6	
213.84	2906.8	
214.06	4130.1	
214.27	4169	
214.48	2891.7	
214.69	3078.1	
214.91	4931.5	
215.12	4967	
215.33	3021.4	
215.55	3309.5	
215.76	5289.2	
215.97	4696	
216.18	2931.3	
216.4	2990.7	
216.61	4291.9	
216.82	4806.6	
217.04	2748.4	
217.25	2774.3	
217.46	4894.6	
217.67	4772.4	
217.89	2473.3	
218.1	2590.7	
218.31	4557.4	
218.53	4620.2	
218.74	2893.1	
218.95	2743.6	
219.16	4457.1	
219.38	5128.8	
219.59	2787.3	
219.8	3147.7	
220.01	5442.8	
220.23	4508.3	
220.44	3396.9	
220.65	2722.4	
220.87	4557.4	
221.08	4947.2	
221.29	2547	
221.5	3229.6	
221.72	5689.9	
221.93	4243.4	
222.14	3106.8	
222.35	3473.4	
222.57	4440	
222.78	4794.3	
222.99	2916.3	
223.2	3080.1	
223.42	4659.1	
223.63	4710.3	
223.84	2349	
224.05	2369.5	
224.27	5369.1	
224.48	5083.1	
224.69	3506.8	
224.9	2998.2	
225.12	4618.2	
225.33	4481.6	
225.54	2477.4	
225.75	2759.3	
225.97	4185.4	
226.18	4468	
226.39	2893.8	
226.6	2712.2	
226.82	4413.4	
227.03	4231.8	
227.24	3024.8	
227.45	2625.5	
227.67	4789.5	
227.88	5025.7	
228.09	3398.9	
228.3	3352.5	
228.52	4737	
228.73	4433.2	
228.94	2819.4	
229.15	2617.3	
229.36	4486.4	
229.58	4500.1	
229.79	2884.9	
230	3259	
230.21	5234.6	
230.43	4483.7	
230.64	3012.6	
230.85	3116.3	
231.06	4820.2	
231.28	4773.1	
231.49	2590	
231.7	3007.8	
231.91	4784.7	
232.12	4486.4	
232.34	2717.7	
232.55	2873.3	
232.76	4868.7	
232.97	4523.3	
233.18	2711.5	
233.4	2979.1	
233.61	4517.8	
233.82	4323.9	
234.03	2865.1	
234.25	2834.4	
234.46	5786.2	
234.67	4569	
234.88	3059.7	
235.09	2753.2	
235.31	4596.3	
235.52	4431.1	
235.73	3023.5	
235.94	2630.3	
236.15	4328	
236.37	5203.9	
236.58	2700.6	
236.79	2926.5	
237	4652.3	
237.21	4080.2	
237.43	3099.9	
237.64	2551.1	
237.85	7035.5	
238.06	4246.8	
238.27	3050.8	
238.48	2616.6	
238.7	4731.5	
238.91	4429.8	
239.12	2872.6	
239.33	3032.4	
239.54	4227.7	
239.76	4448.2	
239.97	2886.3	
240.18	2967.5	
240.39	5276.3	
240.6	4647.5	
240.82	3058.3	
241.03	2538.8	
241.24	4497.3	
241.45	5012.1	
241.66	2699.9	
241.87	3113.6	
242.09	5001.8	
242.3	5161.6	
242.51	3167.5	
242.72	2892.4	
242.93	4810	
243.14	4414.7	
243.36	3293.8	
243.57	3525.2	
243.78	5057.8	
243.99	4737	
244.2	2930.6	
244.41	2663.7	
244.63	4171.7	
244.84	4659.8	
245.05	3128.6	
245.26	2875.3	
245.47	4763.6	
245.68	4733.5	
245.9	3663.1	
246.11	3069.2	
246.32	4401.1	
246.53	4692.6	
246.74	4399.7	
246.95	2540.8	
247.16	4258.4	
247.38	4514.4	
247.59	2540.2	
247.8	2930	
248.01	4255.7	
248.22	4507.6	
248.43	2706.7	
248.64	2900.6	
248.86	4156.7	
249.07	4371	
249.28	2666.5	
249.49	2960	
249.7	4861.9	
249.91	4844.8	
250.12	2568.8	
250.34	2619.4	
250.55	4579.9	
250.76	4514.4	
250.97	3018	
251.18	3007.1	
251.39	4851.6	
251.6	4563.6	
251.81	2994.8	
252.03	2988	
252.24	4371	
252.45	4764.3	
252.66	2615.9	
252.87	3168.9	
253.08	4496	
253.29	5513.8	
253.5	2643.9	
253.72	3464.5	
253.93	4433.2	
254.14	5093.3	
254.35	2856.2	
254.56	2887	
254.77	4640	
254.98	4287.1	
255.19	2794.8	
255.41	3387.3	
255.62	4627.7	
255.83	4908.3	
256.04	3133.4	
256.25	3003.7	
256.46	5264	
256.67	4332.8	
256.88	2988.7	
257.09	3170.3	
257.31	4125.3	
257.52	4248.2	
257.73	3650.8	
257.94	2822.8	
258.15	4459.1	
258.36	4474.8	
258.57	3412.6	
258.78	2325.8	
258.99	4937	
259.2	4368.3	
259.41	2802.3	
259.63	2862.4	
259.84	5033.2	
260.05	5227.1	
260.26	3487.7	
260.47	2706	
260.68	4900.8	
260.89	4430.4	
261.1	3350.5	
261.31	2720.4	
261.52	4952	
261.73	5040.7	
261.95	3500.7	
262.16	3109.5	
262.37	4870.1	
262.58	4993.6	
262.79	3472	
263	2830.3	
263.21	4536.3	
263.42	4354	
263.63	3085.6	
263.84	2876	
264.05	4844.8	
264.26	5063.9	
264.47	3337.5	
264.69	3138.2	
264.9	5055.1	
265.11	4599.7	
265.32	2738.1	
265.53	2763.4	
265.74	4571.7	
265.95	4041.3	
266.16	2904.7	
266.37	3226.2	
266.58	4565.6	
266.79	4377.9	
267	2810.5	
267.21	2624.8	
267.42	4216.1	
267.63	4525.3	
267.84	2938.2	
268.06	2561.3	
268.27	4817.5	
268.48	4955.4	
268.69	2835.8	
268.9	3243.3	
269.11	4958.1	
269.32	4113.7	
269.53	2902	
269.74	2729.3	
269.95	4659.1	
270.16	4113	
270.37	2941.6	
270.58	3330.7	
270.79	4440	
271	4845.5	
271.21	3037.8	
271.42	2943.6	
271.63	4666.6	
271.84	4130.8	
272.05	2477.4	
272.26	2695.1	
272.47	4500.1	
272.68	4617.5	
272.89	2828.9	
273.11	3183.9	
273.32	4317.1	
273.53	5027.1	
273.74	3075.4	
273.95	3098.6	
274.16	4790.2	
274.37	4463.9	
274.58	3213.3	
274.79	2639.1	
275	4661.9	
275.21	4870.1	
275.42	3732.1	
275.63	3186.6	
275.84	4698.7	
276.05	5592.3	
276.26	3039.2	
276.47	2864.4	
276.68	4452.3	
276.89	5155.4	
277.1	3274.7	
277.31	2634.4	
277.52	4610	
277.73	4933.6	
277.94	2592.7	
278.15	2783.2	
278.36	4662.5	
278.57	4236.6	
278.78	2843.3	
278.99	3175	
279.2	4333.5	
279.41	4225.6	
279.62	3601	
279.83	2645.3	
280.04	5260.5	
280.25	4233.8	
280.46	3586.7	
280.67	2930	
280.88	4312.3	
281.09	4895.3	
281.3	3076	
281.51	3674.1	
281.72	4319.2	
281.93	4779.3	
282.14	2766.8	
282.35	2983.9	
282.56	4923.3	
282.77	4749.9	
282.98	2863.1	
283.19	3317.7	
283.4	5694	
283.61	4451.6	
283.82	2637.8	
284.03	3527.3	
284.24	4661.9	
284.45	4894.6	
284.66	3562.1	
284.87	3334.1	
285.08	4902.8	
285.29	5046.9	
285.5	2646	
285.71	2887	
285.92	4862.6	
286.12	5307	
286.33	3450.8	
286.54	2856.9	
286.75	4866	
286.96	4399.7	
287.17	2740.2	
287.38	3355.9	
287.59	4349.2	
287.8	4336.2	
288.01	2864.4	
288.22	3194.8	
288.43	4661.9	
288.64	4123.2	
288.85	3316.3	
289.06	3168.2	
289.27	4828.4	
289.48	4987.5	
289.69	3607.2	
289.9	3263.8	
290.11	4945.2	
290.32	4375.1	
290.53	3316.3	
290.74	3088.3	
290.94	4797	
291.15	4805.2	
291.36	2783.2	
291.57	3218.7	
291.78	4389.5	
291.99	4172.4	
292.2	2719.7	
292.41	3094.5	
292.62	4823	
292.83	4714.4	
293.04	3703.4	
293.25	2762	
293.46	4401.8	
293.67	4851	
293.88	2755.9	
294.09	2736.8	
294.29	4276.8	
294.5	4663.9	
294.71	2943.6	
294.92	2795.5	
295.13	4420.2	
295.34	5274.2	
295.55	2553.1	
295.76	2527.2	
295.97	4761.5	
296.18	5218.9	
296.39	2642.6	
296.6	2781.8	
296.81	4532.8	
297.01	4790.2	
297.22	2912.2	
297.43	2816.6	
297.64	4344.4	
297.85	4278.9	
298.06	2400.9	
298.27	2575	
298.48	4519.2	
298.69	4319.8	
298.9	2964.1	
299.11	2746.3	
299.31	4212.7	
299.52	4257	
299.73	3145	
299.94	3095.8	
300.15	4579.3	
300.36	4340.3	
300.57	3068.5	
300.78	3089	
300.99	4412.7	
301.2	4522.6	
301.4	2760.7	
301.61	2910.2	
301.82	4683	
302.03	4726.7	
302.24	3272	
302.45	2643.2	
302.66	4771.1	
302.87	4861.2	
303.08	2792.7	
303.29	3616.7	
303.49	4426.3	
303.7	4461.8	
303.91	2538.1	
304.12	3522.5	
304.33	4125.3	
304.54	4608.6	
304.75	2814.6	
304.96	2702.6	
305.16	4753.3	
305.37	5151.3	
305.58	2503.3	
305.79	2542.9	
306	4696.7	
306.21	4135.5	
306.42	2826.9	
306.63	3976.5	
306.83	4371.7	
307.04	4785.4	
307.25	3016	
307.46	2985.3	
307.67	4064.5	
307.88	4715.1	
308.09	2782.5	
308.29	2766.1	
308.5	4550.6	
308.71	4876.2	
308.92	2940.2	
309.13	2714.2	
309.34	4526	
309.55	4445.5	
309.75	3346.4	
309.96	3082.2	
310.17	4764.3	
310.38	4303.5	
310.59	3184.6	
310.8	2635.1	
311.01	5018.2	
311.21	4460.5	
311.42	2736.8	
311.63	2779.1	
311.84	4370.4	
312.05	4528.1	
312.26	3102	
312.46	3261.7	
312.67	4453.6	
312.88	4179.2	
313.09	2664.4	
313.3	2660.3	
313.51	4988.9	
313.71	5250.3	
313.92	2711.5	
314.13	2800.9	
314.34	4658.4	
314.55	4541.7	
314.76	3271.3	
314.96	2923.1	
315.17	4674.1	
315.38	4657.8	
315.59	2755.9	
315.8	2590.7	
316.01	4949.9	
316.21	5085.8	
316.42	2663.7	
316.63	2985.9	
316.84	4444.1	
317.05	4903.5	
317.26	3098.6	
317.46	2779.8	
317.67	4461.8	
317.88	4756.7	
318.09	3326.6	
318.3	2556.5	
318.5	4389.5	
318.71	4681.7	
318.92	4096.6	
319.13	3132	
319.34	4820.9	
319.54	4934.9	
319.75	2591.4	
319.96	2427.5	
320.17	4689.8	
320.38	4836.6	
320.58	2484.9	
320.79	2908.1	
321	4874.8	
321.21	4997.7	
321.42	2972.3	
321.62	2502.6	
321.83	4285.7	
322.04	4544.4	
322.25	2867.8	
322.46	2752.5	
322.66	4571.1	
322.87	4738.3	
323.08	3214.6	
323.29	2682.2	
323.5	5190.9	
323.7	4181.3	
323.91	3506.1	
324.12	3161.4	
324.33	4663.9	
324.53	4733.5	
324.74	3094.5	
324.95	3208.5	
325.16	4128.7	
325.37	4405.9	
325.57	2712.9	
325.78	2747	
325.99	4612	
326.2	4194.9	
326.4	3578.5	
326.61	2589.3	
326.82	4457.7	
327.03	4586.8	
327.24	3679.5	
327.44	3454.9	
327.65	4698	
327.86	3961.5	
328.07	3116.3	
328.27	2631.6	
328.48	5003.2	
328.69	4197	
328.9	3600.3	
329.1	2856.2	
329.31	4424.3	
329.52	5001.8	
329.73	2753.8	
329.93	2928.6	
330.14	4597	
330.35	4662.5	
330.56	4150.6	
330.76	3244.7	
330.97	4435.2	
331.18	4541	
331.39	2972.3	
331.59	2546.3	
331.8	4939	
332.01	5016.2	
332.22	2799.6	
332.42	3067.9	
332.63	4669.4	
332.84	4297.3	
333.05	2992.1	
333.25	2799.6	
333.46	4332.8	
333.67	4472.1	
333.88	2892.4	
334.08	2998.9	
334.29	5683.1	
334.5	4955.4	
334.7	2647.3	
334.91	3635.1	
335.12	4183.3	
335.33	4711.7	
335.53	2973	
335.74	4046.8	
335.95	4450.2	
336.16	4229.1	
336.36	2971.6	
336.57	3343	
336.78	4191.5	
336.98	4838	
337.19	3520.5	
337.4	2880.8	
337.61	5309.7	
337.81	4222.9	
338.02	2832.3	
338.23	3373	
338.43	4948.6	
338.64	4334.9	
338.85	2794.1	
339.05	3487.7	
339.26	5094.7	
339.47	4160.8	
339.68	2754.5	
339.88	3710.2	
340.09	4737.6	
340.3	4843.4	
340.5	3081.5	
340.71	2451.4	
340.92	4222.2	
341.13	4982	
341.33	2624.8	
341.54	3113.6	
341.75	4717.8	
341.95	4373.1	
342.16	3031.7	
342.37	3229.6	
342.57	4244.1	
342.78	4460.5	
342.99	3300.6	
343.19	2537.4	
343.4	4723.3	
343.61	4644.8	
343.81	2924.5	
344.02	2637.8	
344.23	4774.5	
344.43	4990.9	
344.64	3291.8	
344.85	3209.8	
345.06	4712.4	
345.26	4919.9	
345.47	3139.5	
345.68	3530.7	
345.88	4140.3	
346.09	4764.3	
346.3	3117.7	
346.5	2497.2	
346.71	4462.5	
346.92	4334.2	
347.12	2620.7	
347.33	3079.5	
347.54	4847.5	
347.74	5074.2	
347.95	3078.8	
348.16	2436.4	
348.36	4373.8	
348.57	4236.6	
348.78	3168.9	
348.98	3257.6	
349.19	4489.8	
349.39	4141	
349.6	2575	
349.81	2760	
350.01	4738.3	
350.22	4257	
350.43	3033	
350.63	3504.1	
350.84	4521.9	
351.05	4316.4	
351.25	2758.6	
351.46	2579.1	
351.67	4902.8	
351.87	4263.2	
352.08	2940.9	
352.29	3238.5	
352.49	4835.3	
352.7	4650.9	
352.9	2658.3	
353.11	3255.6	
353.32	5221	
353.52	4374.5	
353.73	2697.9	
353.94	3265.8	
354.14	4759.5	
354.35	4562.2	
354.55	2831	
354.76	3009.8	
354.97	4682.3	
355.17	4531.5	
355.38	2721.1	
355.59	3467.2	
355.79	4367	
356	4489.1	
356.2	3057.6	
356.41	2738.1	
356.62	4249.5	
356.82	4542.4	
357.03	3326.6	
357.24	2973.7	
357.44	4358.8	
357.65	4453	
357.85	3785.3	
358.06	3145	
358.27	4190.8	
358.47	4269.3	
358.68	2678.7	
358.88	3302.7	
359.09	4778.6	
359.3	5033.2	
359.5	3771	
359.71	3448.8	
359.91	5335	
360.12	4885.1	
360.33	3412.6	
360.53	3686.3	
360.74	4496	
360.94	4549.9	
361.15	3541.6	
361.36	2985.3	
361.56	5091.3	
361.77	4720.6	
361.97	3887.7	
362.18	3210.5	
362.38	5098.1	
362.59	4446.1	
362.8	3020.1	
363	2910.8	
363.21	4437.9	
363.41	4794.3	
363.62	3386	
363.83	3999	
364.03	4975.2	
364.24	5511.1	
364.44	4192.2	
364.65	4121.9	
364.85	4775.9	
365.06	4601.8	
365.27	3257.6	
365.47	3267.2	
365.68	5422.3	
365.88	4797	
366.09	3518.4	
366.29	3284.9	
366.5	5008.6	
366.71	5273.5	
366.91	4185.4	
367.12	3697.9	
367.32	5760.3	
367.53	5222.3	
367.73	3807.2	
367.94	4347.8	
368.14	5319.9	
368.35	5765.7	
368.56	3704.8	
368.76	3248.1	
368.97	5367.7	
369.17	6339.8	
369.38	3355.9	
369.58	3546.4	
369.79	4620.9	
369.99	5619.6	
370.2	4244.8	
370.4	3622.2	
370.61	5099.4	
370.82	5951.4	
371.02	3609.9	
371.23	3106.8	
371.43	4646.8	
371.64	5598.5	
371.84	3663.1	
372.05	4418.2	
372.25	6410.8	
372.46	5365.7	
372.66	3744.4	
372.87	3726.6	
373.07	5461.9	
373.28	6624.5	
373.48	4446.8	
373.69	4218.1	
373.9	5245.5	
374.1	5275.6	
374.31	4536.3	
374.51	4140.3	
374.72	5899.5	
374.92	5057.8	
375.13	4644.8	
375.33	4102.8	
375.54	5711.1	
375.74	5369.8	
375.95	4359.4	
376.15	5128.8	
376.36	5884.5	
376.56	5728.9	
376.77	4405.9	
376.97	4727.4	
377.18	6701	
377.38	6015.6	
377.59	4959.5	
377.79	4202.4	
378	5831.9	
378.2	6156.9	
378.41	4341	
378.61	4256.4	
378.82	6323.4	
379.02	5785.5	
379.23	4536.9	
379.43	5220.3	
379.64	6479.1	
379.84	6196.5	
380.05	4371.7	
380.25	4259.8	
380.46	6191	
380.66	5948	
380.87	5239.4	
381.07	5380	
381.28	6681.2	
381.48	6143.9	
381.69	4400.4	
381.89	4397.7	
382.1	5455.8	
382.3	6166.4	
382.51	5118.6	
382.71	5669.5	
382.91	6080.4	
383.12	6504.3	
383.32	4596.3	
383.53	4674.1	
383.73	5977.3	
383.94	5924.1	
384.14	4653.7	
384.35	4002.4	
384.55	5772.5	
384.76	6107	
384.96	4560.1	
385.17	4659.8	
385.37	6032.6	
385.58	5495.4	
385.78	4661.2	
385.98	3885.7	
386.19	5663.3	
386.39	6016.9	
386.6	4299.4	
386.8	4376.5	
387.01	6139.1	
387.21	6121.4	
387.42	4794.3	
387.62	5165.7	
387.83	5729.5	
388.03	5881.1	
388.23	4683	
388.44	5174.5	
388.64	5553.4	
388.85	5689.3	
389.05	4898.1	
389.26	5298.8	
389.46	7131.7	
389.67	6651.1	
389.87	5074.2	
390.07	5044.1	
390.28	6072.2	
390.48	5825.1	
390.69	4618.2	
390.89	4835.9	
391.1	6009.4	
391.3	6609.5	
391.5	5563.6	
391.71	5891.3	
391.91	6518.7	
392.12	6963.8	
392.32	5624.4	
392.53	5163.6	
392.73	6112.5	
392.93	6211.5	
393.14	4959.5	
393.34	5393	
393.55	6430.6	
393.75	6072.9	
393.95	4799.8	
394.16	4684.4	
394.36	6021.7	
394.57	6390.3	
394.77	4468	
394.98	4617.5	
395.18	5981.4	
395.38	6008.1	
395.59	5426.4	
395.79	4783.4	
396	6287.3	
396.2	6600.6	
396.4	5547.9	
396.61	5478.3	
396.81	6757.6	
397.02	6410.8	
397.22	5850.4	
397.42	5923.4	
397.63	7040.2	
397.83	6539.8	
398.04	5048.9	
398.24	5640.8	
398.44	6829.3	
398.65	6166.4	
398.85	5081	
399.05	5163.6	
399.26	6666.1	
399.46	7720.2	
399.67	5449.6	
399.87	5337.7	
400.07	6928.3	
400.28	7109.9	
400.48	5371.8	
400.69	6269.5	
400.89	7413.6	
401.09	7746.8	
401.3	5526.8	
401.5	6333.7	
401.7	7984.3	
401.91	8101.1	
402.11	5970.5	
402.32	5999.9	
402.52	7692.9	
402.72	7457.3	
402.93	6264.1	
403.13	5317.2	
403.33	8034.2	
403.54	6890.7	
403.74	5748	
403.94	6118.6	
404.15	6823.8	
404.35	7609.6	
404.56	5468.1	
404.76	6560.3	
404.96	7189.7	
405.17	6921.5	
405.37	6022.4	
405.57	5870.8	
405.78	7428	
405.98	6862.1	
406.18	5780.1	
406.39	6305.7	
406.59	7457.3	
406.79	7137.2	
407	5488.6	
407.2	5543.9	
407.4	7627.3	
407.61	7534.5	
407.81	5697.4	
408.01	7046.4	
408.22	6803.4	
408.42	8221.9	
408.62	6779.5	
408.83	6491.4	
409.03	7777.5	
409.23	7797.3	
409.44	6896.9	
409.64	7195.9	
409.84	8858.8	
410.05	8943.5	
410.25	7372	
410.45	7176.8	
410.66	8960.5	
410.86	10437	
411.06	7957	
411.27	7741.3	
411.47	10711	
411.67	9342.2	
411.88	7924.3	
412.08	8464.9	
412.28	9841.9	
412.49	10163	
412.69	8167.3	
412.89	8396	
413.09	10232	
413.3	10215	
413.5	8506.6	
413.7	8369.4	
413.91	9741.5	
414.11	10292	
414.31	8612.4	
414.52	8953	
414.72	10174	
414.92	10214	
415.12	8496.3	
415.33	9010.4	
415.53	10541	
415.73	10636	
415.94	9109.4	
416.14	8673.1	
416.34	10096	
416.55	9718.3	
416.75	9563.3	
416.95	9310.1	
417.15	10789	
417.36	10872	
417.56	10021	
417.76	9271.2	
417.97	10891	
418.17	10948	
418.37	9109.4	
418.57	9175.6	
418.78	10858	
418.98	10492	
419.18	9783.1	
419.38	9661.6	
419.59	10488	
419.79	10031	
419.99	8987.9	
420.2	9204.9	
420.4	10707	
420.6	10738	
420.8	8951.7	
421.01	8769.4	
421.21	10860	
421.41	10791	
421.61	9094.3	
421.82	8921	
422.02	10584	
422.22	10984	
422.42	9546.3	
422.63	9042.5	
422.83	10438	
423.03	11384	
423.23	9113.5	
423.44	8507.3	
423.64	10407	
423.84	9970.9	
424.04	8780.3	
424.25	8527.7	
424.45	10722	
424.65	10626	
424.85	8305.2	
425.06	8685.4	
425.26	10989	
425.46	10128	
425.66	8926.4	
425.87	8743.5	
426.07	10496	
426.27	10329	
426.47	8829.5	
426.67	8320.9	
426.88	10662	
427.08	10337	
427.28	9053.4	
427.48	8122.9	
427.69	9602.9	
427.89	10032	
428.09	8944.2	
428.29	8307.9	
428.5	10409	
428.7	10134	
428.9	8249.9	
429.1	8478.6	
429.3	10134	
429.51	10354	
429.71	8348.9	
429.91	9078	
430.11	10419	
430.31	10712	
430.52	8654.7	
430.72	9077.3	
430.92	10902	
431.12	10546	
431.32	8660.9	
431.53	8859.5	
431.73	10001	
431.93	10929	
432.13	8595.3	
432.33	8634.9	
432.54	10226	
432.74	10377	
432.94	8653.4	
433.14	9258.9	
433.34	10628	
433.55	10636	
433.75	9233.6	
433.95	10547	
434.15	10688	
434.35	10559	
434.56	8749.6	
434.76	8819.9	
434.96	10663	
435.16	11042	
435.36	8852	
435.56	9736	
435.77	10727	
435.97	10879	
436.17	10317	
436.37	9930.6	
436.57	10751	
436.78	10982	
436.98	10705	
437.18	10165	
437.38	11358	
437.58	10909	
437.78	10250	
437.99	9329.2	
438.19	11100	
438.39	11728	
438.59	9314.2	
438.79	8748.9	
438.99	11506	
439.2	10600	
439.4	8713.4	
439.6	8748.9	
439.8	10748	
440	11571	
440.2	9648	
440.4	9622.7	
440.61	11294	
440.81	11604	
441.01	9441.1	
441.21	10076	
441.41	12114	
441.61	11589	
441.81	10643	
442.02	11092	
442.22	12381	
442.42	11945	
442.62	9838.4	
442.82	9643.2	
443.02	12169	
443.22	11702	
443.43	10155	
443.63	9685.5	
443.83	11254	
444.03	11445	
444.23	10884	
444.43	10490	
444.63	11892	
444.83	12510	
445.04	10279	
445.24	10818	
445.44	11903	
445.64	12109	
445.84	10216	
446.04	10595	
446.24	11364	
446.44	12110	
446.65	9530.6	
446.85	10118	
447.05	11122	
447.25	11959	
447.45	9987.9	
447.65	9551.7	
447.85	11379	
448.05	10899	
448.25	10297	
448.46	10071	
448.66	11434	
448.86	11059	
449.06	9645.9	
449.26	10204	
449.46	11753	
449.66	11070	
449.86	10136	
450.06	9996.8	
450.26	11172	
450.47	11725	
450.67	9947	
450.87	10378	
451.07	11889	
451.27	11572	
451.47	9661	
451.67	10527	
451.87	11486	
452.07	12062	
452.27	10068	
452.47	9877.4	
452.67	11538	
452.88	11925	
453.08	9398.1	
453.28	10910	
453.48	12717	
453.68	11320	
453.88	10026	
454.08	9949	
454.28	12022	
454.48	11600	
454.68	10403	
454.88	10669	
455.08	11986	
455.28	12063	
455.48	9785.2	
455.68	10474	
455.89	12585	
456.09	12330	
456.29	10336	
456.49	10630	
456.69	12816	
456.89	11919	
457.09	10906	
457.29	11344	
457.49	12504	
457.69	12618	
457.89	11240	
458.09	10548	
458.29	12574	
458.49	13162	
458.69	11389	
458.89	11194	
459.09	13458	
459.29	13403	
459.49	11114	
459.69	11736	
459.9	13115	
460.1	13026	
460.3	10970	
460.5	10828	
460.7	13231	
460.9	12850	
461.1	10895	
461.3	11731	
461.5	13717	
461.7	13465	
461.9	11555	
462.1	11561	
462.3	13371	
462.5	13642	
462.7	11556	
462.9	11708	
463.1	14388	
463.3	14483	
463.5	11974	
463.7	12977	
463.9	13927	
464.1	14154	
464.3	12719	
464.5	12469	
464.7	14399	
464.9	14472	
465.1	13538	
465.3	12990	
465.5	14541	
465.7	14924	
465.9	13485	
466.1	12736	
466.3	14977	
466.5	14429	
466.7	14013	
466.9	12955	
467.1	14774	
467.3	15371	
467.5	13947	
467.7	13272	
467.9	15547	
468.1	16210	
468.3	13507	
468.5	14096	
468.7	14957	
468.9	14816	
469.1	13567	
469.3	14115	
469.5	16386	
469.7	15059	
469.9	13756	
470.1	13562	
470.3	15179	
470.5	15144	
470.7	14332	
470.9	13493	
471.1	15118	
471.3	14867	
471.5	13371	
471.69	14347	
471.89	14719	
472.09	14287	
472.29	13913	
472.49	13603	
472.69	14616	
472.89	14913	
473.09	13257	
473.29	12964	
473.49	14518	
473.69	14315	
473.89	13543	
474.09	13037	
474.29	15330	
474.49	14883	
474.69	13395	
474.89	13049	
475.09	14441	
475.29	14360	
475.49	12519	
475.69	12902	
475.88	15231	
476.08	14664	
476.28	12627	
476.48	12486	
476.68	14607	
476.88	14334	
477.08	12470	
477.28	12784	
477.48	13940	
477.68	14181	
477.88	12230	
478.08	12286	
478.28	14715	
478.48	14009	
478.67	12611	
478.87	11876	
479.07	14512	
479.27	14056	
479.47	12493	
479.67	12688	
479.87	14388	
480.07	14659	
480.27	12293	
480.47	13001	
480.67	13948	
480.87	14634	
481.06	12165	
481.26	12896	
481.46	14124	
481.66	13979	
481.86	12606	
482.06	13164	
482.26	13839	
482.46	14328	
482.66	12431	
482.86	12233	
483.05	14293	
483.25	13583	
483.45	13965	
483.65	12478	
483.85	13710	
484.05	13943	
484.25	12698	
484.45	13204	
484.65	14459	
484.84	14840	
485.04	12537	
485.24	12591	
485.44	14940	
485.64	13725	
485.84	12349	
486.04	13135	
486.24	14207	
486.44	14338	
486.63	12259	
486.83	12953	
487.03	14291	
487.23	14558	
487.43	12456	
487.63	14067	
487.83	14634	
488.02	15072	
488.22	13325	
488.42	13793	
488.62	15269	
488.82	14471	
489.02	13011	
489.22	13224	
489.41	15063	
489.61	15134	
489.81	12962	
490.01	13035	
490.21	15180	
490.41	15717	
490.61	13148	
490.8	13160	
491	15042	
491.2	14351	
491.4	13407	
491.6	12902	
491.8	14846	
491.99	14678	
492.19	12569	
492.39	12657	
492.59	14831	
492.79	15033	
492.99	13296	
493.18	12684	
493.38	15193	
493.58	15855	
493.78	13549	
493.98	13077	
494.18	15172	
494.37	15033	
494.57	13997	
494.77	13949	
494.97	15731	
495.17	16072	
495.37	14001	
495.56	14148	
495.76	16300	
495.96	16242	
496.16	14966	
496.36	14449	
496.55	16340	
496.75	16154	
496.95	14567	
497.15	14676	
497.35	16507	
497.54	16458	
497.74	14416	
497.94	15701	
498.14	17019	
498.34	16711	
498.53	14444	
498.73	14736	
498.93	16173	
499.13	16494	
499.33	14878	
499.52	15001	
499.72	16778	
499.92	16699	
500.12	14863	
500.32	14835	
500.51	16681	
500.71	16683	
500.91	15264	
501.11	15085	
501.31	16793	
501.5	17003	
501.7	15629	
501.9	15031	
502.1	16509	
502.29	16746	
502.49	15381	
502.69	15429	
502.89	16662	
503.09	16726	
503.28	14297	
503.48	14392	
503.68	15995	
503.88	15866	
504.07	14901	
504.27	14476	
504.47	16135	
504.67	16007	
504.86	14724	
505.06	14428	
505.26	15700	
505.46	16761	
505.65	14347	
505.85	14339	
506.05	15523	
506.25	15792	
506.44	13472	
506.64	13982	
506.84	15102	
507.04	15360	
507.23	13360	
507.43	13710	
507.63	16206	
507.83	14862	
508.02	13590	
508.22	13297	
508.42	16277	
508.62	14870	
508.81	13215	
509.01	13736	
509.21	14423	
509.4	14752	
509.6	13332	
509.8	12968	
510	14553	
510.19	15408	
510.39	12798	
510.59	13069	
510.79	14636	
510.98	15588	
511.18	13194	
511.38	13325	
511.57	15274	
511.77	14969	
511.97	13476	
512.17	12930	
512.36	15250	
512.56	14849	
512.76	12679	
512.95	12654	
513.15	15045	
513.35	14188	
513.55	13298	
513.74	12830	
513.94	15055	
514.14	14442	
514.33	13440	
514.53	13276	
514.73	14602	
514.92	14675	
515.12	13069	
515.32	13005	
515.51	14729	
515.71	15061	
515.91	14123	
516.11	12947	
516.3	15987	
516.5	14709	
516.7	13220	
516.89	13791	
517.09	14605	
517.29	14713	
517.48	13621	
517.68	12983	
517.88	14556	
518.07	14966	
518.27	13486	
518.47	12800	
518.66	15021	
518.86	14359	
519.06	12689	
519.25	12947	
519.45	14541	
519.65	15466	
519.84	13343	
520.04	13794	
520.24	15764	
520.43	14853	
520.63	13035	
520.83	13014	
521.02	14341	
521.22	14662	
521.42	13188	
521.61	13496	
521.81	14215	
522.01	14322	
522.2	13017	
522.4	12724	
522.6	14753	
522.79	13902	
522.99	12827	
523.18	12512	
523.38	14719	
523.58	14635	
523.77	13922	
523.97	12727	
524.17	15961	
524.36	15579	
524.56	13829	
524.76	13444	
524.95	15118	
525.15	14894	
525.34	13515	
525.54	13678	
525.74	15584	
525.93	15032	
526.13	14606	
526.33	13953	
526.52	15924	
526.72	15654	
526.91	14756	
527.11	14271	
527.31	15891	
527.5	16315	
527.7	14370	
527.89	13602	
528.09	15315	
528.29	15773	
528.48	14259	
528.68	14124	
528.87	15982	
529.07	15864	
529.27	14246	
529.46	14049	
529.66	15924	
529.85	16223	
530.05	14012	
530.25	14401	
530.44	16820	
530.64	15581	
530.83	14169	
531.03	14290	
531.23	16191	
531.42	15793	
531.62	14668	
531.81	14142	
532.01	16232	
532.21	16312	
532.4	14257	
532.6	14508	
532.79	16818	
532.99	16421	
533.18	14816	
533.38	15401	
533.58	16309	
533.77	16668	
533.97	14862	
534.16	15282	
534.36	17103	
534.55	16461	
534.75	15433	
534.95	14995	
535.14	17121	
535.34	16472	
535.53	14771	
535.73	15978	
535.92	17425	
536.12	16320	
536.31	14760	
536.51	15313	
536.71	16628	
536.9	16223	
537.1	14658	
537.29	14730	
537.49	16800	
537.68	16059	
537.88	15182	
538.07	14326	
538.27	16313	
538.46	16929	
538.66	14371	
538.86	14737	
539.05	16331	
539.25	16564	
539.44	15144	
539.64	14640	
539.83	16142	
540.03	16892	
540.22	14594	
540.42	14317	
540.61	16182	
540.81	16422	
541	14545	
541.2	15056	
541.39	15714	
541.59	15937	
541.78	14806	
541.98	14187	
542.18	15575	
542.37	15410	
542.57	14112	
542.76	14689	
542.96	15466	
543.15	15690	
543.35	14166	
543.54	13654	
543.74	15486	
543.93	15354	
544.13	13786	
544.32	14526	
544.52	15415	
544.71	14954	
544.91	13076	
545.1	13761	
545.3	14879	
545.49	15238	
545.69	12920	
545.88	13347	
546.08	15823	
546.27	15429	
546.47	13543	
546.66	13041	
546.86	15123	
547.05	15450	
547.24	13241	
547.44	13125	
547.63	14379	
547.83	15234	
548.02	13284	
548.22	13445	
548.41	14229	
548.61	14977	
548.8	12825	
549	12830	
549.19	14624	
549.39	14762	
549.58	12602	
549.78	12812	
549.97	14947	
550.17	14376	
550.36	13264	
550.55	13950	
550.75	14310	
550.94	14794	
551.14	12585	
551.33	12651	
551.53	13874	
551.72	14482	
551.92	12609	
552.11	12555	
552.31	14474	
552.5	14278	
552.69	13465	
552.89	12283	
553.08	14371	
553.28	14216	
553.47	12454	
553.67	13107	
553.86	14670	
554.06	13469	
554.25	11902	
554.44	12278	
554.64	14984	
554.83	14794	
555.03	12146	
555.22	12413	
555.42	14319	
555.61	14152	
555.8	12039	
556	12353	
556.19	13401	
556.39	14116	
556.58	12133	
556.78	12050	
556.97	13985	
557.16	13655	
557.36	12885	
557.55	11856	
557.75	13074	
557.94	14403	
558.13	11944	
558.33	11801	
558.52	14262	
558.72	13257	
558.91	11759	
559.1	11743	
559.3	13126	
559.49	12831	
559.69	11609	
559.88	11977	
560.07	13628	
560.27	13858	
560.46	11976	
560.66	12191	
560.85	13368	
561.04	12757	
561.24	11483	
561.43	11616	
561.63	12910	
561.82	13193	
562.01	12271	
562.21	11587	
562.4	13289	
562.59	13868	
562.79	11577	
562.98	11297	
563.18	13268	
563.37	14242	
563.56	11778	
563.76	11413	
563.95	12933	
564.14	12833	
564.34	11741	
564.53	11347	
564.73	13305	
564.92	13425	
565.11	11642	
565.31	11295	
565.5	13667	
565.69	12828	
565.89	11585	
566.08	11583	
566.27	13383	
566.47	13815	
566.66	12118	
566.85	11241	
567.05	13377	
567.24	12901	
567.44	11368	
567.63	12163	
567.82	13321	
568.02	13115	
568.21	11415	
568.4	11503	
568.6	13170	
568.79	13025	
568.98	11200	
569.18	11288	
569.37	13112	
569.56	14306	
569.76	11509	
569.95	12144	
570.14	13216	
570.34	13144	
570.53	11075	
570.72	11161	
570.91	13571	
571.11	12838	
571.3	11441	
571.49	11927	
571.69	12783	
571.88	12469	
572.07	11557	
572.27	11400	
572.46	12330	
572.65	13073	
572.85	11080	
573.04	11166	
573.23	13388	
573.43	12839	
573.62	11031	
573.81	11318	
574	12930	
574.2	12707	
574.39	11116	
574.58	11266	
574.78	13524	
574.97	13061	
575.16	11587	
575.36	11660	
575.55	13416	
575.74	13345	
575.93	11031	
576.13	11774	
576.32	12824	
576.51	13197	
576.71	11371	
576.9	12164	
577.09	13423	
577.28	13089	
577.48	11533	
577.67	10843	
577.86	12893	
578.05	13050	
578.25	11286	
578.44	11356	
578.63	12835	
578.83	13765	
579.02	10972	
579.21	12032	
579.4	13039	
579.6	12887	
579.79	11420	
579.98	12719	
580.17	13232	
580.37	13434	
580.56	11034	
580.75	11631	
580.94	13396	
581.14	13559	
581.33	11899	
581.52	11196	
581.71	13226	
581.91	13695	
582.1	11191	
582.29	11419	
582.48	12973	
582.68	13106	
582.87	11775	
583.06	11585	
583.25	13350	
583.45	12873	
583.64	12063	
583.83	12456	
584.02	13021	
584.21	13366	
584.41	11927	
584.6	11575	
584.79	13184	
584.98	13500	
585.18	11309	
585.37	11251	
585.56	12983	
585.75	13355	
585.94	11231	
586.14	11807	
586.33	13557	
586.52	12976	
586.71	11449	
586.91	11330	
587.1	12378	
587.29	13198	
587.48	10927	
587.67	11104	
587.87	12775	
588.06	12742	
588.25	11716	
588.44	11210	
588.63	12422	
588.83	12703	
589.02	10763	
589.21	10413	
589.4	12021	
589.59	11911	
589.78	9683.5	
589.98	9774.3	
590.17	11163	
590.36	11303	
590.55	8946.2	
590.74	9366.7	
590.94	11837	
591.13	10869	
591.32	9067.7	
591.51	8680.7	
591.7	10942	
591.89	10753	
592.09	8742.1	
592.28	9019.3	
592.47	10080	
592.66	11613	
592.85	8817.9	
593.05	8912.8	
593.24	10661	
593.43	11321	
593.62	9075.2	
593.81	9401.5	
594	10874	
594.19	10938	
594.39	8928.5	
594.58	8975.6	
594.77	10972	
594.96	11342	
595.15	9032.2	
595.34	9354.4	
595.54	10896	
595.73	10322	
595.92	8510	
596.11	9155.1	
596.3	11133	
596.49	10333	
596.68	9037	
596.88	9121	
597.07	10835	
597.26	10231	
597.45	8672.5	
597.64	9608.4	
597.83	10454	
598.02	10854	
598.22	8758.5	
598.41	9289.6	
598.6	10839	
598.79	10340	
598.98	8829.5	
599.17	9561.3	
599.36	10834	
599.55	11472	
599.74	10208	
599.94	10010	
600.13	11174	
600.32	10432	
600.51	8798.8	
600.7	8928.5	
600.89	11499	
601.08	11530	
601.27	8787.2	
601.47	9414.5	
601.66	11041	
601.85	11460	
602.04	9239.8	
602.23	9308.7	
602.42	10522	
602.61	10950	
602.8	9093	
602.99	8912.1	
603.18	10754	
603.37	10896	
603.57	9338.1	
603.76	9637.1	
603.95	11366	
604.14	11020	
604.33	9168.1	
604.52	9251.4	
604.71	11013	
604.9	10661	
605.09	9725.8	
605.28	9471.9	
605.47	11384	
605.66	11036	
605.86	9411.8	
606.05	8925	
606.24	11278	
606.43	10246	
606.62	9209	
606.81	9768.8	
607	11145	
607.19	10705	
607.38	8828.8	
607.57	8912.1	
607.76	10436	
607.95	10030	
608.14	9198.1	
608.33	9535.3	
608.52	10370	
608.72	11082	
608.91	8602.8	
609.1	8618.5	
609.29	10429	
609.48	10135	
609.67	9095	
609.86	8563.2	
610.05	10236	
610.24	10273	
610.43	8514.8	
610.62	8264.9	
610.81	11048	
611	10910	
611.19	8481.3	
611.38	8946.2	
611.57	10426	
611.76	11153	
611.95	8335.2	
612.14	8220.5	
612.33	10219	
612.52	10025	
612.71	8582.4	
612.9	8183.7	
613.09	9714.9	
613.28	11266	
613.47	8516.8	
613.66	9026.8	
613.85	10292	
614.04	9953.1	
614.24	8464.9	
614.43	7980.9	
614.62	10477	
614.81	10314	
615	8790.6	
615.19	8787.2	
615.38	9818.6	
615.57	10181	
615.76	8624	
615.95	9247.3	
616.14	10513	
616.33	10089	
616.52	8904.6	
616.71	8950.3	
616.9	10328	
617.09	10142	
617.28	8472.4	
617.47	9229.5	
617.66	9833.7	
617.85	9823.4	
618.04	8982.4	
618.22	8576.9	
618.41	9978.4	
618.6	10694	
618.79	8629.5	
618.98	8548.2	
619.17	10766	
619.36	9701.9	
619.55	8607.6	
619.74	8574.8	
619.93	10358	
620.12	9967.5	
620.31	9071.8	
620.5	9078.6	
620.69	10691	
620.88	11109	
621.07	9512.1	
621.26	8895	
621.45	10565	
621.64	10488	
621.83	9017.2	
622.02	8452	
622.21	10567	
622.4	10327	
622.59	9238.4	
622.78	9263.6	
622.97	10153	
623.16	10726	
623.35	9053.4	
623.54	8442.4	
623.72	10229	
623.91	10296	
624.1	9194	
624.29	8277.2	
624.48	11080	
624.67	10440	
624.86	9022	
625.05	8368.7	
625.24	10991	
625.43	10133	
625.62	10010	
625.81	8581.7	
626	10559	
626.19	10102	
626.38	8899.1	
626.56	8603.5	
626.75	9998.9	
626.94	10421	
627.13	8920.3	
627.32	8075.1	
627.51	10404	
627.7	10959	
627.89	8025.3	
628.08	8753	
628.27	9695.1	
628.46	9872.6	
628.65	8245.1	
628.83	7895.6	
629.02	10060	
629.21	9572.2	
629.4	8439	
629.59	8468.4	
629.78	9585.2	
629.97	10217	
630.16	8500.4	
630.35	8219.9	
630.54	10553	
630.72	10405	
630.91	8235.6	
631.1	8540.7	
631.29	10033	
631.48	9977.7	
631.67	8688.8	
631.86	8228.7	
632.05	9895.8	
632.24	9785.9	
632.42	8118.1	
632.61	8456.7	
632.8	9807.7	
632.99	9523.7	
633.18	8400.1	
633.37	8697.7	
633.56	10017	
633.75	9864.4	
633.93	8367.3	
634.12	8306.6	
634.31	10548	
634.5	10241	
634.69	8324.3	
634.88	8595.3	
635.07	9924.5	
635.25	10235	
635.44	8926.4	
635.63	8960.5	
635.82	9869.2	
636.01	9274.6	
636.2	8806.3	
636.39	8495.7	
636.57	10642	
636.76	10176	
636.95	8165.9	
637.14	9052	
637.33	10006	
637.52	10498	
637.7	7946.8	
637.89	8682.7	
638.08	9783.1	
638.27	10671	
638.46	8673.8	
638.65	8872.5	
638.83	10611	
639.02	9654.1	
639.21	8566	
639.4	8769.4	
639.59	9828.9	
639.78	9594.7	
639.96	8033.5	
640.15	7996	
640.34	9814.5	
640.53	9814.5	
640.72	7745.4	
640.91	7881.3	
641.09	9297.1	
641.28	10137	
641.47	8012.3	
641.66	8557.8	
641.85	9667.1	
642.03	9780.4	
642.22	8204.2	
642.41	8033.5	
642.6	9299.1	
642.79	8860.9	
642.97	7795.3	
643.16	8217.8	
643.35	9335.3	
643.54	9043.1	
643.73	7711.3	
643.91	8164.6	
644.1	8940.1	
644.29	9336	
644.48	7553.6	
644.67	7646.4	
644.85	8823.3	
645.04	9222.7	
645.23	7234.8	
645.42	7406.1	
645.6	8651.3	
645.79	9341.5	
645.98	7145.4	
646.17	6516	
646.36	8335.9	
646.54	8602.8	
646.73	7544	
646.92	6836.1	
647.11	8295	
647.29	8886.1	
647.48	6827.9	
647.67	6494.1	
647.86	8972.8	
648.05	9006.3	
648.23	6870.9	
648.42	7610.9	
648.61	8587.1	
648.8	8480.6	
648.98	6642.9	
649.17	6858	
649.36	8226	
649.55	7918.8	
649.73	6667.5	
649.92	7203.4	
650.11	8176.2	
650.3	8250.6	
650.48	6755.6	
650.67	6724.8	
650.86	8497	
651.05	7780.2	
651.23	6685.3	
651.42	6662.7	
651.61	8153	
651.79	8074.5	
651.98	6827.2	
652.17	6498.2	
652.36	8393.9	
652.54	7684	
652.73	6640.2	
652.92	6451.8	
653.11	8405.5	
653.29	8473.1	
653.48	6142.5	
653.67	6763.1	
653.85	8212.4	
654.04	8852	
654.23	6819.7	
654.42	6554.2	
654.6	7765.9	
654.79	8178.2	
654.98	6185.5	
655.16	6454.5	
655.35	7520.1	
655.54	7245	
655.73	6070.2	
655.91	5944.6	
656.1	7926.3	
656.29	7221.8	
656.47	5700.2	
656.66	6901	
656.85	7524.9	
657.03	7548.8	
657.22	6115.2	
657.41	6157.6	
657.59	7688.1	
657.78	7515.4	
657.97	5999.2	
658.16	6543.9	
658.34	8153	
658.53	8440.4	
658.72	7146	
658.9	7304.4	
659.09	7882.6	
659.28	7889.5	
659.46	6358.9	
659.65	6305	
659.84	7718.1	
660.02	8191.9	
660.21	6386.9	
660.4	6190.3	
660.58	8359.8	
660.77	7857.4	
660.96	6571.9	
661.14	5965.1	
661.33	8640.4	
661.52	8571.4	
661.7	5993	
661.89	8111.3	
662.08	7653.9	
662.26	7299	
662.45	6247.7	
662.64	6235.4	
662.82	8192.6	
663.01	7565.2	
663.2	6264.1	
663.38	6690	
663.57	7985.7	
663.75	7889.5	
663.94	6421.1	
664.13	7208.8	
664.31	7643.7	
664.5	7981.6	
664.69	6531	
664.87	6882.5	
665.06	7429.3	
665.25	7914	
665.43	7012.2	
665.62	7045	
665.8	7993.9	
665.99	7628.7	
666.18	6390.3	
666.36	6382.8	
666.55	7963.9	
666.74	7841.7	
666.92	6040.1	
667.11	7064.1	
667.29	7576.8	
667.48	7917.4	
667.67	6749.4	
667.85	6162.3	
668.04	7525.6	
668.22	7478.5	
668.41	6320	
668.6	6556.2	
668.78	7322.2	
668.97	7587	
669.15	6533	
669.34	5829.9	
669.53	7380.9	
669.71	7639.6	
669.9	5914.5	
670.08	6327.5	
670.27	7272.3	
670.46	7809.6	
670.64	6483.9	
670.83	6611.5	
671.01	7213.6	
671.2	7638.9	
671.38	5997.8	
671.57	5956.9	
671.76	8095.6	
671.94	8432.2	
672.13	5888.6	
672.31	6419	
672.5	7873.1	
672.69	7336.5	
672.87	6002.6	
673.06	6115.2	
673.24	7774.1	
673.43	7390.4	
673.61	6360.3	
673.8	6111.8	
673.98	7692.9	
674.17	7867.6	
674.36	6513.2	
674.54	6411.5	
674.73	7482.6	
674.91	7793.9	
675.1	6242.9	
675.28	5949.3	
675.47	7473.7	
675.65	7756.3	
675.84	6112.5	
676.03	6313.2	
676.21	7410.2	
676.4	6963.1	
676.58	6514.6	
676.77	6469.5	
676.95	8341.4	
677.14	7260	
677.32	5834.7	
677.51	5749.3	
677.69	7801.4	
677.88	7047.1	
678.06	5801.9	
678.25	5847	
678.44	7438.2	
678.62	7200	
678.81	5667.4	
678.99	6247.7	
679.18	7884	
679.36	7598	
679.55	6043.6	
679.73	6376.7	
679.92	7576.1	
680.1	7203.4	
680.29	6792.4	
680.47	5907.7	
680.66	7212.9	
680.84	7697.6	
681.03	5589.6	
681.21	6385.6	
681.4	7244.3	
681.58	7139.9	
681.77	5766.4	
681.95	5784.8	
682.14	7733.1	
682.32	7933.8	
682.51	6317.3	
682.69	5461.2	
682.88	7113.3	
683.06	7329.7	
683.25	6121.4	
683.43	6385.6	
683.62	7276.4	
683.8	7407.5	
683.99	6381.5	
684.17	5925.5	
684.36	8000	
684.54	7146.7	
684.73	5376.6	
684.91	5477.6	
685.1	7230	
685.28	6747.4	
685.46	5654.4	
685.65	5542.5	
685.83	7053.2	
686.02	6552.1	
686.2	5108.3	
686.39	5248.3	
686.57	6354.2	
686.76	7301	
686.94	5120.6	
687.13	5258.5	
687.31	6804	
687.5	6593.1	
687.68	4883.7	
687.86	5627.1	
688.05	7860.8	
688.23	6263.4	
688.42	5709.1	
688.6	5225.1	
688.79	6524.1	
688.97	6556.2	
689.16	5526.8	
689.34	4843.4	
689.52	6988.4	
689.71	7206.1	
689.89	5709.1	
690.08	5281.7	
690.26	6852.5	
690.45	6671.6	
690.63	5818.3	
690.81	5445.5	
691	6693.4	
691.18	6470.2	
691.37	5406	
691.55	6748.1	
691.74	6446.3	
691.92	7669.6	
692.1	5352.7	
692.29	4894	
692.47	6726.9	
692.66	6156.9	
692.84	5065.3	
693.02	5380	
693.21	6195.8	
693.39	6664.8	
693.58	5519.3	
693.76	5048.9	
693.94	7263.5	
694.13	7157.7	
694.31	5222.3	
694.5	5890	
694.68	6566.5	
694.86	6863.4	
695.05	5485.8	
695.23	5794.4	
695.42	7069.6	
695.6	8502.5	
695.78	5933	
695.97	5341.1	
696.15	7124.9	
696.34	6712.6	
696.52	5219.6	
696.7	5784.1	
696.89	6932.4	
697.07	6432.7	
697.25	5625.1	
697.44	6440.2	
697.62	6812.9	
697.81	6975.4	
697.99	5378	
698.17	5610.8	
698.36	6343.9	
698.54	6711.2	
698.72	5532.2	
698.91	4913.1	
699.09	6485.9	
699.28	6339.1	
699.46	5240.8	
699.64	5166.3	
699.83	6406	
700.01	6989.7	
700.19	5760.9	
700.38	4802.5	
700.56	7101.7	
700.74	6374	
700.93	4990.9	
701.11	5482.4	
701.29	6875	
701.48	7490.8	
701.66	5149.3	
701.84	5231.9	
702.03	6625.9	
702.21	7064.8	
702.39	5009.3	
702.58	5343.2	
702.76	6982.2	
702.94	6905.8	
703.13	4932.2	
703.31	6407.4	
703.49	6479.8	
703.68	7064.1	
703.86	5115.8	
704.04	5620.3	
704.23	6732.4	
704.41	6957.6	
704.59	5188.9	
704.78	5834.7	
704.96	7804.8	
705.14	6939.2	
705.33	5102.9	
705.51	5479.7	
705.69	6632	
705.87	7212.3	
706.06	5668.1	
706.24	5033.2	
706.42	6867.5	
706.61	6965.8	
706.79	5810.1	
706.97	5019.6	
707.16	6492.7	
707.34	6888.7	
707.52	5689.9	
707.7	5156.8	
707.89	6563.7	
708.07	6307.7	
708.25	5717.2	
708.44	5780.1	
708.62	6464.1	
708.8	7193.1	
708.98	5834	
709.17	5217.5	
709.35	6703.7	
709.53	6678.4	
709.72	5027.8	
709.9	5114.5	
710.08	6969.2	
710.26	6977.4	
710.45	5988.3	
710.63	5313.8	
710.81	6616.3	
710.99	6640.9	
711.18	5571.8	
711.36	5208.7	
711.54	6498.2	
711.72	7000.6	
711.91	5165.7	
712.09	4900.8	
712.27	6629.3	
712.45	6937.8	
712.64	5337	
712.82	4653	
713	6143.2	
713.18	6210.8	
713.37	4732.2	
713.55	5436.7	
713.73	6827.2	
713.91	5767.8	
714.1	4779.3	
714.28	4412.7	
714.46	6328.2	
714.64	5799.2	
714.83	3944.4	
715.01	4367.6	
715.19	5773.2	
715.37	5206.6	
715.55	4102.1	
715.74	4225	
715.92	6157.6	
716.1	4827.1	
716.28	4899.4	
716.47	4364.9	
716.65	5401.9	
716.83	5381.4	
717.01	4263.9	
717.19	4188.1	
717.38	6602	
717.56	5145.9	
717.74	4340.3	
717.92	3861.8	
718.1	5948	
718.29	5403.2	
718.47	3650.2	
718.65	4113	
718.83	6013.5	
719.01	5925.5	
719.2	3824.2	
719.38	4423.6	
719.56	5868.8	
719.74	6782.2	
719.92	4216.1	
720.11	4954	
720.29	5933.6	
720.47	5337.7	
720.65	3893.9	
720.83	4364.2	
721.02	5500.2	
721.2	5287.9	
721.38	4375.1	
721.56	3861.1	
721.74	4969.7	
721.92	5061.2	
722.11	4562.9	
722.29	4362.9	
722.47	5824.4	
722.65	5281.7	
722.83	3926.6	
723.01	4401.1	
723.2	5331.5	
723.38	5578	
723.56	3488.4	
723.74	4178.5	
723.92	4992.9	
724.1	5674.2	
724.29	3808.5	
724.47	4515.1	
724.65	5200.5	
724.83	4985.4	
725.01	3753.2	
725.19	4212.7	
725.37	4999.1	
725.56	5029.1	
725.74	3676.1	
725.92	3807.9	
726.1	5092.6	
726.28	5231.9	
726.46	4090.5	
726.64	3923.2	
726.83	5227.1	
727.01	5396.4	
727.19	3640.6	
727.37	4174.4	
727.55	5361.6	
727.73	5601.9	
727.91	3624.9	
728.09	3570.3	
728.28	5683.8	
728.46	5795.1	
728.64	4270	
728.82	4188.1	
729	6223.1	
729.18	5940.5	
729.36	3715.7	
729.54	5188.9	
729.72	6502.3	
729.91	5425.8	
730.09	5044.1	
730.27	4164.9	
730.45	5460.6	
730.63	5806	
730.81	4619.5	
730.99	4040.6	
731.17	6246.3	
731.35	5315.8	
731.53	4297.3	
731.71	4132.1	
731.9	6087.2	
732.08	6038.8	
732.26	4319.2	
732.44	4065.2	
732.62	6100.2	
732.8	5872.2	
732.98	4556.7	
733.16	3941	
733.34	5851	
733.52	4898.7	
733.7	4273.4	
733.88	4294.6	
734.07	5711.1	
734.25	5537	
734.43	3932.1	
734.61	4867.3	
734.79	6454.5	
734.97	5485.1	
735.15	3984.7	
735.33	4197	
735.51	5720	
735.69	5507.7	
735.87	4866	
736.05	4325.3	
736.23	5605.3	
736.41	5397.1	
736.59	4220.2	
736.77	4331.5	
736.95	5885.9	
737.13	5472.2	
737.32	3974.4	
737.5	4136.9	
737.68	6181.5	
737.86	5429.8	
738.04	3897.3	
738.22	5070.8	
738.4	5309	
738.58	5544.5	
738.76	4264.6	
738.94	3644	
739.12	5384.1	
739.3	5322.7	
739.48	4632.5	
739.66	4486.4	
739.84	5532.2	
740.02	5555.5	
740.2	3721.8	
740.38	3900	
740.56	5850.4	
740.74	5005.9	
740.92	4375.1	
741.1	4119.8	
741.28	5420.3	
741.46	5276.9	
741.64	4003.8	
741.82	4362.9	
742	5477	
742.18	5367	
742.36	4065.9	
742.54	3842.7	
742.72	5838.8	
742.9	4909.7	
743.08	4291.2	
743.26	3533.4	
743.44	5872.2	
743.62	5730.2	
743.8	4446.8	
743.98	3855	
744.16	5554.1	
744.34	5388.9	
744.52	4341.7	
744.7	4244.8	
744.88	5650.3	
745.06	5319.3	
745.24	4278.2	
745.42	4361.5	
745.6	5684.5	
745.78	5640.8	
745.96	3661.8	
746.14	3803.1	
746.32	6173.9	
746.5	5603.9	
746.68	4135.5	
746.86	3780.6	
747.03	5847	
747.21	4870.1	
747.39	4143	
747.57	3732.1	
747.75	5370.5	
747.93	5593.7	
748.11	3725.3	
748.29	3723.2	
748.47	6423.1	
748.65	5098.1	
748.83	4205.8	
749.01	4017.4	
749.19	5552.7	
749.37	4896	
749.55	3987.4	
749.73	4045.4	
749.91	5361.6	
750.09	5145.9	
750.26	4013.3	
750.44	3585.3	
750.62	5297.4	
750.8	5238	
750.98	3577.8	
751.16	3731.4	
751.34	5395	
751.52	4911.7	
751.7	4260.5	
751.88	3521.8	
752.06	5682.4	
752.24	5382.1	
752.42	3492.5	
752.59	3684.3	
752.77	5221	
752.95	5986.9	
753.13	4123.2	
753.31	3744.4	
753.49	5029.1	
753.67	5263.3	
753.85	3981.3	
754.03	3687.7	
754.21	5467.4	
754.38	5653.8	
754.56	3750.5	
754.74	3146.4	
754.92	4988.2	
755.1	5310.4	
755.28	3075.4	
755.46	3115.6	
755.64	5846.3	
755.82	5902.9	
755.99	3316.3	
756.17	3355.3	
756.35	4265.2	
756.53	5126.1	
756.71	2615.9	
756.89	3407.1	
757.07	4874.2	
757.25	4394.3	
757.42	3500	
757.6	4046.1	
757.78	4986.8	
757.96	4362.9	
758.14	3288.4	
758.32	3054.2	
758.5	4034.5	
758.67	4576.5	
758.85	3165.5	
759.03	3209.2	
759.21	4718.5	
759.39	4316.4	
759.57	2924.5	
759.75	3620.1	
759.92	5150	
760.1	4763.6	
760.28	3807.9	
760.46	4027	
760.64	4598.4	
760.82	4444.8	
760.99	3784	
761.17	3257	
761.35	5098.8	
761.53	4367.6	
761.71	3476.1	
761.89	3786	
762.06	4994.3	
762.24	4668	
762.42	3478.1	
762.6	3238.5	
762.78	4684.4	
762.96	5062.6	
763.13	3699.3	
763.31	3449.5	
763.49	5164.3	
763.67	4689.2	
763.85	4055.7	
764.02	4439.3	
764.2	5447.6	
764.38	4790.2	
764.56	3420.8	
764.74	3976.5	
764.91	5495.4	
765.09	4693.9	
765.27	3257	
765.45	3078.1	
765.63	5601.2	
765.8	5270.8	
765.98	3029.6	
766.16	3186	
766.34	4485.1	
766.52	4332.1	
766.69	3713	
766.87	3023.5	
767.05	4796.3	
767.23	5286.5	
767.41	3220.1	
767.58	3418.1	
767.76	5110.4	
767.94	5100.8	
768.12	3308.8	
768.29	3691.8	
768.47	4697.4	
768.65	5237.3	
768.83	3040.6	
769	3738.9	
769.18	4434.5	
769.36	4877.6	
769.54	3708.9	
769.72	3031	
769.89	5181.4	
770.07	5150	
770.25	3304.1	
770.43	4042	
770.6	5626.5	
770.78	5823.7	
770.96	3475.4	
771.14	3766.9	
771.31	5096	
771.49	4614.8	
771.67	2893.1	
771.85	3040.6	
772.02	4182.6	
772.2	4610.7	
772.38	3508.9	
772.55	3140.2	
772.73	4941.1	
772.91	4635.9	
773.09	3366.2	
773.26	3511.6	
773.44	4790.2	
773.62	4625	
773.8	3161.4	
773.97	2930.6	
774.15	4822.3	
774.33	4561.5	
774.5	3046.7	
774.68	3272.7	
774.86	4858.5	
775.04	4603.2	
775.21	3121.1	
775.39	3038.5	
775.57	4810	
775.74	4927.4	
775.92	2970.2	
776.1	2863.1	
776.27	4711.7	
776.45	5472.2	
776.63	3031.7	
776.81	2833	
776.98	4595.6	
777.16	5158.2	
777.34	3104.7	
777.51	3284.3	
777.69	4537.6	
777.87	4420.9	
778.04	3267.2	
778.22	3575.8	
778.4	4427	
778.57	4847.5	
778.75	2740.2	
778.93	2924.5	
779.1	4296.6	
779.28	4139.6	
779.46	2743.6	
779.64	2964.8	
779.81	4982	
779.99	5426.4	
780.17	3479.5	
780.34	3598.3	
780.52	4605.9	
780.69	4642.7	
780.87	3263.1	
781.05	2939.5	
781.22	4648.2	
781.4	4668	
781.58	3052.2	
781.75	2533.3	
781.93	4655.7	
782.11	4147.8	
782.28	3608.5	
782.46	3020.1	
782.64	4149.9	
782.81	4744.5	
782.99	3162.7	
783.17	3057.6	
783.34	4657.8	
783.52	4258.4	
783.69	3127.9	
783.87	3762.8	
784.05	4302.8	
784.22	4274.8	
784.4	3682.9	
784.58	3278.1	
784.75	4863.9	
784.93	4326.7	
785.1	3011.9	
785.28	3419.4	
785.46	4727.4	
785.63	4230.4	
785.81	3035.1	
785.99	2862.4	
786.16	4408.6	
786.34	4567.7	
786.51	2938.8	
786.69	3229.6	
786.87	4055	
787.04	4370.4	
787.22	2864.4	
787.39	3398.3	
787.57	4274.8	
787.75	4903.5	
787.92	3653.6	
788.1	3513.6	
788.27	4212	
788.45	4076.1	
788.63	3360.7	
788.8	2496.5	
788.98	4619.5	
789.15	3947.8	
789.33	2667.1	
789.5	3005.7	
789.68	4777.9	
789.86	4873.5	
790.03	3259	
790.21	2895.1	
790.38	4886.5	
790.56	4298	
790.73	2869.2	
790.91	2798.9	
791.09	4222.2	
791.26	4688.5	
791.44	3059	
791.61	2637.8	
791.79	4246.8	
791.96	4188.8	
792.14	2724.5	
792.32	2497.8	
792.49	4202.4	
792.67	4320.5	
792.84	2780.5	
793.02	2649.4	
793.19	4560.8	
793.37	5012.7	
793.54	2495.1	
793.72	2672.6	
793.89	5020.3	
794.07	4160.8	
794.25	3119.1	
794.42	2584.5	
794.6	4894	
794.77	4549.9	
794.95	3249.4	
795.12	2885.6	
795.3	4268	
795.47	4598.4	
795.65	3124.5	
795.82	3054.2	
796	4117.8	
796.17	5247.6	
796.35	2977.7	
796.52	3406.5	
796.7	4545.8	
796.87	4605.2	
797.05	2966.8	
797.22	3468.6	
797.4	4635.2	
797.57	5208.7	
797.75	3106.8	
797.92	2914.9	
798.1	4846.2	
798.27	4043.4	
798.45	2564.1	
798.62	2735.4	
798.8	4388.8	
798.97	4743.8	
799.15	3168.9	
799.32	3074.7	
799.5	3903.4	
799.67	4418.2	
799.85	3269.2	
800.02	2518.3	
800.2	4197	
800.37	4316.4	
800.55	3347.1	
800.72	2895.1	
800.9	4737	
801.07	4974.5	
801.25	3702.7	
801.42	3105.4	
801.6	4761.5	
801.77	4403.8	
801.95	2997.5	
802.12	2833	
802.29	4580.6	
802.47	4420.2	
802.64	3149.8	
802.82	2495.8	
802.99	4223.6	
803.17	4810.7	
803.34	3024.8	
803.52	2775	
803.69	5211.4	
803.87	4037.9	
804.04	3069.9	
804.21	3092.4	
804.39	4980	
804.56	4314.4	
804.74	2663.7	
804.91	3173.7	
805.09	4207.2	
805.26	4239.3	
805.44	2693.8	
805.61	2958.6	
805.78	4666	
805.96	4591.5	
806.13	3132.7	
806.31	3316.3	
806.48	3878.2	
806.66	4189.5	
806.83	3134.1	
807	3047.4	
807.18	4203.1	
807.35	4440	
807.53	3018	
807.7	2596.8	
807.87	4962.2	
808.05	4194.9	
808.22	3264.5	
808.4	2532	
808.57	4141.7	
808.74	3971	
808.92	2839.2	
809.09	3587.4	
809.27	4225	
809.44	4509.6	
809.61	2579.8	
809.79	2783.2	
809.96	5098.1	
810.14	4607.2	
810.31	2517	
810.48	3019.4	
810.66	4259.1	
810.83	4653.7	
811.01	2840.5	
811.18	3107.5	
811.35	4696	
811.53	3779.2	
811.7	3356.6	
811.87	3145.7	
812.05	4295.3	
812.22	4207.9	
812.39	2773.6	
812.57	2684.2	
812.74	4276.2	
812.92	5324.7	
813.09	3027.6	
813.26	3145	
813.44	5051	
813.61	4119.1	
813.78	2582.5	
813.96	3216	
814.13	4265.9	
814.3	4046.1	
814.48	3460.4	
814.65	2970.9	
814.82	5054.4	
815	3992.2	
815.17	3059.7	
815.34	3558.7	
815.52	4137.6	
815.69	4155.3	
815.87	2972.3	
816.04	2900.6	
816.21	4158.7	
816.38	3870	
816.56	2940.9	
816.73	2709.5	
816.9	5132.2	
817.08	4624.3	
817.25	2809.1	
817.42	3331.4	
817.6	3942.3	
817.77	4176.5	
817.94	3069.9	
818.12	2736.8	
818.29	4046.8	
818.46	5656.5	
818.64	2905.4	
818.81	2722.4	
818.98	4031.1	
819.16	5389.6	
819.33	3234.4	
819.5	3037.8	
819.67	4450.2	
819.85	4907.6	
820.02	3035.8	
820.19	3135.4	
820.37	4387.4	
820.54	4109.6	
820.71	3041.9	
820.88	3676.8	
821.06	4341	
821.23	4070.7	
821.4	3080.8	
821.58	3054.2	
821.75	4693.3	
821.92	4313	
822.09	2594.1	
822.27	2644.6	
822.44	4243.4	
822.61	4158.1	
822.79	2575.7	
822.96	4498.7	
823.13	4465.9	
823.3	3923.2	
823.48	2895.8	
823.65	2633.7	
823.82	4740.4	
823.99	3945.8	
824.17	3603.1	
824.34	2680.1	
824.51	5275.6	
824.68	4268.6	
824.86	2796.2	
825.03	3050.8	
825.2	4259.8	
825.37	4840.7	
825.55	2798.2	
825.72	2939.5	
825.89	5214.1	
826.06	4917.9	
826.24	2974.3	
826.41	3021.4	
826.58	4971.8	
826.75	4390.8	
826.92	2465.1	
827.1	2632.3	
827.27	6325.5	
827.44	5158.8	
827.61	2862.4	
827.79	3309.5	
827.96	4115.1	
828.13	4205.2	
828.3	2917	
828.47	2516.3	
828.65	4509.6	
828.82	4446.1	
828.99	3576.4	
829.16	3176.4	
829.34	4718.5	
829.51	4622.3	
829.68	3016	
829.85	3053.5	
830.02	4982	
830.2	4691.2	
830.37	2402.9	
830.54	3536.8	
830.71	5221.6	
830.88	4228.4	
831.05	2415.9	
831.23	2749.7	
831.4	5070.1	
831.57	5421	
831.74	2804.4	
831.91	2486.9	
832.09	4558.1	
832.26	4689.2	
832.43	2851.5	
832.6	3188	
832.77	4417.5	
832.94	5027.8	
833.12	2364	
833.29	2788	
833.46	4330.8	
833.63	5532.9	
833.8	3094.5	
833.97	2838.5	
834.15	4797.7	
834.32	4605.9	
834.49	3046.7	
834.66	3077.4	
834.83	4774.5	
835	4111.6	
835.17	2808.4	
835.35	2816.6	
835.52	4657.1	
835.69	4545.8	
835.86	2899.2	
836.03	2499.9	
836.2	4713.1	
836.37	4431.8	
836.55	2833.7	
836.72	2753.2	
836.89	4418.8	
837.06	4754	
837.23	2968.2	
837.4	3107.5	
837.57	5259.9	
837.75	5564.3	
837.92	2631	
838.09	2866.5	
838.26	4420.9	
838.43	4816.1	
838.6	2992.1	
838.77	2679.4	
838.94	5387.5	
839.11	5245.5	
839.29	2895.8	
839.46	2372.2	
839.63	4709.6	
839.8	4474.8	
839.97	2807.8	
840.14	2772.3	
840.31	4565.6	
840.48	4760.8	
840.65	2489.6	
840.82	2792.7	
841	4681	
841.17	4539	
841.34	2567.5	
841.51	2652.8	
841.68	4688.5	
841.85	4437.3	
842.02	2700.6	
842.19	2314.9	
842.36	4545.1	
842.53	4519.2	
842.7	2598.2	
842.87	3061.7	
843.05	5629.2	
843.22	4448.9	
843.39	2518.3	
843.56	2755.2	
843.73	4409.3	
843.9	4777.9	
844.07	3964.9	
844.24	3331.4	
844.41	6121.4	
844.58	4157.4	
844.75	2572.9	
844.92	2680.1	
845.09	4634.6	
845.26	4648.9	
845.43	2570.2	
845.6	2751.1	
845.77	4713.7	
845.94	4501.4	
846.12	2849.4	
846.29	2934.7	
846.46	4847.5	
846.63	4621.6	
846.8	2604.3	
846.97	2996.2	
847.14	4968.4	
847.31	4610.7	
847.48	2925.2	
847.65	3111.5	
847.82	4788.8	
847.99	4756.7	
848.16	3325.9	
848.33	3065.1	
848.5	4343.7	
848.67	4960.2	
848.84	2514.2	
849.01	2702	
849.18	4343.7	
849.35	4102.8	
849.52	3127.9	
849.69	2527.2	
849.86	4835.9	
850.03	4870.8	
850.2	2633	
850.37	3104	
850.54	4866	
850.71	4432.5	
850.88	3067.9	
851.05	2516.3	
851.22	4522.6	
851.39	4983.4	
851.56	2465.8	
851.73	2928.6	
851.9	4194.9	
852.07	4870.1	
852.24	2795.5	
852.41	2526.5	
852.58	4629.8	
852.75	4235.9	
852.92	2859	
853.09	2506	
853.26	4349.2	
853.43	4930.1	
853.6	2600.2	
853.77	2260.3	
853.94	4990.9	
854.11	4154.6	
854.28	3618.8	
854.44	2790.7	
854.61	5221.6	
854.78	4832.5	
854.95	2557.9	
855.12	3128.6	
855.29	3933.5	
855.46	5092.6	
855.63	2592	
855.8	3487	
855.97	4332.1	
856.14	4913.8	
856.31	3493.2	
856.48	2760.7	
856.65	4406.5	
856.82	4165.6	
856.99	2508.1	
857.16	2774.3	
857.33	5429.8	
857.49	4399.7	
857.66	2765.4	
857.83	2930.6	
858	4488.5	
858.17	4549.9	
858.34	2504.7	
858.51	2611.8	
858.68	5052.3	
858.85	5012.1	
859.02	2905.4	
859.19	3045.3	
859.36	4252.9	
859.52	4211.3	
859.69	2607.1	
859.86	2977.1	
860.03	4192.2	
860.2	4967	
860.37	2380.4	
860.54	2622.8	
860.71	4805.9	
860.88	5015.5	
861.05	2832.3	
861.21	3162.7	
861.38	5000.5	
861.55	4029.7	
861.72	2435	
861.89	2791.4	
862.06	4863.9	
862.23	5105.6	
862.4	2575.7	
862.56	2638.5	
862.73	4755.4	
862.9	4542.4	
863.07	2953.2	
863.24	2402.3	
863.41	4160.1	
863.58	4222.2	
863.75	2686.3	
863.91	2950.4	
864.08	4922	
864.25	4762.2	
864.42	3136.1	
864.59	3495.2	
864.76	5190.9	
864.93	4221.5	
865.09	2549.7	
865.26	2739.5	
865.43	4967.7	
865.6	5180.7	
865.77	2258.2	
865.94	2533.3	
866.1	4979.3	
866.27	4696	
866.44	3685.7	
866.61	2478	
866.78	4473.4	
866.95	4721.9	
867.11	2602.3	
867.28	2365.4	
867.45	4931.5	
867.62	4203.1	
867.79	2976.4	
867.96	2558.6	
868.12	4173.8	
868.29	4760.2	
868.46	2635.1	
868.63	3316.3	
868.8	4883	
868.97	4737.6	
869.13	2643.9	
869.3	2702.6	
869.47	4661.9	
869.64	4809.3	
869.81	2600.9	
869.97	2622.1	
870.14	4618.9	
870.31	4971.8	
870.48	2524.5	
870.65	3138.9	
870.81	4410	
870.98	4421.6	
871.15	2863.1	
871.32	2654.9	
871.48	4702.8	
871.65	5041.4	
871.82	2551.8	
871.99	2856.2	
872.16	5296	
872.32	4954.7	
872.49	2646.7	
872.66	2610.5	
872.83	4794.3	
872.99	4322.6	
873.16	2869.2	
873.33	2575	
873.5	4474.8	
873.67	4600.4	
873.83	2702.6	
874	3289	
874.17	4634.6	
874.34	5190.9	
874.5	3249.4	
874.67	3113.6	
874.84	5020.9	
875.01	4075.5	
875.17	3461.1	
875.34	2532	
875.51	4577.9	
875.68	5352	
875.84	3049.4	
876.01	3626.3	
876.18	4713.7	
876.34	4717.8	
876.51	2600.9	
876.68	2532	
876.85	4390.8	
877.01	4943.1	
877.18	3502	
877.35	2575	
877.52	4674.8	
877.68	4136.2	
877.85	2545.6	
878.02	2596.8	
878.18	4373.8	
878.35	4332.8	
878.52	2103.3	
878.69	3007.8	
878.85	4863.2	
879.02	4741.7	
879.19	3538.2	
879.35	2773.6	
879.52	4767	
879.69	4804.5	
879.86	2314.9	
880.02	2877.4	
880.19	4521.2	
880.36	5242.1	
880.52	2896.5	
880.69	3028.9	
880.86	4848.2	
881.02	4810.7	
881.19	2796.2	
881.36	2755.9	
881.52	4756.1	
881.69	4313.7	
881.86	2782.5	
882.02	2695.8	
882.19	4886.5	
882.36	5532.2	
882.52	2641.2	
882.69	3469.9	
882.86	4638	
883.02	4595	
883.19	3016	
883.36	2846	
883.52	4820.2	
883.69	5347.2	
883.86	2643.9	
884.02	2379.7	
884.19	4743.8	
884.36	4554	
884.52	2871.3	
884.69	2798.2	
884.86	4309.6	
885.02	5128.1	
885.19	2862.4	
885.36	2896.5	
885.52	4491.2	
885.69	4653	
885.86	3543	
886.02	3189.4	
886.19	4818.2	
886.35	4326	
886.52	2818.7	
886.69	3469.9	
886.85	4231.8	
887.02	5003.9	
887.19	5003.9	
887.35	5003.9	
887.52	5003.9	
887.68	5003.9	
887.85	5003.9	
888.02	5003.9	
888.18	5003.9	
888.35	5003.9	
888.51	5003.9	
888.68	5003.9	
888.85	5003.9	
889.01	5003.9	
889.18	5003.9	
889.35	5003.9	
889.51	5003.9	
889.68	5003.9	
889.84	5003.9	
890.01	5003.9	
890.17	5003.9	
890.34	5003.9	
890.51	5003.9	
890.67	5003.9	
890.84	5003.9	
891	5003.9	
891.17	5003.9	
891.34	5003.9	
891.5	5003.9	
891.67	5003.9	
891.83	5003.9	
892	5003.9	
892.16	5003.9	
892.33	5003.9	
892.5	5003.9	
892.66	5003.9	
892.83	5003.9	
892.99	5003.9	
893.16	5003.9	
893.32	5003.9	
893.49	5003.9	
893.65	5003.9	
893.82	5003.9	
893.99	5003.9	
894.15	5003.9	
894.32	5003.9	
894.48	5003.9	
894.65	5003.9	
894.81	5003.9	
894.98	5003.9	
895.14	5003.9	
895.31	5003.9	
895.47	5003.9	
895.64	5003.9	
895.81	5003.9	
895.97	5003.9	
896.14	5003.9	
896.3	5003.9	
896.47	5003.9	
896.63	5003.9	
896.8	5003.9	
896.96	5003.9	
897.13	5003.9	
897.29	5003.9	
897.46	5003.9	
897.62	5003.9	
897.79	5003.9	
897.95	5003.9	
898.12	5003.9	
898.28	5003.9	
898.45	5003.9	
898.61	5003.9	
898.78	5003.9	
898.94	5003.9	
899.11	5003.9	
899.27	5003.9	
899.44	5003.9	
899.6	5003.9	
899.77	5003.9	
899.93	5003.9	
900.1	5003.9	
900.26	5003.9	
900.43	5003.9	
900.59	5003.9	
900.76	5003.9	
900.92	5003.9	
901.09	5003.9	
901.25	5003.9	
901.42	5003.9	
901.58	5003.9	
901.75	5003.9	
901.91	5003.9	
902.07	5003.9	
902.24	5003.9	
902.4	5003.9	
902.57	5003.9	
902.73	5003.9	
902.9	5003.9	
903.06	5003.9	
903.23	5003.9	
903.39	5003.9	
903.56	5003.9	
903.72	5003.9	
903.88	5003.9	
904.05	5003.9	
904.21	5003.9	
904.38	5003.9	
904.54	5003.9	
904.71	5003.9	
904.87	5003.9	
905.03	5003.9	
905.2	5003.9	
905.36	5003.9	
905.53	5003.9	
905.69	5003.9	
905.86	5003.9	
906.02	5003.9	
906.18	5003.9	
906.35	5003.9	
906.51	5003.9	
906.68	5003.9	
906.84	5003.9	
907.01	5003.9	
907.17	5003.9	
907.33	5003.9	
907.5	5003.9	
907.66	5003.9	
907.83	5003.9	
907.99	5003.9	
908.15	5003.9	
908.32	5003.9	
908.48	5003.9	
908.65	5003.9	
908.81	5003.9	
908.97	5003.9	
909.14	5003.9	
909.3	5003.9	
909.47	5003.9	
909.63	5003.9	
909.79	5003.9	
909.96	5003.9	
910.12	5003.9	
910.28	5003.9	
910.45	5003.9	
910.61	5003.9	
910.78	5003.9	
910.94	5003.9	
911.1	5003.9	
911.27	5003.9	
911.43	5003.9	
911.59	5003.9	
911.76	5003.9	
911.92	5003.9	
912.08	5003.9	
912.25	5003.9	
912.41	5003.9	
912.57	5003.9	
912.74	5003.9	
912.9	5003.9	
913.07	5003.9	
913.23	5003.9	
913.39	5003.9	
913.56	5003.9	
913.72	5003.9	
913.88	5003.9	
914.05	5003.9	
914.21	5003.9	
914.37	5003.9	
914.54	5003.9	
914.7	5003.9	
914.86	5003.9	
915.03	5003.9	
915.19	5003.9	
