Wavelength	Intensities	
nm	a.u.	
179.22	1746.9	
179.44	1741.5	
179.65	1752.4	
179.86	1730.5	
180.08	1769.4	
180.29	4201.1	
180.51	3113.6	
180.72	5150.6	
180.94	5871.5	
181.15	2843.3	
181.37	2772.3	
181.58	5014.1	
181.79	5223	
182.01	2966.8	
182.22	3190.1	
182.44	5235.3	
182.65	4491.9	
182.87	3882.3	
183.08	3452.2	
183.29	5540.4	
183.51	4628.4	
183.72	3257	
183.94	4537.6	
184.15	4960.2	
184.37	4934.9	
184.58	2847.4	
184.79	3809.2	
185.01	4739.7	
185.22	5372.5	
185.44	3967.6	
185.65	3446.7	
185.86	4956.8	
186.08	4574.5	
186.29	2832.3	
186.51	3016	
186.72	4706.9	
186.94	5432.6	
187.15	3445.4	
187.36	3503.4	
187.58	6867.5	
187.79	5091.3	
188.01	3607.8	
188.22	5464	
188.43	5928.9	
188.65	5199.8	
188.86	3063.8	
189.08	3538.9	
189.29	4764.9	
189.5	4792.2	
189.72	3304.7	
189.93	3343.7	
190.15	5388.2	
190.36	6345.3	
190.57	3534.8	
190.79	3491.8	
191	5438	
191.22	5441.5	
191.43	3611.3	
191.64	3071.3	
191.86	5647.6	
192.07	5395	
192.29	3115.6	
192.5	3241.9	
192.71	5405.3	
192.93	4771.8	
193.14	3231	
193.35	3349.1	
193.57	4799.8	
193.78	5496.7	
194	2699.9	
194.21	3202.3	
194.42	4580.6	
194.64	5020.9	
194.85	3506.8	
195.07	4052.9	
195.28	4913.8	
195.49	4414.7	
195.71	4286.4	
195.92	3076	
196.13	5148.6	
196.35	5195	
196.56	4502.1	
196.78	3486.3	
196.99	6262	
197.2	5890.6	
197.42	3929.4	
197.63	3563.5	
197.84	4519.9	
198.06	5137.7	
198.27	3225.6	
198.48	4226.3	
198.7	4801.1	
198.91	4970.4	
199.13	3588.7	
199.34	3539.6	
199.55	5358.9	
199.77	4349.9	
199.98	3148.4	
200.19	3571.7	
200.41	4859.1	
200.62	4661.9	
200.83	3683.6	
201.05	3975.8	
201.26	4965	
201.47	4722.6	
201.69	3157.3	
201.9	3118.4	
202.11	5008.6	
202.33	5729.5	
202.54	3386	
202.76	3743	
202.97	5023.7	
203.18	5086.5	
203.4	3675.4	
203.61	3641.3	
203.82	5060.5	
204.04	4699.4	
204.25	3627.6	
204.46	3476.1	
204.68	5008	
204.89	5165	
205.1	3510.9	
205.32	3040.6	
205.53	5259.2	
205.74	5423	
205.96	2661.7	
206.17	3589.4	
206.38	5221	
206.6	5366.4	
206.81	4097.3	
207.02	3300.6	
207.24	5203.9	
207.45	5506.3	
207.66	3363.4	
207.88	2940.9	
208.09	5142.4	
208.3	4992.9	
208.52	3155.9	
208.73	3457	
208.94	4986.1	
209.15	5506.3	
209.37	3403	
209.58	3820.1	
209.79	5403.9	
210.01	4769	
210.22	2809.8	
210.43	2946.3	
210.65	4944.5	
210.86	5308.3	
211.07	3444.7	
211.29	3110.9	
211.5	5263.3	
211.71	4868.7	
211.93	3144.3	
212.14	3153.2	
212.35	4897.4	
212.56	5067.4	
212.78	3594.9	
212.99	2955.9	
213.2	5735.7	
213.42	4859.1	
213.63	3260.4	
213.84	3436.5	
214.06	4501.4	
214.27	4589.5	
214.48	3413.3	
214.69	3663.1	
214.91	5596.4	
215.12	5574.6	
215.33	3596.2	
215.55	3916.4	
215.76	5965.1	
215.97	5233.9	
216.18	3473.4	
216.4	3418.7	
216.61	4716.5	
216.82	5386.2	
217.04	3168.9	
217.25	3305.4	
217.46	5537	
217.67	5299.5	
217.89	2854.9	
218.1	2938.2	
218.31	5008.6	
218.53	5125.4	
218.74	3291.8	
218.95	3227.6	
219.16	4960.9	
219.38	5753.4	
219.59	3226.9	
219.8	3714.3	
220.01	6225.8	
220.23	4986.1	
220.44	4090.5	
220.65	3135.4	
220.87	5071.5	
221.08	5554.1	
221.29	2983.9	
221.5	3702.7	
221.72	6577.4	
221.93	4704.9	
222.14	3555.3	
222.35	4181.3	
222.57	4999.8	
222.78	5251.7	
222.99	3369.6	
223.2	3644.7	
223.42	5201.2	
223.63	5311.7	
223.84	2668.5	
224.05	2732	
224.27	6164.4	
224.48	5687.2	
224.69	4168.3	
224.9	3579.8	
225.12	5146.5	
225.33	4971.8	
225.54	2899.9	
225.75	3233.1	
225.97	4676.2	
226.18	4866	
226.39	3433.8	
226.6	3229	
226.82	4818.9	
227.03	4655	
227.24	3564.8	
227.45	3068.5	
227.67	5317.9	
227.88	5689.9	
228.09	3964.2	
228.3	3977.2	
228.52	5342.5	
228.73	4920.6	
228.94	3287.7	
229.15	2956.6	
229.36	4959.5	
229.58	4874.8	
229.79	3311.6	
230	3812	
230.21	5819	
230.43	5012.1	
230.64	3542.3	
230.85	3656.3	
231.06	5356.1	
231.28	5297.4	
231.49	3025.5	
231.7	3536.8	
231.91	5241.4	
232.12	4946.5	
232.34	3097.2	
232.55	3431	
232.76	5484.5	
232.97	5100.8	
233.18	3102.7	
233.4	3491.1	
233.61	5093.3	
233.82	4804.5	
234.03	3326.6	
234.25	3244	
234.46	6638.8	
234.67	5010.7	
234.88	3607.2	
235.09	3238.5	
235.31	5120.6	
235.52	4911.7	
235.73	3481.5	
235.94	2953.2	
236.15	4782.7	
236.37	5896.8	
236.58	3158.7	
236.79	3440.6	
237	5253.7	
237.21	4590.2	
237.43	3625.6	
237.64	2967.5	
237.85	8427.4	
238.06	4640	
238.27	3643.3	
238.48	3048.1	
238.7	5229.8	
238.91	4840.7	
239.12	3432.4	
239.33	3431	
239.54	4636.6	
239.76	4960.2	
239.97	3371	
240.18	3431.7	
240.39	6010.8	
240.6	5186.1	
240.82	3544.4	
241.03	2955.9	
241.24	4987.5	
241.45	5653.8	
241.66	3125.9	
241.87	3694.5	
242.09	5579.3	
242.3	5886.5	
242.51	3674.1	
242.72	3403.7	
242.93	5296.7	
243.14	4943.8	
243.36	3954.6	
243.57	4195.6	
243.78	5727.5	
243.99	5234.6	
244.2	3414	
244.41	3091.8	
244.63	4602.5	
244.84	5180.7	
245.05	3640.6	
245.26	3462.4	
245.47	5283.1	
245.68	5380.7	
245.9	4462.5	
246.11	3569.6	
246.32	4786.1	
246.53	5156.1	
246.74	5414.8	
246.95	2992.8	
247.16	4622.9	
247.38	4962.9	
247.59	2965.5	
247.8	3498.6	
248.01	4716.5	
248.22	4977.9	
248.43	3162.7	
248.64	3403	
248.86	4548.5	
249.07	4775.9	
249.28	3072.6	
249.49	3499.3	
249.7	5433.3	
249.91	5500.8	
250.12	2926.5	
250.34	2978.4	
250.55	5084.4	
250.76	4986.1	
250.97	3569.6	
251.18	3567.6	
251.39	5507	
251.6	5113.1	
251.81	3558	
252.03	3607.2	
252.24	4816.8	
252.45	5389.6	
252.66	3050.8	
252.87	3762.8	
253.08	5055.1	
253.29	6301.6	
253.5	3042.6	
253.72	4125.3	
253.93	4867.3	
254.14	5765.7	
254.35	3321.8	
254.56	3388	
254.77	5136.3	
254.98	4627.7	
255.19	3241.9	
255.41	4024.9	
255.62	5075.5	
255.83	5471.5	
256.04	3581.2	
256.25	3562.8	
256.46	5970.5	
256.67	4757.4	
256.88	3524.6	
257.09	3889.8	
257.31	4666.6	
257.52	4721.3	
257.73	4405.2	
257.94	3282.9	
258.15	4833.2	
258.36	4979.3	
258.57	4027	
258.78	2710.8	
258.99	5391.6	
259.2	4876.2	
259.41	3325.2	
259.63	3348.4	
259.84	5668.8	
260.05	5924.8	
260.26	4183.3	
260.47	3246.7	
260.68	5453.7	
260.89	4911	
261.1	3912.3	
261.31	3106.1	
261.52	5487.9	
261.73	5688.6	
261.95	4084.3	
262.16	3689.8	
262.37	5549.3	
262.58	5599.8	
262.79	4098	
263	3325.2	
263.21	5029.8	
263.42	4906.9	
263.63	3377.8	
263.84	3284.3	
264.05	5386.8	
264.26	5754.1	
264.47	4039.3	
264.69	3682.2	
264.9	5602.6	
265.11	5129.5	
265.32	3190.1	
265.53	3264.5	
265.74	5079	
265.95	4508.9	
266.16	3482.9	
266.37	3813.3	
266.58	5091.3	
266.79	4767	
267	3219.4	
267.21	3068.5	
267.42	4599.7	
267.63	4960.2	
267.84	3409.2	
268.06	2959.3	
268.27	5380	
268.48	5595.7	
268.69	3356.6	
268.9	3916.4	
269.11	5580	
269.32	4539	
269.53	3470.6	
269.74	3229	
269.95	5174.5	
270.16	4477.5	
270.37	3481.5	
270.58	3882.3	
270.79	4870.8	
271	5400.5	
271.21	3655.6	
271.42	3489.7	
271.63	5102.9	
271.84	4664.6	
272.05	2839.8	
272.26	3090.4	
272.47	5036	
272.68	5088.5	
272.89	3351.8	
273.11	3761.4	
273.32	4795	
273.53	5730.2	
273.74	3655.6	
273.95	3574.4	
274.16	5431.2	
274.37	4971.8	
274.58	3755.3	
274.79	3035.1	
275	5122	
275.21	5512.4	
275.42	4411.3	
275.63	3827	
275.84	5285.8	
276.05	6375.3	
276.26	3647.4	
276.47	3383.2	
276.68	4876.2	
276.89	5867.4	
277.1	3899.3	
277.31	3091.1	
277.52	5205.9	
277.73	5386.8	
277.94	3059.7	
278.15	3314.3	
278.36	5147.2	
278.57	4704.2	
278.78	3304.1	
278.99	3695.2	
279.2	4744.5	
279.41	4686.4	
279.62	4273.4	
279.83	3078.8	
280.04	5941.2	
280.25	4600.4	
280.46	4246.8	
280.67	3408.5	
280.88	4695.3	
281.09	5547.9	
281.3	3599	
281.51	4468.7	
281.72	4771.8	
281.93	5349.3	
282.14	3238.5	
282.35	3502	
282.56	5455.8	
282.77	5425.1	
282.98	3326.6	
283.19	3983.3	
283.4	6475.7	
283.61	4891.2	
283.82	3126.6	
284.03	4184.7	
284.24	5129.5	
284.45	5458.5	
284.66	4141.7	
284.87	4019.5	
285.08	5483.8	
285.29	5612.8	
285.5	2954.5	
285.71	3365.5	
285.92	5444.2	
286.12	5995.1	
286.33	4186	
286.54	3403	
286.75	5366.4	
286.96	4907.6	
287.17	3154.6	
287.38	4029.7	
287.59	4768.4	
287.8	4682.3	
288.01	3381.2	
288.22	3782.6	
288.43	5328.8	
288.64	4630.5	
288.85	3918.4	
289.06	3807.2	
289.27	5343.2	
289.48	5726.1	
289.69	4191.5	
289.9	3819.5	
290.11	5543.9	
290.32	4827.7	
290.53	3960.8	
290.74	3690.4	
290.94	5361.6	
291.15	5359.5	
291.36	3291.1	
291.57	3744.4	
291.78	4831.8	
291.99	4478.2	
292.2	3150.5	
292.41	3682.2	
292.62	5455.8	
292.83	5287.2	
293.04	4474.8	
293.25	3166.2	
293.46	4865.3	
293.67	5452.4	
293.88	3255.6	
294.09	3140.2	
294.29	4625	
294.5	5126.1	
294.71	3460.4	
294.92	3319.1	
295.13	4786.8	
295.34	5855.1	
295.55	2940.9	
295.76	2923.8	
295.97	5327.4	
296.18	5890	
296.39	3088.3	
296.6	3265.1	
296.81	5074.2	
297.01	5320.6	
297.22	3390.8	
297.43	3233.1	
297.64	4796.3	
297.85	4674.1	
298.06	2770.9	
298.27	2934.1	
298.48	4974.5	
298.69	4759.5	
298.9	3491.8	
299.11	3213.3	
299.31	4599.1	
299.52	4643.4	
299.73	3733.4	
299.94	3688.4	
300.15	5012.7	
300.36	4714.4	
300.57	3657.7	
300.78	3657	
300.99	4912.4	
301.2	5075.5	
301.4	3275.4	
301.61	3476.8	
301.82	5309.7	
302.03	5403.2	
302.24	3876.8	
302.45	3095.2	
302.66	5261.2	
302.87	5531.6	
303.08	3260.4	
303.29	4390.8	
303.49	4799.1	
303.7	5027.1	
303.91	2924.5	
304.12	4133.5	
304.33	4582	
304.54	5131.5	
304.75	3287	
304.96	3164.1	
305.16	5285.8	
305.37	5825.8	
305.58	2874.7	
305.79	2975	
306	5274.9	
306.21	4513.7	
306.42	3237.2	
306.63	4795.7	
306.83	4906.3	
307.04	5385.5	
307.25	3519.8	
307.46	3486.3	
307.67	4414.1	
307.88	5330.9	
308.09	3209.8	
308.29	3306.1	
308.5	5080.3	
308.71	5461.2	
308.92	3464.5	
309.13	3134.1	
309.34	4986.8	
309.55	4958.1	
309.75	4009.2	
309.96	3682.9	
310.17	5329.5	
310.38	4725.3	
310.59	3839.3	
310.8	3072	
311.01	4876.9	
311.21	4898.7	
311.42	3157.3	
311.63	3187.3	
311.84	4814.8	
312.05	5121.3	
312.26	3584.6	
312.46	3855.6	
312.67	4835.9	
312.88	4629.8	
313.09	3149.1	
313.3	3113.6	
313.51	5627.8	
313.71	5920.7	
313.92	3135.4	
314.13	3281.5	
314.34	5158.8	
314.55	4909	
314.76	3917.1	
314.96	3530.7	
315.17	5111.7	
315.38	5418.9	
315.59	3178.4	
315.8	3056.9	
316.01	5639.4	
316.21	5668.8	
316.42	3067.9	
316.63	3507.5	
316.84	4896.7	
317.05	5580	
317.26	3674.7	
317.46	3289	
317.67	4966.3	
317.88	5331.5	
318.09	3973.1	
318.3	3003.7	
318.5	4786.8	
318.71	5223	
318.92	4869.4	
319.13	3672.7	
319.34	5413.5	
319.54	5481.7	
319.75	2979.1	
319.96	2846.7	
320.17	5285.1	
320.38	5453.1	
320.58	2967.5	
320.79	3444	
321	5465.3	
321.21	5523.4	
321.42	3471.3	
321.62	2966.8	
321.83	4703.5	
322.04	5057.1	
322.25	3366.9	
322.46	3184.6	
322.66	5072.8	
322.87	5195.7	
323.08	3802.4	
323.29	3126.6	
323.5	5907	
323.7	4683.7	
323.91	4175.8	
324.12	3805.1	
324.33	5100.1	
324.53	5291.3	
324.74	3652.2	
324.95	3829	
325.16	4592.2	
325.37	4829.8	
325.57	3166.8	
325.78	3247.4	
325.99	5113.8	
326.2	4608.6	
326.4	4468.7	
326.61	2947	
326.82	4897.4	
327.03	5067.4	
327.24	4382	
327.44	4114.4	
327.65	5216.9	
327.86	4290.5	
328.07	3671.3	
328.27	3056.9	
328.48	5588.9	
328.69	4625	
328.9	4444.8	
329.1	3343	
329.31	4954.7	
329.52	5597.1	
329.73	3182.5	
329.93	3523.9	
330.14	5078.3	
330.35	5174.5	
330.56	4966.3	
330.76	3804.4	
330.97	4906.3	
331.18	5147.2	
331.39	3534.8	
331.59	2882.9	
331.8	5434.6	
332.01	5565	
332.22	3288.4	
332.42	3647.4	
332.63	5122.7	
332.84	4763.6	
333.05	3532.1	
333.25	3234.4	
333.46	4844.1	
333.67	4999.1	
333.88	3310.2	
334.08	3647.4	
334.29	6498.9	
334.5	5521.3	
334.7	3115.6	
334.91	4370.4	
335.12	4592.9	
335.33	5366.4	
335.53	3489.1	
335.74	4924	
335.95	4881	
336.16	4679.6	
336.36	3553.2	
336.57	4025.6	
336.78	4609.3	
336.98	5472.9	
337.19	4258.4	
337.4	3373.7	
337.61	5973.2	
337.81	4661.9	
338.02	3206.4	
338.23	4111.6	
338.43	5680.4	
338.64	4710.3	
338.85	3181.2	
339.05	4127.3	
339.26	5701.5	
339.47	4579.3	
339.68	3226.9	
339.88	4536.3	
340.09	5201.8	
340.3	5404.6	
340.5	3685.7	
340.71	2854.9	
340.92	4661.9	
341.13	5573.9	
341.33	3097.2	
341.54	3703.4	
341.75	5226.4	
341.95	4863.9	
342.16	3601.7	
342.37	3815.4	
342.57	4605.2	
342.78	5008.6	
342.99	3818.1	
343.19	2921.8	
343.4	5399.1	
343.61	5238	
343.81	3443.3	
344.02	3104	
344.23	5331.5	
344.43	5666	
344.64	3907.5	
344.85	3810.6	
345.06	5227.1	
345.26	5558.9	
345.47	3619.4	
345.68	4200.4	
345.88	4528.7	
346.09	5461.2	
346.3	3659.7	
346.5	2877.4	
346.71	5008.6	
346.92	4734.9	
347.12	2976.4	
347.33	3683.6	
347.54	5470.1	
347.74	5768.4	
347.95	3614	
348.16	2848	
348.36	4848.9	
348.57	4709	
348.78	3667.2	
348.98	3877.5	
349.19	5064.6	
349.39	4622.9	
349.6	3026.2	
349.81	3301.3	
350.01	5326.8	
350.22	4829.8	
350.43	3553.9	
350.63	4185.4	
350.84	5087.2	
351.05	4864.6	
351.25	3239.2	
351.46	3014.6	
351.67	5481	
351.87	4820.2	
352.08	3462.4	
352.29	3859.1	
352.49	5438	
352.7	5254.4	
352.9	3204.4	
353.11	3921.9	
353.32	6057.2	
353.52	4921.3	
353.73	3196.9	
353.94	3960.8	
354.14	5292.6	
354.35	5161.6	
354.55	3298.6	
354.76	3607.2	
354.97	5329.5	
355.17	5097.4	
355.38	3147.7	
355.59	4183.3	
355.79	4917.2	
356	5147.2	
356.2	3592.8	
356.41	3250.1	
356.62	4720.6	
356.82	5137.7	
357.03	3898.6	
357.24	3581.9	
357.44	4896	
357.65	5053	
357.85	4563.6	
358.06	3760.8	
358.27	4705.5	
358.47	4966.3	
358.68	3196.2	
358.88	3965.6	
359.09	5433.3	
359.3	5734.3	
359.5	4515.1	
359.71	4072	
359.91	6112.5	
360.12	5629.9	
360.33	3972.4	
360.53	4330.1	
360.74	5007.3	
360.94	5102.2	
361.15	4195.6	
361.36	3545.7	
361.56	5752.1	
361.77	5277.6	
361.97	4562.9	
362.18	3755.3	
362.38	5773.9	
362.59	5028.4	
362.8	3533.4	
363	3446	
363.21	4880.3	
363.41	5461.9	
363.62	4051.6	
363.83	4856.4	
364.03	5504.3	
364.24	6293.4	
364.44	4946.5	
364.65	4922.6	
364.85	5366.4	
365.06	5072.1	
365.27	3751.2	
365.47	3803.1	
365.68	6186.9	
365.88	5387.5	
366.09	4121.9	
366.29	3878.9	
366.5	5581.4	
366.71	5969.8	
366.91	4972.5	
367.12	4291.9	
367.32	6468.9	
367.53	5852.4	
367.73	4351.9	
367.94	5139	
368.14	5861.3	
368.35	6658.6	
368.56	4293.2	
368.76	3820.1	
368.97	5993	
369.17	7344.7	
369.38	3889.8	
369.58	4205.8	
369.79	5169.8	
369.99	6318	
370.2	5024.3	
370.4	4206.5	
370.61	5778	
370.82	6729.6	
371.02	4177.2	
371.23	3616	
371.43	5185.5	
371.64	6305	
371.84	4311.7	
372.05	5148.6	
372.25	7318.8	
372.46	5995.8	
372.66	4366.3	
372.87	4272.1	
373.07	6108.4	
373.28	7544.7	
373.48	5183.4	
373.69	4956.1	
373.9	5896.8	
374.1	5920	
374.31	5221.6	
374.51	4820.9	
374.72	6553.5	
374.92	5740.5	
375.13	5423.7	
375.33	4801.8	
375.54	6305.7	
375.74	5870.8	
375.95	4927.4	
376.15	5954.8	
376.36	6437.4	
376.56	6326.9	
376.77	4988.2	
376.97	5445.5	
377.18	7488.7	
377.38	6694.1	
377.59	5712.5	
377.79	4756.1	
378	6514.6	
378.2	6798.6	
378.41	4922.6	
378.61	4814.8	
378.82	7006.1	
379.02	6373.3	
379.23	5067.4	
379.43	5986.9	
379.64	7118.1	
379.84	6857.3	
380.05	4976.6	
380.25	4916.5	
380.46	6825.9	
380.66	6518.7	
380.87	6048.3	
381.07	6234	
381.28	7305.8	
381.48	6815	
381.69	4898.7	
381.89	4973.2	
382.1	5948.7	
382.3	6895.5	
382.51	5874.3	
382.71	6552.1	
382.91	6772.6	
383.12	7271	
383.32	5195	
383.53	5298.8	
383.73	6651.1	
383.94	6561.7	
384.14	5377.3	
384.35	4693.9	
384.55	6426.5	
384.76	6770.6	
384.96	5233.2	
385.17	5317.9	
385.37	6793.1	
385.58	6094.8	
385.78	5349.3	
385.98	4469.4	
386.19	6315.3	
386.39	6675	
386.6	4986.8	
386.8	5177.9	
387.01	6763.8	
387.21	6754.9	
387.42	5509.7	
387.62	6072.2	
387.83	6318	
388.03	6756.9	
388.23	5386.2	
388.44	6032	
388.64	6123.4	
388.85	6303.6	
389.05	5728.2	
389.26	6262	
389.46	8038.3	
389.67	7460.1	
389.87	5917.9	
390.07	5908.4	
390.28	6932.4	
390.48	6565.8	
390.69	5379.3	
390.89	5601.9	
391.1	6751.5	
391.3	7468.9	
391.5	6578.1	
391.71	6980.2	
391.91	7291.5	
392.12	8066.3	
392.32	6647	
392.53	5984.8	
392.73	6983.6	
392.93	7024.5	
393.14	5842.2	
393.34	6406	
393.55	7447.1	
393.75	6909.8	
393.95	5679	
394.16	5572.5	
394.36	6800.6	
394.57	7277.8	
394.77	5223.7	
394.98	5507	
395.18	6756.9	
395.38	7002	
395.59	6471.6	
395.79	5591	
396	7031.4	
396.2	7441.6	
396.4	6494.1	
396.61	6463.4	
396.81	7761.1	
397.02	7217	
397.22	6802.7	
397.42	6862.7	
397.63	7964.6	
397.83	7398.6	
398.04	5923.4	
398.24	6649.1	
398.44	7758.4	
398.65	7046.4	
398.85	5993	
399.05	6092	
399.26	7484	
399.46	8821.3	
399.67	6540.5	
399.87	6290	
400.07	7800.7	
400.28	8093.6	
400.48	6364.4	
400.69	7389.1	
400.89	8491.6	
401.09	8789.2	
401.3	6531.7	
401.5	7470.3	
401.7	9209	
401.91	9351	
402.11	6984.3	
402.32	7066.2	
402.52	8734.6	
402.72	8540.7	
402.93	7307.2	
403.13	6272.9	
403.33	9148.3	
403.54	7920.2	
403.74	6750.1	
403.94	7352.9	
404.15	7838.3	
404.35	8806.9	
404.56	6365.1	
404.76	7920.2	
404.96	8151.6	
405.17	7950.2	
405.37	7723.6	
405.57	6950.8	
405.78	8519.6	
405.98	7955	
406.18	6861.4	
406.39	7591.8	
406.59	8591.9	
406.79	8256	
407	6608.1	
407.2	6718.7	
407.4	8691.6	
407.61	8755.1	
407.81	6726.2	
408.01	8438.3	
408.22	7824.6	
408.42	9546.9	
408.62	7955.7	
408.83	7707.9	
409.03	9071.8	
409.23	8946.2	
409.44	8196.7	
409.64	8511.4	
409.84	10294	
410.05	10329	
410.25	8813.8	
410.45	8601.5	
410.66	10501	
410.86	12239	
411.06	9534.7	
411.27	9280	
411.47	12598	
411.67	10847	
411.88	9633.6	
412.08	10186	
412.28	11478	
412.49	11974	
412.69	9890.3	
412.89	10058	
413.09	11895	
413.3	11878	
413.5	10321	
413.7	9965.4	
413.91	11494	
414.11	12265	
414.31	10257	
414.52	10817	
414.72	11939	
414.92	12251	
415.12	10342	
415.33	10934	
415.53	12697	
415.73	12852	
415.94	11169	
416.14	10802	
416.34	12082	
416.55	11596	
416.75	11809	
416.95	11529	
417.15	12969	
417.36	13138	
417.56	12308	
417.76	11529	
417.97	13304	
418.17	13251	
418.37	11167	
418.57	11489	
418.78	13100	
418.98	12728	
419.18	12221	
419.38	12001	
419.59	12893	
419.79	12417	
419.99	11409	
420.2	11550	
420.4	13186	
420.6	13096	
420.8	11121	
421.01	11021	
421.21	13282	
421.41	13286	
421.61	11517	
421.82	11457	
422.02	12904	
422.22	13447	
422.42	12202	
422.63	11354	
422.83	12904	
423.03	14075	
423.23	11682	
423.44	10955	
423.64	12977	
423.84	12347	
424.04	11276	
424.25	10948	
424.45	13383	
424.65	13341	
424.85	10863	
425.06	11157	
425.26	13510	
425.46	12549	
425.66	11543	
425.87	11389	
426.07	13173	
426.27	13022	
426.47	11426	
426.67	10758	
426.88	13412	
427.08	12889	
427.28	11889	
427.48	10765	
427.69	11986	
427.89	12706	
428.09	11555	
428.29	10808	
428.5	13181	
428.7	12821	
428.9	10966	
429.1	11271	
429.3	12862	
429.51	13237	
429.71	10860	
429.91	11935	
430.11	13204	
430.31	13692	
430.52	11664	
430.72	12007	
430.92	13878	
431.12	13632	
431.32	11690	
431.53	11738	
431.73	12814	
431.93	14104	
432.13	11347	
432.33	11424	
432.54	13122	
432.74	13436	
432.94	11680	
433.14	12250	
433.34	13627	
433.55	13812	
433.75	12507	
433.95	14420	
434.15	13836	
434.35	13801	
434.56	11923	
434.76	11999	
434.96	14020	
435.16	14567	
435.36	12198	
435.56	13379	
435.77	14235	
435.97	14364	
436.17	14070	
436.37	13523	
436.57	14134	
436.78	14437	
436.98	14556	
437.18	13829	
437.38	15349	
437.58	14357	
437.78	14104	
437.99	12948	
438.19	14833	
438.39	15649	
438.59	12907	
438.79	12371	
438.99	15212	
439.2	14263	
439.4	12021	
439.6	12156	
439.8	14331	
440	15210	
440.2	13188	
440.4	13381	
440.61	15022	
440.81	15770	
441.01	13228	
441.21	14412	
441.41	16463	
441.61	15835	
441.81	14920	
442.02	15549	
442.22	16830	
442.42	16258	
442.62	14028	
442.82	13733	
443.02	16602	
443.22	15988	
443.43	14541	
443.63	14063	
443.83	15558	
444.03	15670	
444.23	15496	
444.43	14997	
444.63	16399	
444.83	17397	
445.04	14932	
445.24	15758	
445.44	16597	
445.64	17008	
445.84	14958	
446.04	15399	
446.24	15926	
446.44	16934	
446.65	14007	
446.85	14792	
447.05	15549	
447.25	16539	
447.45	14426	
447.65	14080	
447.85	15895	
448.05	15253	
448.25	14846	
448.46	14812	
448.66	16094	
448.86	15640	
449.06	14110	
449.26	14830	
449.46	16550	
449.66	15468	
449.86	15034	
450.06	14812	
450.26	16092	
450.47	16497	
450.67	14890	
450.87	15487	
451.07	16767	
451.27	16804	
451.47	14665	
451.67	15476	
451.87	16688	
452.07	17050	
452.27	15322	
452.47	14982	
452.67	16719	
452.88	17306	
453.08	14280	
453.28	16296	
453.48	18135	
453.68	16494	
453.88	15326	
454.08	15312	
454.28	17549	
454.48	17073	
454.68	15769	
454.88	16024	
455.08	17227	
455.28	17721	
455.48	14978	
455.68	16001	
455.89	18226	
456.09	18144	
456.29	15926	
456.49	16439	
456.69	18716	
456.89	17672	
457.09	16925	
457.29	17501	
457.49	18396	
457.69	18870	
457.89	17436	
458.09	16491	
458.29	18745	
458.49	19412	
458.69	17981	
458.89	17458	
459.09	20184	
459.29	20069	
459.49	17636	
459.69	18478	
459.9	19657	
460.1	19821	
460.3	17378	
460.5	17380	
460.7	19863	
460.9	19595	
461.1	17240	
461.3	18523	
461.5	20695	
461.7	20322	
461.9	18615	
462.1	18408	
462.3	20355	
462.5	20951	
462.7	18686	
462.9	19014	
463.1	21840	
463.3	22195	
463.5	19176	
463.7	20774	
463.9	21571	
464.1	21713	
464.3	20641	
464.5	20033	
464.7	22464	
464.9	22813	
465.1	21941	
465.3	21194	
465.5	22762	
465.7	23365	
465.9	21777	
466.1	20697	
466.3	23485	
466.5	22531	
466.7	22722	
466.9	21169	
467.1	23315	
467.3	24075	
467.5	22958	
467.7	21954	
467.9	24281	
468.1	25342	
468.3	22309	
468.5	23311	
468.7	23977	
468.9	23578	
469.1	22686	
469.3	23639	
469.5	26008	
469.7	24167	
469.9	22855	
470.1	22844	
470.3	24387	
470.5	24374	
470.7	24017	
470.9	22687	
471.1	24529	
471.3	24030	
471.5	22877	
471.69	24212	
471.89	23916	
472.09	23496	
472.29	23432	
472.49	22712	
472.69	24149	
472.89	24242	
473.09	22810	
473.29	22076	
473.49	23928	
473.69	23639	
473.89	23124	
474.09	22302	
474.29	24548	
474.49	24224	
474.69	23021	
474.89	22175	
475.09	23632	
475.29	23802	
475.49	21734	
475.69	22462	
475.88	24620	
476.08	24148	
476.28	22131	
476.48	21964	
476.68	23984	
476.88	23727	
477.08	21736	
477.28	22259	
477.48	22907	
477.68	23349	
477.88	21575	
478.08	21501	
478.28	24309	
478.48	23230	
478.67	21893	
478.87	21037	
479.07	24452	
479.27	23431	
479.47	22104	
479.67	22462	
479.87	24249	
480.07	24622	
480.27	21792	
480.47	22868	
480.67	23666	
480.87	24534	
481.06	21961	
481.26	22796	
481.46	23870	
481.66	23886	
481.86	22580	
482.06	23539	
482.26	23694	
482.46	24410	
482.66	22431	
482.86	22197	
483.05	24327	
483.25	23466	
483.45	24619	
483.65	22704	
483.85	24061	
484.05	24273	
484.25	23063	
484.45	23934	
484.65	24979	
484.84	25610	
485.04	23156	
485.24	23053	
485.44	25599	
485.64	24402	
485.84	22973	
486.04	24040	
486.24	24710	
486.44	25172	
486.63	22986	
486.83	23971	
487.03	25227	
487.23	25664	
487.43	23074	
487.63	25492	
487.83	25667	
488.02	26569	
488.22	24840	
488.42	25581	
488.62	26475	
488.82	25925	
489.02	24131	
489.22	24966	
489.41	26283	
489.61	26772	
489.81	24346	
490.01	24496	
490.21	26962	
490.41	27880	
490.61	24939	
490.8	24925	
491	27050	
491.2	26017	
491.4	25388	
491.6	24734	
491.8	26471	
491.99	26254	
492.19	24062	
492.39	24227	
492.59	26537	
492.79	26509	
492.99	24908	
493.18	24315	
493.38	26673	
493.58	28209	
493.78	25486	
493.98	25158	
494.18	27484	
494.37	27454	
494.57	27099	
494.77	26684	
494.97	28607	
495.17	29317	
495.37	27220	
495.56	27395	
495.76	29917	
495.96	29816	
496.16	28910	
496.36	28360	
496.55	30558	
496.75	30533	
496.95	28953	
497.15	28989	
497.35	30470	
497.54	30896	
497.74	28545	
497.94	30227	
498.14	31249	
498.34	30940	
498.53	28767	
498.73	29412	
498.93	30567	
499.13	31100	
499.33	29664	
499.52	29542	
499.72	31707	
499.92	31429	
500.12	29648	
500.32	29960	
500.51	31799	
500.71	32111	
500.91	30754	
501.11	30457	
501.31	32060	
501.5	32285	
501.7	31119	
501.9	30286	
502.1	31847	
502.29	32165	
502.49	31004	
502.69	30669	
502.89	32059	
503.09	32271	
503.28	29411	
503.48	29820	
503.68	31032	
503.88	31327	
504.07	30050	
504.27	29478	
504.47	31489	
504.67	30905	
504.86	29986	
505.06	29618	
505.26	30729	
505.46	32012	
505.65	29435	
505.85	29438	
506.05	30294	
506.25	30629	
506.44	28239	
506.64	28762	
506.84	29739	
507.04	30292	
507.23	27953	
507.43	28372	
507.63	31035	
507.83	29868	
508.02	28373	
508.22	28117	
508.42	31554	
508.62	29640	
508.81	27983	
509.01	29160	
509.21	29104	
509.4	29810	
509.6	28322	
509.8	27981	
510	29553	
510.19	30773	
510.39	27637	
510.59	28100	
510.79	29629	
510.98	31025	
511.18	28426	
511.38	28780	
511.57	30437	
511.77	30474	
511.97	28925	
512.17	28210	
512.36	30425	
512.56	30045	
512.76	28005	
512.95	27524	
513.15	30266	
513.35	29040	
513.55	28635	
513.74	27958	
513.94	30205	
514.14	29612	
514.33	28880	
514.53	28735	
514.73	29706	
514.92	30141	
515.12	28341	
515.32	28264	
515.51	30246	
515.71	30375	
515.91	29659	
516.11	28439	
516.3	31801	
516.5	30062	
516.7	28917	
516.89	29408	
517.09	30341	
517.29	30391	
517.48	29758	
517.68	28924	
517.88	30059	
518.07	30519	
518.27	29319	
518.47	28378	
518.66	30819	
518.86	29835	
519.06	28046	
519.25	28537	
519.45	29885	
519.65	31574	
519.84	29086	
520.04	29972	
520.24	31896	
520.43	30844	
520.63	29069	
520.83	28964	
521.02	30261	
521.22	30601	
521.42	28960	
521.61	29623	
521.81	29833	
522.01	29743	
522.2	28742	
522.4	28055	
522.6	30358	
522.79	29317	
522.99	28411	
523.18	28438	
523.38	30571	
523.58	30783	
523.77	30649	
523.97	29118	
524.17	32998	
524.36	32478	
524.56	30970	
524.76	30786	
524.95	32413	
525.15	32202	
525.34	31145	
525.54	31591	
525.74	33452	
525.93	32640	
526.13	32615	
526.33	32486	
526.52	34256	
526.72	33972	
526.91	33458	
527.11	32879	
527.31	34738	
527.5	34900	
527.7	32884	
527.89	32162	
528.09	33813	
528.29	34496	
528.48	32886	
528.68	32699	
528.87	34701	
529.07	34605	
529.27	33447	
529.46	33480	
529.66	35426	
529.85	35968	
530.05	33566	
530.25	33939	
530.44	36861	
530.64	35295	
530.83	33860	
531.03	34022	
531.23	35525	
531.42	35033	
531.62	34103	
531.81	33361	
532.01	35607	
532.21	36059	
532.4	34135	
532.6	34777	
532.79	37096	
532.99	37001	
533.18	35429	
533.38	36231	
533.58	37298	
533.77	37859	
533.97	36204	
534.16	36771	
534.36	38435	
534.55	37735	
534.75	36856	
534.95	36502	
535.14	38915	
535.34	38202	
535.53	36051	
535.73	38128	
535.92	39489	
536.12	37831	
536.31	36267	
536.51	37299	
536.71	37942	
536.9	37665	
537.1	35798	
537.29	36117	
537.49	37803	
537.68	37177	
537.88	36589	
538.07	35667	
538.27	37766	
538.46	38533	
538.66	35743	
538.86	36338	
539.05	37806	
539.25	38105	
539.44	37181	
539.64	36317	
539.83	38115	
540.03	38982	
540.22	36551	
540.42	35867	
540.61	37585	
540.81	38154	
541	35945	
541.2	36790	
541.39	36825	
541.59	37450	
541.78	36732	
541.98	35635	
542.18	36756	
542.37	36639	
542.57	35519	
542.76	36693	
542.96	36592	
543.15	36835	
543.35	35492	
543.54	34833	
543.74	36560	
543.93	36468	
544.13	34455	
544.32	35324	
544.52	36081	
544.71	35230	
544.91	33449	
545.1	34339	
545.3	35572	
545.49	35999	
545.69	33563	
545.88	33669	
546.08	37017	
546.27	36138	
546.47	34194	
546.66	33525	
546.86	35749	
547.05	36014	
547.24	33546	
547.44	33540	
547.63	34773	
547.83	36060	
548.02	34103	
548.22	33953	
548.41	34725	
548.61	35819	
548.8	33281	
549	33170	
549.19	34796	
549.39	35372	
549.58	32821	
549.78	33374	
549.97	35209	
550.17	34539	
550.36	33605	
550.55	34518	
550.75	34286	
550.94	35175	
551.14	32602	
551.33	32299	
551.53	33754	
551.72	34556	
551.92	32412	
552.11	32300	
552.31	34216	
552.5	34308	
552.69	33770	
552.89	31924	
553.08	34237	
553.28	33908	
553.47	32434	
553.67	33037	
553.86	34540	
554.06	33050	
554.25	31223	
554.44	31853	
554.64	34706	
554.83	34439	
555.03	31698	
555.22	31976	
555.42	33893	
555.61	33597	
555.8	31551	
556	31779	
556.19	32877	
556.39	33607	
556.58	31695	
556.78	31399	
556.97	33334	
557.16	33302	
557.36	32520	
557.55	31270	
557.75	32283	
557.94	34213	
558.13	31266	
558.33	31197	
558.52	33956	
558.72	32730	
558.91	31248	
559.1	31109	
559.3	32598	
559.49	31906	
559.69	30737	
559.88	31499	
560.07	32969	
560.27	33133	
560.46	31294	
560.66	31678	
560.85	32653	
561.04	31673	
561.24	30829	
561.43	30475	
561.63	32195	
561.82	32158	
562.01	31617	
562.21	30840	
562.4	32231	
562.59	33392	
562.79	30612	
562.98	30517	
563.18	32326	
563.37	33947	
563.56	31376	
563.76	31072	
563.95	32507	
564.14	32523	
564.34	31510	
564.53	31056	
564.73	32983	
564.92	33487	
565.11	31754	
565.31	31180	
565.5	33521	
565.69	32839	
565.89	31320	
566.08	31683	
566.27	33688	
566.47	34391	
566.66	32459	
566.85	31589	
567.05	33653	
567.24	33129	
567.44	31666	
567.63	32744	
567.82	34010	
568.02	33538	
568.21	31862	
568.4	32102	
568.6	33643	
568.79	33620	
568.98	31795	
569.18	31999	
569.37	33888	
569.56	35491	
569.76	32619	
569.95	33503	
570.14	34169	
570.34	34727	
570.53	32350	
570.72	32381	
570.91	34880	
571.11	34175	
571.3	32909	
571.49	33273	
571.69	34473	
571.88	33886	
572.07	33456	
572.27	33168	
572.46	33956	
572.65	34817	
572.85	32780	
573.04	33230	
573.23	35254	
573.43	34452	
573.62	32813	
573.81	33254	
574	34880	
574.2	34740	
574.39	33592	
574.58	33645	
574.78	36244	
574.97	35777	
575.16	34367	
575.36	34695	
575.55	36525	
575.74	36345	
575.93	34100	
576.13	35289	
576.32	35890	
576.51	36618	
576.71	34535	
576.9	35804	
577.09	37010	
577.28	36401	
577.48	35135	
577.67	34378	
577.86	36227	
578.05	36627	
578.25	35069	
578.44	34797	
578.63	36165	
578.83	37568	
579.02	34087	
579.21	36093	
579.4	36759	
579.6	36830	
579.79	35114	
579.98	37169	
580.17	37158	
580.37	37559	
580.56	34671	
580.75	35624	
580.94	37421	
581.14	37076	
581.33	36011	
581.52	34873	
581.71	37169	
581.91	37526	
582.1	34951	
582.29	35179	
582.48	36806	
582.68	37035	
582.87	35998	
583.06	35730	
583.25	37322	
583.45	36911	
583.64	36484	
583.83	36859	
584.02	36870	
584.21	37504	
584.41	36134	
584.6	35793	
584.79	37278	
584.98	38122	
585.18	35293	
585.37	35335	
585.56	36900	
585.75	37738	
585.94	35351	
586.14	36135	
586.33	37586	
586.52	37173	
586.71	35314	
586.91	35290	
587.1	36014	
587.29	37136	
587.48	34439	
587.67	34753	
587.87	36317	
588.06	36142	
588.25	35395	
588.44	34656	
588.63	35788	
588.83	36266	
589.02	33951	
589.21	33643	
589.4	34914	
589.59	35164	
589.78	32266	
589.98	32388	
590.17	33492	
590.36	34019	
590.55	30885	
590.74	30722	
590.94	33671	
591.13	32049	
591.32	29953	
591.51	29344	
591.7	32063	
591.89	31863	
592.09	29570	
592.28	30264	
592.47	31315	
592.66	33258	
592.85	30354	
593.05	30591	
593.24	32081	
593.43	33075	
593.62	30909	
593.81	31337	
594	32488	
594.19	32597	
594.39	30502	
594.58	30417	
594.77	32514	
594.96	32907	
595.15	30533	
595.34	30966	
595.54	32179	
595.73	31492	
595.92	29602	
596.11	30424	
596.3	32516	
596.49	31376	
596.68	29921	
596.88	30274	
597.07	31836	
597.26	30955	
597.45	29205	
597.64	30489	
597.83	31372	
598.02	32024	
598.22	29726	
598.41	30268	
598.6	31748	
598.79	31075	
598.98	29532	
599.17	30555	
599.36	31549	
599.55	32273	
599.74	31063	
599.94	31156	
600.13	31855	
600.32	30796	
600.51	29067	
600.7	29267	
600.89	31982	
601.08	32285	
601.27	28839	
601.47	30168	
601.66	31578	
601.85	31982	
602.04	29864	
602.23	29619	
602.42	30662	
602.61	31180	
602.8	29102	
602.99	28760	
603.18	30811	
603.37	30992	
603.57	29102	
603.76	29720	
603.95	31362	
604.14	31055	
604.33	28978	
604.52	29262	
604.71	31201	
604.9	30608	
605.09	29889	
605.28	29643	
605.47	31630	
605.66	31103	
605.86	29636	
606.05	29112	
606.24	31576	
606.43	30169	
606.62	29463	
606.81	29645	
607	31040	
607.19	30609	
607.38	28583	
607.57	28786	
607.76	30323	
607.95	29885	
608.14	29053	
608.33	29619	
608.52	30158	
608.72	31036	
608.91	28209	
609.1	28196	
609.29	30118	
609.48	29595	
609.67	28715	
609.86	27857	
610.05	29685	
610.24	29877	
610.43	27934	
610.62	27351	
610.81	30632	
611	30369	
611.19	28026	
611.38	28388	
611.57	29939	
611.76	31013	
611.95	27525	
612.14	27329	
612.33	29672	
612.52	29227	
612.71	27977	
612.9	27486	
613.09	28965	
613.28	30946	
613.47	27706	
613.66	28725	
613.85	29805	
614.04	29293	
614.24	27802	
614.43	27073	
614.62	29799	
614.81	29829	
615	27984	
615.19	28395	
615.38	28961	
615.57	29768	
615.76	28280	
615.95	29207	
616.14	30234	
616.33	29803	
616.52	28465	
616.71	28827	
616.9	29886	
617.09	29943	
617.28	27947	
617.47	28840	
617.66	29292	
617.85	29234	
618.04	28877	
618.22	28345	
618.41	29930	
618.6	30957	
618.79	28956	
618.98	28867	
619.17	31539	
619.36	30062	
619.55	29295	
619.74	29301	
619.93	31112	
620.12	30984	
620.31	30015	
620.5	30304	
620.69	31921	
620.88	32438	
621.07	30915	
621.26	30364	
621.45	31900	
621.64	32107	
621.83	30303	
622.02	30199	
622.21	32032	
622.4	31993	
622.59	31150	
622.78	30945	
622.97	31634	
623.16	32617	
623.35	30872	
623.54	30147	
623.72	31959	
623.91	32118	
624.1	31107	
624.29	30012	
624.48	33284	
624.67	32363	
624.86	31075	
625.05	30380	
625.24	33212	
625.43	31971	
625.62	32468	
625.81	30474	
626	32591	
626.19	32318	
626.38	31376	
626.56	30711	
626.75	32019	
626.94	33043	
627.13	31121	
627.32	30129	
627.51	32761	
627.7	33889	
627.89	30147	
628.08	31271	
628.27	31798	
628.46	31943	
628.65	30188	
628.83	30079	
629.02	32200	
629.21	31687	
629.4	30870	
629.59	30809	
629.78	31868	
629.97	32383	
630.16	30924	
630.35	30390	
630.54	33045	
630.72	32586	
630.91	30577	
631.1	30877	
631.29	32206	
631.48	32381	
631.67	30944	
631.86	30285	
632.05	32191	
632.24	31848	
632.42	29810	
632.61	30527	
632.8	31647	
632.99	31581	
633.18	30575	
633.37	30760	
633.56	32230	
633.75	32066	
633.93	30614	
634.12	30623	
634.31	32677	
634.5	32632	
634.69	30483	
634.88	30426	
635.07	31948	
635.25	32266	
635.44	31083	
635.63	31383	
635.82	31663	
636.01	31122	
636.2	30552	
636.39	30394	
636.57	32460	
636.76	31969	
636.95	29771	
637.14	30948	
637.33	31978	
637.52	32576	
637.7	29759	
637.89	30386	
638.08	31832	
638.27	32722	
638.46	30664	
638.65	30609	
638.83	32519	
639.02	31348	
639.21	30223	
639.4	30638	
639.59	31482	
639.78	30995	
639.96	29191	
640.15	29246	
640.34	31165	
640.53	30960	
640.72	28964	
640.91	29129	
641.09	30399	
641.28	31244	
641.47	28836	
641.66	29361	
641.85	30816	
642.03	30411	
642.22	29089	
642.41	28767	
642.6	30158	
642.79	29555	
642.97	28116	
643.16	28966	
643.35	29947	
643.54	29679	
643.73	28220	
643.91	28748	
644.1	29047	
644.29	29988	
644.48	27735	
644.67	27666	
644.85	28997	
645.04	29292	
645.23	26942	
645.42	27506	
645.6	28287	
645.79	28851	
645.98	26439	
646.17	25481	
646.36	27393	
646.54	27651	
646.73	26453	
646.92	25814	
647.11	27149	
647.29	28073	
647.48	25778	
647.67	25305	
647.86	27919	
648.05	28007	
648.23	25570	
648.42	26493	
648.61	27575	
648.8	27297	
648.98	24979	
649.17	25210	
649.36	26428	
649.55	26372	
649.73	24725	
649.92	25565	
650.11	26789	
650.3	26830	
650.48	25126	
650.67	25021	
650.86	26994	
651.05	26127	
651.23	24939	
651.42	24879	
651.61	26310	
651.79	26042	
651.98	24824	
652.17	24526	
652.36	26245	
652.54	25546	
652.73	24419	
652.92	24414	
653.11	26267	
653.29	26312	
653.48	23705	
653.67	24692	
653.85	25953	
654.04	26887	
654.23	24428	
654.42	24022	
654.6	24737	
654.79	25501	
654.98	22990	
655.16	23211	
655.35	23952	
655.54	23487	
655.73	22106	
655.91	21825	
656.1	23542	
656.29	23111	
656.47	21151	
656.66	22604	
656.85	23171	
657.03	23766	
657.22	22244	
657.41	22546	
657.59	24202	
657.78	24260	
657.97	22656	
658.16	23162	
658.34	24994	
658.53	25386	
658.72	24064	
658.9	24498	
659.09	24788	
659.28	24862	
659.46	23285	
659.65	23096	
659.84	24411	
660.02	25069	
660.21	23009	
660.4	23116	
660.58	25321	
660.77	24879	
660.96	23605	
661.14	22694	
661.33	25949	
661.52	25656	
661.7	22773	
661.89	25648	
662.08	24320	
662.26	24203	
662.45	22904	
662.64	22985	
662.82	24945	
663.01	24306	
663.2	22860	
663.38	23492	
663.57	24556	
663.75	24566	
663.94	23132	
664.13	23946	
664.31	23924	
664.5	24667	
664.69	23220	
664.87	23703	
665.06	23974	
665.25	24462	
665.43	23854	
665.62	23722	
665.8	24516	
665.99	24051	
666.18	22904	
666.36	22939	
666.55	24307	
666.74	24531	
666.92	22468	
667.11	23509	
667.29	23940	
667.48	24366	
667.67	23151	
667.85	22509	
668.04	23909	
668.22	24047	
668.41	22723	
668.6	22837	
668.78	23740	
668.97	23754	
669.15	22750	
669.34	22031	
669.53	23736	
669.71	23992	
669.9	22079	
670.08	22576	
670.27	23713	
670.46	23907	
670.64	22683	
670.83	22937	
671.01	23361	
671.2	23859	
671.38	22175	
671.57	21734	
671.76	24228	
671.94	24908	
672.13	21776	
672.31	22502	
672.5	24190	
672.69	23616	
672.87	22005	
673.06	22344	
673.24	23956	
673.43	23707	
673.61	22435	
673.8	22139	
673.98	23769	
674.17	23984	
674.36	22539	
674.54	22398	
674.73	23471	
674.91	23907	
675.1	22256	
675.28	21838	
675.47	23391	
675.65	24023	
675.84	22089	
676.03	22360	
676.21	23325	
676.4	22917	
676.58	22636	
676.77	22614	
676.95	24357	
677.14	23137	
677.32	21646	
677.51	21602	
677.69	23758	
677.88	23016	
678.06	21622	
678.25	21646	
678.44	23480	
678.62	23021	
678.81	21524	
678.99	22380	
679.18	24204	
679.36	23757	
679.55	21930	
679.73	22410	
679.92	23568	
680.1	23190	
680.29	22972	
680.47	21945	
680.66	23018	
680.84	23662	
681.03	21176	
681.21	22213	
681.4	23115	
681.58	22881	
681.77	21634	
681.95	21573	
682.14	23812	
682.32	23896	
682.51	22276	
682.69	21318	
682.88	22818	
683.06	22822	
683.25	21805	
683.43	22246	
683.62	22887	
683.8	23324	
683.99	22174	
684.17	21504	
684.36	23770	
684.54	22661	
684.73	20601	
684.91	20701	
685.1	22378	
685.28	21577	
685.46	20202	
685.65	19997	
685.83	21201	
686.02	20345	
686.2	18587	
686.39	18802	
686.57	20153	
686.76	21362	
686.94	18946	
687.13	19215	
687.31	20880	
687.5	20853	
687.68	19032	
687.86	20143	
688.05	22387	
688.23	20549	
688.42	20248	
688.6	19807	
688.79	20968	
688.97	21035	
689.16	20237	
689.34	19195	
689.52	21954	
689.71	22160	
689.89	20654	
690.08	19997	
690.26	21722	
690.45	21762	
690.63	20717	
690.81	20541	
691	21622	
691.18	21551	
691.37	20412	
691.55	21923	
691.74	21096	
691.92	22788	
692.1	20005	
692.29	19460	
692.47	21212	
692.66	20543	
692.84	19558	
693.02	19923	
693.21	20858	
693.39	21009	
693.58	20237	
693.76	19790	
693.94	22001	
694.13	22219	
694.31	20030	
694.5	21054	
694.68	21247	
694.86	21835	
695.05	20742	
695.23	20984	
695.42	22565	
695.6	24355	
695.78	21544	
695.97	20538	
696.15	22609	
696.34	22102	
696.52	20468	
696.7	21130	
696.89	22070	
697.07	21581	
697.25	20449	
697.44	21793	
697.62	21711	
697.81	21729	
697.99	20075	
698.17	20700	
698.36	20981	
698.54	21579	
698.72	20405	
698.91	19451	
699.09	21068	
699.28	20925	
699.46	19768	
699.64	19705	
699.83	20602	
700.01	21500	
700.19	20048	
700.38	18846	
700.56	21515	
700.74	20776	
700.93	19269	
701.11	19987	
701.29	21191	
701.48	22276	
701.66	19488	
701.84	19749	
702.03	21175	
702.21	21984	
702.39	19269	
702.58	19981	
702.76	21420	
702.94	21621	
703.13	19243	
703.31	21240	
703.49	20880	
703.68	21637	
703.86	19192	
704.04	20340	
704.23	20922	
704.41	21327	
704.59	19281	
704.78	20024	
704.96	21965	
705.14	21242	
705.33	19198	
705.51	19566	
705.69	20726	
705.87	21261	
706.06	19895	
706.24	18840	
706.42	20835	
706.61	21176	
706.79	19620	
706.97	18695	
707.16	20212	
707.34	20573	
707.52	19392	
707.7	18819	
707.89	20203	
708.07	19977	
708.25	19324	
708.44	19889	
708.62	19869	
708.8	20851	
708.98	19486	
709.17	18557	
709.35	20114	
709.53	19944	
709.72	18271	
709.9	18344	
710.08	20158	
710.26	20087	
710.45	19212	
710.63	18230	
710.81	19654	
710.99	19431	
711.18	18480	
711.36	17877	
711.54	19169	
711.72	19650	
711.91	17653	
712.09	17107	
712.27	18713	
712.45	19090	
712.64	17299	
712.82	16460	
713	17653	
713.18	17729	
713.37	16125	
713.55	16933	
713.73	18157	
713.91	16689	
714.1	15745	
714.28	14942	
714.46	16670	
714.64	15806	
714.83	13420	
715.01	13599	
715.19	14541	
715.37	13767	
715.55	12574	
715.74	12765	
715.92	14507	
716.1	12930	
716.28	13484	
716.47	12366	
716.65	13122	
716.83	13150	
717.01	11941	
717.19	12083	
717.38	14848	
717.56	12741	
717.74	12071	
717.92	11472	
718.1	13581	
718.29	12978	
718.47	11318	
718.65	11937	
718.83	14192	
719.01	14562	
719.2	12104	
719.38	13203	
719.56	14506	
719.74	15894	
719.92	12907	
720.11	13627	
720.29	14481	
720.47	13688	
720.65	11930	
720.83	12449	
721.02	13222	
721.2	12725	
721.38	12000	
721.56	11116	
721.74	12017	
721.92	12026	
722.11	11906	
722.29	11727	
722.47	12990	
722.65	12287	
722.83	10798	
723.01	11536	
723.2	12267	
723.38	12491	
723.56	10264	
723.74	11188	
723.92	11774	
724.1	12732	
724.29	10591	
724.47	11463	
724.65	11857	
724.83	11693	
725.01	10368	
725.19	10973	
725.37	11374	
725.56	11470	
725.74	10146	
725.92	10383	
726.1	11551	
726.28	11681	
726.46	10520	
726.64	10153	
726.83	11566	
727.01	11698	
727.19	9886.9	
727.37	10576	
727.55	11759	
727.73	11957	
727.91	9781.8	
728.09	9662.3	
728.28	11977	
728.46	12151	
728.64	10535	
728.82	10486	
729	12789	
729.18	12164	
729.36	9783.8	
729.54	11612	
729.72	13250	
729.91	11911	
730.09	11596	
730.27	10778	
730.45	11803	
730.63	12354	
730.81	11149	
730.99	10525	
731.17	12775	
731.35	11520	
731.53	10781	
731.71	10444	
731.9	12428	
732.08	12441	
732.26	10496	
732.44	10241	
732.62	12380	
732.8	12140	
732.98	10740	
733.16	9960	
733.34	11777	
733.52	10744	
733.7	10071	
733.88	10275	
734.07	11391	
734.25	11368	
734.43	9511.4	
734.61	10793	
734.79	12587	
734.97	11115	
735.15	9612.5	
735.33	9887.6	
735.51	11338	
735.69	11061	
735.87	10578	
736.05	9757.9	
736.23	11003	
736.41	10819	
736.59	9607.7	
736.77	9673.9	
736.95	11381	
737.13	10762	
737.32	9226.8	
737.5	9458.2	
737.68	11693	
737.86	10572	
738.04	9018.6	
738.22	10325	
738.4	10232	
738.58	10497	
738.76	9247.9	
738.94	8457.4	
739.12	10263	
739.3	10290	
739.48	9675.3	
739.66	9420	
739.84	10438	
740.02	10417	
740.2	8475.9	
740.38	8585.1	
740.56	10557	
740.74	9534.7	
740.92	9148.3	
741.1	8811.7	
741.28	10030	
741.46	9756.5	
741.64	8434.9	
741.82	8829.5	
742	9841.9	
742.18	9818.6	
742.36	8480.6	
742.54	8254	
742.72	10275	
742.9	9047.9	
743.08	8792.6	
743.26	7723.6	
743.44	10280	
743.62	10040	
743.8	8745.5	
743.98	7968.6	
744.16	9648.7	
744.34	9528.5	
744.52	8491.6	
744.7	8420.6	
744.88	9657.5	
745.06	9303.2	
745.24	8389.8	
745.42	8361.9	
745.6	9648.7	
745.78	9432.9	
745.96	7316	
746.14	7500.3	
746.32	10168	
746.5	9385.2	
746.68	7870.3	
746.86	7327.6	
747.03	9678	
747.21	8271.7	
747.39	7742	
747.57	7193.1	
747.75	8887.5	
747.93	9211.8	
748.11	7119.4	
748.29	7124.9	
748.47	10139	
748.65	8602.8	
748.83	7742	
749.01	7431.4	
749.19	9019.9	
749.37	8245.1	
749.55	7361.1	
749.73	7403.4	
749.91	8615.1	
750.09	8393.3	
750.26	7367.2	
750.44	6865.5	
750.62	8632.9	
750.8	8551	
750.98	6707.8	
751.16	6897.6	
751.34	8649.9	
751.52	7975.5	
751.7	7525.6	
751.88	6657.9	
752.06	8903.9	
752.24	8580.3	
752.42	6411.5	
752.59	6746	
752.77	8241	
752.95	9346.9	
753.13	7390.4	
753.31	6789.7	
753.49	8024.6	
753.67	8286.1	
753.85	6995.9	
754.03	6532.3	
754.21	8312.7	
754.38	8486.8	
754.56	6404	
754.74	5681.7	
754.92	7347.4	
755.1	7782.3	
755.28	5248.3	
755.46	5228.5	
755.64	8082	
755.82	8053.3	
755.99	5012.1	
756.17	5014.1	
756.35	5684.5	
756.53	6877.1	
756.71	3907.5	
756.89	4625	
757.07	6439.5	
757.25	5842.2	
757.42	5153.4	
757.6	5958.2	
757.78	6746	
757.96	5913.2	
758.14	5007.3	
758.32	4658.4	
758.5	5561.6	
758.67	6280.4	
758.85	4939	
759.03	4966.3	
759.21	6441.5	
759.39	5956.2	
759.57	4528.1	
759.75	5529.5	
759.92	6802	
760.1	6467.5	
760.28	5913.9	
760.46	6098.9	
760.64	6274.3	
760.82	6183.5	
760.99	5719.3	
761.17	5184.1	
761.35	7111.2	
761.53	6235.4	
761.71	5414.8	
761.89	6001.9	
762.06	7061.4	
762.24	6636.8	
762.42	5475.6	
762.6	5283.1	
762.78	6709.1	
762.96	7189.7	
763.13	5817.6	
763.31	5558.2	
763.49	7343.3	
763.67	6635.4	
763.85	6291.4	
764.02	6756.2	
764.2	7577.5	
764.38	6895.5	
764.56	5460.6	
764.74	6132.3	
764.91	7646.4	
765.09	6699.6	
765.27	5252.4	
765.45	5010	
765.63	7607.5	
765.8	7473.7	
765.98	4762.2	
766.16	5027.1	
766.34	6328.9	
766.52	6077.7	
766.69	5718.6	
766.87	4878.9	
767.05	6595.1	
767.23	7185.6	
767.41	5068.7	
767.58	5253.7	
767.76	6974	
767.94	7050.5	
768.12	5092.6	
768.29	5610.8	
768.47	6528.2	
768.65	7088	
768.83	4711	
769	5603.9	
769.18	6162.3	
769.36	6711.2	
769.54	5532.9	
769.72	4771.8	
769.89	6878.4	
770.07	6884.6	
770.25	4983.4	
770.43	5974.6	
770.6	7496.2	
770.78	7764.5	
770.96	5036.6	
771.14	5485.8	
771.31	6778.8	
771.49	6230.6	
771.67	4325.3	
771.85	4552	
772.02	5578	
772.2	6161	
772.38	5118.6	
772.55	4721.9	
772.73	6323.4	
772.91	6129.6	
773.09	4951.3	
773.26	4999.8	
773.44	6189.6	
773.62	5994.4	
773.8	4513.7	
773.97	4282.3	
774.15	6310.5	
774.33	5980.1	
774.5	4343.1	
774.68	4667.3	
774.86	6385.6	
775.04	5979.4	
775.21	4442	
775.39	4445.5	
775.57	6131.6	
775.74	6494.8	
775.92	4184	
776.1	4123.2	
776.27	6085.2	
776.45	7121.5	
776.63	4308.2	
776.81	3984.7	
776.98	5739.8	
777.16	6601.3	
777.34	4414.7	
777.51	4695.3	
777.69	5780.7	
777.87	5561.6	
778.04	4453.6	
778.22	4878.9	
778.4	5581.4	
778.57	6075	
778.75	3766.9	
778.93	4005.1	
779.1	5399.1	
779.28	5200.5	
779.46	3824.2	
779.64	4235.9	
779.81	6119.3	
779.99	6854.6	
780.17	4812.7	
780.34	4904.2	
780.52	5732.9	
780.69	5799.8	
780.87	4399.7	
781.05	4080.2	
781.22	5740.5	
781.4	5713.2	
781.58	4080.2	
781.75	3420.8	
781.93	5750	
782.11	5214.1	
782.28	4871.4	
782.46	4074.1	
782.64	5072.8	
782.81	5788.2	
782.99	4218.8	
783.17	4125.3	
783.34	5709.1	
783.52	5064.6	
783.69	4246.8	
783.87	4942.4	
784.05	5281	
784.22	5141.8	
784.4	4920.6	
784.58	4302.8	
784.75	5907	
784.93	5213.4	
785.1	4049.5	
785.28	4549.2	
785.46	5631.2	
785.63	5066.7	
785.81	3960.8	
785.99	3910.3	
786.16	5288.5	
786.34	5454.4	
786.51	3869.3	
786.69	4234.5	
786.87	4891.9	
787.04	5303.6	
787.22	3771.7	
787.39	4538.3	
787.57	5045.5	
787.75	5971.9	
787.92	4702.8	
788.1	4596.3	
788.27	5046.9	
788.45	4825.7	
788.63	4414.1	
788.8	3382.6	
788.98	5498.8	
789.15	4785.4	
789.33	3379.1	
789.5	3922.5	
789.68	5810.8	
789.86	5880.4	
790.03	4297.3	
790.21	3813.3	
790.38	5801.9	
790.56	5110.4	
790.73	3718.4	
790.91	3736.9	
791.09	5038	
791.26	5582.1	
791.44	3917.8	
791.61	3451.5	
791.79	4967.7	
791.96	5021.6	
792.14	3581.9	
792.32	3192.1	
792.49	5023	
792.67	5124	
792.84	3622.9	
793.02	3388	
793.19	5383.4	
793.37	5965.1	
793.54	3155.2	
793.72	3483.6	
793.89	5971.9	
794.07	4943.8	
794.25	3842	
794.42	3322.5	
794.6	5819.6	
794.77	5483.8	
794.95	4168.3	
795.12	3632.4	
795.3	4995	
795.47	5360.2	
795.65	4026.3	
795.82	3889.8	
796	4795	
796.17	6318.7	
796.35	3800.3	
796.52	4336.2	
796.7	5391.6	
796.87	5422.3	
797.05	3721.8	
797.22	4483	
797.4	5436	
797.57	6266.1	
797.75	3876.8	
797.92	3616	
798.1	5666	
798.27	4799.1	
798.45	3212.6	
798.62	3381.9	
798.8	5122	
798.97	5545.2	
799.15	3996.3	
799.32	3876.8	
799.5	4575.8	
799.67	5149.3	
799.85	4179.2	
800.02	3161.4	
800.2	4818.2	
800.37	5119.9	
800.55	4268.6	
800.72	3672	
800.9	5586.2	
801.07	5905.7	
801.25	4712.4	
801.42	3900.7	
801.6	5488.6	
801.77	5254.4	
801.95	3675.4	
802.12	3620.1	
802.29	5319.3	
802.47	5180	
802.64	3910.9	
802.82	3046	
802.99	4835.9	
803.17	5541.1	
803.34	3863.2	
803.52	3468.6	
803.69	6201.2	
803.87	4660.5	
804.04	3792.2	
804.21	3892.5	
804.39	5773.9	
804.56	4952.7	
804.74	3304.1	
804.91	3941	
805.09	4780.6	
805.26	4958.1	
805.44	3326.6	
805.61	3607.8	
805.78	5412.8	
805.96	5378	
806.13	3891.1	
806.31	4106.2	
806.48	4437.9	
806.66	4867.3	
806.83	3832.4	
807	3786.7	
807.18	4762.9	
807.35	5096	
807.53	3733.4	
807.7	3093.1	
807.87	5758.2	
808.05	4838.7	
808.22	4044.7	
808.4	3043.3	
808.57	4764.9	
808.74	4458.4	
808.92	3436.5	
809.09	4268.6	
809.27	4733.5	
809.44	5144.5	
809.61	3088.3	
809.79	3393.5	
809.96	5798.5	
810.14	5414.8	
810.31	2994.8	
810.48	3621.5	
810.66	4830.5	
810.83	5401.2	
811.01	3391.4	
811.18	3777.8	
811.35	5403.2	
811.53	4315.1	
811.7	4086.4	
811.87	3822.2	
812.05	4834.6	
812.22	4697.4	
812.39	3308.2	
812.57	3226.2	
812.74	4771.8	
812.92	6224.5	
813.09	3599.6	
813.26	3880.9	
813.44	5865.4	
813.61	4695.3	
813.78	3014.6	
813.96	3948.5	
814.13	4763.6	
814.3	4489.8	
814.48	4315.8	
814.65	3589.4	
814.82	5754.1	
815	4558.1	
815.17	3703.4	
815.34	4379.9	
815.52	4714.4	
815.69	4668.7	
815.87	3704.1	
816.04	3589.4	
816.21	4779.3	
816.38	4349.2	
816.56	3525.2	
816.73	3323.2	
816.9	5857.9	
817.08	5355.4	
817.25	3379.1	
817.42	4086.4	
817.6	4416.8	
817.77	4728.1	
817.94	3719.1	
818.12	3260.4	
818.29	4549.2	
818.46	6660.7	
818.64	3468.6	
818.81	3285.6	
818.98	4523.3	
819.16	6244.3	
819.33	3958.7	
819.5	3634.5	
819.67	5111.7	
819.85	5565.7	
820.02	3634.5	
820.19	3763.5	
820.37	4965.6	
820.54	4668	
820.71	3708.9	
820.88	4544.4	
821.06	4965	
821.23	4588.8	
821.4	3727.3	
821.58	3700.7	
821.75	5267.4	
821.92	4888.5	
822.09	3018.7	
822.27	3163.4	
822.44	4741.7	
822.61	4664.6	
822.79	3057.6	
822.96	5597.8	
823.13	5094.7	
823.3	4477.5	
823.48	3502	
823.65	3148.4	
823.82	5344.5	
823.99	4386.1	
824.17	4386.7	
824.34	3193.5	
824.51	6111.1	
824.68	4807.3	
824.86	3350.5	
825.03	3715.7	
825.2	4742.4	
825.37	5597.1	
825.55	3323.9	
825.72	3659.7	
825.89	6141.2	
826.06	5660.6	
826.24	3534.8	
826.41	3575.8	
826.58	5695.4	
826.75	4924	
826.92	2945.7	
827.1	3175.7	
827.27	7496.9	
827.44	6057.2	
827.61	3401	
827.79	4053.6	
827.96	4576.5	
828.13	4796.3	
828.3	3556	
828.47	2986.6	
828.65	4982.7	
828.82	4935.6	
828.99	4433.2	
829.16	3893.9	
829.34	5288.5	
829.51	5088.5	
829.68	3639.9	
829.85	3728.7	
830.02	5522	
830.2	5269.4	
830.37	2874.7	
830.54	4267.3	
830.71	5935	
830.88	4717.2	
831.05	2933.4	
831.23	3319.8	
831.4	5680.4	
831.57	6307.1	
831.74	3366.2	
831.91	3023.5	
832.09	5093.3	
832.26	5280.3	
832.43	3440.6	
832.6	3843.4	
832.77	5004.6	
832.94	5601.2	
833.12	2855.6	
833.29	3440.6	
833.46	5158.2	
833.63	6459.3	
833.8	3772.4	
833.97	3500	
834.15	5272.2	
834.32	5098.8	
834.49	3620.8	
834.66	3671.3	
834.83	5388.2	
835	4588.8	
835.17	3388	
835.35	3386	
835.52	5208.7	
835.69	5094.7	
835.86	3577.1	
836.03	2945	
836.2	5251	
836.37	4906.3	
836.55	3491.1	
836.72	3268.6	
836.89	4890.5	
837.06	5356.1	
837.23	3583.3	
837.4	3822.2	
837.57	6012.2	
837.75	6445.6	
837.92	3221.5	
838.09	3418.1	
838.26	4905.6	
838.43	5431.9	
838.6	3611.3	
838.77	3315	
838.94	6129.6	
839.11	5885.9	
839.29	3504.1	
839.46	2800.3	
839.63	5248.3	
839.8	5046.9	
839.97	3414.6	
840.14	3336.8	
840.31	5058.5	
840.48	5298.1	
840.65	2876.7	
840.82	3283.6	
841	5281	
841.17	5123.3	
841.34	3048.7	
841.51	3188.7	
841.68	5242.8	
841.85	5022.3	
842.02	3181.2	
842.19	2718.3	
842.36	5053.7	
842.53	5066	
842.7	3107.5	
842.87	3700	
843.05	6401.3	
843.22	4950.6	
843.39	2976.4	
843.56	3241.9	
843.73	4863.9	
843.9	5345.2	
844.07	4911	
844.24	4063.2	
844.41	7329.7	
844.58	4588.8	
844.75	3050.1	
844.92	3346.4	
845.09	5176.6	
845.26	5184.1	
845.43	3092.4	
845.6	3280.8	
845.77	5244.2	
845.94	5024.3	
846.12	3381.9	
846.29	3581.9	
846.46	5475.6	
846.63	5205.3	
846.8	3105.4	
846.97	3627.6	
847.14	5655.8	
847.31	5180.7	
847.48	3422.8	
847.65	3768.9	
847.82	5464.7	
847.99	5380	
848.16	4113.7	
848.33	3775.1	
848.5	4789.5	
848.67	5621.7	
848.84	3048.7	
849.01	3170.3	
849.18	4769.7	
849.35	4463.2	
849.52	3755.3	
849.69	3016	
849.86	5367	
850.03	5453.7	
850.2	3107.5	
850.37	3694.5	
850.54	5495.4	
850.71	4945.2	
850.88	3630.4	
851.05	3032.4	
851.22	5086.5	
851.39	5663.3	
851.56	2908.8	
851.73	3500	
851.9	4584.7	
852.07	5385.5	
852.24	3376.4	
852.41	3070.6	
852.58	5111.7	
852.75	4671.4	
852.92	3415.3	
853.09	3066.5	
853.26	4851.6	
853.43	5545.2	
853.6	3100.6	
853.77	2652.1	
853.94	5629.2	
854.11	4599.7	
854.28	4428.4	
854.44	3300	
854.61	6021.7	
854.78	5474.2	
854.95	3069.9	
855.12	3787.4	
855.29	4284.4	
855.46	5744.6	
855.63	3089	
855.8	4177.9	
855.97	4826.4	
856.14	5475.6	
856.31	4237.9	
856.48	3335.5	
856.65	4878.9	
856.82	4603.2	
856.99	2982.5	
857.16	3304.7	
857.33	6176	
857.49	4911.7	
857.66	3292.5	
857.83	3565.5	
858	4966.3	
858.17	5080.3	
858.34	2902.7	
858.51	3099.3	
858.68	5782.8	
858.85	5720	
859.02	3501.3	
859.19	3639.2	
859.36	4646.8	
859.52	4650.9	
859.69	3110.2	
859.86	3572.3	
860.03	4675.5	
860.2	5653.1	
860.37	2852.1	
860.54	3136.1	
860.71	5369.1	
860.88	5728.2	
861.05	3401.7	
861.21	3790.8	
861.38	5679	
861.55	4528.7	
861.72	2780.5	
861.89	3410.6	
862.06	5461.2	
862.23	5821	
862.4	2980.5	
862.56	3175.7	
862.73	5286.5	
862.9	4986.8	
863.07	3512.3	
863.24	2795.5	
863.41	4574.5	
863.58	4650.3	
863.75	3116.3	
863.91	3487	
864.08	5595.1	
864.25	5334.3	
864.42	3825.6	
864.59	4180.6	
864.76	5938.4	
864.93	4603.8	
865.09	3011.2	
865.26	3274	
865.43	5569.8	
865.6	5938.4	
865.77	2684.2	
865.94	3052.8	
866.1	5561.6	
866.27	5388.9	
866.44	4491.2	
866.61	2903.3	
866.78	4991.6	
866.95	5278.3	
867.11	3003.7	
867.28	2772.3	
867.45	5425.8	
867.62	4588.1	
867.79	3499.3	
867.96	3024.8	
868.12	4575.8	
868.29	5385.5	
868.46	2661	
868.63	4040	
868.8	5549.3	
868.97	5332.9	
869.13	3177.1	
869.3	3248.1	
869.47	5206.6	
869.64	5459.2	
869.81	3097.2	
869.97	3079.5	
870.14	5160.9	
870.31	5674.2	
870.48	3002.3	
870.65	3781.2	
870.81	4840	
870.98	4889.2	
871.15	3415.3	
871.32	3185.3	
871.48	5233.9	
871.65	5719.3	
871.82	3049.4	
871.99	3357.3	
872.16	6134.3	
872.32	5595.7	
872.49	3117	
872.66	3094.5	
872.83	5348.6	
872.99	4745.1	
873.16	3480.9	
873.33	3037.8	
873.5	5073.5	
873.67	5085.8	
873.83	3171.6	
874	4005.1	
874.17	5136.3	
874.34	5965.7	
874.5	3898.6	
874.67	3728	
874.84	5625.8	
875.01	4541	
875.17	4246.8	
875.34	2980.5	
875.51	5129.5	
875.68	6085.2	
875.84	3659	
876.01	4410.6	
876.18	5387.5	
876.34	5306.3	
876.51	3093.8	
876.68	3018	
876.85	4876.2	
877.01	5654.4	
877.18	4240.7	
877.35	3018	
877.52	5056.4	
877.68	4549.9	
877.85	3060.3	
878.02	2973.7	
878.18	4940.4	
878.35	4720.6	
878.52	2491	
878.69	3369.6	
878.85	5424.4	
879.02	5300.8	
879.19	4220.9	
879.35	3265.1	
879.52	5341.1	
879.69	5472.9	
879.86	2681.5	
880.02	3431	
880.19	4953.4	
880.36	5997.1	
880.52	3461.7	
880.69	3569.6	
880.86	5412.8	
881.02	5457.8	
881.19	3306.1	
881.36	3240.6	
881.52	5279.7	
881.69	4745.8	
881.86	3267.2	
882.02	3224.2	
882.19	5517.2	
882.36	6341.2	
882.52	3125.2	
882.69	4198.3	
882.86	5106.3	
883.02	5061.2	
883.19	3661.1	
883.36	3401	
883.52	5391.6	
883.69	6071.5	
883.86	3084.9	
884.02	2790	
884.19	5373.2	
884.36	5023	
884.52	3406.5	
884.69	3231	
884.86	4754.7	
885.02	5826.5	
885.19	3371	
885.36	3478.1	
885.52	4966.3	
885.69	5175.2	
885.86	4311.7	
886.02	3856.3	
886.19	5402.5	
886.35	4827.7	
886.52	3336.1	
886.69	4187.4	
886.85	4573.8	
887.02	5608	
887.19	5608	
887.35	5608	
887.52	5608	
887.68	5608	
887.85	5608	
888.02	5608	
888.18	5608	
888.35	5608	
888.51	5608	
888.68	5608	
888.85	5608	
889.01	5608	
889.18	5608	
889.35	5608	
889.51	5608	
889.68	5608	
889.84	5608	
890.01	5608	
890.17	5608	
890.34	5608	
890.51	5608	
890.67	5608	
890.84	5608	
891	5608	
891.17	5608	
891.34	5608	
891.5	5608	
891.67	5608	
891.83	5608	
892	5608	
892.16	5608	
892.33	5608	
892.5	5608	
892.66	5608	
892.83	5608	
892.99	5608	
893.16	5608	
893.32	5608	
893.49	5608	
893.65	5608	
893.82	5608	
893.99	5608	
894.15	5608	
894.32	5608	
894.48	5608	
894.65	5608	
894.81	5608	
894.98	5608	
895.14	5608	
895.31	5608	
895.47	5608	
895.64	5608	
895.81	5608	
895.97	5608	
896.14	5608	
896.3	5608	
896.47	5608	
896.63	5608	
896.8	5608	
896.96	5608	
897.13	5608	
897.29	5608	
897.46	5608	
897.62	5608	
897.79	5608	
897.95	5608	
898.12	5608	
898.28	5608	
898.45	5608	
898.61	5608	
898.78	5608	
898.94	5608	
899.11	5608	
899.27	5608	
899.44	5608	
899.6	5608	
899.77	5608	
899.93	5608	
900.1	5608	
900.26	5608	
900.43	5608	
900.59	5608	
900.76	5608	
900.92	5608	
901.09	5608	
901.25	5608	
901.42	5608	
901.58	5608	
901.75	5608	
901.91	5608	
902.07	5608	
902.24	5608	
902.4	5608	
902.57	5608	
902.73	5608	
902.9	5608	
903.06	5608	
903.23	5608	
903.39	5608	
903.56	5608	
903.72	5608	
903.88	5608	
904.05	5608	
904.21	5608	
904.38	5608	
904.54	5608	
904.71	5608	
904.87	5608	
905.03	5608	
905.2	5608	
905.36	5608	
905.53	5608	
905.69	5608	
905.86	5608	
906.02	5608	
906.18	5608	
906.35	5608	
906.51	5608	
906.68	5608	
906.84	5608	
907.01	5608	
907.17	5608	
907.33	5608	
907.5	5608	
907.66	5608	
907.83	5608	
907.99	5608	
908.15	5608	
908.32	5608	
908.48	5608	
908.65	5608	
908.81	5608	
908.97	5608	
909.14	5608	
909.3	5608	
909.47	5608	
909.63	5608	
909.79	5608	
909.96	5608	
910.12	5608	
910.28	5608	
910.45	5608	
910.61	5608	
910.78	5608	
910.94	5608	
911.1	5608	
911.27	5608	
911.43	5608	
911.59	5608	
911.76	5608	
911.92	5608	
912.08	5608	
912.25	5608	
912.41	5608	
912.57	5608	
912.74	5608	
912.9	5608	
913.07	5608	
913.23	5608	
913.39	5608	
913.56	5608	
913.72	5608	
913.88	5608	
914.05	5608	
914.21	5608	
914.37	5608	
914.54	5608	
914.7	5608	
914.86	5608	
915.03	5608	
915.19	5608	
