Wavelength	Intensities	
nm	a.u.	
179.22	1677.8	
179.44	1673.5	
179.65	1682.1	
179.86	1665	
180.08	1683.4	
180.29	3863.2	
180.51	2971.6	
180.72	4947.9	
180.94	5461.9	
181.15	2661	
181.37	2667.1	
181.58	4752.7	
181.79	4955.4	
182.01	2780.5	
182.22	2953.9	
182.44	4957.4	
182.65	4295.3	
182.87	3633.8	
183.08	3235.8	
183.29	5188.9	
183.51	4374.5	
183.72	2955.2	
183.94	4121.2	
184.15	4657.1	
184.37	4641.4	
184.58	2637.8	
184.79	3409.9	
185.01	4401.8	
185.22	5069.4	
185.44	3618.8	
185.65	3101.3	
185.86	4672.8	
186.08	4325.3	
186.29	2587.9	
186.51	2764.1	
186.72	4412.7	
186.94	5065.3	
187.15	3171.6	
187.36	3200.3	
187.58	6279.8	
187.79	4759.5	
188.01	3274	
188.22	4947.9	
188.43	5498.1	
188.65	4935.6	
188.86	2729.3	
189.08	3231	
189.29	4539	
189.5	4466.6	
189.72	2949.1	
189.93	3009.8	
190.15	5064.6	
190.36	5871.5	
190.57	3247.4	
190.79	3138.9	
191	5123.3	
191.22	5074.2	
191.43	3302.7	
191.64	2757.2	
191.86	5255.8	
192.07	5089.2	
192.29	2899.9	
192.5	2982.5	
192.71	5102.2	
192.93	4575.2	
193.14	2968.2	
193.35	3058.3	
193.57	4474.8	
193.78	5072.8	
194	2469.9	
194.21	2897.2	
194.42	4378.6	
194.64	4698.7	
194.85	3140.2	
195.07	3674.1	
195.28	4672.8	
195.49	4152.6	
195.71	3802.4	
195.92	2768.2	
196.13	4861.2	
196.35	4848.9	
196.56	4100.7	
196.78	3182.5	
196.99	5831.2	
197.2	5511.8	
197.42	3543	
197.63	3251.5	
197.84	4276.8	
198.06	4842.8	
198.27	3023.5	
198.48	3864.5	
198.7	4468.7	
198.91	4691.9	
199.13	3237.2	
199.34	3209.8	
199.55	5038	
199.77	4101.4	
199.98	2861	
200.19	3223.5	
200.41	4666.6	
200.62	4367	
200.83	3342.3	
201.05	3577.8	
201.26	4678.2	
201.47	4457.7	
201.69	2940.2	
201.9	2822.8	
202.11	4692.6	
202.33	5362.9	
202.54	3052.2	
202.76	3357.3	
202.97	4701.5	
203.18	4887.8	
203.4	3329.3	
203.61	3363.4	
203.82	4729.4	
204.04	4441.4	
204.25	3297.9	
204.46	3143.6	
204.68	4650.3	
204.89	4819.6	
205.1	3135.4	
205.32	2792.1	
205.53	4935.6	
205.74	5069.4	
205.96	2441.2	
206.17	3235.1	
206.38	4902.8	
206.6	5061.2	
206.81	3685	
207.02	3066.5	
207.24	4904.9	
207.45	5146.5	
207.66	3065.8	
207.88	2737.5	
208.09	4801.1	
208.3	4652.3	
208.52	2914.9	
208.73	3116.3	
208.94	4711.7	
209.15	5165	
209.37	3100.6	
209.58	3165.5	
209.79	5098.1	
210.01	4534.2	
210.22	2585.2	
210.43	2657.6	
210.65	4616.8	
210.86	4877.6	
211.07	3093.8	
211.29	2862.4	
211.5	4851.6	
211.71	4582.7	
211.93	2876.7	
212.14	2874	
212.35	4678.9	
212.56	4745.8	
212.78	3221.5	
212.99	2714.9	
213.2	5308.3	
213.42	4532.2	
213.63	2944.3	
213.84	3069.2	
214.06	4281.6	
214.27	4341	
214.48	3051.5	
214.69	3296.5	
214.91	5117.9	
215.12	5218.2	
215.33	3262.4	
215.55	3512.9	
215.76	5600.5	
215.97	4914.4	
216.18	3108.1	
216.4	3116.3	
216.61	4469.4	
216.82	4992.3	
217.04	2907.4	
217.25	2974.3	
217.46	5108.3	
217.67	4930.1	
217.89	2661.7	
218.1	2709.5	
218.31	4698	
218.53	4860.5	
218.74	3008.5	
218.95	2960	
219.16	4642.7	
219.38	5309.7	
219.59	2894.5	
219.8	3370.3	
220.01	5708.4	
220.23	4721.3	
220.44	3704.8	
220.65	2798.9	
220.87	4786.1	
221.08	5163.6	
221.29	2706.7	
221.5	3443.3	
221.72	6073.6	
221.93	4408.6	
222.14	3247.4	
222.35	3758	
222.57	4690.5	
222.78	4986.1	
222.99	3136.1	
223.2	3300.6	
223.42	4859.8	
223.63	4982.7	
223.84	2443.2	
224.05	2464.4	
224.27	5688.6	
224.48	5270.8	
224.69	3750.5	
224.9	3224.9	
225.12	4724.7	
225.33	4651.6	
225.54	2709.5	
225.75	2916.3	
225.97	4413.4	
226.18	4638.6	
226.39	3095.8	
226.6	2900.6	
226.82	4525.3	
227.03	4384.7	
227.24	3274.7	
227.45	2739.5	
227.67	4975.2	
227.88	5335	
228.09	3606.5	
228.3	3571	
228.52	4991.6	
228.73	4624.3	
228.94	3007.8	
229.15	2768.2	
229.36	4653.7	
229.58	4687.8	
229.79	3117	
230	3481.5	
230.21	5471.5	
230.43	4698	
230.64	3175.7	
230.85	3304.7	
231.06	5050.3	
231.28	5067.4	
231.49	2756.6	
231.7	3195.5	
231.91	4933.6	
232.12	4696	
232.34	2871.3	
232.55	3138.9	
232.76	5095.3	
232.97	4763.6	
233.18	2848	
233.4	3256.3	
233.61	4834.6	
233.82	4458.4	
234.03	3033.7	
234.25	3002.3	
234.46	6123.4	
234.67	4713.7	
234.88	3277.4	
235.09	2947	
235.31	4797.7	
235.52	4597.7	
235.73	3222.1	
235.94	2765.4	
236.15	4515.1	
236.37	5523.4	
236.58	2865.8	
236.79	3110.9	
237	4922	
237.21	4272.1	
237.43	3338.9	
237.64	2690.3	
237.85	7589.1	
238.06	4387.4	
238.27	3321.8	
238.48	2792.7	
238.7	4947.2	
238.91	4557.4	
239.12	3045.3	
239.33	3201	
239.54	4379.9	
239.76	4590.9	
239.97	3117.7	
240.18	3113.6	
240.39	5588.9	
240.6	4835.9	
240.82	3323.2	
241.03	2704.7	
241.24	4657.8	
241.45	5311.1	
241.66	2880.1	
241.87	3323.9	
242.09	5205.3	
242.3	5500.2	
242.51	3366.9	
242.72	3126.6	
242.93	4981.3	
243.14	4660.5	
243.36	3528	
243.57	3726.6	
243.78	5294	
243.99	4937	
244.2	3076.7	
244.41	2821.4	
244.63	4353.3	
244.84	4820.9	
245.05	3337.5	
245.26	3118.4	
245.47	4909	
245.68	4982	
245.9	3959.4	
246.11	3246	
246.32	4485.7	
246.53	4876.9	
246.74	4825.7	
246.95	2674.6	
247.16	4369	
247.38	4644.1	
247.59	2704.7	
247.8	3155.9	
248.01	4378.6	
248.22	4688.5	
248.43	2853.5	
248.64	3024.8	
248.86	4269.3	
249.07	4531.5	
249.28	2820.7	
249.49	3189.4	
249.7	5094.7	
249.91	5079.6	
250.12	2695.1	
250.34	2805	
250.55	4832.5	
250.76	4728.8	
250.97	3199.6	
251.18	3234.4	
251.39	5143.8	
251.6	4799.8	
251.81	3249.4	
252.03	3210.5	
252.24	4508.3	
252.45	5007.3	
252.66	2748.4	
252.87	3397.6	
253.08	4698.7	
253.29	5757.5	
253.5	2764.1	
253.72	3698.6	
253.93	4586.1	
254.14	5404.6	
254.35	3007.1	
254.56	2997.5	
254.77	4843.4	
254.98	4397	
255.19	2977.7	
255.41	3675.4	
255.62	4819.6	
255.83	5143.1	
256.04	3293.1	
256.25	3196.9	
256.46	5588.2	
256.67	4463.9	
256.88	3225.6	
257.09	3527.3	
257.31	4359.4	
257.52	4422.9	
257.73	3972.4	
257.94	2977.1	
258.15	4653	
258.36	4663.2	
258.57	3679.5	
258.78	2461	
258.99	5024.3	
259.2	4550.6	
259.41	2978.4	
259.63	3063.1	
259.84	5273.5	
260.05	5535.7	
260.26	3818.1	
260.47	3026.2	
260.68	5135.6	
260.89	4546.5	
261.1	3523.9	
261.31	2855.6	
261.52	5177.9	
261.73	5349.3	
261.95	3750.5	
262.16	3335.5	
262.37	5159.5	
262.58	5255.1	
262.79	3727.3	
263	3019.4	
263.21	4704.2	
263.42	4282.3	
263.63	3277.4	
263.84	3044.6	
264.05	5020.9	
264.26	5287.9	
264.47	3588	
264.69	3222.1	
264.9	5277.6	
265.11	4805.9	
265.32	2888.3	
265.53	2932	
265.74	4761.5	
265.95	4257.7	
266.16	3187.3	
266.37	3442	
266.58	4741.7	
266.79	4517.1	
267	3000.3	
267.21	2724.5	
267.42	4381.3	
267.63	4666	
267.84	3074	
268.06	2707.4	
268.27	5042.1	
268.48	5117.9	
268.69	3041.9	
268.9	3468.6	
269.11	5178.6	
269.32	4240.7	
269.53	3160.7	
269.74	2917.7	
269.95	4835.3	
270.16	4237.9	
270.37	3116.3	
270.58	3588	
270.79	4571.1	
271	5059.8	
271.21	3231	
271.42	3117.7	
271.63	4892.6	
271.84	4363.5	
272.05	2606.4	
272.26	2878.8	
272.47	4733.5	
272.68	4829.8	
272.89	3108.8	
273.11	3361.4	
273.32	4502.8	
273.53	5295.4	
273.74	3343.7	
273.95	3183.2	
274.16	5057.1	
274.37	4673.5	
274.58	3423.5	
274.79	2772.9	
275	4848.9	
275.21	5111	
275.42	4005.1	
275.63	3416.7	
275.84	4902.8	
276.05	5913.9	
276.26	3293.8	
276.47	3009.8	
276.68	4626.4	
276.89	5454.4	
277.1	3424.9	
277.31	2781.8	
277.52	4807.3	
277.73	5113.8	
277.94	2788.7	
278.15	3021.4	
278.36	4840	
278.57	4448.2	
278.78	3031.7	
278.99	3335.5	
279.2	4471.4	
279.41	4379.9	
279.62	3816.7	
279.83	2775	
280.04	5516.5	
280.25	4415.4	
280.46	3874.1	
280.67	3136.8	
280.88	4484.4	
281.09	5160.2	
281.3	3254.2	
281.51	3970.3	
281.72	4508.3	
281.93	4975.2	
282.14	2949.8	
282.35	3146.4	
282.56	5087.8	
282.77	4985.4	
282.98	3053.5	
283.19	3560.7	
283.4	6008.1	
283.61	4620.9	
283.82	2866.5	
284.03	3729.4	
284.24	4852.3	
284.45	5089.9	
284.66	3766.9	
284.87	3572.3	
285.08	5124	
285.29	5155.4	
285.5	2779.1	
285.71	3080.1	
285.92	5105.6	
286.12	5575.9	
286.33	3729.4	
286.54	3059	
286.75	5012.1	
286.96	4613.4	
287.17	2868.5	
287.38	3612.6	
287.59	4457.7	
287.8	4476.2	
288.01	3052.8	
288.22	3428.3	
288.43	4905.6	
288.64	4289.1	
288.85	3558.7	
289.06	3420.1	
289.27	5061.9	
289.48	5332.9	
289.69	3810.6	
289.9	3487.7	
290.11	5199.8	
290.32	4517.8	
290.53	3550.5	
290.74	3364.1	
290.94	4967.7	
291.15	4984.1	
291.36	2985.3	
291.57	3444	
291.78	4532.2	
291.99	4274.8	
292.2	2887.6	
292.41	3354.6	
292.62	5072.8	
292.83	4915.1	
293.04	4040	
293.25	2917.7	
293.46	4579.3	
293.67	5072.1	
293.88	2892.4	
294.09	2880.8	
294.29	4370.4	
294.5	4773.8	
294.71	3121.1	
294.92	2964.1	
295.13	4524.6	
295.34	5563	
295.55	2721.1	
295.76	2644.6	
295.97	5005.9	
296.18	5447.6	
296.39	2824.1	
296.6	2964.1	
296.81	4735.6	
297.01	4956.8	
297.22	3113.6	
297.43	2981.8	
297.64	4517.8	
297.85	4389.5	
298.06	2508.8	
298.27	2678.1	
298.48	4618.2	
298.69	4457.7	
298.9	3136.8	
299.11	2891.7	
299.31	4353.3	
299.52	4397.7	
299.73	3366.2	
299.94	3266.5	
300.15	4722.6	
300.36	4480.3	
300.57	3299.3	
300.78	3284.3	
300.99	4573.1	
301.2	4771.1	
301.4	2962	
301.61	3124.5	
301.82	4917.9	
302.03	5012.1	
302.24	3498.6	
302.45	2826.9	
302.66	4896	
302.87	5128.1	
303.08	2977.7	
303.29	3880.2	
303.49	4545.1	
303.7	4651.6	
303.91	2678.1	
304.12	3696.6	
304.33	4293.9	
304.54	4844.1	
304.75	2925.9	
304.96	2831	
305.16	4928.8	
305.37	5403.9	
305.58	2675.3	
305.79	2702.6	
306	4934.2	
306.21	4223.6	
306.42	2968.9	
306.63	4309.6	
306.83	4560.1	
307.04	4971.1	
307.25	3230.3	
307.46	3215.3	
307.67	4117.8	
307.88	4923.3	
308.09	2955.9	
308.29	2946.3	
308.5	4725.3	
308.71	5091.9	
308.92	3103.4	
309.13	2856.9	
309.34	4698.7	
309.55	4624.3	
309.75	3603.1	
309.96	3298.6	
310.17	4978.6	
310.38	4421.6	
310.59	3409.9	
310.8	2798.9	
311.01	4545.1	
311.21	4643.4	
311.42	2848	
311.63	2966.1	
311.84	4519.2	
312.05	4708.3	
312.26	3248.8	
312.46	3522.5	
312.67	4573.1	
312.88	4293.2	
313.09	2850.8	
313.3	2804.4	
313.51	5206.6	
313.71	5578.7	
313.92	2828.9	
314.13	2972.3	
314.34	4767.7	
314.55	4671.4	
314.76	3503.4	
314.96	3186	
315.17	4838	
315.38	4839.4	
315.59	2870.6	
315.8	2783.9	
316.01	5187.5	
316.21	5323.4	
316.42	2831.7	
316.63	3101.3	
316.84	4593.6	
317.05	5119.9	
317.26	3327.3	
317.46	2975	
317.67	4604.5	
317.88	4976.6	
318.09	3561.4	
318.3	2689.7	
318.5	4557.4	
318.71	4881.7	
318.92	4396.3	
319.13	3353.2	
319.34	4973.2	
319.54	5096.7	
319.75	2679.4	
319.96	2575.7	
320.17	4899.4	
320.38	5057.8	
320.58	2680.1	
320.79	3095.2	
321	5129.5	
321.21	5209.3	
321.42	3172.3	
321.62	2652.1	
321.83	4444.8	
322.04	4713.7	
322.25	3020.1	
322.46	2829.6	
322.66	4829.8	
322.87	4896.7	
323.08	3427.6	
323.29	2811.2	
323.5	5470.8	
323.7	4351.3	
323.91	3768.3	
324.12	3435.8	
324.33	4801.8	
324.53	4909.7	
324.74	3276.8	
324.95	3433.8	
325.16	4274.8	
325.37	4562.9	
325.57	2870.6	
325.78	2910.2	
325.99	4797.7	
326.2	4285.7	
326.4	4011.3	
326.61	2697.2	
326.82	4592.9	
327.03	4757.4	
327.24	3921.2	
327.44	3758	
327.65	4878.3	
327.86	4076.1	
328.07	3305.4	
328.27	2816.6	
328.48	5212.1	
328.69	4356	
328.9	3886.4	
329.1	2984.6	
329.31	4592.9	
329.52	5270.1	
329.73	2861.7	
329.93	3106.8	
330.14	4723.3	
330.35	4827.7	
330.56	4442.7	
330.76	3431	
330.97	4521.2	
331.18	4834.6	
331.39	3152.5	
331.59	2673.3	
331.8	5089.2	
332.01	5225.1	
332.22	2981.2	
332.42	3284.3	
332.63	4761.5	
332.84	4428.4	
333.05	3207.1	
333.25	2936.1	
333.46	4459.8	
333.67	4689.8	
333.88	3031	
334.08	3262.4	
334.29	6664.1	
334.5	5051	
334.7	2842.6	
334.91	3913.7	
335.12	4356	
335.33	4891.2	
335.53	3175	
335.74	4422.9	
335.95	4566.3	
336.16	4369.7	
336.36	3162.7	
336.57	3516.4	
336.78	4341	
336.98	5104.9	
337.19	3804.4	
337.4	3125.2	
337.61	5440.1	
337.81	4370.4	
338.02	2936.1	
338.23	3657	
338.43	5280.3	
338.64	4483.7	
338.85	2912.9	
339.05	3687	
339.26	5335.6	
339.47	4244.8	
339.68	2840.5	
339.88	4035.2	
340.09	4906.3	
340.3	5053	
340.5	3281.5	
340.71	2553.8	
340.92	4334.9	
341.13	5139.7	
341.33	2825.5	
341.54	3308.2	
341.75	4822.3	
341.95	4522.6	
342.16	3189.4	
342.37	3403.7	
342.57	4333.5	
342.78	4600.4	
342.99	3452.2	
343.19	2644.6	
343.4	4945.2	
343.61	4859.1	
343.81	3028.3	
344.02	2802.3	
344.23	4977.9	
344.43	5218.2	
344.64	3471.3	
344.85	3489.7	
345.06	4836.6	
345.26	5058.5	
345.47	3260.4	
345.68	3735.5	
345.88	4256.4	
346.09	4979.3	
346.3	3330	
346.5	2567.5	
346.71	4648.2	
346.92	4433.9	
347.12	2742.2	
347.33	3230.3	
347.54	5066.7	
347.74	5320.6	
347.95	3286.3	
348.16	2516.3	
348.36	4537.6	
348.57	4334.2	
348.78	3244	
348.98	3414	
349.19	4614.8	
349.39	4201.7	
349.6	2714.2	
349.81	2876.7	
350.01	4840	
350.22	4457.1	
350.43	3129.3	
350.63	3692.5	
350.84	4669.4	
351.05	4392.2	
351.25	2887	
351.46	2650.1	
351.67	4973.8	
351.87	4375.8	
352.08	3061	
352.29	3397.6	
352.49	4965.6	
352.7	5051.7	
352.9	2739.5	
353.11	3391.4	
353.32	5444.9	
353.52	4544.4	
353.73	2820.7	
353.94	3427.6	
354.14	4842.1	
354.35	4691.9	
354.55	2871.3	
354.76	3179.8	
354.97	4827.1	
355.17	4637.3	
355.38	2752.5	
355.59	3594.2	
355.79	4394.9	
356	4605.9	
356.2	3082.2	
356.41	2805	
356.62	4208.6	
356.82	4547.9	
357.03	3361.4	
357.24	2981.2	
357.44	4399	
357.65	4439.3	
357.85	3821.5	
358.06	3151.1	
358.27	4221.5	
358.47	4367	
358.68	2680.8	
358.88	3293.8	
359.09	4790.9	
359.3	4998.4	
359.5	3762.1	
359.71	3351.8	
359.91	5319.3	
360.12	4832.5	
360.33	3317.7	
360.53	3573.7	
360.74	4375.8	
360.94	4425.7	
361.15	3413.3	
361.36	2885.6	
361.56	4924.7	
361.77	4513	
361.97	3723.9	
362.18	3061	
362.38	4958.1	
362.59	4264.6	
362.8	2835.1	
363	2691.7	
363.21	4087.1	
363.41	4577.9	
363.62	3161.4	
363.83	3813.3	
364.03	4752	
364.24	5251.7	
364.44	3986.7	
364.65	3941.7	
364.85	4571.1	
365.06	4234.5	
365.27	2926.5	
365.47	2981.8	
365.68	5191.6	
365.88	4511	
366.09	3222.8	
366.29	2947	
366.5	4618.9	
366.71	4968.4	
366.91	3857	
367.12	3320.4	
367.32	5416.2	
367.53	4834.6	
367.73	3273.3	
367.94	4028.4	
368.14	4859.1	
368.35	5394.3	
368.56	3293.1	
368.76	3061	
368.97	4889.2	
369.17	6012.8	
369.38	2860.3	
369.58	3098.6	
369.79	4182	
369.99	5111.7	
370.2	3862.5	
370.4	3207.8	
370.61	4700.1	
370.82	5606.7	
371.02	3160	
371.23	2656.2	
371.43	4185.4	
371.64	5118.6	
371.84	3112.9	
372.05	3949.2	
372.25	5920	
372.46	4740.4	
372.66	3075.4	
372.87	3035.8	
373.07	4863.2	
373.28	6005.3	
373.48	3741	
373.69	3569.6	
373.9	4543.8	
374.1	4571.1	
374.31	3725.9	
374.51	3365.5	
374.72	5055.1	
374.92	4302.8	
375.13	3844.7	
375.33	3286.3	
375.54	4745.8	
375.74	4453.6	
375.95	3311.6	
376.15	4203.8	
376.36	4861.9	
376.56	4656.4	
376.77	3355.9	
376.97	3644	
377.18	5591	
377.38	4825	
377.59	3787.4	
377.79	2945	
378	4668	
378.2	4915.8	
378.41	3105.4	
378.61	2978.4	
378.82	5075.5	
379.02	4418.8	
379.23	3141.6	
379.43	3863.2	
379.64	5145.2	
379.84	4756.7	
380.05	3023.5	
380.25	2946.3	
380.46	4913.8	
380.66	4568.3	
380.87	3912.3	
381.07	4185.4	
381.28	5345.2	
381.48	4821.6	
381.69	3046.7	
381.89	3037.8	
382.1	4091.2	
382.3	4860.5	
382.51	3789.4	
382.71	4427.7	
382.91	4793.6	
383.12	5208.7	
383.32	3281.5	
383.53	3408.5	
383.73	4780.6	
383.94	4636.6	
384.14	3414	
384.35	2775	
384.55	4537.6	
384.76	4870.8	
384.96	3278.8	
385.17	3512.9	
385.37	4919.2	
385.58	4303.5	
385.78	3500	
385.98	2769.5	
386.19	4528.1	
386.39	4829.8	
386.6	3074	
386.8	3331.4	
387.01	4902.8	
387.21	4893.3	
387.42	3591.5	
387.62	3936.9	
387.83	4446.1	
388.03	4743.1	
388.23	3342.3	
388.44	3786	
388.64	4221.5	
388.85	4225.6	
389.05	3481.5	
389.26	3908.9	
389.46	5672.9	
389.67	5140.4	
389.87	3518.4	
390.07	3506.8	
390.28	4543.1	
390.48	4269.3	
390.69	2964.8	
390.89	3211.9	
391.1	4492.6	
391.3	5072.1	
391.5	4037.2	
391.71	4431.1	
391.91	4943.1	
392.12	5524.1	
392.32	4141	
392.53	3545.7	
392.73	4508.3	
392.93	4611.3	
393.14	3325.9	
393.34	3966.2	
393.55	4999.8	
393.75	4588.8	
393.95	3332	
394.16	3226.9	
394.36	4508.9	
394.57	4913.8	
394.77	2994.1	
394.98	3306.8	
395.18	4412.7	
395.38	4536.3	
395.59	3799	
395.79	3099.9	
396	4474.8	
396.2	4891.2	
396.4	3695.9	
396.61	3680.2	
396.81	4914.4	
397.02	4358.1	
397.22	3878.9	
397.42	3882.9	
397.63	4946.5	
397.83	4371.7	
398.04	3054.2	
398.24	3354.6	
398.44	4760.2	
398.65	4036.5	
398.85	2952.5	
399.05	3004.4	
399.26	4375.1	
399.46	5548.6	
399.67	3347.1	
399.87	3079.5	
400.07	4620.2	
400.28	4820.2	
400.48	3163.4	
400.69	3839.3	
400.89	4924.7	
401.09	5297.4	
401.3	3069.2	
401.5	3858.4	
401.7	5387.5	
401.91	5606	
402.11	3377.8	
402.32	3515.7	
402.52	5044.8	
402.72	4974.5	
402.93	3686.3	
403.13	2876	
403.33	5659.9	
403.54	4687.8	
403.74	3472	
403.94	4122.6	
404.15	4762.2	
404.35	5527.5	
404.56	3290.4	
404.76	4534.9	
404.96	4995	
405.17	4803.2	
405.37	4032.5	
405.57	3653.6	
405.78	4971.8	
405.98	4625	
406.18	3310.2	
406.39	3832.4	
406.59	4995	
406.79	4673.5	
407	3117	
407.2	3232.4	
407.4	5235.3	
407.61	5199.8	
407.81	3259	
408.01	4432.5	
408.22	4237.9	
408.42	5549.3	
408.62	3945.8	
408.83	3491.1	
409.03	4655.7	
409.23	4558.8	
409.44	3515	
409.64	3695.9	
409.84	5264	
410.05	5184.1	
410.25	3613.3	
410.45	3472.7	
410.66	4814.8	
410.86	6660	
411.06	3745.1	
411.27	3656.3	
411.47	6353.5	
411.67	4966.3	
411.88	3775.8	
412.08	3929.4	
412.28	5343.2	
412.49	5696.8	
412.69	3604.4	
412.89	3642	
413.09	5631.2	
413.3	5468.1	
413.5	3713.6	
413.7	3468.6	
413.91	5000.5	
414.11	5522.7	
414.31	3601	
414.52	3787.4	
414.72	5388.2	
414.92	5258.5	
415.12	3576.4	
415.33	3989.4	
415.53	5528.8	
415.73	5658.5	
415.94	4185.4	
416.14	3751.9	
416.34	4850.3	
416.55	4614.1	
416.75	4640.7	
416.95	4202.4	
417.15	5558.9	
417.36	6039.5	
417.56	4793.6	
417.76	4023.6	
417.97	5765	
418.17	5479	
418.37	3851.5	
418.57	3783.3	
418.78	5475.6	
418.98	5145.2	
419.18	4437.3	
419.38	4403.1	
419.59	5169.8	
419.79	4999.1	
419.99	3810.6	
420.2	4027	
420.4	5606.7	
420.6	5683.8	
420.8	3704.1	
421.01	3623.5	
421.21	5481	
421.41	5537.7	
421.61	3899.3	
421.82	3762.8	
422.02	5166.3	
422.22	5837.4	
422.42	4328.7	
422.63	4141	
422.83	5177.3	
423.03	6056.5	
423.23	4177.9	
423.44	3409.9	
423.64	5219.6	
423.84	5053.7	
424.04	3716.4	
424.25	3431	
424.45	5972.6	
424.65	5881.8	
424.85	3394.2	
425.06	3680.9	
425.26	6023.1	
425.46	5175.9	
425.66	4175.8	
425.87	3906.2	
426.07	5683.8	
426.27	5553.4	
426.47	3956	
426.67	3579.2	
426.88	6047.7	
427.08	5603.9	
427.28	4179.9	
427.48	3515.7	
427.69	4874.8	
427.89	5334.3	
428.09	4115.1	
428.29	3567.6	
428.5	5745.9	
428.7	5442.1	
428.9	3428.3	
429.1	3798.3	
429.3	5481	
429.51	5606	
429.71	3700	
429.91	4276.8	
430.11	5623.7	
430.31	5782.8	
430.52	3872.7	
430.72	4106.9	
430.92	5971.9	
431.12	5582.1	
431.32	3639.2	
431.53	4001.7	
431.73	4865.3	
431.93	6029.2	
432.13	3623.5	
432.33	3541.6	
432.54	5285.8	
432.74	5376.6	
432.94	3444	
433.14	4254.3	
433.34	5672.9	
433.55	5275.6	
433.75	4255	
433.95	5378.6	
434.15	5509.7	
434.35	5128.1	
434.56	3604.4	
434.76	3252.9	
434.96	5389.6	
435.16	5621.7	
435.36	3568.2	
435.56	4381.3	
435.77	5137	
435.97	5312.4	
436.17	4802.5	
436.37	4257.7	
436.57	5141.1	
436.78	5109.7	
436.98	4235.2	
437.18	4673.5	
437.38	5527.5	
437.58	5292.6	
437.78	4828.4	
437.99	3885	
438.19	5748.6	
438.39	6210.8	
438.59	3857	
438.79	3528	
438.99	6199.2	
439.2	5317.2	
439.4	3550.5	
439.6	3485.6	
439.8	5507	
440	6223.1	
440.2	4233.8	
440.4	4288.4	
440.61	5772.5	
440.81	6072.2	
441.01	3628.3	
441.21	4240.7	
441.41	6060.6	
441.61	5801.2	
441.81	4528.1	
442.02	5215.5	
442.22	6437.4	
442.42	5901.6	
442.62	3674.1	
442.82	3774.4	
443.02	6095.4	
443.22	5544.5	
443.43	4020.8	
443.63	3712.3	
443.83	5285.1	
444.03	5321.3	
444.23	4566.3	
444.43	4300.1	
444.63	5571.2	
444.83	6354.8	
445.04	3814.7	
445.24	4719.2	
445.44	5885.9	
445.64	5887.9	
445.84	4369.7	
446.04	4476.9	
446.24	5446.2	
446.44	6126.8	
446.65	3823.6	
446.85	4143.7	
447.05	5709.7	
447.25	6146	
447.45	4240.7	
447.65	3737.5	
447.85	5722.7	
448.05	5378.6	
448.25	4431.8	
448.46	4305.5	
448.66	5694	
448.86	5397.8	
449.06	3704.1	
449.26	4476.9	
449.46	5897.5	
449.66	5169.8	
449.86	4105.5	
450.06	4138.9	
450.26	5358.2	
450.47	5729.5	
450.67	4324.6	
450.87	4567	
451.07	5902.9	
451.27	5597.1	
451.47	3809.2	
451.67	4480.3	
451.87	5452.4	
452.07	6289.3	
452.27	3980.6	
452.47	3953.3	
452.67	5778.7	
452.88	5990.3	
453.08	3525.2	
453.28	4914.4	
453.48	6543.3	
453.68	5644.9	
453.88	3919.1	
454.08	4080.2	
454.28	5881.8	
454.48	5651.7	
454.68	4513.7	
454.88	4765.6	
455.08	5995.8	
455.28	5793	
455.48	3842	
455.68	4319.2	
455.89	6364.4	
456.09	6032	
456.29	4097.3	
456.49	4126.7	
456.69	6286.6	
456.89	5682.4	
457.09	4429.1	
457.29	4745.1	
457.49	5943.9	
457.69	5935	
457.89	4311.7	
458.09	3877.5	
458.29	5738.4	
458.49	6290.7	
458.69	4655.7	
458.89	4207.2	
459.09	6440.9	
459.29	6467.5	
459.49	4285.7	
459.69	4899.4	
459.9	6146.6	
460.1	5728.9	
460.3	4254.3	
460.5	4089.1	
460.7	6148.7	
460.9	5777.3	
461.1	3810.6	
461.3	4767.7	
461.5	6494.8	
461.7	6238.8	
461.9	4088.4	
462.1	4412.7	
462.3	5933.6	
462.5	6318	
462.7	4201.7	
462.9	4246.8	
463.1	7124.2	
463.3	6726.2	
463.5	4395.6	
463.7	4986.1	
463.9	6094.8	
464.1	6326.9	
464.3	4446.1	
464.5	4678.2	
464.7	6589.7	
464.9	6185.5	
465.1	5538.4	
465.3	4967.7	
465.5	6774	
465.7	6718	
465.9	5084.4	
466.1	4973.8	
466.3	6576	
466.5	6496.8	
466.7	5469.4	
466.9	4747.9	
467.1	6554.9	
467.3	7113.3	
467.5	5586.9	
467.7	4711.7	
467.9	7321.5	
468.1	7858.7	
468.3	5236	
468.5	5553.4	
468.7	6399.2	
468.9	6417	
469.1	4987.5	
469.3	5444.2	
469.5	7899.7	
469.7	6193.7	
469.9	5313.1	
470.1	4837.3	
470.3	6584.2	
470.5	6584.2	
470.7	5709.1	
470.9	4934.2	
471.1	6303.6	
471.3	6692.8	
471.5	4775.2	
471.69	6101.6	
471.89	6372.6	
472.09	5933	
472.29	5252.4	
472.49	5604.6	
472.69	6156.2	
472.89	6667.5	
473.09	4693.3	
473.29	4857.1	
473.49	6247	
473.69	6324.8	
473.89	5457.2	
474.09	4876.9	
474.29	7235.5	
474.49	6938.5	
474.69	5388.9	
474.89	5040.7	
475.09	6350.8	
475.29	6305.7	
475.49	4634.6	
475.69	4847.5	
475.88	7518.8	
476.08	6763.1	
476.28	4558.1	
476.48	4856.4	
476.68	7062.1	
476.88	6784.9	
477.08	4847.5	
477.28	5040.1	
477.48	6500.3	
477.68	6901	
477.88	4665.3	
478.08	4883.7	
478.28	7150.1	
478.48	6588.3	
478.67	4980.7	
478.87	4525.3	
479.07	7000.6	
479.27	6571.2	
479.47	5116.5	
479.67	5182.7	
479.87	6931	
480.07	7263.5	
480.27	4642.7	
480.47	5760.9	
480.67	6582.9	
480.87	7109.9	
481.06	4820.2	
481.26	5495.4	
481.46	6676.4	
481.66	6492.7	
481.86	5167.7	
482.06	5881.1	
482.26	6511.2	
482.46	7034.1	
482.66	5107.6	
482.86	4857.1	
483.05	6755.6	
483.25	6233.3	
483.45	6881.9	
483.65	5123.3	
483.85	6324.1	
484.05	6602.7	
484.25	5376.6	
484.45	5741.1	
484.65	7217.7	
484.84	7221.8	
485.04	5040.1	
485.24	5160.2	
485.44	7437.5	
485.64	6166.4	
485.84	4616.1	
486.04	5559.6	
486.24	6588.3	
486.44	6769.2	
486.63	4534.2	
486.83	5257.8	
487.03	6522.1	
487.23	6569.2	
487.43	4668	
487.63	6291.4	
487.83	6611.5	
488.02	7175.4	
488.22	5341.1	
488.42	5700.9	
488.62	7234.8	
488.82	6463.4	
489.02	5119.2	
489.22	5094	
489.41	7152.9	
489.61	6943.3	
489.81	4970.4	
490.01	4992.9	
490.21	7138.5	
490.41	7696.3	
490.61	4888.5	
490.8	5134.9	
491	6843.6	
491.2	6369.2	
491.4	5485.8	
491.6	4898.7	
491.8	6879.8	
491.99	6912.6	
492.19	4810.7	
492.39	5009.3	
492.59	7169.9	
492.79	7205.4	
492.99	5571.8	
493.18	4851	
493.38	7180.9	
493.58	7681.2	
493.78	5401.9	
493.98	5151.3	
494.18	7016.3	
494.37	6632.7	
494.57	5645.6	
494.77	5483.1	
494.97	7114.6	
495.17	7344.7	
495.37	5205.9	
495.56	5511.1	
495.76	7488.1	
495.96	7245.7	
496.16	6134.3	
496.36	5498.8	
496.55	7476.5	
496.75	7137.2	
496.95	5737.7	
497.15	5615.5	
497.35	7509.2	
497.54	7329.7	
497.74	5460.6	
497.94	6579.4	
498.14	7986.4	
498.34	7738.6	
498.53	5264	
498.73	5722.7	
498.93	6906.4	
499.13	7404.8	
499.33	5689.9	
499.52	6095.4	
499.72	7443.7	
499.92	7539.3	
500.12	5352.7	
500.32	5643.5	
500.51	7601.4	
500.71	7440.3	
500.91	6242.9	
501.11	5942.5	
501.31	7593.9	
501.5	7950.2	
501.7	6442.2	
501.9	5724.8	
502.1	7417.7	
502.29	7704.5	
502.49	6070.2	
502.69	6420.4	
502.89	7611.6	
503.09	7607.5	
503.28	5341.1	
503.48	5460.6	
503.68	7174	
503.88	7085.3	
504.07	6161.7	
504.27	5895.4	
504.47	7352.9	
504.67	7492.8	
504.86	6135.7	
505.06	5925.5	
505.26	7272.3	
505.46	8340	
505.65	5889.3	
505.85	6043.6	
506.05	7229.3	
506.25	7557	
506.44	5320.6	
506.64	6004.6	
506.84	7047.1	
507.04	7576.1	
507.23	5519.3	
507.43	5898.8	
507.63	8425.3	
507.83	7210.2	
508.02	5890.6	
508.22	5648.3	
508.42	8697.7	
508.62	6979.5	
508.81	5814.9	
509.01	6195.1	
509.21	6956.9	
509.4	7245.7	
509.6	5959.6	
509.8	5492	
510	7150.8	
510.19	8075.1	
510.39	5369.1	
510.59	5523.4	
510.79	7051.8	
510.98	7969.3	
511.18	5599.1	
511.38	5676.3	
511.57	7746.8	
511.77	7453.9	
511.97	6196.5	
512.17	5511.1	
512.36	7692.2	
512.56	7533.8	
512.76	5544.5	
512.95	5334.3	
513.15	7804.1	
513.35	6695.5	
513.55	6112.5	
513.74	5496.1	
513.94	7576.1	
514.14	7223.2	
514.33	6197.8	
514.53	5924.1	
514.73	7250.5	
514.92	7359	
515.12	5603.2	
515.32	5439.4	
515.51	7445.7	
515.71	7645.1	
515.91	6710.5	
516.11	5531.6	
516.3	8549.6	
516.5	7090.1	
516.7	6022.4	
516.89	6441.5	
517.09	7278.5	
517.29	7208.2	
517.48	6203.3	
517.68	5763	
517.88	6979.5	
518.07	7488.7	
518.27	6150.1	
518.47	5342.5	
518.66	7889.5	
518.86	6906.4	
519.06	5238	
519.25	5642.8	
519.45	7189.7	
519.65	8143.4	
519.84	6134.3	
520.04	6562.4	
520.24	8476.5	
520.43	7608.2	
520.63	5955.5	
520.83	5765	
521.02	7223.9	
521.22	7551.5	
521.42	6070.2	
521.61	6471.6	
521.81	7325.6	
522.01	7368.6	
522.2	5940.5	
522.4	5812.1	
522.6	7783.6	
522.79	6763.1	
522.99	5856.5	
523.18	5371.1	
523.38	7487.4	
523.58	7473.7	
523.77	6683.2	
523.97	5380	
524.17	8720.3	
524.36	8187.1	
524.56	6410.1	
524.76	6083.1	
524.95	7477.1	
525.15	7271.7	
525.34	5995.1	
525.54	6031.3	
525.74	7818.5	
525.93	7121.5	
526.13	6826.6	
526.33	5990.3	
526.52	8073.1	
526.72	7678.5	
526.91	6936.5	
527.11	6344.6	
527.31	8083.3	
527.5	8422.6	
527.7	6309.8	
527.89	5618.3	
528.09	7320.8	
528.29	7643	
528.48	6551.5	
528.68	6363	
528.87	8039.6	
529.07	8049.2	
529.27	6341.2	
529.46	6117.3	
529.66	7884.7	
529.85	8161.8	
530.05	5882.4	
530.25	6488	
530.44	8833.6	
530.64	7820.5	
530.83	6229.2	
531.03	6320.7	
531.23	8176.9	
531.42	7950.2	
531.62	6788.3	
531.81	6199.2	
532.01	8250.6	
532.21	8414.4	
532.4	6163.7	
532.6	6351.4	
532.79	8841.1	
532.99	8224.6	
533.18	6521.4	
533.38	7177.4	
533.58	7892.9	
533.77	8427.4	
533.97	6417	
534.16	7050.5	
534.36	8659.5	
534.55	8012.3	
534.75	7167.9	
534.95	6521.4	
535.14	8640.4	
535.34	7976.2	
535.53	6251.8	
535.73	7665.5	
535.92	8979.7	
536.12	8147.5	
536.31	6431.3	
536.51	7230.7	
536.71	8374.8	
536.9	7972.1	
537.1	6442.2	
537.29	6580.1	
537.49	8587.1	
537.68	7896.3	
537.88	6852.5	
538.07	6268.1	
538.27	8148.2	
538.46	8847.2	
538.66	6163	
538.86	6543.3	
539.05	8170.7	
539.25	8533.9	
539.44	6847	
539.64	6469.5	
539.83	8133.8	
540.03	8792.6	
540.22	6429.3	
540.42	6522.8	
540.61	8332.5	
540.81	8392.6	
541	6780.8	
541.2	7245.7	
541.39	7937.2	
541.59	8144.8	
541.78	7049.8	
541.98	6445	
542.18	7693.5	
542.37	7643.7	
542.57	6768.5	
542.76	7066.9	
542.96	7864.9	
543.15	8208.9	
543.35	6670.9	
543.54	6261.3	
543.74	8421.9	
543.93	8228.1	
544.13	6640.2	
544.32	7449.1	
544.52	8475.2	
544.71	7774.1	
544.91	6013.5	
545.1	6794.5	
545.3	7836.9	
545.49	8256.7	
545.69	6049.7	
545.88	6434.7	
546.08	8999.5	
546.27	8577.6	
546.47	6775.4	
546.66	6315.9	
546.86	8529.8	
547.05	8700.5	
547.24	6402	
547.44	6313.2	
547.63	7770	
547.83	8497.7	
548.02	6509.8	
548.22	6656.6	
548.41	7595.2	
548.61	8516.8	
548.8	6289.3	
549	6310.5	
549.19	8129.1	
549.39	8374.1	
549.58	6061.3	
549.78	6483.9	
549.97	8316.1	
550.17	7978.2	
550.36	7070.3	
550.55	7817.1	
550.75	8009.6	
550.94	8536.6	
551.14	6146	
551.33	6526.2	
551.53	7496.9	
551.72	8185.7	
551.92	6498.9	
552.11	6310.5	
552.31	8273.8	
552.5	8192.6	
552.69	7515.4	
552.89	6029.9	
553.08	8166.6	
553.28	8030.8	
553.47	6328.9	
553.67	7130.3	
553.86	8662.2	
554.06	7426.6	
554.25	5726.1	
554.44	6141.2	
554.64	9168.8	
554.83	8710	
555.03	6151.4	
555.22	6367.1	
555.42	8387.1	
555.61	8142.7	
555.8	6268.8	
556	6498.9	
556.19	7533.8	
556.39	8327	
556.58	6350.8	
556.78	6296.1	
556.97	7999.4	
557.16	7843.7	
557.36	7212.3	
557.55	6110.5	
557.75	7315.3	
557.94	8641.7	
558.13	6115.2	
558.33	5973.9	
558.52	8458.8	
558.72	7587	
558.91	6056.5	
559.1	6240.8	
559.3	7479.9	
559.49	7193.8	
559.69	5744.6	
559.88	6449.7	
560.07	8007.6	
560.27	8312	
560.46	6660	
560.66	6766.5	
560.85	7908.6	
561.04	7284.6	
561.24	6022.4	
561.43	6168.5	
561.63	7417.1	
561.82	7724.9	
562.01	6962.4	
562.21	6385.6	
562.4	7959.1	
562.59	8609.7	
562.79	6296.8	
562.98	5951.4	
563.18	7877.2	
563.37	8949.6	
563.56	6598.6	
563.76	6006	
563.95	7586.4	
564.14	7499	
564.34	6355.5	
564.53	6076.3	
564.73	8045.8	
564.92	8031.5	
565.11	6408.1	
565.31	5976.7	
565.5	8430.8	
565.69	7615	
565.89	6156.2	
566.08	6316.6	
566.27	8269	
566.47	8523	
566.66	6827.2	
566.85	5868.1	
567.05	8023.3	
567.24	7636.2	
567.44	6128.9	
567.63	7098.9	
567.82	8213	
568.02	7944.8	
568.21	6096.8	
568.4	6368.5	
568.6	7896.3	
568.79	7888.1	
568.98	6055.8	
569.18	6104.3	
569.37	7877.2	
569.56	9236.3	
569.76	6386.9	
569.95	6974	
570.14	8150.9	
570.34	8102.4	
570.53	6051.1	
570.72	6083.1	
570.91	8476.5	
571.11	7952.3	
571.3	6464.8	
571.49	7102.4	
571.69	7978.2	
571.88	7594.6	
572.07	6759	
572.27	6871.6	
572.46	7560.4	
572.65	8303.1	
572.85	6264.7	
573.04	6447	
573.23	8557.1	
573.43	8023.3	
573.62	6146.6	
573.81	6520	
574	8121.6	
574.2	7782.3	
574.39	6298.2	
574.58	6519.4	
574.78	8585.1	
574.97	8077.2	
575.16	6830.7	
575.36	6876.4	
575.55	8489.5	
575.74	8499.8	
575.93	6109.8	
576.13	6932.4	
576.32	8063.5	
576.51	8456.1	
576.71	6584.9	
576.9	7444.4	
577.09	8721.6	
577.28	8286.8	
577.48	6801.3	
577.67	6122.7	
577.86	8089.5	
578.05	8310.7	
578.25	6620.4	
578.44	6602	
578.63	8094.3	
578.83	9018.6	
579.02	6201.2	
579.21	7210.9	
579.4	8358.4	
579.6	8012.3	
579.79	6739.2	
579.98	8319.5	
580.17	8505.9	
580.37	8641.1	
580.56	6296.1	
580.75	6838.2	
580.94	8814.5	
581.14	8867.7	
581.33	7083.9	
581.52	6455.2	
581.71	8433.5	
581.91	8997.4	
582.1	6294.1	
582.29	6576	
582.48	8228.1	
582.68	8175.5	
582.87	6984.9	
583.06	6678.4	
583.25	8559.1	
583.45	7970	
583.64	7273.7	
583.83	7682.6	
584.02	8218.5	
584.21	8409	
584.41	7225.9	
584.6	6653.9	
584.79	8219.2	
584.98	8731.2	
585.18	6365.1	
585.37	6328.9	
585.56	7987.8	
585.75	8542.8	
585.94	6526.2	
586.14	6944	
586.33	8959.9	
586.52	8209.6	
586.71	6922.8	
586.91	6599.2	
587.1	7886	
587.29	8574.8	
587.48	6617	
587.67	6508.4	
587.87	8499.8	
588.06	8371.4	
588.25	7522.9	
588.44	7011.6	
588.63	8144.1	
588.83	8596	
589.02	6625.2	
589.21	6413.6	
589.4	8167.3	
589.59	8057.4	
589.78	6073.6	
589.98	6203.3	
590.17	7729	
590.36	8056.7	
590.55	5698.8	
590.74	6339.8	
590.94	8869.8	
591.13	7945.4	
591.32	6039.5	
591.51	5728.2	
591.7	8127	
591.89	7839.6	
592.09	5776.6	
592.28	6128.9	
592.47	7200	
592.66	8716.8	
592.85	5826.5	
593.05	6072.2	
593.24	7889.5	
593.43	8420.6	
593.62	6049.7	
593.81	6401.3	
594	7845.8	
594.19	7879.9	
594.39	6034	
594.58	5935.7	
594.77	8049.9	
594.96	8372.1	
595.15	6025.1	
595.34	6381.5	
595.54	7988.4	
595.73	7364.5	
595.92	5464.7	
596.11	6268.8	
596.3	8381.7	
596.49	7445.7	
596.68	6128.9	
596.88	6365.8	
597.07	8066.3	
597.26	7280.5	
597.45	5769.8	
597.64	6556.9	
597.83	7515.4	
598.02	7972.1	
598.22	5833.3	
598.41	6382.2	
598.6	7886	
598.79	7401.4	
598.98	5937.7	
599.17	6505	
599.36	7799.3	
599.55	8482.7	
599.74	7219.1	
599.94	7110.5	
600.13	8229.4	
600.32	7283.9	
600.51	5655.1	
600.7	5810.8	
600.89	8540.7	
601.08	8609.7	
601.27	5658.5	
601.47	6236.1	
601.66	8099	
601.85	8398.7	
602.04	6075.6	
602.23	6208.8	
602.42	7473	
602.61	7866.2	
602.8	5988.9	
602.99	5871.5	
603.18	7555.6	
603.37	7740	
603.57	6288.6	
603.76	6607.4	
603.95	8268.3	
604.14	7914	
604.33	5953.4	
604.52	6062.7	
604.71	7813	
604.9	7432.1	
605.09	6512.5	
605.28	6397.9	
605.47	8223.3	
605.66	7851.9	
605.86	6299.6	
606.05	5944.6	
606.24	8235.6	
606.43	7114.6	
606.62	6186.2	
606.81	6583.5	
607	8041.7	
607.19	7623.2	
607.38	5687.9	
607.57	5856.5	
607.76	7384.3	
607.95	6959	
608.14	6173.9	
608.33	6497.5	
608.52	7393.2	
608.72	8085.4	
608.91	5635.3	
609.1	5601.9	
609.29	7427.3	
609.48	7165.8	
609.67	6257.2	
609.86	5719.3	
610.05	7225.9	
610.24	7347.4	
610.43	5492.7	
610.62	5296.7	
610.81	8277.9	
611	8090.8	
611.19	5638.7	
611.38	6148	
611.57	7677.2	
611.76	8505.2	
611.95	5500.8	
612.14	5279	
612.33	7451.9	
612.52	7196.6	
612.71	5802.6	
612.9	5270.8	
613.09	6903	
613.28	8615.8	
613.47	5744.6	
613.66	6273.6	
613.85	7559.1	
614.04	7079.8	
614.24	5682.4	
614.43	5182	
614.62	7697.6	
614.81	7607.5	
615	6150.7	
615.19	6027.2	
615.38	7117.4	
615.57	7449.1	
615.76	5965.1	
615.95	6761.7	
616.14	7739.3	
616.33	7466.2	
616.52	6266.1	
616.71	6300.2	
616.9	7739.3	
617.09	7460.8	
617.28	5820.3	
617.47	6638.8	
617.66	7002.7	
617.85	7010.9	
618.04	6379.4	
618.22	6001.9	
618.41	7305.1	
618.6	7963.2	
618.79	6032.6	
618.98	5808.7	
619.17	8094.9	
619.36	6914.6	
619.55	5849	
619.74	6014.9	
619.93	7666.9	
620.12	7215	
620.31	6334.4	
620.5	6478.4	
620.69	7994.6	
620.88	8333.9	
621.07	7003.4	
621.26	6281.1	
621.45	7824.6	
621.64	7865.6	
621.83	6416.3	
622.02	5773.2	
622.21	7892.9	
622.4	7653.3	
622.59	6745.3	
622.78	6590.4	
622.97	7472.4	
623.16	8116.8	
623.35	6336.4	
623.54	5712.5	
623.72	7550.2	
623.91	7636.9	
624.1	6556.9	
624.29	5616.9	
624.48	8348.2	
624.67	7940.7	
624.86	6395.8	
625.05	5781.4	
625.24	8510	
625.43	7426.6	
625.62	7635.5	
625.81	5926.1	
626	8021.2	
626.19	7538.6	
626.38	6438.8	
626.56	6047.7	
626.75	7498.3	
626.94	8068.3	
627.13	6509.1	
627.32	5623	
627.51	8068.3	
627.7	8768.7	
627.89	5703.6	
628.08	6483.2	
628.27	7377.5	
628.46	7499.7	
628.65	5902.2	
628.83	5625.8	
629.02	7897.7	
629.21	7369.3	
629.4	6204.7	
629.59	6314.6	
629.78	7378.8	
629.97	8058.1	
630.16	6358.3	
630.35	5908.4	
630.54	8463.6	
630.72	8081.3	
630.91	5990.3	
631.1	6365.1	
631.29	7737.9	
631.48	7801.4	
631.67	6490	
631.86	5965.7	
632.05	7586.4	
632.24	7607.5	
632.42	5812.8	
632.61	6182.8	
632.8	7570.7	
632.99	7323.5	
633.18	6260.6	
633.37	6465.4	
633.56	7805.5	
633.75	7696.3	
633.93	6361	
634.12	6021	
634.31	8348.9	
634.5	8091.5	
634.69	6087.2	
634.88	6433.4	
635.07	7612.3	
635.25	8057.4	
635.44	6729.6	
635.63	6788.3	
635.82	7527.7	
636.01	7114.6	
636.2	6628.6	
636.39	6298.9	
636.57	8316.1	
636.76	8064.2	
636.95	5838.8	
637.14	6818.4	
637.33	7797.3	
637.52	8434.2	
637.7	5786.2	
637.89	6456.6	
638.08	7590.5	
638.27	8457.4	
638.46	6550.1	
638.65	6802.7	
638.83	8502.5	
639.02	7367.2	
639.21	6440.9	
639.4	6804.7	
639.59	7790.5	
639.78	7507.2	
639.96	5881.8	
640.15	5922.7	
640.34	7655.3	
640.53	7740	
640.72	5728.2	
640.91	5961.6	
641.09	7266.9	
641.28	8144.8	
641.47	5911.1	
641.66	6476.4	
641.85	7699	
642.03	7815	
642.22	6358.9	
642.41	6021.7	
642.6	7254.6	
642.79	6852.5	
642.97	5825.1	
643.16	6305.7	
643.35	7247.8	
643.54	7124.9	
643.73	5797.1	
643.91	6350.8	
644.1	7064.8	
644.29	7445.7	
644.48	5777.3	
644.67	5849	
644.85	7156.3	
645.04	7466.2	
645.23	5535	
645.42	5814.2	
645.6	7107.8	
645.79	7916.1	
645.98	5712.5	
646.17	5137.7	
646.36	6930.3	
646.54	7305.8	
646.73	6348.7	
646.92	5424.4	
647.11	7056.6	
647.29	7666.2	
647.48	5412.1	
647.67	5342.5	
647.86	7930.4	
648.05	7888.8	
648.23	5748	
648.42	6582.9	
648.61	7471.7	
648.8	7187.7	
648.98	5419.6	
649.17	5584.1	
649.36	6955.6	
649.55	6588.3	
649.73	5458.5	
649.92	5964.4	
650.11	6806.8	
650.3	7013.6	
650.48	5531.6	
650.67	5389.6	
650.86	7273	
651.05	6539.2	
651.23	5513.8	
651.42	5464.7	
651.61	6946	
651.79	6903	
651.98	5664.7	
652.17	5322.7	
652.36	7204.8	
652.54	6535.1	
652.73	5378.6	
652.92	5298.1	
653.11	7232.7	
653.29	7265.5	
653.48	4956.8	
653.67	5511.8	
653.85	7064.1	
654.04	7838.3	
654.23	5686.5	
654.42	5423.7	
654.6	6744.6	
654.79	7159	
654.98	5069.4	
655.16	5462.6	
655.35	6390.3	
655.54	6215.6	
655.73	5076.2	
655.91	4978.6	
656.1	7075.7	
656.29	6171.2	
656.47	4658.4	
656.66	5793	
656.85	6427.9	
657.03	6424.5	
657.22	5023.7	
657.41	5053	
657.59	6539.2	
657.78	6376.7	
657.97	4856.4	
658.16	5388.2	
658.34	7023.2	
658.53	7336.5	
658.72	6014.9	
658.9	6393.8	
659.09	6674.3	
659.28	6796.5	
659.46	5200.5	
659.65	5145.2	
659.84	6493.4	
660.02	6974.7	
660.21	5287.2	
660.4	5087.8	
660.58	7157.7	
660.77	6740.5	
660.96	5468.8	
661.14	4801.1	
661.33	7604.1	
661.52	7473	
661.7	4836.6	
661.89	7249.1	
662.08	6478.4	
662.26	6107.7	
662.45	5079.6	
662.64	5107.6	
662.82	6937.2	
663.01	6388.3	
663.2	5122	
663.38	5556.8	
663.57	6901.7	
663.75	6819.7	
663.94	5265.3	
664.13	6063.4	
664.31	6445.6	
664.5	6935.8	
664.69	5594.4	
664.87	5889.3	
665.06	6234.7	
665.25	6822.5	
665.43	6075	
665.62	6033.3	
665.8	6980.8	
665.99	6503	
666.18	5322	
666.36	5346.6	
666.55	6984.9	
666.74	6920.8	
666.92	5064.6	
667.11	6225.1	
667.29	6563.1	
667.48	6938.5	
667.67	5862.7	
667.85	5227.8	
668.04	6578.8	
668.22	6504.3	
668.41	5283.8	
668.6	5408	
668.78	6304.3	
668.97	6512.5	
669.15	5625.8	
669.34	4873.5	
669.53	6347.3	
669.71	6705.7	
669.9	4946.5	
670.08	5401.9	
670.27	6324.8	
670.46	6792.4	
670.64	5617.6	
670.83	5752.1	
671.01	6174.6	
671.2	6614.3	
671.38	5038.7	
671.57	4982.7	
671.76	7099.6	
671.94	7503.8	
672.13	4858.5	
672.31	5642.2	
672.5	6923.5	
672.69	6287.9	
672.87	5019.6	
673.06	5180	
673.24	6810.9	
673.43	6438.8	
673.61	5535.7	
673.8	5150.6	
673.98	6853.2	
674.17	6952.9	
674.36	5674.9	
674.54	5535.7	
674.73	6602.7	
674.91	6921.5	
675.1	5255.1	
675.28	4913.8	
675.47	6503	
675.65	6925.5	
675.84	5258.5	
676.03	5410.7	
676.21	6401.3	
676.4	5953.4	
676.58	5751.4	
676.77	5570.5	
676.95	7503.8	
677.14	6428.6	
677.32	4969.1	
677.51	4795	
677.69	6913.3	
677.88	6182.8	
678.06	4945.2	
678.25	4946.5	
678.44	6489.3	
678.62	6346.7	
678.81	4778.6	
678.99	5440.1	
679.18	7148.1	
679.36	6800.6	
679.55	5176.6	
679.73	5565.7	
679.92	6821.1	
680.1	6300.9	
680.29	5976.7	
680.47	5128.8	
680.66	6387.6	
680.84	6927.6	
681.03	4681.7	
681.21	5425.8	
681.4	6290	
681.58	6269.5	
681.77	4983.4	
681.95	4919.9	
682.14	6943.3	
682.32	7152.2	
682.51	5716.6	
682.69	4814.8	
682.88	6307.1	
683.06	6580.1	
683.25	5414.8	
683.43	5632.6	
683.62	6565.8	
683.8	6782.2	
683.99	5827.8	
684.17	5274.2	
684.36	7407.5	
684.54	6434.7	
684.73	4778.6	
684.91	4850.3	
685.1	6727.6	
685.28	6245.6	
685.46	5329.5	
685.65	5250.3	
685.83	6748.1	
686.02	6286.6	
686.2	4760.8	
686.39	4805.9	
686.57	5937.1	
686.76	7047.1	
686.94	4835.3	
687.13	4874.8	
687.31	6620.4	
687.5	6294.1	
687.68	4514.4	
687.86	5267.4	
688.05	7577.5	
688.23	5915.2	
688.42	5408.7	
688.6	4946.5	
688.79	6161.7	
688.97	6217.6	
689.16	5193	
689.34	4431.8	
689.52	6647.7	
689.71	6933.1	
689.89	5391.6	
690.08	4900.8	
690.26	6547.4	
690.45	6214.9	
690.63	5468.1	
690.81	5046.9	
691	6393.1	
691.18	6168.5	
691.37	5141.1	
691.55	6694.1	
691.74	6171.2	
691.92	7715.4	
692.1	5164.3	
692.29	4646.2	
692.47	6363	
692.66	5878.4	
692.84	4825.7	
693.02	5144.5	
693.21	5865.4	
693.39	6334.4	
693.58	5261.2	
693.76	4833.9	
693.94	7084.6	
694.13	6859.3	
694.31	4855.1	
694.5	5593	
694.68	6180.8	
694.86	6420.4	
695.05	5113.1	
695.23	5253	
695.42	6689.3	
695.6	8182.3	
695.78	5556.8	
695.97	4896	
696.15	6744	
696.34	6285.2	
696.52	4861.2	
696.7	5382.7	
696.89	6571.2	
697.07	6091.3	
697.25	5235.3	
697.44	6284.5	
697.62	6431.3	
697.81	6739.2	
697.99	5089.2	
698.17	5444.9	
698.36	6130.3	
698.54	6535.8	
698.72	5312.4	
698.91	4642.1	
699.09	6224.5	
699.28	6105.7	
699.46	5081.7	
699.64	4953.4	
699.83	6121.4	
700.01	6871.6	
700.19	5498.1	
700.38	4404.5	
700.56	6819.1	
700.74	6078.4	
700.93	4601.1	
701.11	5173.9	
701.29	6508.4	
701.48	7202	
701.66	4809.3	
701.84	4892.6	
702.03	6139.1	
702.21	6664.1	
702.39	4556.7	
702.58	4943.8	
702.76	6563.1	
702.94	6560.3	
703.13	4463.2	
703.31	6257.2	
703.49	6064.7	
703.68	6659.3	
703.86	4606.6	
704.04	5323.4	
704.23	6417.7	
704.41	6561	
704.59	4736.3	
704.78	5604.6	
704.96	7532.4	
705.14	6568.5	
705.33	4556.7	
705.51	5137.7	
705.69	6168.5	
705.87	6729.6	
706.06	5335	
706.24	4548.5	
706.42	6326.2	
706.61	6553.5	
706.79	5378.6	
706.97	4582	
707.16	6031.3	
707.34	6375.3	
707.52	5225.1	
707.7	4693.3	
707.89	6017.6	
708.07	5801.9	
708.25	5363.6	
708.44	5371.1	
708.62	5929.6	
708.8	6776	
708.98	5547.3	
709.17	4704.9	
709.35	6226.5	
709.53	6308.4	
709.72	4418.8	
709.9	4560.8	
710.08	6517.3	
710.26	6476.4	
710.45	5658.5	
710.63	4738.3	
710.81	6212.2	
710.99	6262	
711.18	5096	
711.36	4739	
711.54	6092	
711.72	6642.9	
711.91	4811.4	
712.09	4455.7	
712.27	6207.4	
712.45	6574.7	
712.64	5069.4	
712.82	4255.7	
713	5770.5	
713.18	5900.9	
713.37	4407.9	
713.55	5234.6	
713.73	6524.8	
713.91	5559.6	
714.1	4629.8	
714.28	4326.7	
714.46	6249.7	
714.64	5681.7	
714.83	3896.6	
715.01	4428.4	
715.19	5832.6	
715.37	5214.1	
715.55	4151.9	
715.74	4397.7	
715.92	6249.7	
716.1	4886.5	
716.28	5201.8	
716.47	4434.5	
716.65	5422.3	
716.83	5378.6	
717.01	4332.8	
717.19	4371.7	
717.38	6862.7	
717.56	5160.2	
717.74	4426.3	
717.92	3883.6	
718.1	6115.9	
718.29	5429.8	
718.47	3588.7	
718.65	4055.7	
718.83	5984.8	
719.01	5969.8	
719.2	3528.7	
719.38	4318.5	
719.56	5765	
719.74	6737.8	
719.92	4065.9	
720.11	4796.3	
720.29	5842.2	
720.47	5143.8	
720.65	3784.6	
720.83	4397	
721.02	5437.4	
721.2	5201.8	
721.38	4463.2	
721.56	3803.1	
721.74	4851	
721.92	4961.5	
722.11	4650.9	
722.29	4433.9	
722.47	5898.8	
722.65	5291.3	
722.83	3848.8	
723.01	4384.7	
723.2	5326.1	
723.38	5567.7	
723.56	3423.5	
723.74	4221.5	
723.92	4975.2	
724.1	5747.3	
724.29	3745.7	
724.47	4605.9	
724.65	5107	
724.83	4910.3	
725.01	3717.1	
725.19	4265.9	
725.37	4971.1	
725.56	4952	
725.74	3538.2	
725.92	3711.6	
726.1	4953.4	
726.28	5145.9	
726.46	4012.7	
726.64	3811.3	
726.83	5136.3	
727.01	5325.4	
727.19	3508.9	
727.37	4074.8	
727.55	5323.4	
727.73	5573.2	
727.91	3465.2	
728.09	3398.3	
728.28	5596.4	
728.46	5771.2	
728.64	4155.3	
728.82	4079.6	
729	6296.8	
729.18	5778	
729.36	3463.8	
729.54	5134.3	
729.72	6443.6	
729.91	5244.2	
730.09	4904.9	
730.27	3977.2	
730.45	5186.8	
730.63	5635.3	
730.81	4424.3	
730.99	3728	
731.17	6001.9	
731.35	4972.5	
731.53	4029	
731.71	3829.7	
731.9	5853.1	
732.08	5898.8	
732.26	4031.8	
732.44	3742.3	
732.62	5966.4	
732.8	5646.2	
732.98	4328.7	
733.16	3626.3	
733.34	5599.8	
733.52	4595.6	
733.7	3916.4	
733.88	4115.7	
734.07	5465.3	
734.25	5293.3	
734.43	3595.6	
734.61	4706.9	
734.79	6279.8	
734.97	5156.8	
735.15	3663.8	
735.33	3919.1	
735.51	5442.8	
735.69	5147.9	
735.87	4659.8	
736.05	3987.4	
736.23	5248.3	
736.41	5035.3	
736.59	3930.7	
736.77	4022.9	
736.95	5541.8	
737.13	5130.2	
737.32	3681.6	
737.5	3827	
737.68	6027.2	
737.86	5086.5	
738.04	3510.9	
738.22	4879.6	
738.4	5011.4	
738.58	5224.4	
738.76	3935.5	
738.94	3185.3	
739.12	5101.5	
739.3	4949.9	
739.48	4367	
739.66	4165.6	
739.84	5251	
740.02	5203.2	
740.2	3266.5	
740.38	3526.6	
740.56	5507.7	
740.74	4668	
740.92	3962.8	
741.1	3943.7	
741.28	5123.3	
741.46	4907.6	
741.64	3664.5	
741.82	4086.4	
742	5138.4	
742.18	5068.7	
742.36	3818.8	
742.54	3607.2	
742.72	5494.7	
742.9	4595.6	
743.08	4107.5	
743.26	3274	
743.44	5551.4	
743.62	5504.9	
743.8	4192.2	
743.98	3566.2	
744.16	5322	
744.34	5053	
744.52	4098.7	
744.7	4063.2	
744.88	5378	
745.06	5054.4	
745.24	4091.8	
745.42	4211.3	
745.6	5499.5	
745.78	5367	
745.96	3312.2	
746.14	3512.9	
746.32	6064	
746.5	5399.8	
746.68	3911.6	
746.86	3516.4	
747.03	5683.8	
747.21	4537.6	
747.39	3898.6	
747.57	3564.8	
747.75	5183.4	
747.93	5483.8	
748.11	3530.7	
748.29	3465.2	
748.47	6356.9	
748.65	5008.6	
748.83	4027	
749.01	3837.2	
749.19	5333.6	
749.37	4670.7	
749.55	3776.5	
749.73	3852.2	
749.91	5121.3	
750.09	4917.9	
750.26	3858.4	
750.44	3444.7	
750.62	5107.6	
750.8	5076.9	
750.98	3345.7	
751.16	3545.7	
751.34	5221	
751.52	4683	
751.7	4144.4	
751.88	3293.1	
752.06	5470.1	
752.24	5251.7	
752.42	3243.3	
752.59	3571.7	
752.77	5080.3	
752.95	5971.9	
753.13	4054.3	
753.31	3603.7	
753.49	4825	
753.67	5137	
753.85	3819.5	
754.03	3530	
754.21	5450.3	
754.38	5634.6	
754.56	3655.6	
754.74	3028.9	
754.92	4852.3	
755.1	5310.4	
755.28	3051.5	
755.46	3072.6	
755.64	5985.5	
755.82	6047	
755.99	3355.3	
756.17	3444	
756.35	4286.4	
756.53	5412.8	
756.71	2688.3	
756.89	3291.1	
757.07	5066.7	
757.25	4460.5	
757.42	3637.9	
757.6	4322.6	
757.78	5154.1	
757.96	4405.9	
758.14	3398.9	
758.32	3097.2	
758.5	4059.8	
758.67	4738.3	
758.85	3307.5	
759.03	3371	
759.21	4880.3	
759.39	4445.5	
759.57	3054.9	
759.75	3820.8	
759.92	5348.6	
760.1	4871.4	
760.28	4057	
760.46	4149.2	
760.64	4601.8	
760.82	4456.4	
760.99	3941.7	
761.17	3356.6	
761.35	5180	
761.53	4394.9	
761.71	3430.3	
761.89	3900.7	
762.06	5019.6	
762.24	4682.3	
762.42	3448.8	
762.6	3287.7	
762.78	4659.1	
762.96	5100.1	
763.13	3737.5	
763.31	3469.3	
763.49	5203.2	
763.67	4631.1	
763.85	4104.8	
764.02	4401.8	
764.2	5508.4	
764.38	4777.2	
764.56	3423.5	
764.74	4035.9	
764.91	5457.8	
765.09	4708.3	
765.27	3300.6	
765.45	3041.9	
765.63	5573.2	
765.8	5369.1	
765.98	2919.7	
766.16	3089.7	
766.34	4421.6	
766.52	4207.9	
766.69	3747.1	
766.87	3022.8	
767.05	4746.5	
767.23	5281	
767.41	3226.9	
767.58	3416.7	
767.76	5143.8	
767.94	5188.2	
768.12	3300.6	
768.29	3754.6	
768.47	4795.7	
768.65	5343.8	
768.83	3028.3	
769	3845.4	
769.18	4535.6	
769.36	4930.1	
769.54	3889.1	
769.72	3044	
769.89	5240.1	
770.07	5229.1	
770.25	3288.4	
770.43	4205.2	
770.6	5759.6	
770.78	6020.3	
770.96	3430.3	
771.14	3865.2	
771.31	5187.5	
771.49	4695.3	
771.67	2876	
771.85	3044.6	
772.02	4164.2	
772.2	4653	
772.38	3680.9	
772.55	3162.7	
772.73	4869.4	
772.91	4719.9	
773.09	3478.1	
773.26	3559.4	
773.44	4922	
773.62	4640.7	
773.8	3148.4	
773.97	2936.1	
774.15	4881	
774.33	4685.8	
774.5	3160	
774.68	3302.7	
774.86	5028.4	
775.04	4717.8	
775.21	3125.9	
775.39	3076.7	
775.57	4804.5	
775.74	5070.8	
775.92	3004.4	
776.1	2966.1	
776.27	4863.2	
776.45	5714.5	
776.63	3137.5	
776.81	2859.6	
776.98	4598.4	
777.16	5371.8	
777.34	3229	
777.51	3451.5	
777.69	4606.6	
777.87	4412	
778.04	3283.6	
778.22	3705.5	
778.4	4452.3	
778.57	4934.2	
778.75	2821.4	
778.93	2944.3	
779.1	4355.3	
779.28	4182.6	
779.46	2795.5	
779.64	3134.8	
779.81	5069.4	
779.99	5620.3	
780.17	3658.4	
780.34	3799.7	
780.52	4691.2	
780.69	4810.7	
780.87	3414.6	
781.05	3039.9	
781.22	4681	
781.4	4743.1	
781.58	3192.1	
781.75	2529.9	
781.93	4778.6	
782.11	4253.6	
782.28	3814.7	
782.46	3127.2	
782.64	4182.6	
782.81	4925.4	
782.99	3282.2	
783.17	3210.5	
783.34	4782.7	
783.52	4369	
783.69	3309.5	
783.87	3979.9	
784.05	4358.8	
784.22	4319.2	
784.4	3931.4	
784.58	3420.1	
784.75	5092.6	
784.93	4465.3	
785.1	3176.4	
785.28	3667.9	
785.46	4844.1	
785.63	4271.4	
785.81	3187.3	
785.99	3009.1	
786.16	4519.9	
786.34	4713.7	
786.51	3089.7	
786.69	3409.2	
786.87	4124.6	
787.04	4535.6	
787.22	3027.6	
787.39	3618.8	
787.57	4372.4	
787.75	5087.8	
787.92	3822.2	
788.1	3748.5	
788.27	4327.4	
788.45	4151.2	
788.63	3566.2	
788.8	2616.6	
788.98	4787.5	
789.15	4034.5	
789.33	2798.9	
789.5	3141.6	
789.68	4986.8	
789.86	5084.4	
790.03	3498.6	
790.21	3109.5	
790.38	5025	
790.56	4442	
790.73	3005.7	
790.91	2987.3	
791.09	4348.5	
791.26	4886.5	
791.44	3188.7	
791.61	2792.7	
791.79	4390.2	
791.96	4397.7	
792.14	2896.5	
792.32	2593.4	
792.49	4326.7	
792.67	4425	
792.84	2968.2	
793.02	2807.8	
793.19	4979.3	
793.37	5222.3	
793.54	2573.6	
793.72	2807.8	
793.89	5288.5	
794.07	4339	
794.25	3168.2	
794.42	2660.3	
794.6	5057.1	
794.77	4855.1	
794.95	3446	
795.12	3046	
795.3	4391.5	
795.47	4723.3	
795.65	3324.5	
795.82	3257.6	
796	4219.5	
796.17	5554.1	
796.35	3166.2	
796.52	3689.1	
796.7	4784.1	
796.87	4852.3	
797.05	3131.3	
797.22	3745.7	
797.4	4820.9	
797.57	5472.2	
797.75	3237.2	
797.92	3040.6	
798.1	5023.7	
798.27	4308.9	
798.45	2665.1	
798.62	2868.5	
798.8	4620.9	
798.97	4937.7	
799.15	3394.2	
799.32	3244.7	
799.5	4056.3	
799.67	4517.1	
799.85	3528.7	
800.02	2611.8	
800.2	4323.9	
800.37	4504.2	
800.55	3545.7	
800.72	3028.9	
800.9	4898.7	
801.07	5250.3	
801.25	4083.6	
801.42	3345	
801.6	4938.3	
801.77	4637.3	
801.95	3147.7	
802.12	2978.4	
802.29	4757.4	
802.47	4653.7	
802.64	3340.9	
802.82	2607.7	
802.99	4339	
803.17	5043.5	
803.34	3248.8	
803.52	2927.2	
803.69	5498.1	
803.87	4138.9	
804.04	3209.2	
804.21	3226.2	
804.39	5215.5	
804.56	4435.2	
804.74	2811.2	
804.91	3373.7	
805.09	4346.5	
805.26	4402.5	
805.44	2872.6	
805.61	3126.6	
805.78	4823	
805.96	4828.4	
806.13	3329.3	
806.31	3569.6	
806.48	4052.9	
806.66	4418.2	
806.83	3304.7	
807	3261	
807.18	4397.7	
807.35	4613.4	
807.53	3236.5	
807.7	2691	
807.87	5208	
808.05	4334.2	
808.22	3551.9	
808.4	2681.5	
808.57	4353.3	
808.74	4100.7	
808.92	3084.2	
809.09	3703.4	
809.27	4373.1	
809.44	4735.6	
809.61	2719	
809.79	2988	
809.96	5373.9	
810.14	4872.8	
810.31	2654.9	
810.48	3170.3	
810.66	4437.3	
810.83	4928.8	
811.01	3039.9	
811.18	3323.9	
811.35	4868.7	
811.53	3907.5	
811.7	3672	
811.87	3360.7	
812.05	4449.6	
812.22	4289.8	
812.39	2942.2	
812.57	2888.3	
812.74	4407.2	
812.92	5584.8	
813.09	3190.1	
813.26	3390.8	
813.44	5369.1	
813.61	4254.3	
813.78	2714.9	
813.96	3452.9	
814.13	4454.3	
814.3	4198.3	
814.48	3749.8	
814.65	3104.7	
814.82	5220.3	
815	4168.3	
815.17	3250.1	
815.34	3852.2	
815.52	4304.1	
815.69	4300.7	
815.87	3168.2	
816.04	3162.7	
816.21	4361.5	
816.38	3947.8	
816.56	3151.1	
816.73	2921.8	
816.9	5361.6	
817.08	4904.9	
817.25	2969.6	
817.42	3576.4	
817.6	4106.2	
817.77	4341.7	
817.94	3332.7	
818.12	2866.5	
818.29	4209.3	
818.46	6027.9	
818.64	3074.7	
818.81	2865.1	
818.98	4208.6	
819.16	5674.2	
819.33	3466.5	
819.5	3224.9	
819.67	4640.7	
819.85	5117.9	
820.02	3161.4	
820.19	3308.8	
820.37	4547.9	
820.54	4302.8	
820.71	3300.6	
820.88	3969	
821.06	4567	
821.23	4210.6	
821.4	3304.1	
821.58	3255.6	
821.75	4878.9	
821.92	4500.8	
822.09	2749.7	
822.27	2774.3	
822.44	4378.6	
822.61	4349.2	
822.79	2757.2	
822.96	4961.5	
823.13	4659.1	
823.3	4181.3	
823.48	3087.7	
823.65	2874	
823.82	4868	
823.99	4068.6	
824.17	3837.2	
824.34	2869.9	
824.51	5586.9	
824.68	4426.3	
824.86	2992.8	
825.03	3293.1	
825.2	4416.1	
825.37	5130.2	
825.55	2948.4	
825.72	3232.4	
825.89	5544.5	
826.06	5177.9	
826.24	3142.9	
826.41	3179.1	
826.58	5225.1	
826.75	4549.9	
826.92	2602.3	
827.1	2835.8	
827.27	6776.7	
827.44	5493.3	
827.61	3014.6	
827.79	3573	
827.96	4195.6	
828.13	4370.4	
828.3	3126.6	
828.47	2718.3	
828.65	4719.9	
828.82	4541.7	
828.99	3962.1	
829.16	3484.3	
829.34	4957.4	
829.51	4762.9	
829.68	3204.4	
829.85	3296.5	
830.02	5228.5	
830.2	4895.3	
830.37	2506	
830.54	3793.5	
830.71	5437.4	
830.88	4518.5	
831.05	2551.8	
831.23	2906.8	
831.4	5364.3	
831.57	5730.2	
831.74	3023.5	
831.91	2638.5	
832.09	4677.6	
832.26	4895.3	
832.43	3028.3	
832.6	3418.7	
832.77	4648.9	
832.94	5221.6	
833.12	2573.6	
833.29	3022.8	
833.46	4330.8	
833.63	5889.3	
833.8	3303.4	
833.97	3101.3	
834.15	4967	
834.32	4782	
834.49	3261	
834.66	3227.6	
834.83	5038	
835	4278.9	
835.17	2987.3	
835.35	2985.3	
835.52	4887.1	
835.69	4732.2	
835.86	3127.9	
836.03	2670.6	
836.2	4930.1	
836.37	4578.6	
836.55	3042.6	
836.72	2845.3	
836.89	4568.3	
837.06	4974.5	
837.23	3155.9	
837.4	3365.5	
837.57	5470.1	
837.75	5883.8	
837.92	2868.5	
838.09	2999.6	
838.26	4609.3	
838.43	5073.5	
838.6	3201.7	
838.77	2938.8	
838.94	5680.4	
839.11	5475.6	
839.29	3091.8	
839.46	2467.8	
839.63	4915.1	
839.8	4649.6	
839.97	2957.9	
840.14	3021.4	
840.31	4802.5	
840.48	4948.6	
840.65	2548.4	
840.82	2951.8	
841	4893.3	
841.17	4762.9	
841.34	2787.3	
841.51	2871.9	
841.68	4848.2	
841.85	4633.2	
842.02	2892.4	
842.19	2491	
842.36	4718.5	
842.53	4752	
842.7	2752.5	
842.87	3272.7	
843.05	5912.5	
843.22	4668.7	
843.39	2640.5	
843.56	2880.1	
843.73	4471.4	
843.9	4979.3	
844.07	4336.2	
844.24	3570.3	
844.41	6670.9	
844.58	4282.3	
844.75	2732	
844.92	2967.5	
845.09	4876.2	
845.26	4867.3	
845.43	2756.6	
845.6	2932	
845.77	4880.3	
845.94	4683.7	
846.12	3104.7	
846.29	3150.5	
846.46	5029.1	
846.63	4898.7	
846.8	2756.6	
846.97	3205.8	
847.14	5207.3	
847.31	4799.1	
847.48	3059	
847.65	3399.6	
847.82	5031.2	
847.99	4980.7	
848.16	3605.8	
848.33	3364.8	
848.5	4530.8	
848.67	5176.6	
848.84	2757.2	
849.01	2902	
849.18	4459.8	
849.35	4205.2	
849.52	3360	
849.69	2732.7	
849.86	5071.5	
850.03	5106.3	
850.2	2756.6	
850.37	3328.6	
850.54	5132.2	
850.71	4633.9	
850.88	3290.4	
851.05	2734.7	
851.22	4778.6	
851.39	5243.5	
851.56	2570.2	
851.73	3168.9	
851.9	4375.1	
852.07	5061.2	
852.24	3060.3	
852.41	2749.1	
852.58	4776.5	
852.75	4405.2	
852.92	3112.9	
853.09	2701.3	
853.26	4515.1	
853.43	5091.3	
853.6	2768.2	
853.77	2391.3	
853.94	5266.7	
854.11	4252.3	
854.28	3984.7	
854.44	2982.5	
854.61	5528.2	
854.78	5074.2	
854.95	2778.4	
855.12	3386	
855.29	4036.5	
855.46	5264.6	
855.63	2751.8	
855.8	3685.7	
855.97	4530.8	
856.14	5105.6	
856.31	3790.1	
856.48	2993.4	
856.65	4596.3	
856.82	4362.2	
856.99	2688.3	
857.16	2986.6	
857.33	5740.5	
857.49	4620.9	
857.66	2947.7	
857.83	3162.1	
858	4649.6	
858.17	4769.7	
858.34	2643.2	
858.51	2769.5	
858.68	5333.6	
858.85	5326.8	
859.02	3220.1	
859.19	3319.8	
859.36	4356.7	
859.52	4364.2	
859.69	2740.2	
859.86	3197.6	
860.03	4378.6	
860.2	5194.3	
860.37	2589.3	
860.54	2727.9	
860.71	4964.3	
860.88	5346.6	
861.05	3020.1	
861.21	3473.4	
861.38	5284.4	
861.55	4172.4	
861.72	2574.3	
861.89	3048.7	
862.06	5052.3	
862.23	5350	
862.4	2738.8	
862.56	2837.8	
862.73	4937	
862.9	4681.7	
863.07	3158	
863.24	2538.1	
863.41	4334.2	
863.58	4364.2	
863.75	2782.5	
863.91	3153.9	
864.08	5258.5	
864.25	4983.4	
864.42	3379.1	
864.59	3807.2	
864.76	5528.2	
864.93	4379.2	
865.09	2674	
865.26	2934.1	
865.43	5195.7	
865.6	5480.4	
865.77	2469.2	
865.94	2803	
866.1	5180	
866.27	4988.2	
866.44	4036.5	
866.61	2699.9	
866.78	4636.6	
866.95	4944.5	
867.11	2702.6	
867.28	2492.4	
867.45	5124	
867.62	4371	
867.79	3167.5	
867.96	2786.6	
868.12	4304.8	
868.29	5066.7	
868.46	2742.2	
868.63	3584.6	
868.8	5126.1	
868.97	4927.4	
869.13	2869.2	
869.3	2850.8	
869.47	4911.7	
869.64	5087.8	
869.81	2796.8	
869.97	2799.6	
870.14	4831.2	
870.31	5282.4	
870.48	2628.2	
870.65	3403	
870.81	4564.2	
870.98	4602.5	
871.15	3080.8	
871.32	2859	
871.48	4969.7	
871.65	5325.4	
871.82	2778.4	
871.99	3046.7	
872.16	5642.8	
872.32	5186.1	
872.49	2800.3	
872.66	2832.3	
872.83	5066.7	
872.99	4453.6	
873.16	3108.1	
873.33	2738.1	
873.5	4695.3	
873.67	4766.3	
873.83	2896.5	
874	3605.8	
874.17	4814.1	
874.34	5539.8	
874.5	3564.1	
874.67	3372.3	
874.84	5248.3	
875.01	4252.3	
875.17	3796.3	
875.34	2708.1	
875.51	4807.9	
875.68	5689.9	
875.84	3317	
876.01	3906.8	
876.18	4997	
876.34	4957.4	
876.51	2748.4	
876.68	2684.9	
876.85	4574.5	
877.01	5233.2	
877.18	3798.3	
877.35	2750.4	
877.52	4834.6	
877.68	4285	
877.85	2740.2	
878.02	2729.9	
878.18	4587.4	
878.35	4508.3	
878.52	2312.2	
878.69	3022.1	
878.85	5074.9	
879.02	4985.4	
879.19	3789.4	
879.35	2920.4	
879.52	4990.9	
879.69	5145.2	
879.86	2491.7	
880.02	3110.9	
880.19	4682.3	
880.36	5565.7	
880.52	3096.5	
880.69	3289.7	
880.86	4993.6	
881.02	5068	
881.19	2991.4	
881.36	2951.1	
881.52	4956.1	
881.69	4407.2	
881.86	3017.3	
882.02	2961.4	
882.19	5152	
882.36	5901.6	
882.52	2852.1	
882.69	3759.4	
882.86	4811.4	
883.02	4793.6	
883.19	3227.6	
883.36	3113.6	
883.52	4988.2	
883.69	5652.4	
883.86	2842.6	
884.02	2557.9	
884.19	5037.3	
884.36	4726.7	
884.52	3130.7	
884.69	2968.2	
884.86	4541	
885.02	5443.5	
885.19	3074.7	
885.36	3171.6	
885.52	4674.1	
885.69	4845.5	
885.86	3909.6	
886.02	3460.4	
886.19	5040.7	
886.35	4571.7	
886.52	3044	
886.69	3747.8	
886.85	4345.1	
887.02	5247.6	
887.19	5247.6	
887.35	5247.6	
887.52	5247.6	
887.68	5247.6	
887.85	5247.6	
888.02	5247.6	
888.18	5247.6	
888.35	5247.6	
888.51	5247.6	
888.68	5247.6	
888.85	5247.6	
889.01	5247.6	
889.18	5247.6	
889.35	5247.6	
889.51	5247.6	
889.68	5247.6	
889.84	5247.6	
890.01	5247.6	
890.17	5247.6	
890.34	5247.6	
890.51	5247.6	
890.67	5247.6	
890.84	5247.6	
891	5247.6	
891.17	5247.6	
891.34	5247.6	
891.5	5247.6	
891.67	5247.6	
891.83	5247.6	
892	5247.6	
892.16	5247.6	
892.33	5247.6	
892.5	5247.6	
892.66	5247.6	
892.83	5247.6	
892.99	5247.6	
893.16	5247.6	
893.32	5247.6	
893.49	5247.6	
893.65	5247.6	
893.82	5247.6	
893.99	5247.6	
894.15	5247.6	
894.32	5247.6	
894.48	5247.6	
894.65	5247.6	
894.81	5247.6	
894.98	5247.6	
895.14	5247.6	
895.31	5247.6	
895.47	5247.6	
895.64	5247.6	
895.81	5247.6	
895.97	5247.6	
896.14	5247.6	
896.3	5247.6	
896.47	5247.6	
896.63	5247.6	
896.8	5247.6	
896.96	5247.6	
897.13	5247.6	
897.29	5247.6	
897.46	5247.6	
897.62	5247.6	
897.79	5247.6	
897.95	5247.6	
898.12	5247.6	
898.28	5247.6	
898.45	5247.6	
898.61	5247.6	
898.78	5247.6	
898.94	5247.6	
899.11	5247.6	
899.27	5247.6	
899.44	5247.6	
899.6	5247.6	
899.77	5247.6	
899.93	5247.6	
900.1	5247.6	
900.26	5247.6	
900.43	5247.6	
900.59	5247.6	
900.76	5247.6	
900.92	5247.6	
901.09	5247.6	
901.25	5247.6	
901.42	5247.6	
901.58	5247.6	
901.75	5247.6	
901.91	5247.6	
902.07	5247.6	
902.24	5247.6	
902.4	5247.6	
902.57	5247.6	
902.73	5247.6	
902.9	5247.6	
903.06	5247.6	
903.23	5247.6	
903.39	5247.6	
903.56	5247.6	
903.72	5247.6	
903.88	5247.6	
904.05	5247.6	
904.21	5247.6	
904.38	5247.6	
904.54	5247.6	
904.71	5247.6	
904.87	5247.6	
905.03	5247.6	
905.2	5247.6	
905.36	5247.6	
905.53	5247.6	
905.69	5247.6	
905.86	5247.6	
906.02	5247.6	
906.18	5247.6	
906.35	5247.6	
906.51	5247.6	
906.68	5247.6	
906.84	5247.6	
907.01	5247.6	
907.17	5247.6	
907.33	5247.6	
907.5	5247.6	
907.66	5247.6	
907.83	5247.6	
907.99	5247.6	
908.15	5247.6	
908.32	5247.6	
908.48	5247.6	
908.65	5247.6	
908.81	5247.6	
908.97	5247.6	
909.14	5247.6	
909.3	5247.6	
909.47	5247.6	
909.63	5247.6	
909.79	5247.6	
909.96	5247.6	
910.12	5247.6	
910.28	5247.6	
910.45	5247.6	
910.61	5247.6	
910.78	5247.6	
910.94	5247.6	
911.1	5247.6	
911.27	5247.6	
911.43	5247.6	
911.59	5247.6	
911.76	5247.6	
911.92	5247.6	
912.08	5247.6	
912.25	5247.6	
912.41	5247.6	
912.57	5247.6	
912.74	5247.6	
912.9	5247.6	
913.07	5247.6	
913.23	5247.6	
913.39	5247.6	
913.56	5247.6	
913.72	5247.6	
913.88	5247.6	
914.05	5247.6	
914.21	5247.6	
914.37	5247.6	
914.54	5247.6	
914.7	5247.6	
914.86	5247.6	
915.03	5247.6	
915.19	5247.6	
