Wavelength	Intensities	
nm	a.u.	
179.22	1922.2	
179.44	1928.2	
179.65	1916.2	
179.86	1940.1	
180.08	1940.1	
180.29	4983.4	
180.51	3605.1	
180.72	5667.4	
180.94	6802	
181.15	3293.1	
181.37	3257.6	
181.58	5586.9	
181.79	5951.4	
182.01	3493.8	
182.22	3704.8	
182.44	5898.1	
182.65	4902.2	
182.87	4712.4	
183.08	4080.2	
183.29	6135	
183.51	5136.3	
183.72	3736.2	
183.94	5440.8	
184.15	5466.7	
184.37	5537.7	
184.58	3257.6	
184.79	4542.4	
185.01	5110.4	
185.22	5864.7	
185.44	4814.1	
185.65	4033.8	
185.86	5341.8	
186.08	4924.7	
186.29	3176.4	
186.51	3464.5	
186.72	5096.7	
186.94	6042.9	
187.15	3936.2	
187.36	4117.8	
187.58	7944.1	
187.79	5583.4	
188.01	4320.5	
188.22	6759	
188.43	6724.8	
188.65	5817.6	
188.86	3414.6	
189.08	4109.6	
189.29	5240.8	
189.5	5275.6	
189.72	3872	
189.93	3925.3	
190.15	6039.5	
190.36	7317.4	
190.57	4244.8	
190.79	4072.7	
191	6197.8	
191.22	6102.3	
191.43	4160.8	
191.64	3411.2	
191.86	6377.4	
192.07	6166.4	
192.29	3638.6	
192.5	3831.7	
192.71	6066.1	
192.93	5274.9	
193.14	3803.8	
193.35	3891.8	
193.57	5262.6	
193.78	6059.3	
194	3061	
194.21	3713	
194.42	5062.6	
194.64	5485.8	
194.85	4131.4	
195.07	4853	
195.28	5583.4	
195.49	4792.2	
195.71	5044.8	
195.92	3585.3	
196.13	5720	
196.35	5879	
196.56	5472.9	
196.78	4093.9	
196.99	7206.1	
197.2	6743.3	
197.42	4696	
197.63	4104.8	
197.84	4894	
198.06	5711.8	
198.27	3774.4	
198.48	5196.4	
198.7	5207.3	
198.91	5324	
199.13	4147.8	
199.34	4123.2	
199.55	5862	
199.77	4743.8	
199.98	3689.8	
200.19	4198.3	
200.41	5382.1	
200.62	5160.9	
200.83	4362.2	
201.05	4655	
201.26	5369.8	
201.47	5122	
201.69	3725.3	
201.9	3520.5	
202.11	5455.1	
202.33	6574	
202.54	3967.6	
202.76	4431.8	
202.97	5620.3	
203.18	5625.8	
203.4	4318.5	
203.61	4192.9	
203.82	5554.8	
204.04	5120.6	
204.25	4228.4	
204.46	4070	
204.68	5515.9	
204.89	5802.6	
205.1	4029.7	
205.32	3519.8	
205.53	5927.5	
205.74	6046.3	
205.96	2984.6	
206.17	4255	
206.38	5898.2	
206.6	6008.1	
206.81	4775.9	
207.02	3889.1	
207.24	5717.9	
207.45	6154.8	
207.66	3973.1	
207.88	3346.4	
208.09	5711.8	
208.3	5498.1	
208.52	3616	
208.73	4016.1	
208.94	5508.4	
209.15	6280.4	
209.37	3964.9	
209.58	4147.8	
209.79	6050.4	
210.01	5261.9	
210.22	3159.3	
210.43	3291.1	
210.65	5466	
210.86	5928.9	
211.07	3937.6	
211.29	3636.5	
211.5	5885.9	
211.71	5409.4	
211.93	3589.4	
212.14	3637.9	
212.35	5421.7	
212.56	5743.9	
212.78	4238.6	
212.99	3439.2	
213.2	6490	
213.42	5218.9	
213.63	3771	
213.84	4040.6	
214.06	4812	
214.27	4975.9	
214.48	3918.4	
214.69	4224.3	
214.91	6204	
215.12	6291.4	
215.33	4265.9	
215.55	4758.1	
215.76	6819.7	
215.97	5899.5	
216.18	4079.6	
216.4	3994.9	
216.61	5181.4	
216.82	5947.3	
217.04	3635.8	
217.25	3831.7	
217.46	6181.5	
217.67	5917.9	
217.89	3247.4	
218.1	3373	
218.31	5614.2	
218.53	5736.4	
218.74	3796.9	
218.95	3761.4	
219.16	5501.5	
219.38	6420.4	
219.59	3753.9	
219.8	4491.2	
220.01	7098.9	
220.23	5545.2	
220.44	4871.4	
220.65	3604.4	
220.87	5593.7	
221.08	6146.6	
221.29	3330.7	
221.5	4468.7	
221.72	7566.6	
221.93	5191.6	
222.14	4186	
222.35	4878.3	
222.57	5514.5	
222.78	5899.5	
222.99	3973.7	
223.2	4274.8	
223.42	5830.6	
223.63	5968.5	
223.84	3093.1	
224.05	3008.5	
224.27	7084.6	
224.48	6444.3	
224.69	4967	
224.9	4184	
225.12	5721.3	
225.33	5427.8	
225.54	3306.1	
225.75	3668.6	
225.97	5055.8	
226.18	5361.6	
226.39	4066.6	
226.6	3725.3	
226.82	5254.4	
227.03	5087.2	
227.24	4133.5	
227.45	3458.3	
227.67	5802.6	
227.88	6474.3	
228.09	4690.5	
228.3	4680.3	
228.52	5954.1	
228.73	5463.3	
228.94	3868.6	
229.15	3428.3	
229.36	5393.7	
229.58	5335	
229.79	3925.3	
230	4543.1	
230.21	6551.5	
230.43	5611.4	
230.64	4094.6	
230.85	4360.1	
231.06	6008.1	
231.28	6001.2	
231.49	3439.9	
231.7	4065.2	
231.91	5812.8	
232.12	5537.7	
232.34	3457.7	
232.55	4054.3	
232.76	6144.6	
232.97	5631.2	
233.18	3635.1	
233.4	4092.5	
233.61	5737.7	
233.82	5204.6	
234.03	3891.8	
234.25	3812	
234.46	7757.7	
234.67	5605.3	
234.88	4235.2	
235.09	3639.2	
235.31	5851.7	
235.52	5397.1	
235.73	4184	
235.94	3502	
236.15	5251	
236.37	6690	
236.58	3624.9	
236.79	3934.8	
237	5814.2	
237.21	5028.4	
237.43	4311	
237.64	3345.7	
237.85	10137	
238.06	5060.5	
238.27	4371	
238.48	3446	
238.7	5788.9	
238.91	5371.8	
239.12	3952.6	
239.33	4019.5	
239.54	5067.4	
239.76	5469.4	
239.97	3889.1	
240.18	3980.6	
240.39	6933.7	
240.6	5802.6	
240.82	4113.7	
241.03	3426.9	
241.24	5479.7	
241.45	6409.5	
241.66	3629	
241.87	4340.3	
242.09	6239.5	
242.3	6701.6	
242.51	4334.9	
242.72	4025.6	
242.93	6008.7	
243.14	5437.4	
243.36	4636.6	
243.57	5012.7	
243.78	6403.3	
243.99	5932.3	
244.2	3978.5	
244.41	3594.9	
244.63	4992.3	
244.84	5829.9	
245.05	4287.1	
245.26	4000.4	
245.47	5770.5	
245.68	6066.8	
245.9	5330.2	
246.11	4289.1	
246.32	5374.6	
246.53	5839.4	
246.74	6495.5	
246.95	3343.7	
247.16	4910.3	
247.38	5525.4	
247.59	3353.2	
247.8	4053.6	
248.01	5166.3	
248.22	5437.4	
248.43	3607.2	
248.64	3890.5	
248.86	4878.3	
249.07	5259.9	
249.28	3474	
249.49	4091.2	
249.7	6030.6	
249.91	6204	
250.12	3294.5	
250.34	3363.4	
250.55	5608.7	
250.76	5505.6	
250.97	4124.6	
251.18	4202.4	
251.39	6270.9	
251.6	5731.6	
251.81	4252.3	
252.03	4170.3	
252.24	5201.8	
252.45	6038.8	
252.66	3462.4	
252.87	4459.1	
253.08	5566.4	
253.29	7301.7	
253.5	3444.7	
253.72	4866	
253.93	5362.9	
254.14	6565.1	
254.35	3746.4	
254.56	3878.9	
254.77	5756.8	
254.98	5104.2	
255.19	3708.2	
255.41	4880.3	
255.62	5610.1	
255.83	6242.2	
256.04	4268	
256.25	4219.5	
256.46	6793.8	
256.67	5165	
256.88	4065.2	
257.09	4569	
257.31	5148.6	
257.52	5214.1	
257.73	5226.4	
257.94	3765.5	
258.15	5367	
258.36	5533.6	
258.57	4803.9	
258.78	3004.4	
258.99	6020.3	
259.2	5310.4	
259.41	3798.3	
259.63	3908.2	
259.84	6386.9	
260.05	6840.9	
260.26	5018.2	
260.47	3621.5	
260.68	6044.9	
260.89	5386.2	
261.1	4666	
261.31	3616.7	
261.52	6083.8	
261.73	6454.5	
261.95	4986.1	
262.16	4281.6	
262.37	6217.6	
262.58	6324.1	
262.79	4920.6	
263	3905.5	
263.21	5567.1	
263.42	4967.7	
263.63	3979.2	
263.84	3852.2	
264.05	6066.8	
264.26	6505.7	
264.47	4739.7	
264.69	4354.7	
264.9	6255.9	
265.11	5752.7	
265.32	3680.2	
265.53	3767.6	
265.74	5637.4	
265.95	4893.3	
266.16	4085	
266.37	4536.3	
266.58	5562.3	
266.79	5350.7	
267	3755.3	
267.21	3502	
267.42	4989.5	
267.63	5474.9	
267.84	3962.1	
268.06	3415.3	
268.27	5912.5	
268.48	6288.6	
268.69	3877.5	
268.9	4640	
269.11	6184.9	
269.32	4943.8	
269.53	4007.2	
269.74	3712.3	
269.95	5791.7	
270.16	4833.2	
270.37	4025.6	
270.58	4581.3	
270.79	5326.8	
271	6052.4	
271.21	4258.4	
271.42	4035.9	
271.63	5698.1	
271.84	5220.3	
272.05	3202.3	
272.26	3607.8	
272.47	5591.6	
272.68	5737	
272.89	3803.1	
273.11	4446.8	
273.32	5263.3	
273.53	6484.6	
273.74	4293.9	
273.95	4218.8	
274.16	6197.8	
274.37	5552.7	
274.58	4381.3	
274.79	3486.3	
275	5651.7	
275.21	6189.6	
275.42	5281	
275.63	4560.8	
275.84	5780.1	
276.05	7301	
276.26	4164.9	
276.47	3968.3	
276.68	5346.6	
276.89	6554.2	
277.1	4563.6	
277.31	3520.5	
277.52	5859.2	
277.73	5903.6	
277.94	3480.2	
278.15	3815.4	
278.36	5680.4	
278.57	5141.8	
278.78	3803.8	
278.99	4332.8	
279.2	5103.5	
279.41	5045.5	
279.62	5049.6	
279.83	3556	
280.04	6773.3	
280.25	5006.6	
280.46	4995	
280.67	3986	
280.88	5101.5	
281.09	6193.1	
281.3	4148.5	
281.51	5324	
281.72	5186.1	
281.93	6051.1	
282.14	3731.4	
282.35	4007.2	
282.56	6006	
282.77	5995.8	
282.98	3870.7	
283.19	4767.7	
283.4	7442.3	
283.61	5427.8	
283.82	3527.3	
284.03	4946.5	
284.24	5570.5	
284.45	6233.3	
284.66	5027.1	
284.87	4800.4	
285.08	6076.3	
285.29	6272.2	
285.5	3390.1	
285.71	4033.1	
285.92	6168.5	
286.12	6797.2	
286.33	4962.9	
286.54	3863.2	
286.75	5994.4	
286.96	5393	
287.17	3548.4	
287.38	4887.8	
287.59	5154.7	
287.8	4997.7	
288.01	3907.5	
288.22	4524	
288.43	6101.6	
288.64	5043.5	
288.85	4639.3	
289.06	4460.5	
289.27	5988.9	
289.48	6535.1	
289.69	4958.1	
289.9	4512.4	
290.11	6262	
290.32	5201.8	
290.53	4746.5	
290.74	4343.7	
290.94	5962.3	
291.15	6037.4	
291.36	3788.1	
291.57	4385.4	
291.78	5197.7	
291.99	4919.9	
292.2	3602.4	
292.41	4399.7	
292.62	6099.5	
292.83	5844.2	
293.04	5442.1	
293.25	3618.8	
293.46	5276.3	
293.67	6150.1	
293.88	3797.6	
294.09	3547.1	
294.29	5063.3	
294.5	5668.1	
294.71	4063.2	
294.92	3857	
295.13	5285.8	
295.34	6640.9	
295.55	3376.4	
295.76	3469.3	
295.97	6014.2	
296.18	6728.9	
296.39	3553.9	
296.6	3802.4	
296.81	5599.1	
297.01	5969.8	
297.22	3941	
297.43	3736.9	
297.64	5154.7	
297.85	5078.3	
298.06	3044.6	
298.27	3323.9	
298.48	5598.5	
298.69	5194.3	
298.9	4040.6	
299.11	3667.2	
299.31	5025	
299.52	4988.9	
299.73	4313.7	
299.94	4236.6	
300.15	5542.5	
300.36	5108.3	
300.57	4263.2	
300.78	4207.2	
300.99	5338.4	
301.2	5632.6	
301.4	3730.7	
301.61	4050.9	
301.82	5846.3	
302.03	6006.7	
302.24	4588.1	
302.45	3554.6	
302.66	5841.5	
302.87	6395.1	
303.08	3721.8	
303.29	5120.6	
303.49	5226.4	
303.7	5502.9	
303.91	3315	
304.12	4876.2	
304.33	4977.2	
304.54	5665.4	
304.75	3814	
304.96	3564.1	
305.16	5864.7	
305.37	6629.3	
305.58	3293.1	
305.79	3414	
306	5853.8	
306.21	4926	
306.42	3664.5	
306.63	5755.5	
306.83	5413.5	
307.04	6148.7	
307.25	4128	
307.46	4098.7	
307.67	4717.2	
307.88	5969.8	
308.09	3643.3	
308.29	3867.2	
308.5	5615.5	
308.71	6199.2	
308.92	3977.8	
309.13	3667.9	
309.34	5375.2	
309.55	5425.1	
309.75	4627	
309.96	4281.6	
310.17	5965.7	
310.38	5182	
310.59	4535.6	
310.8	4246.1	
311.01	5385.5	
311.21	5428.5	
311.42	3536.8	
311.63	3650.2	
311.84	5275.6	
312.05	5655.8	
312.26	4202.4	
312.46	4618.2	
312.67	5291.3	
312.88	5049.6	
313.09	3654.9	
313.3	3501.3	
313.51	6326.2	
313.71	6808.1	
313.92	3657	
314.13	3842	
314.34	5677.7	
314.55	5419.6	
314.76	4665.3	
314.96	4093.2	
315.17	5634.6	
315.38	5971.9	
315.59	3639.2	
315.8	3465.2	
316.01	6455.9	
316.21	6471.6	
316.42	3482.2	
316.63	3990.1	
316.84	5390.9	
317.05	6352.1	
317.26	4321.9	
317.46	3856.3	
317.67	5399.8	
317.88	5941.2	
318.09	4610	
318.3	3375.7	
318.5	5198.4	
318.71	5851.7	
318.92	5932.3	
319.13	4285	
319.34	6069.5	
319.54	6141.2	
319.75	3340.9	
319.96	3141.6	
320.17	5935	
320.38	6150.1	
320.58	3284.9	
320.79	4001.7	
321	6141.9	
321.21	6189.6	
321.42	3992.2	
321.62	3261	
321.83	5102.9	
322.04	5547.9	
322.25	3837.2	
322.46	3614.7	
322.66	5718.6	
322.87	5773.9	
323.08	4532.8	
323.29	3573	
323.5	6593.8	
323.7	5051	
323.91	4971.8	
324.12	4467.3	
324.33	5573.9	
324.53	5896.8	
324.74	4293.9	
324.95	4509.6	
325.16	4878.3	
325.37	5322.7	
325.57	3639.9	
325.78	3693.2	
325.99	5584.1	
326.2	4984.1	
326.4	5130.8	
326.61	3312.2	
326.82	5466	
327.03	5690.6	
327.24	5180.7	
327.44	4856.4	
327.65	5772.5	
327.86	4648.2	
328.07	4292.5	
328.27	3478.1	
328.48	6201.2	
328.69	5104.2	
328.9	5299.5	
329.1	3899.3	
329.31	5354.8	
329.52	6428.6	
329.73	3652.2	
329.93	4104.8	
330.14	5540.4	
330.35	5724.8	
330.56	6056.5	
330.76	4513	
330.97	5341.8	
331.18	5738.4	
331.39	3984	
331.59	3246.7	
331.8	6103.6	
332.01	6277.7	
332.22	3790.1	
332.42	4312.3	
332.63	5651	
332.84	5250.3	
333.05	4117.1	
333.25	3659	
333.46	5304.2	
333.67	5578	
333.88	3743	
334.08	4257.7	
334.29	8213	
334.5	6253.8	
334.7	3540.9	
334.91	5261.2	
335.12	5083.7	
335.33	5987.6	
335.53	4035.2	
335.74	6065.4	
335.95	5303.6	
336.16	5110.4	
336.36	4035.2	
336.57	4696	
336.78	5037.3	
336.98	6146.6	
337.19	4981.3	
337.4	3960.8	
337.61	6693.4	
337.81	5041.4	
338.02	3689.8	
338.23	4788.8	
338.43	6318	
338.64	5175.2	
338.85	3592.8	
339.05	4772.4	
339.26	6423.1	
339.47	4884.4	
339.68	3646.1	
339.88	5421.7	
340.09	5814.2	
340.3	6038.1	
340.5	4276.8	
340.71	3276.8	
340.92	4949.3	
341.13	6324.8	
341.33	3577.8	
341.54	4333.5	
341.75	5752.1	
341.95	5373.9	
342.16	4115.7	
342.37	4436.6	
342.57	5067.4	
342.78	5479.7	
342.99	4521.2	
343.19	3237.8	
343.4	5925.5	
343.61	5817.6	
343.81	3883.6	
344.02	3566.2	
344.23	5997.1	
344.43	6406	
344.64	4561.5	
344.85	4477.5	
345.06	5829.2	
345.26	6192.4	
345.47	4179.2	
345.68	5006.6	
345.88	4831.2	
346.09	6006.7	
346.3	4291.9	
346.5	3217.4	
346.71	5580.7	
346.92	5197.1	
347.12	3264.5	
347.33	4250.9	
347.54	6120	
347.74	6574.7	
347.95	4220.2	
348.16	3067.9	
348.36	5289.2	
348.57	5145.2	
348.78	4160.8	
348.98	4509.6	
349.19	5491.3	
349.39	4963.6	
349.6	3297.2	
349.81	3655.6	
350.01	5757.5	
350.22	5208	
350.43	4056.3	
350.63	4924	
350.84	5571.2	
351.05	5326.1	
351.25	3644	
351.46	3279.5	
351.67	6068.8	
351.87	5220.3	
352.08	3870.7	
352.29	4501.4	
352.49	6016.2	
352.7	5695.4	
352.9	3609.9	
353.11	4375.8	
353.32	6729.6	
353.52	5358.9	
353.73	3428.3	
353.94	4513	
354.14	5838.1	
354.35	5674.2	
354.55	3602.4	
354.76	4065.9	
354.97	5797.1	
355.17	5560.2	
355.38	3342.3	
355.59	4796.3	
355.79	5153.4	
356	5595.7	
356.2	3972.4	
356.41	3459	
356.62	4880.3	
356.82	5405.3	
357.03	4257	
357.24	3880.2	
357.44	5212.8	
357.65	5377.3	
357.85	5150.6	
358.06	4020.2	
358.27	4903.5	
358.47	5158.8	
358.68	3289	
358.88	4255.7	
359.09	5681.1	
359.3	6144.6	
359.5	5031.9	
359.71	4437.3	
359.91	6677.7	
360.12	5924.1	
360.33	4289.1	
360.53	4725.3	
360.74	5205.9	
360.94	5218.2	
361.15	4490.5	
361.36	3699.3	
361.56	6011.5	
361.77	5416.2	
361.97	4966.3	
362.18	3849.5	
362.38	6051.7	
362.59	5044.1	
362.8	3533.4	
363	3396.9	
363.21	4788.8	
363.41	5533.6	
363.62	4098.7	
363.83	5216.9	
364.03	5595.7	
364.24	6722.1	
364.44	5310.4	
364.65	5156.1	
364.85	5371.8	
365.06	4964.3	
365.27	3744.4	
365.47	3784	
365.68	6405.4	
365.88	5292.6	
366.09	4220.9	
366.29	3830.4	
366.5	5667.4	
366.71	6087.9	
366.91	5242.1	
367.12	4386.1	
367.32	6730.3	
367.53	5946.6	
367.73	4267.3	
367.94	5285.1	
368.14	5928.2	
368.35	6817	
368.56	4346.5	
368.76	4033.8	
368.97	5961.6	
369.17	7836.9	
369.38	3715.7	
369.58	4067.3	
369.79	4956.8	
369.99	6266.8	
370.2	5082.4	
370.4	4123.9	
370.61	5673.6	
370.82	6909.8	
371.02	4074.8	
371.23	3336.8	
371.43	4894	
371.64	6351.4	
371.84	4053.6	
372.05	5326.1	
372.25	7637.6	
372.46	6008.7	
372.66	4019.5	
372.87	3979.2	
373.07	6031.3	
373.28	7740.6	
373.48	5146.5	
373.69	4801.8	
373.9	5492.7	
374.1	5464	
374.31	5046.9	
374.51	4525.3	
374.72	6405.4	
374.92	5109	
375.13	5169.8	
375.33	4386.1	
375.54	5900.2	
375.74	5281.7	
375.95	4384	
376.15	5717.2	
376.36	5848.3	
376.56	5739.8	
376.77	4482.3	
376.97	4943.1	
377.18	6996.5	
377.38	5976	
377.59	5322	
377.79	3913.7	
378	5724.8	
378.2	6242.9	
378.41	3994.2	
378.61	3890.5	
378.82	6307.1	
379.02	5277.6	
379.23	4126.7	
379.43	5384.8	
379.64	6331	
379.84	5941.2	
380.05	3965.6	
380.25	3893.2	
380.46	5969.8	
380.66	5626.5	
380.87	5369.8	
381.07	5779.4	
381.28	6613.6	
381.48	6037.4	
381.69	4027	
381.89	4068.6	
382.1	4927.4	
382.3	6227.9	
382.51	5139.7	
382.71	6197.8	
382.91	6055.2	
383.12	6654.5	
383.32	4379.9	
383.53	4628.4	
383.73	5872.2	
383.94	5593.7	
384.14	4457.7	
384.35	3590.1	
384.55	5588.9	
384.76	6074.3	
384.96	4376.5	
385.17	4677.6	
385.37	5926.8	
385.58	5292	
385.78	4745.8	
385.98	3549.8	
386.19	5537	
386.39	5896.8	
386.6	4079.6	
386.8	4323.9	
387.01	6021	
387.21	6036	
387.42	4820.2	
387.62	5451.7	
387.83	5294.7	
388.03	5960.3	
388.23	4412.7	
388.44	5255.8	
388.64	5048.9	
388.85	5120.6	
389.05	4833.9	
389.26	5403.2	
389.46	6759	
389.67	6434	
389.87	4707.6	
390.07	4819.6	
390.28	5593.7	
390.48	5129.5	
390.69	3940.3	
390.89	4248.2	
391.1	5363.6	
391.3	6294.1	
391.5	5468.8	
391.71	6141.2	
391.91	6083.8	
392.12	7123.5	
392.32	5631.2	
392.53	4771.8	
392.73	5423.7	
392.93	5599.8	
393.14	4319.8	
393.34	5494	
393.55	6160.3	
393.75	5558.2	
393.95	4448.2	
394.16	4359.4	
394.36	5341.8	
394.57	6145.3	
394.77	3847.5	
394.98	4314.4	
395.18	5337.7	
395.38	5607.3	
395.59	5310.4	
395.79	4147.8	
396	5418.9	
396.2	5952.1	
396.4	4991.6	
396.61	4916.5	
396.81	6147.3	
397.02	5384.1	
397.22	5244.2	
397.42	5294.7	
397.63	6116.6	
397.83	5278.3	
398.04	4072	
398.24	4538.3	
398.44	5907	
398.65	4846.2	
398.85	3873.4	
399.05	4014	
399.26	5219.6	
399.46	7032	
399.67	4390.2	
399.87	4093.2	
400.07	5616.9	
400.28	6098.2	
400.48	4239.3	
400.69	5288.5	
400.89	6303	
401.09	6695.5	
401.3	4048.2	
401.5	5348.6	
401.7	7053.9	
401.91	7220.5	
402.11	4423.6	
402.32	4659.8	
402.52	6215.6	
402.72	6077.7	
402.93	4863.2	
403.13	3543	
403.33	7024.5	
403.54	5623	
403.74	4483.7	
403.94	5523.4	
404.15	5797.8	
404.35	7002	
404.56	4372.4	
404.76	6293.4	
404.96	6270.2	
405.17	6068.8	
405.37	5841.5	
405.57	4897.4	
405.78	6260.6	
405.98	5689.3	
406.18	4285.7	
406.39	5343.2	
406.59	6172.6	
406.79	5832.6	
407	4077.5	
407.2	4231.8	
407.4	6257.9	
407.61	6424.5	
407.81	4294.6	
408.01	6440.9	
408.22	5221	
408.42	7233.4	
408.62	5425.8	
408.83	4751.3	
409.03	5817.6	
409.23	5561.6	
409.44	4898.7	
409.64	5182	
409.84	6692.1	
410.05	6567.2	
410.25	4976.6	
410.45	4692.6	
410.66	5986.2	
410.86	8624.7	
411.06	5144.5	
411.27	5040.1	
411.47	8352.3	
411.67	6194.4	
411.88	5172.5	
412.08	5553.4	
412.28	6821.8	
412.49	7380.9	
412.69	4900.1	
412.89	4960.9	
413.09	7148.1	
413.3	6987	
413.5	5069.4	
413.7	4583.4	
413.91	6161.7	
414.11	7067.5	
414.31	4790.9	
414.52	5269.4	
414.72	6743.3	
414.92	6625.2	
415.12	4793.6	
415.33	5368.4	
415.53	7049.8	
415.73	7175.4	
415.94	5782.1	
416.14	5079.6	
416.34	5956.9	
416.55	5672.9	
416.75	6415.6	
416.95	5659.9	
417.15	6940.6	
417.36	7759.8	
417.56	6517.3	
417.76	5515.2	
417.97	7394.5	
418.17	6948.1	
418.37	5066	
418.57	5193.6	
418.78	6701.6	
418.98	6340.5	
419.18	6071.5	
419.38	6071.5	
419.59	6484.6	
419.79	6055.2	
419.99	5025.7	
420.2	5496.7	
420.4	6926.9	
420.6	7175.4	
420.8	4932.2	
421.01	4778.6	
421.21	6769.9	
421.41	7049.1	
421.61	5410.7	
421.82	4954.7	
422.02	6260	
422.22	7265.5	
422.42	5837.4	
422.63	5558.2	
422.83	6413.6	
423.03	7632.8	
423.23	5502.9	
423.44	4339	
423.64	6470.9	
423.84	6193.1	
424.04	4915.8	
424.25	4535.6	
424.45	7460.8	
424.65	7398.6	
424.85	4363.5	
425.06	4970.4	
425.26	7347.4	
425.46	5814.9	
425.66	5464	
425.87	5134.9	
426.07	7172	
426.27	7021.1	
426.47	5225.7	
426.67	4585.4	
426.88	7501.7	
427.08	6927.6	
427.28	5549.3	
427.48	4542.4	
427.69	5766.4	
427.89	6425.8	
428.09	5440.8	
428.29	4587.4	
428.5	7197.9	
428.7	6630.6	
428.9	4417.5	
429.1	5034.6	
429.3	6553.5	
429.51	6984.9	
429.71	4804.5	
429.91	5613.5	
430.11	6836.1	
430.31	7109.9	
430.52	5091.9	
430.72	5425.1	
430.92	7458	
431.12	6919.4	
431.32	4691.2	
431.53	5186.8	
431.73	5662	
431.93	7516.7	
432.13	4625	
432.33	4471.4	
432.54	6175.3	
432.74	6673.6	
432.94	4414.7	
433.14	5594.4	
433.34	6769.2	
433.55	6231.3	
433.75	5434.6	
433.95	7277.1	
434.15	6522.8	
434.35	6192.4	
434.56	4641.4	
434.76	4028.4	
434.96	6498.2	
435.16	6724.2	
435.36	4399	
435.56	5595.7	
435.77	6067.4	
435.97	6240.8	
436.17	6350.8	
436.37	5549.3	
436.57	5991.7	
436.78	5927.5	
436.98	5595.7	
437.18	6175.3	
437.38	6751.5	
437.58	6245.6	
437.78	6318	
437.99	4885.8	
438.19	6788.3	
438.39	7557	
438.59	4792.2	
438.79	4292.5	
438.99	7471.7	
439.2	6279.8	
439.4	4470	
439.6	4358.8	
439.8	6644.3	
440	7793.2	
440.2	5486.5	
440.4	5636	
440.61	6976.1	
440.81	7647.8	
441.01	4530.8	
441.21	5569.8	
441.41	7354.9	
441.61	6989	
441.81	5776.6	
442.02	6865.5	
442.22	7845.1	
442.42	7018.4	
442.62	4659.1	
442.82	4681.7	
443.02	7282.6	
443.22	6365.1	
443.43	5075.5	
443.63	4577.9	
443.83	6210.8	
444.03	6188.3	
444.23	5845.6	
444.43	5464.7	
444.63	6472.9	
444.83	7746.8	
445.04	4608.6	
445.24	6036	
445.44	6857.3	
445.64	6974	
445.84	5539.1	
446.04	5500.8	
446.24	6292.7	
446.44	7300.3	
446.65	4743.1	
446.85	5091.9	
447.05	6448.4	
447.25	7299	
447.45	5196.4	
447.65	4489.8	
447.85	6591.7	
448.05	6229.2	
448.25	5627.8	
448.46	5440.1	
448.66	6557.6	
448.86	6210.1	
449.06	4319.8	
449.26	5593	
449.46	6936.5	
449.66	5905.7	
449.86	5019.6	
450.06	5039.4	
450.26	6156.9	
450.47	6703	
450.67	5325.4	
450.87	5685.8	
451.07	6800.6	
451.27	6598.6	
451.47	4584.7	
451.67	5119.2	
451.87	6073.6	
452.07	7406.1	
452.27	4765.6	
452.47	4788.2	
452.67	6481.8	
452.88	7014.3	
453.08	4099.4	
453.28	6210.8	
453.48	7779.6	
453.68	6455.2	
453.88	4614.1	
454.08	4948.6	
454.28	6799.3	
454.48	6488	
454.68	5510.4	
454.88	6074.3	
455.08	6908.5	
455.28	6668.9	
455.48	4459.8	
455.68	5096.7	
455.89	7411.6	
456.09	7061.4	
456.29	4814.1	
456.49	4782.7	
456.69	7279.8	
456.89	6398.5	
457.09	5375.9	
457.29	5717.9	
457.49	6814.3	
457.69	6909.8	
457.89	5132.9	
458.09	4536.3	
458.29	6425.8	
458.49	7159	
458.69	5499.5	
458.89	4899.4	
459.09	7427.3	
459.29	7580.9	
459.49	5042.8	
459.69	5806.7	
459.9	6995.9	
460.1	6384.9	
460.3	4917.2	
460.5	4675.5	
460.7	6924.2	
460.9	6634.7	
461.1	4274.1	
461.3	5639.4	
461.5	7531.7	
461.7	7149.5	
461.9	4691.2	
462.1	5169.1	
462.3	6522.8	
462.5	7099.6	
462.7	4728.1	
462.9	4810	
463.1	8302.5	
463.3	7819.8	
463.5	4949.9	
463.7	5982.1	
463.9	6686.6	
464.1	7112.6	
464.3	5055.8	
464.5	5264	
464.7	7299	
464.9	6789	
465.1	6748.1	
465.3	5729.5	
465.5	7678.5	
465.7	7572.7	
465.9	5912.5	
466.1	5806	
466.3	7391.8	
466.5	7204.1	
466.7	6658.6	
466.9	5427.8	
467.1	7095.5	
467.3	8107.9	
467.5	6563.1	
467.7	5292.6	
467.9	8340	
468.1	9259.5	
468.3	6166.4	
468.5	6518.7	
468.7	6950.1	
468.9	6952.2	
469.1	5585.5	
469.3	6308.4	
469.5	9097.8	
469.7	6477.7	
469.9	6148.7	
470.1	5272.8	
470.3	7051.8	
470.5	6995.9	
470.7	6663.4	
470.9	5382.1	
471.1	6799.9	
471.3	7319.4	
471.5	5119.2	
471.69	7220.5	
471.89	6590.4	
472.09	6154.8	
472.29	6069.5	
472.49	6533	
472.69	6366.5	
472.89	7326.9	
473.09	5032.5	
473.29	5338.4	
473.49	6594.5	
473.69	6778.1	
473.89	6322.1	
474.09	5477	
474.29	8082.7	
474.49	7822.6	
474.69	6313.2	
474.89	5586.9	
475.09	6782.2	
475.29	6718.7	
475.49	5003.9	
475.69	5243.5	
475.88	8537.3	
476.08	7098.3	
476.28	4869.4	
476.48	5449.6	
476.68	7610.3	
476.88	7423.9	
477.08	5297.4	
477.28	5539.1	
477.48	6892.1	
477.68	7675.1	
477.88	5082.4	
478.08	5433.3	
478.28	7890.1	
478.48	7083.2	
478.67	5397.1	
478.87	4885.1	
479.07	7729	
479.27	7053.2	
479.47	5700.9	
479.67	5668.8	
479.87	7473	
480.07	8041.7	
480.27	4893.3	
480.47	6574	
480.67	7157	
480.87	7755.7	
481.06	5141.1	
481.26	6029.2	
481.46	7035.5	
481.66	6976.1	
481.86	5614.8	
482.06	6700.3	
482.26	6772.6	
482.46	7718.8	
482.66	5526.8	
482.86	5122.7	
483.05	7047.7	
483.25	6454.5	
483.45	8155	
483.65	5531.6	
483.85	6638.8	
484.05	6983.6	
484.25	5993	
484.45	6471.6	
484.65	7883.3	
484.84	7815.7	
485.04	5401.2	
485.24	5434.6	
485.44	8044.4	
485.64	6343.2	
485.84	4548.5	
486.04	6030.6	
486.24	6729.6	
486.44	7189.1	
486.63	4620.2	
486.83	5434.6	
487.03	6475.7	
487.23	6693.4	
487.43	4661.2	
487.63	7178.8	
487.83	6799.3	
488.02	7782.3	
488.22	5655.8	
488.42	6313.2	
488.62	7791.2	
488.82	6547.4	
489.02	5337	
489.22	5292.6	
489.41	7604.8	
489.61	7058.7	
489.81	5060.5	
490.01	5055.8	
490.21	7402	
490.41	8091.5	
490.61	4955.4	
490.8	5155.4	
491	6922.1	
491.2	6198.5	
491.4	5784.1	
491.6	4773.1	
491.8	6918	
491.99	7118.7	
492.19	4702.1	
492.39	5146.5	
492.59	7516.7	
492.79	7471.7	
492.99	5952.1	
493.18	4975.2	
493.38	7503.1	
493.58	8189.8	
493.78	5661.3	
493.98	5225.1	
494.18	7221.8	
494.37	6531.7	
494.57	5726.8	
494.77	5699.5	
494.97	7237.5	
495.17	7494.9	
495.37	5185.5	
495.56	5537.7	
495.76	7809.6	
495.96	7320.8	
496.16	6483.9	
496.36	5242.8	
496.55	7523.6	
496.75	6960.4	
496.95	5702.2	
497.15	5560.9	
497.35	7486	
497.54	7422.5	
497.74	5296.7	
497.94	7111.9	
498.14	8114.7	
498.34	7912	
498.53	4940.4	
498.73	5801.9	
498.93	6788.3	
499.13	7328.3	
499.33	5528.2	
499.52	6169.8	
499.72	7210.2	
499.92	7645.1	
500.12	5182.7	
500.32	5466	
500.51	7593.9	
500.71	7324.2	
500.91	6315.9	
501.11	5877.7	
501.31	7443.7	
501.5	7887.4	
501.7	6644.3	
501.9	5468.1	
502.1	7295.5	
502.29	7600	
502.49	6008.1	
502.69	6418.3	
502.89	7451.2	
503.09	7388.4	
503.28	5044.1	
503.48	5122.7	
503.68	6650.4	
503.88	6767.2	
504.07	6146.6	
504.27	5601.2	
504.47	7081.2	
504.67	7329	
504.86	6106.4	
505.06	5762.3	
505.26	6768.5	
505.46	8727.8	
505.65	5664	
505.85	5938.4	
506.05	6737.8	
506.25	7295.5	
506.44	5074.2	
506.64	6079.1	
506.84	6687.3	
507.04	7734.5	
507.23	5243.5	
507.43	5879	
507.63	8886.1	
507.83	6999.3	
508.02	5875.6	
508.22	5520	
508.42	9099.1	
508.62	6759.7	
508.81	5798.5	
509.01	6345.3	
509.21	6643.6	
509.4	6867.5	
509.6	5983.5	
509.8	5272.2	
510	6916	
510.19	8465.6	
510.39	5302.9	
510.59	5304.9	
510.79	6630	
510.98	8097	
511.18	5306.3	
511.38	5567.7	
511.57	7487.4	
511.77	7367.9	
511.97	6225.8	
512.17	5170.4	
512.36	7494.9	
512.56	7529.7	
512.76	5238.7	
512.95	4955.4	
513.15	7641	
513.35	6157.6	
513.55	6036	
513.74	5205.3	
513.94	7573.4	
514.14	6879.1	
514.33	6120.7	
514.53	5918.6	
514.73	6777.4	
514.92	7013.6	
515.12	5385.5	
515.32	5156.8	
515.51	7127.6	
515.71	7735.2	
515.91	7126.2	
516.11	5199.8	
516.3	8794	
516.5	6642.2	
516.7	5825.1	
516.89	6497.5	
517.09	6774.7	
517.29	6618.4	
517.48	6007.4	
517.68	5444.9	
517.88	6498.9	
518.07	7191.1	
518.27	5940.5	
518.47	4971.1	
518.66	7800.7	
518.86	6273.6	
519.06	4890.5	
519.25	5340.4	
519.45	6660.7	
519.65	8232.2	
519.84	5975.3	
520.04	6632	
520.24	8603.5	
520.43	7327.6	
520.63	5729.5	
520.83	5369.1	
521.02	6454.5	
521.22	7284.6	
521.42	5988.9	
521.61	6500.9	
521.81	6803.4	
522.01	7032	
522.2	5783.5	
522.4	5537.7	
522.6	7542.7	
522.79	6240.2	
522.99	5640.8	
523.18	4853.7	
523.38	7112.6	
523.58	7113.3	
523.77	6935.8	
523.97	4743.1	
524.17	8998.8	
524.36	8051.9	
524.56	6112.5	
524.76	5830.6	
524.95	6956.3	
525.15	6561	
525.34	5506.3	
525.54	5483.1	
525.74	7309.9	
525.93	6233.3	
526.13	6732.4	
526.33	5397.1	
526.52	7664.9	
526.72	6995.9	
526.91	6645	
527.11	5865.4	
527.31	7649.8	
527.5	8088.8	
527.7	5681.7	
527.89	4705.5	
528.09	6373.3	
528.29	6961	
528.48	6177.4	
528.68	5868.8	
528.87	7389.1	
529.07	7468.3	
529.27	5702.2	
529.46	5143.8	
529.66	7012.2	
529.85	7484	
530.05	4948.6	
530.25	5833.3	
530.44	8493.6	
530.64	7003.4	
530.83	5382.1	
531.03	5677	
531.23	7355.6	
531.42	7279.8	
531.62	6405.4	
531.81	5545.2	
532.01	7462.8	
532.21	7991.9	
532.4	5194.3	
532.6	5629.9	
532.79	8221.9	
532.99	7442.3	
533.18	5612.1	
533.38	6651.1	
533.58	6857.3	
533.77	7713.3	
533.97	5502.2	
534.16	6387.6	
534.36	7935.2	
534.55	6841.6	
534.75	6572.6	
534.95	5515.2	
535.14	7722.9	
535.34	6870.3	
535.53	5280.3	
535.73	7299	
535.92	8338	
536.12	7236.8	
536.31	5260.5	
536.51	6565.8	
536.71	7466.9	
536.9	7006.8	
537.1	5485.8	
537.29	5674.2	
537.49	7937.2	
537.68	6854.6	
537.88	6026.5	
538.07	5143.8	
538.27	7110.5	
538.46	8170	
538.66	5118.6	
538.86	5541.1	
539.05	7154.9	
539.25	7609.6	
539.44	5814.2	
539.64	5439.4	
539.83	7017	
540.03	7980.3	
540.22	5315.2	
540.42	5524.1	
540.61	7245.7	
540.81	7445.7	
541	6025.1	
541.2	6595.1	
541.39	6795.2	
541.59	7235.5	
541.78	6303	
541.98	5390.9	
542.18	6518.7	
542.37	6432	
542.57	5737.7	
542.76	6266.8	
542.96	6604.7	
543.15	7413	
543.35	5907	
543.54	5193	
543.74	7751.6	
543.93	7273	
544.13	5852.4	
544.32	7021.1	
544.52	7608.2	
544.71	6791.1	
544.91	4943.8	
545.1	6292	
545.3	6766.5	
545.49	7546.1	
545.69	4941.1	
545.88	5601.9	
546.08	8464.9	
546.27	8127	
546.47	6183.5	
546.66	5399.1	
546.86	7785.7	
547.05	8457.4	
547.24	5555.5	
547.44	5370.5	
547.63	6686.6	
547.83	7879.2	
548.02	5868.1	
548.22	6074.3	
548.41	6525.5	
548.61	7883.3	
548.8	5378.6	
549	5304.9	
549.19	7202.7	
549.39	7468.3	
549.58	5053	
549.78	5629.2	
549.97	7634.1	
550.17	7102.4	
550.36	6587.6	
550.55	7727	
550.75	7107.1	
550.94	8081.3	
551.14	5291.3	
551.33	5794.4	
551.53	6358.3	
551.72	7450.5	
551.92	5765	
552.11	5591	
552.31	7510.6	
552.5	7625.3	
552.69	7348.8	
552.89	5164.3	
553.08	7456	
553.28	7154.2	
553.47	5560.2	
553.67	6777.4	
553.86	8217.1	
554.06	6392.4	
554.25	4673.5	
554.44	5322	
554.64	9007.6	
554.83	8473.8	
555.03	5252.4	
555.22	5694	
555.42	7633.5	
555.61	7365.2	
555.8	5489.2	
556	5894.1	
556.19	6476.4	
556.39	7996	
556.58	5631.9	
556.78	5528.2	
556.97	7325.6	
557.16	6851.1	
557.36	6915.3	
557.55	5214.1	
557.75	6247.7	
557.94	8116.8	
558.13	5327.4	
558.33	5094	
558.52	7845.1	
558.72	6770.6	
558.91	5218.9	
559.1	5482.4	
559.3	6435.4	
559.49	6196.5	
559.69	4731.5	
559.88	5879	
560.07	7333.1	
560.27	7755	
560.46	6092.7	
560.66	6232.7	
560.85	7060.7	
561.04	6311.2	
561.24	5238	
561.43	5450.3	
561.63	6582.9	
561.82	6845.7	
562.01	6724.8	
562.21	5754.1	
562.4	7283.9	
562.59	8263.6	
562.79	5645.6	
562.98	5169.8	
563.18	7124.9	
563.37	8675.2	
563.56	6131.6	
563.76	5073.5	
563.95	6550.8	
564.14	6498.2	
564.34	5515.2	
564.53	5277.6	
564.73	7106.5	
564.92	7518.8	
565.11	5668.1	
565.31	4956.8	
565.5	7761.8	
565.69	6587	
565.89	5255.8	
566.08	5495.4	
566.27	7581.6	
566.47	7898.3	
566.66	6229.9	
566.85	4756.1	
567.05	7148.1	
567.24	6483.9	
567.44	5159.5	
567.63	6635.4	
567.82	7372	
568.02	7195.9	
568.21	5127.4	
568.4	5522	
568.6	6899.6	
568.79	7011.6	
568.98	4894.6	
569.18	5081.7	
569.37	6905.8	
569.56	8999.5	
569.76	5470.1	
569.95	6486.6	
570.14	7329.7	
570.34	7176.8	
570.53	4985.4	
570.72	4919.9	
570.91	7804.8	
571.11	6838.9	
571.3	5523.4	
571.49	6424.5	
571.69	6934.4	
571.88	6462	
572.07	5999.9	
572.27	5973.2	
572.46	6460.7	
572.65	7594.6	
572.85	5199.8	
573.04	5561.6	
573.23	7716.7	
573.43	6919.4	
573.62	4904.9	
573.81	5592.3	
574	6943.3	
574.2	6759	
574.39	5221	
574.58	5381.4	
574.78	7802.1	
574.97	7012.9	
575.16	5849.7	
575.36	5925.5	
575.55	7397.3	
575.74	7591.8	
575.93	4855.7	
576.13	5984.2	
576.32	6778.8	
576.51	7349.5	
576.71	5240.1	
576.9	6687.3	
577.09	7733.8	
577.28	7146	
577.48	5676.3	
577.67	4754.7	
577.86	6825.2	
578.05	7092.1	
578.25	5326.8	
578.44	5525.4	
578.63	6930.3	
578.83	8089.5	
579.02	4773.8	
579.21	6390.3	
579.4	7096.9	
579.6	6781.5	
579.79	5612.8	
579.98	7925	
580.17	7529.7	
580.37	7514.7	
580.56	5042.1	
580.75	5731.6	
580.94	8100.4	
581.14	7796.6	
581.33	6262	
581.52	5139	
581.71	7337.2	
581.91	8046.5	
582.1	4777.9	
582.29	5481	
582.48	7017.7	
582.68	6783.6	
582.87	5900.9	
583.06	5443.5	
583.25	7177.4	
583.45	7081.2	
583.64	6154.8	
583.83	6919.4	
584.02	6694.1	
584.21	7161.7	
584.41	6193.7	
584.6	5404.6	
584.79	6874.3	
584.98	7695.6	
585.18	4807.9	
585.37	4852.3	
585.56	6395.1	
585.75	7212.3	
585.94	5134.9	
586.14	5847	
586.33	7946.8	
586.52	6892.1	
586.71	5694	
586.91	5429.2	
587.1	6323.4	
587.29	7352.2	
587.48	5408	
587.67	5251.7	
587.87	7345.4	
588.06	7427.3	
588.25	6697.5	
588.44	5944.6	
588.63	7053.2	
588.83	7634.1	
589.02	5413.5	
589.21	5393	
589.4	6840.2	
589.59	6674.3	
589.78	4635.2	
589.98	4986.1	
590.17	6474.3	
590.36	7091.4	
590.55	4468	
590.74	5379.3	
590.94	8587.1	
591.13	7025.2	
591.32	5113.8	
591.51	4672.1	
591.7	7571.3	
591.89	6911.9	
592.09	4706.2	
592.28	5299.5	
592.47	6180.1	
592.66	8043.1	
592.85	4663.2	
593.05	4921.3	
593.24	6710.5	
593.43	7567.9	
593.62	4941.7	
593.81	5574.6	
594	6778.8	
594.19	6995.2	
594.39	4846.2	
594.58	4795.7	
594.77	7092.1	
594.96	7691.5	
595.15	4792.2	
595.34	5539.1	
595.54	7177.4	
595.73	6236.1	
595.92	4177.9	
596.11	5453.1	
596.3	7737.2	
596.49	6331.6	
596.68	5093.3	
596.88	5643.5	
597.07	7480.5	
597.26	6148.7	
597.45	4684.4	
597.64	5920	
597.83	6405.4	
598.02	7065.5	
598.22	4780.6	
598.41	5529.5	
598.6	6920.1	
598.79	6351.4	
598.98	4813.4	
599.17	5760.3	
599.36	6866.2	
599.55	8161.8	
599.74	7071.6	
599.94	6638.1	
600.13	7465.5	
600.32	6193.1	
600.51	4499.4	
600.7	4620.9	
600.89	8116.1	
601.08	8104.5	
601.27	4479.6	
601.47	5483.1	
601.66	7335.8	
601.85	8160.5	
602.04	5124	
602.23	5499.5	
602.42	6338.5	
602.61	7072.3	
602.8	5114.5	
602.99	4867.3	
603.18	6742.6	
603.37	6995.9	
603.57	5545.9	
603.76	6094.8	
603.95	7716.1	
604.14	7266.2	
604.33	4939.7	
604.52	5276.9	
604.71	6918.7	
604.9	6571.2	
605.09	6029.2	
605.28	5792.3	
605.47	7542.7	
605.66	7244.3	
605.86	5490.6	
606.05	4910.3	
606.24	7615	
606.43	6117.3	
606.62	5279	
606.81	6150.1	
607	7438.9	
607.19	6767.9	
607.38	4706.2	
607.57	5021.6	
607.76	6513.2	
607.95	5917.3	
608.14	5393.7	
608.33	6027.9	
608.52	6511.9	
608.72	7422.5	
608.91	4681.7	
609.1	4562.2	
609.29	6580.1	
609.48	6078.4	
609.67	5703.6	
609.86	4680.3	
610.05	6279.8	
610.24	6612.9	
610.43	4487.1	
610.62	4140.3	
610.81	7733.8	
611	7504.4	
611.19	4627.7	
611.38	5493.3	
611.57	6860	
611.76	8232.2	
611.95	4414.7	
612.14	4249.5	
612.33	6629.3	
612.52	6150.1	
612.71	5013.4	
612.9	4123.9	
613.09	5816.9	
613.28	8171.4	
613.47	4767.7	
613.66	5793	
613.85	6840.9	
614.04	6330.3	
614.24	4786.8	
614.43	3988.8	
614.62	6943.3	
614.81	6850.5	
615	5497.4	
615.19	5420.3	
615.38	6227.2	
615.57	6572.6	
615.76	5265.3	
615.95	6337.8	
616.14	6982.9	
616.33	6587	
616.52	5547.3	
616.71	5732.3	
616.9	6930.3	
617.09	6793.1	
617.28	4887.1	
617.47	6456.6	
617.66	5967.1	
617.85	5961	
618.04	5827.8	
618.22	5317.9	
618.41	6231.3	
618.6	7159.7	
618.79	5058.5	
618.98	4746.5	
619.17	7528.3	
619.36	5820.3	
619.55	4852.3	
619.74	4934.2	
619.93	6801.3	
620.12	6136.4	
620.31	5510.4	
620.5	5677	
620.69	7348.8	
620.88	7649.8	
621.07	6334.4	
621.26	5326.8	
621.45	6810.9	
621.64	6804.7	
621.83	5493.3	
622.02	4586.1	
622.21	6911.2	
622.4	6642.2	
622.59	6034	
622.78	5758.9	
622.97	6200.6	
623.16	7261.4	
623.35	5386.2	
623.54	4455.7	
623.72	6409.5	
623.91	6574.7	
624.1	5613.5	
624.29	4219.5	
624.48	7761.8	
624.67	6907.1	
624.86	5517.2	
625.05	4564.2	
625.24	7824.6	
625.43	6070.9	
625.62	7283.9	
625.81	4747.9	
626	7212.9	
626.19	6305.7	
626.38	5568.4	
626.56	4915.8	
626.75	6244.9	
626.94	6978.1	
627.13	5576.6	
627.32	4225	
627.51	6912.6	
627.7	8339.3	
627.89	4435.2	
628.08	5601.9	
628.27	6070.2	
628.46	6373.3	
628.65	4749.2	
628.83	4302.1	
629.02	7008.8	
629.21	6227.2	
629.4	5210.7	
629.59	5347.9	
629.78	6096.1	
629.97	7094.2	
630.16	5365.7	
630.35	4791.6	
630.54	7544	
630.72	7247.8	
630.91	4824.3	
631.1	5440.8	
631.29	6773.3	
631.48	6971.3	
631.67	5547.3	
631.86	4953.4	
632.05	6292	
632.24	6332.3	
632.42	4569	
632.61	5280.3	
632.8	6489.3	
632.99	6126.8	
633.18	5212.1	
633.37	5688.6	
633.56	6720.1	
633.75	6554.2	
633.93	5170.4	
634.12	4831.2	
634.31	7527	
634.5	7151.5	
634.69	4925.4	
634.88	5491.3	
635.07	6387.6	
635.25	7145.4	
635.44	5987.6	
635.63	6064.7	
635.82	6372.6	
636.01	5878.4	
636.2	5783.5	
636.39	5301.5	
636.57	7480.5	
636.76	7251.9	
636.95	4773.1	
637.14	6208.1	
637.33	6784.9	
637.52	7889.5	
637.7	4603.8	
637.89	5530.2	
638.08	6370.5	
638.27	7913.4	
638.46	5610.8	
638.65	6096.8	
638.83	8014.4	
639.02	6238.1	
639.21	5565	
639.4	6045.6	
639.59	6737.8	
639.78	6390.3	
639.96	4887.1	
640.15	4819.6	
640.34	6575.3	
640.53	6773.3	
640.72	4540.3	
640.91	4937	
641.09	6102.9	
641.28	7531.7	
641.47	4840.7	
641.66	5771.9	
641.85	6733.7	
642.03	7102.4	
642.22	5550.7	
642.41	5038	
642.6	6139.8	
642.79	5537	
642.97	4859.1	
643.16	5621	
643.35	6230.6	
643.54	6034	
643.73	4799.8	
643.91	5732.3	
644.1	5945.9	
644.29	6566.5	
644.48	4884.4	
644.67	5027.1	
644.85	6195.8	
645.04	6538.5	
645.23	4580.6	
645.42	4768.4	
645.6	6077.7	
645.79	7304.4	
645.98	4913.1	
646.17	3927.3	
646.36	5842.2	
646.54	6595.1	
646.73	5842.9	
646.92	4543.1	
647.11	6151.4	
647.29	7281.2	
647.48	4737.6	
647.67	4420.9	
647.86	7593.2	
648.05	7598.6	
648.23	5013.4	
648.42	6370.5	
648.61	6855.9	
648.8	6611.5	
648.98	4639.3	
649.17	5048.2	
649.36	6112.5	
649.55	5605.3	
649.73	4703.5	
649.92	5505.6	
650.11	6071.5	
650.3	6431.3	
650.48	4891.2	
650.67	4631.1	
650.86	6749.4	
651.05	5590.3	
651.23	4842.1	
651.42	4743.1	
651.61	6066.1	
651.79	6317.3	
651.98	4984.1	
652.17	4549.2	
652.36	6666.8	
652.54	5657.9	
652.73	4686.4	
652.92	4434.5	
653.11	6722.8	
653.29	6783.6	
653.48	3889.8	
653.67	5007.3	
653.85	6556.9	
654.04	7681.9	
654.23	5305.6	
654.42	4784.7	
654.6	6133.7	
654.79	6806.1	
654.98	4289.1	
655.16	4885.1	
655.35	5714.5	
655.54	5654.4	
655.73	4454.3	
655.91	4319.8	
656.1	6824.5	
656.29	5622.4	
656.47	3881.6	
656.66	5714.5	
656.85	5857.2	
657.03	5929.6	
657.22	4445.5	
657.41	4455.7	
657.59	6000.5	
657.78	5730.9	
657.97	4042.7	
658.16	4851	
658.34	6718.7	
658.53	7066.2	
658.72	5766.4	
658.9	6332.3	
659.09	6041.5	
659.28	6092.7	
659.46	4557.4	
659.65	4447.5	
659.84	5799.2	
660.02	6315.9	
660.21	4335.5	
660.4	4336.9	
660.58	6794.5	
660.77	6134.3	
660.96	4981.3	
661.14	4016.7	
661.33	7326.3	
661.52	7269.6	
661.7	3937.6	
661.89	7905.2	
662.08	5722.7	
662.26	5244.8	
662.45	4242	
662.64	4367	
662.82	6442.9	
663.01	5654.4	
663.2	4412.7	
663.38	5171.1	
663.57	6395.8	
663.75	6309.8	
663.94	4750.6	
664.13	6099.5	
664.31	5730.2	
664.5	6470.2	
664.69	4894.6	
664.87	5635.3	
665.06	5472.2	
665.25	6320	
665.43	5846.3	
665.62	5932.3	
665.8	6670.9	
665.99	5907.7	
666.18	4728.1	
666.36	4851	
666.55	6567.2	
666.74	6477.7	
666.92	4354	
667.11	6190.3	
667.29	5902.2	
667.48	6546	
667.67	5725.4	
667.85	4685.8	
668.04	6021	
668.22	6037.4	
668.41	4788.2	
668.6	5010	
668.78	5724.8	
668.97	5973.9	
669.15	5210.7	
669.34	4156	
669.53	5725.4	
669.71	6083.1	
669.9	4364.2	
670.08	4999.1	
670.27	5712.5	
670.46	6386.9	
670.64	5275.6	
670.83	5507.7	
671.01	5683.8	
671.2	6326.9	
671.38	4390.8	
671.57	4275.5	
671.76	6932.4	
671.94	7535.8	
672.13	4177.9	
672.31	5407.3	
672.5	6423.1	
672.69	5672.9	
672.87	4452.3	
673.06	4678.2	
673.24	6331.6	
673.43	5827.8	
673.61	5166.3	
673.8	4660.5	
673.98	6606.7	
674.17	6718	
674.36	5287.9	
674.54	5201.2	
674.73	6301.6	
674.91	6546	
675.1	4870.1	
675.28	4512.4	
675.47	5995.1	
675.65	6643.6	
675.84	4726	
676.03	5125.4	
676.21	5793.7	
676.4	5302.2	
676.58	5547.3	
676.77	5267.4	
676.95	7324.9	
677.14	5754.1	
677.32	4373.8	
677.51	4120.5	
677.69	6535.8	
677.88	5392.3	
678.06	4280.3	
678.25	4382	
678.44	6028.5	
678.62	5797.1	
678.81	4117.1	
678.99	5091.3	
679.18	6900.3	
679.36	6460.7	
679.55	4663.9	
679.73	5349.3	
679.92	6455.9	
680.1	5781.4	
680.29	5950.7	
680.47	4659.8	
680.66	5685.8	
680.84	6630.6	
681.03	3938.2	
681.21	5171.8	
681.4	5745.9	
681.58	5662.6	
681.77	4427.7	
681.95	4336.9	
682.14	6632	
682.32	7033.4	
682.51	5365	
682.69	4141.7	
682.88	5691.3	
683.06	6475	
683.25	5023	
683.43	5592.3	
683.62	6059.3	
683.8	6525.5	
683.99	5725.4	
684.17	4975.9	
684.36	7344	
684.54	6068.1	
684.73	4194.2	
684.91	4457.1	
685.1	6432	
685.28	5838.8	
685.46	5088.5	
685.65	5233.9	
685.83	6705	
686.02	6102.3	
686.2	4523.3	
686.39	4684.4	
686.57	5656.5	
686.76	7402	
686.94	4491.9	
687.13	4670.1	
687.31	6565.1	
687.5	5981.4	
687.68	4088.4	
687.86	5433.9	
688.05	7819.1	
688.23	5411.4	
688.42	5501.5	
688.6	4589.5	
688.79	5888.6	
688.97	5908.4	
689.16	4960.9	
689.34	3805.8	
689.52	6612.2	
689.71	6879.8	
689.89	5238	
690.08	4504.2	
690.26	6104.3	
690.45	5992.4	
690.63	5449	
690.81	4647.5	
691	5850.4	
691.18	5801.2	
691.37	4811.4	
691.55	7202	
691.74	5784.8	
691.92	7961.1	
692.1	4908.3	
692.29	4261.8	
692.47	6025.1	
692.66	5315.8	
692.84	4431.8	
693.02	5060.5	
693.21	5406.6	
693.39	5928.9	
693.58	5147.9	
693.76	4569	
693.94	7195.2	
694.13	6892.8	
694.31	4431.8	
694.5	5658.5	
694.68	5688.6	
694.86	6019.7	
695.05	4797.7	
695.23	5219.6	
695.42	6458.6	
695.6	8938	
695.78	5517.9	
695.97	4536.9	
696.15	6476.4	
696.34	5795.8	
696.52	4294.6	
696.7	5202.5	
696.89	6212.9	
697.07	5643.5	
697.25	5130.2	
697.44	6708.5	
697.62	6161.7	
697.81	6632.7	
697.99	4818.2	
698.17	5316.5	
698.36	5553.4	
698.54	6313.2	
698.72	5184.1	
698.91	4151.9	
699.09	5885.2	
699.28	5716.6	
699.46	4846.9	
699.64	4666.6	
699.83	5575.3	
700.01	7000.6	
700.19	5462.6	
700.38	3859.7	
700.56	6954.9	
700.74	5709.1	
700.93	4291.2	
701.11	5136.3	
701.29	6303.6	
701.48	7341.3	
701.66	4499.4	
701.84	4489.1	
702.03	5833.3	
702.21	6474.3	
702.39	4018.8	
702.58	4701.5	
702.76	6230.6	
702.94	6350.1	
703.13	4057	
703.31	6580.8	
703.49	5468.8	
703.68	6568.5	
703.86	4195.6	
704.04	5266	
704.23	6053.1	
704.41	6479.8	
704.59	4430.4	
704.78	5673.6	
704.96	7145.4	
705.14	6472.3	
705.33	4113	
705.51	5096.7	
705.69	5890	
705.87	6780.1	
706.06	5385.5	
706.24	4174.4	
706.42	6148	
706.61	6453.8	
706.79	5393.7	
706.97	4117.1	
707.16	5645.6	
707.34	6288.6	
707.52	5416.9	
707.7	4389.5	
707.89	5728.9	
708.07	5532.9	
708.25	5304.9	
708.44	5402.5	
708.62	5721.3	
708.8	6911.9	
708.98	5676.3	
709.17	4443.4	
709.35	6172.6	
709.53	6192.4	
709.72	4163.5	
709.9	4730.8	
710.08	6393.8	
710.26	6455.9	
710.45	6004.6	
710.63	4575.8	
710.81	6129.6	
710.99	6144.6	
711.18	5174.5	
711.36	4738.3	
711.54	5949.3	
711.72	6756.2	
711.91	4829.8	
712.09	4233.2	
712.27	6195.1	
712.45	7282.6	
712.64	5189.6	
712.82	4102.8	
713	5649.7	
713.18	5832.6	
713.37	4307.6	
713.55	5632.6	
713.73	6815.6	
713.91	5414.1	
714.1	4912.4	
714.28	4379.9	
714.46	6709.8	
714.64	5814.2	
714.83	3847.5	
715.01	4800.4	
715.19	5995.8	
715.37	5412.1	
715.55	4442	
715.74	4849.6	
715.92	7015	
716.1	4917.2	
716.28	6019	
716.47	4997.7	
716.65	5629.9	
716.83	5765	
717.01	4858.5	
717.19	4913.8	
717.38	7944.8	
717.56	5358.2	
717.74	5125.4	
717.92	4128	
718.1	6664.8	
718.29	5748.6	
718.47	3667.9	
718.65	4418.2	
718.83	6399.9	
719.01	6278.4	
719.2	3495.2	
719.38	4594.3	
719.56	5996.5	
719.74	7697.6	
719.92	4208.6	
720.11	5346.6	
720.29	6096.8	
720.47	5227.8	
720.65	3828.3	
720.83	4835.3	
721.02	5649	
721.2	5350.7	
721.38	4883.7	
721.56	4045.4	
721.74	4905.6	
721.92	5162.2	
722.11	5466	
722.29	5119.2	
722.47	6462	
722.65	5563	
722.83	4116.4	
723.01	5117.9	
723.2	5633.3	
723.38	5921.4	
723.56	3494.5	
723.74	4780.6	
723.92	5124	
724.1	6405.4	
724.29	4081.6	
724.47	5254.4	
724.65	5217.5	
724.83	5147.9	
725.01	3924.6	
725.19	4893.3	
725.37	5192.3	
725.56	5281	
725.74	3805.1	
725.92	4039.3	
726.1	5070.1	
726.28	5504.9	
726.46	4574.5	
726.64	4244.8	
726.83	5411.4	
727.01	5708.4	
727.19	3688.4	
727.37	4690.5	
727.55	5528.8	
727.73	6051.7	
727.91	3718.4	
728.09	3573	
728.28	6078.4	
728.46	6810.2	
728.64	4743.1	
728.82	4655.7	
729	7234.8	
729.18	6397.9	
729.36	3847.5	
729.54	6337.1	
729.72	7501.7	
729.91	5595.1	
730.09	5793.7	
730.27	4485.7	
730.45	5440.1	
730.63	6133	
730.81	5113.1	
730.99	4013.3	
731.17	6754.9	
731.35	5171.8	
731.53	4661.2	
731.71	4205.8	
731.9	6379.4	
732.08	6684.6	
732.26	4544.4	
732.44	4184	
732.62	6608.1	
732.8	6144.6	
732.98	4967.7	
733.16	3913.7	
733.34	6184.9	
733.52	4869.4	
733.7	4534.2	
733.88	4775.9	
734.07	5996.5	
734.25	5702.9	
734.43	3934.8	
734.61	5560.9	
734.79	7341.3	
734.97	5527.5	
735.15	4095.3	
735.33	4423.6	
735.51	6007.4	
735.69	5582.8	
735.87	5636.7	
736.05	4719.9	
736.23	5752.7	
736.41	5552.7	
736.59	4513.7	
736.77	4663.9	
736.95	6280.4	
737.13	5677	
737.32	4145.8	
737.5	4345.8	
737.68	6847.7	
737.86	5584.1	
738.04	3870.7	
738.22	5939.1	
738.4	5307.7	
738.58	5685.8	
738.76	4690.5	
738.94	3463.1	
739.12	5436.7	
739.3	5281.7	
739.48	5231.9	
739.66	4971.8	
739.84	5747.3	
740.02	5714.5	
740.2	3572.3	
740.38	3966.2	
740.56	6242.9	
740.74	4943.8	
740.92	4633.2	
741.1	4598.4	
741.28	5564.3	
741.46	5442.1	
741.64	4245.4	
741.82	4728.1	
742	5599.1	
742.18	5612.8	
742.36	4472.8	
742.54	3965.6	
742.72	6207.4	
742.9	4900.8	
743.08	4815.5	
743.26	3624.2	
743.44	6427.9	
743.62	6238.8	
743.8	5099.4	
743.98	4001.7	
744.16	6050.4	
744.34	5686.5	
744.52	4969.1	
744.7	4945.2	
744.88	6169.8	
745.06	5683.8	
745.24	5053.7	
745.42	5197.7	
745.6	6296.8	
745.78	5961	
745.96	3752.6	
746.14	4162.2	
746.32	7004.1	
746.5	6320.7	
746.68	4786.1	
746.86	4213.4	
747.03	6785.6	
747.21	4934.2	
747.39	4766.3	
747.57	4224.3	
747.75	5839.4	
747.93	6292.7	
748.11	4194.9	
748.29	4050.2	
748.47	7559.1	
748.65	5578	
748.83	4946.5	
749.01	4638.6	
749.19	6038.8	
749.37	5181.4	
749.55	4520.5	
749.73	4677.6	
749.91	5808	
750.09	5490.6	
750.26	4664.6	
750.44	4017.4	
750.62	5763	
750.8	5754.1	
750.98	3926.6	
751.16	4237.2	
751.34	5834	
751.52	5111	
751.7	5137	
751.88	3860.4	
752.06	6335	
752.24	6181.5	
752.42	3773.7	
752.59	4164.2	
752.77	5797.1	
752.95	7071.6	
753.13	5014.1	
753.31	4372.4	
753.49	5446.9	
753.67	6014.9	
753.85	4678.9	
754.03	4235.2	
754.21	6260	
754.38	6675	
754.56	4539	
754.74	3487.7	
754.92	5481.7	
755.1	6356.9	
755.28	3637.2	
755.46	3732.1	
755.64	7239.6	
755.82	7489.4	
755.99	4115.1	
756.17	4334.9	
756.35	4874.8	
756.53	6548.7	
756.71	3176.4	
756.89	4219.5	
757.07	6110.5	
757.25	5164.3	
757.42	4686.4	
757.6	5684.5	
757.78	6109.8	
757.96	4932.2	
758.14	4302.8	
758.32	3815.4	
758.5	4536.3	
758.67	5456.5	
758.85	4105.5	
759.03	4310.3	
759.21	5676.3	
759.39	5076.9	
759.57	3714.3	
759.75	4909	
759.92	6294.1	
760.1	5530.2	
760.28	5279.7	
760.46	5472.2	
760.64	5266.7	
760.82	4988.2	
760.99	5039.4	
761.17	4115.7	
761.35	6124.1	
761.53	4972.5	
761.71	4306.2	
761.89	5023.7	
762.06	5995.8	
762.24	5333.6	
762.42	4307.6	
762.6	4061.1	
762.78	5354.1	
762.96	6043.6	
763.13	4718.5	
763.31	4343.1	
763.49	6225.8	
763.67	5287.2	
763.85	5317.2	
764.02	5791	
764.2	6465.4	
764.38	5602.6	
764.56	4252.9	
764.74	5165	
764.91	6577.4	
765.09	5511.1	
765.27	3900	
765.45	3732.1	
765.63	6732.4	
765.8	6546.7	
765.98	3386.7	
766.16	3783.3	
766.34	5002.5	
766.52	4749.9	
766.69	4809.3	
766.87	3591.5	
767.05	5460.6	
767.23	6326.2	
767.41	3955.3	
767.58	4231.1	
767.76	6131.6	
767.94	6196.5	
768.12	4066.6	
768.29	4951.3	
768.47	5552	
768.65	6331	
768.83	3715.7	
769	5033.2	
769.18	5129.5	
769.36	5912.5	
769.54	4941.7	
769.72	3803.1	
769.89	6157.6	
770.07	6341.2	
770.25	4110.3	
770.43	5505.6	
770.6	7034.8	
770.78	7504.4	
770.96	4343.7	
771.14	5044.8	
771.31	6090	
771.49	5429.2	
771.67	3421.5	
771.85	3741	
772.02	4648.2	
772.2	5516.5	
772.38	4527.4	
772.55	3977.8	
772.73	5784.8	
772.91	5530.9	
773.09	4436.6	
773.26	4496	
773.44	5700.2	
773.62	5384.8	
773.8	3878.9	
773.97	3584.6	
774.15	5856.5	
774.33	5440.8	
774.5	3859.7	
774.68	4202.4	
774.86	6076.3	
775.04	5462.6	
775.21	3889.8	
775.39	3887	
775.57	5737.7	
775.74	6176	
775.92	3753.9	
776.1	3640.6	
776.27	5718.6	
776.45	7006.8	
776.63	3944.4	
776.81	3439.2	
776.98	5302.2	
777.16	6516	
777.34	4067.3	
777.51	4480.3	
777.69	5307	
777.87	5205.9	
778.04	4186	
778.22	4914.4	
778.4	5131.5	
778.57	5891.3	
778.75	3366.9	
778.93	3720.5	
779.1	4945.2	
779.28	4840	
779.46	3420.8	
779.64	3937.6	
779.81	6100.2	
779.99	7094.2	
780.17	4876.2	
780.34	5020.3	
780.52	5453.1	
780.69	5728.9	
780.87	4339.6	
781.05	3860.4	
781.22	5561.6	
781.4	5702.9	
781.58	3997	
781.75	3193.5	
781.93	5632.6	
782.11	4995	
782.28	4956.8	
782.46	4031.8	
782.64	4857.1	
782.81	5782.8	
782.99	4087.1	
783.17	4158.1	
783.34	5679.7	
783.52	4845.5	
783.69	4351.3	
783.87	5184.8	
784.05	4968.4	
784.22	5031.9	
784.4	5174.5	
784.58	4415.4	
784.75	5918.6	
784.93	4997	
785.1	4108.2	
785.28	4770.4	
785.46	5724.8	
785.63	4964.3	
785.81	4098	
785.99	3894.6	
786.16	5163.6	
786.34	5646.9	
786.51	3958.7	
786.69	4407.2	
786.87	4777.2	
787.04	5329.5	
787.22	3777.8	
787.39	4840.7	
787.57	4954.7	
787.75	6226.5	
787.92	5027.8	
788.1	4973.2	
788.27	5079.6	
788.45	4831.8	
788.63	4696.7	
788.8	3284.9	
788.98	5457.8	
789.15	4777.9	
789.33	3420.8	
789.5	4147.1	
789.68	6083.1	
789.86	6143.2	
790.03	4634.6	
790.21	3957.4	
790.38	6033.3	
790.56	5167.7	
790.73	3822.9	
790.91	3896.6	
791.09	5033.9	
791.26	5864	
791.44	4091.8	
791.61	3516.4	
791.79	5031.9	
791.96	5186.8	
792.14	3678.2	
792.32	3207.8	
792.49	5111	
792.67	5222.3	
792.84	3730.7	
793.02	3518.4	
793.19	5514.5	
793.37	6309.1	
793.54	3236.5	
793.72	3564.1	
793.89	6559	
794.07	5187.5	
794.25	4100	
794.42	3302	
794.6	6244.3	
794.77	5945.3	
794.95	4666	
795.12	3924.6	
795.3	5089.2	
795.47	5763	
795.65	4339	
795.82	4184	
796	4918.5	
796.17	6977.4	
796.35	4065.2	
796.52	4780.6	
796.7	5666	
796.87	5877.7	
797.05	5048.2	
797.22	5018.2	
797.4	5698.8	
797.57	6812.2	
797.75	4165.6	
797.92	4126.7	
798.1	6014.9	
798.27	5122.7	
798.45	3320.4	
798.62	3666.5	
798.8	5433.3	
798.97	5999.9	
799.15	4405.2	
799.32	4236.6	
799.5	4648.2	
799.67	5498.8	
799.85	4635.9	
800.02	3258.3	
800.2	5065.3	
800.37	5478.3	
800.55	4750.6	
800.72	3932.8	
800.9	5969.8	
801.07	6411.5	
801.25	5382.7	
801.42	4333.5	
801.6	5997.8	
801.77	5680.4	
801.95	4036.5	
802.12	3789.4	
802.29	5715.9	
802.47	5663.3	
802.64	4285	
802.82	3209.8	
802.99	5006.6	
803.17	6093.4	
803.34	4214.7	
803.52	3794.9	
803.69	6905.8	
803.87	4878.9	
804.04	4184	
804.21	4312.3	
804.39	6221	
804.56	5307	
804.74	3535.5	
804.91	4393.6	
805.09	5115.8	
805.26	5251	
805.44	3579.8	
805.61	3973.7	
805.78	5846.3	
805.96	5876.3	
806.13	4353.3	
806.31	4625	
806.48	4584.7	
806.66	5186.1	
806.83	4284.4	
807	4243.4	
807.18	5067.4	
807.35	5489.2	
807.53	4205.2	
807.7	3321.1	
807.87	6335.7	
808.05	5212.8	
808.22	4735.6	
808.4	3381.2	
808.57	5220.3	
808.74	4767	
808.92	3872.7	
809.09	4958.1	
809.27	5006.6	
809.44	5745.9	
809.61	3400.3	
809.79	3830.4	
809.96	6322.8	
810.14	5984.2	
810.31	3316.3	
810.48	4115.7	
810.66	5298.1	
810.83	6154.8	
811.01	3887	
811.18	4395.6	
811.35	5936.4	
811.53	4585.4	
811.7	4743.8	
811.87	4304.8	
812.05	5147.9	
812.22	5072.1	
812.39	3839.3	
812.57	3579.2	
812.74	5167	
812.92	6972	
813.09	4096.6	
813.26	4463.2	
813.44	6715.3	
813.61	5113.1	
813.78	3373.7	
813.96	4594.3	
814.13	5257.1	
814.3	4804.5	
814.48	4980	
814.65	4046.1	
814.82	6548	
815	4906.9	
815.17	4187.4	
815.34	5158.2	
815.52	5091.9	
815.69	5124.7	
815.87	4179.2	
816.04	3594.9	
816.21	5198.4	
816.38	4536.3	
816.56	3997.6	
816.73	3745.1	
816.9	6618.4	
817.08	5997.8	
817.25	3751.2	
817.42	4796.3	
817.6	4754.7	
817.77	5270.1	
817.94	4291.9	
818.12	3695.9	
818.29	4887.8	
818.46	7846.5	
818.64	3947.1	
818.81	3655.6	
818.98	4778.6	
819.16	7112.6	
819.33	4526	
819.5	4192.9	
819.67	5567.7	
819.85	6232	
820.02	4059.8	
820.19	4397	
820.37	5330.2	
820.54	4969.1	
820.71	4247.5	
820.88	5365	
821.06	5446.2	
821.23	4909.7	
821.4	4296	
821.58	4232.5	
821.75	5937.7	
821.92	5341.8	
822.09	3411.9	
822.27	3531.4	
822.44	5197.7	
822.61	5085.8	
822.79	3417.4	
822.96	6656.6	
823.13	5758.2	
823.3	4919.9	
823.48	3996.3	
823.65	3613.3	
823.82	5928.2	
823.99	4695.3	
824.17	5085.8	
824.34	3665.2	
824.51	6901	
824.68	5252.4	
824.86	3760.1	
825.03	4268	
825.2	5131.5	
825.37	6320.7	
825.55	3772.4	
825.72	4252.9	
825.89	7015.7	
826.06	6452.5	
826.24	4156	
826.41	4147.8	
826.58	6357.6	
826.75	5509.7	
826.92	3188.7	
827.1	3570.3	
827.27	8736.6	
827.44	6926.2	
827.61	3849.5	
827.79	4691.2	
827.96	4905.6	
828.13	5349.3	
828.3	4041.3	
828.47	3474	
828.65	5383.4	
828.82	5345.2	
828.99	5316.5	
829.16	4646.2	
829.34	5765	
829.51	5677	
829.68	4259.8	
829.85	4368.3	
830.02	6118.6	
830.2	5849	
830.37	3302.7	
830.54	5142.4	
830.71	6708.5	
830.88	5182	
831.05	3312.9	
831.23	3842	
831.4	6355.5	
831.57	7230	
831.74	3919.8	
831.91	3409.9	
832.09	5413.5	
832.26	5809.4	
832.43	4104.1	
832.6	4647.5	
832.77	5434.6	
832.94	6234.7	
833.12	3249.4	
833.29	4024.3	
833.46	5035.3	
833.63	7456	
833.8	4450.2	
833.97	4100	
834.15	5842.9	
834.32	5601.2	
834.49	4222.2	
834.66	4360.8	
834.83	6093.4	
835	4862.6	
835.17	3904.1	
835.35	3930.1	
835.52	5724.8	
835.69	5607.3	
835.86	4192.9	
836.03	3393.5	
836.2	5780.7	
836.37	5337.7	
836.55	4017.4	
836.72	3771	
836.89	5355.4	
837.06	6006	
837.23	4169	
837.4	4538.3	
837.57	6613.6	
837.75	7447.8	
837.92	3676.1	
838.09	3942.3	
838.26	5313.1	
838.43	6137.1	
838.6	4289.8	
838.77	3790.1	
838.94	7108.5	
839.11	6698.9	
839.29	4046.1	
839.46	3218	
839.63	5748.6	
839.8	5555.5	
839.97	3942.3	
840.14	3931.4	
840.31	5554.1	
840.48	5859.9	
840.65	3266.5	
840.82	4005.8	
841	5791	
841.17	5770.5	
841.34	3664.5	
841.51	3682.9	
841.68	5722.7	
841.85	5485.1	
842.02	3818.1	
842.19	3093.8	
842.36	5496.7	
842.53	5533.6	
842.7	3635.1	
842.87	4529.4	
843.05	7417.7	
843.22	5455.8	
843.39	3433.8	
843.56	3717.7	
843.73	5212.8	
843.9	5851	
844.07	5935	
844.24	4969.7	
844.41	8679.3	
844.58	5025.7	
844.75	3454.9	
844.92	3857.7	
845.09	5818.3	
845.26	5814.2	
845.43	3549.1	
845.6	3806.5	
845.77	5842.9	
845.94	5539.1	
846.12	4078.9	
846.29	4227	
846.46	5973.2	
846.63	5829.2	
846.8	3611.3	
846.97	4283.7	
847.14	6308.4	
847.31	5709.1	
847.48	4067.3	
847.65	4528.1	
847.82	6105	
847.99	6049.7	
848.16	4813.4	
848.33	4489.1	
848.5	5323.4	
848.67	6324.8	
848.84	3614.7	
849.01	3782.6	
849.18	5161.6	
849.35	4830.5	
849.52	4549.2	
849.69	3570.3	
849.86	5955.5	
850.03	6261.3	
850.2	3620.1	
850.37	4454.3	
850.54	6271.6	
850.71	5438	
850.88	4375.8	
851.05	3571	
851.22	5756.2	
851.39	6356.2	
851.56	3419.4	
851.73	4169	
851.9	5070.1	
852.07	6035.4	
852.24	3979.2	
852.41	3588.7	
852.58	5652.4	
852.75	5180.7	
852.92	4024.3	
853.09	3501.3	
853.26	5369.1	
853.43	6242.9	
853.6	3619.4	
853.77	3007.8	
853.94	6418.3	
854.11	5752.1	
854.28	5396.4	
854.44	3881.6	
854.61	6688	
854.78	6161.7	
854.95	3566.9	
855.12	4627	
855.29	4651.6	
855.46	6619	
855.63	3614.7	
855.8	4996.4	
855.97	5321.3	
856.14	6185.5	
856.31	5130.2	
856.48	3938.9	
856.65	5302.2	
856.82	5042.8	
856.99	3431.7	
857.16	3903.4	
857.33	7122.8	
857.49	5422.3	
857.66	3891.8	
857.83	4185.4	
858	5371.8	
858.17	5626.5	
858.34	3404.4	
858.51	3615.3	
858.68	6536.4	
858.85	6537.8	
859.02	4151.2	
859.19	4473.4	
859.36	5089.2	
859.52	5141.1	
859.69	3626.3	
859.86	4251.6	
860.03	5146.5	
860.2	6402.6	
860.37	3259	
860.54	3624.9	
860.71	5985.5	
860.88	6455.9	
861.05	4009.9	
861.21	4585.4	
861.38	6533.7	
861.55	4941.7	
861.72	3267.2	
861.89	4021.5	
862.06	6088.6	
862.23	6683.2	
862.4	3512.9	
862.56	3713.7	
862.73	5872.9	
862.9	5557.5	
863.07	4265.2	
863.24	3280.2	
863.41	4962.2	
863.58	5058.5	
863.75	3654.9	
863.91	4200.4	
864.08	6466.1	
864.25	5944.6	
864.42	4560.1	
864.59	5031.2	
864.76	6860.7	
864.93	5124.7	
865.09	3501.3	
865.26	3895.2	
865.43	6317.3	
865.6	6736.5	
865.77	3137.5	
865.94	3538.9	
866.1	6376	
866.27	6146.6	
866.44	5481.7	
866.61	3390.1	
866.78	5485.1	
866.95	6027.2	
867.11	3489.7	
867.28	3207.8	
867.45	6143.9	
867.62	5137	
867.79	4178.5	
867.96	3564.1	
868.12	5063.9	
868.29	6107.7	
868.46	3128.6	
868.63	4813.4	
868.8	6275.7	
868.97	6024.4	
869.13	3752.6	
869.3	3713	
869.47	5954.8	
869.64	6183.5	
869.81	3611.3	
869.97	3622.2	
870.14	5834.7	
870.31	6535.1	
870.48	3575.8	
870.65	4558.8	
870.81	5364.3	
870.98	5387.5	
871.15	4077.5	
871.32	3792.2	
871.48	5923.4	
871.65	6591.7	
871.82	3596.2	
871.99	3960.8	
872.16	7074.4	
872.32	6305.7	
872.49	3641.3	
872.66	3625.6	
872.83	6046.3	
872.99	5293.3	
873.16	4167.6	
873.33	3574.4	
873.5	5663.3	
873.67	5655.8	
873.83	3774.4	
874	4874.2	
874.17	5764.3	
874.34	6995.9	
874.5	4692.6	
874.67	4534.9	
874.84	6546	
875.01	5104.9	
875.17	5141.8	
875.34	3576.4	
875.51	5709.1	
875.68	6900.3	
875.84	4379.9	
876.01	5353.4	
876.18	5980.8	
876.34	5945.3	
876.51	3596.9	
876.68	3548.4	
876.85	5500.8	
877.01	6328.2	
877.18	5109.7	
877.35	3608.5	
877.52	5543.2	
877.68	5023.7	
877.85	3530	
878.02	3581.2	
878.18	5563.6	
878.35	5208.7	
878.52	2871.3	
878.69	4063.2	
878.85	5995.1	
879.02	5986.2	
879.19	5138.4	
879.35	3926.6	
879.52	6068.1	
879.69	6254.5	
879.86	3097.2	
880.02	4040	
880.19	5523.4	
880.36	6853.9	
880.52	4145.8	
880.69	4275.5	
880.86	6160.3	
881.02	6115.2	
881.19	3998.3	
881.36	3938.9	
881.52	5996.5	
881.69	5272.8	
881.86	3848.8	
882.02	3803.1	
882.19	6292	
882.36	7421.8	
882.52	3614	
882.69	5021.6	
882.86	5767.1	
883.02	5658.5	
883.19	4388.8	
883.36	4216.8	
883.52	6084.5	
883.69	7032.7	
883.86	3667.9	
884.02	3230.3	
884.19	6006.7	
884.36	5569.1	
884.52	4072.7	
884.69	3774.4	
884.86	5319.9	
885.02	6707.8	
885.19	4093.2	
885.36	4154.6	
885.52	5606	
885.69	5752.1	
885.86	5212.1	
886.02	4601.1	
886.19	6112.5	
886.35	5464.7	
886.52	4055.7	
886.69	5031.2	
886.85	5104.9	
887.02	6498.2	
887.19	6498.2	
887.35	6498.2	
887.52	6498.2	
887.68	6498.2	
887.85	6498.2	
888.02	6498.2	
888.18	6498.2	
888.35	6498.2	
888.51	6498.2	
888.68	6498.2	
888.85	6498.2	
889.01	6498.2	
889.18	6498.2	
889.35	6498.2	
889.51	6498.2	
889.68	6498.2	
889.84	6498.2	
890.01	6498.2	
890.17	6498.2	
890.34	6498.2	
890.51	6498.2	
890.67	6498.2	
890.84	6498.2	
891	6498.2	
891.17	6498.2	
891.34	6498.2	
891.5	6498.2	
891.67	6498.2	
891.83	6498.2	
892	6498.2	
892.16	6498.2	
892.33	6498.2	
892.5	6498.2	
892.66	6498.2	
892.83	6498.2	
892.99	6498.2	
893.16	6498.2	
893.32	6498.2	
893.49	6498.2	
893.65	6498.2	
893.82	6498.2	
893.99	6498.2	
894.15	6498.2	
894.32	6498.2	
894.48	6498.2	
894.65	6498.2	
894.81	6498.2	
894.98	6498.2	
895.14	6498.2	
895.31	6498.2	
895.47	6498.2	
895.64	6498.2	
895.81	6498.2	
895.97	6498.2	
896.14	6498.2	
896.3	6498.2	
896.47	6498.2	
896.63	6498.2	
896.8	6498.2	
896.96	6498.2	
897.13	6498.2	
897.29	6498.2	
897.46	6498.2	
897.62	6498.2	
897.79	6498.2	
897.95	6498.2	
898.12	6498.2	
898.28	6498.2	
898.45	6498.2	
898.61	6498.2	
898.78	6498.2	
898.94	6498.2	
899.11	6498.2	
899.27	6498.2	
899.44	6498.2	
899.6	6498.2	
899.77	6498.2	
899.93	6498.2	
900.1	6498.2	
900.26	6498.2	
900.43	6498.2	
900.59	6498.2	
900.76	6498.2	
900.92	6498.2	
901.09	6498.2	
901.25	6498.2	
901.42	6498.2	
901.58	6498.2	
901.75	6498.2	
901.91	6498.2	
902.07	6498.2	
902.24	6498.2	
902.4	6498.2	
902.57	6498.2	
902.73	6498.2	
902.9	6498.2	
903.06	6498.2	
903.23	6498.2	
903.39	6498.2	
903.56	6498.2	
903.72	6498.2	
903.88	6498.2	
904.05	6498.2	
904.21	6498.2	
904.38	6498.2	
904.54	6498.2	
904.71	6498.2	
904.87	6498.2	
905.03	6498.2	
905.2	6498.2	
905.36	6498.2	
905.53	6498.2	
905.69	6498.2	
905.86	6498.2	
906.02	6498.2	
906.18	6498.2	
906.35	6498.2	
906.51	6498.2	
906.68	6498.2	
906.84	6498.2	
907.01	6498.2	
907.17	6498.2	
907.33	6498.2	
907.5	6498.2	
907.66	6498.2	
907.83	6498.2	
907.99	6498.2	
908.15	6498.2	
908.32	6498.2	
908.48	6498.2	
908.65	6498.2	
908.81	6498.2	
908.97	6498.2	
909.14	6498.2	
909.3	6498.2	
909.47	6498.2	
909.63	6498.2	
909.79	6498.2	
909.96	6498.2	
910.12	6498.2	
910.28	6498.2	
910.45	6498.2	
910.61	6498.2	
910.78	6498.2	
910.94	6498.2	
911.1	6498.2	
911.27	6498.2	
911.43	6498.2	
911.59	6498.2	
911.76	6498.2	
911.92	6498.2	
912.08	6498.2	
912.25	6498.2	
912.41	6498.2	
912.57	6498.2	
912.74	6498.2	
912.9	6498.2	
913.07	6498.2	
913.23	6498.2	
913.39	6498.2	
913.56	6498.2	
913.72	6498.2	
913.88	6498.2	
914.05	6498.2	
914.21	6498.2	
914.37	6498.2	
914.54	6498.2	
914.7	6498.2	
914.86	6498.2	
915.03	6498.2	
915.19	6498.2	
