Wavelength	Intensities	
nm	a.u.	
179.22	1640.6	
179.44	1647.6	
179.65	1633.6	
179.86	1661.6	
180.08	1669.8	
180.29	3752.6	
180.51	2957.3	
180.72	4855.1	
180.94	5431.2	
181.15	2606.4	
181.37	2678.7	
181.58	4669.4	
181.79	4823.6	
182.01	2766.1	
182.22	2920.4	
182.44	4870.8	
182.65	4261.1	
182.87	3461.1	
183.08	3143.6	
183.29	5100.8	
183.51	4312.3	
183.72	2844.6	
183.94	3910.3	
184.15	4628.4	
184.37	4519.9	
184.58	2575	
184.79	3254.2	
185.01	4339.6	
185.22	4926.7	
185.44	3484.3	
185.65	3067.2	
185.86	4627	
186.08	4224.3	
186.29	2545.6	
186.51	2688.3	
186.72	4389.5	
186.94	4940.4	
187.15	3097.9	
187.36	3089	
187.58	6120	
187.79	4681	
188.01	3186	
188.22	4741.7	
188.43	5438.7	
188.65	4821.6	
188.86	2756.6	
189.08	3147.7	
189.29	4442	
189.5	4414.7	
189.72	2832.3	
189.93	3005.7	
190.15	5004.6	
190.36	5732.3	
190.57	3181.9	
190.79	3059.7	
191	5028.4	
191.22	4988.9	
191.43	3175	
191.64	2792.7	
191.86	5165	
192.07	5067.4	
192.29	2786.6	
192.5	2863.7	
192.71	4982	
192.93	4450.2	
193.14	2859	
193.35	2987.3	
193.57	4468.7	
193.78	4995.7	
194	2415.9	
194.21	2828.9	
194.42	4283.7	
194.64	4562.2	
194.85	3078.8	
195.07	3564.8	
195.28	4584	
195.49	4127.3	
195.71	3642	
195.92	2774.3	
196.13	4728.1	
196.35	4779.3	
196.56	3914.4	
196.78	3162.1	
196.99	5799.2	
197.2	5347.2	
197.42	3448.1	
197.63	3145	
197.84	4226.3	
198.06	4764.9	
198.27	2912.2	
198.48	3691.1	
198.7	4417.5	
198.91	4607.9	
199.13	3160.7	
199.34	3162.7	
199.55	5038.7	
199.77	4063.9	
199.98	2801.6	
200.19	3146.4	
200.41	4595.6	
200.62	4341.7	
200.83	3192.1	
201.05	3426.3	
201.26	4573.1	
201.47	4377.2	
201.69	2821.4	
201.9	2747.7	
202.11	4615.4	
202.33	5251.7	
202.54	2977.7	
202.76	3294.5	
202.97	4627.7	
203.18	4760.2	
203.4	3233.1	
203.61	3273.3	
203.82	4650.9	
204.04	4355.3	
204.25	3113.6	
204.46	3048.7	
204.68	4625	
204.89	4773.1	
205.1	3044.6	
205.32	2714.2	
205.53	4847.5	
205.74	5020.9	
205.96	2409.8	
206.17	3160	
206.38	4825.7	
206.6	4947.9	
206.81	3545	
207.02	2955.2	
207.24	4807.9	
207.45	5001.8	
207.66	2988	
207.88	2665.1	
208.09	4720.6	
208.3	4605.2	
208.52	2829.6	
208.73	3050.8	
208.94	4647.5	
209.15	5043.5	
209.37	2996.9	
209.58	3093.8	
209.79	5007.3	
210.01	4475.5	
210.22	2539.5	
210.43	2613.2	
210.65	4540.3	
210.86	4817.5	
211.07	2994.8	
211.29	2814.6	
211.5	4748.6	
211.71	4536.9	
211.93	2822.1	
212.14	2781.8	
212.35	4563.6	
212.56	4628.4	
212.78	3140.9	
212.99	2643.2	
213.2	5212.1	
213.42	4468.7	
213.63	2931.3	
213.84	3045.3	
214.06	4167.6	
214.27	4255.7	
214.48	2960.7	
214.69	3163.4	
214.91	5051.7	
215.12	5122.7	
215.33	3145	
215.55	3426.3	
215.76	5458.5	
215.97	4846.9	
216.18	3057.6	
216.4	3082.2	
216.61	4339	
216.82	4903.5	
217.04	2848.7	
217.25	2900.6	
217.46	5036.6	
217.67	4874.2	
217.89	2565.4	
218.1	2663.7	
218.31	4668.7	
218.53	4808.6	
218.74	2955.9	
218.95	2863.7	
219.16	4620.2	
219.38	5180.7	
219.59	2867.2	
219.8	3340.2	
220.01	5540.4	
220.23	4683.7	
220.44	3536.8	
220.65	2768.9	
220.87	4685.1	
221.08	5039.4	
221.29	2650.1	
221.5	3366.2	
221.72	5846.3	
221.93	4346.5	
222.14	3163.4	
222.35	3716.4	
222.57	4552.6	
222.78	4904.9	
222.99	3024.2	
223.2	3158.7	
223.42	4811.4	
223.63	4870.1	
223.84	2392.7	
224.05	2425.5	
224.27	5534.3	
224.48	5170.4	
224.69	3644.7	
224.9	3196.2	
225.12	4732.2	
225.33	4569.7	
225.54	2598.9	
225.75	2815.3	
225.97	4321.9	
226.18	4542.4	
226.39	2972.3	
226.6	2822.8	
226.82	4420.2	
227.03	4330.1	
227.24	3162.7	
227.45	2731.3	
227.67	4951.3	
227.88	5142.4	
228.09	3478.1	
228.3	3427.6	
228.52	4845.5	
228.73	4535.6	
228.94	2950.4	
229.15	2671.9	
229.36	4604.5	
229.58	4573.1	
229.79	2956.6	
230	3394.2	
230.21	5407.3	
230.43	4595	
230.64	3121.1	
230.85	3146.4	
231.06	4898.1	
231.28	4920.6	
231.49	2615.9	
231.7	3029.6	
231.91	4855.7	
232.12	4597.7	
232.34	2739.5	
232.55	3020.8	
232.76	5005.2	
232.97	4681	
233.18	2813.2	
233.4	3094.5	
233.61	4728.1	
233.82	4495.3	
234.03	2945.7	
234.25	2898.6	
234.46	5950	
234.67	4661.2	
234.88	3210.5	
235.09	2838.5	
235.31	4777.2	
235.52	4556.7	
235.73	3087.7	
235.94	2685.6	
236.15	4387.4	
236.37	5345.2	
236.58	2747	
236.79	2967.5	
237	4847.5	
237.21	4249.5	
237.43	3209.8	
237.64	2598.9	
237.85	7409.6	
238.06	4285	
238.27	3191.4	
238.48	2710.1	
238.7	4890.5	
238.91	4536.3	
239.12	2949.1	
239.33	3119.1	
239.54	4306.9	
239.76	4498	
239.97	3013.9	
240.18	2994.1	
240.39	5382.1	
240.6	4684.4	
240.82	3186	
241.03	2629.6	
241.24	4558.1	
241.45	5186.8	
241.66	2834.4	
241.87	3224.2	
242.09	5125.4	
242.3	5277.6	
242.51	3288.4	
242.72	3008.5	
242.93	4881.7	
243.14	4546.5	
243.36	3413.3	
243.57	3657	
243.78	5175.2	
243.99	4807.3	
244.2	2983.9	
244.41	2767.5	
244.63	4231.1	
244.84	4780.6	
245.05	3218.7	
245.26	3000.3	
245.47	4852.3	
245.68	4943.1	
245.9	3831.7	
246.11	3125.2	
246.32	4434.5	
246.53	4752	
246.74	4638.6	
246.95	2610.5	
247.16	4351.9	
247.38	4556	
247.59	2632.3	
247.8	3068.5	
248.01	4308.9	
248.22	4558.8	
248.43	2783.2	
248.64	2988	
248.86	4278.9	
249.07	4429.8	
249.28	2781.8	
249.49	3123.8	
249.7	4959.5	
249.91	5061.2	
250.12	2649.4	
250.34	2592	
250.55	4714.4	
250.76	4581.3	
250.97	3124.5	
251.18	3121.8	
251.39	5024.3	
251.6	4708.3	
251.81	3134.8	
252.03	3122.5	
252.24	4377.9	
252.45	4922.6	
252.66	2708.1	
252.87	3217.4	
253.08	4617.5	
253.29	5675.6	
253.5	2742.2	
253.72	3596.9	
253.93	4527.4	
254.14	5281.7	
254.35	2914.9	
254.56	2951.8	
254.77	4724	
254.98	4303.5	
255.19	2882.2	
255.41	3488.4	
255.62	4726	
255.83	4995	
256.04	3203	
256.25	3084.2	
256.46	5459.2	
256.67	4384.7	
256.88	3108.8	
257.09	3368.2	
257.31	4259.8	
257.52	4357.4	
257.73	3828.3	
257.94	2864.4	
258.15	4577.2	
258.36	4571.1	
258.57	3504.8	
258.78	2381.1	
258.99	4986.8	
259.2	4457.7	
259.41	2924.5	
259.63	2979.1	
259.84	5158.2	
260.05	5377.3	
260.26	3663.8	
260.47	2828.2	
260.68	5022.3	
260.89	4541.7	
261.1	3421.5	
261.31	2817.3	
261.52	5118.6	
261.73	5261.2	
261.95	3669.3	
262.16	3203.7	
262.37	5079.6	
262.58	5150	
262.79	3619.4	
263	2919.7	
263.21	4686.4	
263.42	4183.3	
263.63	3195.5	
263.84	2915.6	
264.05	4974.5	
264.26	5164.3	
264.47	3489.1	
264.69	3197.6	
264.9	5151.3	
265.11	4692.6	
265.32	2849.4	
265.53	2860.3	
265.74	4685.8	
265.95	4177.9	
266.16	3069.9	
266.37	3261.7	
266.58	4741.7	
266.79	4422.2	
267	2864.4	
267.21	2735.4	
267.42	4306.2	
267.63	4577.2	
267.84	3016.7	
268.06	2683.5	
268.27	4897.4	
268.48	5031.9	
268.69	3003.7	
268.9	3423.5	
269.11	5084.4	
269.32	4208.6	
269.53	3015.3	
269.74	2822.1	
269.95	4773.8	
270.16	4175.1	
270.37	3016	
270.58	3426.3	
270.79	4459.1	
271	4956.8	
271.21	3217.4	
271.42	3096.5	
271.63	4728.8	
271.84	4225.6	
272.05	2555.9	
272.26	2789.3	
272.47	4588.8	
272.68	4724.7	
272.89	2949.8	
273.11	3305.4	
273.32	4390.2	
273.53	5225.7	
273.74	3232.4	
273.95	3159.3	
274.16	4965.6	
274.37	4609.3	
274.58	3334.8	
274.79	2727.9	
275	4771.1	
275.21	5014.1	
275.42	3837.2	
275.63	3309.5	
275.84	4789.5	
276.05	5730.9	
276.26	3165.5	
276.47	3046	
276.68	4547.2	
276.89	5305.6	
277.1	3338.2	
277.31	2656.2	
277.52	4773.8	
277.73	4990.9	
277.94	2692.4	
278.15	2937.5	
278.36	4776.5	
278.57	4349.9	
278.78	2949.8	
278.99	3263.1	
279.2	4398.4	
279.41	4295.3	
279.62	3717.7	
279.83	2697.2	
280.04	5403.2	
280.25	4314.4	
280.46	3694.5	
280.67	3058.3	
280.88	4346.5	
281.09	5076.9	
281.3	3129.3	
281.51	3882.3	
281.72	4405.9	
281.93	4920.6	
282.14	2893.1	
282.35	3065.1	
282.56	5010.7	
282.77	4859.8	
282.98	2981.2	
283.19	3493.8	
283.4	5865.4	
283.61	4569	
283.82	2772.9	
284.03	3590.1	
284.24	4732.9	
284.45	4992.9	
284.66	3734.1	
284.87	3467.9	
285.08	4996.4	
285.29	5128.8	
285.5	2647.3	
285.71	2955.2	
285.92	4936.3	
286.12	5419.6	
286.33	3604.4	
286.54	2945	
286.75	4865.3	
286.96	4515.8	
287.17	2799.6	
287.38	3508.2	
287.59	4409.3	
287.8	4444.1	
288.01	2987.3	
288.22	3235.8	
288.43	4823.6	
288.64	4188.8	
288.85	3432.4	
289.06	3270.6	
289.27	4959.5	
289.48	5197.7	
289.69	3639.2	
289.9	3380.5	
290.11	5137.7	
290.32	4427	
290.53	3535.5	
290.74	3235.1	
290.94	4906.3	
291.15	4899.4	
291.36	2895.1	
291.57	3334.8	
291.78	4485.7	
291.99	4194.9	
292.2	2806.4	
292.41	3235.1	
292.62	4986.8	
292.83	4807.3	
293.04	3944.4	
293.25	2848.7	
293.46	4481.6	
293.67	5040.1	
293.88	2831	
294.09	2824.1	
294.29	4326.7	
294.5	4680.3	
294.71	3051.5	
294.92	2876	
295.13	4478.9	
295.34	5449.6	
295.55	2600.2	
295.76	2578.4	
295.97	4876.2	
296.18	5376.6	
296.39	2736.8	
296.6	2820.7	
296.81	4658.4	
297.01	4896.7	
297.22	2993.4	
297.43	2873.3	
297.64	4454.3	
297.85	4332.8	
298.06	2434.4	
298.27	2635.7	
298.48	4559.5	
298.69	4354.7	
298.9	3106.8	
299.11	2832.3	
299.31	4299.4	
299.52	4283.7	
299.73	3234.4	
299.94	3154.6	
300.15	4635.9	
300.36	4392.9	
300.57	3193.5	
300.78	3147	
300.99	4493.2	
301.2	4633.2	
301.4	2908.1	
301.61	3071.3	
301.82	4825.7	
302.03	4913.8	
302.24	3407.8	
302.45	2714.9	
302.66	4836.6	
302.87	4998.4	
303.08	2874	
303.29	3712.3	
303.49	4483	
303.7	4569.7	
303.91	2610.5	
304.12	3540.3	
304.33	4192.2	
304.54	4696.7	
304.75	2900.6	
304.96	2791.4	
305.16	4806.6	
305.37	5300.8	
305.58	2626.2	
305.79	2646.7	
306	4823.6	
306.21	4158.1	
306.42	2887.6	
306.63	4132.1	
306.83	4486.4	
307.04	4874.2	
307.25	3104.7	
307.46	3069.2	
307.67	4070	
307.88	4852.3	
308.09	2887.6	
308.29	2908.8	
308.5	4612.7	
308.71	4971.1	
308.92	3035.1	
309.13	2734	
309.34	4573.8	
309.55	4538.3	
309.75	3511.6	
309.96	3190.1	
310.17	4915.8	
310.38	4401.8	
310.59	3299.3	
310.8	2738.1	
311.01	5294.7	
311.21	4584.7	
311.42	2799.6	
311.63	2834.4	
311.84	4431.8	
312.05	4661.9	
312.26	3142.3	
312.46	3405.1	
312.67	4493.2	
312.88	4311.7	
313.09	2764.8	
313.3	2700.6	
313.51	5096	
313.71	5348.6	
313.92	2779.8	
314.13	2929.3	
314.34	4756.7	
314.55	4587.4	
314.76	3445.4	
314.96	3045.3	
315.17	4742.4	
315.38	4746.5	
315.59	2824.8	
315.8	2739.5	
316.01	5130.8	
316.21	5224.4	
316.42	2779.1	
316.63	3041.2	
316.84	4489.1	
317.05	4999.8	
317.26	3263.1	
317.46	2960.7	
317.67	4607.9	
317.88	4889.2	
318.09	3449.5	
318.3	2620	
318.5	4506.9	
318.71	4759.5	
318.92	4203.1	
319.13	3224.9	
319.34	4992.3	
319.54	5010	
319.75	2652.1	
319.96	2543.6	
320.17	4752	
320.38	4946.5	
320.58	2592.7	
320.79	2992.8	
321	5001.8	
321.21	5029.8	
321.42	3062.4	
321.62	2625.5	
321.83	4345.1	
322.04	4605.2	
322.25	2952.5	
322.46	2796.8	
322.66	4702.8	
322.87	4851.6	
323.08	3336.8	
323.29	2706	
323.5	5278.3	
323.7	4280.3	
323.91	3643.3	
324.12	3283.6	
324.33	4691.9	
324.53	4856.4	
324.74	3194.1	
324.95	3337.5	
325.16	4272.7	
325.37	4513	
325.57	2751.8	
325.78	2867.8	
325.99	4688.5	
326.2	4265.2	
326.4	3855.6	
326.61	2605	
326.82	4539.7	
327.03	4687.1	
327.24	3768.9	
327.44	3541.6	
327.65	4819.6	
327.86	4025.6	
328.07	3207.1	
328.27	2746.3	
328.48	5132.2	
328.69	4286.4	
328.9	3831.7	
329.1	2960.7	
329.31	4556	
329.52	5171.1	
329.73	2895.1	
329.93	3024.2	
330.14	4655	
330.35	4721.9	
330.56	4298.7	
330.76	3351.8	
330.97	4476.2	
331.18	4667.3	
331.39	3067.9	
331.59	2556.5	
331.8	4988.2	
332.01	5066	
332.22	2852.1	
332.42	3168.9	
332.63	4743.1	
332.84	4317.1	
333.05	3107.5	
333.25	2832.3	
333.46	4369	
333.67	4614.1	
333.88	2949.8	
334.08	3129.3	
334.29	5844.9	
334.5	4981.3	
334.7	2721.1	
334.91	3786	
335.12	4245.4	
335.33	4823.6	
335.53	3080.8	
335.74	4245.4	
335.95	4506.2	
336.16	4240.7	
336.36	3089.7	
336.57	3504.8	
336.78	4233.2	
336.98	4924	
337.19	3710.2	
337.4	3005.1	
337.61	5412.8	
337.81	4266.6	
338.02	2893.8	
338.23	3510.2	
338.43	5147.9	
338.64	4411.3	
338.85	2789.3	
339.05	3575.8	
339.26	5200.5	
339.47	4211.3	
339.68	2831.7	
339.88	3898.6	
340.09	4834.6	
340.3	4911.7	
340.5	3244.7	
340.71	2564.7	
340.92	4285	
341.13	5059.8	
341.33	2663	
341.54	3151.8	
341.75	4713.1	
341.95	4418.2	
342.16	3070.6	
342.37	3239.2	
342.57	4283.7	
342.78	4514.4	
342.99	3357.3	
343.19	2541.5	
343.4	4906.3	
343.61	4749.9	
343.81	2965.5	
344.02	2742.2	
344.23	4860.5	
344.43	5091.9	
344.64	3392.8	
344.85	3291.8	
345.06	4879.6	
345.26	4978.6	
345.47	3202.3	
345.68	3686.3	
345.88	4202.4	
346.09	4928.8	
346.3	3282.2	
346.5	2482.1	
346.71	4579.9	
346.92	4379.2	
347.12	2695.1	
347.33	3199.6	
347.54	4928.1	
347.74	5178.6	
347.95	3174.4	
348.16	2456.9	
348.36	4455.7	
348.57	4347.8	
348.78	3218.7	
348.98	3315.7	
349.19	4584	
349.39	4176.5	
349.6	2653.5	
349.81	2846.7	
350.01	4804.5	
350.22	4358.1	
350.43	3098.6	
350.63	3605.8	
350.84	4600.4	
351.05	4349.2	
351.25	2831	
351.46	2603.7	
351.67	4886.5	
351.87	4317.8	
352.08	3020.8	
352.29	3289.7	
352.49	4863.2	
352.7	4653.7	
352.9	2693.8	
353.11	3297.2	
353.32	5352.7	
353.52	4454.3	
353.73	2755.2	
353.94	3366.2	
354.14	4788.2	
354.35	4642.1	
354.55	2780.5	
354.76	3095.8	
354.97	4769	
355.17	4513.7	
355.38	2714.2	
355.59	3534.8	
355.79	4360.8	
356	4515.1	
356.2	3024.2	
356.41	2710.8	
356.62	4278.2	
356.82	4590.9	
357.03	3260.4	
357.24	2933.4	
357.44	4367.6	
357.65	4511	
357.85	3813.3	
358.06	3104.7	
358.27	4109.6	
358.47	4254.3	
358.68	2661.7	
358.88	3237.2	
359.09	4718.5	
359.3	4939	
359.5	3680.9	
359.71	3303.4	
359.91	5304.2	
360.12	4768.4	
360.33	3221.5	
360.53	3589.4	
360.74	4451.6	
360.94	4429.8	
361.15	3361.4	
361.36	2841.2	
361.56	4938.3	
361.77	4585.4	
361.97	3741	
362.18	3009.1	
362.38	4958.1	
362.59	4276.8	
362.8	2818.7	
363	2699.2	
363.21	4144.4	
363.41	4556.7	
363.62	3129.3	
363.83	3799	
364.03	4756.7	
364.24	5255.8	
364.44	3916.4	
364.65	3852.2	
364.85	4497.3	
365.06	4319.8	
365.27	2945.7	
365.47	3001.6	
365.68	5164.3	
365.88	4534.2	
366.09	3251.5	
366.29	3024.8	
366.5	4655	
366.71	4960.9	
366.91	3868.6	
367.12	3325.2	
367.32	5365.7	
367.53	4805.9	
367.73	3400.3	
367.94	4001	
368.14	4949.9	
368.35	5337	
368.56	3254.9	
368.76	3054.9	
368.97	4996.4	
369.17	6010.1	
369.38	2928.6	
369.58	3139.5	
369.79	4195.6	
369.99	5229.1	
370.2	3824.2	
370.4	3188	
370.61	4693.9	
370.82	5667.4	
371.02	3155.2	
371.23	2695.8	
371.43	4281.6	
371.64	5128.1	
371.84	3209.2	
372.05	3894.6	
372.25	5896.1	
372.46	4900.1	
372.66	3135.4	
372.87	3162.7	
373.07	4891.2	
373.28	5978.7	
373.48	3855	
373.69	3625.6	
373.9	4630.5	
374.1	4640.7	
374.31	3773.7	
374.51	3487	
374.72	5140.4	
374.92	4433.9	
375.13	3900.7	
375.33	3372.3	
375.54	4876.9	
375.74	4528.7	
375.95	3501.3	
376.15	4285	
376.36	4988.2	
376.56	4793.6	
376.77	3476.1	
376.97	3773	
377.18	5721.3	
377.38	5018.2	
377.59	3913	
377.79	3175	
378	4853.7	
378.2	5056.4	
378.41	3195.5	
378.61	3178.4	
378.82	5167	
379.02	4594.3	
379.23	3311.6	
379.43	4027.7	
379.64	5323.4	
379.84	4991.6	
380.05	3196.9	
380.25	3149.1	
380.46	5099.4	
380.66	4795	
380.87	4149.9	
381.07	4310.3	
381.28	5432.6	
381.48	5005.9	
381.69	3241.3	
381.89	3245.3	
382.1	4253.6	
382.3	5102.2	
382.51	3933.5	
382.71	4581.3	
382.91	4973.8	
383.12	5374.6	
383.32	3490.4	
383.53	3547.1	
383.73	4922.6	
383.94	4815.5	
384.14	3590.1	
384.35	2955.9	
384.55	4713.1	
384.76	4940.4	
384.96	3480.9	
385.17	3654.9	
385.37	5008.6	
385.58	4440	
385.78	3635.8	
385.98	2904.7	
386.19	4650.3	
386.39	4956.8	
386.6	3358.7	
386.8	3442	
387.01	5059.8	
387.21	5051	
387.42	3656.3	
387.62	4052.2	
387.83	4601.1	
388.03	4831.2	
388.23	3481.5	
388.44	3964.9	
388.64	4453.6	
388.85	4448.2	
389.05	3727.3	
389.26	4033.8	
389.46	5860.6	
389.67	5393.7	
389.87	3715.7	
390.07	3691.1	
390.28	4773.1	
390.48	4500.1	
390.69	3209.2	
390.89	3411.9	
391.1	4643.4	
391.3	5235.3	
391.5	4171	
391.71	4599.7	
391.91	5145.2	
392.12	5666	
392.32	4348.5	
392.53	3648.1	
392.73	4672.8	
392.93	4762.9	
393.14	3506.8	
393.34	4005.8	
393.55	5113.8	
393.75	4812	
393.95	3505.4	
394.16	3523.2	
394.36	4687.8	
394.57	5060.5	
394.77	3162.1	
394.98	3364.8	
395.18	4610.7	
395.38	4691.2	
395.59	4061.8	
395.79	3398.9	
396	4753.3	
396.2	5106.3	
396.4	3930.1	
396.61	3859.7	
396.81	5137	
397.02	4650.9	
397.22	4085	
397.42	4063.2	
397.63	5229.8	
397.83	4698.7	
398.04	3364.8	
398.24	3695.2	
398.44	5069.4	
398.65	4349.2	
398.85	3246	
399.05	3319.1	
399.26	4747.9	
399.46	5824.4	
399.67	3627	
399.87	3429	
400.07	4960.2	
400.28	5122	
400.48	3469.3	
400.69	4192.9	
400.89	5265.3	
401.09	5664	
401.3	3430.3	
401.5	4102.1	
401.7	5739.1	
401.91	5951.4	
402.11	3736.2	
402.32	3823.6	
402.52	5388.2	
402.72	5274.2	
402.93	3964.2	
403.13	3140.9	
403.33	5859.2	
403.54	4904.9	
403.74	3694.5	
403.94	4325.3	
404.15	4978.6	
404.35	5792.3	
404.56	3537.5	
404.76	4758.1	
404.96	5333.6	
405.17	5221	
405.37	4401.1	
405.57	3966.2	
405.78	5386.2	
405.98	4972.5	
406.18	3627.6	
406.39	4113	
406.59	5319.9	
406.79	4891.9	
407	3461.1	
407.2	3532.1	
407.4	5603.9	
407.61	5471.5	
407.81	3582.6	
408.01	5138.4	
408.22	4616.1	
408.42	6046.3	
408.62	4403.8	
408.83	3979.2	
409.03	5086.5	
409.23	5025.7	
409.44	4055.7	
409.64	4240	
409.84	5807.4	
410.05	5726.1	
410.25	4218.1	
410.45	4022.9	
410.66	5485.1	
410.86	7103	
411.06	4356.7	
411.27	4238.6	
411.47	6970.6	
411.67	5586.2	
411.88	4390.2	
412.08	4565.6	
412.28	5955.5	
412.49	6308.4	
412.69	4278.9	
412.89	4315.8	
413.09	6263.4	
413.3	6183.5	
413.5	4431.8	
413.7	4138.3	
413.91	5611.4	
414.11	6238.8	
414.31	4317.1	
414.52	4588.8	
414.72	6032	
414.92	5951.4	
415.12	4309.6	
415.33	4654.4	
415.53	6191	
415.73	6346.7	
415.94	4837.3	
416.14	4390.8	
416.34	5629.2	
416.55	5390.3	
416.75	5272.8	
416.95	4947.9	
417.15	6329.6	
417.36	6745.3	
417.56	5485.8	
417.76	4769	
417.97	6470.9	
418.17	6337.8	
418.37	4637.3	
418.57	4560.1	
418.78	6288.6	
418.98	5983.5	
419.18	5141.8	
419.38	5055.8	
419.59	5898.8	
419.79	5674.2	
419.99	4559.5	
420.2	4691.2	
420.4	6319.3	
420.6	6376	
420.8	4419.5	
421.01	4296.6	
421.21	6201.2	
421.41	6227.2	
421.61	4670.7	
421.82	4554.7	
422.02	5922.7	
422.22	6534.4	
422.42	4987.5	
422.63	4793.6	
422.83	5882.4	
423.03	6819.7	
423.23	4871.4	
423.44	4094.6	
423.64	5962.3	
423.84	5739.8	
424.04	4476.2	
424.25	4163.5	
424.45	6600.6	
424.65	6476.4	
424.85	4108.2	
425.06	4456.4	
425.26	6703	
425.46	5870.2	
425.66	4781.3	
425.87	4519.9	
426.07	6349.4	
426.27	6195.1	
426.47	4653.7	
426.67	4220.2	
426.88	6662.7	
427.08	6259.3	
427.28	4855.1	
427.48	4222.9	
427.69	5551.4	
427.89	5873.6	
428.09	4715.1	
428.29	4149.2	
428.5	6338.5	
428.7	6148.7	
428.9	4170.3	
429.1	4519.2	
429.3	6099.5	
429.51	6277.7	
429.71	4394.9	
429.91	4951.3	
430.11	6367.1	
430.31	6404	
430.52	4566.3	
430.72	4729.4	
430.92	6657.9	
431.12	6206.7	
431.32	4289.8	
431.53	4647.5	
431.73	5594.4	
431.93	6678.4	
432.13	4313	
432.33	4268	
432.54	5967.1	
432.74	6112.5	
432.94	4218.1	
433.14	4945.2	
433.34	6412.2	
433.55	6053.1	
433.75	4852.3	
433.95	6058.6	
434.15	6190.3	
434.35	5974.6	
434.56	4442	
434.76	4091.8	
434.96	6111.1	
435.16	6343.2	
435.36	4317.1	
435.56	5072.1	
435.77	5942.5	
435.97	6102.3	
436.17	5606.7	
436.37	5068	
436.57	5964.4	
436.78	5964.4	
436.98	6112.5	
437.18	5433.3	
437.38	6405.4	
437.58	5969.1	
437.78	5569.1	
437.99	4635.2	
438.19	6468.9	
438.39	6946	
438.59	4625.7	
438.79	4141.7	
438.99	6808.1	
439.2	6041.5	
439.4	4285.7	
439.6	4274.8	
439.8	6257.2	
440	6959.7	
440.2	5080.3	
440.4	5158.2	
440.61	6644.3	
440.81	6901	
441.01	4489.1	
441.21	5094	
441.41	7019.8	
441.61	6582.2	
441.81	5359.5	
442.02	5920	
442.22	7210.9	
442.42	6761.7	
442.62	4681	
442.82	4685.8	
443.02	6984.3	
443.22	6407.4	
443.43	5005.2	
443.63	4615.4	
443.83	6262	
444.03	6244.9	
444.23	5438.7	
444.43	5184.1	
444.63	6531.7	
444.83	7273.7	
445.04	4775.9	
445.24	5580	
445.44	6713.2	
445.64	6746	
445.84	5241.4	
446.04	5267.4	
446.24	6283.2	
446.44	6932.4	
446.65	4668.7	
446.85	4971.8	
447.05	6528.2	
447.25	6974.7	
447.45	5152.7	
447.65	4577.2	
447.85	6539.8	
448.05	6209.4	
448.25	5287.9	
448.46	5225.7	
448.66	6501.6	
448.86	6287.9	
449.06	4581.3	
449.26	5343.8	
449.46	6759	
449.66	6142.5	
449.86	5040.7	
450.06	4972.5	
450.26	6249.7	
450.47	6709.8	
450.67	5262.6	
450.87	5397.1	
451.07	6881.2	
451.27	6600.6	
451.47	4676.2	
451.67	5299.5	
451.87	6346.7	
452.07	7185.6	
452.27	4883	
452.47	4919.2	
452.67	6618.4	
452.88	6934.4	
453.08	4519.2	
453.28	5767.1	
453.48	7461.4	
453.68	6507.8	
453.88	4860.5	
454.08	4973.2	
454.28	6859.3	
454.48	6576	
454.68	5401.2	
454.88	5657.2	
455.08	6992.4	
455.28	6771.3	
455.48	4787.5	
455.68	5337.7	
455.89	7380.9	
456.09	7058.7	
456.29	5076.9	
456.49	5143.8	
456.69	7240.3	
456.89	6852.5	
457.09	5472.2	
457.29	5784.8	
457.49	6931	
457.69	7018.4	
457.89	5441.5	
458.09	4978.6	
458.29	6834.1	
458.49	7314.7	
458.69	5674.2	
458.89	5337	
459.09	7484.6	
459.29	7600	
459.49	5282.4	
459.69	5877.7	
459.9	7187	
460.1	6907.1	
460.3	5247.6	
460.5	5103.5	
460.7	7255.3	
460.9	6955.6	
461.1	5008	
461.3	5782.8	
461.5	7715.4	
461.7	7404.1	
461.9	5375.9	
462.1	5583.4	
462.3	7168.6	
462.5	7511.9	
462.7	5390.3	
462.9	5446.2	
463.1	8176.9	
463.3	7998.7	
463.5	5616.9	
463.7	6264.1	
463.9	7350.2	
464.1	7604.1	
464.3	5776.6	
464.5	5819.6	
464.7	7713.3	
464.9	7524.9	
465.1	6816.3	
465.3	6196.5	
465.5	7975.5	
465.7	8077.2	
465.9	6417.7	
466.1	6119.3	
466.3	7890.1	
466.5	7793.2	
466.7	6834.1	
466.9	6099.5	
467.1	7894.2	
467.3	8402.1	
467.5	6823.1	
467.7	6128.2	
467.9	8569.4	
468.1	9118.2	
468.3	6607.4	
468.5	6945.3	
468.7	7789.8	
468.9	7781.6	
469.1	6449.1	
469.3	6787.7	
469.5	9258.2	
469.7	7633.5	
469.9	6675.7	
470.1	6253.1	
470.3	7988.4	
470.5	7965.2	
470.7	7120.1	
470.9	6260.6	
471.1	7864.9	
471.3	8072.4	
471.5	6193.7	
471.69	7417.1	
471.89	7702.4	
472.09	7310.6	
472.29	6726.9	
472.49	6926.9	
472.69	7509.9	
472.89	8024.6	
473.09	6130.9	
473.29	6209.4	
473.49	7653.9	
473.69	7678.5	
473.89	6767.9	
474.09	6207.4	
474.29	8513.4	
474.49	8256.7	
474.69	6780.1	
474.89	6383.5	
475.09	7678.5	
475.29	7603.4	
475.49	6020.3	
475.69	6123.4	
475.88	8664.3	
476.08	7984.3	
476.28	5874.3	
476.48	6025.8	
476.68	8240.3	
476.88	7929.7	
477.08	6128.2	
477.28	6246.3	
477.48	7741.3	
477.68	8044.4	
477.88	5934.3	
478.08	6120	
478.28	8324.3	
478.48	7737.2	
478.67	6245.6	
478.87	5786.9	
479.07	8304.5	
479.27	7849.2	
479.47	6294.1	
479.67	6344.6	
479.87	8118.1	
480.07	8485.4	
480.27	5891.3	
480.47	6896.9	
480.67	7850.5	
480.87	8323.6	
481.06	6065.4	
481.26	6665.5	
481.46	7927.7	
481.66	7752.2	
481.86	6453.1	
482.06	6995.2	
482.26	7680.6	
482.46	8171.4	
482.66	6389.7	
482.86	6059.9	
483.05	8062.9	
483.25	7501.7	
483.45	8116.1	
483.65	6365.8	
483.85	7709.2	
484.05	7793.2	
484.25	6784.9	
484.45	6984.3	
484.65	8415.8	
484.84	8526.4	
485.04	6330.3	
485.24	6341.9	
485.44	8705.9	
485.64	7568.6	
485.84	5949.3	
486.04	6889.4	
486.24	7978.9	
486.44	7982.3	
486.63	5847	
486.83	6476.4	
487.03	7888.8	
487.23	7981.6	
487.43	6029.2	
487.63	7575.4	
487.83	8049.9	
488.02	8610.3	
488.22	6767.2	
488.42	7096.2	
488.62	8754.4	
488.82	7916.1	
489.02	6492.7	
489.22	6543.9	
489.41	8555	
489.61	8402.1	
489.81	6399.2	
490.01	6397.9	
490.21	8632.2	
490.41	9073.2	
490.61	6359.6	
490.8	6580.1	
491	8242.4	
491.2	7795.3	
491.4	6806.1	
491.6	6281.8	
491.8	8254	
491.99	8221.2	
492.19	6195.1	
492.39	6328.9	
492.59	8552.3	
492.79	8646.5	
492.99	7033.4	
493.18	6392.4	
493.38	8626	
493.58	9195.4	
493.78	6882.5	
493.98	6595.8	
494.18	8509.3	
494.37	8157.1	
494.57	7144.7	
494.77	6973.3	
494.97	8690.2	
495.17	8908	
495.37	6780.1	
495.56	7059.3	
495.76	9131.2	
495.96	8877.9	
496.16	7748.1	
496.36	7015	
496.55	8999.5	
496.75	8643.1	
496.95	7342.7	
497.15	7206.8	
497.35	9009.7	
497.54	9024.7	
497.74	7101.7	
497.94	8391.9	
498.14	9598.8	
498.34	9360.6	
498.53	6877.8	
498.73	7528.3	
498.93	8599.4	
499.13	9087.5	
499.33	7415.7	
499.52	7644.4	
499.72	9221.3	
499.92	9208.4	
500.12	7170.6	
500.32	7333.8	
500.51	9301.2	
500.71	9078.6	
500.91	7760.4	
501.11	7625.3	
501.31	9241.1	
501.5	9508.7	
501.7	8101.1	
501.9	7469.6	
502.1	9065.7	
502.29	9387.9	
502.49	7618.4	
502.69	7944.8	
502.89	9194.7	
503.09	9243.2	
503.28	7017	
503.48	7099.6	
503.68	8777.6	
503.88	8657.4	
504.07	7681.9	
504.27	7387	
504.47	8922.3	
504.67	9042.5	
504.86	7761.1	
505.06	7473	
505.26	8799.4	
505.46	9783.8	
505.65	7264.1	
505.85	7519.5	
506.05	8729.1	
506.25	9068.4	
506.44	6877.8	
506.64	7456.7	
506.84	8629.5	
507.04	9118.2	
507.23	7117.4	
507.43	7408.9	
507.63	9953.1	
507.83	8622.6	
508.02	7376.8	
508.22	7087.3	
508.42	10073	
508.62	8570.1	
508.81	7288	
509.01	7662.1	
509.21	8447.9	
509.4	8701.8	
509.6	7428	
509.8	6967.9	
510	8706.6	
510.19	9505.3	
510.39	6909.2	
510.59	6960.4	
510.79	8521.6	
510.98	9598.8	
511.18	7083.2	
511.38	7124.9	
511.57	9126.4	
511.77	8959.2	
511.97	7560.4	
512.17	7006.8	
512.36	9052.7	
512.56	8860.9	
512.76	6933.7	
512.95	6722.1	
513.15	9179.7	
513.35	8140.7	
513.55	7410.2	
513.74	6886	
513.94	9060.9	
514.14	8565.3	
514.33	7533.8	
514.53	7408.9	
514.73	8736	
514.92	8769.4	
515.12	7043.6	
515.32	6892.8	
515.51	8864.3	
515.71	9078	
515.91	8190.5	
516.11	6954.2	
516.3	9923.1	
516.5	8521.6	
516.7	7364.5	
516.89	7645.1	
517.09	8607.6	
517.29	8640.4	
517.48	7606.8	
517.68	7096.9	
517.88	8389.8	
518.07	8903.9	
518.27	7440.3	
518.47	6771.9	
518.66	9275.9	
518.86	8406.9	
519.06	6716.7	
519.25	7018.4	
519.45	8600.1	
519.65	9518.3	
519.84	7427.3	
520.04	8013.7	
520.24	9798.2	
520.43	9030.9	
520.63	7335.8	
520.83	7109.2	
521.02	8538.7	
521.22	8900.5	
521.42	7474.4	
521.61	7905.2	
521.81	8710	
522.01	8807.6	
522.2	7361.1	
522.4	7080.5	
522.6	9124.4	
522.79	8221.2	
522.99	7213.6	
523.18	6918	
523.38	8967.4	
523.58	8925.7	
523.77	8051.2	
523.97	6820.4	
524.17	10143	
524.36	9761.3	
524.56	7991.2	
524.76	7711.3	
524.95	9007	
525.15	8804.2	
525.34	7518.1	
525.54	7563.8	
525.74	9406.3	
525.93	8700.5	
526.13	8455.4	
526.33	7613	
526.52	9691	
526.72	9292.3	
526.91	8516.8	
527.11	7887.4	
527.31	9610.4	
527.5	9998.9	
527.7	7873.1	
527.89	7307.8	
528.09	8975.6	
528.29	9387.2	
528.48	8198	
528.68	7991.9	
528.87	9768.1	
529.07	9744.9	
529.27	7993.9	
529.46	7705.1	
529.66	9435.7	
529.85	9748.3	
530.05	7489.4	
530.25	8075.1	
530.44	10372	
530.64	9419.3	
530.83	7771.4	
531.03	8046.5	
531.23	9848	
531.42	9532.6	
531.62	8478.6	
531.81	7948.2	
532.01	9912.2	
532.21	10049	
532.4	7806.2	
532.6	8101.1	
532.79	10484	
532.99	9838.4	
533.18	8202.8	
533.38	8858.8	
533.58	9637.7	
533.77	10090	
533.97	8200.7	
534.16	8622.6	
534.36	10430	
534.55	9700.5	
534.75	8832.2	
534.95	8145.5	
535.14	10287	
535.34	9649.3	
535.53	8002.1	
535.73	9293	
535.92	10686	
536.12	9753.8	
536.31	8120.9	
536.51	8922.3	
536.71	10133	
536.9	9753.8	
537.1	8191.9	
537.29	8267.6	
537.49	10331	
537.68	9661	
537.88	8523.6	
538.07	7987.8	
538.27	9882.8	
538.46	10519	
538.66	7950.2	
538.86	8250.6	
539.05	9953.8	
539.25	10271	
539.44	8555	
539.64	8221.9	
539.83	9769.5	
540.03	10512	
540.22	8059.4	
540.42	8200.1	
540.61	9994.1	
540.81	10041	
541	8414.4	
541.2	8946.9	
541.39	9637.7	
541.59	9960.6	
541.78	8678.6	
541.98	8061.5	
542.18	9476.6	
542.37	9345.6	
542.57	8337.3	
542.76	8737.3	
542.96	9396.8	
543.15	9811.8	
543.35	8290.2	
543.54	7860.1	
543.74	9804.3	
543.93	9733.3	
544.13	8197.3	
544.32	8865.7	
544.52	9957.9	
544.71	9394	
544.91	7551.5	
545.1	8411.7	
545.3	9417.2	
545.49	9704	
545.69	7520.8	
545.88	7903.1	
546.08	10461	
546.27	10084	
546.47	8290.2	
546.66	7772	
546.86	10007	
547.05	10289	
547.24	7868.3	
547.44	7974.8	
547.63	9241.8	
547.83	10008	
548.02	8066.3	
548.22	8178.2	
548.41	9095.7	
548.61	9951.1	
548.8	7687.4	
549	7853.3	
549.19	9596.8	
549.39	9808.4	
549.58	7555	
549.78	7937.9	
549.97	9762	
550.17	9463	
550.36	8489.5	
550.55	9149	
550.75	9407	
550.94	9946.3	
551.14	7573.4	
551.33	7854	
551.53	8982.4	
551.72	9678.7	
551.92	7867.6	
552.11	7677.2	
552.31	9693.7	
552.5	9554.5	
552.69	8906.6	
552.89	7424.6	
553.08	9626.8	
553.28	9309.4	
553.47	7713.3	
553.67	8436.9	
553.86	9872.6	
554.06	8766	
554.25	7118.7	
554.44	7550.2	
554.64	10419	
554.83	10036	
555.03	7505.1	
555.22	7813.7	
555.42	9723.1	
555.61	9548.3	
555.8	7630	
556	7864.9	
556.19	8869.1	
556.39	9664.4	
556.58	7608.9	
556.78	7713.3	
556.97	9446.6	
557.16	9155.1	
557.36	8454	
557.55	7451.9	
557.75	8637	
557.94	9891	
558.13	7484.6	
558.33	7305.1	
558.52	9715.6	
558.72	8929.1	
558.91	7379.5	
559.1	7431.4	
559.3	8786.5	
559.49	8577.6	
559.69	7136.5	
559.88	7759.8	
560.07	9361.9	
560.27	9590.6	
560.46	7798	
560.66	7938.6	
560.85	9151.7	
561.04	8487.5	
561.24	7342.7	
561.43	7400.7	
561.63	8727.8	
561.82	9015.2	
562.01	8209.6	
562.21	7555	
562.4	9200.8	
562.59	9855.5	
562.79	7593.9	
562.98	7268.9	
563.18	9076.6	
563.37	10102	
563.56	7801.4	
563.76	7276.4	
563.95	8801.5	
564.14	8751	
564.34	7592.5	
564.53	7349.5	
564.73	9235.7	
564.92	9400.9	
565.11	7709.9	
565.31	7279.8	
565.5	9597.5	
565.69	8841.1	
565.89	7509.9	
566.08	7548.1	
566.27	9578.3	
566.47	9762	
566.66	8127	
566.85	7233.4	
567.05	9370.1	
567.24	8992.6	
567.44	7429.3	
567.63	8283.4	
567.82	9554.5	
568.02	9316.9	
568.21	7488.7	
568.4	7701	
568.6	9214.5	
568.79	9220	
568.98	7399.3	
569.18	7435.5	
569.37	9340.1	
569.56	10675	
569.76	7748.8	
569.95	8461.5	
570.14	9572.9	
570.34	9385.2	
570.53	7436.2	
570.72	7449.8	
570.91	9946.3	
571.11	9309.4	
571.3	7819.1	
571.49	8401.5	
571.69	9431.6	
571.88	8988.5	
572.07	8092.9	
572.27	8066.3	
572.46	8950.3	
572.65	9723.8	
572.85	7726.3	
573.04	7901.7	
573.23	10014	
573.43	9457.5	
573.62	7609.6	
573.81	7953.6	
574	9543.5	
574.2	9352.4	
574.39	7856.7	
574.58	7983	
574.78	10131	
574.97	9654.1	
575.16	8245.8	
575.36	8301.1	
575.55	9861.7	
575.74	9933.3	
575.93	7613	
576.13	8334.6	
576.32	9484.8	
576.51	9914.2	
576.71	8006.2	
576.9	8922.3	
577.09	10172	
577.28	9754.5	
577.48	8327.7	
577.67	7589.8	
577.86	9576.3	
578.05	9814.5	
578.25	8111.3	
578.44	8139.3	
578.63	9671.9	
578.83	10539	
579.02	7789.1	
579.21	8710.7	
579.4	9763.3	
579.6	9587.2	
579.79	8259.5	
579.98	9692.4	
580.17	10127	
580.37	10173	
580.56	7895.6	
580.75	8303.8	
580.94	10336	
581.14	10421	
581.33	8752.3	
581.52	7940.7	
581.71	9909.4	
581.91	10468	
582.1	7800.7	
582.29	8207.6	
582.48	9710.1	
582.68	9715.6	
582.87	8492.2	
583.06	8314.8	
583.25	10000	
583.45	9482.8	
583.64	8700.5	
583.83	9145.5	
584.02	9861	
584.21	10046	
584.41	8634.2	
584.6	8187.1	
584.79	9780.4	
584.98	10176	
585.18	7814.4	
585.37	7828	
585.56	9488.9	
585.75	10015	
585.94	7942	
586.14	8621.3	
586.33	10332	
586.52	9661.6	
586.71	8324.3	
586.91	8124.3	
587.1	9323	
587.29	9949	
587.48	7964.6	
587.67	7903.8	
587.87	9800.9	
588.06	9693	
588.25	8883.4	
588.44	8284.7	
588.63	9465.7	
588.83	9879.4	
589.02	7922.2	
589.21	7755.7	
589.4	9370.8	
589.59	9292.3	
589.78	7234.1	
589.98	7468.9	
590.17	8911.4	
590.36	9200.8	
590.55	6941.2	
590.74	7363.1	
590.94	9905.3	
591.13	9082.1	
591.32	7275.1	
591.51	6915.3	
591.7	9198.1	
591.89	8973.5	
592.09	6927.6	
592.28	7265.5	
592.47	8370	
592.66	9863	
592.85	6956.9	
593.05	7198.6	
593.24	8844.5	
593.43	9395.4	
593.62	7335.8	
593.81	7586.4	
594	9113.5	
594.19	9055.4	
594.39	7186.3	
594.58	7180.2	
594.77	9172.9	
594.96	9534.7	
595.15	7129	
595.34	7527.7	
595.54	9078.6	
595.73	8552.3	
595.92	6666.1	
596.11	7475.8	
596.3	9394	
596.49	8479.3	
596.68	7276.4	
596.88	7497.6	
597.07	9162.6	
597.26	8393.3	
597.45	6966.5	
597.64	7685.3	
597.83	8677.2	
598.02	9047.9	
598.22	6972.7	
598.41	7501	
598.6	8979.7	
598.79	8535.9	
598.98	7047.1	
599.17	7592.5	
599.36	8905.9	
599.55	9611.8	
599.74	8244.4	
599.94	8166.6	
600.13	9252	
600.32	8344.8	
600.51	6791.1	
600.7	6855.2	
600.89	9656.9	
601.08	9637.7	
601.27	6671.6	
601.47	7353.6	
601.66	9116.2	
601.85	9607	
602.04	7310.6	
602.23	7266.9	
602.42	8544.8	
602.61	8842.4	
602.8	7075.7	
602.99	6916.7	
603.18	8822	
603.37	8880	
603.57	7320.8	
603.76	7817.8	
603.95	9439.1	
604.14	9125.1	
604.33	7126.2	
604.52	7223.2	
604.71	9058.8	
604.9	8604.2	
605.09	7664.9	
605.28	7482.6	
605.47	9379.7	
605.66	8964.6	
605.86	7409.6	
606.05	6971.3	
606.24	9303.2	
606.43	8235.6	
606.62	7157	
606.81	7774.8	
607	9226.1	
607.19	8707.3	
607.38	6842.3	
607.57	7035.5	
607.76	8567.3	
607.95	8093.6	
608.14	7265.5	
608.33	7681.9	
608.52	8448.6	
608.72	9095	
608.91	6810.9	
609.1	6724.8	
609.29	8617.2	
609.48	8163.2	
609.67	7321.5	
609.86	6758.3	
610.05	8343.4	
610.24	8372.1	
610.43	6593.8	
610.62	6313.2	
610.81	9378.3	
611	9155.1	
611.19	6725.5	
611.38	7072.3	
611.57	8686.8	
611.76	9465.7	
611.95	6510.5	
612.14	6425.2	
612.33	8452	
612.52	8196	
612.71	6899.6	
612.9	6277.7	
613.09	7904.5	
613.28	9565.4	
613.47	6713.9	
613.66	7310.6	
613.85	8578.9	
614.04	8178.9	
614.24	6698.9	
614.43	6094.8	
614.62	8684.8	
614.81	8523	
615	7071.6	
615.19	7124.2	
615.38	8183.7	
615.57	8459.5	
615.76	6970.6	
615.95	7690.1	
616.14	8787.2	
616.33	8561.9	
616.52	7228	
616.71	7381.6	
616.9	8756.4	
617.09	8568.7	
617.28	6886	
617.47	7570.7	
617.66	8118.8	
617.85	8159.8	
618.04	7363.8	
618.22	7107.8	
618.41	8350.9	
618.6	9024.7	
618.79	7002.7	
618.98	6860	
619.17	9179	
619.36	8022.6	
619.55	6989	
619.74	6956.9	
619.93	8643.8	
620.12	8271.7	
620.31	7388.4	
620.5	7486	
620.69	9084.1	
620.88	9454.1	
621.07	8007.6	
621.26	7402.7	
621.45	8824	
621.64	8855.4	
621.83	7471.7	
622.02	6858	
622.21	8942.1	
622.4	8831.5	
622.59	7721.5	
622.78	7802.8	
622.97	8498.4	
623.16	9090.9	
623.35	7443	
623.54	6777.4	
623.72	8686.8	
623.91	8739.4	
624.1	7626	
624.29	6639.5	
624.48	9499.2	
624.67	9031.5	
624.86	7497.6	
625.05	6873.7	
625.24	9491.7	
625.43	8469	
625.62	8583.7	
625.81	7049.1	
626	9095	
626.19	8737.3	
626.38	7518.8	
626.56	7066.2	
626.75	8490.2	
626.94	9058.2	
627.13	7504.4	
627.32	6612.2	
627.51	8920.3	
627.7	9782.5	
627.89	6776.7	
628.08	7540.6	
628.27	8459.5	
628.46	8576.9	
628.65	6930.3	
628.83	6692.8	
629.02	9015.8	
629.21	8405.5	
629.4	7264.8	
629.59	7369.3	
629.78	8450.6	
629.97	9153.1	
630.16	7357	
630.35	7073	
630.54	9426.1	
630.72	9202.2	
630.91	7015	
631.1	7349.5	
631.29	8822.6	
631.48	8813.1	
631.67	7489.4	
631.86	7139.2	
632.05	8622.6	
632.24	8665	
632.42	6910.5	
632.61	7244.3	
632.8	8630.8	
632.99	8320.2	
633.18	7271.7	
633.37	7425.3	
633.56	8902.5	
633.75	8751.7	
633.93	7329.7	
634.12	7118.7	
634.31	9423.4	
634.5	9015.2	
634.69	7118.7	
634.88	7370	
635.07	8729.1	
635.25	9034.3	
635.44	7732.4	
635.63	7886	
635.82	8634.9	
636.01	8123.6	
636.2	7661.5	
636.39	7372	
636.57	9426.8	
636.76	9038.4	
636.95	6986.3	
637.14	7914.7	
637.33	8891.6	
637.52	9392.7	
637.7	6796.5	
637.89	7542	
638.08	8535.3	
638.27	9536.7	
638.46	7513.3	
638.65	7831.4	
638.83	9506	
639.02	8441.7	
639.21	7449.8	
639.4	7838.9	
639.59	8755.1	
639.78	8505.9	
639.96	6895.5	
640.15	6916.7	
640.34	8678.6	
640.53	8662.2	
640.72	6690.7	
640.91	6914.6	
641.09	8237.6	
641.28	9082.1	
641.47	6952.9	
641.66	7437.5	
641.85	8690.2	
642.03	8755.1	
642.22	7262.8	
642.41	6967.9	
642.6	8301.8	
642.79	7836.9	
642.97	6790.4	
643.16	7176.8	
643.35	8251.3	
643.54	8066.9	
643.73	6737.8	
643.91	7214.3	
644.1	8021.2	
644.29	8449.2	
644.48	6719.4	
644.67	6769.9	
644.85	8079.9	
645.04	8352.3	
645.23	6460.7	
645.42	6761.7	
645.6	8043.1	
645.79	8745.5	
645.98	6569.9	
646.17	5942.5	
646.36	7723.6	
646.54	8165.9	
646.73	7129	
646.92	6346	
647.11	7840.3	
647.29	8570.7	
647.48	6347.3	
647.67	6179.4	
647.86	8744.1	
648.05	8675.2	
648.23	6543.9	
648.42	7421.2	
648.61	8301.1	
648.8	8029.4	
648.98	6267.5	
649.17	6378.7	
649.36	7814.4	
649.55	7494.2	
649.73	6298.2	
649.92	6744	
650.11	7711.3	
650.3	7983.7	
650.48	6444.3	
650.67	6251.1	
650.86	8236.9	
651.05	7420.5	
651.23	6404	
651.42	6242.2	
651.61	7864.2	
651.79	7711.3	
651.98	6504.3	
652.17	6223.8	
652.36	8084.7	
652.54	7401.4	
652.73	6218.3	
652.92	6194.4	
653.11	8058.1	
653.29	8070.4	
653.48	5739.8	
653.67	6455.9	
653.85	7894.9	
654.04	8596.7	
654.23	6569.2	
654.42	6269.5	
654.6	7547.4	
654.79	8046.5	
654.98	5786.2	
655.16	6173.3	
655.35	7187	
655.54	6995.2	
655.73	5844.2	
655.91	5656.5	
656.1	7706.5	
656.29	6974	
656.47	5430.5	
656.66	6544.6	
656.85	7307.8	
657.03	7232.1	
657.22	5740.5	
657.41	5791	
657.59	7291.5	
657.78	7186.3	
657.97	5623	
658.16	6131.6	
658.34	7857.4	
658.53	8091.5	
658.72	6795.8	
658.9	7084.6	
659.09	7572.7	
659.28	7578.2	
659.46	6034.7	
659.65	5967.8	
659.84	7339.2	
660.02	7794.6	
660.21	5980.8	
660.4	5864	
660.58	7996	
660.77	7495.6	
660.96	6315.9	
661.14	5664.7	
661.33	8338.6	
661.52	8260.1	
661.7	5534.3	
661.89	7944.1	
662.08	7230	
662.26	6918.7	
662.45	5836.7	
662.64	5906.3	
662.82	7861.5	
663.01	7171.3	
663.2	5822.4	
663.38	6339.8	
663.57	7617.8	
663.75	7458	
663.94	6079.1	
664.13	6864.1	
664.31	7258.7	
664.5	7793.2	
664.69	6146.6	
664.87	6588.3	
665.06	7083.2	
665.25	7504.4	
665.43	6766.5	
665.62	6815	
665.8	7768.6	
665.99	7253.9	
666.18	6090.7	
666.36	6226.5	
666.55	7720.2	
666.74	7691.5	
666.92	5815.5	
667.11	6868.2	
667.29	7332.4	
667.48	7695.6	
667.67	6558.3	
667.85	5929.6	
668.04	7277.1	
668.22	7247.1	
668.41	6073.6	
668.6	6286.6	
668.78	7220.5	
668.97	7333.1	
669.15	6333.7	
669.34	5590.3	
669.53	7141.9	
669.71	7376.8	
669.9	5716.6	
670.08	6115.9	
670.27	7099.6	
670.46	7655.3	
670.64	6370.5	
670.83	6410.1	
671.01	6948.1	
671.2	7500.3	
671.38	5825.1	
671.57	5756.2	
671.76	7938.6	
671.94	8400.8	
672.13	5699.5	
672.31	6352.1	
672.5	7717.4	
672.69	7175.4	
672.87	5796.4	
673.06	6001.9	
673.24	7566.6	
673.43	7232.7	
673.61	6282.5	
673.8	5975.3	
673.98	7689.4	
674.17	7667.6	
674.36	6404	
674.54	6268.8	
674.73	7410.2	
674.91	7737.2	
675.1	6082.5	
675.28	5772.5	
675.47	7283.3	
675.65	7717.4	
675.84	6071.5	
676.03	6186.2	
676.21	7241.6	
676.4	6853.2	
676.58	6529.6	
676.77	6341.2	
676.95	8214.4	
677.14	7176.8	
677.32	5762.3	
677.51	5685.8	
677.69	7746.1	
677.88	6903.7	
678.06	5745.2	
678.25	5725.4	
678.44	7312.6	
678.62	7106.5	
678.81	5661.3	
678.99	6187.6	
679.18	7864.2	
679.36	7659.4	
679.55	6003.3	
679.73	6343.2	
679.92	7464.2	
680.1	7169.9	
680.29	6787	
680.47	6000.5	
680.66	7233.4	
680.84	7714.7	
681.03	5515.2	
681.21	6247.7	
681.4	7237.5	
681.58	7083.2	
681.77	5857.2	
681.95	5730.9	
682.14	7713.3	
682.32	7909.3	
682.51	6380.8	
682.69	5553.4	
682.88	7126.9	
683.06	7418.4	
683.25	6153.5	
683.43	6451.8	
683.62	7266.2	
683.8	7586.4	
683.99	6548	
684.17	6031.3	
684.36	8108.6	
684.54	7197.2	
684.73	5429.8	
684.91	5579.3	
685.1	7307.2	
685.28	6922.1	
685.46	5880.4	
685.65	5955.5	
685.83	7331	
686.02	6894.1	
686.2	5403.9	
686.39	5549.3	
686.57	6697.5	
686.76	7676.5	
686.94	5418.2	
687.13	5606	
687.31	7233.4	
687.5	7002	
687.68	5174.5	
687.86	5950.7	
688.05	8110	
688.23	6600.6	
688.42	6083.1	
688.6	5605.3	
688.79	6920.8	
688.97	6936.5	
689.16	5913.9	
689.34	5153.4	
689.52	7387	
689.71	7676.5	
689.89	6148.7	
690.08	5668.8	
690.26	7217	
690.45	6988.4	
690.63	6238.1	
690.81	5706.3	
691	7023.9	
691.18	7010.9	
691.37	5892	
691.55	7249.8	
691.74	6877.8	
691.92	8241	
692.1	5756.2	
692.29	5461.2	
692.47	7000	
692.66	6574	
692.84	5542.5	
693.02	5911.1	
693.21	6626.5	
693.39	6938.5	
693.58	5862.7	
693.76	5502.9	
693.94	7676.5	
694.13	7580.2	
694.31	5558.9	
694.5	6209.4	
694.68	6804	
694.86	7116	
695.05	5765.7	
695.23	5844.9	
695.42	7329.7	
695.6	8901.2	
695.78	6197.8	
695.97	5659.2	
696.15	7440.3	
696.34	6972	
696.52	5440.1	
696.7	6048.3	
696.89	7245	
697.07	6782.2	
697.25	5943.9	
697.44	6961	
697.62	7176.1	
697.81	7326.9	
697.99	5670.8	
698.17	6001.9	
698.36	6746	
698.54	7131	
698.72	5875.6	
698.91	5191.6	
699.09	6861.4	
699.28	6717.3	
699.46	5655.1	
699.64	5509	
699.83	6668.9	
700.01	7392.5	
700.19	6108.4	
700.38	4996.4	
700.56	7342.7	
700.74	6675	
700.93	5198.4	
701.11	5803.3	
701.29	7066.9	
701.48	7729.7	
701.66	5384.8	
701.84	5466	
702.03	6893.5	
702.21	7266.2	
702.39	5201.2	
702.58	5572.5	
702.76	7165.2	
702.94	7178.1	
703.13	5094	
703.31	6750.1	
703.49	6732.4	
703.68	7281.9	
703.86	5263.3	
704.04	6059.3	
704.23	7000	
704.41	7215.7	
704.59	5433.3	
704.78	6113.9	
704.96	8155	
705.14	7220.5	
705.33	5180	
705.51	5708.4	
705.69	6722.8	
705.87	7382.2	
706.06	5921.4	
706.24	5167	
706.42	6958.3	
706.61	7219.8	
706.79	5982.8	
706.97	5164.3	
707.16	6667.5	
707.34	6930.3	
707.52	5855.8	
707.7	5300.1	
707.89	6625.2	
708.07	6453.1	
708.25	5902.9	
708.44	6184.2	
708.62	6606.1	
708.8	7346.7	
708.98	6036.7	
709.17	5290.6	
709.35	6771.3	
709.53	6894.1	
709.72	5045.5	
709.9	5134.9	
710.08	7008.1	
710.26	7096.2	
710.45	6307.7	
710.63	5248.3	
710.81	6741.9	
710.99	6838.9	
711.18	5676.3	
711.36	5362.3	
711.54	6622.4	
711.72	7139.2	
711.91	5421	
712.09	5022.3	
712.27	6660	
712.45	7059.3	
712.64	5528.2	
712.82	4825	
713	6293.4	
713.18	6385.6	
713.37	4821.6	
713.55	5786.9	
713.73	6992.4	
713.91	6004	
714.1	5059.8	
714.28	4717.8	
714.46	6619	
714.64	6039.5	
714.83	4249.5	
715.01	4713.1	
715.19	6059.9	
715.37	5513.1	
715.55	4405.9	
715.74	4569	
715.92	6527.6	
716.1	5130.8	
716.28	5446.2	
716.47	4745.1	
716.65	5747.3	
716.83	5709.7	
717.01	4600.4	
717.19	4635.9	
717.38	7127.6	
717.56	5425.1	
717.74	4735.6	
717.92	4146.5	
718.1	6195.8	
718.29	5638.1	
718.47	3848.8	
718.65	4327.4	
718.83	6200.6	
719.01	6137.8	
719.2	3824.2	
719.38	4577.2	
719.56	5952.8	
719.74	7074.4	
719.92	4362.2	
720.11	5024.3	
720.29	6107	
720.47	5468.8	
720.65	4059.8	
720.83	4636.6	
721.02	5653.1	
721.2	5433.3	
721.38	4665.3	
721.56	4042	
721.74	5047.6	
721.92	5193.6	
722.11	4887.1	
722.29	4617.5	
722.47	6056.5	
722.65	5495.4	
722.83	4075.5	
723.01	4660.5	
723.2	5440.8	
723.38	5784.1	
723.56	3594.9	
723.74	4420.2	
723.92	5174.5	
724.1	5904.3	
724.29	3949.2	
724.47	4714.4	
724.65	5328.8	
724.83	5102.2	
725.01	3917.8	
725.19	4493.2	
725.37	5184.8	
725.56	5103.5	
725.74	3737.5	
725.92	3871.3	
726.1	5122	
726.28	5336.3	
726.46	4177.2	
726.64	3991.5	
726.83	5430.5	
727.01	5473.5	
727.19	3751.2	
727.37	4285	
727.55	5472.2	
727.73	5737.7	
727.91	3738.9	
728.09	3595.6	
728.28	5817.6	
728.46	5898.1	
728.64	4354	
728.82	4273.4	
729	6435.4	
729.18	5998.5	
729.36	3736.2	
729.54	5309	
729.72	6695.5	
729.91	5429.8	
730.09	5072.8	
730.27	4162.8	
730.45	5438.7	
730.63	5851.7	
730.81	4578.6	
730.99	4020.8	
731.17	6199.9	
731.35	5191.6	
731.53	4275.5	
731.71	4051.6	
731.9	5999.9	
732.08	6095.4	
732.26	4227.7	
732.44	3957.4	
732.62	6143.9	
732.8	5766.4	
732.98	4499.4	
733.16	3820.8	
733.34	5826.5	
733.52	4832.5	
733.7	4146.5	
733.88	4304.1	
734.07	5585.5	
734.25	5483.8	
734.43	3774.4	
734.61	4844.8	
734.79	6471.6	
734.97	5386.8	
735.15	3840.6	
735.33	4067.3	
735.51	5566.4	
735.69	5330.2	
735.87	4824.3	
736.05	4173.1	
736.23	5462.6	
736.41	5218.9	
736.59	4027.7	
736.77	4108.2	
736.95	5762.3	
737.13	5341.8	
737.32	3919.8	
737.5	3962.1	
737.68	6169.2	
737.86	5268.7	
738.04	3695.9	
738.22	4989.5	
738.4	5124	
738.58	5376.6	
738.76	4133.5	
738.94	3422.2	
739.12	5233.9	
739.3	5159.5	
739.48	4548.5	
739.66	4328	
739.84	5390.9	
740.02	5343.2	
740.2	3458.3	
740.38	3686.3	
740.56	5668.1	
740.74	4706.9	
740.92	4216.8	
741.1	4076.1	
741.28	5264.6	
741.46	5048.9	
741.64	3817.4	
741.82	4218.8	
742	5319.9	
742.18	5201.2	
742.36	3906.2	
742.54	3653.6	
742.72	5584.8	
742.9	4700.1	
743.08	4141.7	
743.26	3394.2	
743.44	5650.3	
743.62	5567.1	
743.8	4285	
743.98	3616	
744.16	5371.1	
744.34	5096	
744.52	4156.7	
744.7	4171	
744.88	5535	
745.06	5153.4	
745.24	4129.4	
745.42	4285.7	
745.6	5582.1	
745.78	5431.2	
745.96	3406.5	
746.14	3578.5	
746.32	6154.1	
746.5	5537.7	
746.68	4021.5	
746.86	3615.3	
747.03	5694.7	
747.21	4665.3	
747.39	4001	
747.57	3603.1	
747.75	5335.6	
747.93	5506.3	
748.11	3592.1	
748.29	3563.5	
748.47	6396.5	
748.65	5048.9	
748.83	4089.8	
749.01	3947.8	
749.19	5408.7	
749.37	4730.1	
749.55	3887	
749.73	3846.8	
749.91	5255.1	
750.09	5059.8	
750.26	3927.3	
750.44	3516.4	
750.62	5154.1	
750.8	5107	
750.98	3415.3	
751.16	3665.9	
751.34	5256.5	
751.52	4827.7	
751.7	4166.9	
751.88	3393.5	
752.06	5596.4	
752.24	5294	
752.42	3366.2	
752.59	3633.1	
752.77	5084.4	
752.95	6015.6	
753.13	4170.3	
753.31	3665.2	
753.49	4939	
753.67	5218.2	
753.85	3902.7	
754.03	3652.2	
754.21	5412.8	
754.38	5653.8	
754.56	3725.9	
754.74	3002.3	
754.92	4922.6	
755.1	5343.8	
755.28	3044	
755.46	3132	
755.64	5984.2	
755.82	6047.7	
755.99	3386.7	
756.17	3410.6	
756.35	4291.2	
756.53	5299.5	
756.71	2612.5	
756.89	3271.3	
757.07	4999.1	
757.25	4367	
757.42	3555.3	
757.6	4200.4	
757.78	5116.5	
757.96	4344.4	
758.14	3379.1	
758.32	3123.2	
758.5	4039.3	
758.67	4696.7	
758.85	3267.9	
759.03	3341.6	
759.21	4870.1	
759.39	4409.3	
759.57	2959.3	
759.75	3737.5	
759.92	5273.5	
760.1	4812.7	
760.28	4048.8	
760.46	4186	
760.64	4638.6	
760.82	4478.9	
760.99	3864.5	
761.17	3361.4	
761.35	5212.8	
761.53	4443.4	
761.71	3570.3	
761.89	3850.9	
762.06	5126.7	
762.24	4719.2	
762.42	3579.2	
762.6	3356.6	
762.78	4757.4	
762.96	5165.7	
763.13	3732.8	
763.31	3536.2	
763.49	5218.9	
763.67	4649.6	
763.85	4122.6	
764.02	4492.6	
764.2	5506.3	
764.38	4828.4	
764.56	3378.5	
764.74	4053.6	
764.91	5563	
765.09	4723.3	
765.27	3302.7	
765.45	3110.9	
765.63	5605.3	
765.8	5428.5	
765.98	2999.6	
766.16	3119.7	
766.34	4403.8	
766.52	4270.7	
766.69	3798.3	
766.87	3012.6	
767.05	4782	
767.23	5307.7	
767.41	3222.1	
767.58	3405.8	
767.76	5170.4	
767.94	5218.9	
768.12	3338.9	
768.29	3790.1	
768.47	4696.7	
768.65	5270.8	
768.83	3058.3	
769	3811.3	
769.18	4479.6	
769.36	4932.9	
769.54	3799.7	
769.72	3067.2	
769.89	5198.4	
770.07	5246.9	
770.25	3346.4	
770.43	4203.8	
770.6	5743.9	
770.78	5892	
770.96	3458.3	
771.14	3850.9	
771.31	5168.4	
771.49	4677.6	
771.67	2894.5	
771.85	3031.7	
772.02	4150.6	
772.2	4676.9	
772.38	3577.8	
772.55	3226.2	
772.73	4919.2	
772.91	4722.6	
773.09	3461.1	
773.26	3545.7	
773.44	4857.8	
773.62	4637.3	
773.8	3235.8	
773.97	2944.3	
774.15	4916.5	
774.33	4698.7	
774.5	3056.9	
774.68	3293.1	
774.86	5008.6	
775.04	4643.4	
775.21	3197.6	
775.39	3110.9	
775.57	4843.4	
775.74	5052.3	
775.92	2996.2	
776.1	2891.7	
776.27	4844.1	
776.45	5653.1	
776.63	3046	
776.81	2816.6	
776.98	4562.2	
777.16	5366.4	
777.34	3211.2	
777.51	3434.4	
777.69	4589.5	
777.87	4373.8	
778.04	3327.3	
778.22	3601.7	
778.4	4521.2	
778.57	4937.7	
778.75	2731.3	
778.93	2946.3	
779.1	4345.8	
779.28	4209.9	
779.46	2773.6	
779.64	3072	
779.81	5038	
779.99	5574.6	
780.17	3575.8	
780.34	3719.8	
780.52	4644.1	
780.69	4754.7	
780.87	3332.7	
781.05	3052.8	
781.22	4745.8	
781.4	4708.3	
781.58	3171.6	
781.75	2534	
781.93	4732.9	
782.11	4231.8	
782.28	3763.5	
782.46	3080.8	
782.64	4204.5	
782.81	4851.6	
782.99	3205.8	
783.17	3116.3	
783.34	4741	
783.52	4274.1	
783.69	3203	
783.87	3789.4	
784.05	4328.7	
784.22	4266.6	
784.4	3779.2	
784.58	3343	
784.75	4989.5	
784.93	4377.2	
785.1	3163.4	
785.28	3525.2	
785.46	4839.4	
785.63	4300.7	
785.81	3092.4	
785.99	2960	
786.16	4461.8	
786.34	4684.4	
786.51	3035.8	
786.69	3360.7	
786.87	4132.8	
787.04	4502.1	
787.22	2921.8	
787.39	3590.1	
787.57	4291.2	
787.75	5006.6	
787.92	3785.3	
788.1	3642	
788.27	4248.9	
788.45	4067.3	
788.63	3431.7	
788.8	2570.9	
788.98	4702.8	
789.15	4012	
789.33	2764.1	
789.5	3137.5	
789.68	4986.8	
789.86	5024.3	
790.03	3457.7	
790.21	2980.5	
790.38	4999.8	
790.56	4390.2	
790.73	2989.4	
790.91	2936.1	
791.09	4303.5	
791.26	4765.6	
791.44	3195.5	
791.61	2802.3	
791.79	4304.8	
791.96	4303.5	
792.14	2816	
792.32	2507.4	
792.49	4317.1	
792.67	4415.4	
792.84	2919	
793.02	2748.4	
793.19	4665.3	
793.37	5081.7	
793.54	2527.2	
793.72	2790.7	
793.89	5111.7	
794.07	4233.2	
794.25	3218	
794.42	2600.9	
794.6	5033.9	
794.77	4730.1	
794.95	3387.3	
795.12	2930	
795.3	4325.3	
795.47	4626.4	
795.65	3259	
795.82	3167.5	
796	4203.8	
796.17	5477	
796.35	3098.6	
796.52	3572.3	
796.7	4691.9	
796.87	4749.9	
797.05	3045.3	
797.22	3627.6	
797.4	4764.3	
797.57	5375.2	
797.75	3139.5	
797.92	2996.2	
798.1	4978.6	
798.27	4180.6	
798.45	2645.3	
798.62	2814.6	
798.8	4457.7	
798.97	4849.6	
799.15	3287	
799.32	3124.5	
799.5	3957.4	
799.67	4534.9	
799.85	3433.8	
800.02	2616.6	
800.2	4284.4	
800.37	4448.9	
800.55	3528	
800.72	3003.7	
800.9	4831.2	
801.07	5120.6	
801.25	3880.2	
801.42	3261	
801.6	4861.9	
801.77	4529.4	
801.95	3037.1	
802.12	2897.9	
802.29	4669.4	
802.47	4578.6	
802.64	3244.7	
802.82	2564.7	
802.99	4287.8	
803.17	4926	
803.34	3211.2	
803.52	2855.6	
803.69	5367.7	
803.87	4111	
804.04	3169.6	
804.21	3191.4	
804.39	5114.5	
804.56	4405.9	
804.74	2717	
804.91	3275.4	
805.09	4304.8	
805.26	4285.7	
805.44	2802.3	
805.61	2975	
805.78	4763.6	
805.96	4747.9	
806.13	3197.6	
806.31	3448.8	
806.48	3991.5	
806.66	4359.4	
806.83	3267.9	
807	3223.5	
807.18	4341	
807.35	4499.4	
807.53	3000.3	
807.7	2626.9	
807.87	5039.4	
808.05	4344.4	
808.22	3416.7	
808.4	2631.6	
808.57	4233.2	
808.74	4028.4	
808.92	2957.3	
809.09	3639.2	
809.27	4311.7	
809.44	4605.9	
809.61	2628.9	
809.79	2888.3	
809.96	5183.4	
810.14	4794.3	
810.31	2598.9	
810.48	3083.6	
810.66	4368.3	
810.83	4802.5	
811.01	2913.6	
811.18	3158	
811.35	4849.6	
811.53	3899.3	
811.7	3480.9	
811.87	3261.7	
812.05	4345.8	
812.22	4263.9	
812.39	2908.1	
812.57	2775	
812.74	4373.8	
812.92	5436	
813.09	3044.6	
813.26	3241.3	
813.44	5210	
813.61	4261.8	
813.78	2602.3	
813.96	3397.6	
814.13	4298	
814.3	4179.2	
814.48	3652.2	
814.65	3075.4	
814.82	5066.7	
815	4070	
815.17	3099.3	
815.34	3785.3	
815.52	4283.7	
815.69	4252.9	
815.87	3049.4	
816.04	3093.1	
816.21	4292.5	
816.38	3969.6	
816.56	3042.6	
816.73	2826.2	
816.9	5313.1	
817.08	4816.8	
817.25	2912.9	
817.42	3491.8	
817.6	3992.2	
817.77	4281.6	
817.94	3207.8	
818.12	2820.7	
818.29	4151.2	
818.46	5864	
818.64	3022.1	
818.81	2783.2	
818.98	4097.3	
819.16	5572.5	
819.33	3371.6	
819.5	3115.6	
819.67	4527.4	
819.85	5012.1	
820.02	3123.2	
820.19	3233.1	
820.37	4450.9	
820.54	4214.7	
820.71	3145.7	
820.88	3832.4	
821.06	4504.8	
821.23	4201.7	
821.4	3237.8	
821.58	3196.9	
821.75	4779.3	
821.92	4428.4	
822.09	2679.4	
822.27	2713.6	
822.44	4345.8	
822.61	4233.8	
822.79	2680.1	
822.96	4717.2	
823.13	4622.9	
823.3	4066.6	
823.48	2988	
823.65	2761.3	
823.82	4842.1	
823.99	4012	
824.17	3732.1	
824.34	2745.6	
824.51	5505.6	
824.68	4343.1	
824.86	2857.6	
825.03	3157.3	
825.2	4306.9	
825.37	5010.7	
825.55	2871.9	
825.72	3108.1	
825.89	5412.8	
826.06	5090.6	
826.24	3048.1	
826.41	3046	
826.58	5089.2	
826.75	4493.2	
826.92	2538.8	
827.1	2754.5	
827.27	6533.7	
827.44	5360.9	
827.61	2982.5	
827.79	3457	
827.96	4239.3	
828.13	4325.3	
828.3	3031.7	
828.47	2618.7	
828.65	4601.1	
828.82	4472.8	
828.99	3768.3	
829.16	3319.8	
829.34	4836.6	
829.51	4689.8	
829.68	3146.4	
829.85	3164.1	
830.02	5128.8	
830.2	4844.8	
830.37	2441.2	
830.54	3690.4	
830.71	5287.2	
830.88	4373.1	
831.05	2476	
831.23	2796.8	
831.4	5230.5	
831.57	5582.8	
831.74	2962.7	
831.91	2574.3	
832.09	4644.8	
832.26	4801.8	
832.43	2963.4	
832.6	3297.2	
832.77	4524.6	
832.94	5082.4	
833.12	2439.8	
833.29	2980.5	
833.46	4651.6	
833.63	5793	
833.8	3281.5	
833.97	2988	
834.15	4863.2	
834.32	4685.8	
834.49	3155.9	
834.66	3176.4	
834.83	4938.3	
835	4218.1	
835.17	2949.1	
835.35	2909.5	
835.52	4818.9	
835.69	4639.3	
835.86	3004.4	
836.03	2577	
836.2	4838	
836.37	4521.9	
836.55	2981.2	
836.72	2816	
836.89	4502.8	
837.06	4916.5	
837.23	3023.5	
837.4	3315	
837.57	5401.2	
837.75	5713.8	
837.92	2783.9	
838.09	2931.3	
838.26	4499.4	
838.43	4932.9	
838.6	3076.7	
838.77	2837.8	
838.94	5440.1	
839.11	5319.3	
839.29	2970.9	
839.46	2444.6	
839.63	4847.5	
839.8	4575.2	
839.97	2916.3	
840.14	2917.7	
840.31	4703.5	
840.48	4818.9	
840.65	2496.5	
840.82	2882.2	
841	4756.7	
841.17	4749.2	
841.34	2667.1	
841.51	2736.1	
841.68	4744.5	
841.85	4553.3	
842.02	2788.7	
842.19	2381.1	
842.36	4659.1	
842.53	4622.9	
842.7	2750.4	
842.87	3191.4	
843.05	5807.4	
843.22	4572.4	
843.39	2633	
843.56	2776.4	
843.73	4452.3	
843.9	4848.2	
844.07	4154.6	
844.24	3415.3	
844.41	6451.8	
844.58	4235.9	
844.75	2652.1	
844.92	2816	
845.09	4789.5	
845.26	4772.4	
845.43	2701.3	
845.6	2844.6	
845.77	4813.4	
845.94	4573.1	
846.12	2963.4	
846.29	3102.7	
846.46	4989.5	
846.63	4746.5	
846.8	2693.8	
846.97	3095.8	
847.14	5066.7	
847.31	4825	
847.48	3001.6	
847.65	3337.5	
847.82	4947.9	
847.99	4927.4	
848.16	3430.3	
848.33	3220.8	
848.5	4422.2	
848.67	5126.7	
848.84	2656.9	
849.01	2770.9	
849.18	4373.1	
849.35	4176.5	
849.52	3295.9	
849.69	2707.4	
849.86	4970.4	
850.03	4991.6	
850.2	2703.3	
850.37	3226.9	
850.54	4963.6	
850.71	4502.1	
850.88	3168.2	
851.05	2680.8	
851.22	4732.2	
851.39	5115.1	
851.56	2509.4	
851.73	3043.3	
851.9	4216.8	
852.07	4958.1	
852.24	2941.6	
852.41	2669.2	
852.58	4659.1	
852.75	4340.3	
852.92	2970.2	
853.09	2625.5	
853.26	4476.2	
853.43	5044.8	
853.6	2677.4	
853.77	2336.7	
853.94	5177.3	
854.11	4265.9	
854.28	3797.6	
854.44	2932.7	
854.61	5373.9	
854.78	4975.9	
854.95	2631.6	
855.12	3304.1	
855.29	3964.9	
855.46	5219.6	
855.63	2743.6	
855.8	3590.8	
855.97	4447.5	
856.14	5022.3	
856.31	3709.6	
856.48	2878.1	
856.65	4461.8	
856.82	4229.7	
856.99	2629.6	
857.16	2850.8	
857.33	5538.4	
857.49	4549.9	
857.66	2936.1	
857.83	3087	
858	4597.7	
858.17	4687.8	
858.34	2528.6	
858.51	2684.2	
858.68	5175.9	
858.85	5215.5	
859.02	3054.2	
859.19	3258.3	
859.36	4326	
859.52	4260.5	
859.69	2680.1	
859.86	3068.5	
860.03	4315.8	
860.2	5201.2	
860.37	2473.3	
860.54	2711.5	
860.71	4876.9	
860.88	5203.2	
861.05	2970.2	
861.21	3349.8	
861.38	5164.3	
861.55	4159.4	
861.72	2520.4	
861.89	2945.7	
862.06	4923.3	
862.23	5274.2	
862.4	2642.6	
862.56	2758.6	
862.73	4835.3	
862.9	4663.9	
863.07	3090.4	
863.24	2521	
863.41	4253.6	
863.58	4278.2	
863.75	2736.8	
863.91	3067.9	
864.08	5101.5	
864.25	4866	
864.42	3273.3	
864.59	3651.5	
864.76	5329.5	
864.93	4262.5	
865.09	2636.4	
865.26	2859.6	
865.43	5119.2	
865.6	5367	
865.77	2428.9	
865.94	2588.6	
866.1	5034.6	
866.27	4887.8	
866.44	3927.3	
866.61	2627.5	
866.78	4547.9	
866.95	4804.5	
867.11	2658.9	
867.28	2478.7	
867.45	5061.2	
867.62	4233.2	
867.79	2988.7	
867.96	2658.9	
868.12	4261.8	
868.29	4898.1	
868.46	2729.9	
868.63	3469.3	
868.8	4984.8	
868.97	4848.2	
869.13	2776.4	
869.3	2816	
869.47	4788.2	
869.64	4937.7	
869.81	2693.1	
869.97	2690.3	
870.14	4698.7	
870.31	5231.9	
870.48	2628.2	
870.65	3297.9	
870.81	4562.9	
870.98	4525.3	
871.15	2993.4	
871.32	2761.3	
871.48	4791.6	
871.65	5259.9	
871.82	2626.9	
871.99	2969.6	
872.16	5516.5	
872.32	5178.6	
872.49	2747	
872.66	2729.3	
872.83	4907.6	
872.99	4441.4	
873.16	3059	
873.33	2661.7	
873.5	4616.1	
873.67	4635.9	
873.83	2841.9	
874	3499.3	
874.17	4748.6	
874.34	5411.4	
874.5	3410.6	
874.67	3264.5	
874.84	5137	
875.01	4128	
875.17	3583.9	
875.34	2618.7	
875.51	4665.3	
875.68	5555.5	
875.84	3233.1	
876.01	3719.1	
876.18	4892.6	
876.34	4803.2	
876.51	2701.3	
876.68	2641.2	
876.85	4540.3	
877.01	5128.8	
877.18	3666.5	
877.35	2616.6	
877.52	4728.8	
877.68	4265.2	
877.85	2652.1	
878.02	2622.1	
878.18	4462.5	
878.35	4406.5	
878.52	2207.7	
878.69	3181.2	
878.85	4963.6	
879.02	4818.9	
879.19	3762.8	
879.35	2869.9	
879.52	4916.5	
879.69	4958.8	
879.86	2429.6	
880.02	2997.5	
880.19	4574.5	
880.36	5426.4	
880.52	3054.2	
880.69	3139.5	
880.86	4945.8	
881.02	4947.9	
881.19	2957.3	
881.36	2869.9	
881.52	4827.1	
881.69	4385.4	
881.86	2869.9	
882.02	2831.7	
882.19	5007.3	
882.36	5799.2	
882.52	2749.7	
882.69	3710.9	
882.86	4735.6	
883.02	4686.4	
883.19	3216	
883.36	2985.9	
883.52	4900.1	
883.69	5532.2	
883.86	2724.5	
884.02	2490.3	
884.19	4909.7	
884.36	4647.5	
884.52	2990	
884.69	2876.7	
884.86	4451.6	
885.02	5345.9	
885.19	2973	
885.36	3070.6	
885.52	4560.1	
885.69	4729.4	
885.86	3743.7	
886.02	3353.9	
886.19	4896.7	
886.35	4454.3	
886.52	2945.7	
886.69	3613.3	
886.85	4278.2	
887.02	5100.1	
887.19	5100.1	
887.35	5100.1	
887.52	5100.1	
887.68	5100.1	
887.85	5100.1	
888.02	5100.1	
888.18	5100.1	
888.35	5100.1	
888.51	5100.1	
888.68	5100.1	
888.85	5100.1	
889.01	5100.1	
889.18	5100.1	
889.35	5100.1	
889.51	5100.1	
889.68	5100.1	
889.84	5100.1	
890.01	5100.1	
890.17	5100.1	
890.34	5100.1	
890.51	5100.1	
890.67	5100.1	
890.84	5100.1	
891	5100.1	
891.17	5100.1	
891.34	5100.1	
891.5	5100.1	
891.67	5100.1	
891.83	5100.1	
892	5100.1	
892.16	5100.1	
892.33	5100.1	
892.5	5100.1	
892.66	5100.1	
892.83	5100.1	
892.99	5100.1	
893.16	5100.1	
893.32	5100.1	
893.49	5100.1	
893.65	5100.1	
893.82	5100.1	
893.99	5100.1	
894.15	5100.1	
894.32	5100.1	
894.48	5100.1	
894.65	5100.1	
894.81	5100.1	
894.98	5100.1	
895.14	5100.1	
895.31	5100.1	
895.47	5100.1	
895.64	5100.1	
895.81	5100.1	
895.97	5100.1	
896.14	5100.1	
896.3	5100.1	
896.47	5100.1	
896.63	5100.1	
896.8	5100.1	
896.96	5100.1	
897.13	5100.1	
897.29	5100.1	
897.46	5100.1	
897.62	5100.1	
897.79	5100.1	
897.95	5100.1	
898.12	5100.1	
898.28	5100.1	
898.45	5100.1	
898.61	5100.1	
898.78	5100.1	
898.94	5100.1	
899.11	5100.1	
899.27	5100.1	
899.44	5100.1	
899.6	5100.1	
899.77	5100.1	
899.93	5100.1	
900.1	5100.1	
900.26	5100.1	
900.43	5100.1	
900.59	5100.1	
900.76	5100.1	
900.92	5100.1	
901.09	5100.1	
901.25	5100.1	
901.42	5100.1	
901.58	5100.1	
901.75	5100.1	
901.91	5100.1	
902.07	5100.1	
902.24	5100.1	
902.4	5100.1	
902.57	5100.1	
902.73	5100.1	
902.9	5100.1	
903.06	5100.1	
903.23	5100.1	
903.39	5100.1	
903.56	5100.1	
903.72	5100.1	
903.88	5100.1	
904.05	5100.1	
904.21	5100.1	
904.38	5100.1	
904.54	5100.1	
904.71	5100.1	
904.87	5100.1	
905.03	5100.1	
905.2	5100.1	
905.36	5100.1	
905.53	5100.1	
905.69	5100.1	
905.86	5100.1	
906.02	5100.1	
906.18	5100.1	
906.35	5100.1	
906.51	5100.1	
906.68	5100.1	
906.84	5100.1	
907.01	5100.1	
907.17	5100.1	
907.33	5100.1	
907.5	5100.1	
907.66	5100.1	
907.83	5100.1	
907.99	5100.1	
908.15	5100.1	
908.32	5100.1	
908.48	5100.1	
908.65	5100.1	
908.81	5100.1	
908.97	5100.1	
909.14	5100.1	
909.3	5100.1	
909.47	5100.1	
909.63	5100.1	
909.79	5100.1	
909.96	5100.1	
910.12	5100.1	
910.28	5100.1	
910.45	5100.1	
910.61	5100.1	
910.78	5100.1	
910.94	5100.1	
911.1	5100.1	
911.27	5100.1	
911.43	5100.1	
911.59	5100.1	
911.76	5100.1	
911.92	5100.1	
912.08	5100.1	
912.25	5100.1	
912.41	5100.1	
912.57	5100.1	
912.74	5100.1	
912.9	5100.1	
913.07	5100.1	
913.23	5100.1	
913.39	5100.1	
913.56	5100.1	
913.72	5100.1	
913.88	5100.1	
914.05	5100.1	
914.21	5100.1	
914.37	5100.1	
914.54	5100.1	
914.7	5100.1	
914.86	5100.1	
915.03	5100.1	
915.19	5100.1	
