Wavelength	Intensities	
nm	a.u.	
179.22	1931.6	
179.44	1933.3	
179.65	1929.9	
179.86	1936.7	
180.08	1947.6	
180.29	5020.3	
180.51	3560.7	
180.72	5674.9	
180.94	6768.5	
181.15	3302.7	
181.37	3257.6	
181.58	5589.6	
181.79	5880.4	
182.01	3447.4	
182.22	3746.4	
182.44	5856.5	
182.65	4902.8	
182.87	4701.5	
183.08	4083.6	
183.29	6185.5	
183.51	5057.1	
183.72	3758	
183.94	5480.4	
184.15	5410.7	
184.37	5520	
184.58	3266.5	
184.79	4483.7	
185.01	5082.4	
185.22	5804.6	
185.44	4791.6	
185.65	3991.5	
185.86	5315.2	
186.08	4882.4	
186.29	3178.4	
186.51	3398.9	
186.72	5076.2	
186.94	5995.1	
187.15	3938.9	
187.36	4106.9	
187.58	7927	
187.79	5588.2	
188.01	4299.4	
188.22	6793.8	
188.43	6757.6	
188.65	5816.9	
188.86	3426.9	
189.08	4136.9	
189.29	5274.9	
189.5	5284.4	
189.72	3804.4	
189.93	3856.3	
190.15	6074.3	
190.36	7294.9	
190.57	4229.7	
190.79	4059.8	
191	6218.3	
191.22	6156.2	
191.43	4187.4	
191.64	3409.9	
191.86	6391.7	
192.07	6068.8	
192.29	3560.7	
192.5	3835.2	
192.71	6044.2	
192.93	5186.1	
193.14	3812.6	
193.35	3839.3	
193.57	5222.3	
193.78	6130.3	
194	3028.3	
194.21	3758.7	
194.42	4958.1	
194.64	5521.3	
194.85	4092.5	
195.07	4874.8	
195.28	5560.2	
195.49	4724.7	
195.71	5100.8	
195.92	3479.5	
196.13	5702.2	
196.35	5853.1	
196.56	5480.4	
196.78	4097.3	
196.99	7187	
197.2	6664.8	
197.42	4708.3	
197.63	4175.8	
197.84	4885.1	
198.06	5662.6	
198.27	3800.3	
198.48	5195	
198.7	5246.2	
198.91	5378	
199.13	4168.3	
199.34	4130.1	
199.55	5883.1	
199.77	4733.5	
199.98	3591.5	
200.19	4192.2	
200.41	5307.7	
200.62	5140.4	
200.83	4410.6	
201.05	4635.9	
201.26	5408	
201.47	5137.7	
201.69	3676.1	
201.9	3479.5	
202.11	5443.5	
202.33	6533	
202.54	3925.3	
202.76	4429.8	
202.97	5611.4	
203.18	5630.5	
203.4	4343.7	
203.61	4252.3	
203.82	5565	
204.04	5182.7	
204.25	4202.4	
204.46	4148.5	
204.68	5494	
204.89	5750.7	
205.1	4076.8	
205.32	3524.6	
205.53	5879.7	
205.74	6069.5	
205.96	2977.1	
206.17	4273.4	
206.38	5893.4	
206.6	6049	
206.81	4817.5	
207.02	3898.6	
207.24	5732.9	
207.45	6184.9	
207.66	3886.4	
207.88	3364.8	
208.09	5673.6	
208.3	5519.3	
208.52	3621.5	
208.73	3915.7	
208.94	5466.7	
209.15	6214.9	
209.37	3964.9	
209.58	4154	
209.79	6038.1	
210.01	5260.5	
210.22	3149.8	
210.43	3288.4	
210.65	5511.8	
210.86	5944.6	
211.07	3971	
211.29	3603.1	
211.5	5876.3	
211.71	5437.4	
211.93	3606.5	
212.14	3586	
212.35	5375.9	
212.56	5697.4	
212.78	4139.6	
212.99	3406.5	
213.2	6508.4	
213.42	5243.5	
213.63	3741.6	
213.84	4008.6	
214.06	4834.6	
214.27	4922.6	
214.48	3991.5	
214.69	4235.9	
214.91	6090.7	
215.12	6252.4	
215.33	4311	
215.55	4691.2	
215.76	6834.1	
215.97	5945.9	
216.18	4052.2	
216.4	3953.3	
216.61	5143.1	
216.82	5937.7	
217.04	3673.4	
217.25	3812.6	
217.46	6202.6	
217.67	5939.8	
217.89	3224.2	
218.1	3407.1	
218.31	5558.2	
218.53	5679.7	
218.74	3816.7	
218.95	3728.7	
219.16	5413.5	
219.38	6387.6	
219.59	3682.2	
219.8	4430.4	
220.01	7230.7	
220.23	5530.9	
220.44	4897.4	
220.65	3562.8	
220.87	5563	
221.08	6146.6	
221.29	3343	
221.5	4535.6	
221.72	7587	
221.93	5203.2	
222.14	4218.8	
222.35	4930.1	
222.57	5526.8	
222.78	5808.7	
222.99	3919.1	
223.2	4257	
223.42	5731.6	
223.63	5932.3	
223.84	2992.1	
224.05	3038.5	
224.27	7077.8	
224.48	6525.5	
224.69	4889.2	
224.9	4157.4	
225.12	5707.7	
225.33	5446.9	
225.54	3343.7	
225.75	3716.4	
225.97	5056.4	
226.18	5385.5	
226.39	4054.3	
226.6	3685	
226.82	5244.8	
227.03	5057.8	
227.24	4128.7	
227.45	3401.7	
227.67	5870.2	
227.88	6542.6	
228.09	4628.4	
228.3	4711	
228.52	5944.6	
228.73	5439.4	
228.94	3878.9	
229.15	3448.8	
229.36	5410.7	
229.58	5419.6	
229.79	3878.9	
230	4588.8	
230.21	6527.6	
230.43	5624.4	
230.64	4135.5	
230.85	4308.2	
231.06	5899.5	
231.28	5869.5	
231.49	3419.4	
231.7	4014	
231.91	5779.4	
232.12	5511.8	
232.34	3485	
232.55	4048.2	
232.76	6146	
232.97	5722	
233.18	3644.7	
233.4	4078.2	
233.61	5707.7	
233.82	5282.4	
234.03	3846.1	
234.25	3736.9	
234.46	7698.3	
234.67	5571.2	
234.88	4290.5	
235.09	3718.4	
235.31	5824.4	
235.52	5322.7	
235.73	4126.7	
235.94	3420.8	
236.15	5255.8	
236.37	6709.1	
236.58	3657	
236.79	3977.2	
237	5795.1	
237.21	4977.2	
237.43	4290.5	
237.64	3318.4	
237.85	10153	
238.06	5044.8	
238.27	4384.7	
238.48	3445.4	
238.7	5858.6	
238.91	5359.5	
239.12	3965.6	
239.33	3945.8	
239.54	5132.9	
239.76	5419.6	
239.97	3869.3	
240.18	3943.7	
240.39	6952.9	
240.6	5715.9	
240.82	4121.9	
241.03	3353.2	
241.24	5492.7	
241.45	6451.1	
241.66	3609.2	
241.87	4320.5	
242.09	6240.8	
242.3	6634.1	
242.51	4358.1	
242.72	3992.9	
242.93	5969.8	
243.14	5398.4	
243.36	4607.9	
243.57	4994.3	
243.78	6368.5	
243.99	5933.6	
244.2	3988.8	
244.41	3637.2	
244.63	5033.9	
244.84	5801.9	
245.05	4302.8	
245.26	3966.9	
245.47	5773.2	
245.68	6050.4	
245.9	5325.4	
246.11	4159.4	
246.32	5369.1	
246.53	5780.7	
246.74	6553.5	
246.95	3370.3	
247.16	4955.4	
247.38	5451.7	
247.59	3270.6	
247.8	4019.5	
248.01	5145.2	
248.22	5389.6	
248.43	3609.9	
248.64	3882.9	
248.86	4810	
249.07	5257.1	
249.28	3491.1	
249.49	4038.6	
249.7	6078.4	
249.91	6221.7	
250.12	3319.8	
250.34	3351.8	
250.55	5610.1	
250.76	5507	
250.97	4090.5	
251.18	4234.5	
251.39	6233.3	
251.6	5683.1	
251.81	4250.2	
252.03	4196.3	
252.24	5184.8	
252.45	5991	
252.66	3441.3	
252.87	4394.3	
253.08	5559.6	
253.29	7280.5	
253.5	3513.6	
253.72	4878.3	
253.93	5301.5	
254.14	6505.7	
254.35	3770.3	
254.56	3919.8	
254.77	5721.3	
254.98	5099.4	
255.19	3747.1	
255.41	4861.9	
255.62	5555.5	
255.83	6170.5	
256.04	4258.4	
256.25	4201.7	
256.46	6572.6	
256.67	5184.1	
256.88	4098	
257.09	4579.9	
257.31	5162.9	
257.52	5179.3	
257.73	5211.4	
257.94	3747.8	
258.15	5331.5	
258.36	5547.9	
258.57	4747.2	
258.78	2998.9	
258.99	5956.9	
259.2	5347.9	
259.41	3848.8	
259.63	3888.4	
259.84	6358.3	
260.05	6845	
260.26	5003.2	
260.47	3684.3	
260.68	6088.6	
260.89	5368.4	
261.1	4635.9	
261.31	3614.7	
261.52	6109.1	
261.73	6507.1	
261.95	4989.5	
262.16	4370.4	
262.37	6208.8	
262.58	6307.7	
262.79	4868	
263	3906.2	
263.21	5489.9	
263.42	4947.2	
263.63	3889.8	
263.84	3875.4	
264.05	6048.3	
264.26	6461.3	
264.47	4788.8	
264.69	4115.1	
264.9	6178.7	
265.11	5717.2	
265.32	3701.4	
265.53	3783.3	
265.74	5655.8	
265.95	4909	
266.16	4067.9	
266.37	4541	
266.58	5609.4	
266.79	5360.2	
267	3736.9	
267.21	3517.7	
267.42	5069.4	
267.63	5498.1	
267.84	3932.1	
268.06	3377.1	
268.27	5887.9	
268.48	6294.8	
268.69	3889.1	
268.9	4580.6	
269.11	6208.8	
269.32	4974.5	
269.53	3966.9	
269.74	3685.7	
269.95	5877.7	
270.16	4858.5	
270.37	3945.8	
270.58	4577.2	
270.79	5326.1	
271	6075	
271.21	4293.2	
271.42	4071.4	
271.63	5635.3	
271.84	5110.4	
272.05	3155.9	
272.26	3652.2	
272.47	5568.4	
272.68	5756.2	
272.89	3801.7	
273.11	4474.8	
273.32	5322	
273.53	6608.1	
273.74	4323.3	
273.95	4215.4	
274.16	6148.7	
274.37	5633.3	
274.58	4326.7	
274.79	3495.9	
275	5643.5	
275.21	6238.8	
275.42	5308.3	
275.63	4510.3	
275.84	5748	
276.05	7265.5	
276.26	4225	
276.47	3878.9	
276.68	5382.1	
276.89	6550.1	
277.1	4554	
277.31	3538.2	
277.52	5775.3	
277.73	5935.7	
277.94	3446	
278.15	3889.1	
278.36	5724.1	
278.57	5158.2	
278.78	3769.6	
278.99	4333.5	
279.2	5126.1	
279.41	5007.3	
279.62	5029.8	
279.83	3519.1	
280.04	6709.1	
280.25	4984.1	
280.46	5039.4	
280.67	3979.2	
280.88	5106.3	
281.09	6202.6	
281.3	4161.5	
281.51	5349.3	
281.72	5227.8	
281.93	6051.7	
282.14	3728	
282.35	4012	
282.56	6001.2	
282.77	5956.2	
282.98	3806.5	
283.19	4674.8	
283.4	7428.7	
283.61	5442.1	
283.82	3418.1	
284.03	4978.6	
284.24	5594.4	
284.45	6152.1	
284.66	4935.6	
284.87	4729.4	
285.08	6122.7	
285.29	6279.1	
285.5	3344.3	
285.71	3912.3	
285.92	6148	
286.12	6883.2	
286.33	4882.4	
286.54	3932.8	
286.75	6013.5	
286.96	5332.9	
287.17	3579.8	
287.38	4926.7	
287.59	5147.2	
287.8	5037.3	
288.01	3966.2	
288.22	4451.6	
288.43	6144.6	
288.64	4997.7	
288.85	4649.6	
289.06	4429.1	
289.27	5972.6	
289.48	6453.1	
289.69	5013.4	
289.9	4535.6	
290.11	6132.3	
290.32	5186.1	
290.53	4646.8	
290.74	4341	
290.94	5990.3	
291.15	6033.3	
291.36	3736.9	
291.57	4475.5	
291.78	5239.4	
291.99	4857.8	
292.2	3562.1	
292.41	4363.5	
292.62	6085.2	
292.83	5833.3	
293.04	5331.5	
293.25	3566.2	
293.46	5297.4	
293.67	6135	
293.88	3750.5	
294.09	3568.9	
294.29	5091.9	
294.5	5687.2	
294.71	4021.5	
294.92	3817.4	
295.13	5274.9	
295.34	6653.9	
295.55	3371	
295.76	3463.8	
295.97	5973.9	
296.18	6728.9	
296.39	3532.1	
296.6	3734.8	
296.81	5667.4	
297.01	5948.7	
297.22	3879.5	
297.43	3730.7	
297.64	5165	
297.85	5126.7	
298.06	3082.9	
298.27	3375.1	
298.48	5525.4	
298.69	5238	
298.9	4041.3	
299.11	3687	
299.31	4954	
299.52	5034.6	
299.73	4357.4	
299.94	4237.2	
300.15	5556.1	
300.36	5103.5	
300.57	4274.8	
300.78	4290.5	
300.99	5362.9	
301.2	5650.3	
301.4	3639.9	
301.61	4112.3	
301.82	5863.3	
302.03	5928.2	
302.24	4617.5	
302.45	3509.5	
302.66	5795.1	
302.87	6363	
303.08	3759.4	
303.29	5180	
303.49	5229.8	
303.7	5541.1	
303.91	3299.3	
304.12	4913.1	
304.33	5020.9	
304.54	5608.7	
304.75	3799.7	
304.96	3548.4	
305.16	5836.7	
305.37	6601.3	
305.58	3278.1	
305.79	3443.3	
306	5797.1	
306.21	4903.5	
306.42	3734.8	
306.63	5794.4	
306.83	5369.8	
307.04	6176.7	
307.25	4145.8	
307.46	4101.4	
307.67	4676.2	
307.88	6003.3	
308.09	3650.8	
308.29	3844	
308.5	5588.9	
308.71	6158.9	
308.92	4017.4	
309.13	3553.2	
309.34	5418.2	
309.55	5480.4	
309.75	4693.9	
309.96	4252.9	
310.17	5934.3	
310.38	5242.1	
310.59	4551.3	
310.8	4218.8	
311.01	5956.9	
311.21	5384.8	
311.42	3556	
311.63	3676.8	
311.84	5231.9	
312.05	5677.7	
312.26	4128.7	
312.46	4588.1	
312.67	5368.4	
312.88	5088.5	
313.09	3592.8	
313.3	3509.5	
313.51	6330.3	
313.71	6723.5	
313.92	3576.4	
314.13	3799	
314.34	5640.8	
314.55	5397.1	
314.76	4691.2	
314.96	4094.6	
315.17	5542.5	
315.38	6005.3	
315.59	3645.4	
315.8	3478.1	
316.01	6462	
316.21	6464.8	
316.42	3491.1	
316.63	4003.1	
316.84	5383.4	
317.05	6282.5	
317.26	4373.8	
317.46	3827	
317.67	5425.8	
317.88	5870.2	
318.09	4579.3	
318.3	3351.8	
318.5	5218.2	
318.71	5841.5	
318.92	6010.1	
319.13	4218.8	
319.34	6081.8	
319.54	6161	
319.75	3388	
319.96	3188.7	
320.17	5902.9	
320.38	6144.6	
320.58	3251.5	
320.79	3981.9	
321	6114.6	
321.21	6332.3	
321.42	3990.1	
321.62	3298.6	
321.83	5051	
322.04	5472.2	
322.25	3809.9	
322.46	3648.1	
322.66	5674.9	
322.87	5730.9	
323.08	4523.3	
323.29	3571.7	
323.5	6600.6	
323.7	5103.5	
323.91	4934.2	
324.12	4477.5	
324.33	5603.2	
324.53	5874.9	
324.74	4233.8	
324.95	4485.1	
325.16	4902.8	
325.37	5319.9	
325.57	3643.3	
325.78	3691.1	
325.99	5630.5	
326.2	4972.5	
326.4	5101.5	
326.61	3323.9	
326.82	5461.9	
327.03	5582.8	
327.24	5192.3	
327.44	4974.5	
327.65	5793	
327.86	4646.8	
328.07	4313	
328.27	3424.2	
328.48	6228.6	
328.69	5091.9	
328.9	5296.7	
329.1	3945.1	
329.31	5388.2	
329.52	6360.3	
329.73	3647.4	
329.93	4119.8	
330.14	5548.6	
330.35	5734.3	
330.56	6051.7	
330.76	4498.7	
330.97	5370.5	
331.18	5743.2	
331.39	4053.6	
331.59	3278.8	
331.8	6150.1	
332.01	6265.4	
332.22	3750.5	
332.42	4231.1	
332.63	5632.6	
332.84	5271.5	
333.05	4059.8	
333.25	3683.6	
333.46	5278.3	
333.67	5492	
333.88	3784.6	
334.08	4299.4	
334.29	7393.8	
334.5	6195.1	
334.7	3560.1	
334.91	5169.1	
335.12	5005.2	
335.33	5972.6	
335.53	3967.6	
335.74	6052.4	
335.95	5193	
336.16	5111	
336.36	4125.3	
336.57	4655	
336.78	5005.9	
336.98	6075.6	
337.19	4969.1	
337.4	3939.6	
337.61	6608.1	
337.81	5046.9	
338.02	3648.8	
338.23	4832.5	
338.43	6376.7	
338.64	5166.3	
338.85	3587.4	
339.05	4844.1	
339.26	6324.8	
339.47	4914.4	
339.68	3641.3	
339.88	5440.8	
340.09	5731.6	
340.3	6015.6	
340.5	4234.5	
340.71	3264.5	
340.92	4982	
341.13	6260.6	
341.33	3528.7	
341.54	4349.2	
341.75	5700.9	
341.95	5413.5	
342.16	4123.2	
342.37	4386.1	
342.57	5083.7	
342.78	5506.3	
342.99	4516.5	
343.19	3216.7	
343.4	5857.9	
343.61	5807.4	
343.81	3801	
344.02	3594.9	
344.23	5905.7	
344.43	6358.9	
344.64	4556.7	
344.85	4405.9	
345.06	5823.7	
345.26	6163.7	
345.47	4220.9	
345.68	4982.7	
345.88	4902.2	
346.09	5973.2	
346.3	4353.3	
346.5	3188.7	
346.71	5528.2	
346.92	5205.9	
347.12	3300.6	
347.33	4183.3	
347.54	6092.7	
347.74	6541.9	
347.95	4119.8	
348.16	3065.1	
348.36	5276.9	
348.57	4945.2	
348.78	4114.4	
348.98	4420.2	
349.19	5436	
349.39	4989.5	
349.6	3340.2	
349.81	3725.9	
350.01	5749.3	
350.22	5179.3	
350.43	3959.4	
350.63	4889.9	
350.84	5510.4	
351.05	5283.8	
351.25	3649.5	
351.46	3345	
351.67	6152.8	
351.87	5263.3	
352.08	3910.3	
352.29	4519.9	
352.49	5995.1	
352.7	5670.8	
352.9	3546.4	
353.11	4455.7	
353.32	6782.2	
353.52	5302.9	
353.73	3494.5	
353.94	4453	
354.14	5802.6	
354.35	5655.8	
354.55	3600.3	
354.76	4048.8	
354.97	5766.4	
355.17	5603.9	
355.38	3360	
355.59	4805.9	
355.79	5216.9	
356	5658.5	
356.2	3988.1	
356.41	3515.7	
356.62	4908.3	
356.82	5418.9	
357.03	4295.3	
357.24	3829	
357.44	5246.9	
357.65	5329.5	
357.85	5177.3	
358.06	4012.7	
358.27	4966.3	
358.47	5143.1	
358.68	3336.8	
358.88	4266.6	
359.09	5780.1	
359.3	6126.2	
359.5	4952.7	
359.71	4331.5	
359.91	6580.1	
360.12	5931.6	
360.33	4271.4	
360.53	4745.8	
360.74	5208.7	
360.94	5272.2	
361.15	4492.6	
361.36	3600.3	
361.56	6043.6	
361.77	5355.4	
361.97	4932.9	
362.18	3920.5	
362.38	6030.6	
362.59	5050.3	
362.8	3568.2	
363	3367.5	
363.21	4861.2	
363.41	5566.4	
363.62	4111	
363.83	5211.4	
364.03	5598.5	
364.24	6604	
364.44	5257.1	
364.65	5170.4	
364.85	5298.8	
365.06	5224.4	
365.27	3784.6	
365.47	3816.7	
365.68	6401.3	
365.88	5276.9	
366.09	4188.1	
366.29	3883.6	
366.5	5610.1	
366.71	6061.3	
366.91	5179.3	
367.12	4390.8	
367.32	6673	
367.53	5863.3	
367.73	4278.9	
367.94	5270.1	
368.14	5793.7	
368.35	6816.3	
368.56	4177.2	
368.76	3568.2	
368.97	5946.6	
369.17	7759.1	
369.38	3768.9	
369.58	3977.2	
369.79	4936.3	
369.99	6298.9	
370.2	5044.1	
370.4	4106.9	
370.61	5684.5	
370.82	6934.4	
371.02	4004.5	
371.23	3364.8	
371.43	4805.2	
371.64	6199.2	
371.84	4075.5	
372.05	5317.9	
372.25	7627.3	
372.46	5963	
372.66	4001	
372.87	3979.9	
373.07	5962.3	
373.28	7701.7	
373.48	5122	
373.69	4771.1	
373.9	5428.5	
374.1	5479	
374.31	4980	
374.51	4502.1	
374.72	6342.6	
374.92	5095.3	
375.13	5213.4	
375.33	4274.1	
375.54	5853.8	
375.74	5276.9	
375.95	4349.2	
376.15	5686.5	
376.36	5824.4	
376.56	5657.2	
376.77	4422.2	
376.97	4921.3	
377.18	6915.3	
377.38	5907.7	
377.59	5256.5	
377.79	3866.6	
378	5726.1	
378.2	6244.3	
378.41	3941.7	
378.61	3825.6	
378.82	6250.4	
379.02	5225.1	
379.23	4107.5	
379.43	5298.8	
379.64	6337.1	
379.84	5857.9	
380.05	3943.7	
380.25	3878.2	
380.46	5946.6	
380.66	5538.4	
380.87	5339.7	
381.07	5716.6	
381.28	6592.4	
381.48	5991.7	
381.69	3977.8	
381.89	4042.7	
382.1	4917.2	
382.3	6169.2	
382.51	5165	
382.71	6028.5	
382.91	6003.3	
383.12	6489.3	
383.32	4360.8	
383.53	4632.5	
383.73	5825.1	
383.94	5732.9	
384.14	4461.2	
384.35	3562.1	
384.55	5610.1	
384.76	6062	
384.96	4334.9	
385.17	4681	
385.37	5957.5	
385.58	5256.5	
385.78	4664.6	
385.98	3515.7	
386.19	5488.6	
386.39	5863.3	
386.6	4187.4	
386.8	4397	
387.01	6006	
387.21	6071.5	
387.42	4797	
387.62	5441.5	
387.83	5288.5	
388.03	6051.7	
388.23	4430.4	
388.44	5249.6	
388.64	4950.6	
388.85	5137.7	
389.05	4781.3	
389.26	5459.2	
389.46	7023.2	
389.67	6471.6	
389.87	4669.4	
390.07	4842.8	
390.28	5653.1	
390.48	5211.4	
390.69	3951.2	
390.89	4260.5	
391.1	5354.8	
391.3	6333.7	
391.5	5434.6	
391.71	6201.9	
391.91	6056.5	
392.12	7118.7	
392.32	5622.4	
392.53	4773.8	
392.73	5419.6	
392.93	5634	
393.14	4395.6	
393.34	5211.4	
393.55	6064.7	
393.75	5638.1	
393.95	4417.5	
394.16	4412	
394.36	5440.1	
394.57	6156.2	
394.77	3901.4	
394.98	4367	
395.18	5346.6	
395.38	5542.5	
395.59	5272.2	
395.79	4175.1	
396	5487.9	
396.2	5980.8	
396.4	4954	
396.61	4883	
396.81	6184.9	
397.02	5362.9	
397.22	5229.8	
397.42	5347.9	
397.63	6096.1	
397.83	5292.6	
398.04	4018.8	
398.24	4631.8	
398.44	5961	
398.65	4939.7	
398.85	3897.3	
399.05	4016.7	
399.26	5256.5	
399.46	7176.1	
399.67	4463.2	
399.87	4175.8	
400.07	5689.9	
400.28	6034	
400.48	4244.1	
400.69	5351.3	
400.89	6760.3	
401.09	6795.2	
401.3	4044.1	
401.5	5316.5	
401.7	6954.9	
401.91	7212.3	
402.11	4433.9	
402.32	4676.9	
402.52	6277.7	
402.72	6119.3	
402.93	4814.8	
403.13	3709.6	
403.33	7075.7	
403.54	5685.2	
403.74	4555.4	
403.94	5540.4	
404.15	5819	
404.35	7015.7	
404.56	4392.2	
404.76	6359.6	
404.96	6300.9	
405.17	6014.9	
405.37	5759.6	
405.57	4928.8	
405.78	6309.1	
405.98	5692	
406.18	4317.1	
406.39	5348.6	
406.59	6318.7	
406.79	5857.2	
407	4184.7	
407.2	4377.2	
407.4	6301.6	
407.61	6567.2	
407.81	4318.5	
408.01	6574.7	
408.22	5273.5	
408.42	7466.9	
408.62	5427.8	
408.83	4867.3	
409.03	5907.7	
409.23	5681.7	
409.44	4924	
409.64	5189.6	
409.84	6743.3	
410.05	6692.8	
410.25	5007.3	
410.45	4779.3	
410.66	6090	
410.86	8753	
411.06	5267.4	
411.27	5073.5	
411.47	8508.6	
411.67	6371.9	
411.88	5416.9	
412.08	5634.6	
412.28	6944.7	
412.49	7462.1	
412.69	5109	
412.89	5054.4	
413.09	7237.5	
413.3	7135.8	
413.5	5148.6	
413.7	4726.7	
413.91	6378.1	
414.11	7204.1	
414.31	5033.2	
414.52	5439.4	
414.72	6908.5	
414.92	6792.4	
415.12	4940.4	
415.33	5573.2	
415.53	7271.7	
415.73	7367.9	
415.94	5887.9	
416.14	5337	
416.34	6085.2	
416.55	5881.8	
416.75	6596.5	
416.95	5957.5	
417.15	7198.6	
417.36	7942.7	
417.56	6715.3	
417.76	5696.1	
417.97	7598.6	
418.17	7214.3	
418.37	5234.6	
418.57	5442.8	
418.78	6960.4	
418.98	6607.4	
419.18	6302.3	
419.38	6229.9	
419.59	6716.7	
419.79	6321.4	
419.99	5281	
420.2	5671.5	
420.4	7197.9	
420.6	7474.4	
420.8	5135.6	
421.01	5002.5	
421.21	6991.1	
421.41	7211.6	
421.61	5679	
421.82	5257.8	
422.02	6449.1	
422.22	7571.3	
422.42	6095.4	
422.63	5719.3	
422.83	6713.9	
423.03	7820.5	
423.23	5830.6	
423.44	4649.6	
423.64	6681.8	
423.84	6421.7	
424.04	5191.6	
424.25	4802.5	
424.45	7733.1	
424.65	7703.1	
424.85	4635.9	
425.06	5257.8	
425.26	7610.9	
425.46	6527.6	
425.66	5720.7	
425.87	5418.9	
426.07	7423.2	
426.27	7275.1	
426.47	5519.3	
426.67	4889.2	
426.88	7773.4	
427.08	7217	
427.28	5801.2	
427.48	4846.9	
427.69	6054.5	
427.89	6771.9	
428.09	5754.8	
428.29	4882.4	
428.5	7471.7	
428.7	6893.5	
428.9	4772.4	
429.1	5433.3	
429.3	6896.2	
429.51	7318.8	
429.71	5137	
429.91	5896.8	
430.11	7146	
430.31	7439.6	
430.52	5413.5	
430.72	5691.3	
430.92	7791.2	
431.12	7229.3	
431.32	5091.9	
431.53	5516.5	
431.73	6043.6	
431.93	7861.5	
432.13	4952.7	
432.33	4840	
432.54	6576	
432.74	7036.8	
432.94	4827.7	
433.14	5963.7	
433.34	7090.8	
433.55	6547.4	
433.75	5843.5	
433.95	7652.6	
434.15	6886.6	
434.35	6519.4	
434.56	4997.7	
434.76	4453	
434.96	6915.3	
435.16	7108.5	
435.36	4811.4	
435.56	6000.5	
435.77	6489.3	
435.97	6728.3	
436.17	6733.7	
436.37	5889.3	
436.57	6474.3	
436.78	6425.8	
436.98	7865.6	
437.18	6583.5	
437.38	7130.3	
437.58	6674.3	
437.78	6725.5	
437.99	5206.6	
438.19	7116.7	
438.39	8757.8	
438.59	5212.8	
438.79	4686.4	
438.99	7927	
439.2	6665.5	
439.4	4866.7	
439.6	4824.3	
439.8	7103	
440	8148.9	
440.2	5870.8	
440.4	6076.3	
440.61	7397.9	
440.81	8074.5	
441.01	5108.3	
441.21	6021.7	
441.41	7873.8	
441.61	7406.8	
441.81	6323.4	
442.02	7290.8	
442.22	8348.2	
442.42	7537.2	
442.62	5075.5	
442.82	5111.7	
443.02	7843	
443.22	6978.8	
443.43	5657.2	
443.63	5134.9	
443.83	6658.6	
444.03	6768.5	
444.23	6447.7	
444.43	5996.5	
444.63	7033.4	
444.83	8396	
445.04	5171.1	
445.24	6479.1	
445.44	7412.3	
445.64	7522.2	
445.84	6109.1	
446.04	6018.3	
446.24	6775.4	
446.44	7873.8	
446.65	5196.4	
446.85	5610.1	
447.05	7181.5	
447.25	7692.9	
447.45	5678.3	
447.65	4990.2	
447.85	7121.5	
448.05	6759	
448.25	6160.3	
448.46	5927.5	
448.66	7081.2	
448.86	6782.9	
449.06	4857.8	
449.26	6135	
449.46	7510.6	
449.66	6511.9	
449.86	5645.6	
450.06	5605.3	
450.26	6690.7	
450.47	7325.6	
450.67	5903.6	
450.87	6258.6	
451.07	7302.4	
451.27	7148.8	
451.47	5144.5	
451.67	5640.8	
451.87	6718	
452.07	7991.9	
452.27	5380.7	
452.47	5282.4	
452.67	7058	
452.88	7711.3	
453.08	4682.3	
453.28	6823.8	
453.48	8383	
453.68	7021.1	
453.88	5272.8	
454.08	5499.5	
454.28	7466.9	
454.48	7141.3	
454.68	6102.3	
454.88	6733.7	
455.08	7589.8	
455.28	7309.2	
455.48	5210	
455.68	5803.9	
455.89	8046.5	
456.09	7736.5	
456.29	5516.5	
456.49	5616.2	
456.69	7951.6	
456.89	7369.3	
457.09	6066.8	
457.29	6445.6	
457.49	7470.3	
457.69	7620.5	
457.89	5934.3	
458.09	5255.1	
458.29	7241.6	
458.49	7993.9	
458.69	6298.9	
458.89	5697.4	
459.09	8211	
459.29	8292.9	
459.49	5832.6	
459.69	6644.3	
459.9	7734.5	
460.1	7124.9	
460.3	5715.9	
460.5	5532.2	
460.7	7696.3	
460.9	7421.8	
461.1	5090.6	
461.3	6505	
461.5	8376.2	
461.7	8036.9	
461.9	5562.3	
462.1	6119.3	
462.3	7450.5	
462.5	8116.1	
462.7	5612.1	
462.9	5751.4	
463.1	9146.9	
463.3	8798.8	
463.5	5847	
463.7	6901.7	
463.9	7589.1	
464.1	8064.9	
464.3	6001.2	
464.5	6315.3	
464.7	8342.7	
464.9	7838.9	
465.1	7702.4	
465.3	6580.1	
465.5	8681.3	
465.7	8665	
465.9	6852.5	
466.1	6757.6	
466.3	8375.5	
466.5	8146.8	
466.7	7734.5	
466.9	6514.6	
467.1	8139.3	
467.3	9157.2	
467.5	7664.2	
467.7	6384.9	
467.9	9280	
468.1	10285	
468.3	7186.3	
468.5	7671.7	
468.7	8059.4	
468.9	8087.4	
469.1	6711.2	
469.3	7413.6	
469.5	10127	
469.7	7570.7	
469.9	7159.7	
470.1	6409.5	
470.3	8002.8	
470.5	8127	
470.7	7709.9	
470.9	6447.7	
471.1	7798.7	
471.3	8314.8	
471.5	6296.1	
471.69	8434.9	
471.89	7792.5	
472.09	7252.5	
472.29	7139.2	
472.49	7534.5	
472.69	7472.4	
472.89	8385.1	
473.09	6135.7	
473.29	6343.9	
473.49	7539.9	
473.69	7803.4	
473.89	7402	
474.09	6514.6	
474.29	9131.2	
474.49	8830.8	
474.69	7334.5	
474.89	6675.7	
475.09	7827.3	
475.29	7752.2	
475.49	6010.1	
475.69	6300.2	
475.88	9530.6	
476.08	8131.1	
476.28	5890.6	
476.48	6477.7	
476.68	8617.9	
476.88	8488.8	
477.08	6359.6	
477.28	6599.2	
477.48	7880.6	
477.68	8661.5	
477.88	6082.5	
478.08	6458.6	
478.28	8919.6	
478.48	8105.2	
478.67	6492.7	
478.87	5894.1	
479.07	8736.6	
479.27	8094.9	
479.47	6722.8	
479.67	6728.3	
479.87	8461.5	
480.07	9043.8	
480.27	5857.9	
480.47	7662.8	
480.67	8184.4	
480.87	8847.2	
481.06	6163.7	
481.26	7029.3	
481.46	8062.9	
481.66	8040.3	
481.86	6668.2	
482.06	7815.7	
482.26	7777.5	
482.46	8924.4	
482.66	6578.1	
482.86	6172.6	
483.05	8140.7	
483.25	7566.6	
483.45	9174.2	
483.65	6596.5	
483.85	7705.1	
484.05	8056	
484.25	7053.9	
484.45	7557	
484.65	8895	
484.84	8923.7	
485.04	6479.1	
485.24	6516	
485.44	9264.3	
485.64	7499	
485.84	5838.1	
486.04	7264.1	
486.24	7865.6	
486.44	8314.8	
486.63	5750.7	
486.83	6612.9	
487.03	7776.1	
487.23	7947.5	
487.43	5855.8	
487.63	8372.8	
487.83	8092.9	
488.02	9112.8	
488.22	6905.1	
488.42	7532.4	
488.62	8956.4	
488.82	7761.1	
489.02	6524.1	
489.22	6526.9	
489.41	8784.4	
489.61	8398	
489.81	6270.2	
490.01	6297.5	
490.21	8677.2	
490.41	9312.8	
490.61	6093.4	
490.8	6369.9	
491	8032.1	
491.2	7465.5	
491.4	7016.3	
491.6	6117.3	
491.8	8059.4	
491.99	8316.1	
492.19	5933.6	
492.39	6324.1	
492.59	8733.2	
492.79	8873.2	
492.99	7273.7	
493.18	6255.9	
493.38	8867.7	
493.58	9667.1	
493.78	7125.6	
493.98	6625.2	
494.18	8581.7	
494.37	8066.9	
494.57	7324.9	
494.77	7137.9	
494.97	8771.5	
495.17	9054.1	
495.37	6724.8	
495.56	6963.8	
495.76	9209	
495.96	8781	
496.16	7908.6	
496.36	6764.4	
496.55	8967.4	
496.75	8561.2	
496.95	7214.3	
497.15	7025.2	
497.35	8941.4	
497.54	8948.3	
497.74	6901	
497.94	8725.7	
498.14	9650.7	
498.34	9536.7	
498.53	6567.2	
498.73	7468.9	
498.93	8352.3	
499.13	9005.6	
499.33	7236.2	
499.52	7765.9	
499.72	8905.9	
499.92	9260.2	
500.12	6772.6	
500.32	7060.7	
500.51	9196.7	
500.71	8836.3	
500.91	7947.5	
501.11	7486	
501.31	9097.1	
501.5	9529.9	
501.7	8191.9	
501.9	7122.2	
502.1	8939.4	
502.29	9254.1	
502.49	7567.2	
502.69	8120.2	
502.89	8995.4	
503.09	9042.5	
503.28	6642.2	
503.48	6712.6	
503.68	8244.4	
503.88	8264.9	
504.07	7754.3	
504.27	7205.4	
504.47	8646.5	
504.67	8852	
504.86	7664.2	
505.06	7266.2	
505.26	8273.8	
505.46	10236	
505.65	7074.4	
505.85	7340.6	
506.05	8174.8	
506.25	8728.4	
506.44	6358.9	
506.64	7505.1	
506.84	8153	
507.04	9112.8	
507.23	6663.4	
507.43	7198.6	
507.63	10186	
507.83	8372.1	
508.02	7210.2	
508.22	6759.7	
508.42	10467	
508.62	7950.2	
508.81	7033.4	
509.01	7594.6	
509.21	7918.1	
509.4	8236.9	
509.6	7350.8	
509.8	6636.8	
510	8282	
510.19	9911.5	
510.39	6645.7	
510.59	6739.9	
510.79	7993.9	
510.98	9502.6	
511.18	6747.4	
511.38	6830.7	
511.57	8827.4	
511.77	8713.4	
511.97	7603.4	
512.17	6461.3	
512.36	8910.7	
512.56	8815.8	
512.76	6571.9	
512.95	6429.3	
513.15	9000.1	
513.35	7576.8	
513.55	7496.9	
513.74	6642.2	
513.94	9006.3	
514.14	8325	
514.33	7662.8	
514.53	7321.5	
514.73	8252.6	
514.92	8533.2	
515.12	6823.8	
515.32	6640.9	
515.51	8594.6	
515.71	9263.6	
515.91	8451.3	
516.11	6750.1	
516.3	10460	
516.5	8264.2	
516.7	7230.7	
516.89	7935.9	
517.09	8327.7	
517.29	8213.7	
517.48	7858.7	
517.68	7004.7	
517.88	8068.3	
518.07	8754.4	
518.27	7567.9	
518.47	6593.1	
518.66	9300.5	
518.86	7825.3	
519.06	6339.1	
519.25	6809.5	
519.45	8258.8	
519.65	9780.4	
519.84	7492.2	
520.04	8206.9	
520.24	10178	
520.43	8790.6	
520.63	7128.3	
520.83	6849.1	
521.02	7997.3	
521.22	8672.5	
521.42	7436.2	
521.61	8073.1	
521.81	8335.2	
522.01	8546.9	
522.2	7436.2	
522.4	7090.1	
522.6	9110.7	
522.79	7821.9	
522.99	7207.5	
523.18	6499.6	
523.38	8808.3	
523.58	8682	
523.77	8676.6	
523.97	6406.7	
524.17	10691	
524.36	9833	
524.56	7849.2	
524.76	7560.4	
524.95	8804.2	
525.15	8322.9	
525.34	7269.6	
525.54	7194.5	
525.74	9060.9	
525.93	8062.9	
526.13	8388.5	
526.33	7120.1	
526.52	9337.4	
526.72	8889.5	
526.91	8477.2	
527.11	7681.2	
527.31	9457.5	
527.5	9915.6	
527.7	7591.8	
527.89	6535.1	
528.09	8286.1	
528.29	8876.6	
528.48	8037.6	
528.68	7695.6	
528.87	9346.9	
529.07	9176.9	
529.27	7496.2	
529.46	6974.7	
529.66	8829.5	
529.85	9240.4	
530.05	6792.4	
530.25	7598	
530.44	10272	
530.64	8729.1	
530.83	7277.1	
531.03	7593.2	
531.23	9221.3	
531.42	9242.5	
531.62	8402.1	
531.81	7492.8	
532.01	9379	
532.21	9934.7	
532.4	7190.4	
532.6	7568.6	
532.79	10412	
532.99	9424.8	
533.18	7610.3	
533.38	8690.9	
533.58	8877.9	
533.77	9775.6	
533.97	7536.5	
534.16	8391.9	
534.36	10006	
534.55	8896.4	
534.75	8443.8	
534.95	7521.5	
535.14	9740.1	
535.34	8926.4	
535.53	7171.3	
535.73	9274.6	
535.92	10243	
536.12	9192.6	
536.31	7310.6	
536.51	8604.9	
536.71	9426.1	
536.9	9009	
537.1	7571.3	
537.29	7708.6	
537.49	9982.5	
537.68	8890.9	
537.88	8102.4	
538.07	7252.5	
538.27	9149	
538.46	10223	
538.66	7112.6	
538.86	7593.2	
539.05	9195.4	
539.25	9542.2	
539.44	7863.5	
539.64	7473	
539.83	9011.1	
540.03	10074	
540.22	7343.3	
540.42	7487.4	
540.61	9296.4	
540.81	9424.8	
541	7950.2	
541.2	8535.9	
541.39	8698.4	
541.59	9211.8	
541.78	8140.7	
541.98	7294.9	
542.18	8347.5	
542.37	8420.6	
542.57	7659.4	
542.76	8206.2	
542.96	8404.9	
543.15	9210.4	
543.35	7726.3	
543.54	6954.9	
543.74	9519	
543.93	9038.4	
544.13	7671	
544.32	8789.9	
544.52	9420	
544.71	8630.8	
544.91	6711.2	
545.1	8060.1	
545.3	8545.5	
545.49	9337.4	
545.69	6649.8	
545.88	7342	
546.08	10285	
546.27	9870.5	
546.47	7806.2	
546.66	7027.9	
546.86	9544.2	
547.05	10228	
547.24	7367.2	
547.44	7149.5	
547.63	8388.5	
547.83	9617.9	
548.02	7589.1	
548.22	7850.5	
548.41	8213	
548.61	9652.8	
548.8	7080.5	
549	7046.4	
549.19	8870.4	
549.39	9205.6	
549.58	6763.1	
549.78	7354.3	
549.97	9303.9	
550.17	8824.7	
550.36	8331.1	
550.55	9463.7	
550.75	8806.3	
550.94	9773.6	
551.14	7038.9	
551.33	7468.9	
551.53	8112	
551.72	9166	
551.92	7531.1	
552.11	7267.6	
552.31	9241.1	
552.5	9265	
552.69	9072.5	
552.89	6855.2	
553.08	9211.1	
553.28	8783.1	
553.47	7292.8	
553.67	8423.3	
553.86	9954.5	
554.06	8127	
554.25	6488	
554.44	7033.4	
554.64	10647	
554.83	10254	
555.03	6983.6	
555.22	7305.8	
555.42	9359.2	
555.61	9039.7	
555.8	7234.1	
556	7513.3	
556.19	8245.8	
556.39	9607.7	
556.58	7275.8	
556.78	7249.8	
556.97	9008.3	
557.16	8671.8	
557.36	8533.2	
557.55	6891.4	
557.75	7938.6	
557.94	9847.3	
558.13	7033.4	
558.33	6768.5	
558.52	9486.2	
558.72	8398	
558.91	6868.9	
559.1	7037.5	
559.3	7996	
559.49	7727.7	
559.69	6314.6	
559.88	7440.3	
560.07	8959.2	
560.27	9341.5	
560.46	7656.7	
560.66	7837.6	
560.85	8710.7	
561.04	7893.6	
561.24	6821.1	
561.43	6965.8	
561.63	8169.3	
561.82	8389.2	
562.01	8329.8	
562.21	7345.4	
562.4	8906.6	
562.59	9814.5	
562.79	7145.4	
562.98	6852.5	
563.18	8666.3	
563.37	10372	
563.56	7662.1	
563.76	6722.8	
563.95	8215.8	
564.14	8187.1	
564.34	7230.7	
564.53	6848.4	
564.73	8735.3	
564.92	9143.5	
565.11	7292.8	
565.31	6556.2	
565.5	9308.7	
565.69	8217.1	
565.89	6812.2	
566.08	7078.5	
566.27	9316.9	
566.47	9545.6	
566.66	7870.3	
566.85	6371.9	
567.05	8850.6	
567.24	8146.1	
567.44	6739.9	
567.63	8309.3	
567.82	8979.7	
568.02	8612.4	
568.21	6770.6	
568.4	7183.6	
568.6	8502.5	
568.79	8574.2	
568.98	6429.9	
569.18	6646.3	
569.37	8580.3	
569.56	10594	
569.76	7051.8	
569.95	8050.6	
570.14	8850.6	
570.34	8777.6	
570.53	6384.9	
570.72	6408.8	
570.91	9212.4	
571.11	8303.8	
571.3	6968.6	
571.49	7918.8	
571.69	8360.5	
571.88	7953.6	
572.07	7534.5	
572.27	7489.4	
572.46	7934.5	
572.65	8996	
572.85	6658.6	
573.04	7121.5	
573.23	9234.3	
573.43	8562.6	
573.62	6379.4	
573.81	7093.5	
574	8477.9	
574.2	8255.4	
574.39	6747.4	
574.58	6937.8	
574.78	9394	
574.97	8578.9	
575.16	7204.1	
575.36	7481.2	
575.55	8929.1	
575.74	9096.4	
575.93	6300.2	
576.13	7290.8	
576.32	8258.8	
576.51	8781.7	
576.71	6657.3	
576.9	8220.5	
577.09	9198.1	
577.28	8791.9	
577.48	7296.9	
577.67	6285.2	
577.86	8430.1	
578.05	8720.9	
578.25	6947.4	
578.44	7071	
578.63	8432.9	
578.83	9737.4	
579.02	6223.1	
579.21	7942.7	
579.4	8788.5	
579.6	8325.7	
579.79	7201.3	
579.98	9479.4	
580.17	9103.2	
580.37	9170.1	
580.56	6644.3	
580.75	7349.5	
580.94	9706.7	
581.14	9500.5	
581.33	7946.1	
581.52	6749.4	
581.71	9039.7	
581.91	9740.8	
582.1	6410.1	
582.29	7129	
582.48	8650.6	
582.68	8535.3	
582.87	7705.8	
583.06	7240.3	
583.25	8974.9	
583.45	8779	
583.64	7946.1	
583.83	8675.9	
584.02	8412.4	
584.21	8882.7	
584.41	7983.7	
584.6	7181.5	
584.79	8581.7	
584.98	9495.1	
585.18	6567.2	
585.37	6653.2	
585.56	8103.1	
585.75	9032.9	
585.94	6812.9	
586.14	7543.4	
586.33	9691	
586.52	8601.5	
586.71	7354.9	
586.91	7044.3	
587.1	7911.3	
587.29	9046.6	
587.48	6941.9	
587.67	6733.7	
587.87	8873.8	
588.06	8920.3	
588.25	8161.8	
588.44	7384.3	
588.63	8381	
588.83	8928.5	
589.02	6606.7	
589.21	6535.8	
589.4	8052.6	
589.59	7869.7	
589.78	5760.3	
589.98	6094.1	
590.17	7482.6	
590.36	8077.2	
590.55	5425.8	
590.74	6358.9	
590.94	9564.7	
591.13	7993.2	
591.32	6113.9	
591.51	5592.3	
591.7	8470.4	
591.89	7859.4	
592.09	5756.2	
592.28	6199.9	
592.47	7102.4	
592.66	9102.5	
592.85	5730.9	
593.05	6005.3	
593.24	7804.8	
593.43	8637.6	
593.62	6053.1	
593.81	6607.4	
594	7890.1	
594.19	8135.2	
594.39	6034	
594.58	5943.9	
594.77	8147.5	
594.96	8774.2	
595.15	5771.9	
595.34	6526.2	
595.54	8295.6	
595.73	7380.2	
595.92	5259.9	
596.11	6520.7	
596.3	8834.9	
596.49	7408.9	
596.68	6299.6	
596.88	6827.2	
597.07	8579.6	
597.26	7274.4	
597.45	5829.2	
597.64	7085.3	
597.83	7480.5	
598.02	8287.4	
598.22	5954.1	
598.41	6657.3	
598.6	8041.7	
598.79	7484	
598.98	5997.1	
599.17	7036.8	
599.36	8082	
599.55	9342.8	
599.74	8228.1	
599.94	7888.8	
600.13	8701.1	
600.32	7479.9	
600.51	5847.6	
600.7	5961	
600.89	9463	
601.08	9458.2	
601.27	5678.3	
601.47	6804	
601.66	8672.5	
601.85	9353.8	
602.04	6484.6	
602.23	6839.5	
602.42	7727	
602.61	8390.5	
602.8	6427.9	
602.99	6236.1	
603.18	8198.7	
603.37	8339.3	
603.57	6922.1	
603.76	7556.3	
603.95	9174.2	
604.14	8684.8	
604.33	6318	
604.52	6679.1	
604.71	8353.7	
604.9	7908.6	
605.09	7285.3	
605.28	7090.1	
605.47	8936.7	
605.66	8645.2	
605.86	6972	
606.05	6283.9	
606.24	8991.9	
606.43	7457.3	
606.62	6669.6	
606.81	7468.3	
607	8787.2	
607.19	8049.2	
607.38	6091.3	
607.57	6347.3	
607.76	7767.3	
607.95	7266.2	
608.14	6742.6	
608.33	7355.6	
608.52	7844.4	
608.72	8762.6	
608.91	5998.5	
609.1	5905.7	
609.29	8004.8	
609.48	7446.4	
609.67	6984.3	
609.86	5967.1	
610.05	7569.3	
610.24	7907.2	
610.43	5862.7	
610.62	5481	
610.81	9106.6	
611	8899.8	
611.19	5940.5	
611.38	6728.9	
611.57	8224	
611.76	9590	
611.95	5797.8	
612.14	5579.3	
612.33	8015.7	
612.52	7496.2	
612.71	6344.6	
612.9	5535	
613.09	7084.6	
613.28	9570.8	
613.47	6045.6	
613.66	7090.8	
613.85	8168.7	
614.04	7627.3	
614.24	6131.6	
614.43	5358.2	
614.62	8331.8	
614.81	8205.5	
615	6797.9	
615.19	6845	
615.38	7474.4	
615.57	7847.8	
615.76	6550.8	
615.95	7504.4	
616.14	8273.8	
616.33	7928.4	
616.52	6896.2	
616.71	7212.9	
616.9	8223.3	
617.09	8087.4	
617.28	6279.1	
617.47	7598.6	
617.66	7294.2	
617.85	7473	
618.04	7193.1	
618.22	6582.2	
618.41	7638.9	
618.6	8591.9	
618.79	6549.4	
618.98	6162.3	
619.17	8817.2	
619.36	7183.6	
619.55	6304.3	
619.74	6356.9	
619.93	8117.5	
620.12	7548.1	
620.31	6881.2	
620.5	7116	
620.69	8864.3	
620.88	9077.3	
621.07	7800	
621.26	6829.3	
621.45	8385.7	
621.64	8310	
621.83	6924.2	
622.02	6010.1	
622.21	8320.9	
622.4	7981.6	
622.59	7459.4	
622.78	7202	
622.97	7655.3	
623.16	8748.2	
623.35	6820.4	
623.54	5881.8	
623.72	7871.7	
623.91	8009.6	
624.1	7090.1	
624.29	5695.4	
624.48	9076.6	
624.67	8260.8	
624.86	6956.9	
625.05	5938.4	
625.24	9233.6	
625.43	7533.8	
625.62	8718.9	
625.81	6107.7	
626	8619.9	
626.19	7764.5	
626.38	6941.9	
626.56	6257.9	
626.75	7567.9	
626.94	8411	
627.13	6851.8	
627.32	5492.7	
627.51	8154.3	
627.7	9746.3	
627.89	5597.8	
628.08	6811.5	
628.27	7391.8	
628.46	7641.7	
628.65	6013.5	
628.83	5603.2	
629.02	8298.4	
629.21	7419.8	
629.4	6429.3	
629.59	6700.3	
629.78	7445.7	
629.97	8570.7	
630.16	6701.6	
630.35	6216.3	
630.54	8856.1	
630.72	8592.6	
630.91	6083.1	
631.1	6709.1	
631.29	7995.3	
631.48	8262.9	
631.67	6835.4	
631.86	6339.1	
632.05	7590.5	
632.24	7727	
632.42	5894.7	
632.61	6514.6	
632.8	7916.1	
632.99	7471.7	
633.18	6539.2	
633.37	7081.9	
633.56	8092.2	
633.75	7890.8	
633.93	6564.4	
634.12	6217.6	
634.31	8958.5	
634.5	8503.2	
634.69	6223.8	
634.88	6771.3	
635.07	7902.4	
635.25	8424	
635.44	7318.1	
635.63	7553.6	
635.82	7707.9	
636.01	7228.6	
636.2	7243	
636.39	6748.1	
636.57	8916.9	
636.76	8486.8	
636.95	6083.8	
637.14	7647.8	
637.33	8239.7	
637.52	9202.2	
637.7	5965.1	
637.89	6946	
638.08	7819.1	
638.27	9362.6	
638.46	6972	
638.65	7522.2	
638.83	9316.9	
639.02	7615	
639.21	6947.4	
639.4	7448.5	
639.59	8163.9	
639.78	7680.6	
639.96	6193.7	
640.15	6167.1	
640.34	7972.7	
640.53	8248.5	
640.72	5840.1	
640.91	6236.7	
641.09	7387	
641.28	8854.7	
641.47	6253.1	
641.66	7175.4	
641.85	8051.9	
642.03	8426.7	
642.22	6828.6	
642.41	6328.9	
642.6	7419.8	
642.79	6868.2	
642.97	6113.9	
643.16	6836.1	
643.35	7460.1	
643.54	7221.8	
643.73	6006	
643.91	6859.3	
644.1	7051.8	
644.29	7757.7	
644.48	6044.2	
644.67	6057.9	
644.85	7260.7	
645.04	7606.8	
645.23	5565.7	
645.42	5816.2	
645.6	7118.7	
645.79	8269.7	
645.98	5865.4	
646.17	4803.2	
646.36	6774.7	
646.54	7374.7	
646.73	6666.1	
646.92	5446.2	
647.11	7064.8	
647.29	8190.5	
647.48	5535.7	
647.67	5251	
647.86	8464.9	
648.05	8440.4	
648.23	6001.9	
648.42	7247.1	
648.61	7811	
648.8	7529.7	
648.98	5633.3	
649.17	5989.6	
649.36	7098.3	
649.55	6585.6	
649.73	5591	
649.92	6423.8	
650.11	6971.3	
650.3	7271.7	
650.48	5791.7	
650.67	5567.1	
650.86	7726.3	
651.05	6490.7	
651.23	5721.3	
651.42	5679.7	
651.61	7039.6	
651.79	7260.7	
651.98	5993.7	
652.17	5520.6	
652.36	7572	
652.54	6675	
652.73	5581.4	
652.92	5404.6	
653.11	7598	
653.29	7703.8	
653.48	4860.5	
653.67	5910.4	
653.85	7314.7	
654.04	8510.7	
654.23	6056.5	
654.42	5628.5	
654.6	6937.2	
654.79	7641	
654.98	5096	
655.16	5706.3	
655.35	6496.2	
655.54	6493.4	
655.73	5269.4	
655.91	5167	
656.1	7688.8	
656.29	6483.2	
656.47	4709	
656.66	6576.7	
656.85	6745.3	
657.03	6782.9	
657.22	5307.7	
657.41	5465.3	
657.59	6859.3	
657.78	6636.1	
657.97	4977.9	
658.16	5820.3	
658.34	7651.2	
658.53	7961.8	
658.72	6752.2	
658.9	7314.7	
659.09	6939.2	
659.28	7017.7	
659.46	5608.7	
659.65	5433.3	
659.84	6804	
660.02	7284.6	
660.21	5306.3	
660.4	5329.5	
660.58	7753.6	
660.77	7153.6	
660.96	5982.8	
661.14	5001.8	
661.33	8256	
661.52	8228.1	
661.7	4890.5	
661.89	8774.9	
662.08	6737.1	
662.26	6232	
662.45	5257.1	
662.64	5397.1	
662.82	7505.1	
663.01	6656.6	
663.2	5388.2	
663.38	6253.8	
663.57	7414.3	
663.75	7295.5	
663.94	5739.8	
664.13	7090.8	
664.31	6719.4	
664.5	7503.1	
664.69	5911.8	
664.87	6609.5	
665.06	6563.7	
665.25	7305.8	
665.43	6774.7	
665.62	6962.4	
665.8	7530.4	
665.99	6864.1	
666.18	5788.2	
666.36	5802.6	
666.55	7629.4	
666.74	7454.6	
666.92	5377.3	
667.11	7084.6	
667.29	6812.2	
667.48	7488.1	
667.67	6615.6	
667.85	5740.5	
668.04	6956.9	
668.22	6995.2	
668.41	5753.4	
668.6	5900.9	
668.78	6726.9	
668.97	6931.7	
669.15	6235.4	
669.34	5053.7	
669.53	6756.2	
669.71	7064.8	
669.9	5289.9	
670.08	5954.8	
670.27	6736.5	
670.46	7342.7	
670.64	6244.9	
670.83	6408.8	
671.01	6574.7	
671.2	7246.4	
671.38	5318.6	
671.57	5204.6	
671.76	7865.6	
671.94	8502.5	
672.13	5117.9	
672.31	6314.6	
672.5	7419.1	
672.69	6707.1	
672.87	5314.5	
673.06	5642.2	
673.24	7262.8	
673.43	6731.7	
673.61	6132.3	
673.8	5618.3	
673.98	7542.7	
674.17	7646.4	
674.36	6283.9	
674.54	6087.2	
674.73	7187.7	
674.91	7458.7	
675.1	5871.5	
675.28	5425.8	
675.47	6929	
675.65	7527.7	
675.84	5673.6	
676.03	5923.4	
676.21	6771.9	
676.4	6240.2	
676.58	6518.7	
676.77	6166.4	
676.95	8275.8	
677.14	6612.9	
677.32	5356.1	
677.51	5011.4	
677.69	7514	
677.88	6293.4	
678.06	5177.3	
678.25	5214.8	
678.44	7032.7	
678.62	6735.8	
678.81	5010	
678.99	6053.8	
679.18	7824.6	
679.36	7365.2	
679.55	5591	
679.73	6268.8	
679.92	7355.6	
680.1	6741.2	
680.29	6905.1	
680.47	5596.4	
680.66	6597.2	
680.84	7557.7	
681.03	4864.6	
681.21	6122.7	
681.4	6627.9	
681.58	6606.1	
681.77	5359.5	
681.95	5221	
682.14	7539.3	
682.32	7923.6	
682.51	6299.6	
682.69	5018.9	
682.88	6597.9	
683.06	7380.9	
683.25	5896.1	
683.43	6427.2	
683.62	6835.4	
683.8	7230.7	
683.99	6391	
684.17	5717.9	
684.36	8092.9	
684.54	6640.2	
684.73	4835.9	
684.91	5004.6	
685.1	7043	
685.28	6438.8	
685.46	5660.6	
685.65	5752.7	
685.83	7346.7	
686.02	6612.2	
686.2	5162.9	
686.39	5297.4	
686.57	6298.2	
686.76	7948.2	
686.94	5179.3	
687.13	5280.3	
687.31	7166.5	
687.5	6593.1	
687.68	4736.3	
687.86	6019.7	
688.05	8303.1	
688.23	6047.7	
688.42	6094.1	
688.6	5227.8	
688.79	6514.6	
688.97	6442.2	
689.16	5599.1	
689.34	4429.1	
689.52	7324.2	
689.71	7434.8	
689.89	5827.8	
690.08	5137	
690.26	6733.7	
690.45	6594.5	
690.63	6036.7	
690.81	5242.8	
691	6365.8	
691.18	6407.4	
691.37	5401.2	
691.55	7740.6	
691.74	6325.5	
691.92	8524.3	
692.1	5431.2	
692.29	4798.4	
692.47	6528.2	
692.66	5867.4	
692.84	5020.3	
693.02	5707	
693.21	5965.7	
693.39	6537.1	
693.58	5672.2	
693.76	5186.8	
693.94	7830.7	
694.13	7625.3	
694.31	5085.1	
694.5	6303	
694.68	6393.8	
694.86	6739.9	
695.05	5477	
695.23	5967.1	
695.42	7145.4	
695.6	9605	
695.78	6120	
695.97	5172.5	
696.15	7077.1	
696.34	6453.8	
696.52	4927.4	
696.7	5799.2	
696.89	6853.9	
697.07	6287.9	
697.25	5721.3	
697.44	7389.1	
697.62	6741.9	
697.81	7210.2	
697.99	5356.8	
698.17	5914.5	
698.36	6075.6	
698.54	6845.7	
698.72	5711.8	
698.91	4651.6	
699.09	6328.9	
699.28	6203.3	
699.46	5330.2	
699.64	5244.2	
699.83	6200.6	
700.01	7626.6	
700.19	6127.5	
700.38	4457.7	
700.56	7519.5	
700.74	6288.6	
700.93	4956.1	
701.11	5756.8	
701.29	6997.2	
701.48	8077.2	
701.66	5146.5	
701.84	5156.8	
702.03	6442.2	
702.21	7152.2	
702.39	4664.6	
702.58	5306.3	
702.76	6877.8	
702.94	7025.9	
703.13	4663.2	
703.31	7300.3	
703.49	6129.6	
703.68	7163.8	
703.86	4915.1	
704.04	5909.1	
704.23	6687.3	
704.41	7049.1	
704.59	5017.5	
704.78	6412.2	
704.96	7873.1	
705.14	7111.9	
705.33	4809.3	
705.51	5695.4	
705.69	6593.8	
705.87	7495.6	
706.06	6027.9	
706.24	4823.6	
706.42	6865.5	
706.61	7185	
706.79	6169.2	
706.97	4868	
707.16	6278.4	
707.34	6999.3	
707.52	5996.5	
707.7	5063.3	
707.89	6526.9	
708.07	6163.7	
708.25	5986.2	
708.44	6128.2	
708.62	6396.5	
708.8	7658	
708.98	6343.9	
709.17	5142.4	
709.35	6868.9	
709.53	6879.8	
709.72	4844.8	
709.9	5031.2	
710.08	7124.9	
710.26	7114	
710.45	6615.6	
710.63	5327.4	
710.81	6787	
710.99	6826.6	
711.18	5883.8	
711.36	5398.4	
711.54	6542.6	
711.72	7357	
711.91	5483.1	
712.09	4790.9	
712.27	6759	
712.45	7415	
712.64	5724.1	
712.82	4607.2	
713	6078.4	
713.18	6199.2	
713.37	4674.8	
713.55	6038.1	
713.73	7217	
713.91	5720	
714.1	5080.3	
714.28	4557.4	
714.46	6815.6	
714.64	6053.1	
714.83	4024.3	
715.01	4943.8	
715.19	6191.7	
715.37	5527.5	
715.55	4622.3	
715.74	4900.1	
715.92	7179.5	
716.1	4974.5	
716.28	6176.7	
716.47	5180	
716.65	5764.3	
716.83	5950.7	
717.01	5026.4	
717.19	5079.6	
717.38	8049.9	
717.56	5571.2	
717.74	5305.6	
717.92	4379.9	
718.1	6896.9	
718.29	6010.8	
718.47	3913.7	
718.65	4696.7	
718.83	6684.6	
719.01	6662.7	
719.2	3775.1	
719.38	5010	
719.56	6272.2	
719.74	7985.7	
719.92	4450.9	
720.11	5714.5	
720.29	6400.6	
720.47	5376.6	
720.65	4025.6	
720.83	4988.2	
721.02	5870.2	
721.2	5558.9	
721.38	5003.9	
721.56	4246.8	
721.74	5066	
721.92	5371.8	
722.11	5587.5	
722.29	5251	
722.47	6644.3	
722.65	5741.1	
722.83	4277.5	
723.01	5340.4	
723.2	5807.4	
723.38	6208.8	
723.56	3732.8	
723.74	4971.8	
723.92	5364.3	
724.1	6601.3	
724.29	4248.2	
724.47	5533.6	
724.65	5395	
724.83	5357.5	
725.01	4093.2	
725.19	5060.5	
725.37	5429.2	
725.56	5438.7	
725.74	3992.9	
725.92	4235.2	
726.1	5292.6	
726.28	5597.8	
726.46	4736.3	
726.64	4434.5	
726.83	5581.4	
727.01	5960.3	
727.19	3980.6	
727.37	4938.3	
727.55	5754.8	
727.73	6365.1	
727.91	3971	
728.09	3760.1	
728.28	6385.6	
728.46	7004.1	
728.64	5070.8	
728.82	4954	
729	7547.4	
729.18	6692.1	
729.36	4131.4	
729.54	6647	
729.72	7873.8	
729.91	5973.9	
730.09	6184.2	
730.27	4947.9	
730.45	5869.5	
730.63	6563.1	
730.81	5524.7	
730.99	4464.6	
731.17	7120.1	
731.35	5591.6	
731.53	5022.3	
731.71	4614.8	
731.9	6806.1	
732.08	7038.9	
732.26	4885.1	
732.44	4554.7	
732.62	7120.8	
732.8	6569.2	
732.98	5305.6	
733.16	4305.5	
733.34	6528.2	
733.52	5282.4	
733.7	4891.2	
733.88	5220.3	
734.07	6371.2	
734.25	6125.5	
734.43	4300.1	
734.61	6090.7	
734.79	7735.9	
734.97	5995.1	
735.15	4550.6	
735.33	4947.2	
735.51	6496.8	
735.69	6063.4	
735.87	6135.7	
736.05	5193.6	
736.23	6311.8	
736.41	6087.2	
736.59	4969.7	
736.77	5126.1	
736.95	6732.4	
737.13	6209.4	
737.32	4670.7	
737.5	4856.4	
737.68	7376.8	
737.86	6064.7	
738.04	4435.2	
738.22	6417	
738.4	5872.9	
738.58	6235.4	
738.76	5218.2	
738.94	4018.1	
739.12	6007.4	
739.3	5935.7	
739.48	5920	
739.66	5521.3	
739.84	6242.2	
740.02	6319.3	
740.2	4131.4	
740.38	4550.6	
740.56	6720.1	
740.74	5549.3	
740.92	5289.9	
741.1	5217.5	
741.28	6152.8	
741.46	5982.1	
741.64	4827.7	
741.82	5347.2	
742	6131.6	
742.18	6268.8	
742.36	5023	
742.54	4586.8	
742.72	6844.3	
742.9	5468.1	
743.08	5415.5	
743.26	4206.5	
743.44	7026.6	
743.62	6849.1	
743.8	5631.9	
743.98	4606.6	
744.16	6605.4	
744.34	6263.4	
744.52	5543.2	
744.7	5433.9	
744.88	6738.5	
745.06	6229.9	
745.24	5584.8	
745.42	5709.7	
745.6	6768.5	
745.78	6591.7	
745.96	4399.7	
746.14	4773.8	
746.32	7617.1	
746.5	6909.8	
746.68	5341.8	
746.86	4730.1	
747.03	7326.9	
747.21	5543.2	
747.39	5328.1	
747.57	4803.9	
747.75	6460	
747.93	6920.1	
748.11	4785.4	
748.29	4677.6	
748.47	8137.9	
748.65	6171.9	
748.83	5511.1	
749.01	5210.7	
749.19	6708.5	
749.37	5814.9	
749.55	5167	
749.73	5148.6	
749.91	6312.5	
750.09	6021.7	
750.26	5258.5	
750.44	4599.1	
750.62	6323.4	
750.8	6244.3	
750.98	4485.7	
751.16	4797.7	
751.34	6419	
751.52	5653.8	
751.7	5596.4	
751.88	4412	
752.06	6984.3	
752.24	6733.7	
752.42	4483	
752.59	4741	
752.77	6339.1	
752.95	7720.8	
753.13	5577.3	
753.31	4962.2	
753.49	5956.9	
753.67	6509.1	
753.85	5280.3	
754.03	4792.2	
754.21	6754.9	
754.38	7203.4	
754.56	5012.1	
754.74	3906.8	
754.92	5956.9	
755.1	6739.9	
755.28	3994.9	
755.46	3979.2	
755.64	7431.4	
755.82	7613.7	
755.99	4304.1	
756.17	4446.1	
756.35	4894	
756.53	6616.3	
756.71	3257.6	
756.89	4285	
757.07	6228.6	
757.25	5230.5	
757.42	4810	
757.6	5738.4	
757.78	6271.6	
757.96	5175.9	
758.14	4419.5	
758.32	3910.3	
758.5	4631.8	
758.67	5858.6	
758.85	4306.9	
759.03	4443.4	
759.21	5782.8	
759.39	5165.7	
759.57	3799	
759.75	5079.6	
759.92	6449.1	
760.1	5572.5	
760.28	5468.1	
760.46	5685.2	
760.64	5429.8	
760.82	5071.5	
760.99	5294	
761.17	4375.1	
761.35	6351.4	
761.53	5189.6	
761.71	4518.5	
761.89	5316.5	
762.06	6244.3	
762.24	5636.7	
762.42	4686.4	
762.6	4431.1	
762.78	5700.2	
762.96	6429.9	
763.13	5115.1	
763.31	4757.4	
763.49	6692.1	
763.67	5694	
763.85	5701.5	
764.02	6312.5	
764.2	6919.4	
764.38	6085.2	
764.56	4673.5	
764.74	5614.8	
764.91	7058.7	
765.09	5945.3	
765.27	4326	
765.45	4128.7	
765.63	7056.6	
765.8	6974	
765.98	3841.3	
766.16	4268.6	
766.34	5492.7	
766.52	5211.4	
766.69	5262.6	
766.87	4083	
767.05	5915.9	
767.23	6744	
767.41	4429.8	
767.58	4679.6	
767.76	6550.1	
767.94	6516	
768.12	4464.6	
768.29	5406.6	
768.47	5986.9	
768.65	6756.9	
768.83	4203.1	
769	5328.8	
769.18	5566.4	
769.36	6279.1	
769.54	5137	
769.72	4214.7	
769.89	6591	
770.07	6776	
770.25	4480.3	
770.43	5881.8	
770.6	7432.8	
770.78	7879.2	
770.96	4747.9	
771.14	5376.6	
771.31	6474.3	
771.49	5778	
771.67	3816.7	
771.85	4076.8	
772.02	5008.6	
772.2	5882.4	
772.38	4906.9	
772.55	4389.5	
772.73	6102.9	
772.91	5876.3	
773.09	4702.1	
773.26	4873.5	
773.44	6079.1	
773.62	5751.4	
773.8	4250.2	
773.97	3892.5	
774.15	6091.3	
774.33	5718.6	
774.5	4109.6	
774.68	4506.9	
774.86	6399.9	
775.04	5784.8	
775.21	4168.3	
775.39	4192.2	
775.57	5982.1	
775.74	6457.9	
775.92	4022.2	
776.1	3930.7	
776.27	6049.7	
776.45	7359	
776.63	4220.2	
776.81	3710.9	
776.98	5616.2	
777.16	6752.2	
777.34	4395.6	
777.51	4675.5	
777.69	5664	
777.87	5368.4	
778.04	4403.8	
778.22	5016.2	
778.4	5399.1	
778.57	6123.4	
778.75	3605.8	
778.93	3914.4	
779.1	5129.5	
779.28	5043.5	
779.46	3630.4	
779.64	4210.6	
779.81	6270.9	
779.99	7223.9	
780.17	5026.4	
780.34	5160.9	
780.52	5683.8	
780.69	5896.8	
780.87	4436.6	
781.05	4057.7	
781.22	5734.3	
781.4	5889.3	
781.58	4166.9	
781.75	3348.4	
781.93	5771.9	
782.11	5127.4	
782.28	5115.1	
782.46	4163.5	
782.64	4976.6	
782.81	5999.2	
782.99	4293.9	
783.17	4230.4	
783.34	5877.7	
783.52	4991.6	
783.69	4442	
783.87	5408	
784.05	5091.9	
784.22	5108.3	
784.4	5282.4	
784.58	4550.6	
784.75	6107.7	
784.93	5137	
785.1	4200.4	
785.28	4913.1	
785.46	5792.3	
785.63	5095.3	
785.81	4126.7	
785.99	3935.5	
786.16	5283.1	
786.34	5726.8	
786.51	4003.1	
786.69	4506.9	
786.87	4867.3	
787.04	5388.9	
787.22	3459	
787.39	4943.1	
787.57	5139	
787.75	6309.1	
787.92	5099.4	
788.1	5085.1	
788.27	5194.3	
788.45	4923.3	
788.63	4740.4	
788.8	3308.2	
788.98	5682.4	
789.15	4835.3	
789.33	3509.5	
789.5	4222.2	
789.68	6183.5	
789.86	6262.7	
790.03	4676.9	
790.21	4025.6	
790.38	6085.2	
790.56	5258.5	
790.73	3880.2	
790.91	3971.7	
791.09	5061.2	
791.26	5958.9	
791.44	4171	
791.61	3558	
791.79	5111.7	
791.96	5212.8	
792.14	3657	
792.32	3193.5	
792.49	5171.1	
792.67	5273.5	
792.84	3793.5	
793.02	3495.9	
793.19	5597.8	
793.37	6369.2	
793.54	3317.7	
793.72	3620.8	
793.89	6570.6	
794.07	5131.5	
794.25	4329.4	
794.42	3362.8	
794.6	6326.9	
794.77	5842.9	
794.95	4625.7	
795.12	3995.6	
795.3	5096.7	
795.47	5732.9	
795.65	4389.5	
795.82	4177.9	
796	4891.9	
796.17	6940.6	
796.35	4044.7	
796.52	4811.4	
796.7	5714.5	
796.87	5816.9	
797.05	5066.7	
797.22	5003.2	
797.4	5785.5	
797.57	6877.1	
797.75	4147.1	
797.92	3973.1	
798.1	6073.6	
798.27	5119.2	
798.45	3383.9	
798.62	3700	
798.8	5425.1	
798.97	5931.6	
799.15	4458.4	
799.32	4232.5	
799.5	4698	
799.67	5556.1	
799.85	4629.8	
800.02	3309.5	
800.2	5091.3	
800.37	5481	
800.55	4732.2	
800.72	3965.6	
800.9	5872.2	
801.07	6460.7	
801.25	5331.5	
801.42	4377.9	
801.6	6055.8	
801.77	5700.2	
801.95	3917.8	
802.12	3882.3	
802.29	5738.4	
802.47	5625.1	
802.64	4334.2	
802.82	3220.8	
802.99	5052.3	
803.17	6176.7	
803.34	4167.6	
803.52	3794.9	
803.69	6808.8	
803.87	4843.4	
804.04	4135.5	
804.21	4275.5	
804.39	6332.3	
804.56	5325.4	
804.74	3526.6	
804.91	4409.3	
805.09	5132.2	
805.26	5255.8	
805.44	3629	
805.61	3951.9	
805.78	5815.5	
805.96	5830.6	
806.13	4378.6	
806.31	4725.3	
806.48	4682.3	
806.66	5266	
806.83	4321.2	
807	4256.4	
807.18	5130.8	
807.35	5563.6	
807.53	4201.7	
807.7	3340.9	
807.87	6341.2	
808.05	5148.6	
808.22	4677.6	
808.4	3322.5	
808.57	5168.4	
808.74	4771.1	
808.92	3878.2	
809.09	4878.9	
809.27	5007.3	
809.44	5718.6	
809.61	3446.7	
809.79	3787.4	
809.96	6375.3	
810.14	6004.6	
810.31	3266.5	
810.48	4115.1	
810.66	5253.7	
810.83	6073.6	
811.01	3846.1	
811.18	4685.8	
811.35	5958.2	
811.53	4601.1	
811.7	4752	
811.87	4371	
812.05	5163.6	
812.22	5089.9	
812.39	3757.3	
812.57	3605.1	
812.74	5197.7	
812.92	6967.2	
813.09	4074.1	
813.26	4470.7	
813.44	6712.6	
813.61	5046.2	
813.78	3351.8	
813.96	4576.5	
814.13	5156.8	
814.3	4829.8	
814.48	4922.6	
814.65	4108.9	
814.82	6417	
815	4949.9	
815.17	4192.9	
815.34	5136.3	
815.52	5119.2	
815.69	5096.7	
815.87	4195.6	
816.04	3558.7	
816.21	5162.9	
816.38	4519.2	
816.56	4031.8	
816.73	3679.5	
816.9	6568.5	
817.08	6011.5	
817.25	3814.7	
817.42	4798.4	
817.6	4700.1	
817.77	5231.2	
817.94	4299.4	
818.12	3711.6	
818.29	4887.8	
818.46	7825.3	
818.64	3930.7	
818.81	3653.6	
818.98	4811.4	
819.16	7100.3	
819.33	4506.9	
819.5	4197.7	
819.67	5588.2	
819.85	6255.9	
820.02	4070.7	
820.19	4394.9	
820.37	5412.1	
820.54	4990.9	
820.71	4372.4	
820.88	5326.8	
821.06	5387.5	
821.23	4945.8	
821.4	4278.2	
821.58	4259.1	
821.75	5938.4	
821.92	5344.5	
822.09	3411.9	
822.27	3691.1	
822.44	5221	
822.61	5034.6	
822.79	3457.7	
822.96	6716	
823.13	5715.2	
823.3	4922	
823.48	3979.2	
823.65	3592.8	
823.82	5920	
823.99	4702.1	
824.17	5126.7	
824.34	3642.7	
824.51	6888	
824.68	5244.8	
824.86	3773	
825.03	4256.4	
825.2	5142.4	
825.37	6300.2	
825.55	3763.5	
825.72	4252.9	
825.89	6997.2	
826.06	6371.9	
826.24	4077.5	
826.41	4120.5	
826.58	6350.1	
826.75	5504.3	
826.92	3210.5	
827.1	3586	
827.27	8706.6	
827.44	6864.1	
827.61	3869.3	
827.79	4714.4	
827.96	4904.2	
828.13	5282.4	
828.3	4088.4	
828.47	3429	
828.65	5459.2	
828.82	5399.8	
828.99	5317.2	
829.16	4647.5	
829.34	5816.9	
829.51	5537	
829.68	4200.4	
829.85	4390.2	
830.02	6118.6	
830.2	5857.2	
830.37	3226.9	
830.54	5212.1	
830.71	6711.2	
830.88	5150.6	
831.05	3313.6	
831.23	3849.5	
831.4	6363	
831.57	7150.1	
831.74	3863.2	
831.91	3383.2	
832.09	5333.6	
832.26	5832.6	
832.43	4028.4	
832.6	4601.1	
832.77	5410.1	
832.94	6224.5	
833.12	3198.2	
833.29	3988.8	
833.46	5583.4	
833.63	7460.8	
833.8	4453	
833.97	4097.3	
834.15	5838.8	
834.32	5578	
834.49	4208.6	
834.66	4305.5	
834.83	6055.8	
835	4866	
835.17	3866.6	
835.35	3905.5	
835.52	5696.1	
835.69	5695.4	
835.86	4230.4	
836.03	3361.4	
836.2	5771.9	
836.37	5371.1	
836.55	4061.1	
836.72	3796.3	
836.89	5330.9	
837.06	5834.7	
837.23	4246.8	
837.4	4569	
837.57	6726.9	
837.75	7405.5	
837.92	3709.6	
838.09	3966.2	
838.26	5350	
838.43	6195.8	
838.6	4244.8	
838.77	3769.6	
838.94	7079.1	
839.11	6690.7	
839.29	4059.8	
839.46	3112.9	
839.63	5753.4	
839.8	5524.1	
839.97	3944.4	
840.14	3965.6	
840.31	5522	
840.48	5851.7	
840.65	3207.1	
840.82	3828.3	
841	5848.3	
841.17	5736.4	
841.34	3595.6	
841.51	3652.2	
841.68	5711.8	
841.85	5477	
842.02	3788.7	
842.19	3114.3	
842.36	5537	
842.53	5517.2	
842.7	3638.6	
842.87	4485.7	
843.05	7369.3	
843.22	5445.5	
843.39	3417.4	
843.56	3650.8	
843.73	5158.8	
843.9	5821.7	
844.07	5943.2	
844.24	4926.7	
844.41	8690.9	
844.58	5015.5	
844.75	3489.1	
844.92	3788.1	
845.09	5793.7	
845.26	5812.8	
845.43	3583.3	
845.6	3768.9	
845.77	5817.6	
845.94	5465.3	
846.12	4021.5	
846.29	4278.9	
846.46	6004	
846.63	5733.6	
846.8	3622.2	
846.97	4274.8	
847.14	6333	
847.31	5715.2	
847.48	4053.6	
847.65	4514.4	
847.82	6136.4	
847.99	6023.8	
848.16	4851	
848.33	4536.9	
848.5	5311.1	
848.67	6277.7	
848.84	3603.1	
849.01	3760.8	
849.18	5163.6	
849.35	4835.3	
849.52	4513	
849.69	3522.5	
849.86	6001.2	
850.03	6227.9	
850.2	3636.5	
850.37	4478.2	
850.54	6197.8	
850.71	5466	
850.88	4339.6	
851.05	3563.5	
851.22	5724.1	
851.39	6370.5	
851.56	3411.2	
851.73	4166.3	
851.9	5037.3	
852.07	6016.2	
852.24	3979.2	
852.41	3590.8	
852.58	5678.3	
852.75	5160.2	
852.92	4029.7	
853.09	3532.1	
853.26	5337	
853.43	6326.2	
853.6	3537.5	
853.77	3033.7	
853.94	6419	
854.11	5033.2	
854.28	5354.1	
854.44	3863.2	
854.61	6854.6	
854.78	5917.9	
854.95	3563.5	
855.12	4519.2	
855.29	4650.3	
855.46	6455.2	
855.63	3566.9	
855.8	4976.6	
855.97	5346.6	
856.14	6054.5	
856.31	5075.5	
856.48	3934.8	
856.65	5344.5	
856.82	4974.5	
856.99	3412.6	
857.16	3839.3	
857.33	7157	
857.49	5429.2	
857.66	3887	
857.83	4188.8	
858	5341.1	
858.17	5592.3	
858.34	3331.4	
858.51	3588	
858.68	6521.4	
858.85	6537.1	
859.02	4083	
859.19	4468	
859.36	5031.2	
859.52	5147.9	
859.69	3603.1	
859.86	4306.9	
860.03	5120.6	
860.2	6430.6	
860.37	3202.3	
860.54	3647.4	
860.71	6022.4	
860.88	6442.2	
861.05	4044.1	
861.21	4571.7	
861.38	6549.4	
861.55	4891.2	
861.72	3237.8	
861.89	4076.8	
862.06	6128.2	
862.23	6685.9	
862.4	3495.2	
862.56	3734.1	
862.73	5903.6	
862.9	5578.7	
863.07	4191.5	
863.24	3264.5	
863.41	4930.1	
863.58	5092.6	
863.75	3700	
863.91	4126.7	
864.08	6434	
864.25	5959.6	
864.42	4590.2	
864.59	5076.2	
864.76	6814.3	
864.93	5116.5	
865.09	3506.8	
865.26	3826.3	
865.43	6352.1	
865.6	6728.3	
865.77	3103.4	
865.94	3572.3	
866.1	6391	
866.27	6125.5	
866.44	5545.2	
866.61	3409.9	
866.78	5442.8	
866.95	5911.8	
867.11	3457.7	
867.28	3180.5	
867.45	6101.6	
867.62	5119.2	
867.79	4182	
867.96	3575.1	
868.12	5083.1	
868.29	6057.2	
868.46	3123.2	
868.63	4844.8	
868.8	6275.7	
868.97	6075	
869.13	3715.7	
869.3	3756.7	
869.47	5952.8	
869.64	6167.8	
869.81	3644	
869.97	3565.5	
870.14	5788.9	
870.31	6517.3	
870.48	3473.4	
870.65	4567.7	
870.81	5438.7	
870.98	5323.4	
871.15	4106.2	
871.32	3790.1	
871.48	5895.4	
871.65	6563.7	
871.82	3607.8	
871.99	3934.8	
872.16	7031.4	
872.32	6344.6	
872.49	3641.3	
872.66	3680.9	
872.83	6081.1	
872.99	5285.8	
873.16	4083	
873.33	3504.8	
873.5	5645.6	
873.67	5698.8	
873.83	3789.4	
874	4891.9	
874.17	5799.8	
874.34	6929	
874.5	4699.4	
874.67	4587.4	
874.84	6488	
875.01	5035.3	
875.17	5082.4	
875.34	3665.9	
875.51	5678.3	
875.68	6891.4	
875.84	4364.9	
876.01	5287.2	
876.18	6033.3	
876.34	5895.4	
876.51	3670.6	
876.68	3521.8	
876.85	5534.3	
877.01	6301.6	
877.18	5183.4	
877.35	3605.8	
877.52	5584.1	
877.68	4995.7	
877.85	3511.6	
878.02	3551.9	
878.18	5534.3	
878.35	5267.4	
878.52	2834.4	
878.69	4065.2	
878.85	5987.6	
879.02	6032.6	
879.19	5139.7	
879.35	3886.4	
879.52	6027.2	
879.69	6244.9	
879.86	3074	
880.02	4027.7	
880.19	5552	
880.36	6770.6	
880.52	4112.3	
880.69	4279.6	
880.86	6126.2	
881.02	6190.3	
881.19	4012	
881.36	3921.9	
881.52	5989.6	
881.69	5246.2	
881.86	3891.1	
882.02	3772.4	
882.19	6281.8	
882.36	7421.8	
882.52	3672	
882.69	5087.8	
882.86	5782.1	
883.02	5656.5	
883.19	4350.6	
883.36	4089.1	
883.52	6133.7	
883.69	7001.3	
883.86	3646.7	
884.02	3247.4	
884.19	6080.4	
884.36	5577.3	
884.52	4033.8	
884.69	3808.5	
884.86	5295.4	
885.02	6739.2	
885.19	4027.7	
885.36	4182.6	
885.52	5565.7	
885.69	5742.5	
885.86	5237.3	
886.02	4599.1	
886.19	6087.2	
886.35	5511.8	
886.52	3965.6	
886.69	5052.3	
886.85	5098.1	
887.02	6382.8	
887.19	6382.8	
887.35	6382.8	
887.52	6382.8	
887.68	6382.8	
887.85	6382.8	
888.02	6382.8	
888.18	6382.8	
888.35	6382.8	
888.51	6382.8	
888.68	6382.8	
888.85	6382.8	
889.01	6382.8	
889.18	6382.8	
889.35	6382.8	
889.51	6382.8	
889.68	6382.8	
889.84	6382.8	
890.01	6382.8	
890.17	6382.8	
890.34	6382.8	
890.51	6382.8	
890.67	6382.8	
890.84	6382.8	
891	6382.8	
891.17	6382.8	
891.34	6382.8	
891.5	6382.8	
891.67	6382.8	
891.83	6382.8	
892	6382.8	
892.16	6382.8	
892.33	6382.8	
892.5	6382.8	
892.66	6382.8	
892.83	6382.8	
892.99	6382.8	
893.16	6382.8	
893.32	6382.8	
893.49	6382.8	
893.65	6382.8	
893.82	6382.8	
893.99	6382.8	
894.15	6382.8	
894.32	6382.8	
894.48	6382.8	
894.65	6382.8	
894.81	6382.8	
894.98	6382.8	
895.14	6382.8	
895.31	6382.8	
895.47	6382.8	
895.64	6382.8	
895.81	6382.8	
895.97	6382.8	
896.14	6382.8	
896.3	6382.8	
896.47	6382.8	
896.63	6382.8	
896.8	6382.8	
896.96	6382.8	
897.13	6382.8	
897.29	6382.8	
897.46	6382.8	
897.62	6382.8	
897.79	6382.8	
897.95	6382.8	
898.12	6382.8	
898.28	6382.8	
898.45	6382.8	
898.61	6382.8	
898.78	6382.8	
898.94	6382.8	
899.11	6382.8	
899.27	6382.8	
899.44	6382.8	
899.6	6382.8	
899.77	6382.8	
899.93	6382.8	
900.1	6382.8	
900.26	6382.8	
900.43	6382.8	
900.59	6382.8	
900.76	6382.8	
900.92	6382.8	
901.09	6382.8	
901.25	6382.8	
901.42	6382.8	
901.58	6382.8	
901.75	6382.8	
901.91	6382.8	
902.07	6382.8	
902.24	6382.8	
902.4	6382.8	
902.57	6382.8	
902.73	6382.8	
902.9	6382.8	
903.06	6382.8	
903.23	6382.8	
903.39	6382.8	
903.56	6382.8	
903.72	6382.8	
903.88	6382.8	
904.05	6382.8	
904.21	6382.8	
904.38	6382.8	
904.54	6382.8	
904.71	6382.8	
904.87	6382.8	
905.03	6382.8	
905.2	6382.8	
905.36	6382.8	
905.53	6382.8	
905.69	6382.8	
905.86	6382.8	
906.02	6382.8	
906.18	6382.8	
906.35	6382.8	
906.51	6382.8	
906.68	6382.8	
906.84	6382.8	
907.01	6382.8	
907.17	6382.8	
907.33	6382.8	
907.5	6382.8	
907.66	6382.8	
907.83	6382.8	
907.99	6382.8	
908.15	6382.8	
908.32	6382.8	
908.48	6382.8	
908.65	6382.8	
908.81	6382.8	
908.97	6382.8	
909.14	6382.8	
909.3	6382.8	
909.47	6382.8	
909.63	6382.8	
909.79	6382.8	
909.96	6382.8	
910.12	6382.8	
910.28	6382.8	
910.45	6382.8	
910.61	6382.8	
910.78	6382.8	
910.94	6382.8	
911.1	6382.8	
911.27	6382.8	
911.43	6382.8	
911.59	6382.8	
911.76	6382.8	
911.92	6382.8	
912.08	6382.8	
912.25	6382.8	
912.41	6382.8	
912.57	6382.8	
912.74	6382.8	
912.9	6382.8	
913.07	6382.8	
913.23	6382.8	
913.39	6382.8	
913.56	6382.8	
913.72	6382.8	
913.88	6382.8	
914.05	6382.8	
914.21	6382.8	
914.37	6382.8	
914.54	6382.8	
914.7	6382.8	
914.86	6382.8	
915.03	6382.8	
915.19	6382.8	
