Wavelength	Intensities	
nm	a.u.	
179.22	1683.6	
179.44	1696.1	
179.65	1671.1	
179.86	1721	
180.08	1702.5	
180.29	3987.4	
180.51	3067.2	
180.72	4997.7	
180.94	5575.3	
181.15	2745.6	
181.37	2653.5	
181.58	4760.2	
181.79	5051.7	
182.01	2878.1	
182.22	2984.6	
182.44	5073.5	
182.65	4347.2	
182.87	3699.3	
183.08	3250.1	
183.29	5259.2	
183.51	4460.5	
183.72	2974.3	
183.94	4151.2	
184.15	4745.1	
184.37	4622.3	
184.58	2708.1	
184.79	3552.5	
185.01	4474.8	
185.22	5032.5	
185.44	3684.3	
185.65	3211.9	
185.86	4702.8	
186.08	4346.5	
186.29	2628.2	
186.51	2823.5	
186.72	4524	
186.94	5123.3	
187.15	3208.5	
187.36	3267.9	
187.58	6407.4	
187.79	4857.1	
188.01	3363.4	
188.22	5013.4	
188.43	5651.7	
188.65	5001.8	
188.86	2841.9	
189.08	3341.6	
189.29	4582	
189.5	4599.1	
189.72	2990	
189.93	3102.7	
190.15	5184.1	
190.36	6007.4	
190.57	3323.9	
190.79	3216.7	
191	5209.3	
191.22	5171.1	
191.43	3356.6	
191.64	2803.7	
191.86	5356.8	
192.07	5158.8	
192.29	2914.3	
192.5	3006.4	
192.71	5151.3	
192.93	4586.8	
193.14	3089	
193.35	3077.4	
193.57	4528.1	
193.78	5186.1	
194	2556.5	
194.21	3014.6	
194.42	4370.4	
194.64	4760.2	
194.85	3272	
195.07	3724.6	
195.28	4754.7	
195.49	4243.4	
195.71	3864.5	
195.92	2888.3	
196.13	4916.5	
196.35	4912.4	
196.56	4182.6	
196.78	3308.8	
196.99	5997.1	
197.2	5554.8	
197.42	3652.2	
197.63	3304.7	
197.84	4300.7	
198.06	4878.9	
198.27	3011.9	
198.48	3840.6	
198.7	4635.2	
198.91	4748.6	
199.13	3307.5	
199.34	3321.1	
199.55	5090.6	
199.77	4135.5	
199.98	2969.6	
200.19	3327.3	
200.41	4723.3	
200.62	4458.4	
200.83	3418.7	
201.05	3600.3	
201.26	4698.7	
201.47	4528.7	
201.69	2979.8	
201.9	2873.3	
202.11	4747.2	
202.33	5456.5	
202.54	3134.8	
202.76	3435.1	
202.97	4747.2	
203.18	4840	
203.4	3386.7	
203.61	3396.2	
203.82	4760.8	
204.04	4478.2	
204.25	3267.9	
204.46	3314.3	
204.68	4647.5	
204.89	4916.5	
205.1	3233.7	
205.32	2832.3	
205.53	4972.5	
205.74	5184.8	
205.96	2521	
206.17	3316.3	
206.38	4975.9	
206.6	5118.6	
206.81	3730.7	
207.02	3048.7	
207.24	4900.8	
207.45	5205.9	
207.66	3177.8	
207.88	2753.2	
208.09	4889.2	
208.3	4758.1	
208.52	2927.9	
208.73	3242.6	
208.94	4732.2	
209.15	5241.4	
209.37	3165.5	
209.58	3482.9	
209.79	5128.1	
210.01	4620.9	
210.22	2591.4	
210.43	2734	
210.65	4707.6	
210.86	5054.4	
211.07	3137.5	
211.29	2912.2	
211.5	4959.5	
211.71	4708.3	
211.93	2893.8	
212.14	2919	
212.35	4732.2	
212.56	4814.1	
212.78	3312.9	
212.99	2801.6	
213.2	5375.2	
213.42	4571.1	
213.63	2996.2	
213.84	3160.7	
214.06	4331.5	
214.27	4333.5	
214.48	3115.6	
214.69	3392.8	
214.91	5258.5	
215.12	5332.2	
215.33	3371.6	
215.55	3649.5	
215.76	5677.7	
215.97	5047.6	
216.18	3282.2	
216.4	3221.5	
216.61	4491.2	
216.82	5145.2	
217.04	2927.9	
217.25	3015.3	
217.46	5212.1	
217.67	5016.8	
217.89	2641.2	
218.1	2785.2	
218.31	4887.8	
218.53	4912.4	
218.74	3097.2	
218.95	2945.7	
219.16	4720.6	
219.38	5403.2	
219.59	2954.5	
219.8	3508.2	
220.01	5829.2	
220.23	4745.1	
220.44	3776.5	
220.65	2897.2	
220.87	4782.7	
221.08	5227.8	
221.29	2790.7	
221.5	3550.5	
221.72	6094.8	
221.93	4569	
222.14	3330.7	
222.35	3833.1	
222.57	4817.5	
222.78	5003.2	
222.99	3214.6	
223.2	3328.6	
223.42	4954	
223.63	5023	
223.84	2540.2	
224.05	2504	
224.27	5718.6	
224.48	5358.2	
224.69	3839.9	
224.9	3263.1	
225.12	4866	
225.33	4680.3	
225.54	2725.8	
225.75	3033	
225.97	4428.4	
226.18	4692.6	
226.39	3172.3	
226.6	2994.8	
226.82	4584	
227.03	4413.4	
227.24	3263.1	
227.45	2802.3	
227.67	5093.3	
227.88	5375.9	
228.09	3642.7	
228.3	3644	
228.52	5005.2	
228.73	4687.1	
228.94	3087.7	
229.15	2792.1	
229.36	4732.2	
229.58	4661.9	
229.79	3138.9	
230	3557.3	
230.21	5483.1	
230.43	4769.7	
230.64	3262.4	
230.85	3430.3	
231.06	5048.2	
231.28	5059.8	
231.49	2777.7	
231.7	3201	
231.91	5005.9	
232.12	4734.2	
232.34	2850.8	
232.55	3238.5	
232.76	5184.8	
232.97	4849.6	
233.18	2934.1	
233.4	3307.5	
233.61	4941.1	
233.82	4536.3	
234.03	3068.5	
234.25	3037.1	
234.46	6253.8	
234.67	4713.1	
234.88	3383.9	
235.09	3013.9	
235.31	4868.7	
235.52	4605.2	
235.73	3284.3	
235.94	2847.4	
236.15	4567	
236.37	5558.9	
236.58	2931.3	
236.79	3194.8	
237	4955.4	
237.21	4360.1	
237.43	3366.9	
237.64	2734.7	
237.85	7792.5	
238.06	4450.9	
238.27	3454.9	
238.48	2866.5	
238.7	5044.8	
238.91	4627.7	
239.12	3161.4	
239.33	3243.3	
239.54	4446.8	
239.76	4658.4	
239.97	3119.1	
240.18	3130	
240.39	5586.2	
240.6	4935.6	
240.82	3310.9	
241.03	2715.6	
241.24	4676.9	
241.45	5406	
241.66	2934.7	
241.87	3399.6	
242.09	5376.6	
242.3	5515.2	
242.51	3377.8	
242.72	3171.6	
242.93	5048.9	
243.14	4668	
243.36	3587.4	
243.57	3912.3	
243.78	5392.3	
243.99	4990.2	
244.2	3196.2	
244.41	2855.6	
244.63	4389.5	
244.84	4960.9	
245.05	3396.2	
245.26	3163.4	
245.47	4990.2	
245.68	5091.9	
245.9	4086.4	
246.11	3283.6	
246.32	4590.2	
246.53	4924.7	
246.74	5003.2	
246.95	2734	
247.16	4461.2	
247.38	4758.1	
247.59	2753.8	
247.8	3161.4	
248.01	4477.5	
248.22	4720.6	
248.43	2974.3	
248.64	3104	
248.86	4351.3	
249.07	4599.7	
249.28	2873.3	
249.49	3241.9	
249.7	5104.9	
249.91	5157.5	
250.12	2757.9	
250.34	2730.6	
250.55	4847.5	
250.76	4753.3	
250.97	3312.9	
251.18	3302	
251.39	5194.3	
251.6	4866.7	
251.81	3334.8	
252.03	3317	
252.24	4576.5	
252.45	5080.3	
252.66	2841.2	
252.87	3474.7	
253.08	4736.3	
253.29	5862.7	
253.5	2876	
253.72	3857.7	
253.93	4632.5	
254.14	5456.5	
254.35	3013.9	
254.56	3098.6	
254.77	4932.2	
254.98	4404.5	
255.19	3044	
255.41	3753.9	
255.62	4866	
255.83	5193.6	
256.04	3385.3	
256.25	3237.8	
256.46	5598.5	
256.67	4531.5	
256.88	3273.3	
257.09	3604.4	
257.31	4386.1	
257.52	4455	
257.73	4034.5	
257.94	3067.9	
258.15	4687.1	
258.36	4739	
258.57	3707.5	
258.78	2527.9	
258.99	5108.3	
259.2	4611.3	
259.41	3023.5	
259.63	3143.6	
259.84	5388.9	
260.05	5629.9	
260.26	3902.7	
260.47	3003.7	
260.68	5208.7	
260.89	4661.2	
261.1	3590.1	
261.31	2905.4	
261.52	5218.9	
261.73	5404.6	
261.95	3871.3	
262.16	3381.2	
262.37	5205.3	
262.58	5341.1	
262.79	3869.3	
263	3054.2	
263.21	4760.2	
263.42	4635.2	
263.63	3361.4	
263.84	3045.3	
264.05	5144.5	
264.26	5457.8	
264.47	3696.6	
264.69	3276.1	
264.9	5297.4	
265.11	4891.9	
265.32	2955.9	
265.53	3026.9	
265.74	4842.1	
265.95	4270.7	
266.16	3196.2	
266.37	3494.5	
266.58	4855.1	
266.79	4562.9	
267	3048.7	
267.21	2892.4	
267.42	4410.6	
267.63	4747.9	
267.84	3192.8	
268.06	2775.7	
268.27	5067.4	
268.48	5210.7	
268.69	3146.4	
268.9	3605.8	
269.11	5209.3	
269.32	4319.2	
269.53	3215.3	
269.74	3014.6	
269.95	4929.5	
270.16	4282.3	
270.37	3196.9	
270.58	3576.4	
270.79	4666.6	
271	5122	
271.21	3364.8	
271.42	3145.7	
271.63	4895.3	
271.84	4450.9	
272.05	2639.1	
272.26	2883.5	
272.47	4747.9	
272.68	4918.5	
272.89	3044.6	
273.11	3492.5	
273.32	4575.2	
273.53	5381.4	
273.74	3376.4	
273.95	3305.4	
274.16	5100.8	
274.37	4765.6	
274.58	3452.9	
274.79	2853.5	
275	4903.5	
275.21	5206.6	
275.42	4119.1	
275.63	3502	
275.84	4970.4	
276.05	6014.9	
276.26	3340.9	
276.47	3139.5	
276.68	4700.1	
276.89	5567.7	
277.1	3536.8	
277.31	2791.4	
277.52	4969.7	
277.73	5134.3	
277.94	2828.2	
278.15	3119.1	
278.36	4894.6	
278.57	4499.4	
278.78	3049.4	
278.99	3375.1	
279.2	4552.6	
279.41	4455.7	
279.62	3937.6	
279.83	2869.9	
280.04	5575.3	
280.25	4486.4	
280.46	3962.8	
280.67	3203.7	
280.88	4485.1	
281.09	5250.3	
281.3	3292.5	
281.51	4092.5	
281.72	4541.7	
281.93	5152	
282.14	3052.2	
282.35	3285.6	
282.56	5197.1	
282.77	5010.7	
282.98	3067.2	
283.19	3674.7	
283.4	6038.8	
283.61	4676.9	
283.82	2886.3	
284.03	3855.6	
284.24	4942.4	
284.45	5183.4	
284.66	3915.7	
284.87	3685.7	
285.08	5177.3	
285.29	5292.6	
285.5	2816.6	
285.71	3138.9	
285.92	5191.6	
286.12	5657.9	
286.33	3807.2	
286.54	3158	
286.75	5099.4	
286.96	4648.2	
287.17	2917.7	
287.38	3757.3	
287.59	4514.4	
287.8	4479.6	
288.01	3178.4	
288.22	3543	
288.43	5008	
288.64	4332.8	
288.85	3616.7	
289.06	3487.7	
289.27	5091.3	
289.48	5356.1	
289.69	3887	
289.9	3503.4	
290.11	5260.5	
290.32	4575.2	
290.53	3669.3	
290.74	3329.3	
290.94	5136.3	
291.15	5137.7	
291.36	3046	
291.57	3491.1	
291.78	4615.4	
291.99	4284.4	
292.2	2944.3	
292.41	3413.3	
292.62	5180	
292.83	4991.6	
293.04	4102.8	
293.25	2929.3	
293.46	4645.5	
293.67	5182	
293.88	2959.3	
294.09	2919	
294.29	4448.2	
294.5	4878.3	
294.71	3204.4	
294.92	3009.1	
295.13	4674.1	
295.34	5562.3	
295.55	2781.1	
295.76	2698.5	
295.97	5063.3	
296.18	5557.5	
296.39	2886.3	
296.6	3002.3	
296.81	4764.9	
297.01	5046.9	
297.22	3151.8	
297.43	3075.4	
297.64	4582	
297.85	4443.4	
298.06	2585.9	
298.27	2745.6	
298.48	4728.1	
298.69	4518.5	
298.9	3216.7	
299.11	2985.3	
299.31	4427.7	
299.52	4432.5	
299.73	3452.2	
299.94	3396.9	
300.15	4812	
300.36	4491.2	
300.57	3336.8	
300.78	3353.2	
300.99	4642.1	
301.2	4793.6	
301.4	3033.7	
301.61	3209.2	
301.82	4977.9	
302.03	5073.5	
302.24	3566.9	
302.45	2897.2	
302.66	5005.2	
302.87	5242.8	
303.08	2987.3	
303.29	3915.7	
303.49	4563.6	
303.7	4795	
303.91	2719	
304.12	3748.5	
304.33	4366.3	
304.54	4855.7	
304.75	2985.9	
304.96	2958.6	
305.16	4955.4	
305.37	5513.8	
305.58	2680.8	
305.79	2735.4	
306	5007.3	
306.21	4304.8	
306.42	3037.1	
306.63	4410.6	
306.83	4634.6	
307.04	5114.5	
307.25	3231	
307.46	3219.4	
307.67	4227	
307.88	5010	
308.09	3026.2	
308.29	3078.8	
308.5	4840	
308.71	5134.3	
308.92	3158.7	
309.13	2930	
309.34	4720.6	
309.55	4682.3	
309.75	3682.2	
309.96	3330	
310.17	5037.3	
310.38	4524	
310.59	3523.2	
310.8	2844.6	
311.01	5558.2	
311.21	4719.9	
311.42	2930	
311.63	3009.8	
311.84	4580.6	
312.05	4787.5	
312.26	3349.1	
312.46	3537.5	
312.67	4651.6	
312.88	4368.3	
313.09	2908.8	
313.3	2879.4	
313.51	5335.6	
313.71	5543.2	
313.92	2871.3	
314.13	3044	
314.34	4972.5	
314.55	4754.7	
314.76	3647.4	
314.96	3179.1	
315.17	4884.4	
315.38	4975.2	
315.59	2974.3	
315.8	2843.9	
316.01	5303.6	
316.21	5427.8	
316.42	2835.8	
316.63	3234.4	
316.84	4632.5	
317.05	5175.2	
317.26	3366.2	
317.46	3046.7	
317.67	4710.3	
317.88	5070.8	
318.09	3653.6	
318.3	2749.1	
318.5	4589.5	
318.71	4968.4	
318.92	4489.1	
319.13	3439.2	
319.34	5104.9	
319.54	5193	
319.75	2776.4	
319.96	2614.6	
320.17	4988.9	
320.38	5154.1	
320.58	2719.7	
320.79	3136.1	
321	5179.3	
321.21	5311.1	
321.42	3207.8	
321.62	2706.7	
321.83	4497.3	
322.04	4779.3	
322.25	3136.8	
322.46	2934.1	
322.66	4839.4	
322.87	4976.6	
323.08	3450.8	
323.29	2842.6	
323.5	5500.8	
323.7	4430.4	
323.91	3859.1	
324.12	3529.3	
324.33	4866	
324.53	4985.4	
324.74	3392.8	
324.95	3514.3	
325.16	4381.3	
325.37	4615.4	
325.57	2953.9	
325.78	2957.9	
325.99	4855.7	
326.2	4406.5	
326.4	3980.6	
326.61	2714.9	
326.82	4753.3	
327.03	4819.6	
327.24	3963.5	
327.44	3741.6	
327.65	4972.5	
327.86	4139.6	
328.07	3372.3	
328.27	2837.8	
328.48	5281	
328.69	4411.3	
328.9	4051.6	
329.1	3128.6	
329.31	4698.7	
329.52	5353.4	
329.73	2940.9	
329.93	3229.6	
330.14	4866.7	
330.35	4975.9	
330.56	4578.6	
330.76	3506.8	
330.97	4607.9	
331.18	4837.3	
331.39	3278.1	
331.59	2678.7	
331.8	5212.1	
332.01	5319.9	
332.22	3004.4	
332.42	3310.2	
332.63	4876.2	
332.84	4433.2	
333.05	3218	
333.25	3002.3	
333.46	4550.6	
333.67	4786.1	
333.88	3065.1	
334.08	3352.5	
334.29	6069.5	
334.5	5154.7	
334.7	2869.2	
334.91	3996.3	
335.12	4350.6	
335.33	5050.3	
335.53	3243.3	
335.74	4529.4	
335.95	4642.1	
336.16	4416.8	
336.36	3170.3	
336.57	3676.1	
336.78	4437.3	
336.98	5176.6	
337.19	3887	
337.4	3199.6	
337.61	5599.8	
337.81	4391.5	
338.02	2992.8	
338.23	3774.4	
338.43	5342.5	
338.64	4528.7	
338.85	2966.8	
339.05	3758	
339.26	5345.9	
339.47	4332.8	
339.68	2915.6	
339.88	4167.6	
340.09	4929.5	
340.3	5115.1	
340.5	3323.2	
340.71	2666.5	
340.92	4374.5	
341.13	5276.9	
341.33	2861.7	
341.54	3376.4	
341.75	4971.8	
341.95	4650.9	
342.16	3294.5	
342.37	3508.2	
342.57	4364.9	
342.78	4730.8	
342.99	3571	
343.19	2740.2	
343.4	5098.1	
343.61	4962.9	
343.81	3135.4	
344.02	2912.2	
344.23	5000.5	
344.43	5343.8	
344.64	3557.3	
344.85	3455.6	
345.06	4957.4	
345.26	5221.6	
345.47	3409.2	
345.68	3845.4	
345.88	4378.6	
346.09	5104.9	
346.3	3474.7	
346.5	2661	
346.71	4726	
346.92	4524	
347.12	2846	
347.33	3326.6	
347.54	5081.7	
347.74	5399.1	
347.95	3312.9	
348.16	2637.8	
348.36	4605.9	
348.57	4467.3	
348.78	3382.6	
348.98	3524.6	
349.19	4660.5	
349.39	4358.1	
349.6	2833.7	
349.81	3052.8	
350.01	5028.4	
350.22	4499.4	
350.43	3269.2	
350.63	3820.1	
350.84	4827.7	
351.05	4504.2	
351.25	2985.9	
351.46	2802.3	
351.67	5152.7	
351.87	4552	
352.08	3177.1	
352.29	3597.6	
352.49	5161.6	
352.7	5154.7	
352.9	2951.1	
353.11	3553.2	
353.32	5613.5	
353.52	4661.9	
353.73	2923.1	
353.94	3597.6	
354.14	5018.9	
354.35	4793.6	
354.55	3002.3	
354.76	3261	
354.97	4990.2	
355.17	4764.3	
355.38	2890.4	
355.59	3789.4	
355.79	4559.5	
356	4810.7	
356.2	3269.2	
356.41	2969.6	
356.62	4464.6	
356.82	4775.9	
357.03	3519.1	
357.24	3226.2	
357.44	4552	
357.65	4677.6	
357.85	4080.2	
358.06	3331.4	
358.27	4423.6	
358.47	4504.2	
358.68	2889	
358.88	3529.3	
359.09	5018.2	
359.3	5236	
359.5	3969	
359.71	3597.6	
359.91	5572.5	
360.12	5077.6	
360.33	3571.7	
360.53	3826.3	
360.74	4659.1	
360.94	4679.6	
361.15	3723.2	
361.36	3181.2	
361.56	5195.7	
361.77	4785.4	
361.97	4066.6	
362.18	3327.3	
362.38	5259.2	
362.59	4584.7	
362.8	3114.3	
363	3055.6	
363.21	4422.9	
363.41	4902.8	
363.62	3500	
363.83	4175.8	
364.03	5113.1	
364.24	5627.1	
364.44	4302.8	
364.65	4319.8	
364.85	4847.5	
365.06	4674.1	
365.27	3244.7	
365.47	3338.2	
365.68	5477	
365.88	4860.5	
366.09	3543.7	
366.29	3314.3	
366.5	4952.7	
366.71	5221.6	
366.91	4220.9	
367.12	3675.4	
367.32	5770.5	
367.53	5180.7	
367.73	3659.7	
367.94	4415.4	
368.14	5190.2	
368.35	5748	
368.56	3620.1	
368.76	3252.9	
368.97	5326.1	
369.17	6361	
369.38	3275.4	
369.58	3451.5	
369.79	4577.2	
369.99	5467.4	
370.2	4195.6	
370.4	3497.2	
370.61	5060.5	
370.82	5895.4	
371.02	3458.3	
371.23	3042.6	
371.43	4601.1	
371.64	5517.2	
371.84	3534.1	
372.05	4313	
372.25	6341.9	
372.46	5199.8	
372.66	3509.5	
372.87	3532.1	
373.07	5283.8	
373.28	6552.1	
373.48	4169.7	
373.69	4078.9	
373.9	4997	
374.1	5013.4	
374.31	4186.7	
374.51	3842.7	
374.72	5563	
374.92	4797.7	
375.13	4337.6	
375.33	3768.3	
375.54	5263.3	
375.74	4945.8	
375.95	3848.1	
376.15	4743.1	
376.36	5383.4	
376.56	5241.4	
376.77	3876.8	
376.97	4181.3	
377.18	6109.1	
377.38	5444.9	
377.59	4430.4	
377.79	3620.8	
378	5290.6	
378.2	5535.7	
378.41	3636.5	
378.61	3574.4	
378.82	5721.3	
379.02	5391.6	
379.23	3791.5	
379.43	4558.1	
379.64	5828.5	
379.84	5411.4	
380.05	3666.5	
380.25	3579.8	
380.46	5472.2	
380.66	5217.5	
380.87	4557.4	
381.07	4835.3	
381.28	5983.5	
381.48	5436	
381.69	3661.1	
381.89	3751.9	
382.1	4756.7	
382.3	5560.2	
382.51	4442.7	
382.71	5093.3	
382.91	5400.5	
383.12	5852.4	
383.32	3899.3	
383.53	3989.4	
383.73	5286.5	
383.94	5211.4	
384.14	3990.1	
384.35	3464.5	
384.55	5098.1	
384.76	5410.1	
384.96	3884.3	
385.17	4106.9	
385.37	5412.1	
385.58	4921.3	
385.78	4041.3	
385.98	3383.2	
386.19	5089.9	
386.39	5343.2	
386.6	3685.7	
386.8	3832.4	
387.01	5428.5	
387.21	5517.9	
387.42	4100.7	
387.62	4564.9	
387.83	5054.4	
388.03	5314.5	
388.23	3992.2	
388.44	4518.5	
388.64	4863.2	
388.85	4943.1	
389.05	4194.9	
389.26	4582	
389.46	6326.9	
389.67	5877.7	
389.87	4235.2	
390.07	4261.8	
390.28	5231.9	
390.48	4996.4	
390.69	3670	
390.89	3901.4	
391.1	5111	
391.3	5753.4	
391.5	4700.1	
391.71	5145.9	
391.91	5616.9	
392.12	6218.3	
392.32	4707.6	
392.53	4191.5	
392.73	5179.3	
392.93	5307	
393.14	3984.7	
393.34	4547.9	
393.55	5539.8	
393.75	5194.3	
393.95	3946.4	
394.16	3923.9	
394.36	5164.3	
394.57	5559.6	
394.77	3648.1	
394.98	3848.8	
395.18	5096	
395.38	5122	
395.59	4550.6	
395.79	3908.9	
396	5288.5	
396.2	5579.3	
396.4	4456.4	
396.61	4426.3	
396.81	5664.7	
397.02	5176.6	
397.22	4610.7	
397.42	4689.2	
397.63	5763.7	
397.83	5245.5	
398.04	3889.8	
398.24	4229.1	
398.44	5576.6	
398.65	4917.2	
398.85	3827.7	
399.05	3782.6	
399.26	5255.8	
399.46	6375.3	
399.67	4127.3	
399.87	3905.5	
400.07	5473.5	
400.28	5681.7	
400.48	4003.1	
400.69	4744.5	
400.89	5871.5	
401.09	6223.8	
401.3	3993.5	
401.5	4769.7	
401.7	6345.3	
401.91	6541.2	
402.11	4255.7	
402.32	4306.9	
402.52	5965.1	
402.72	5778.7	
402.93	4592.9	
403.13	3710.2	
403.33	6380.8	
403.54	5415.5	
403.74	4213.4	
403.94	4856.4	
404.15	5425.1	
404.35	6248.4	
404.56	3997.6	
404.76	5234.6	
404.96	5778.7	
405.17	5650.3	
405.37	5002.5	
405.57	4405.9	
405.78	5878.4	
405.98	5492.7	
406.18	4218.1	
406.39	4740.4	
406.59	5898.2	
406.79	5492.7	
407	3885	
407.2	3990.1	
407.4	5887.9	
407.61	5922	
407.81	4032.5	
408.01	5512.4	
408.22	5151.3	
408.42	6496.2	
408.62	4849.6	
408.83	4540.3	
409.03	5701.5	
409.23	5674.9	
409.44	4601.8	
409.64	4797.7	
409.84	6528.2	
410.05	6333	
410.25	4820.9	
410.45	4684.4	
410.66	6113.9	
410.86	7892.2	
411.06	5010	
411.27	4922.6	
411.47	7659.4	
411.67	6215.6	
411.88	5096	
412.08	5246.9	
412.28	6690	
412.49	7075	
412.69	4947.9	
412.89	5019.6	
413.09	6949.4	
413.3	6866.2	
413.5	5153.4	
413.7	4825.7	
413.91	6311.2	
414.11	7000.6	
414.31	4986.8	
414.52	5216.2	
414.72	6737.8	
414.92	6702.3	
415.12	4945.2	
415.33	5356.1	
415.53	6984.3	
415.73	7016.3	
415.94	5601.9	
416.14	5162.9	
416.34	6374.6	
416.55	6110.5	
416.75	6038.8	
416.95	5699.5	
417.15	7096.2	
417.36	7437.5	
417.56	6251.1	
417.76	5563	
417.97	7281.2	
418.17	6998.6	
418.37	5270.8	
418.57	5276.9	
418.78	6925.5	
418.98	6726.9	
419.18	5963	
419.38	5847.6	
419.59	6660.7	
419.79	6392.4	
419.99	5176.6	
420.2	5423.7	
420.4	7012.2	
420.6	7066.9	
420.8	5116.5	
421.01	5059.8	
421.21	6928.3	
421.41	6961	
421.61	5413.5	
421.82	5216.9	
422.02	6602	
422.22	7189.7	
422.42	5721.3	
422.63	5456.5	
422.83	6554.9	
423.03	7529	
423.23	5449.6	
423.44	4818.9	
423.64	6617	
423.84	6459.3	
424.04	5061.2	
424.25	4856.4	
424.45	7296.9	
424.65	7137.2	
424.85	4787.5	
425.06	5146.5	
425.26	7386.3	
425.46	6531	
425.66	5481	
425.87	5201.2	
426.07	7038.2	
426.27	6925.5	
426.47	5278.3	
426.67	4795.7	
426.88	7342	
427.08	6941.9	
427.28	5479.7	
427.48	4786.1	
427.69	6098.9	
427.89	6562.4	
428.09	5403.2	
428.29	4828.4	
428.5	6954.2	
428.7	6702.3	
428.9	4760.2	
429.1	5096	
429.3	6687.3	
429.51	7025.2	
429.71	4960.9	
429.91	5597.8	
430.11	6991.8	
430.31	7114.6	
430.52	5213.4	
430.72	5375.2	
430.92	7325.6	
431.12	6857.3	
431.32	4999.1	
431.53	5279.7	
431.73	6224.5	
431.93	7402	
432.13	4907.6	
432.33	4892.6	
432.54	6518	
432.74	6723.5	
432.94	4922.6	
433.14	5573.2	
433.34	7012.9	
433.55	6698.2	
433.75	5529.5	
433.95	6825.9	
434.15	6852.5	
434.35	6542.6	
434.56	4957.4	
434.76	4681	
434.96	6778.8	
435.16	6960.4	
435.36	4955.4	
435.56	5834	
435.77	6614.9	
435.97	6700.3	
436.17	6324.8	
436.37	5724.1	
436.57	6578.1	
436.78	6550.8	
436.98	5663.3	
437.18	6178.7	
437.38	7054.6	
437.58	6704.4	
437.78	6285.9	
437.99	5245.5	
438.19	7120.8	
438.39	8103.1	
438.59	5225.1	
438.79	4765.6	
438.99	7435.5	
439.2	6593.1	
439.4	4809.3	
439.6	4826.4	
439.8	6777.4	
440	7643	
440.2	5675.6	
440.4	5707.7	
440.61	7305.1	
440.81	7622.5	
441.01	5241.4	
441.21	5844.9	
441.41	7616.4	
441.61	7290.8	
441.81	5999.2	
442.02	6731.7	
442.22	7976.2	
442.42	7435.5	
442.62	5162.9	
442.82	5184.1	
443.02	7679.2	
443.22	6931	
443.43	5589.6	
443.63	5231.2	
443.83	6899.6	
444.03	6885.3	
444.23	6192.4	
444.43	5859.2	
444.63	7194.5	
444.83	7996	
445.04	5410.1	
445.24	6376.7	
445.44	7378.8	
445.64	7361.8	
445.84	5917.9	
446.04	5912.5	
446.24	6831.3	
446.44	7576.8	
446.65	5264.6	
446.85	5610.1	
447.05	6808.1	
447.25	7527	
447.45	5696.1	
447.65	5101.5	
447.85	7135.1	
448.05	6746	
448.25	5909.1	
448.46	5783.5	
448.66	7144.7	
448.86	6838.9	
449.06	5069.4	
449.26	5890.6	
449.46	7389.8	
449.66	6621.1	
449.86	5610.1	
450.06	5520.6	
450.26	6841.6	
450.47	7243.7	
450.67	5720	
450.87	6000.5	
451.07	7386.3	
451.27	7089.4	
451.47	5266.7	
451.67	5709.1	
451.87	6838.9	
452.07	7684.7	
452.27	5433.3	
452.47	5380.7	
452.67	7228.6	
452.88	7370.6	
453.08	4944.5	
453.28	6439.5	
453.48	8006.2	
453.68	6990.4	
453.88	5335	
454.08	5486.5	
454.28	7404.1	
454.48	7122.8	
454.68	5972.6	
454.88	6194.4	
455.08	7608.9	
455.28	7331.7	
455.48	5295.4	
455.68	5893.4	
455.89	7941.3	
456.09	7623.2	
456.29	5593	
456.49	5674.9	
456.69	7826.7	
456.89	7206.1	
457.09	6001.9	
457.29	6333	
457.49	7501	
457.69	7626	
457.89	5971.2	
458.09	5485.8	
458.29	7461.4	
458.49	8002.1	
458.69	6250.4	
458.89	5857.2	
459.09	8188.5	
459.29	8193.9	
459.49	5896.1	
459.69	6526.2	
459.9	7815	
460.1	7475.8	
460.3	5799.8	
460.5	5700.2	
460.7	7780.9	
460.9	7435.5	
461.1	5489.9	
461.3	6409.5	
461.5	8301.1	
461.7	7944.1	
461.9	5821	
462.1	6191	
462.3	7666.2	
462.5	8165.9	
462.7	5887.9	
462.9	6022.4	
463.1	8833.6	
463.3	8586.5	
463.5	6179.4	
463.7	6853.9	
463.9	7909.3	
464.1	8138.6	
464.3	6285.2	
464.5	6461.3	
464.7	8306.6	
464.9	8148.2	
465.1	7436.9	
465.3	6768.5	
465.5	8593.3	
465.7	8599.4	
465.9	7011.6	
466.1	6710.5	
466.3	8498.4	
466.5	8250.6	
466.7	7556.3	
466.9	6604.7	
467.1	8466.3	
467.3	9073.2	
467.5	7460.8	
467.7	6564.4	
467.9	9187.9	
468.1	9863.7	
468.3	7124.9	
468.5	7564.5	
468.7	8317.5	
468.9	8314.1	
469.1	6866.2	
469.3	7388.4	
469.5	9911.5	
469.7	8096.3	
469.9	7120.1	
470.1	6731	
470.3	8516.1	
470.5	8469	
470.7	7595.2	
470.9	6783.6	
471.1	8251.9	
471.3	8509.3	
471.5	6627.9	
471.69	7879.2	
471.89	8118.1	
472.09	7715.4	
472.29	7189.1	
472.49	7406.1	
472.69	7979.6	
472.89	8510	
473.09	6525.5	
473.29	6551.5	
473.49	7996	
473.69	8088.1	
473.89	7257.3	
474.09	6679.8	
474.29	8982.4	
474.49	8668.4	
474.69	7331.7	
474.89	6752.8	
475.09	8132.5	
475.29	8027.4	
475.49	6349.4	
475.69	6511.2	
475.88	9281.4	
476.08	8348.9	
476.28	6304.3	
476.48	6519.4	
476.68	8572.8	
476.88	8453.3	
477.08	6402	
477.28	6733	
477.48	8135.2	
477.68	8472.4	
477.88	6324.8	
478.08	6524.1	
478.28	8819.9	
478.48	8206.2	
478.67	6600.6	
478.87	6122.1	
479.07	8689.5	
479.27	8116.8	
479.47	6733	
479.67	6770.6	
479.87	8584.4	
480.07	8833.6	
480.27	6253.8	
480.47	7388.4	
480.67	8217.1	
480.87	8759.8	
481.06	6417.7	
481.26	7064.8	
481.46	8228.7	
481.66	8125.7	
481.86	6779.5	
482.06	7350.2	
482.26	7964.6	
482.46	8720.3	
482.66	6725.5	
482.86	6397.9	
483.05	8372.1	
483.25	7782.3	
483.45	8450.6	
483.65	6627.9	
483.85	7890.1	
484.05	8176.9	
484.25	7086	
484.45	7395.2	
484.65	8771.5	
484.84	8809	
485.04	6625.2	
485.24	6618.4	
485.44	9028.8	
485.64	7836.2	
485.84	6223.1	
486.04	7232.7	
486.24	8122.9	
486.44	8338.6	
486.63	6210.8	
486.83	6942.6	
487.03	8101.1	
487.23	8290.9	
487.43	6348.7	
487.63	8026.7	
487.83	8335.2	
488.02	8911.4	
488.22	7079.8	
488.42	7522.9	
488.62	9043.8	
488.82	8176.9	
489.02	6789.7	
489.22	6816.3	
489.41	8927.8	
489.61	8613.8	
489.81	6587.6	
490.01	6636.1	
490.21	8853.4	
490.41	9425.4	
490.61	6649.8	
490.8	6677.1	
491	8557.1	
491.2	8026.7	
491.4	7111.2	
491.6	6455.2	
491.8	8430.8	
491.99	8446.5	
492.19	6350.1	
492.39	6592.4	
492.59	8722.3	
492.79	8879.3	
492.99	7286	
493.18	6656.6	
493.38	9056.1	
493.58	9505.3	
493.78	7189.1	
493.98	6832.7	
494.18	8749.6	
494.37	8371.4	
494.57	7358.4	
494.77	7321.5	
494.97	8957.8	
495.17	9240.4	
495.37	7090.8	
495.56	7344.7	
495.76	9432.3	
495.96	9196.1	
496.16	8088.8	
496.36	7361.8	
496.55	9286.2	
496.75	8923	
496.95	7510.6	
497.15	7435.5	
497.35	9263	
497.54	9216.5	
497.74	7304.4	
497.94	8520.9	
498.14	9792.7	
498.34	9568.1	
498.53	7152.2	
498.73	7622.5	
498.93	8757.8	
499.13	9252	
499.33	7610.3	
499.52	7896.3	
499.72	9271.2	
499.92	9444.5	
500.12	7377.5	
500.32	7514.7	
500.51	9484.8	
500.71	9348.3	
500.91	8170.7	
501.11	7843	
501.31	9433.6	
501.5	9768.1	
501.7	8361.2	
501.9	7578.2	
502.1	9266.4	
502.29	9538.1	
502.49	7965.2	
502.69	8204.2	
502.89	9448	
503.09	9387.2	
503.28	7154.9	
503.48	7089.4	
503.68	8853.4	
503.88	8872.5	
504.07	7888.1	
504.27	7446.4	
504.47	9058.8	
504.67	9167.4	
504.86	7846.5	
505.06	7626	
505.26	8844.5	
505.46	10075	
505.65	7495.6	
505.85	7628.7	
506.05	8831.5	
506.25	9126.4	
506.44	6949.4	
506.64	7550.9	
506.84	8655.4	
507.04	9312.1	
507.23	7074.4	
507.43	7482.6	
507.63	10039	
507.83	8633.6	
508.02	7421.2	
508.22	7175.4	
508.42	10212	
508.62	8537.3	
508.81	7226.6	
509.01	7697.6	
509.21	8415.1	
509.4	8650.6	
509.6	7499	
509.8	6940.6	
510	8628.8	
510.19	9652.1	
510.39	6954.2	
510.59	7081.9	
510.79	8636.3	
510.98	9626.8	
511.18	7216.4	
511.38	7218.4	
511.57	9283.4	
511.77	8929.8	
511.97	7626.6	
512.17	7013.6	
512.36	9187.9	
512.56	8961.2	
512.76	6991.8	
512.95	6780.8	
513.15	9354.4	
513.35	8125	
513.55	7576.1	
513.74	6967.9	
513.94	9227.5	
514.14	8745.5	
514.33	7759.8	
514.53	7570.7	
514.73	8727.8	
514.92	8845.9	
515.12	7075	
515.32	7029.3	
515.51	8988.5	
515.71	9207	
515.91	8301.1	
516.11	7092.8	
516.3	10221	
516.5	8817.9	
516.7	7562.5	
516.89	7985.7	
517.09	8783.1	
517.29	8774.2	
517.48	7707.2	
517.68	7309.2	
517.88	8563.2	
518.07	9104.6	
518.27	7646.4	
518.47	6934.4	
518.66	9450	
518.86	8528.4	
519.06	6868.2	
519.25	7215.7	
519.45	8696.4	
519.65	9871.2	
519.84	7759.1	
520.04	8191.9	
520.24	10124	
520.43	9215.9	
520.63	7496.2	
520.83	7339.2	
521.02	8632.2	
521.22	9090.3	
521.42	7710.6	
521.61	8026.7	
521.81	8813.1	
522.01	8951	
522.2	7584.3	
522.4	7379.5	
522.6	9207.7	
522.79	8373.5	
522.99	7499	
523.18	6995.9	
523.38	9240.4	
523.58	9182.4	
523.77	8499.1	
523.97	7173.4	
524.17	10613	
524.36	10047	
524.56	8161.8	
524.76	7946.8	
524.95	9198.8	
525.15	9028.8	
525.34	7821.9	
525.54	7836.9	
525.74	9620	
525.93	8931.9	
526.13	8749.6	
526.33	7856	
526.52	9989.3	
526.72	9620.7	
526.91	8768.7	
527.11	8241	
527.31	9983.8	
527.5	10185	
527.7	8284	
527.89	7488.1	
528.09	9235.7	
528.29	9676	
528.48	8524.3	
528.68	8184.4	
528.87	9973.6	
529.07	9948.3	
529.27	8279.9	
529.46	7811	
529.66	9615.2	
529.85	9933.3	
530.05	7769.3	
530.25	8313.4	
530.44	10684	
530.64	9587.9	
530.83	8045.8	
531.03	8161.2	
531.23	10152	
531.42	9765.4	
531.62	8834.9	
531.81	8201.4	
532.01	10346	
532.21	10418	
532.4	8153.6	
532.6	8463.6	
532.79	10875	
532.99	10255	
533.18	8520.2	
533.38	9231.6	
533.58	10031	
533.77	10562	
533.97	8545.5	
534.16	9080.7	
534.36	10863	
534.55	10012	
534.75	9209	
534.95	8581.7	
535.14	10759	
535.34	10058	
535.53	8306.6	
535.73	9727.9	
535.92	11105	
536.12	9964.1	
536.31	8301.8	
536.51	9254.8	
536.71	10329	
536.9	10008	
537.1	8452	
537.29	8699.1	
537.49	10652	
537.68	9880.1	
537.88	8890.9	
538.07	8266.3	
538.27	10268	
538.46	10955	
538.66	8314.1	
538.86	8661.5	
539.05	10213	
539.25	10585	
539.44	8920.3	
539.64	8487.5	
539.83	10050	
540.03	10799	
540.22	8381.7	
540.42	8409	
540.61	10261	
540.81	10284	
541	8699.1	
541.2	9178.3	
541.39	9871.9	
541.59	10161	
541.78	9075.9	
541.98	8325	
542.18	9606.3	
542.37	9611.8	
542.57	8576.2	
542.76	8985.8	
542.96	9684.8	
543.15	10011	
543.35	8540.7	
543.54	7999.4	
543.74	10076	
543.93	10056	
544.13	8372.1	
544.32	9206.3	
544.52	10245	
544.71	9614.5	
544.91	7759.8	
545.1	8703.9	
545.3	9655.5	
545.49	10137	
545.69	7742	
545.88	8168.7	
546.08	10882	
546.27	10480	
546.47	8559.1	
546.66	8084	
546.86	10257	
547.05	10598	
547.24	8199.4	
547.44	8122.2	
547.63	9506.7	
547.83	10175	
548.02	8353.7	
548.22	8501.1	
548.41	9349	
548.61	10284	
548.8	7992.5	
549	8000.7	
549.19	9773.6	
549.39	10117	
549.58	7798	
549.78	8249.2	
549.97	10066	
550.17	9707.4	
550.36	8742.8	
550.55	9447.3	
550.75	9600.9	
550.94	10303	
551.14	7873.1	
551.33	8165.3	
551.53	9114.8	
551.72	9802.9	
551.92	8221.2	
552.11	8094.3	
552.31	9951.8	
552.5	9990.7	
552.69	9283.4	
552.89	7752.2	
553.08	9796.1	
553.28	9598.1	
553.47	8009.6	
553.67	8893.6	
553.86	10271	
554.06	9085.5	
554.25	7422.5	
554.44	7761.1	
554.64	10884	
554.83	10558	
555.03	7832.1	
555.22	8091.5	
555.42	9985.9	
555.61	9719	
555.8	7887.4	
556	8147.5	
556.19	9152.4	
556.39	9977	
556.58	7993.2	
556.78	7987.1	
556.97	9757.9	
557.16	9407.7	
557.36	8987.2	
557.55	7675.1	
557.75	8945.5	
557.94	10297	
558.13	7733.8	
558.33	7583.6	
558.52	10079	
558.72	9233.6	
558.91	7679.9	
559.1	7818.5	
559.3	9016.5	
559.49	8784.4	
559.69	7291.5	
559.88	8122.2	
560.07	9557.2	
560.27	9920.4	
560.46	8170.7	
560.66	8290.9	
560.85	9486.2	
561.04	8865.7	
561.24	7561.8	
561.43	7657.4	
561.63	8938	
561.82	9223.4	
562.01	8632.9	
562.21	7909.3	
562.4	9589.3	
562.59	10235	
562.79	7819.8	
562.98	7531.1	
563.18	9452.7	
563.37	10578	
563.56	8167.3	
563.76	7632.8	
563.95	9084.1	
564.14	9005.6	
564.34	7890.8	
564.53	7697.6	
564.73	9598.1	
564.92	9794.8	
565.11	7985.7	
565.31	7473	
565.5	9904.7	
565.69	9075.2	
565.89	7692.9	
566.08	7896.3	
566.27	9821.4	
566.47	10202	
566.66	8419.2	
566.85	7418.4	
567.05	9611.1	
567.24	9161.2	
567.44	7570.7	
567.63	8700.5	
567.82	9775.6	
568.02	9534	
568.21	7655.3	
568.4	7927	
568.6	9448.6	
568.79	9368.1	
568.98	7642.3	
569.18	7660.8	
569.37	9478	
569.56	10880	
569.76	7830.7	
569.95	8574.8	
570.14	9751.7	
570.34	9544.2	
570.53	7544.7	
570.72	7497.6	
570.91	9957.9	
571.11	9328.5	
571.3	7832.1	
571.49	8511.4	
571.69	9473.2	
571.88	9082.1	
572.07	8160.5	
572.27	8256.7	
572.46	9067.7	
572.65	9770.9	
572.85	7679.9	
573.04	7911.3	
573.23	9965.4	
573.43	9400.2	
573.62	7582.3	
573.81	7961.8	
574	9565.4	
574.2	9327.8	
574.39	7770	
574.58	7888.8	
574.78	10109	
574.97	9570.2	
575.16	8232.8	
575.36	8339.3	
575.55	9956.5	
575.74	9991.4	
575.93	7539.3	
576.13	8423.3	
576.32	9405	
576.51	9865.1	
576.71	7901.7	
576.9	8961.9	
577.09	10109	
577.28	9768.8	
577.48	8176.2	
577.67	7562.5	
577.86	9487.6	
578.05	9805.7	
578.25	8016.4	
578.44	7974.8	
578.63	9527.2	
578.83	10542	
579.02	7561.1	
579.21	8694.3	
579.4	9764.7	
579.6	9454.8	
579.79	8141.4	
579.98	9694.4	
580.17	9909.4	
580.37	9993.4	
580.56	7733.1	
580.75	8334.6	
580.94	10307	
581.14	10352	
581.33	8709.3	
581.52	7901.1	
581.71	9874.6	
581.91	10478	
582.1	7744.1	
582.29	8163.9	
582.48	9716.9	
582.68	9643.9	
582.87	8462.9	
583.06	8187.1	
583.25	9925.8	
583.45	9834.3	
583.64	8665	
583.83	9215.9	
584.02	9618.6	
584.21	9897.8	
584.41	8680	
584.6	8219.2	
584.79	9723.1	
584.98	10324	
585.18	7804.8	
585.37	7745.4	
585.56	9429.5	
585.75	10004	
585.94	7935.2	
586.14	8388.5	
586.33	10313	
586.52	9571.5	
586.71	8289.5	
586.91	8008.9	
587.1	9139.4	
587.29	9905.3	
587.48	7881.3	
587.67	7868.3	
587.87	9815.9	
588.06	9741.5	
588.25	8728.4	
588.44	8269.7	
588.63	9478	
588.83	9855.5	
589.02	7767.9	
589.21	7524.2	
589.4	9193.3	
589.59	9062.3	
589.78	7006.1	
589.98	7060	
590.17	8556.4	
590.36	8906.6	
590.55	6528.9	
590.74	7080.5	
590.94	9734.7	
591.13	8779	
591.32	7032.7	
591.51	6668.9	
591.7	9018.6	
591.89	8757.1	
592.09	6772.6	
592.28	7154.9	
592.47	8211	
592.66	9674.6	
592.85	6860	
593.05	6906.4	
593.24	8627.4	
593.43	9433.6	
593.62	7099.6	
593.81	7268.2	
594	8803.5	
594.19	8894.3	
594.39	6970.6	
594.58	6886	
594.77	9097.8	
594.96	9423.4	
595.15	6883.9	
595.34	7386.3	
595.54	8834.9	
595.73	8311.3	
595.92	6306.4	
596.11	7228	
596.3	9365.4	
596.49	8309.3	
596.68	7091.4	
596.88	7400.7	
597.07	9136.7	
597.26	8357.1	
597.45	6756.2	
597.64	7681.9	
597.83	8529.1	
598.02	8916.2	
598.22	6746.7	
598.41	7342	
598.6	8811.7	
598.79	8409.6	
598.98	6862.1	
599.17	7466.9	
599.36	8810.4	
599.55	9613.2	
599.74	8322.9	
599.94	8224.6	
600.13	9221.3	
600.32	8443.1	
600.51	6699.6	
600.7	6740.5	
600.89	9597.5	
601.08	9778.4	
601.27	6612.9	
601.47	7396.6	
601.66	9160.6	
601.85	9563.3	
602.04	7181.5	
602.23	7314.7	
602.42	8388.5	
602.61	8984.4	
602.8	7081.9	
602.99	6960.4	
603.18	8802.2	
603.37	8846.5	
603.57	7385.7	
603.76	7884.7	
603.95	9488.2	
604.14	9127.8	
604.33	7118.7	
604.52	7204.8	
604.71	8913.4	
604.9	8535.9	
605.09	7667.6	
605.28	7564.5	
605.47	9374.2	
605.66	9048.6	
605.86	7419.1	
606.05	6969.2	
606.24	9381.7	
606.43	8249.9	
606.62	7247.8	
606.81	7855.3	
607	9273.9	
607.19	8685.4	
607.38	6799.3	
607.57	6943.3	
607.76	8496.3	
607.95	8118.1	
608.14	7303.1	
608.33	7680.6	
608.52	8452	
608.72	9027.4	
608.91	6737.8	
609.1	6640.9	
609.29	8555.7	
609.48	8211.7	
609.67	7311.2	
609.86	6709.1	
610.05	8329.8	
610.24	8490.2	
610.43	6623.1	
610.62	6365.1	
610.81	9381.1	
611	9192.6	
611.19	6642.2	
611.38	7259.4	
611.57	8811	
611.76	9583.1	
611.95	6551.5	
612.14	6399.2	
612.33	8609.7	
612.52	8301.1	
612.71	6828.6	
612.9	6389	
613.09	8021.2	
613.28	9634.3	
613.47	6858	
613.66	7451.2	
613.85	8558.5	
614.04	8256.7	
614.24	6742.6	
614.43	6144.6	
614.62	8785.1	
614.81	8609.7	
615	7133.1	
615.19	7158.3	
615.38	8161.2	
615.57	8587.1	
615.76	7086	
615.95	7766.6	
616.14	8860.9	
616.33	8499.1	
616.52	7397.9	
616.71	7392.5	
616.9	8694.3	
617.09	8540.7	
617.28	6820.4	
617.47	7675.8	
617.66	8104.5	
617.85	8103.1	
618.04	7509.9	
618.22	7135.1	
618.41	8429.4	
618.6	9108	
618.79	7118.1	
618.98	6855.2	
619.17	9286.2	
619.36	8063.5	
619.55	7013.6	
619.74	7051.8	
619.93	8828.1	
620.12	8335.2	
620.31	7372	
620.5	7524.2	
620.69	9267.7	
620.88	9491.7	
621.07	8066.9	
621.26	7417.1	
621.45	8966	
621.64	8932.6	
621.83	7494.2	
622.02	6862.7	
622.21	8972.8	
622.4	8859.5	
622.59	7871.7	
622.78	7737.2	
622.97	8547.5	
623.16	9325.1	
623.35	7458.7	
623.54	6892.8	
623.72	8628.1	
623.91	8828.1	
624.1	7668.3	
624.29	6692.1	
624.48	9591.3	
624.67	9080.7	
624.86	7488.7	
625.05	6829.3	
625.24	9709.4	
625.43	8512.7	
625.62	8774.2	
625.81	7088.7	
626	9166	
626.19	8722.3	
626.38	7609.6	
626.56	7170.6	
626.75	8617.9	
626.94	9103.9	
627.13	7615	
627.32	6645.7	
627.51	9083.4	
627.7	9779.7	
627.89	6638.1	
628.08	7450.5	
628.27	8353.7	
628.46	8523.6	
628.65	6889.4	
628.83	6610.8	
629.02	8982.4	
629.21	8404.9	
629.4	7277.1	
629.59	7425.9	
629.78	8400.8	
629.97	9113.5	
630.16	7472.4	
630.35	7075.7	
630.54	9538.8	
630.72	9312.8	
630.91	7097.6	
631.1	7367.9	
631.29	8794.7	
631.48	8843.1	
631.67	7554.3	
631.86	7207.5	
632.05	8695.7	
632.24	8675.2	
632.42	6850.5	
632.61	7317.4	
632.8	8693.6	
632.99	8439.7	
633.18	7311.2	
633.37	7626.6	
633.56	8886.8	
633.75	8787.2	
633.93	7355.6	
634.12	7154.2	
634.31	9531.2	
634.5	9196.7	
634.69	7132.4	
634.88	7536.5	
635.07	8673.1	
635.25	9065.7	
635.44	7823.2	
635.63	7970.7	
635.82	8588.5	
636.01	8121.6	
636.2	7758.4	
636.39	7439.6	
636.57	9442.5	
636.76	9166.7	
636.95	6941.2	
637.14	7998.7	
637.33	8845.9	
637.52	9595.4	
637.7	6896.9	
637.89	7582.3	
638.08	8609	
638.27	9652.8	
638.46	7585	
638.65	7830.1	
638.83	9587.9	
639.02	8436.9	
639.21	7449.8	
639.4	7802.8	
639.59	8761.2	
639.78	8454	
639.96	6933.1	
640.15	6995.9	
640.34	8677.2	
640.53	8747.6	
640.72	6745.3	
640.91	6954.9	
641.09	8206.9	
641.28	9174.2	
641.47	6939.9	
641.66	7510.6	
641.85	8636.3	
642.03	8815.8	
642.22	7313.3	
642.41	7004.1	
642.6	8249.2	
642.79	7716.1	
642.97	6736.5	
643.16	7279.8	
643.35	8185	
643.54	8133.2	
643.73	6669.6	
643.91	7159.7	
644.1	7888.8	
644.29	8346.2	
644.48	6681.2	
644.67	6632	
644.85	7984.3	
645.04	8300.4	
645.23	6309.1	
645.42	6574.7	
645.6	7866.9	
645.79	8722.3	
645.98	6448.4	
646.17	5772.5	
646.36	7505.8	
646.54	7912	
646.73	6954.2	
646.92	6075	
647.11	7606.2	
647.29	8342.7	
647.48	6110.5	
647.67	5879	
647.86	8590.5	
648.05	8529.8	
648.23	6341.2	
648.42	7320.1	
648.61	8134.5	
648.8	7957.7	
648.98	6079.1	
649.17	6347.3	
649.36	7624.6	
649.55	7250.5	
649.73	6138.4	
649.92	6763.1	
650.11	7541.3	
650.3	7802.8	
650.48	6191.7	
650.67	6127.5	
650.86	7916.1	
651.05	7126.9	
651.23	6139.1	
651.42	6113.9	
651.61	7589.8	
651.79	7527	
651.98	6257.2	
652.17	6038.1	
652.36	7960.5	
652.54	7137.2	
652.73	6033.3	
652.92	5900.2	
653.11	7920.9	
653.29	7929.1	
653.48	5553.4	
653.67	6180.8	
653.85	7669	
654.04	8455.4	
654.23	6315.9	
654.42	5932.3	
654.6	7247.1	
654.79	7692.2	
654.98	5538.4	
655.16	5945.3	
655.35	6889.4	
655.54	6754.9	
655.73	5606.7	
655.91	5524.1	
656.1	7649.8	
656.29	6770.6	
656.47	5252.4	
656.66	6515.3	
656.85	7118.7	
657.03	7127.6	
657.22	5710.4	
657.41	5653.1	
657.59	7234.8	
657.78	7086	
657.97	5539.8	
658.16	6062.7	
658.34	7690.8	
658.53	8006.9	
658.72	6696.2	
658.9	7064.1	
659.09	7403.4	
659.28	7376.8	
659.46	5886.5	
659.65	5743.9	
659.84	7161.1	
660.02	7605.5	
660.21	5786.2	
660.4	5668.1	
660.58	7818.5	
660.77	7395.2	
660.96	6107.7	
661.14	5474.2	
661.33	8219.9	
661.52	8181.6	
661.7	5414.1	
661.89	8011.7	
662.08	7075	
662.26	6750.1	
662.45	5624.4	
662.64	5676.3	
662.82	7662.8	
663.01	7002.7	
663.2	5720.7	
663.38	6222.4	
663.57	7518.8	
663.75	7417.1	
663.94	5920.7	
664.13	6849.1	
664.31	7066.2	
664.5	7543.4	
664.69	6047.7	
664.87	6472.3	
665.06	6891.4	
665.25	7411.6	
665.43	6668.2	
665.62	6734.4	
665.8	7604.8	
665.99	7137.9	
666.18	5881.8	
666.36	5948.7	
666.55	7651.9	
666.74	7546.1	
666.92	5724.8	
667.11	6774	
667.29	7230.7	
667.48	7520.8	
667.67	6490.7	
667.85	5761.6	
668.04	7107.1	
668.22	7077.1	
668.41	5853.8	
668.6	6079.1	
668.78	6935.8	
668.97	7204.8	
669.15	6190.3	
669.34	5324	
669.53	6929.6	
669.71	7180.2	
669.9	5482.4	
670.08	6032.6	
670.27	6923.5	
670.46	7422.5	
670.64	6171.2	
670.83	6262.7	
671.01	6850.5	
671.2	7255.3	
671.38	5617.6	
671.57	5499.5	
671.76	7905.2	
671.94	8200.1	
672.13	5467.4	
672.31	6211.5	
672.5	7481.2	
672.69	7022.5	
672.87	5597.8	
673.06	5870.2	
673.24	7357	
673.43	7046.4	
673.61	6053.8	
673.8	5782.1	
673.98	7461.4	
674.17	7551.5	
674.36	6317.3	
674.54	6120	
674.73	7203.4	
674.91	7479.9	
675.1	5844.9	
675.28	5603.2	
675.47	7169.3	
675.65	7506.5	
675.84	5814.2	
676.03	5997.8	
676.21	7012.9	
676.4	6564.4	
676.58	6380.8	
676.77	6257.9	
676.95	8169.3	
677.14	6924.2	
677.32	5496.1	
677.51	5465.3	
677.69	7495.6	
677.88	6787	
678.06	5470.8	
678.25	5593.7	
678.44	7122.8	
678.62	6918	
678.81	5326.8	
678.99	6025.8	
679.18	7840.3	
679.36	7354.3	
679.55	5828.5	
679.73	6285.2	
679.92	7296.9	
680.1	6974	
680.29	6612.9	
680.47	5789.6	
680.66	6952.2	
680.84	7531.1	
681.03	5329.5	
681.21	5976	
681.4	7010.2	
681.58	6867.5	
681.77	5634.6	
681.95	5539.8	
682.14	7688.8	
682.32	7714.7	
682.51	6186.9	
682.69	5401.9	
682.88	6913.9	
683.06	7301	
683.25	6022.4	
683.43	6353.5	
683.62	7147.4	
683.8	7403.4	
683.99	6395.8	
684.17	5885.9	
684.36	8012.3	
684.54	7017	
684.73	5241.4	
684.91	5259.2	
685.1	7137.2	
685.28	6643.6	
685.46	5637.4	
685.65	5705	
685.83	7179.5	
686.02	6778.1	
686.2	5255.8	
686.39	5408.7	
686.57	6702.3	
686.76	7731.1	
686.94	5337	
687.13	5492	
687.31	7137.9	
687.5	6904.4	
687.68	5109.7	
687.86	5916.6	
688.05	8174.8	
688.23	6444.3	
688.42	6016.9	
688.6	5483.8	
688.79	6864.1	
688.97	6816.3	
689.16	5778	
689.34	5018.2	
689.52	7363.1	
689.71	7611.6	
689.89	6010.8	
690.08	5500.2	
690.26	7095.5	
690.45	6931.7	
690.63	6112.5	
690.81	5638.7	
691	6986.3	
691.18	6815	
691.37	5819	
691.55	7280.5	
691.74	6765.1	
691.92	8248.5	
692.1	5728.9	
692.29	5364.3	
692.47	6896.9	
692.66	6493.4	
692.84	5494	
693.02	5898.2	
693.21	6565.1	
693.39	7012.9	
693.58	6065.4	
693.76	5556.8	
693.94	7907.2	
694.13	7694.2	
694.31	5608	
694.5	6419.7	
694.68	6875.7	
694.86	7267.6	
695.05	5969.8	
695.23	6085.9	
695.42	7555	
695.6	9201.5	
695.78	6490.7	
695.97	5806	
696.15	7621.2	
696.34	7076.4	
696.52	5601.9	
696.7	6195.1	
696.89	7298.3	
697.07	6918	
697.25	6099.5	
697.44	7236.2	
697.62	7419.8	
697.81	7539.9	
697.99	5864.7	
698.17	6264.1	
698.36	6903.7	
698.54	7414.3	
698.72	6165.1	
698.91	5440.8	
699.09	7121.5	
699.28	6893.5	
699.46	5892.7	
699.64	5836.7	
699.83	7027.9	
700.01	7831.4	
700.19	6502.3	
700.38	5342.5	
700.56	7821.9	
700.74	7107.8	
700.93	5599.8	
701.11	6296.8	
701.29	7523.6	
701.48	8366	
701.66	5778	
701.84	5863.3	
702.03	7259.4	
702.21	7772	
702.39	5644.2	
702.58	5972.6	
702.76	7673.1	
702.94	7718.8	
703.13	5591	
703.31	7382.9	
703.49	7172	
703.68	8246.5	
703.86	5774.6	
704.04	6529.6	
704.23	7464.2	
704.41	7825.3	
704.59	5874.9	
704.78	6773.3	
704.96	8688.8	
705.14	7862.8	
705.33	5790.3	
705.51	6366.5	
705.69	7359	
705.87	8004.8	
706.06	6565.8	
706.24	5765.7	
706.42	7727	
706.61	7798.7	
706.79	6583.5	
706.97	5811.5	
707.16	7301.7	
707.34	7691.5	
707.52	6563.1	
707.7	5993.7	
707.89	7324.9	
708.07	7101.7	
708.25	6655.9	
708.44	6923.5	
708.62	7335.1	
708.8	8047.8	
708.98	6872.3	
709.17	6085.2	
709.35	7533.8	
709.53	7610.3	
709.72	5844.9	
709.9	6191.7	
710.08	7830.1	
710.26	7881.9	
710.45	6969.2	
710.63	6021.7	
710.81	7562.5	
710.99	7628	
711.18	6574	
711.36	6169.2	
711.54	7403.4	
711.72	7992.5	
711.91	6253.1	
712.09	5821.7	
712.27	7582.9	
712.45	7918.1	
712.64	6365.8	
712.82	5621	
713	7094.2	
713.18	7187.7	
713.37	5609.4	
713.55	6460.7	
713.73	7690.8	
713.91	6638.8	
714.1	5784.8	
714.28	5336.3	
714.46	7303.1	
714.64	6700.3	
714.83	4777.2	
715.01	5368.4	
715.19	6664.1	
715.37	6025.8	
715.55	5099.4	
715.74	5292	
715.92	7200.7	
716.1	5608	
716.28	6037.4	
716.47	5364.3	
716.65	6316.6	
716.83	6259.3	
717.01	5233.2	
717.19	5212.1	
717.38	7851.2	
717.56	6079.7	
717.74	5398.4	
717.92	4848.9	
718.1	7040.2	
718.29	6451.1	
718.47	4587.4	
718.65	5165	
718.83	7083.9	
719.01	7054.6	
719.2	4661.2	
719.38	5527.5	
719.56	6845	
719.74	8023.9	
719.92	5262.6	
720.11	5950.7	
720.29	7006.1	
720.47	6230.6	
720.65	4792.9	
720.83	5316.5	
721.02	6431.3	
721.2	6225.8	
721.38	5362.3	
721.56	4747.2	
721.74	5819.6	
721.92	5944.6	
722.11	5617.6	
722.29	5588.2	
722.47	6838.9	
722.65	6272.9	
722.83	4802.5	
723.01	5412.1	
723.2	6305	
723.38	6507.1	
723.56	4420.2	
723.74	5229.8	
723.92	5993.7	
724.1	6698.9	
724.29	4797.7	
724.47	5635.3	
724.65	6075	
724.83	5867.4	
725.01	4706.2	
725.19	5294.7	
725.37	5997.1	
725.56	5959.6	
725.74	4602.5	
725.92	4822.3	
726.1	5937.1	
726.28	6130.9	
726.46	5076.2	
726.64	4840.7	
726.83	6274.3	
727.01	6343.9	
727.19	4591.5	
727.37	5150.6	
727.55	6352.8	
727.73	6696.2	
727.91	4567.7	
728.09	4402.5	
728.28	6635.4	
728.46	6999.3	
728.64	5257.1	
728.82	5223	
729	7466.2	
729.18	6985.6	
729.36	4704.9	
729.54	6430.6	
729.72	7754.3	
729.91	6478.4	
730.09	6246.3	
730.27	5317.2	
730.45	6517.3	
730.63	6959	
730.81	5750.7	
730.99	5141.8	
731.17	7448.5	
731.35	6336.4	
731.53	5449	
731.71	5200.5	
731.9	7104.4	
732.08	7189.1	
732.26	5317.2	
732.44	5127.4	
732.62	7348.8	
732.8	6956.9	
732.98	5504.3	
733.16	4977.9	
733.34	6905.8	
733.52	5923.4	
733.7	5259.2	
733.88	5485.1	
734.07	6734.4	
734.25	6538.5	
734.43	4866	
734.61	6004.6	
734.79	7685.3	
734.97	6556.9	
735.15	4961.5	
735.33	5246.2	
735.51	6727.6	
735.69	6481.1	
735.87	6115.9	
736.05	5335.6	
736.23	6636.1	
736.41	6449.7	
736.59	5252.4	
736.77	5365.7	
736.95	7017	
737.13	6451.1	
737.32	4982.7	
737.5	5122	
737.68	7444.4	
737.86	6365.8	
738.04	4877.6	
738.22	6277	
738.4	6296.1	
738.58	6501.6	
738.76	5289.9	
738.94	4521.2	
739.12	6434.7	
739.3	6281.8	
739.48	5760.9	
739.66	5548.6	
739.84	6558.3	
740.02	6556.2	
740.2	4552.6	
740.38	4799.1	
740.56	6742.6	
740.74	5944.6	
740.92	5395	
741.1	5219.6	
741.28	6351.4	
741.46	6182.8	
741.64	5026.4	
741.82	5353.4	
742	6384.2	
742.18	6357.6	
742.36	5110.4	
742.54	4734.2	
742.72	6832.7	
742.9	5801.9	
743.08	5380.7	
743.26	4483	
743.44	6895.5	
743.62	6858.6	
743.8	5507	
743.98	4760.8	
744.16	6595.8	
744.34	6360.3	
744.52	5397.8	
744.7	5300.8	
744.88	6666.1	
745.06	6324.1	
745.24	5321.3	
745.42	5438.7	
745.6	6698.9	
745.78	6534.4	
745.96	4462.5	
746.14	4725.3	
746.32	7283.9	
746.5	6576.7	
746.68	5125.4	
746.86	4683	
747.03	6913.3	
747.21	5731.6	
747.39	5154.1	
747.57	4691.9	
747.75	6382.8	
747.93	6589	
748.11	4712.4	
748.29	4654.4	
748.47	7572.7	
748.65	6092.7	
748.83	5168.4	
749.01	4973.2	
749.19	6419.7	
749.37	5788.9	
749.55	4958.1	
749.73	4958.1	
749.91	6266.8	
750.09	6019	
750.26	4943.8	
750.44	4472.8	
750.62	6214.9	
750.8	6148	
750.98	4433.2	
751.16	4572.4	
751.34	6349.4	
751.52	5803.9	
751.7	5261.2	
751.88	4333.5	
752.06	6651.8	
752.24	6369.9	
752.42	4349.2	
752.59	4637.3	
752.77	6138.4	
752.95	7047.1	
753.13	5188.9	
753.31	4721.3	
753.49	5881.8	
753.67	6180.8	
753.85	4931.5	
754.03	4560.1	
754.21	6341.9	
754.38	6648.4	
754.56	4575.2	
754.74	3852.2	
754.92	5805.3	
755.1	6190.3	
755.28	3905.5	
755.46	3833.8	
755.64	6627.2	
755.82	6709.8	
755.99	3791.5	
756.17	3824.2	
756.35	4680.3	
756.53	5785.5	
756.71	2976.4	
756.89	3670.6	
757.07	5483.1	
757.25	4749.9	
757.42	4042.7	
757.6	4773.1	
757.78	5642.8	
757.96	4870.1	
758.14	3962.1	
758.32	3594.2	
758.5	4490.5	
758.67	5179.3	
758.85	3780.6	
759.03	3848.8	
759.21	5272.2	
759.39	4799.1	
759.57	3465.2	
759.75	4329.4	
759.92	5827.2	
760.1	5272.2	
760.28	4565.6	
760.46	4823	
760.64	5147.2	
760.82	4971.8	
760.99	4534.2	
761.17	3907.5	
761.35	5828.5	
761.53	4998.4	
761.71	4010.6	
761.89	4660.5	
762.06	5727.5	
762.24	5324	
762.42	4128	
762.6	3986.7	
762.78	5426.4	
762.96	5870.2	
763.13	4510.3	
763.31	4268	
763.49	5960.3	
763.67	5399.1	
763.85	4853.7	
764.02	5334.3	
764.2	6275.7	
764.38	5538.4	
764.56	4182	
764.74	4803.9	
764.91	6391	
765.09	5331.5	
765.27	3890.5	
765.45	3786.7	
765.63	6262	
765.8	6171.2	
765.98	3639.2	
766.16	3801.7	
766.34	5091.3	
766.52	4929.5	
766.69	4592.2	
766.87	3660.4	
767.05	5429.8	
767.23	5991.7	
767.41	3952.6	
767.58	4095.9	
767.76	5793.7	
767.94	5831.9	
768.12	3926	
768.29	4474.8	
768.47	5332.9	
768.65	6032.6	
768.83	3613.3	
769	4443.4	
769.18	5066.7	
769.36	5627.1	
769.54	4455	
769.72	3674.7	
769.89	5769.8	
770.07	5832.6	
770.25	3949.8	
770.43	4887.1	
770.6	6389	
770.78	6639.5	
770.96	4071.4	
771.14	4485.1	
771.31	5731.6	
771.49	5207.3	
771.67	3349.8	
771.85	3523.2	
772.02	4633.9	
772.2	5155.4	
772.38	4165.6	
772.55	3711.6	
772.73	5397.1	
772.91	5218.9	
773.09	3960.8	
773.26	4080.2	
773.44	5409.4	
773.62	5041.4	
773.8	3633.8	
773.97	3443.3	
774.15	5370.5	
774.33	5100.1	
774.5	3549.8	
774.68	3701.4	
774.86	5504.9	
775.04	5048.2	
775.21	3603.1	
775.39	3523.9	
775.57	5287.9	
775.74	5486.5	
775.92	3412.6	
776.1	3361.4	
776.27	5265.3	
776.45	6179.4	
776.63	3526.6	
776.81	3206.4	
776.98	4944.5	
777.16	5778	
777.34	3638.6	
777.51	3821.5	
777.69	4924.7	
777.87	4760.2	
778.04	3650.2	
778.22	4102.1	
778.4	4826.4	
778.57	5315.2	
778.75	3070.6	
778.93	3348.4	
779.1	4696.7	
779.28	4462.5	
779.46	3108.1	
779.64	3390.1	
779.81	5437.4	
779.99	5968.5	
780.17	4043.4	
780.34	4141	
780.52	4967.7	
780.69	5089.2	
780.87	3763.5	
781.05	3375.1	
781.22	4986.1	
781.4	5055.1	
781.58	3472	
781.75	2824.8	
781.93	4990.2	
782.11	4528.1	
782.28	4164.9	
782.46	3446	
782.64	4443.4	
782.81	5177.3	
782.99	3487	
783.17	3481.5	
783.34	5047.6	
783.52	4485.1	
783.69	3566.2	
783.87	4286.4	
784.05	4584.7	
784.22	4505.5	
784.4	4151.9	
784.58	3657.7	
784.75	5273.5	
784.93	4597.7	
785.1	3435.8	
785.28	3859.1	
785.46	5087.2	
785.63	4481.6	
785.81	3402.4	
785.99	3220.8	
786.16	4688.5	
786.34	5023	
786.51	3325.9	
786.69	3584.6	
786.87	4305.5	
787.04	4724.7	
787.22	3167.5	
787.39	3850.2	
787.57	4537.6	
787.75	5335.6	
787.92	4090.5	
788.1	3945.8	
788.27	4490.5	
788.45	4280.9	
788.63	3805.8	
788.8	2773.6	
788.98	4820.9	
789.15	4248.9	
789.33	2914.9	
789.5	3365.5	
789.68	5165	
789.86	5281	
790.03	3682.9	
790.21	3267.2	
790.38	5264	
790.56	4631.1	
790.73	3173.7	
790.91	3217.4	
791.09	4540.3	
791.26	5020.3	
791.44	3403	
791.61	2903.3	
791.79	4536.3	
791.96	4481	
792.14	3035.8	
792.32	2690.3	
792.49	4496.7	
792.67	4605.9	
792.84	3088.3	
793.02	2900.6	
793.19	4861.2	
793.37	5433.9	
793.54	2709.5	
793.72	3026.9	
793.89	5420.3	
794.07	4454.3	
794.25	3307.5	
794.42	2815.3	
794.6	5211.4	
794.77	4990.2	
794.95	3685.7	
795.12	3213.9	
795.3	4474.8	
795.47	4926	
795.65	3525.2	
795.82	3360.7	
796	4377.2	
796.17	5685.8	
796.35	3244.7	
796.52	3807.2	
796.7	4906.9	
796.87	4946.5	
797.05	3315	
797.22	3980.6	
797.4	4937.7	
797.57	5640.1	
797.75	3380.5	
797.92	3183.9	
798.1	5162.2	
798.27	4394.3	
798.45	2803	
798.62	2949.8	
798.8	4756.1	
798.97	5118.6	
799.15	3458.3	
799.32	3349.8	
799.5	4162.8	
799.67	4737	
799.85	3649.5	
800.02	2704	
800.2	4440	
800.37	4669.4	
800.55	3755.3	
800.72	3132.7	
800.9	5058.5	
801.07	5307.7	
801.25	4143	
801.42	3517	
801.6	5113.1	
801.77	4792.2	
801.95	3255.6	
802.12	3143.6	
802.29	4831.2	
802.47	4767	
802.64	3478.1	
802.82	2695.1	
802.99	4431.1	
803.17	5134.9	
803.34	3360	
803.52	3069.2	
803.69	5647.6	
803.87	4251.6	
804.04	3330	
804.21	3394.2	
804.39	5352	
804.56	4564.9	
804.74	2894.5	
804.91	3435.8	
805.09	4453	
805.26	4512.4	
805.44	2993.4	
805.61	3213.9	
805.78	4938.3	
805.96	4980.7	
806.13	3444.7	
806.31	3672.7	
806.48	4077.5	
806.66	4506.2	
806.83	3477.5	
807	3415.3	
807.18	4489.1	
807.35	4735.6	
807.53	3375.7	
807.7	2785.2	
807.87	5341.1	
808.05	4473.4	
808.22	3661.1	
808.4	2764.1	
808.57	4427.7	
808.74	4180.6	
808.92	3138.9	
809.09	3854.3	
809.27	4476.2	
809.44	4819.6	
809.61	2788.7	
809.79	3042.6	
809.96	5378	
810.14	4990.9	
810.31	2732	
810.48	3278.1	
810.66	4527.4	
810.83	5066	
811.01	3188	
811.18	3425.6	
811.35	5010.7	
811.53	4007.2	
811.7	3705.5	
811.87	3486.3	
812.05	4502.1	
812.22	4412	
812.39	3106.8	
812.57	2964.1	
812.74	4505.5	
812.92	5691.3	
813.09	3292.5	
813.26	3514.3	
813.44	5531.6	
813.61	4343.7	
813.78	2809.8	
813.96	3602.4	
814.13	4490.5	
814.3	4259.8	
814.48	3782.6	
814.65	3237.2	
814.82	5313.1	
815	4230.4	
815.17	3311.6	
815.34	3989.4	
815.52	4405.9	
815.69	4393.6	
815.87	3251.5	
816.04	3227.6	
816.21	4463.9	
816.38	4052.9	
816.56	3199.6	
816.73	3052.2	
816.9	5535	
817.08	5028.4	
817.25	3040.6	
817.42	3723.9	
817.6	4154	
817.77	4465.9	
817.94	3401.7	
818.12	2973.7	
818.29	4293.2	
818.46	6217	
818.64	3224.9	
818.81	2940.2	
818.98	4192.9	
819.16	5797.8	
819.33	3551.2	
819.5	3339.6	
819.67	4681	
819.85	5152	
820.02	3273.3	
820.19	3437.9	
820.37	4657.1	
820.54	4368.3	
820.71	3362.8	
820.88	4148.5	
821.06	4639.3	
821.23	4260.5	
821.4	3398.3	
821.58	3392.1	
821.75	4965.6	
821.92	4511	
822.09	2772.9	
822.27	2828.2	
822.44	4478.2	
822.61	4391.5	
822.79	2767.5	
822.96	5088.5	
823.13	4771.8	
823.3	4203.1	
823.48	3194.8	
823.65	2861.7	
823.82	4997	
823.99	4149.9	
824.17	3904.8	
824.34	2910.8	
824.51	5656.5	
824.68	4504.8	
824.86	3042.6	
825.03	3403	
825.2	4473.4	
825.37	5248.9	
825.55	3059.7	
825.72	3272.7	
825.89	5671.5	
826.06	5308.3	
826.24	3289	
826.41	3319.1	
826.58	5292	
826.75	4702.8	
826.92	2707.4	
827.1	2918.4	
827.27	6943.3	
827.44	5662.6	
827.61	3076.7	
827.79	3659.7	
827.96	4311	
828.13	4487.8	
828.3	3220.8	
828.47	2747.7	
828.65	4700.8	
828.82	4676.9	
828.99	4055	
829.16	3530.7	
829.34	5052.3	
829.51	4818.9	
829.68	3326.6	
829.85	3414	
830.02	5252.4	
830.2	4990.2	
830.37	2558.6	
830.54	3919.1	
830.71	5573.2	
830.88	4453	
831.05	2598.9	
831.23	2975.7	
831.4	5449.6	
831.57	5832.6	
831.74	3088.3	
831.91	2793.4	
832.09	4771.8	
832.26	4954	
832.43	3121.1	
832.6	3537.5	
832.77	4693.9	
832.94	5257.8	
833.12	2641.2	
833.29	3160	
833.46	4791.6	
833.63	6044.9	
833.8	3451.5	
833.97	3184.6	
834.15	5081.7	
834.32	4841.4	
834.49	3330	
834.66	3368.2	
834.83	5068.7	
835	4395.6	
835.17	3088.3	
835.35	3077.4	
835.52	4922	
835.69	4743.1	
835.86	3234.4	
836.03	2692.4	
836.2	4955.4	
836.37	4652.3	
836.55	3168.2	
836.72	2970.9	
836.89	4661.9	
837.06	5065.3	
837.23	3224.9	
837.4	3472.7	
837.57	5658.5	
837.75	5985.5	
837.92	2949.1	
838.09	3072.6	
838.26	4672.1	
838.43	5113.1	
838.6	3340.9	
838.77	2982.5	
838.94	5720	
839.11	5556.1	
839.29	3198.2	
839.46	2560	
839.63	5006.6	
839.8	4751.3	
839.97	3125.2	
840.14	3087	
840.31	4829.1	
840.48	5024.3	
840.65	2618	
840.82	3045.3	
841	4962.9	
841.17	4928.1	
841.34	2811.9	
841.51	2938.8	
841.68	4923.3	
841.85	4711.7	
842.02	2998.2	
842.19	2547.7	
842.36	4805.9	
842.53	4770.4	
842.7	2882.9	
842.87	3446	
843.05	5979.4	
843.22	4739.7	
843.39	2736.1	
843.56	3014.6	
843.73	4605.2	
843.9	5071.5	
844.07	4444.8	
844.24	3712.3	
844.41	6791.7	
844.58	4437.3	
844.75	2783.9	
844.92	2969.6	
845.09	4959.5	
845.26	4966.3	
845.43	2908.8	
845.6	3013.2	
845.77	4969.1	
845.94	4749.9	
846.12	3093.1	
846.29	3309.5	
846.46	5206.6	
846.63	4926	
846.8	2896.5	
846.97	3327.3	
847.14	5296	
847.31	4914.4	
847.48	3200.3	
847.65	3469.9	
847.82	5182.7	
847.99	5040.7	
848.16	3686.3	
848.33	3482.2	
848.5	4599.7	
848.67	5325.4	
848.84	2835.1	
849.01	2971.6	
849.18	4543.1	
849.35	4240	
849.52	3419.4	
849.69	2841.2	
849.86	5124.7	
850.03	5201.2	
850.2	2842.6	
850.37	3372.3	
850.54	5119.2	
850.71	4658.4	
850.88	3406.5	
851.05	2781.1	
851.22	4850.3	
851.39	5395	
851.56	2699.2	
851.73	3209.2	
851.9	4362.2	
852.07	5149.3	
852.24	3090.4	
852.41	2824.8	
852.58	4894	
852.75	4424.3	
852.92	3134.8	
853.09	2771.6	
853.26	4591.5	
853.43	5214.8	
853.6	2817.3	
853.77	2465.1	
853.94	5362.3	
854.11	4358.1	
854.28	4069.3	
854.44	3039.9	
854.61	5679	
854.78	5182.7	
854.95	2867.2	
855.12	3499.3	
855.29	4113.7	
855.46	5531.6	
855.63	2849.4	
855.8	3816	
855.97	4593.6	
856.14	5178.6	
856.31	3858.4	
856.48	3068.5	
856.65	4634.6	
856.82	4332.8	
856.99	2745.6	
857.16	3044.6	
857.33	5830.6	
857.49	4693.3	
857.66	3044.6	
857.83	3167.5	
858	4689.8	
858.17	4817.5	
858.34	2691.7	
858.51	2854.9	
858.68	5406	
858.85	5345.2	
859.02	3211.2	
859.19	3418.7	
859.36	4421.6	
859.52	4420.9	
859.69	2889	
859.86	3265.8	
860.03	4451.6	
860.2	5299.5	
860.37	2603.7	
860.54	2876.7	
860.71	5103.5	
860.88	5391.6	
861.05	3167.5	
861.21	3471.3	
861.38	5400.5	
861.55	4268.6	
861.72	2635.7	
861.89	3069.2	
862.06	5165	
862.23	5524.1	
862.4	2775	
862.56	2953.9	
862.73	5029.8	
862.9	4747.2	
863.07	3267.2	
863.24	2609.1	
863.41	4290.5	
863.58	4414.1	
863.75	2896.5	
863.91	3267.2	
864.08	5300.8	
864.25	5081	
864.42	3474.7	
864.59	3867.2	
864.76	5610.1	
864.93	4388.8	
865.09	2749.1	
865.26	3025.5	
865.43	5336.3	
865.6	5562.3	
865.77	2514.2	
865.94	2790.7	
866.1	5259.2	
866.27	5068	
866.44	4124.6	
866.61	2722.4	
866.78	4710.3	
866.95	5051.7	
867.11	2767.5	
867.28	2587.3	
867.45	5208.7	
867.62	4462.5	
867.79	3192.1	
867.96	2805	
868.12	4401.8	
868.29	5060.5	
868.46	2842.6	
868.63	3702.7	
868.8	5270.8	
868.97	5094	
869.13	3012.6	
869.3	2954.5	
869.47	4973.2	
869.64	5175.9	
869.81	2803.7	
869.97	2814.6	
870.14	4881.7	
870.31	5411.4	
870.48	2783.2	
870.65	3502	
870.81	4691.9	
870.98	4680.3	
871.15	3127.2	
871.32	2902	
871.48	4965	
871.65	5418.2	
871.82	2798.9	
871.99	3108.1	
872.16	5706.3	
872.32	5225.7	
872.49	2883.5	
872.66	2841.9	
872.83	5134.9	
872.99	4555.4	
873.16	3173	
873.33	2850.1	
873.5	4764.3	
873.67	4848.2	
873.83	2963.4	
874	3659	
874.17	4952	
874.34	5623.7	
874.5	3590.8	
874.67	3424.9	
874.84	5408.7	
875.01	4313.7	
875.17	3908.2	
875.34	2815.3	
875.51	4816.1	
875.68	5771.2	
875.84	3351.8	
876.01	4043.4	
876.18	5021.6	
876.34	5014.8	
876.51	2864.4	
876.68	2829.6	
876.85	4647.5	
877.01	5300.1	
877.18	3906.8	
877.35	2813.9	
877.52	4811.4	
877.68	4384	
877.85	2774.3	
878.02	2824.8	
878.18	4690.5	
878.35	4567	
878.52	2295.1	
878.69	3147.7	
878.85	5175.2	
879.02	4977.9	
879.19	3975.1	
879.35	3052.8	
879.52	5003.9	
879.69	5226.4	
879.86	2505.3	
880.02	3134.8	
880.19	4718.5	
880.36	5631.9	
880.52	3206.4	
880.69	3310.2	
880.86	5143.1	
881.02	5134.3	
881.19	3099.9	
881.36	3043.3	
881.52	5027.1	
881.69	4480.3	
881.86	3037.1	
882.02	2970.2	
882.19	5218.9	
882.36	5986.2	
882.52	2919.7	
882.69	3900	
882.86	4844.1	
883.02	4834.6	
883.19	3389.4	
883.36	3238.5	
883.52	5130.8	
883.69	5730.9	
883.86	2921.8	
884.02	2581.8	
884.19	5081	
884.36	4730.8	
884.52	3153.9	
884.69	3014.6	
884.86	4610.7	
885.02	5490.6	
885.19	3151.1	
885.36	3191.4	
885.52	4805.2	
885.69	4969.1	
885.86	3964.2	
886.02	3515	
886.19	5114.5	
886.35	4683.7	
886.52	3111.5	
886.69	3854.3	
886.85	4429.1	
887.02	5312.4	
887.19	5312.4	
887.35	5312.4	
887.52	5312.4	
887.68	5312.4	
887.85	5312.4	
888.02	5312.4	
888.18	5312.4	
888.35	5312.4	
888.51	5312.4	
888.68	5312.4	
888.85	5312.4	
889.01	5312.4	
889.18	5312.4	
889.35	5312.4	
889.51	5312.4	
889.68	5312.4	
889.84	5312.4	
890.01	5312.4	
890.17	5312.4	
890.34	5312.4	
890.51	5312.4	
890.67	5312.4	
890.84	5312.4	
891	5312.4	
891.17	5312.4	
891.34	5312.4	
891.5	5312.4	
891.67	5312.4	
891.83	5312.4	
892	5312.4	
892.16	5312.4	
892.33	5312.4	
892.5	5312.4	
892.66	5312.4	
892.83	5312.4	
892.99	5312.4	
893.16	5312.4	
893.32	5312.4	
893.49	5312.4	
893.65	5312.4	
893.82	5312.4	
893.99	5312.4	
894.15	5312.4	
894.32	5312.4	
894.48	5312.4	
894.65	5312.4	
894.81	5312.4	
894.98	5312.4	
895.14	5312.4	
895.31	5312.4	
895.47	5312.4	
895.64	5312.4	
895.81	5312.4	
895.97	5312.4	
896.14	5312.4	
896.3	5312.4	
896.47	5312.4	
896.63	5312.4	
896.8	5312.4	
896.96	5312.4	
897.13	5312.4	
897.29	5312.4	
897.46	5312.4	
897.62	5312.4	
897.79	5312.4	
897.95	5312.4	
898.12	5312.4	
898.28	5312.4	
898.45	5312.4	
898.61	5312.4	
898.78	5312.4	
898.94	5312.4	
899.11	5312.4	
899.27	5312.4	
899.44	5312.4	
899.6	5312.4	
899.77	5312.4	
899.93	5312.4	
900.1	5312.4	
900.26	5312.4	
900.43	5312.4	
900.59	5312.4	
900.76	5312.4	
900.92	5312.4	
901.09	5312.4	
901.25	5312.4	
901.42	5312.4	
901.58	5312.4	
901.75	5312.4	
901.91	5312.4	
902.07	5312.4	
902.24	5312.4	
902.4	5312.4	
902.57	5312.4	
902.73	5312.4	
902.9	5312.4	
903.06	5312.4	
903.23	5312.4	
903.39	5312.4	
903.56	5312.4	
903.72	5312.4	
903.88	5312.4	
904.05	5312.4	
904.21	5312.4	
904.38	5312.4	
904.54	5312.4	
904.71	5312.4	
904.87	5312.4	
905.03	5312.4	
905.2	5312.4	
905.36	5312.4	
905.53	5312.4	
905.69	5312.4	
905.86	5312.4	
906.02	5312.4	
906.18	5312.4	
906.35	5312.4	
906.51	5312.4	
906.68	5312.4	
906.84	5312.4	
907.01	5312.4	
907.17	5312.4	
907.33	5312.4	
907.5	5312.4	
907.66	5312.4	
907.83	5312.4	
907.99	5312.4	
908.15	5312.4	
908.32	5312.4	
908.48	5312.4	
908.65	5312.4	
908.81	5312.4	
908.97	5312.4	
909.14	5312.4	
909.3	5312.4	
909.47	5312.4	
909.63	5312.4	
909.79	5312.4	
909.96	5312.4	
910.12	5312.4	
910.28	5312.4	
910.45	5312.4	
910.61	5312.4	
910.78	5312.4	
910.94	5312.4	
911.1	5312.4	
911.27	5312.4	
911.43	5312.4	
911.59	5312.4	
911.76	5312.4	
911.92	5312.4	
912.08	5312.4	
912.25	5312.4	
912.41	5312.4	
912.57	5312.4	
912.74	5312.4	
912.9	5312.4	
913.07	5312.4	
913.23	5312.4	
913.39	5312.4	
913.56	5312.4	
913.72	5312.4	
913.88	5312.4	
914.05	5312.4	
914.21	5312.4	
914.37	5312.4	
914.54	5312.4	
914.7	5312.4	
914.86	5312.4	
915.03	5312.4	
915.19	5312.4	
