Wavelength	Intensities	
nm	a.u.	
179.22	1420.4	
179.44	1423	
179.65	1417.9	
179.86	1428.1	
180.08	1424	
180.29	3003	
180.51	2495.8	
180.72	4280.3	
180.94	4548.5	
181.15	2228.2	
181.37	2212.5	
181.58	4065.2	
181.79	4089.8	
182.01	2265.7	
182.22	2324.4	
182.44	4296	
182.65	3818.8	
182.87	2773.6	
183.08	2512.2	
183.29	4445.5	
183.51	3829	
183.72	2336	
183.94	3056.3	
184.15	4063.9	
184.37	3959.4	
184.58	2181.1	
184.79	2542.2	
185.01	3890.5	
185.22	4435.9	
185.44	2651.4	
185.65	2431.6	
185.86	4159.4	
186.08	3800.3	
186.29	2149.7	
186.51	2261	
186.72	3904.8	
186.94	4330.1	
187.15	2566.1	
187.36	2560.6	
187.58	5131.5	
187.79	4187.4	
188.01	2572.2	
188.22	3556	
188.43	4662.5	
188.65	4233.2	
188.86	2269.8	
189.08	2581.1	
189.29	3942.3	
189.5	3905.5	
189.72	2336.7	
189.93	2421.4	
190.15	4354.7	
190.36	4772.4	
190.57	2557.2	
190.79	2410.5	
191	4281.6	
191.22	4347.2	
191.43	2591.4	
191.64	2290.3	
191.86	4412	
192.07	4322.6	
192.29	2304	
192.5	2331.3	
192.71	4401.1	
192.93	4009.9	
193.14	2319.7	
193.35	2413.2	
193.57	3929.4	
193.78	4358.1	
194	2054.1	
194.21	2331.3	
194.42	3707.5	
194.64	4120.5	
194.85	2476.7	
195.07	2775.7	
195.28	4004.5	
195.49	3760.1	
195.71	2902.7	
195.92	2277.3	
196.13	4235.2	
196.35	4142.4	
196.56	3029.6	
196.78	2532	
196.99	4816.8	
197.2	4519.9	
197.42	2670.6	
197.63	2519	
197.84	3833.8	
198.06	4115.7	
198.27	2378.4	
198.48	2865.1	
198.7	3938.2	
198.91	4134.2	
199.13	2580.4	
199.34	2491.7	
199.55	4465.3	
199.77	3502	
199.98	2344.2	
200.19	2567.5	
200.41	4132.8	
200.62	3860.4	
200.83	2508.1	
201.05	2749.7	
201.26	4075.5	
201.47	3928.7	
201.69	2316.9	
201.9	2277.3	
202.11	4142.4	
202.33	4560.1	
202.54	2363.4	
202.76	2622.8	
202.97	4016.1	
203.18	4188.8	
203.4	2605.7	
203.61	2704	
203.82	4121.2	
204.04	3818.1	
204.25	2541.5	
204.46	2435.7	
204.68	4064.5	
204.89	4201.7	
205.1	2461.7	
205.32	2258.9	
205.53	4216.8	
205.74	4290.5	
205.96	2088.2	
206.17	2514.2	
206.38	4154.6	
206.6	4327.4	
206.81	2723.8	
207.02	2390	
207.24	4155.3	
207.45	4403.8	
207.66	2500.6	
207.88	2208.4	
208.09	4108.9	
208.3	3983.3	
208.52	2310.1	
208.73	2463	
208.94	4067.3	
209.15	4358.8	
209.37	2443.9	
209.58	2478	
209.79	4257	
210.01	3970.3	
210.22	2127.8	
210.43	2216.6	
210.65	3983.3	
210.86	4190.1	
211.07	2399.5	
211.29	2302.6	
211.5	4157.4	
211.71	4020.2	
211.93	2336	
212.14	2291.7	
212.35	4068.6	
212.56	3980.6	
212.78	2508.1	
212.99	2153.8	
213.2	4485.1	
213.42	3982.6	
213.63	2337.4	
213.84	2385.2	
214.06	3833.8	
214.27	3704.1	
214.48	2368.8	
214.69	2548.4	
214.91	4448.2	
215.12	4333.5	
215.33	2538.8	
215.55	2611.2	
215.76	4672.1	
215.97	4133.5	
216.18	2441.2	
216.4	2468.5	
216.61	3880.2	
216.82	4293.2	
217.04	2338.8	
217.25	2385.9	
217.46	4304.8	
217.67	4253.6	
217.89	2168.1	
218.1	2248.7	
218.31	4051.6	
218.53	4181.3	
218.74	2443.2	
218.95	2357.9	
219.16	4062.5	
219.38	4494.6	
219.59	2344.2	
219.8	2628.2	
220.01	4686.4	
220.23	4075.5	
220.44	2770.9	
220.65	2267.1	
220.87	4117.1	
221.08	4418.8	
221.29	2278	
221.5	2638.5	
221.72	4876.9	
221.93	3797.6	
222.14	2504	
222.35	2850.1	
222.57	4044.7	
222.78	4344.4	
222.99	2513.5	
223.2	2555.2	
223.42	4147.1	
223.63	4193.6	
223.84	2030.2	
224.05	2003.6	
224.27	4598.4	
224.48	4478.9	
224.69	2940.9	
224.9	2506.7	
225.12	4095.9	
225.33	4045.4	
225.54	2188.6	
225.75	2337.4	
225.97	3913.7	
226.18	4057.7	
226.39	2428.9	
226.6	2338.8	
226.82	3977.8	
227.03	3835.8	
227.24	2493.7	
227.45	2243.9	
227.67	4313	
227.88	4410.6	
228.09	2794.8	
228.3	2684.9	
228.52	4169.7	
228.73	4010.6	
228.94	2433	
229.15	2238.4	
229.36	4099.4	
229.58	4114.4	
229.79	2501.3	
230	2696.5	
230.21	4646.2	
230.43	4036.5	
230.64	2492.4	
230.85	2528.6	
231.06	4321.2	
231.28	4306.2	
231.49	2243.9	
231.7	2513.5	
231.91	4255	
232.12	4045.4	
232.34	2316.9	
232.55	2447.3	
232.76	4338.3	
232.97	4049.5	
233.18	2334.7	
233.4	2548.4	
233.61	4061.1	
233.82	3882.9	
234.03	2435	
234.25	2347	
234.46	4976.6	
234.67	4081.6	
234.88	2520.4	
235.09	2364	
235.31	4059.8	
235.52	3959.4	
235.73	2484.9	
235.94	2222.7	
236.15	3961.5	
236.37	4611.3	
236.58	2227.5	
236.79	2433.7	
237	4185.4	
237.21	3752.6	
237.43	2579.8	
237.64	2148.3	
237.85	5823.7	
238.06	3851.5	
238.27	2508.1	
238.48	2230.2	
238.7	4242.7	
238.91	3984	
239.12	2410.5	
239.33	2515.6	
239.54	3820.8	
239.76	3985.3	
239.97	2413.9	
240.18	2450.7	
240.39	4528.1	
240.6	4040.6	
240.82	2631.6	
241.03	2205	
241.24	4005.1	
241.45	4399	
241.66	2383.8	
241.87	2643.2	
242.09	4468.7	
242.3	4508.3	
242.51	2573.6	
242.72	2415.2	
242.93	4231.8	
243.14	3886.4	
243.36	2718.3	
243.57	2837.1	
243.78	4463.2	
243.99	4157.4	
244.2	2410.5	
244.41	2220.7	
244.63	3788.1	
244.84	4116.4	
245.05	2564.7	
245.26	2381.1	
245.47	4247.5	
245.68	4215.4	
245.9	2932	
246.11	2534	
246.32	3875.4	
246.53	4185.4	
246.74	3547.8	
246.95	2206.3	
247.16	3982.6	
247.38	4031.1	
247.59	2248	
247.8	2548.4	
248.01	3661.8	
248.22	4119.1	
248.43	2282.1	
248.64	2431.6	
248.86	3816	
249.07	3943	
249.28	2307.4	
249.49	2495.1	
249.7	4215.4	
249.91	4229.1	
250.12	2223.4	
250.34	2207	
250.55	4086.4	
250.76	3999	
250.97	2515.6	
251.18	2484.2	
251.39	4227	
251.6	4085	
251.81	2536.1	
252.03	2537.4	
252.24	3879.5	
252.45	4182	
252.66	2217.3	
252.87	2537.4	
253.08	4029	
253.29	4780.6	
253.5	2270.5	
253.72	2843.3	
253.93	3999.7	
254.14	4513	
254.35	2393.4	
254.56	2426.2	
254.77	4169.7	
254.98	3874.8	
255.19	2396.1	
255.41	2788	
255.62	4193.6	
255.83	4334.2	
256.04	2604.3	
256.25	2466.4	
256.46	4595.6	
256.67	3855.6	
256.88	2502.6	
257.09	2680.1	
257.31	3689.1	
257.52	3892.5	
257.73	2970.2	
257.94	2377.7	
258.15	4044.7	
258.36	3984.7	
258.57	2758.6	
258.78	2011.8	
258.99	4316.4	
259.2	3937.6	
259.41	2338.1	
259.63	2403.6	
259.84	4445.5	
260.05	4507.6	
260.26	2849.4	
260.47	2359.9	
260.68	4348.5	
260.89	4010.6	
261.1	2738.1	
261.31	2342.2	
261.52	4476.2	
261.73	4481.6	
261.95	2886.3	
262.16	2544.9	
262.37	4349.9	
262.58	4402.5	
262.79	2861	
263	2379.7	
263.21	4034.5	
263.42	3839.3	
263.63	2571.6	
263.84	2433	
264.05	4166.9	
264.26	4383.3	
264.47	2795.5	
264.69	2565.4	
264.9	4536.3	
265.11	3895.2	
265.32	2326.5	
265.53	2337.4	
265.74	4081.6	
265.95	3739.6	
266.16	2465.1	
266.37	2552.5	
266.58	4125.3	
266.79	3887	
267	2418.7	
267.21	2252.8	
267.42	3824.2	
267.63	4033.1	
267.84	2441.2	
268.06	2235	
268.27	4241.3	
268.48	4319.2	
268.69	2453.5	
268.9	2689.7	
269.11	4090.5	
269.32	3642	
269.53	2392	
269.74	2314.2	
269.95	4001	
270.16	3745.7	
270.37	2502.6	
270.58	2697.2	
270.79	4037.2	
271	4336.9	
271.21	2512.2	
271.42	2463	
271.63	4244.1	
271.84	3745.1	
272.05	2126.5	
272.26	2287.6	
272.47	4024.9	
272.68	4095.9	
272.89	2415.9	
273.11	2591.4	
273.32	3822.9	
273.53	4427	
273.74	2552.5	
273.95	2575.7	
274.16	4143.7	
274.37	3980.6	
274.58	2725.8	
274.79	2287.6	
275	4166.3	
275.21	4257.7	
275.42	3011.2	
275.63	2618	
275.84	4201.1	
276.05	4870.1	
276.26	2499.9	
276.47	2405.7	
276.68	4080.9	
276.89	4547.9	
277.1	2674.6	
277.31	2196.8	
277.52	4157.4	
277.73	4454.3	
277.94	2239.8	
278.15	2366.8	
278.36	4163.5	
278.57	3897.3	
278.78	2417.3	
278.99	2524.5	
279.2	3938.2	
279.41	3882.3	
279.62	2953.9	
279.83	2230.9	
280.04	4671.4	
280.25	3801	
280.46	2887	
280.67	2474.6	
280.88	3922.5	
281.09	4320.5	
281.3	2594.8	
281.51	2974.3	
281.72	3934.8	
281.93	4086.4	
282.14	2409.1	
282.35	2558.6	
282.56	4357.4	
282.77	4218.8	
282.98	2393.4	
283.19	2749.7	
283.4	4826.4	
283.61	3961.5	
283.82	2288.9	
284.03	2835.1	
284.24	4229.1	
284.45	4247.5	
284.66	2942.9	
284.87	2704	
285.08	4386.1	
285.29	4406.5	
285.5	2243.9	
285.71	2411.8	
285.92	4251.6	
286.12	4642.1	
286.33	2875.3	
286.54	2423.4	
286.75	4235.2	
286.96	3990.1	
287.17	2313.5	
287.38	2766.8	
287.59	3985.3	
287.8	3986	
288.01	2347	
288.22	2575	
288.43	3984	
288.64	3714.3	
288.85	2752.5	
289.06	2660.3	
289.27	4307.6	
289.48	4343.7	
289.69	2925.2	
289.9	2701.3	
290.11	4406.5	
290.32	4013.3	
290.53	2726.5	
290.74	2564.1	
290.94	4252.3	
291.15	4319.8	
291.36	2340.8	
291.57	2637.1	
291.78	4016.7	
291.99	3716.4	
292.2	2305.3	
292.41	2584.5	
292.62	4317.8	
292.83	4192.9	
293.04	3004.4	
293.25	2321.7	
293.46	4001	
293.67	4275.5	
293.88	2274.6	
294.09	2347	
294.29	3902.1	
294.5	4125.3	
294.71	2501.3	
294.92	2350.4	
295.13	3982.6	
295.34	4642.1	
295.55	2218.6	
295.76	2189.3	
295.97	4192.2	
296.18	4489.1	
296.39	2234.3	
296.6	2348.3	
296.81	3914.4	
297.01	4257.7	
297.22	2477.4	
297.43	2398.9	
297.64	3997	
297.85	3805.1	
298.06	2112.8	
298.27	2187.2	
298.48	4018.1	
298.69	3908.2	
298.9	2523.1	
299.11	2321	
299.31	3868.6	
299.52	3828.3	
299.73	2649.4	
299.94	2566.8	
300.15	4117.8	
300.36	3930.7	
300.57	2585.9	
300.78	2502.6	
300.99	3926.6	
301.2	4040	
301.4	2407	
301.61	2473.3	
301.82	4072	
302.03	4231.1	
302.24	2653.5	
302.45	2235	
302.66	4240.7	
302.87	4195.6	
303.08	2306.7	
303.29	2932	
303.49	4029	
303.7	3821.5	
303.91	2159.9	
304.12	2795.5	
304.33	3644.7	
304.54	4112.3	
304.75	2359.9	
304.96	2350.4	
305.16	4263.2	
305.37	4493.9	
305.58	2183.8	
305.79	2188.6	
306	4260.5	
306.21	3716.4	
306.42	2342.9	
306.63	3169.6	
306.83	3993.5	
307.04	4117.8	
307.25	2497.8	
307.46	2515.6	
307.67	3720.5	
307.88	4156	
308.09	2382.5	
308.29	2332.6	
308.5	4128	
308.71	4301.4	
308.92	2471.9	
309.13	2293	
309.34	4112.3	
309.55	4037.2	
309.75	2845.3	
309.96	2560	
310.17	4257.7	
310.38	3857.7	
310.59	2588.6	
310.8	2513.5	
311.01	3967.6	
311.21	4025.6	
311.42	2362.7	
311.63	2320.3	
311.84	4008.6	
312.05	4009.9	
312.26	2574.3	
312.46	2689.7	
312.67	3985.3	
312.88	3678.8	
313.09	2281.4	
313.3	2310.1	
313.51	4418.2	
313.71	4591.5	
313.92	2304	
314.13	2354.5	
314.34	4208.6	
314.55	4074.8	
314.76	2705.4	
314.96	2450.1	
315.17	4276.2	
315.38	3986.7	
315.59	2351.8	
315.8	2224.1	
316.01	4333.5	
316.21	4472.1	
316.42	2284.9	
316.63	2524.5	
316.84	3955.3	
317.05	4256.4	
317.26	2620	
317.46	2370.2	
317.67	4039.3	
317.88	4249.5	
318.09	2733.4	
318.3	2188.6	
318.5	3962.8	
318.71	4136.9	
318.92	3272.7	
319.13	2637.8	
319.34	4276.2	
319.54	4319.8	
319.75	2194.7	
319.96	2134.7	
320.17	4158.1	
320.38	4324.6	
320.58	2194.1	
320.79	2435.7	
321	4347.8	
321.21	4407.2	
321.42	2506	
321.62	2186.5	
321.83	3934.1	
322.04	4078.2	
322.25	2456.2	
322.46	2286.2	
322.66	4078.2	
322.87	4278.2	
323.08	2633	
323.29	2226.1	
323.5	4591.5	
323.7	3849.5	
323.91	2895.8	
324.12	2584.5	
324.33	4161.5	
324.53	4233.2	
324.74	2515.6	
324.95	2658.9	
325.16	3816.7	
325.37	3981.9	
325.57	2297.1	
325.78	2351.8	
325.99	4202.4	
326.2	3812.6	
326.4	2947.7	
326.61	2164.7	
326.82	4042.7	
327.03	4045.4	
327.24	3026.2	
327.44	2798.9	
327.65	4166.3	
327.86	3639.2	
328.07	2571.6	
328.27	2267.1	
328.48	4433.2	
328.69	3805.8	
328.9	2966.8	
329.1	2308.7	
329.31	4012.7	
329.52	4453	
329.73	2379.7	
329.93	2434.4	
330.14	4136.9	
330.35	4148.5	
330.56	3312.2	
330.76	2661	
330.97	3958	
331.18	4037.9	
331.39	2510.1	
331.59	2159.2	
331.8	4321.2	
332.01	4381.3	
332.22	2412.5	
332.42	2461.7	
332.63	4078.9	
332.84	3795.6	
333.05	2556.5	
333.25	2350.4	
333.46	3827.7	
333.67	4071.4	
333.88	2422.1	
334.08	2525.1	
334.29	5128.8	
334.5	4173.8	
334.7	2240.5	
334.91	2930.6	
335.12	3794.2	
335.33	4146.5	
335.53	2537.4	
335.74	3179.1	
335.95	4077.5	
336.16	3687	
336.36	2411.8	
336.57	2735.4	
336.78	3525.9	
336.98	4298	
337.19	2925.9	
337.4	2482.8	
337.61	4618.9	
337.81	3758.7	
338.02	2329.2	
338.23	2774.3	
338.43	4429.1	
338.64	3913	
338.85	2309.4	
339.05	2869.2	
339.26	4499.4	
339.47	3792.2	
339.68	2344.2	
339.88	3081.5	
340.09	4232.5	
340.3	4304.8	
340.5	2568.8	
340.71	2082.8	
340.92	3876.1	
341.13	4355.3	
341.33	2249.4	
341.54	2544.9	
341.75	4175.1	
341.95	3908.9	
342.16	2517	
342.37	2617.3	
342.57	3812	
342.78	3962.1	
342.99	2653.5	
343.19	2168.1	
343.4	4222.9	
343.61	4162.8	
343.81	2405	
344.02	2194.7	
344.23	4216.8	
344.43	4351.9	
344.64	2707.4	
344.85	2626.9	
345.06	4284.4	
345.26	4279.6	
345.47	2641.2	
345.68	2887.6	
345.88	3755.3	
346.09	4274.8	
346.3	2639.8	
346.5	2131.3	
346.71	3967.6	
346.92	3889.8	
347.12	2301.2	
347.33	2541.5	
347.54	4285	
347.74	4488.5	
347.95	2610.5	
348.16	2092.3	
348.36	3949.8	
348.57	3796.3	
348.78	2671.2	
348.98	2683.5	
349.19	4005.1	
349.39	3680.9	
349.6	2261	
349.81	2291	
350.01	4270	
350.22	3838.6	
350.43	2557.9	
350.63	2889	
350.84	3962.1	
351.05	3847.5	
351.25	2319	
351.46	2248.7	
351.67	4166.9	
351.87	3900.7	
352.08	2458.2	
352.29	2654.9	
352.49	4265.2	
352.7	4206.5	
352.9	2252.1	
353.11	2680.8	
353.32	4529.4	
353.52	3954.6	
353.73	2332	
353.94	2735.4	
354.14	4205.8	
354.35	3928.7	
354.55	2385.2	
354.76	2532	
354.97	4158.7	
355.17	3977.8	
355.38	2360.6	
355.59	2847.4	
355.79	3833.1	
356	4146.5	
356.2	2549.7	
356.41	2336.7	
356.62	3855.6	
356.82	4052.9	
357.03	2769.5	
357.24	2435	
357.44	3856.3	
357.65	3940.3	
357.85	3000.3	
358.06	2600.9	
358.27	3785.3	
358.47	3815.4	
358.68	2310.8	
358.88	2719	
359.09	4179.2	
359.3	4303.5	
359.5	3021.4	
359.71	2792.7	
359.91	4386.7	
360.12	4133.5	
360.33	2729.3	
360.53	2947.7	
360.74	3998.3	
360.94	3973.1	
361.15	2894.5	
361.36	2450.7	
361.56	4390.2	
361.77	4163.5	
361.97	3044.6	
362.18	2521	
362.38	4418.8	
362.59	3918.4	
362.8	2409.1	
363	2367.5	
363.21	3822.2	
363.41	4079.6	
363.62	2744.3	
363.83	3049.4	
364.03	4391.5	
364.24	4508.9	
364.44	3266.5	
364.65	3200.3	
364.85	4135.5	
365.06	3956	
365.27	2542.2	
365.47	2591.4	
365.68	4520.5	
365.88	4118.5	
366.09	2762.7	
366.29	2557.2	
366.5	4088.4	
366.71	4354	
366.91	3192.1	
367.12	2863.7	
367.32	4745.8	
367.53	4245.4	
367.73	2943.6	
367.94	3332	
368.14	4410.6	
368.35	4463.2	
368.56	2799.6	
368.76	2497.8	
368.97	4240.7	
369.17	5037.3	
369.38	2528.6	
369.58	2754.5	
369.79	3795.6	
369.99	4658.4	
370.2	3280.8	
370.4	2708.1	
370.61	4205.8	
370.82	4881.7	
371.02	2781.8	
371.23	2385.9	
371.43	3916.4	
371.64	4693.9	
371.84	2825.5	
372.05	3297.2	
372.25	5046.9	
372.46	4222.9	
372.66	2709.5	
372.87	2727.9	
373.07	4311.7	
373.28	5264.6	
373.48	3232.4	
373.69	3071.3	
373.9	4289.1	
374.1	4252.3	
374.31	3308.8	
374.51	2964.1	
374.72	4541	
374.92	4143.7	
375.13	3379.8	
375.33	2944.3	
375.54	4448.9	
375.74	4242	
375.95	3076.7	
376.15	3611.9	
376.36	4599.1	
376.56	4427	
376.77	3069.2	
376.97	3257	
377.18	5117.9	
377.38	4599.7	
377.59	3424.2	
377.79	2895.8	
378	4520.5	
378.2	4549.9	
378.41	2881.5	
378.61	2854.2	
378.82	4755.4	
379.02	4323.3	
379.23	2998.2	
379.43	3461.1	
379.64	4881	
379.84	4556.7	
380.05	2920.4	
380.25	2821.4	
380.46	4599.1	
380.66	4390.8	
380.87	3515	
381.07	3719.1	
381.28	4939.7	
381.48	4536.3	
381.69	2910.8	
381.89	2916.3	
382.1	4094.6	
382.3	4525.3	
382.51	3396.2	
382.71	3782.6	
382.91	4408.6	
383.12	4708.3	
383.32	3067.9	
383.53	3136.8	
383.73	4457.1	
383.94	4459.8	
384.14	3112.2	
384.35	2646.7	
384.55	4114.4	
384.76	4446.1	
384.96	3059	
385.17	3149.8	
385.37	4595.6	
385.58	4040.6	
385.78	3116.3	
385.98	2627.5	
386.19	4364.9	
386.39	4514.4	
386.6	2960.7	
386.8	3012.6	
387.01	4567.7	
387.21	4627	
387.42	3223.5	
387.62	3490.4	
387.83	4354	
388.03	4373.8	
388.23	3193.5	
388.44	3467.9	
388.64	4180.6	
388.85	4100.7	
389.05	3290.4	
389.26	3590.8	
389.46	5397.1	
389.67	5005.2	
389.87	3390.1	
390.07	3325.2	
390.28	4427.7	
390.48	4214.7	
390.69	2943.6	
390.89	3099.9	
391.1	4358.1	
391.3	4816.8	
391.5	3689.8	
391.71	3925.3	
391.91	4792.9	
392.12	4984.1	
392.32	3719.1	
392.53	3365.5	
392.73	4418.8	
392.93	4453	
393.14	3183.2	
393.34	3463.8	
393.55	4757.4	
393.75	4416.1	
393.95	3161.4	
394.16	3037.8	
394.36	4400.4	
394.57	4743.1	
394.77	2949.8	
394.98	3087	
395.18	4417.5	
395.38	4408.6	
395.59	3682.2	
395.79	3117	
396	4582.7	
396.2	4814.8	
396.4	3586	
396.61	3560.7	
396.81	4717.8	
397.02	4435.2	
397.22	3679.5	
397.42	3706.8	
397.63	4942.4	
397.83	4571.1	
398.04	3127.2	
398.24	3393.5	
398.44	4685.8	
398.65	4165.6	
398.85	3133.4	
399.05	3140.9	
399.26	4648.2	
399.46	5312.4	
399.67	3379.8	
399.87	3201	
400.07	4793.6	
400.28	4915.8	
400.48	3323.9	
400.69	3779.2	
400.89	4930.1	
401.09	5287.9	
401.3	3289	
401.5	3817.4	
401.7	5330.2	
401.91	5393	
402.11	3527.3	
402.32	3510.2	
402.52	5027.8	
402.72	4898.7	
402.93	3602.4	
403.13	2913.6	
403.33	5319.3	
403.54	4575.2	
403.74	3327.3	
403.94	3729.4	
404.15	4569.7	
404.35	5320.6	
404.56	3360.7	
404.76	4201.7	
404.96	5038	
405.17	4896.7	
405.37	3900.7	
405.57	3649.5	
405.78	5133.6	
405.98	4536.9	
406.18	3364.8	
406.39	3675.4	
406.59	4848.2	
406.79	4607.9	
407	3127.2	
407.2	3263.1	
407.4	5283.1	
407.61	5110.4	
407.81	3424.9	
408.01	4082.3	
408.22	4448.2	
408.42	5535.7	
408.62	4117.8	
408.83	3902.1	
409.03	4992.3	
409.23	5055.8	
409.44	3881.6	
409.64	3992.2	
409.84	5662.6	
410.05	5618.9	
410.25	4079.6	
410.45	3907.5	
410.66	5483.8	
410.86	6586.3	
411.06	4287.1	
411.27	4140.3	
411.47	6619	
411.67	5604.6	
411.88	4285	
412.08	4402.5	
412.28	5888.6	
412.49	6094.1	
412.69	4257	
412.89	4286.4	
413.09	6067.4	
413.3	6022.4	
413.5	4353.3	
413.7	4213.4	
413.91	5514.5	
414.11	6106.4	
414.31	4227.7	
414.52	4449.6	
414.72	5877.7	
414.92	5921.4	
415.12	4247.5	
415.33	4575.2	
415.53	5937.7	
415.73	6180.1	
415.94	4669.4	
416.14	4373.1	
416.34	5685.8	
416.55	5431.9	
416.75	4967.7	
416.95	4712.4	
417.15	6257.9	
417.36	6369.9	
417.56	5143.1	
417.76	4728.8	
417.97	6335.7	
418.17	6200.6	
418.37	4595.6	
418.57	4613.4	
418.78	6212.9	
418.98	5856.5	
419.18	4851.6	
419.38	4820.9	
419.59	5859.9	
419.79	5633.3	
419.99	4430.4	
420.2	4527.4	
420.4	6226.5	
420.6	6161.7	
420.8	4438.6	
421.01	4332.1	
421.21	6212.9	
421.41	6016.9	
421.61	4558.1	
421.82	4424.3	
422.02	5920.7	
422.22	6221	
422.42	4797.7	
422.63	4536.9	
422.83	5837.4	
423.03	6463.4	
423.23	4569	
423.44	4119.8	
423.64	5786.9	
423.84	5564.3	
424.04	4355.3	
424.25	4201.1	
424.45	6256.5	
424.65	6134.3	
424.85	4116.4	
425.06	4326	
425.26	6500.9	
425.46	5809.4	
425.66	4565.6	
425.87	4403.8	
426.07	6034	
426.27	5888.6	
426.47	4429.8	
426.67	4138.3	
426.88	6324.8	
427.08	5933	
427.28	4692.6	
427.48	4095.3	
427.69	5572.5	
427.89	5734.3	
428.09	4492.6	
428.29	4086.4	
428.5	5986.2	
428.7	5929.6	
428.9	4125.3	
429.1	4290.5	
429.3	5961.6	
429.51	5971.9	
429.71	4268	
429.91	4724	
430.11	6180.1	
430.31	6240.8	
430.52	4449.6	
430.72	4549.2	
430.92	6325.5	
431.12	5993.7	
431.32	4283	
431.53	4452.3	
431.73	5593	
431.93	6234	
432.13	4186	
432.33	4175.1	
432.54	5880.4	
432.74	5978	
432.94	4244.8	
433.14	4711	
433.34	6311.8	
433.55	6014.9	
433.75	4743.8	
433.95	5520	
434.15	6080.4	
434.35	5842.2	
434.56	4341	
434.76	4132.8	
434.96	6010.8	
435.16	6225.1	
435.36	4197	
435.56	4937	
435.77	5952.8	
435.97	5985.5	
436.17	5188.9	
436.37	4813.4	
436.57	5840.8	
436.78	5931.6	
436.98	5550.7	
437.18	5162.2	
437.38	6006	
437.58	5913.2	
437.78	5027.1	
437.99	4426.3	
438.19	6175.3	
438.39	6599.2	
438.59	4372.4	
438.79	4049.5	
438.99	6452.5	
439.2	5830.6	
439.4	4216.8	
439.6	4192.2	
439.8	5975.3	
440	6653.2	
440.2	4907.6	
440.4	4984.8	
440.61	6537.1	
440.81	6558.3	
441.01	4585.4	
441.21	4940.4	
441.41	6673.6	
441.61	6361	
441.81	5020.3	
442.02	5514.5	
442.22	6773.3	
442.42	6458.6	
442.62	4518.5	
442.82	4592.9	
443.02	6785.6	
443.22	6273.6	
443.43	4866	
443.63	4610.7	
443.83	6149.4	
444.03	6115.2	
444.23	5246.2	
444.43	4958.8	
444.63	6451.8	
444.83	6831.3	
445.04	4762.2	
445.24	5236	
445.44	6525.5	
445.64	6416.3	
445.84	4868.7	
446.04	4911.7	
446.24	5984.2	
446.44	6472.3	
446.65	4442.7	
446.85	4745.1	
447.05	6212.9	
447.25	6456.6	
447.45	4868.7	
447.65	4448.9	
447.85	6371.9	
448.05	5921.4	
448.25	5005.9	
448.46	4797.7	
448.66	6218.3	
448.86	5973.2	
449.06	4563.6	
449.26	4887.1	
449.46	6410.1	
449.66	5978	
449.86	4764.3	
450.06	4715.8	
450.26	6060.6	
450.47	6429.9	
450.67	4823.6	
450.87	5020.9	
451.07	6642.9	
451.27	6255.2	
451.47	4523.3	
451.67	4978.6	
451.87	6206	
452.07	6729.6	
452.27	4681.7	
452.47	4620.9	
452.67	6371.2	
452.88	6371.9	
453.08	4340.3	
453.28	5160.2	
453.48	6922.8	
453.68	6156.9	
453.88	4614.1	
454.08	4681	
454.28	6597.9	
454.48	6272.9	
454.68	4930.8	
454.88	5182	
455.08	6703.7	
455.28	6496.2	
455.48	4675.5	
455.68	4997	
455.89	6900.3	
456.09	6693.4	
456.29	4855.1	
456.49	5011.4	
456.69	6894.1	
456.89	6421.1	
457.09	5159.5	
457.29	5392.3	
457.49	6719.4	
457.69	6726.2	
457.89	5255.1	
458.09	4777.2	
458.29	6613.6	
458.49	7023.2	
458.69	5334.3	
458.89	4992.3	
459.09	7091.4	
459.29	7092.8	
459.49	5015.5	
459.69	5344.5	
459.9	6751.5	
460.1	6666.1	
460.3	4901.5	
460.5	4897.4	
460.7	6961	
460.9	6539.2	
461.1	4838	
461.3	5388.9	
461.5	7323.5	
461.7	7051.8	
461.9	5165.7	
462.1	5274.9	
462.3	6894.8	
462.5	7089.4	
462.7	5134.9	
462.9	5257.1	
463.1	7738.6	
463.3	7464.8	
463.5	5367	
463.7	5881.8	
463.9	7071.6	
464.1	7239.6	
464.3	5560.2	
464.5	5620.3	
464.7	7318.1	
464.9	7226.6	
465.1	6135.7	
465.3	5739.1	
465.5	7436.2	
465.7	7570	
465.9	5942.5	
466.1	5652.4	
466.3	7348.8	
466.5	7239.6	
466.7	6214.2	
466.9	5722.7	
467.1	7664.9	
467.3	7897.7	
467.5	6285.2	
467.7	5795.8	
467.9	8024.6	
468.1	8329.8	
468.3	6099.5	
468.5	6251.1	
468.7	7299.6	
468.9	7355.6	
469.1	5930.9	
469.3	6223.1	
469.5	8340	
469.7	7275.8	
469.9	6092.7	
470.1	5750	
470.3	7610.9	
470.5	7400.7	
470.7	6305.7	
470.9	5757.5	
471.1	7202	
471.3	7439.6	
471.5	5694	
471.69	6518	
471.89	7318.8	
472.09	6892.1	
472.29	6028.5	
472.49	6035.4	
472.69	7068.2	
472.89	7259.4	
473.09	5623	
473.29	5578	
473.49	7142.6	
473.69	6976.7	
473.89	5899.5	
474.09	5597.1	
474.29	7641	
474.49	7506.5	
474.69	5965.7	
474.89	5689.3	
475.09	7088	
475.29	7105.1	
475.49	5435.3	
475.69	5502.9	
475.88	7755	
476.08	7258.7	
476.28	5305.6	
476.48	5401.2	
476.68	7528.3	
476.88	7054.6	
477.08	5532.2	
477.28	5556.8	
477.48	7137.2	
477.68	7213.6	
477.88	5293.3	
478.08	5544.5	
478.28	7561.1	
478.48	7053.2	
478.67	5584.1	
478.87	5139	
479.07	7303.7	
479.27	7041.6	
479.47	5524.1	
479.67	5623	
479.87	7329	
480.07	7571.3	
480.27	5258.5	
480.47	5991.7	
480.67	7103.7	
480.87	7556.3	
481.06	5365	
481.26	5773.2	
481.46	7223.9	
481.66	7045	
481.86	5642.8	
482.06	5941.8	
482.26	6956.9	
482.46	7324.2	
482.66	5459.2	
482.86	5344.5	
483.05	7350.2	
483.25	6842.9	
483.45	6683.9	
483.65	5530.2	
483.85	6789.7	
484.05	7022.5	
484.25	5702.9	
484.45	5955.5	
484.65	7301	
484.84	7577.5	
485.04	5512.4	
485.24	5589.6	
485.44	7860.1	
485.64	6951.5	
485.84	5314.5	
486.04	5862.7	
486.24	7109.9	
486.44	7228.6	
486.63	5228.5	
486.83	5792.3	
487.03	7164.5	
487.23	7217	
487.43	5408.7	
487.63	6339.8	
487.83	7310.6	
488.02	7023.2	
488.22	5769.1	
488.42	5995.1	
488.62	7664.9	
488.82	7078.5	
489.02	5650.3	
489.22	5650.3	
489.41	7337.9	
489.61	7493.5	
489.81	5516.5	
490.01	5568.4	
490.21	7518.1	
490.41	7998.7	
490.61	5554.1	
490.8	5528.8	
491	7261.4	
491.2	6930.3	
491.4	5823.7	
491.6	5296	
491.8	7249.8	
491.99	7103	
492.19	5205.9	
492.39	5467.4	
492.59	7469.6	
492.79	7662.8	
492.99	5963	
493.18	5712.5	
493.38	7798.7	
493.58	8034.2	
493.78	6006	
493.98	5642.2	
494.18	7405.5	
494.37	7098.3	
494.57	6110.5	
494.77	5877.7	
494.97	7746.1	
495.17	7893.6	
495.37	5920	
495.56	6152.8	
495.76	7761.8	
495.96	7842.4	
496.16	6556.2	
496.36	6057.2	
496.55	7986.4	
496.75	7557	
496.95	6124.8	
497.15	6088.6	
497.35	7856.7	
497.54	7868.3	
497.74	6101.6	
497.94	6667.5	
498.14	8356.4	
498.34	7999.4	
498.53	5903.6	
498.73	6272.9	
498.93	7538.6	
499.13	7849.9	
499.33	6339.1	
499.52	6393.1	
499.72	8137.9	
499.92	7914.7	
500.12	6123.4	
500.32	6286.6	
500.51	7973.4	
500.71	7881.9	
500.91	6504.3	
501.11	6352.8	
501.31	7935.2	
501.5	8265.6	
501.7	6720.8	
501.9	6255.9	
502.1	7901.1	
502.29	8114.1	
502.49	6404	
502.69	6524.8	
502.89	7902.4	
503.09	7914.7	
503.28	5886.5	
503.48	5860.6	
503.68	7609.6	
503.88	7380.9	
504.07	6363.7	
504.27	6037.4	
504.47	7758.4	
504.67	7828.7	
504.86	6335.7	
505.06	6047	
505.26	7615.7	
505.46	8228.7	
505.65	5985.5	
505.85	6064.7	
506.05	7541.3	
506.25	7671	
506.44	5711.8	
506.64	5983.5	
506.84	7349.5	
507.04	7675.1	
507.23	5750	
507.43	5935	
507.63	8180.3	
507.83	7245	
508.02	6004	
508.22	5744.6	
508.42	8195.3	
508.62	7154.2	
508.81	5821.7	
509.01	6005.3	
509.21	7111.9	
509.4	7434.8	
509.6	5984.2	
509.8	5656.5	
510	7328.3	
510.19	7731.1	
510.39	5514.5	
510.59	5650.3	
510.79	7320.8	
510.98	7837.6	
511.18	5749.3	
511.38	5705.6	
511.57	7722.2	
511.77	7213.6	
511.97	5987.6	
512.17	5591.6	
512.36	7632.1	
512.56	7346.1	
512.76	5555.5	
512.95	5436	
513.15	7789.8	
513.35	6863.4	
513.55	5996.5	
513.74	5544.5	
513.94	7625.3	
514.14	7241.6	
514.33	6034	
514.53	5844.2	
514.73	7345.4	
514.92	7243.7	
515.12	5552.7	
515.32	5531.6	
515.51	7450.5	
515.71	7425.3	
515.91	6402.6	
516.11	5565	
516.3	8208.9	
516.5	7262.8	
516.7	5952.8	
516.89	6087.9	
517.09	7138.5	
517.29	7229.3	
517.48	5962.3	
517.68	5719.3	
517.88	6644.3	
518.07	7458.7	
518.27	5932.3	
518.47	5442.1	
518.66	7679.2	
518.86	7102.4	
519.06	5371.8	
519.25	5628.5	
519.45	7210.9	
519.65	7860.8	
519.84	5960.3	
520.04	6212.2	
520.24	7984.3	
520.43	7406.1	
520.63	5750	
520.83	5613.5	
521.02	7063.4	
521.22	7184.3	
521.42	5788.2	
521.61	6007.4	
521.81	7180.2	
522.01	7311.2	
522.2	5788.9	
522.4	5629.2	
522.6	7516	
522.79	6929.6	
522.99	5712.5	
523.18	5513.1	
523.38	7486	
523.58	7456.7	
523.77	6414.9	
523.97	5552.7	
524.17	8314.1	
524.36	8079.9	
524.56	6208.1	
524.76	5942.5	
524.95	7417.1	
525.15	7206.8	
525.34	5833.3	
525.54	6010.8	
525.74	7703.8	
525.93	7119.4	
526.13	6468.2	
526.33	5934.3	
526.52	7873.8	
526.72	7579.5	
526.91	6408.1	
527.11	6142.5	
527.31	7787.1	
527.5	8027.4	
527.7	6130.3	
527.89	5829.9	
528.09	7553.6	
528.29	7698.3	
528.48	6367.8	
528.68	6143.9	
528.87	7879.9	
529.07	7844.4	
529.27	6122.7	
529.46	5760.3	
529.66	7653.9	
529.85	7824.6	
530.05	5870.2	
530.25	6114.6	
530.44	8178.9	
530.64	7481.2	
530.83	5971.9	
531.03	6203.3	
531.23	7950.9	
531.42	7727	
531.62	6445.6	
531.81	6122.1	
532.01	7813	
532.21	8112	
532.4	6052.4	
532.6	6208.8	
532.79	8341.4	
532.99	7991.2	
533.18	6293.4	
533.38	6662	
533.58	7840.3	
533.77	8058.8	
533.97	6393.8	
534.16	6527.6	
534.36	8297.7	
534.55	7737.9	
534.75	6670.2	
534.95	6342.6	
535.14	8226.7	
535.34	7634.8	
535.53	6188.3	
535.73	6880.5	
535.92	8393.3	
536.12	7677.2	
536.31	6119.3	
536.51	6690.7	
536.71	8068.3	
536.9	7739.3	
537.1	6169.2	
537.29	6262	
537.49	8120.9	
537.68	7721.5	
537.88	6413.6	
538.07	5997.8	
538.27	7857.4	
538.46	8318.8	
538.66	5960.3	
538.86	6195.8	
539.05	7972.7	
539.25	8015.1	
539.44	6391.7	
539.64	6134.3	
539.83	7754.3	
540.03	8165.9	
540.22	6008.1	
540.42	5971.2	
540.61	7808.2	
540.81	7919.5	
541	6230.6	
541.2	6552.8	
541.39	7591.8	
541.59	7722.2	
541.78	6533	
541.98	6038.1	
542.18	7404.8	
542.37	7408.9	
542.57	6115.2	
542.76	6268.1	
542.96	7371.3	
543.15	7589.8	
543.35	6044.2	
543.54	5767.8	
543.74	7091.4	
543.93	7437.5	
544.13	5889.3	
544.32	6499.6	
544.52	7783.6	
544.71	7251.2	
544.91	5547.3	
545.1	6103.6	
545.3	7414.3	
545.49	7473	
545.69	5523.4	
545.88	5793	
546.08	8073.8	
546.27	7737.2	
546.47	5919.3	
546.66	5696.1	
546.86	7684.7	
547.05	7739.3	
547.24	5855.8	
547.44	5734.3	
547.63	7194.5	
547.83	7572	
548.02	5842.9	
548.22	5958.9	
548.41	7063.4	
548.61	7641.7	
548.8	5590.3	
549	5652.4	
549.19	7421.2	
549.39	7556.3	
549.58	5473.5	
549.78	5655.1	
549.97	7535.8	
550.17	7172.7	
550.36	6083.8	
550.55	6443.6	
550.75	7103.7	
550.94	7649.8	
551.14	5553.4	
551.33	5679	
551.53	6927.6	
551.72	7299.6	
551.92	5700.2	
552.11	5612.1	
552.31	7551.5	
552.5	7303.1	
552.69	6309.8	
552.89	5327.4	
553.08	7417.1	
553.28	7205.4	
553.47	5558.2	
553.67	6055.2	
553.86	7561.8	
554.06	6784.9	
554.25	5223.7	
554.44	5500.2	
554.64	8003.5	
554.83	7712.7	
555.03	5419.6	
555.22	5648.3	
555.42	7419.8	
555.61	7281.9	
555.8	5543.9	
556	5559.6	
556.19	6927.6	
556.39	7190.4	
556.58	5502.2	
556.78	5543.2	
556.97	7283.3	
557.16	7140.6	
557.36	6040.8	
557.55	5285.1	
557.75	6722.8	
557.94	7674.4	
558.13	5360.9	
558.33	5212.8	
558.52	7516	
558.72	6563.7	
558.91	5324.7	
559.1	5312.4	
559.3	6582.2	
559.49	6569.2	
559.69	5214.1	
559.88	5582.1	
560.07	7113.3	
560.27	7288	
560.46	5557.5	
560.66	5657.9	
560.85	6972	
561.04	6559	
561.24	5240.1	
561.43	5201.8	
561.63	6692.1	
561.82	6835.4	
562.01	5816.2	
562.21	5380.7	
562.4	7010.2	
562.59	7421.2	
562.79	5361.6	
562.98	5221.6	
563.18	6978.1	
563.37	7624.6	
563.56	5509	
563.76	5201.2	
563.95	6723.5	
564.14	6749.4	
564.34	5397.1	
564.53	5205.9	
564.73	7124.9	
564.92	6991.1	
565.11	5423.7	
565.31	5165.7	
565.5	7369.3	
565.69	6608.8	
565.89	5380.7	
566.08	5406	
566.27	7004.1	
566.47	7328.3	
566.66	5739.1	
566.85	5076.9	
567.05	7011.6	
567.24	6831.3	
567.44	5180	
567.63	5782.1	
567.82	7151.5	
568.02	6754.2	
568.21	5139.7	
568.4	5270.8	
568.6	6955.6	
568.79	6825.2	
568.98	5206.6	
569.18	5151.3	
569.37	6882.5	
569.56	7582.3	
569.76	5376.6	
569.95	5794.4	
570.14	7092.8	
570.34	6824.5	
570.53	5067.4	
570.72	4986.8	
570.91	7359	
571.11	6862.7	
571.3	5371.1	
571.49	5778.7	
571.69	7058.7	
571.88	6591	
572.07	5575.3	
572.27	5532.2	
572.46	6507.1	
572.65	7016.3	
572.85	5232.6	
573.04	5289.2	
573.23	7250.5	
573.43	6919.4	
573.62	5193	
573.81	5328.1	
574	7100.3	
574.2	6775.4	
574.39	5328.8	
574.58	5248.9	
574.78	7249.8	
574.97	6991.1	
575.16	5619.6	
575.36	5513.1	
575.55	7308.5	
575.74	7266.9	
575.93	5035.3	
576.13	5465.3	
576.32	6866.8	
576.51	7102.4	
576.71	5354.1	
576.9	5899.5	
577.09	7283.9	
577.28	7005.4	
577.48	5543.9	
577.67	5054.4	
577.86	7091.4	
578.05	7042.3	
578.25	5326.1	
578.44	5380	
578.63	6877.8	
578.83	7483.3	
579.02	5126.7	
579.21	5760.3	
579.4	7018.4	
579.6	6941.9	
579.79	5422.3	
579.98	6467.5	
580.17	7165.8	
580.37	7246.4	
580.56	5217.5	
580.75	5604.6	
580.94	7326.9	
581.14	7519.5	
581.33	5689.9	
581.52	5281	
581.71	7111.2	
581.91	7472.4	
582.1	5254.4	
582.29	5440.8	
582.48	6984.9	
582.68	6965.8	
582.87	5583.4	
583.06	5529.5	
583.25	7269.6	
583.45	6815.6	
583.64	5804.6	
583.83	6009.4	
584.02	7169.9	
584.21	7246.4	
584.41	5665.4	
584.6	5446.2	
584.79	7071	
584.98	7221.1	
585.18	5197.1	
585.37	5145.2	
585.56	6924.2	
585.75	7159	
585.94	5270.8	
586.14	5603.9	
586.33	7473	
586.52	6861.4	
586.71	5486.5	
586.91	5324.7	
587.1	6592.4	
587.29	7208.8	
587.48	5275.6	
587.67	5180.7	
587.87	7036.8	
588.06	6888.7	
588.25	5771.2	
588.44	5472.9	
588.63	6774	
588.83	6993.8	
589.02	5221	
589.21	5040.7	
589.4	6610.8	
589.59	6593.1	
589.78	4620.9	
589.98	4754	
590.17	6245.6	
590.36	6349.4	
590.55	4434.5	
590.74	4709	
590.94	6942.6	
591.13	6354.2	
591.32	4657.1	
591.51	4505.5	
591.7	6550.8	
591.89	6376	
592.09	4555.4	
592.28	4734.9	
592.47	5816.2	
592.66	6956.3	
592.85	4533.5	
593.05	4655	
593.24	6309.8	
593.43	6750.8	
593.62	4739.7	
593.81	4954.7	
594	6505	
594.19	6412.9	
594.39	4668	
594.58	4690.5	
594.77	6528.2	
594.96	6723.5	
595.15	4629.1	
595.34	4834.6	
595.54	6346	
595.73	5915.9	
595.92	4304.1	
596.11	4809.3	
596.3	6682.5	
596.49	6134.3	
596.68	4778.6	
596.88	4866	
597.07	6520	
597.26	6002.6	
597.45	4572.4	
597.64	4967	
597.83	6189.6	
598.02	6477.7	
598.22	4569	
598.41	4807.9	
598.6	6254.5	
598.79	6018.3	
598.98	4562.9	
599.17	4970.4	
599.36	6467.5	
599.55	6845	
599.74	5396.4	
599.94	5395	
600.13	6592.4	
600.32	6063.4	
600.51	4483.7	
600.7	4470.7	
600.89	6850.5	
601.08	6925.5	
601.27	4410	
601.47	4894.6	
601.66	6526.2	
601.85	6774.7	
602.04	4764.9	
602.23	4768.4	
602.42	6111.8	
602.61	6352.8	
602.8	4595.6	
602.99	4539.7	
603.18	6309.8	
603.37	6388.3	
603.57	4846.9	
603.76	5141.8	
603.95	6730.3	
604.14	6425.2	
604.33	4700.8	
604.52	4667.3	
604.71	6407.4	
604.9	6122.7	
605.09	5077.6	
605.28	4894.6	
605.47	6733.7	
605.66	6250.4	
605.86	4881.7	
606.05	4642.7	
606.24	6744.6	
606.43	5881.8	
606.62	4754.7	
606.81	5023.7	
607	6453.1	
607.19	6167.8	
607.38	4360.1	
607.57	4507.6	
607.76	6096.1	
607.95	5734.3	
608.14	4782.7	
608.33	4977.9	
608.52	6042.9	
608.72	6531	
608.91	4398.4	
609.1	4420.9	
609.29	6150.7	
609.48	5817.6	
609.67	4803.2	
609.86	4346.5	
610.05	5991	
610.24	5991.7	
610.43	4384.7	
610.62	4159.4	
610.81	6632.7	
611	6577.4	
611.19	4480.3	
611.38	4725.3	
611.57	6272.9	
611.76	6736.5	
611.95	4312.3	
612.14	4220.9	
612.33	6079.7	
612.52	5801.9	
612.71	4526.7	
612.9	4142.4	
613.09	5716.6	
613.28	6860	
613.47	4465.9	
613.66	4809.3	
613.85	6226.5	
614.04	5864.7	
614.24	4439.3	
614.43	4033.8	
614.62	6235.4	
614.81	6166.4	
615	4619.5	
615.19	4655	
615.38	5887.9	
615.57	6128.9	
615.76	4678.2	
615.95	5036.6	
616.14	6233.3	
616.33	6062	
616.52	4728.1	
616.71	4747.9	
616.9	6271.6	
617.09	6008.1	
617.28	4435.9	
617.47	4904.9	
617.66	5844.9	
617.85	5802.6	
618.04	4788.8	
618.22	4558.8	
618.41	5703.6	
618.6	6529.6	
618.79	4627	
618.98	4429.1	
619.17	6578.8	
619.36	5651.7	
619.55	4548.5	
619.74	4534.2	
619.93	6219	
620.12	5960.3	
620.31	4795	
620.5	4858.5	
620.69	6446.3	
620.88	6692.1	
621.07	5167.7	
621.26	4674.8	
621.45	6307.7	
621.64	6310.5	
621.83	4812	
622.02	4441.4	
622.21	6212.2	
622.4	6185.5	
622.59	5022.3	
622.78	4943.1	
622.97	6113.9	
623.16	6400.6	
623.35	4849.6	
623.54	4358.8	
623.72	6122.7	
623.91	6128.9	
624.1	4862.6	
624.29	4280.9	
624.48	6619	
624.67	6335	
624.86	4762.9	
625.05	4397	
625.24	6820.4	
625.43	6037.4	
625.62	5533.6	
625.81	4544.4	
626	6397.2	
626.19	6097.5	
626.38	4809.3	
626.56	4582	
626.75	5891.3	
626.94	6313.9	
627.13	4823	
627.32	4269.3	
627.51	6376	
627.7	6688	
627.89	4209.9	
628.08	4795	
628.27	5898.2	
628.46	5994.4	
628.65	4422.2	
628.83	4169.7	
629.02	6226.5	
629.21	5853.8	
629.4	4575.2	
629.59	4646.2	
629.78	5867.4	
629.97	6317.3	
630.16	4704.9	
630.35	4515.1	
630.54	6739.9	
630.72	6483.9	
630.91	4556	
631.1	4724.7	
631.29	6076.3	
631.48	6056.5	
631.67	4851.6	
631.86	4371	
632.05	6143.2	
632.24	6086.6	
632.42	4368.3	
632.61	4696.7	
632.8	6059.3	
632.99	5812.1	
633.18	4680.3	
633.37	4823.6	
633.56	6223.1	
633.75	6096.8	
633.93	4691.2	
634.12	4545.8	
634.31	6654.5	
634.5	6335.1	
634.69	4536.9	
634.88	4831.2	
635.07	6152.8	
635.25	6386.9	
635.44	4915.1	
635.63	5057.1	
635.82	6123.4	
636.01	5212.8	
636.2	4900.1	
636.39	4706.9	
636.57	6688	
636.76	6163.7	
636.95	4524.6	
637.14	5107	
637.33	6294.1	
637.52	6509.8	
637.7	4338.3	
637.89	4913.1	
638.08	6065.4	
638.27	6629.3	
638.46	4865.3	
638.65	5029.1	
638.83	6630.6	
639.02	5903.6	
639.21	4767	
639.4	4936.3	
639.59	6152.1	
639.78	5950	
639.96	4369.7	
640.15	4518.5	
640.34	6137.1	
640.53	5896.8	
640.72	4398.4	
640.91	4412	
641.09	5807.4	
641.28	6353.5	
641.47	4634.6	
641.66	4751.3	
641.85	6122.7	
642.03	6150.7	
642.22	4660.5	
642.41	4481.6	
642.6	5840.8	
642.79	5498.8	
642.97	4431.8	
643.16	4564.9	
643.35	5744.6	
643.54	5668.1	
643.73	4273.4	
643.91	4538.3	
644.1	5637.4	
644.29	5860.6	
644.48	4336.9	
644.67	4287.1	
644.85	5359.5	
645.04	5945.3	
645.23	4149.2	
645.42	4313.7	
645.6	5600.5	
645.79	6219	
645.98	4163.5	
646.17	3711.6	
646.36	5256.5	
646.54	5589.6	
646.73	4485.7	
646.92	3948.5	
647.11	5466	
647.29	5878.4	
647.48	3988.8	
647.67	3894.6	
647.86	6101.6	
648.05	5983.5	
648.23	4067.3	
648.42	4663.9	
648.61	5845.6	
648.8	5680.4	
648.98	3966.2	
649.17	4137.6	
649.36	5531.6	
649.55	5272.2	
649.73	4031.8	
649.92	4324.6	
650.11	5474.2	
650.3	5659.9	
650.48	4065.2	
650.67	3960.8	
650.86	5733.6	
651.05	5027.1	
651.23	3982.6	
651.42	3943.7	
651.61	5462.6	
651.79	5319.3	
651.98	4154.6	
652.17	3876.8	
652.36	5640.1	
652.54	5064.6	
652.73	4018.1	
652.92	3869.3	
653.11	5614.8	
653.29	5665.4	
653.48	3613.3	
653.67	4060.4	
653.85	5463.3	
654.04	5915.2	
654.23	4106.9	
654.42	3905.5	
654.6	5246.2	
654.79	5541.1	
654.98	3695.9	
655.16	3902.1	
655.35	5104.2	
655.54	4824.3	
655.73	3719.8	
655.91	3601	
656.1	5425.8	
656.29	4960.9	
656.47	3549.8	
656.66	4274.1	
656.85	5278.3	
657.03	5173.2	
657.22	3791.5	
657.41	3743	
657.59	5197.7	
657.78	5145.9	
657.97	3622.2	
658.16	3861.8	
658.34	5513.8	
658.53	5751.4	
658.72	4300.7	
658.9	4606.6	
659.09	5386.8	
659.28	5332.2	
659.46	3848.8	
659.65	3748.5	
659.84	5249.6	
660.02	5637.4	
660.21	3777.1	
660.4	3710.2	
660.58	5664.7	
660.77	5223.7	
660.96	3990.1	
661.14	3570.3	
661.33	5902.9	
661.52	5831.2	
661.7	3555.3	
661.89	5005.2	
662.08	5178.6	
662.26	4754	
662.45	3703.4	
662.64	3785.3	
662.82	5573.9	
663.01	5048.2	
663.2	3770.3	
663.38	3992.9	
663.57	5452.4	
663.75	5319.3	
663.94	3899.3	
664.13	4435.9	
664.31	5169.1	
664.5	5449	
664.69	4051.6	
664.87	4149.9	
665.06	5066.7	
665.25	5281.7	
665.43	4326.7	
665.62	4324.6	
665.8	5414.1	
665.99	5182.7	
666.18	3870	
666.36	3922.5	
666.55	5451.7	
666.74	5409.4	
666.92	3772.4	
667.11	4429.8	
667.29	5297.4	
667.48	5406.6	
667.67	4163.5	
667.85	3813.3	
668.04	5118.6	
668.22	5153.4	
668.41	3910.9	
668.6	4132.8	
668.78	5070.8	
668.97	5217.5	
669.15	4073.4	
669.34	3549.1	
669.53	5041.4	
669.71	5230.5	
669.9	3588.7	
670.08	3919.8	
670.27	4990.2	
670.46	5324.7	
670.64	4095.9	
670.83	4134.2	
671.01	4942.4	
671.2	5188.2	
671.38	3668.6	
671.57	3664.5	
671.76	5592.3	
671.94	5776.6	
672.13	3582.6	
672.31	4070.7	
672.5	5515.2	
672.69	5027.8	
672.87	3670	
673.06	3838.6	
673.24	5314.5	
673.43	5063.3	
673.61	3986	
673.8	3724.6	
673.98	5347.2	
674.17	5421.7	
674.36	4093.9	
674.54	4006.5	
674.73	4891.2	
674.91	5465.3	
675.1	3847.5	
675.28	3599.6	
675.47	5115.1	
675.65	5412.1	
675.84	3784	
676.03	3915	
676.21	5157.5	
676.4	4690.5	
676.58	4115.7	
676.77	3990.1	
676.95	5916.6	
677.14	5102.9	
677.32	3637.9	
677.51	3633.8	
677.69	5451.7	
677.88	4958.1	
678.06	3603.7	
678.25	3688.4	
678.44	5130.2	
678.62	4922.6	
678.81	3536.8	
678.99	3923.2	
679.18	5565.7	
679.36	5284.4	
679.55	3824.9	
679.73	3991.5	
679.92	5220.3	
680.1	5051.7	
680.29	4268.6	
680.47	3707.5	
680.66	5087.8	
680.84	5385.5	
681.03	3487.7	
681.21	3988.1	
681.4	4982	
681.58	4998.4	
681.77	3640.6	
681.95	3625.6	
682.14	5487.2	
682.32	5517.2	
682.51	4046.8	
682.69	3475.4	
682.88	4939	
683.06	5190.9	
683.25	3955.3	
683.43	4085.7	
683.62	5246.2	
683.8	5315.2	
683.99	4170.3	
684.17	3778.5	
684.36	5607.3	
684.54	5001.8	
684.73	3456.3	
684.91	3489.1	
685.1	5107.6	
685.28	4810	
685.46	3736.2	
685.65	3749.1	
685.83	5139	
686.02	4863.2	
686.2	3474.7	
686.39	3544.4	
686.57	4686.4	
686.76	5384.1	
686.94	3583.9	
687.13	3586.7	
687.31	5109	
687.5	5018.2	
687.68	3341.6	
687.86	3775.1	
688.05	5825.8	
688.23	4633.9	
688.42	3831.1	
688.6	3501.3	
688.79	4894	
688.97	4833.9	
689.16	3751.9	
689.34	3217.4	
689.52	5169.1	
689.71	5390.9	
689.89	3901.4	
690.08	3512.3	
690.26	5040.7	
690.45	4751.3	
690.63	3879.5	
690.81	3607.8	
691	5106.3	
691.18	4851	
691.37	3694.5	
691.55	4536.9	
691.74	4890.5	
691.92	5744.6	
692.1	3631.7	
692.29	3426.9	
692.47	5023	
692.66	4664.6	
692.84	3535.5	
693.02	3672	
693.21	4563.6	
693.39	5049.6	
693.58	3784	
693.76	3476.1	
693.94	5436	
694.13	5328.8	
694.31	3558	
694.5	4052.2	
694.68	4780.6	
694.86	5144.5	
695.05	3665.9	
695.23	3819.5	
695.42	5190.2	
695.6	6163	
695.78	3947.1	
695.97	3532.1	
696.15	5259.2	
696.34	4872.8	
696.52	3475.4	
696.7	3872.7	
696.89	5107.6	
697.07	4754	
697.25	3719.8	
697.44	4392.2	
697.62	5094.7	
697.81	5085.1	
697.99	3638.6	
698.17	3816	
698.36	4848.2	
698.54	5051	
698.72	3768.9	
698.91	3330	
699.09	4913.1	
699.28	4717.8	
699.46	3689.8	
699.64	3504.1	
699.83	4781.3	
700.01	5141.8	
700.19	3940.3	
700.38	3132.7	
700.56	5085.8	
700.74	4831.2	
700.93	3373	
701.11	3815.4	
701.29	5033.2	
701.48	5618.9	
701.66	3460.4	
701.84	3530.7	
702.03	4930.1	
702.21	5336.3	
702.39	3323.2	
702.58	3570.3	
702.76	5168.4	
702.94	5162.2	
703.13	3324.5	
703.31	4384	
703.49	4789.5	
703.68	5233.9	
703.86	3358	
704.04	3879.5	
704.23	5097.4	
704.41	5155.4	
704.59	3534.8	
704.78	4021.5	
704.96	5756.8	
705.14	5085.8	
705.33	3351.8	
705.51	3744.4	
705.69	4762.2	
705.87	5267.4	
706.06	3775.1	
706.24	3394.8	
706.42	4961.5	
706.61	5128.8	
706.79	3918.4	
706.97	3300	
707.16	4728.1	
707.34	5040.7	
707.52	3829.7	
707.7	3409.9	
707.89	4586.8	
708.07	4731.5	
708.25	3877.5	
708.44	3804.4	
708.62	4744.5	
708.8	5339.1	
708.98	3964.2	
709.17	3502.7	
709.35	4882.4	
709.53	4954	
709.72	3339.6	
709.9	3392.8	
710.08	5243.5	
710.26	5198.4	
710.45	4052.2	
710.63	3502	
710.81	4868	
710.99	4928.8	
711.18	3805.1	
711.36	3434.4	
711.54	4789.5	
711.72	5221.6	
711.91	3581.2	
712.09	3353.9	
712.27	5009.3	
712.45	5310.4	
712.64	3629.7	
712.82	3142.9	
713	4696.7	
713.18	4706.9	
713.37	3117.7	
713.55	3694.5	
713.73	5044.1	
713.91	4437.3	
714.1	3284.9	
714.28	3097.9	
714.46	4788.8	
714.64	4438.6	
714.83	2891	
715.01	3207.1	
715.19	4659.1	
715.37	4141	
715.55	3009.1	
715.74	3160	
715.92	4876.2	
716.1	3859.7	
716.28	3689.8	
716.47	3284.3	
716.65	4476.2	
716.83	4348.5	
717.01	3153.2	
717.19	3120.4	
717.38	5352	
717.56	4220.2	
717.74	3254.9	
717.92	2896.5	
718.1	4831.8	
718.29	4418.8	
718.47	2753.8	
718.65	3020.8	
718.83	4851.6	
719.01	4764.3	
719.2	2707.4	
719.38	3141.6	
719.56	4640.7	
719.74	5307.7	
719.92	3110.2	
720.11	3476.1	
720.29	4678.2	
720.47	4265.2	
720.65	2787.3	
720.83	3126.6	
721.02	4441.4	
721.2	4338.3	
721.38	3224.2	
721.56	2887	
721.74	4039.3	
721.92	4046.1	
722.11	3304.1	
722.29	3275.4	
722.47	4653	
722.65	4291.9	
722.83	2893.1	
723.01	3175.7	
723.2	4150.6	
723.38	4475.5	
723.56	2658.3	
723.74	3146.4	
723.92	3934.1	
724.1	4592.2	
724.29	2781.1	
724.47	3302.7	
724.65	4215.4	
724.83	4098.7	
725.01	2852.1	
725.19	3150.5	
725.37	4088.4	
725.56	4050.2	
725.74	2785.2	
725.92	2859	
726.1	4047.5	
726.28	4306.2	
726.46	3023.5	
726.64	2874.7	
726.83	4399	
727.01	4370.4	
727.19	2735.4	
727.37	3066.5	
727.55	4436.6	
727.73	4634.6	
727.91	2719.7	
728.09	2633.7	
728.28	4358.8	
728.46	4642.1	
728.64	3111.5	
728.82	3039.9	
729	4998.4	
729.18	4794.3	
729.36	2741.5	
729.54	3730.7	
729.72	5193.6	
729.91	4373.8	
730.09	3696.6	
730.27	3064.4	
730.45	4384	
730.63	4616.8	
730.81	3332	
730.99	2928.6	
731.17	4994.3	
731.35	4254.3	
731.53	3123.2	
731.71	3034.4	
731.9	4785.4	
732.08	4777.2	
732.26	3075.4	
732.44	2912.2	
732.62	4869.4	
732.8	4620.9	
732.98	3300	
733.16	2886.3	
733.34	4684.4	
733.52	3942.3	
733.7	3091.8	
733.88	3112.9	
734.07	4614.1	
734.25	4504.2	
734.43	2876	
734.61	3497.2	
734.79	5067.4	
734.97	4348.5	
735.15	2927.9	
735.33	3061.7	
735.51	4564.9	
735.69	4399	
735.87	3510.9	
736.05	3141.6	
736.23	4556.7	
736.41	4259.1	
736.59	3153.2	
736.77	3125.2	
736.95	4702.1	
737.13	4326.7	
737.32	2919	
737.5	3011.9	
737.68	5030.5	
737.86	4319.8	
738.04	2839.2	
738.22	3674.1	
738.4	4368.3	
738.58	4479.6	
738.76	3122.5	
738.94	2676.7	
739.12	4378.6	
739.3	4342.4	
739.48	3426.3	
739.66	3194.8	
739.84	4455.7	
740.02	4444.8	
740.2	2707.4	
740.38	2859	
740.56	4590.9	
740.74	3888.4	
740.92	3201	
741.1	3116.3	
741.28	4394.3	
741.46	4169.7	
741.64	3012.6	
741.82	3228.3	
742	4444.1	
742.18	4351.3	
742.36	3049.4	
742.54	2894.5	
742.72	4739.7	
742.9	4001	
743.08	3111.5	
743.26	2695.8	
743.44	4615.4	
743.62	4603.2	
743.8	3388.7	
743.98	2851.5	
744.16	4449.6	
744.34	4303.5	
744.52	3220.1	
744.7	3196.2	
744.88	4600.4	
745.06	4378.6	
745.24	3247.4	
745.42	3297.9	
745.6	4711	
745.78	4642.1	
745.96	2777	
746.14	2895.8	
746.32	5064.6	
746.5	4403.1	
746.68	3080.1	
746.86	2831.7	
747.03	4711	
747.21	4043.4	
747.39	3132.7	
747.57	2830.3	
747.75	4360.1	
747.93	4571.1	
748.11	2813.2	
748.29	2777	
748.47	5279.7	
748.65	4458.4	
748.83	3171.6	
749.01	3063.1	
749.19	4551.3	
749.37	4096.6	
749.55	3093.8	
749.73	3050.8	
749.91	4455.7	
750.09	4369.7	
750.26	3090.4	
750.44	2791.4	
750.62	4394.9	
750.8	4373.1	
750.98	2734.7	
751.16	2890.4	
751.34	4545.1	
751.52	4192.9	
751.7	3226.9	
751.88	2714.9	
752.06	4684.4	
752.24	4526.7	
752.42	2732.7	
752.59	2891.7	
752.77	4430.4	
752.95	4960.2	
753.13	3223.5	
753.31	2889.7	
753.49	4240	
753.67	4405.2	
753.85	3089	
754.03	2817.3	
754.21	4670.7	
754.38	4786.1	
754.56	2881.5	
754.74	2570.2	
754.92	4176.5	
755.1	4455	
755.28	2491.7	
755.46	2486.2	
755.64	4995.7	
755.82	4953.4	
755.99	2663.7	
756.17	2658.9	
756.35	3752.6	
756.53	4372.4	
756.71	2175.6	
756.89	2753.8	
757.07	4192.9	
757.25	3815.4	
757.42	2792.7	
757.6	3213.3	
757.78	4268	
757.96	3797.6	
758.14	2642.6	
758.32	2436.4	
758.5	3618.1	
758.67	3988.8	
758.85	2543.6	
759.03	2652.8	
759.21	4141.7	
759.39	3745.7	
759.57	2390	
759.75	2845.3	
759.92	4508.9	
760.1	4200.4	
760.28	3064.4	
760.46	3198.2	
760.64	4106.9	
760.82	3971	
760.99	2977.7	
761.17	2644.6	
761.35	4438.6	
761.53	3844.7	
761.71	2749.7	
761.89	2989.4	
762.06	4298.7	
762.24	4111	
762.42	2876	
762.6	2633	
762.78	4116.4	
762.96	4275.5	
763.13	2978.4	
763.31	2755.2	
763.49	4402.5	
763.67	4003.1	
763.85	3121.1	
764.02	3377.8	
764.2	4648.2	
764.38	3977.8	
764.56	2732.7	
764.74	3099.9	
764.91	4506.9	
765.09	3997	
765.27	2652.1	
765.45	2486.9	
765.63	4788.8	
765.8	4461.2	
765.98	2504.7	
766.16	2519	
766.34	3723.9	
766.52	3773	
766.69	2992.8	
766.87	2504.7	
767.05	4102.1	
767.23	4468.7	
767.41	2639.8	
767.58	2747.7	
767.76	4416.1	
767.94	4430.4	
768.12	2690.3	
768.29	3033.7	
768.47	3909.6	
768.65	4506.2	
768.83	2492.4	
769	2989.4	
769.18	3963.5	
769.36	4252.3	
769.54	2975.7	
769.72	2497.8	
769.89	4532.2	
770.07	4373.8	
770.25	2712.9	
770.43	3265.1	
770.6	4774.5	
770.78	4730.8	
770.96	2734	
771.14	3000.3	
771.31	4498.7	
771.49	4059.1	
771.67	2425.5	
771.85	2418	
772.02	3719.8	
772.2	3936.2	
772.38	2827.6	
772.55	2538.8	
772.73	4186	
772.91	4094.6	
773.09	2743.6	
773.26	2822.8	
773.44	4208.6	
773.62	4115.1	
773.8	2641.9	
773.97	2429.6	
774.15	4171.7	
774.33	4103.4	
774.5	2506	
774.68	2670.6	
774.86	4268	
775.04	4040.6	
775.21	2561.3	
775.39	2445.3	
775.57	4090.5	
775.74	4183.3	
775.92	2396.1	
776.1	2379.1	
776.27	4130.8	
776.45	4687.8	
776.63	2547	
776.81	2344.2	
776.98	4034.5	
777.16	4489.8	
777.34	2561.3	
777.51	2710.1	
777.69	4095.3	
777.87	3814.7	
778.04	2682.8	
778.22	2813.9	
778.4	3909.6	
778.57	4255.7	
778.75	2261.6	
778.93	2420.7	
779.1	3945.1	
779.28	3687.7	
779.46	2288.9	
779.64	2442.5	
779.81	4339.6	
779.99	4655	
780.17	2805.7	
780.34	2861	
780.52	4081.6	
780.69	4063.9	
780.87	2666.5	
781.05	2402.3	
781.22	4108.2	
781.4	4043.4	
781.58	2539.5	
781.75	2108.7	
781.93	4127.3	
782.11	3691.8	
782.28	2927.9	
782.46	2497.2	
782.64	3709.6	
782.81	4177.9	
782.99	2571.6	
783.17	2536.8	
783.34	3962.8	
783.52	3873.4	
783.69	2531.3	
783.87	2966.1	
784.05	3932.8	
784.22	3763.5	
784.4	2964.1	
784.58	2682.2	
784.75	4376.5	
784.93	3926.6	
785.1	2476.7	
785.28	2776.4	
785.46	4214	
785.63	3724.6	
785.81	2540.8	
785.99	2383.2	
786.16	3994.9	
786.34	4071.4	
786.51	2427.5	
786.69	2671.9	
786.87	3612.6	
787.04	3900	
787.22	2410.5	
787.39	2800.9	
787.57	3826.3	
787.75	4263.2	
787.92	2955.9	
788.1	2826.9	
788.27	3702.7	
788.45	3429.7	
788.63	2746.3	
788.8	2129.9	
788.98	4095.9	
789.15	3444.7	
789.33	2232.3	
789.5	2499.9	
789.68	4179.2	
789.86	4249.5	
790.03	2680.1	
790.21	2386.6	
790.38	4313.7	
790.56	3899.3	
790.73	2387.2	
790.91	2372.2	
791.09	3827	
791.26	4069.3	
791.44	2570.2	
791.61	2239.1	
791.79	3816	
791.96	3771.7	
792.14	2307.4	
792.32	2125.1	
792.49	3756	
792.67	3895.2	
792.84	2411.8	
793.02	2274.6	
793.19	4054.3	
793.37	4287.8	
793.54	2134.7	
793.72	2268.5	
793.89	4394.9	
794.07	3703.4	
794.25	2576.3	
794.42	2143.5	
794.6	4299.4	
794.77	4037.9	
794.95	2646.7	
795.12	2418	
795.3	3821.5	
795.47	4004.5	
795.65	2622.8	
795.82	2510.8	
796	3696.6	
796.17	4487.1	
796.35	2480.1	
796.52	2813.2	
796.7	4122.6	
796.87	4119.8	
797.05	2412.5	
797.22	2848.7	
797.4	4171	
797.57	4547.2	
797.75	2547	
797.92	2497.2	
798.1	4259.1	
798.27	3506.1	
798.45	2219.3	
798.62	2305.3	
798.8	3943.7	
798.97	4156	
799.15	2611.2	
799.32	2530.6	
799.5	3611.3	
799.67	3853.6	
799.85	2690.3	
800.02	2177	
800.2	3814	
800.37	3844	
800.55	2705.4	
800.72	2431.6	
800.9	4143	
801.07	4323.3	
801.25	3011.9	
801.42	2623.4	
801.6	4237.2	
801.77	3850.2	
801.95	2434.4	
802.12	2336	
802.29	4055.7	
802.47	3908.9	
802.64	2661.7	
802.82	2142.9	
802.99	3807.2	
803.17	4179.2	
803.34	2547.7	
803.52	2317.6	
803.69	4412.7	
803.87	3625.6	
804.04	2543.6	
804.21	2542.2	
804.39	4382	
804.56	3823.6	
804.74	2257.5	
804.91	2572.9	
805.09	3801	
805.26	3760.1	
805.44	2261	
805.61	2407	
805.78	4132.1	
805.96	3974.4	
806.13	2591.4	
806.31	2717	
806.48	3502	
806.66	3793.5	
806.83	2587.9	
807	2516.3	
807.18	3806.5	
807.35	3928	
807.53	2497.2	
807.7	2200.9	
807.87	4355.3	
808.05	3764.8	
808.22	2680.1	
808.4	2167.4	
808.57	3609.2	
808.74	3627	
808.92	2449.4	
809.09	2889.7	
809.27	3900.7	
809.44	3957.4	
809.61	2183.1	
809.79	2313.5	
809.96	4551.3	
810.14	3973.1	
810.31	2161.3	
810.48	2678.1	
810.66	3792.2	
810.83	4016.7	
811.01	2397.5	
811.18	2551.8	
811.35	4130.8	
811.53	3442.6	
811.7	2710.1	
811.87	2572.2	
812.05	3961.5	
812.22	3814	
812.39	2355.8	
812.57	2278	
812.74	3895.9	
812.92	4525.3	
813.09	2540.2	
813.26	2547	
813.44	4444.1	
813.61	3638.6	
813.78	2199.5	
813.96	2676	
814.13	3801.7	
814.3	3732.1	
814.48	2889	
814.65	2415.9	
814.82	4225	
815	3536.2	
815.17	2521.7	
815.34	2897.2	
815.52	3723.9	
815.69	3683.6	
815.87	2453.5	
816.04	2430.3	
816.21	3653.6	
816.38	3582.6	
816.56	2455.5	
816.73	2337.4	
816.9	4534.2	
817.08	4049.5	
817.25	2389.3	
817.42	2694.4	
817.6	3542.3	
817.77	3649.5	
817.94	2506.7	
818.12	2287.6	
818.29	3707.5	
818.46	4724	
818.64	2430.3	
818.81	2226.8	
818.98	3677.5	
819.16	4599.7	
819.33	2615.3	
819.5	2503.3	
819.67	3992.2	
819.85	4283.7	
820.02	2538.1	
820.19	2509.4	
820.37	3900	
820.54	3722.5	
820.71	2528.6	
820.88	3018	
821.06	3857.7	
821.23	3646.7	
821.4	2577.7	
821.58	2577.7	
821.75	4012	
821.92	3887	
822.09	2172.9	
822.27	2241.2	
822.44	3774.4	
822.61	3723.9	
822.79	2180.4	
822.96	3603.1	
823.13	3860.4	
823.3	3566.2	
823.48	2422.1	
823.65	2262.3	
823.82	4167.6	
823.99	3633.1	
824.17	2890.4	
824.34	2294.4	
824.51	4589.5	
824.68	3801	
824.86	2356.5	
825.03	2496.5	
825.2	3805.1	
825.37	4231.8	
825.55	2411.8	
825.72	2485.6	
825.89	4489.8	
826.06	4246.8	
826.24	2508.8	
826.41	2456.9	
826.58	4379.9	
826.75	3859.1	
826.92	2166.8	
827.1	2277.3	
827.27	5313.8	
827.44	4440.7	
827.61	2364.7	
827.79	2706.7	
827.96	3762.1	
828.13	3738.9	
828.3	2472.6	
828.47	2107.4	
828.65	4112.3	
828.82	4014	
828.99	2846	
829.16	2614.6	
829.34	4083	
829.51	4134.8	
829.68	2474.6	
829.85	2454.1	
830.02	4522.6	
830.2	4212	
830.37	2072.5	
830.54	2806.4	
830.71	4545.8	
830.88	3887.7	
831.05	2044.6	
831.23	2252.8	
831.4	4599.1	
831.57	4681	
831.74	2288.3	
831.91	2131.9	
832.09	4213.4	
832.26	4205.8	
832.43	2332	
832.6	2521	
832.77	4053.6	
832.94	4391.5	
833.12	2052.1	
833.29	2317.6	
833.46	3745.1	
833.63	4805.2	
833.8	2549	
833.97	2325.1	
834.15	4265.2	
834.32	4131.4	
834.49	2404.3	
834.66	2441.2	
834.83	4115.1	
835	3751.9	
835.17	2288.3	
835.35	2268.5	
835.52	4164.2	
835.69	4049.5	
835.86	2410.5	
836.03	2044.6	
836.2	4235.2	
836.37	3920.5	
836.55	2350.4	
836.72	2230.2	
836.89	3973.7	
837.06	4271.4	
837.23	2335.4	
837.4	2509.4	
837.57	4580.6	
837.75	4718.5	
837.92	2257.5	
838.09	2363.4	
838.26	4037.2	
838.43	4238.6	
838.6	2391.3	
838.77	2199.5	
838.94	4582	
839.11	4617.5	
839.29	2395.4	
839.46	1920.3	
839.63	4263.9	
839.8	4013.3	
839.97	2314.9	
840.14	2295.8	
840.31	4199.7	
840.48	4246.8	
840.65	2062.3	
840.82	2299.9	
841	4169	
841.17	4051.6	
841.34	2135.3	
841.51	2224.8	
841.68	4189.5	
841.85	3973.7	
842.02	2237.1	
842.19	2005	
842.36	4101.4	
842.53	4147.1	
842.7	2198.2	
842.87	2462.3	
843.05	4830.5	
843.22	3996.3	
843.39	2118.3	
843.56	2325.8	
843.73	3960.8	
843.9	4221.5	
844.07	3134.8	
844.24	2652.8	
844.41	5134.9	
844.58	3793.5	
844.75	2123.7	
844.92	2245.3	
845.09	4059.8	
845.26	4117.1	
845.43	2224.1	
845.6	2293	
845.77	4212.7	
845.94	4078.9	
846.12	2329.2	
846.29	2468.5	
846.46	4364.9	
846.63	4162.2	
846.8	2168.1	
846.97	2460.3	
847.14	4349.9	
847.31	4115.1	
847.48	2349	
847.65	2517	
847.82	3904.1	
847.99	4193.6	
848.16	2652.8	
848.33	2488.3	
848.5	3908.9	
848.67	4384.7	
848.84	2119.6	
849.01	2250.7	
849.18	3973.7	
849.35	3689.1	
849.52	2522.4	
849.69	2132.6	
849.86	4321.9	
850.03	4218.8	
850.2	2189.3	
850.37	2522.4	
850.54	4197.7	
850.71	3805.1	
850.88	2506	
851.05	2174.3	
851.22	4067.9	
851.39	4369.7	
851.56	2011.8	
851.73	2390	
851.9	3831.7	
852.07	4227.7	
852.24	2344.2	
852.41	2095.1	
852.58	4181.3	
852.75	3813.3	
852.92	2340.1	
853.09	2107.4	
853.26	3626.3	
853.43	4299.4	
853.6	2177	
853.77	1947.6	
853.94	4394.9	
854.11	3761.4	
854.28	2857.6	
854.44	2321	
854.61	4595.6	
854.78	4281.6	
854.95	2125.8	
855.12	2560	
855.29	3582.6	
855.46	4504.2	
855.63	2211.1	
855.8	2763.4	
855.97	3904.8	
856.14	4362.2	
856.31	2824.8	
856.48	2330.6	
856.65	4055	
856.82	3790.8	
856.99	2172.2	
857.16	2297.8	
857.33	4682.3	
857.49	3969	
857.66	2281.4	
857.83	2377.7	
858	4141	
858.17	4161.5	
858.34	2091	
858.51	2152.4	
858.68	4390.8	
858.85	4390.2	
859.02	2398.2	
859.19	2488.3	
859.36	3905.5	
859.52	3586.7	
859.69	2164.7	
859.86	2486.2	
860.03	3660.4	
860.2	4425	
860.37	2081.4	
860.54	2236.4	
860.71	4211.3	
860.88	4410	
861.05	2337.4	
861.21	2631	
861.38	4330.8	
861.55	3635.1	
861.72	2016.6	
861.89	2327.2	
862.06	4302.8	
862.23	4427	
862.4	2048.7	
862.56	2191.3	
862.73	4251.6	
862.9	4057.7	
863.07	2387.9	
863.24	2039.8	
863.41	3758	
863.58	3800.3	
863.75	2178.4	
863.91	2452.8	
864.08	4235.9	
864.25	4157.4	
864.42	2497.8	
864.59	2818	
864.76	4511.7	
864.93	3814	
865.09	2123.1	
865.26	2300.6	
865.43	4389.5	
865.6	4545.1	
865.77	1997.5	
865.94	2169.5	
866.1	4365.6	
866.27	4085.7	
866.44	2925.9	
866.61	2089.6	
866.78	4023.6	
866.95	4240.7	
867.11	2152.4	
867.28	2015.2	
867.45	4355.3	
867.62	3733.4	
867.79	2347	
867.96	2192	
868.12	3732.1	
868.29	4193.6	
868.46	2177.7	
868.63	2708.8	
868.8	4294.6	
868.97	4236.6	
869.13	2327.9	
869.3	2288.9	
869.47	4127.3	
869.64	4231.1	
869.81	2192.7	
869.97	2181.8	
870.14	4001	
870.31	4421.6	
870.48	2122.4	
870.65	2594.1	
870.81	4064.5	
870.98	4016.7	
871.15	2383.2	
871.32	2264.4	
871.48	4156.7	
871.65	4494.6	
871.82	2134.7	
871.99	2347	
872.16	4657.8	
872.32	4369.7	
872.49	2253.4	
872.66	2202.2	
872.83	4295.3	
872.99	3898	
873.16	2394.8	
873.33	2141.5	
873.5	4019.5	
873.67	4091.2	
873.83	2254.1	
874	2632.3	
874.17	4147.8	
874.34	4399.7	
874.5	2592	
874.67	2527.2	
874.84	4277.5	
875.01	3624.2	
875.17	2768.9	
875.34	2174.9	
875.51	4106.2	
875.68	4738.3	
875.84	2496.5	
876.01	2829.6	
876.18	4220.9	
876.34	4149.2	
876.51	2143.5	
876.68	2137.4	
876.85	3846.8	
877.01	4444.8	
877.18	2798.9	
877.35	2098.5	
877.52	4252.3	
877.68	3824.9	
877.85	2173.6	
878.02	2140.8	
878.18	3677.5	
878.35	3988.1	
878.52	1867.7	
878.69	2452.1	
878.85	4354	
879.02	4201.1	
879.19	2921.8	
879.35	2257.5	
879.52	4281.6	
879.69	4222.2	
879.86	1985.2	
880.02	2344.2	
880.19	4055.7	
880.36	4541.7	
880.52	2405	
880.69	2446.6	
880.86	4284.4	
881.02	4298	
881.19	2341.5	
881.36	2293.7	
881.52	4248.9	
881.69	3870	
881.86	2344.2	
882.02	2256.9	
882.19	4360.8	
882.36	4809.3	
882.52	2277.3	
882.69	2779.1	
882.86	4070	
883.02	4158.7	
883.19	2499.2	
883.36	2422.7	
883.52	4297.3	
883.69	4628.4	
883.86	2206.3	
884.02	2052.7	
884.19	4166.9	
884.36	4042.7	
884.52	2334.7	
884.69	2306	
884.86	3997.6	
885.02	4448.2	
885.19	2299.2	
885.36	2402.9	
885.52	3870	
885.69	4179.9	
885.86	2867.8	
886.02	2599.6	
886.19	4240	
886.35	3869.3	
886.52	2330.6	
886.69	2837.1	
886.85	3784.6	
887.02	4358.8	
887.19	4358.8	
887.35	4358.8	
887.52	4358.8	
887.68	4358.8	
887.85	4358.8	
888.02	4358.8	
888.18	4358.8	
888.35	4358.8	
888.51	4358.8	
888.68	4358.8	
888.85	4358.8	
889.01	4358.8	
889.18	4358.8	
889.35	4358.8	
889.51	4358.8	
889.68	4358.8	
889.84	4358.8	
890.01	4358.8	
890.17	4358.8	
890.34	4358.8	
890.51	4358.8	
890.67	4358.8	
890.84	4358.8	
891	4358.8	
891.17	4358.8	
891.34	4358.8	
891.5	4358.8	
891.67	4358.8	
891.83	4358.8	
892	4358.8	
892.16	4358.8	
892.33	4358.8	
892.5	4358.8	
892.66	4358.8	
892.83	4358.8	
892.99	4358.8	
893.16	4358.8	
893.32	4358.8	
893.49	4358.8	
893.65	4358.8	
893.82	4358.8	
893.99	4358.8	
894.15	4358.8	
894.32	4358.8	
894.48	4358.8	
894.65	4358.8	
894.81	4358.8	
894.98	4358.8	
895.14	4358.8	
895.31	4358.8	
895.47	4358.8	
895.64	4358.8	
895.81	4358.8	
895.97	4358.8	
896.14	4358.8	
896.3	4358.8	
896.47	4358.8	
896.63	4358.8	
896.8	4358.8	
896.96	4358.8	
897.13	4358.8	
897.29	4358.8	
897.46	4358.8	
897.62	4358.8	
897.79	4358.8	
897.95	4358.8	
898.12	4358.8	
898.28	4358.8	
898.45	4358.8	
898.61	4358.8	
898.78	4358.8	
898.94	4358.8	
899.11	4358.8	
899.27	4358.8	
899.44	4358.8	
899.6	4358.8	
899.77	4358.8	
899.93	4358.8	
900.1	4358.8	
900.26	4358.8	
900.43	4358.8	
900.59	4358.8	
900.76	4358.8	
900.92	4358.8	
901.09	4358.8	
901.25	4358.8	
901.42	4358.8	
901.58	4358.8	
901.75	4358.8	
901.91	4358.8	
902.07	4358.8	
902.24	4358.8	
902.4	4358.8	
902.57	4358.8	
902.73	4358.8	
902.9	4358.8	
903.06	4358.8	
903.23	4358.8	
903.39	4358.8	
903.56	4358.8	
903.72	4358.8	
903.88	4358.8	
904.05	4358.8	
904.21	4358.8	
904.38	4358.8	
904.54	4358.8	
904.71	4358.8	
904.87	4358.8	
905.03	4358.8	
905.2	4358.8	
905.36	4358.8	
905.53	4358.8	
905.69	4358.8	
905.86	4358.8	
906.02	4358.8	
906.18	4358.8	
906.35	4358.8	
906.51	4358.8	
906.68	4358.8	
906.84	4358.8	
907.01	4358.8	
907.17	4358.8	
907.33	4358.8	
907.5	4358.8	
907.66	4358.8	
907.83	4358.8	
907.99	4358.8	
908.15	4358.8	
908.32	4358.8	
908.48	4358.8	
908.65	4358.8	
908.81	4358.8	
908.97	4358.8	
909.14	4358.8	
909.3	4358.8	
909.47	4358.8	
909.63	4358.8	
909.79	4358.8	
909.96	4358.8	
910.12	4358.8	
910.28	4358.8	
910.45	4358.8	
910.61	4358.8	
910.78	4358.8	
910.94	4358.8	
911.1	4358.8	
911.27	4358.8	
911.43	4358.8	
911.59	4358.8	
911.76	4358.8	
911.92	4358.8	
912.08	4358.8	
912.25	4358.8	
912.41	4358.8	
912.57	4358.8	
912.74	4358.8	
912.9	4358.8	
913.07	4358.8	
913.23	4358.8	
913.39	4358.8	
913.56	4358.8	
913.72	4358.8	
913.88	4358.8	
914.05	4358.8	
914.21	4358.8	
914.37	4358.8	
914.54	4358.8	
914.7	4358.8	
914.86	4358.8	
915.03	4358.8	
915.19	4358.8	
