Wavelength	Intensities	
nm	a.u.	
179.22	1822.4	
179.44	1809	
179.65	1835.7	
179.86	1782.4	
180.08	1802.2	
180.29	4293.9	
180.51	3220.1	
180.72	5224.4	
180.94	6025.1	
181.15	2927.2	
181.37	2923.8	
181.58	5113.1	
181.79	5362.3	
182.01	3102	
182.22	3229.6	
182.44	5325.4	
182.65	4539	
182.87	4032.5	
183.08	3545.7	
183.29	5633.3	
183.51	4715.1	
183.72	3329.3	
183.94	4666.6	
184.15	5053	
184.37	5087.2	
184.58	2945	
184.79	3894.6	
185.01	4693.9	
185.22	5317.2	
185.44	4098	
185.65	3511.6	
185.86	5027.1	
186.08	4617.5	
186.29	2841.9	
186.51	3054.9	
186.72	4711.7	
186.94	5510.4	
187.15	3558.7	
187.36	3638.6	
187.58	6977.4	
187.79	5091.3	
188.01	3702.7	
188.22	5654.4	
188.43	6034.7	
188.65	5264	
188.86	3028.9	
189.08	3622.9	
189.29	4863.2	
189.5	4812	
189.72	3360.7	
189.93	3390.8	
190.15	5485.8	
190.36	6429.3	
190.57	3674.7	
190.79	3559.4	
191	5554.1	
191.22	5527.5	
191.43	3681.6	
191.64	3082.2	
191.86	5744.6	
192.07	5594.4	
192.29	3172.3	
192.5	3403.7	
192.71	5567.7	
192.93	4829.1	
193.14	3327.3	
193.35	3367.5	
193.57	4829.1	
193.78	5577.3	
194	2711.5	
194.21	3323.2	
194.42	4597.7	
194.64	5029.1	
194.85	3544.4	
195.07	4159.4	
195.28	5052.3	
195.49	4422.9	
195.71	4356.7	
195.92	3136.1	
196.13	5226.4	
196.35	5279	
196.56	4646.8	
196.78	3590.1	
196.99	6483.9	
197.2	6044.9	
197.42	4024.9	
197.63	3674.1	
197.84	4546.5	
198.06	5203.2	
198.27	3328.6	
198.48	4410	
198.7	4867.3	
198.91	4932.9	
199.13	3633.1	
199.34	3657	
199.55	5414.1	
199.77	4389.5	
199.98	3231.7	
200.19	3656.3	
200.41	4902.8	
200.62	4691.2	
200.83	3738.2	
201.05	4027.7	
201.26	4999.8	
201.47	4747.2	
201.69	3259	
201.9	3147.7	
202.11	5032.5	
202.33	5868.1	
202.54	3510.9	
202.76	3850.2	
202.97	5126.1	
203.18	5130.2	
203.4	3814.7	
203.61	3717.7	
203.82	5085.8	
204.04	4706.9	
204.25	3680.2	
204.46	3614	
204.68	5027.8	
204.89	5213.4	
205.1	3544.4	
205.32	3127.9	
205.53	5390.9	
205.74	5453.7	
205.96	2701.3	
206.17	3646.7	
206.38	5341.8	
206.6	5445.5	
206.81	4124.6	
207.02	3383.9	
207.24	5254.4	
207.45	5593	
207.66	3436.5	
207.88	2952.5	
208.09	5193	
208.3	4995.7	
208.52	3231	
208.73	3525.9	
208.94	5051.7	
209.15	5673.6	
209.37	3479.5	
209.58	3689.1	
209.79	5444.9	
210.01	4851	
210.22	2843.9	
210.43	2963.4	
210.65	5001.1	
210.86	5378.6	
211.07	3437.2	
211.29	3200.3	
211.5	5339.7	
211.71	5028.4	
211.93	3224.2	
212.14	3194.1	
212.35	4966.3	
212.56	5170.4	
212.78	3635.8	
212.99	3018.7	
213.2	5845.6	
213.42	4868	
213.63	3254.9	
213.84	3560.1	
214.06	4519.2	
214.27	4634.6	
214.48	3457.7	
214.69	3714.3	
214.91	5635.3	
215.12	5713.8	
215.33	3692.5	
215.55	4040	
215.76	6136.4	
215.97	5365	
216.18	3553.9	
216.4	3497.2	
216.61	4691.9	
216.82	5411.4	
217.04	3268.6	
217.25	3314.3	
217.46	5543.2	
217.67	5346.6	
217.89	2921.8	
218.1	3005.7	
218.31	5111.7	
218.53	5219.6	
218.74	3379.1	
218.95	3227.6	
219.16	5017.5	
219.38	5797.8	
219.59	3262.4	
219.8	3807.9	
220.01	6343.9	
220.23	5098.8	
220.44	4210.6	
220.65	3138.2	
220.87	5090.6	
221.08	5632.6	
221.29	3026.9	
221.5	3988.8	
221.72	6685.3	
221.93	4801.1	
222.14	3594.2	
222.35	4287.8	
222.57	5084.4	
222.78	5406	
222.99	3478.8	
223.2	3694.5	
223.42	5272.2	
223.63	5356.8	
223.84	2697.2	
224.05	2740.2	
224.27	6276.3	
224.48	5751.4	
224.69	4280.3	
224.9	3691.1	
225.12	5234.6	
225.33	5038	
225.54	2914.9	
225.75	3251.5	
225.97	4673.5	
226.18	4944.5	
226.39	3511.6	
226.6	3284.3	
226.82	4799.1	
227.03	4709	
227.24	3620.8	
227.45	3012.6	
227.67	5389.6	
227.88	5879	
228.09	4046.8	
228.3	4014	
228.52	5437.4	
228.73	4980	
228.94	3365.5	
229.15	3066.5	
229.36	5027.8	
229.58	4961.5	
229.79	3407.1	
230	3984	
230.21	5968.5	
230.43	5072.8	
230.64	3608.5	
230.85	3729.4	
231.06	5390.3	
231.28	5373.2	
231.49	3007.1	
231.7	3579.8	
231.91	5282.4	
232.12	5028.4	
232.34	3124.5	
232.55	3496.6	
232.76	5580.7	
232.97	5171.8	
233.18	3263.8	
233.4	3622.2	
233.61	5270.1	
233.82	4815.5	
234.03	3330	
234.25	3324.5	
234.46	6822.5	
234.67	5083.1	
234.88	3728	
235.09	3263.1	
235.31	5252.4	
235.52	4909.7	
235.73	3643.3	
235.94	3136.1	
236.15	4804.5	
236.37	5957.5	
236.58	3178.4	
236.79	3493.8	
237	5313.8	
237.21	4589.5	
237.43	3762.8	
237.64	2974.3	
237.85	8643.8	
238.06	4666	
238.27	3772.4	
238.48	3056.9	
238.7	5377.3	
238.91	4919.2	
239.12	3446.7	
239.33	3524.6	
239.54	4698.7	
239.76	4956.1	
239.97	3429	
240.18	3456.3	
240.39	6109.1	
240.6	5221.6	
240.82	3590.1	
241.03	2996.2	
241.24	5023.7	
241.45	5804.6	
241.66	3247.4	
241.87	3782.6	
242.09	5677	
242.3	5906.3	
242.51	3778.5	
242.72	3472.7	
242.93	5416.2	
243.14	4993.6	
243.36	3999	
243.57	4246.8	
243.78	5763.7	
243.99	5383.4	
244.2	3465.8	
244.41	3192.1	
244.63	4701.5	
244.84	5275.6	
245.05	3741.6	
245.26	3517	
245.47	5300.1	
245.68	5477.6	
245.9	4544.4	
246.11	3648.1	
246.32	4909.7	
246.53	5227.1	
246.74	5587.5	
246.95	2972.3	
247.16	4681	
247.38	5054.4	
247.59	2995.5	
247.8	3504.1	
248.01	4761.5	
248.22	4975.2	
248.43	3150.5	
248.64	3380.5	
248.86	4579.3	
249.07	4816.8	
249.28	3127.9	
249.49	3643.3	
249.7	5509.7	
249.91	5598.5	
250.12	2964.8	
250.34	3067.2	
250.55	5173.9	
250.76	5037.3	
250.97	3624.2	
251.18	3624.2	
251.39	5649	
251.6	5178.6	
251.81	3697.3	
252.03	3666.5	
252.24	4825.7	
252.45	5464.7	
252.66	3080.1	
252.87	3758	
253.08	5047.6	
253.29	6383.5	
253.5	3087	
253.72	4212.7	
253.93	4919.2	
254.14	5890.6	
254.35	3347.7	
254.56	3407.1	
254.77	5272.8	
254.98	4745.8	
255.19	3293.8	
255.41	4117.8	
255.62	5190.9	
255.83	5604.6	
256.04	3728	
256.25	3573	
256.46	6096.1	
256.67	4746.5	
256.88	3601.7	
257.09	3993.5	
257.31	4716.5	
257.52	4787.5	
257.73	4471.4	
257.94	3312.2	
258.15	4992.3	
258.36	5063.9	
258.57	4121.9	
258.78	2707.4	
258.99	5460.6	
259.2	4863.9	
259.41	3342.3	
259.63	3456.3	
259.84	5722.7	
260.05	6057.9	
260.26	4332.1	
260.47	3228.3	
260.68	5561.6	
260.89	4991.6	
261.1	4005.1	
261.31	3157.3	
261.52	5531.6	
261.73	5853.8	
261.95	4219.5	
262.16	3737.5	
262.37	5616.2	
262.58	5698.8	
262.79	4222.2	
263	3396.9	
263.21	5039.4	
263.42	4924.7	
263.63	3459.7	
263.84	3383.9	
264.05	5595.1	
264.26	5816.9	
264.47	4082.3	
264.69	3781.2	
264.9	5644.9	
265.11	5238	
265.32	3222.1	
265.53	3325.9	
265.74	5132.2	
265.95	4528.1	
266.16	3529.3	
266.37	3874.1	
266.58	5178.6	
266.79	4853.7	
267	3279.5	
267.21	3123.8	
267.42	4643.4	
267.63	5054.4	
267.84	3453.6	
268.06	3032.4	
268.27	5410.1	
268.48	5687.9	
268.69	3402.4	
268.9	3960.1	
269.11	5644.9	
269.32	4584	
269.53	3495.2	
269.74	3252.9	
269.95	5263.3	
270.16	4520.5	
270.37	3523.9	
270.58	4002.4	
270.79	4924	
271	5449	
271.21	3753.9	
271.42	3503.4	
271.63	5218.2	
271.84	4668.7	
272.05	2830.3	
272.26	3173.7	
272.47	5028.4	
272.68	5239.4	
272.89	3368.2	
273.11	3861.1	
273.32	4859.8	
273.53	5808	
273.74	3793.5	
273.95	3642.7	
274.16	5586.9	
274.37	5104.2	
274.58	3795.6	
274.79	3130	
275	5201.2	
275.21	5620.3	
275.42	4505.5	
275.63	3910.3	
275.84	5313.1	
276.05	6481.1	
276.26	3641.3	
276.47	3441.3	
276.68	4948.6	
276.89	5842.2	
277.1	3920.5	
277.31	3123.2	
277.52	5205.3	
277.73	5461.2	
277.94	3037.8	
278.15	3397.6	
278.36	5228.5	
278.57	4823.6	
278.78	3348.4	
278.99	3800.3	
279.2	4812	
279.41	4651.6	
279.62	4335.5	
279.83	3149.1	
280.04	6109.8	
280.25	4666.6	
280.46	4373.8	
280.67	3490.4	
280.88	4742.4	
281.09	5627.8	
281.3	3609.2	
281.51	4607.2	
281.72	4795.7	
281.93	5429.2	
282.14	3250.1	
282.35	3526.6	
282.56	5485.8	
282.77	5431.9	
282.98	3409.2	
283.19	4074.1	
283.4	6520.7	
283.61	4997	
283.82	3187.3	
284.03	4231.1	
284.24	5215.5	
284.45	5528.8	
284.66	4300.1	
284.87	4060.4	
285.08	5566.4	
285.29	5638.1	
285.5	2996.9	
285.71	3401	
285.92	5584.8	
286.12	6102.3	
286.33	4284.4	
286.54	3360	
286.75	5442.1	
286.96	4978.6	
287.17	3150.5	
287.38	4177.2	
287.59	4773.1	
287.8	4726.7	
288.01	3433.8	
288.22	3914.4	
288.43	5453.1	
288.64	4594.3	
288.85	4086.4	
289.06	3844.7	
289.27	5425.1	
289.48	5828.5	
289.69	4317.1	
289.9	3902.7	
290.11	5565.7	
290.32	4848.2	
290.53	4089.8	
290.74	3761.4	
290.94	5418.2	
291.15	5519.3	
291.36	3262.4	
291.57	3898	
291.78	4904.9	
291.99	4585.4	
292.2	3192.8	
292.41	3761.4	
292.62	5542.5	
292.83	5433.3	
293.04	4564.2	
293.25	3218.7	
293.46	4902.8	
293.67	5535.7	
293.88	3297.9	
294.09	3157.3	
294.29	4659.8	
294.5	5214.1	
294.71	3498.6	
294.92	3401	
295.13	4872.8	
295.34	6034	
295.55	3000.3	
295.76	2932.7	
295.97	5422.3	
296.18	6014.2	
296.39	3177.8	
296.6	3364.8	
296.81	5154.7	
297.01	5464	
297.22	3434.4	
297.43	3372.3	
297.64	4797.7	
297.85	4745.8	
298.06	2767.5	
298.27	2961.4	
298.48	5042.1	
298.69	4795.7	
298.9	3594.9	
299.11	3293.1	
299.31	4627	
299.52	4670.7	
299.73	3791.5	
299.94	3664.5	
300.15	5081.7	
300.36	4777.2	
300.57	3704.8	
300.78	3689.8	
300.99	4962.9	
301.2	5134.3	
301.4	3300.6	
301.61	3564.8	
301.82	5384.1	
302.03	5454.4	
302.24	3945.8	
302.45	3137.5	
302.66	5332.2	
302.87	5683.1	
303.08	3312.9	
303.29	4448.2	
303.49	4810	
303.7	5014.1	
303.91	2984.6	
304.12	4227.7	
304.33	4626.4	
304.54	5219.6	
304.75	3325.2	
304.96	3219.4	
305.16	5369.8	
305.37	5980.1	
305.58	2938.8	
305.79	3007.8	
306	5313.1	
306.21	4567	
306.42	3296.5	
306.63	4967	
306.83	4915.1	
307.04	5504.3	
307.25	3622.9	
307.46	3629.7	
307.67	4411.3	
307.88	5447.6	
308.09	3272	
308.29	3391.4	
308.5	5104.2	
308.71	5528.2	
308.92	3502.7	
309.13	3180.5	
309.34	4993.6	
309.55	5002.5	
309.75	4092.5	
309.96	3708.9	
310.17	5429.8	
310.38	4784.1	
310.59	3866.6	
310.8	3152.5	
311.01	4956.8	
311.21	4992.3	
311.42	3192.8	
311.63	3232.4	
311.84	4844.8	
312.05	5159.5	
312.26	3683.6	
312.46	3996.3	
312.67	4941.7	
312.88	4668.7	
313.09	3175.7	
313.3	3158.7	
313.51	5681.7	
313.71	6034	
313.92	3233.7	
314.13	3373.7	
314.34	5242.8	
314.55	4999.8	
314.76	4020.2	
314.96	3551.2	
315.17	5207.3	
315.38	5329.5	
315.59	3215.3	
315.8	3058.3	
316.01	5748	
316.21	5795.1	
316.42	3127.9	
316.63	3525.2	
316.84	4947.9	
317.05	5571.8	
317.26	3777.8	
317.46	3368.2	
317.67	4975.2	
317.88	5377.3	
318.09	4025.6	
318.3	3011.2	
318.5	4842.8	
318.71	5321.3	
318.92	5087.2	
319.13	3811.3	
319.34	5565.7	
319.54	5612.8	
319.75	2980.5	
319.96	2875.3	
320.17	5405.3	
320.38	5520	
320.58	2964.8	
320.79	3466.5	
321	5558.9	
321.21	5592.3	
321.42	3496.6	
321.62	2964.8	
321.83	4717.2	
322.04	5065.3	
322.25	3389.4	
322.46	3202.3	
322.66	5126.1	
322.87	5337	
323.08	3924.6	
323.29	3189.4	
323.5	5944.6	
323.7	4653.7	
323.91	4244.8	
324.12	3878.2	
324.33	5165.7	
324.53	5354.1	
324.74	3736.9	
324.95	3890.5	
325.16	4546.5	
325.37	4938.3	
325.57	3226.2	
325.78	3236.5	
325.99	5152	
326.2	4603.2	
326.4	4437.9	
326.61	3003	
326.82	5002.5	
327.03	5196.4	
327.24	4499.4	
327.44	4199.7	
327.65	5288.5	
327.86	4373.1	
328.07	3743.7	
328.27	3114.3	
328.48	5666	
328.69	4701.5	
328.9	4552.6	
329.1	3435.1	
329.31	5004.6	
329.52	5772.5	
329.73	3238.5	
329.93	3506.1	
330.14	5095.3	
330.35	5276.3	
330.56	5175.2	
330.76	3940.3	
330.97	4943.1	
331.18	5339.7	
331.39	3577.1	
331.59	2934.1	
331.8	5552	
332.01	5726.1	
332.22	3334.8	
332.42	3725.3	
332.63	5222.3	
332.84	4771.8	
333.05	3580.5	
333.25	3274.7	
333.46	4870.8	
333.67	5053	
333.88	3366.9	
334.08	3720.5	
334.29	7206.1	
334.5	5615.5	
334.7	3147	
334.91	4484.4	
335.12	4638.6	
335.33	5395	
335.53	3523.9	
335.74	5061.2	
335.95	4898.7	
336.16	4722.6	
336.36	3547.8	
336.57	4110.3	
336.78	4676.9	
336.98	5558.2	
337.19	4358.1	
337.4	3440.6	
337.61	6023.8	
337.81	4653.7	
338.02	3295.9	
338.23	4170.3	
338.43	5721.3	
338.64	4773.8	
338.85	3265.8	
339.05	4175.1	
339.26	5782.1	
339.47	4566.3	
339.68	3276.8	
339.88	4631.1	
340.09	5289.2	
340.3	5500.2	
340.5	3770.3	
340.71	2944.3	
340.92	4665.3	
341.13	5659.9	
341.33	3087.7	
341.54	3759.4	
341.75	5266	
341.95	4966.3	
342.16	3567.6	
342.37	3888.4	
342.57	4719.2	
342.78	5058.5	
342.99	3981.9	
343.19	2951.8	
343.4	5447.6	
343.61	5245.5	
343.81	3417.4	
344.02	3118.4	
344.23	5434.6	
344.43	5752.7	
344.64	4074.1	
344.85	3855	
345.06	5298.8	
345.26	5605.3	
345.47	3736.2	
345.68	4332.1	
345.88	4539.7	
346.09	5451	
346.3	3809.9	
346.5	2870.6	
346.71	5062.6	
346.92	4853	
347.12	2996.2	
347.33	3689.1	
347.54	5518.6	
347.74	5890.6	
347.95	3720.5	
348.16	2793.4	
348.36	4929.5	
348.57	4674.1	
348.78	3724.6	
348.98	3898.6	
349.19	5012.1	
349.39	4582	
349.6	3046.7	
349.81	3300.6	
350.01	5376.6	
350.22	4785.4	
350.43	3572.3	
350.63	4239.3	
350.84	5106.3	
351.05	4851	
351.25	3300	
351.46	2952.5	
351.67	5539.1	
351.87	4784.7	
352.08	3465.8	
352.29	3904.8	
352.49	5469.4	
352.7	5538.4	
352.9	3190.7	
353.11	3887.7	
353.32	6001.2	
353.52	4923.3	
353.73	3193.5	
353.94	3974.4	
354.14	5317.9	
354.35	5109.7	
354.55	3229	
354.76	3525.2	
354.97	5283.8	
355.17	5074.2	
355.38	3126.6	
355.59	4188.8	
355.79	4805.2	
356	5133.6	
356.2	3556	
356.41	3163.4	
356.62	4581.3	
356.82	5018.9	
357.03	3822.9	
357.24	3474.7	
357.44	4888.5	
357.65	4934.2	
357.85	4456.4	
358.06	3650.2	
358.27	4618.9	
358.47	4817.5	
358.68	3065.8	
358.88	3820.1	
359.09	5268.7	
359.3	5577.3	
359.5	4404.5	
359.71	3932.8	
359.91	5934.3	
360.12	5417.6	
360.33	3796.9	
360.53	4237.2	
360.74	4827.7	
360.94	4893.3	
361.15	4012	
361.36	3327.9	
361.56	5603.2	
361.77	5086.5	
361.97	4406.5	
362.18	3543	
362.38	5618.9	
362.59	4761.5	
362.8	3369.6	
363	3144.3	
363.21	4622.3	
363.41	5134.3	
363.62	3741	
363.83	4627	
364.03	5302.9	
364.24	6018.3	
364.44	4664.6	
364.65	4549.2	
364.85	5098.8	
365.06	4782.7	
365.27	3409.2	
365.47	3530.7	
365.68	5989.6	
365.88	5088.5	
366.09	3838.6	
366.29	3556.6	
366.5	5254.4	
366.71	5656.5	
366.91	4682.3	
367.12	3972.4	
367.32	6166.4	
367.53	5481.7	
367.73	3916.4	
367.94	4754	
368.14	5530.9	
368.35	6241.5	
368.56	3894.6	
368.76	3386	
368.97	5597.1	
369.17	7006.8	
369.38	3502	
369.58	3787.4	
369.79	4752	
369.99	5937.7	
370.2	4620.9	
370.4	3843.4	
370.61	5369.1	
370.82	6410.1	
371.02	3791.5	
371.23	3198.2	
371.43	4752.7	
371.64	5895.4	
371.84	3779.2	
372.05	4867.3	
372.25	6991.1	
372.46	5616.2	
372.66	3814	
372.87	3775.1	
373.07	5692	
373.28	7021.8	
373.48	4657.1	
373.69	4388.1	
373.9	5304.9	
374.1	5294	
374.31	4617.5	
374.51	4207.2	
374.72	5996.5	
374.92	5036	
375.13	4805.2	
375.33	4159.4	
375.54	5689.3	
375.74	5193	
375.95	4244.8	
376.15	5121.3	
376.36	5662	
376.56	5532.9	
376.77	4326	
376.97	4644.1	
377.18	6582.9	
377.38	5807.4	
377.59	4918.5	
377.79	3852.9	
378	5603.2	
378.2	6010.8	
378.41	4007.9	
378.61	3829	
378.82	6087.9	
379.02	5293.3	
379.23	4080.2	
379.43	5030.5	
379.64	6135	
379.84	5778	
380.05	3927.3	
380.25	3905.5	
380.46	5879	
380.66	5453.7	
380.87	5127.4	
381.07	5357.5	
381.28	6400.6	
381.48	5909.1	
381.69	4020.2	
381.89	4022.9	
382.1	4984.8	
382.3	5991.7	
382.51	4914.4	
382.71	5696.8	
382.91	5878.4	
383.12	6298.9	
383.32	4309.6	
383.53	4473.4	
383.73	5764.3	
383.94	5591	
384.14	4480.3	
384.35	3723.9	
384.55	5466	
384.76	5896.8	
384.96	4287.1	
385.17	4537.6	
385.37	5924.8	
385.58	5303.6	
385.78	4517.1	
385.98	3639.9	
386.19	5418.9	
386.39	5761.6	
386.6	4142.4	
386.8	4276.2	
387.01	5933.6	
387.21	5978	
387.42	4655	
387.62	5098.1	
387.83	5330.9	
388.03	5834	
388.23	4427.7	
388.44	5020.9	
388.64	5022.3	
388.85	5202.5	
389.05	4636.6	
389.26	5199.8	
389.46	6872.3	
389.67	6330.3	
389.87	4726.7	
390.07	4729.4	
390.28	5663.3	
390.48	5283.1	
390.69	4083.6	
390.89	4388.1	
391.1	5547.9	
391.3	6235.4	
391.5	5354.8	
391.71	5837.4	
391.91	6120	
392.12	6939.2	
392.32	5444.2	
392.53	4822.3	
392.73	5608	
392.93	5778.7	
393.14	4502.1	
393.34	5195	
393.55	6127.5	
393.75	5793	
393.95	4543.8	
394.16	4412	
394.36	5597.1	
394.57	6191	
394.77	4090.5	
394.98	4425	
395.18	5624.4	
395.38	5767.8	
395.59	5268.1	
395.79	4319.2	
396	5742.5	
396.2	6070.2	
396.4	5177.3	
396.61	5058.5	
396.81	6343.9	
397.02	5768.4	
397.22	5299.5	
397.42	5347.9	
397.63	6399.2	
397.83	5694	
398.04	4408.6	
398.24	4868.7	
398.44	6192.4	
398.65	5390.3	
398.85	4336.2	
399.05	4412	
399.26	5788.9	
399.46	7266.9	
399.67	4783.4	
399.87	4584.7	
400.07	6089.3	
400.28	6339.8	
400.48	4679.6	
400.69	5538.4	
400.89	6688.7	
401.09	6969.9	
401.3	4672.1	
401.5	5555.5	
401.7	7202.7	
401.91	7366.5	
402.11	4969.7	
402.32	5137	
402.52	6669.6	
402.72	6586.3	
402.93	5353.4	
403.13	4311	
403.33	7413	
403.54	6151.4	
403.74	4992.3	
403.94	5814.9	
404.15	6329.6	
404.35	7389.1	
404.56	4871.4	
404.76	6374.6	
404.96	6656.6	
405.17	6424.5	
405.37	5978	
405.57	5367	
405.78	6725.5	
405.98	6195.1	
406.18	4894	
406.39	5707.7	
406.59	6702.3	
406.79	6374.6	
407	4762.2	
407.2	4866	
407.4	6841.6	
407.61	7000	
407.81	4958.8	
408.01	6677.1	
408.22	5997.8	
408.42	7675.8	
408.62	6050.4	
408.83	5551.4	
409.03	6642.9	
409.23	6552.8	
409.44	5689.3	
409.64	6010.1	
409.84	7598.6	
410.05	7617.8	
410.25	5934.3	
410.45	5712.5	
410.66	7241.6	
410.86	9366.7	
411.06	6236.1	
411.27	6154.1	
411.47	9286.2	
411.67	7507.9	
411.88	6386.9	
412.08	6741.2	
412.28	8097.7	
412.49	8513.4	
412.69	6324.1	
412.89	6320	
413.09	8408.3	
413.3	8356.4	
413.5	6550.8	
413.7	6215.6	
413.91	7824.6	
414.11	8486.8	
414.31	6457.2	
414.52	6839.5	
414.72	8196	
414.92	8273.1	
415.12	6426.5	
415.33	6894.8	
415.53	8579.6	
415.73	8706.6	
415.94	7239.6	
416.14	6770.6	
416.34	7830.1	
416.55	7465.5	
416.75	7823.9	
416.95	7392.5	
417.15	8755.1	
417.36	9295.7	
417.56	8092.9	
417.76	7283.3	
417.97	9035.6	
418.17	8786.5	
418.37	6918	
418.57	7076.4	
418.78	8585.8	
418.98	8318.2	
419.18	7769.3	
419.38	7634.8	
419.59	8396	
419.79	7987.8	
419.99	6965.8	
420.2	7292.8	
420.4	8802.9	
420.6	8959.2	
420.8	6799.3	
421.01	6744.6	
421.21	8710	
421.41	8841.8	
421.61	7260.7	
421.82	6993.8	
422.02	8391.2	
422.22	9072.5	
422.42	7640.3	
422.63	7256.6	
422.83	8415.8	
423.03	9520.3	
423.23	7357	
423.44	6497.5	
423.64	8447.2	
423.84	8083.3	
424.04	6959	
424.25	6466.1	
424.45	9084.8	
424.65	9065	
424.85	6389	
425.06	6968.6	
425.26	9213.1	
425.46	8273.1	
425.66	7286	
425.87	6986.3	
426.07	8902.5	
426.27	8761.9	
426.47	7156.3	
426.67	6554.9	
426.88	9267.1	
427.08	8770.1	
427.28	7451.2	
427.48	6470.2	
427.69	7830.7	
427.89	8447.9	
428.09	7427.3	
428.29	6680.5	
428.5	9007	
428.7	8687.5	
428.9	6520.7	
429.1	6996.5	
429.3	8593.3	
429.51	8879.3	
429.71	6898.9	
429.91	7613.7	
430.11	8899.1	
430.31	9449.3	
430.52	7301.7	
430.72	7496.2	
430.92	9451.4	
431.12	9047.9	
431.32	6997.2	
431.53	7294.9	
431.73	8143.4	
431.93	9497.8	
432.13	6946	
432.33	6912.6	
432.54	8596	
432.74	8912.1	
432.94	6863.4	
433.14	7633.5	
433.34	9087.5	
433.55	8809.7	
433.75	7727.7	
433.95	9372.9	
434.15	8966	
434.35	8822.6	
434.56	7049.8	
434.76	6817	
434.96	8934.6	
435.16	9361.9	
435.36	7103	
435.56	8206.9	
435.77	8858.1	
435.97	8974.2	
436.17	8725.7	
436.37	8109.3	
436.57	8862.9	
436.78	8891.6	
436.98	7987.1	
437.18	8578.9	
437.38	9529.2	
437.58	9009	
437.78	8664.3	
437.99	7553.6	
438.19	9457.5	
438.39	10765	
438.59	7589.8	
438.79	7107.8	
438.99	10030	
439.2	8937.3	
439.4	7098.3	
439.6	7213.6	
439.8	9302.6	
440	10361	
440.2	8282.7	
440.4	8314.8	
440.61	9845.3	
440.81	10303	
441.01	7599.3	
441.21	8483.4	
441.41	10359	
441.61	9787.9	
441.81	8813.8	
442.02	9704	
442.22	10748	
442.42	10068	
442.62	7810.3	
442.82	7825.3	
443.02	10449	
443.22	9811.8	
443.43	8409	
443.63	7859.4	
443.83	9491.7	
444.03	9584.5	
444.23	9196.7	
444.43	8578.3	
444.63	10014	
444.83	10972	
445.04	8202.8	
445.24	9349.7	
445.44	10270	
445.64	10316	
445.84	8802.9	
446.04	8851.3	
446.24	9575.6	
446.44	10514	
446.65	8006.2	
446.85	8499.1	
447.05	9507.4	
447.25	10511	
447.45	8488.8	
447.65	7957	
447.85	9944.3	
448.05	9501.2	
448.25	8956.4	
448.46	8729.1	
448.66	9974.3	
448.86	9686.2	
449.06	7980.9	
449.26	8921	
449.46	10361	
449.66	9514.2	
449.86	8737.3	
450.06	8606.2	
450.26	9767.4	
450.47	10210	
450.67	8688.8	
450.87	9151.7	
451.07	10398	
451.27	10239	
451.47	8162.5	
451.67	8910	
451.87	10050	
452.07	10927	
452.27	8714.8	
452.47	8452.6	
452.67	10326	
452.88	10694	
453.08	7947.5	
453.28	9683.5	
453.48	11583	
453.68	10193	
453.88	8584.4	
454.08	8795.3	
454.28	10839	
454.48	10417	
454.68	9303.2	
454.88	9671.9	
455.08	10876	
455.28	10864	
455.48	8578.3	
455.68	9271.8	
455.89	11409	
456.09	11202	
456.29	9033.6	
456.49	9226.1	
456.69	11398	
456.89	10745	
457.09	9684.8	
457.29	10093	
457.49	11249	
457.69	11470	
457.89	9854.8	
458.09	9172.2	
458.29	11123	
458.49	11639	
458.69	10141	
458.89	9676	
459.09	12084	
459.29	12166	
459.49	9737.4	
459.69	10535	
459.9	11637	
460.1	11505	
460.3	9660.3	
460.5	9557.2	
460.7	11855	
460.9	11544	
461.1	9398.1	
461.3	10596	
461.5	12605	
461.7	12265	
461.9	10159	
462.1	10286	
462.3	11989	
462.5	12465	
462.7	10177	
462.9	10348	
463.1	13368	
463.3	13261	
463.5	10577	
463.7	11609	
463.9	12458	
464.1	12723	
464.3	11095	
464.5	11112	
464.7	13221	
464.9	13079	
465.1	12407	
465.3	11553	
465.5	13375	
465.7	13571	
465.9	12052	
466.1	11555	
466.3	13596	
466.5	13176	
466.7	12759	
466.9	11567	
467.1	13469	
467.3	14257	
467.5	12817	
467.7	11784	
467.9	14446	
468.1	15243	
468.3	12439	
468.5	12843	
468.7	13710	
468.9	13588	
469.1	12155	
469.3	12941	
469.5	15429	
469.7	13390	
469.9	12547	
470.1	12223	
470.3	13774	
470.5	13790	
470.7	13224	
470.9	12125	
471.1	13710	
471.3	13917	
471.5	12061	
471.69	13500	
471.89	13427	
472.09	13028	
472.29	12790	
472.49	12702	
472.69	13414	
472.89	13926	
473.09	12005	
473.29	11891	
473.49	13496	
473.69	13401	
473.89	12751	
474.09	12180	
474.29	14562	
474.49	14198	
474.69	12863	
474.89	12182	
475.09	13412	
475.29	13681	
475.49	11670	
475.69	12116	
475.88	14798	
476.08	13966	
476.28	11688	
476.48	11813	
476.68	14091	
476.88	13799	
477.08	11921	
477.28	12140	
477.48	13454	
477.68	13861	
477.88	11859	
478.08	11843	
478.28	14444	
478.48	13581	
478.67	12242	
478.87	11396	
479.07	14381	
479.27	13710	
479.47	12351	
479.67	12333	
479.87	14145	
480.07	14683	
480.27	11956	
480.47	13248	
480.67	13763	
480.87	14673	
481.06	12018	
481.26	12803	
481.46	14027	
481.66	13871	
481.86	12555	
482.06	13345	
482.26	13720	
482.46	14543	
482.66	12458	
482.86	12198	
483.05	14157	
483.25	13556	
483.45	14735	
483.65	12596	
483.85	13920	
484.05	14139	
484.25	12945	
484.45	13659	
484.65	14839	
484.84	15138	
485.04	12848	
485.24	12673	
485.44	15257	
485.64	13902	
485.84	12407	
486.04	13551	
486.24	14315	
486.44	14605	
486.63	12407	
486.83	13282	
487.03	14435	
487.23	14700	
487.43	12531	
487.63	14734	
487.83	14797	
488.02	15743	
488.22	13571	
488.42	14181	
488.62	15508	
488.82	14693	
489.02	13168	
489.22	13574	
489.41	15472	
489.61	15331	
489.81	13099	
490.01	13209	
490.21	15608	
490.41	16376	
490.61	13285	
490.8	13366	
491	15316	
491.2	14556	
491.4	13882	
491.6	13070	
491.8	14989	
491.99	15158	
492.19	12981	
492.39	13224	
492.59	15600	
492.79	15682	
492.99	14212	
493.18	13416	
493.38	15810	
493.58	17000	
493.78	14358	
493.98	13983	
494.18	15928	
494.37	15595	
494.57	14897	
494.77	14765	
494.97	16596	
495.17	16911	
495.37	14719	
495.56	14984	
495.76	17220	
495.96	17118	
496.16	15905	
496.36	15248	
496.55	17299	
496.75	16928	
496.95	15608	
497.15	15320	
497.35	17290	
497.54	17531	
497.74	15212	
497.94	16567	
498.14	18257	
498.34	17862	
498.53	15240	
498.73	15984	
498.93	17002	
499.13	17576	
499.33	16032	
499.52	16098	
499.72	17985	
499.92	17884	
500.12	15730	
500.32	16064	
500.51	17862	
500.71	17999	
500.91	16743	
501.11	16342	
501.31	18114	
501.5	18221	
501.7	16984	
501.9	16141	
502.1	17819	
502.29	18189	
502.49	16696	
502.69	16679	
502.89	18056	
503.09	17980	
503.28	15537	
503.48	15667	
503.68	17217	
503.88	17305	
504.07	16443	
504.27	15903	
504.47	17551	
504.67	17548	
504.86	16420	
505.06	16017	
505.26	17081	
505.46	18538	
505.65	15804	
505.85	16008	
506.05	16922	
506.25	17354	
506.44	15167	
506.64	15715	
506.84	16756	
507.04	17368	
507.23	15311	
507.43	15620	
507.63	18466	
507.83	16984	
508.02	15653	
508.22	15342	
508.42	18648	
508.62	16772	
508.81	15797	
509.01	16184	
509.21	16527	
509.4	16916	
509.6	15812	
509.8	15339	
510	16950	
510.19	18281	
510.39	15350	
510.59	15518	
510.79	16922	
510.98	18200	
511.18	15641	
511.38	15633	
511.57	17705	
511.77	17605	
511.97	16119	
512.17	15296	
512.36	17560	
512.56	17424	
512.76	15347	
512.95	15113	
513.15	17660	
513.35	16539	
513.55	16208	
513.74	15447	
513.94	17588	
514.14	17217	
514.33	16221	
514.53	16068	
514.73	17331	
514.92	17472	
515.12	15760	
515.32	15634	
515.51	17607	
515.71	18064	
515.91	17081	
516.11	15808	
516.3	19224	
516.5	17480	
516.7	16213	
516.89	16677	
517.09	17386	
517.29	17487	
517.48	16619	
517.68	16065	
517.88	17301	
518.07	17798	
518.27	16595	
518.47	15750	
518.66	18341	
518.86	17045	
519.06	15552	
519.25	15885	
519.45	17322	
519.65	18872	
519.84	16560	
520.04	17293	
520.24	19341	
520.43	18016	
520.63	16283	
520.83	16036	
521.02	17422	
521.22	17830	
521.42	16494	
521.61	17056	
521.81	17641	
522.01	17702	
522.2	16528	
522.4	16223	
522.6	18127	
522.79	17344	
522.99	16458	
523.18	15958	
523.38	18406	
523.58	18532	
523.77	18084	
523.97	16398	
524.17	20391	
524.36	19673	
524.56	18031	
524.76	17703	
524.95	19088	
525.15	18705	
525.34	17687	
525.54	17769	
525.74	19781	
525.93	19014	
526.13	19005	
526.33	18092	
526.52	20229	
526.72	19932	
526.91	19305	
527.11	18751	
527.31	20332	
527.5	20901	
527.7	18782	
527.89	18004	
528.09	19773	
528.29	20477	
528.48	19040	
528.68	18785	
528.87	20824	
529.07	20467	
529.27	18817	
529.46	18484	
529.66	20530	
529.85	20732	
530.05	18284	
530.25	18910	
530.44	21692	
530.64	20330	
530.83	18756	
531.03	19207	
531.23	20818	
531.42	20751	
531.62	19899	
531.81	19217	
532.01	21386	
532.21	21903	
532.4	19414	
532.6	20057	
532.79	22433	
532.99	21868	
533.18	19990	
533.38	20889	
533.58	21693	
533.77	22298	
533.97	20308	
534.16	21050	
534.36	22588	
534.55	21853	
534.75	21140	
534.95	20418	
535.14	22846	
535.34	21944	
535.53	20146	
535.73	21913	
535.92	23103	
536.12	21866	
536.31	20186	
536.51	21341	
536.71	22176	
536.9	21815	
537.1	20334	
537.29	20570	
537.49	22397	
537.68	21730	
537.88	21000	
538.07	20089	
538.27	22113	
538.46	22941	
538.66	20028	
538.86	20521	
539.05	22168	
539.25	22637	
539.44	21026	
539.64	20411	
539.83	21922	
540.03	22814	
540.22	20197	
540.42	19926	
540.61	21967	
540.81	22321	
541	20463	
541.2	21268	
541.39	21634	
541.59	21887	
541.78	21140	
541.98	19906	
542.18	21235	
542.37	21345	
542.57	19983	
542.76	20965	
542.96	20995	
543.15	21646	
543.35	19972	
543.54	19512	
543.74	21725	
543.93	21365	
544.13	19732	
544.32	20676	
544.52	21419	
544.71	20763	
544.91	19066	
545.1	19940	
545.3	20938	
545.49	21393	
545.69	18877	
545.88	19291	
546.08	22238	
546.27	21689	
546.47	19796	
546.66	19239	
546.86	21473	
547.05	21975	
547.24	19301	
547.44	19471	
547.63	20339	
547.83	21661	
548.02	19449	
548.22	19746	
548.41	20267	
548.61	21544	
548.8	18941	
549	19138	
549.19	20867	
549.39	21240	
549.58	18647	
549.78	19279	
549.97	21050	
550.17	20521	
550.36	19688	
550.55	20693	
550.75	20505	
550.94	21394	
551.14	18639	
551.33	18940	
551.53	20058	
551.72	20901	
551.92	19011	
552.11	18796	
552.31	20743	
552.5	20617	
552.69	20109	
552.89	18476	
553.08	20830	
553.28	20322	
553.47	18736	
553.67	19691	
553.86	21004	
554.06	19673	
554.25	17829	
554.44	18485	
554.64	21579	
554.83	21368	
555.03	18413	
555.22	18824	
555.42	20669	
555.61	20382	
555.8	18415	
556	18619	
556.19	19542	
556.39	20567	
556.58	18465	
556.78	18518	
556.97	20245	
557.16	20136	
557.36	19557	
557.55	18229	
557.75	19286	
557.94	20942	
558.13	18300	
558.33	18165	
558.52	20833	
558.72	19706	
558.91	18018	
559.1	18265	
559.3	19612	
559.49	18980	
559.69	17770	
559.88	18700	
560.07	20128	
560.27	20349	
560.46	18748	
560.66	18787	
560.85	19900	
561.04	19133	
561.24	17851	
561.43	18070	
561.63	19343	
561.82	19601	
562.01	19160	
562.21	18380	
562.4	19914	
562.59	20995	
562.79	18333	
562.98	18207	
563.18	20071	
563.37	21607	
563.56	18766	
563.76	18455	
563.95	19788	
564.14	19701	
564.34	18704	
564.53	18380	
564.73	20276	
564.92	20646	
565.11	18992	
565.31	18378	
565.5	20967	
565.69	20002	
565.89	18682	
566.08	18903	
566.27	20839	
566.47	21407	
566.66	19703	
566.85	18469	
567.05	20781	
567.24	20196	
567.44	18815	
567.63	19950	
567.82	20762	
568.02	20747	
568.21	18905	
568.4	19116	
568.6	20558	
568.79	20650	
568.98	18806	
569.18	19058	
569.37	20873	
569.56	22544	
569.76	19641	
569.95	20358	
570.14	21250	
570.34	21248	
570.53	19120	
570.72	19053	
570.91	21891	
571.11	20992	
571.3	19574	
571.49	20270	
571.69	21132	
571.88	20750	
572.07	20179	
572.27	20121	
572.46	20740	
572.65	21535	
572.85	19471	
573.04	19833	
573.23	21984	
573.43	21321	
573.62	19617	
573.81	20145	
574	21634	
574.2	21509	
574.39	20020	
574.58	20214	
574.78	22737	
574.97	21923	
575.16	20715	
575.36	21003	
575.55	22491	
575.74	22521	
575.93	20011	
576.13	21164	
576.32	21972	
576.51	22618	
576.71	20417	
576.9	21789	
577.09	22633	
577.28	22434	
577.48	20909	
577.67	20094	
577.86	22201	
578.05	22515	
578.25	20894	
578.44	20790	
578.63	22239	
578.83	23391	
579.02	20203	
579.21	21779	
579.4	22577	
579.6	22246	
579.79	20844	
579.98	22692	
580.17	22864	
580.37	23140	
580.56	20499	
580.75	21190	
580.94	23246	
581.14	23339	
581.33	21808	
581.52	20773	
581.71	23005	
581.91	23465	
582.1	20612	
582.29	20889	
582.48	22675	
582.68	22623	
582.87	21444	
583.06	21189	
583.25	22980	
583.45	22430	
583.64	21972	
583.83	22440	
584.02	22519	
584.21	23041	
584.41	21605	
584.6	21336	
584.79	22703	
584.98	23577	
585.18	20786	
585.37	20711	
585.56	22349	
585.75	23200	
585.94	20767	
586.14	21540	
586.33	23236	
586.52	22663	
586.71	21077	
586.91	20854	
587.1	21700	
587.29	22561	
587.48	20482	
587.67	20490	
587.87	22326	
588.06	22238	
588.25	21530	
588.44	20938	
588.63	21904	
588.83	22436	
589.02	20108	
589.21	19968	
589.4	21235	
589.59	21363	
589.78	18792	
589.98	18798	
590.17	20188	
590.36	20706	
590.55	17869	
590.74	18144	
590.94	21265	
591.13	20129	
591.32	18272	
591.51	17721	
591.7	20497	
591.89	20252	
592.09	18060	
592.28	18665	
592.47	19537	
592.66	21338	
592.85	18083	
593.05	18393	
593.24	20118	
593.43	21074	
593.62	18621	
593.81	18873	
594	20336	
594.19	20438	
594.39	18449	
594.58	18419	
594.77	20394	
594.96	20998	
595.15	18212	
595.34	18832	
595.54	20260	
595.73	19562	
595.92	17639	
596.11	18403	
596.3	20718	
596.49	19605	
596.68	18255	
596.88	18721	
597.07	20530	
597.26	19406	
597.45	17802	
597.64	19052	
597.83	19753	
598.02	20259	
598.22	17917	
598.41	18512	
598.6	20015	
598.79	19549	
598.98	17841	
599.17	18601	
599.36	19974	
599.55	20762	
599.74	19634	
599.94	19489	
600.13	20350	
600.32	19291	
600.51	17613	
600.7	17847	
600.89	20744	
601.08	20886	
601.27	17506	
601.47	18459	
601.66	20131	
601.85	20727	
602.04	18197	
602.23	18287	
602.42	19505	
602.61	19976	
602.8	17841	
602.99	17722	
603.18	19671	
603.37	19759	
603.57	18172	
603.76	18634	
603.95	20422	
604.14	20113	
604.33	17959	
604.52	18234	
604.71	19998	
604.9	19627	
605.09	18845	
605.28	18495	
605.47	20262	
605.66	19989	
605.86	18369	
606.05	17910	
606.24	20186	
606.43	19085	
606.62	18084	
606.81	18760	
607	20052	
607.19	19693	
607.38	17490	
607.57	17745	
607.76	19292	
607.95	18828	
608.14	18057	
608.33	18640	
608.52	19190	
608.72	20164	
608.91	17352	
609.1	17292	
609.29	19361	
609.48	18764	
609.67	17918	
609.86	17189	
610.05	18870	
610.24	19136	
610.43	17071	
610.62	16804	
610.81	19906	
611	19939	
611.19	17174	
611.38	17877	
611.57	19344	
611.76	20486	
611.95	17038	
612.14	16720	
612.33	19075	
612.52	18700	
612.71	17565	
612.9	16800	
613.09	18305	
613.28	20533	
613.47	17272	
613.66	18146	
613.85	19293	
614.04	18802	
614.24	17314	
614.43	16666	
614.62	19535	
614.81	19368	
615	17753	
615.19	17924	
615.38	18688	
615.57	19198	
615.76	17821	
615.95	18700	
616.14	19595	
616.33	19229	
616.52	17972	
616.71	18342	
616.9	19486	
617.09	19481	
617.28	17632	
617.47	18613	
617.66	18798	
617.85	18930	
618.04	18712	
618.22	18173	
618.41	19497	
618.6	20463	
618.79	18236	
618.98	18139	
619.17	20760	
619.36	19342	
619.55	18372	
619.74	18399	
619.93	20269	
620.12	19910	
620.31	19151	
620.5	19312	
620.69	21099	
620.88	21403	
621.07	19943	
621.26	19238	
621.45	20852	
621.64	20855	
621.83	19367	
622.02	18852	
622.21	20883	
622.4	20923	
622.59	19922	
622.78	19860	
622.97	20489	
623.16	21545	
623.35	19662	
623.54	18905	
623.72	20826	
623.91	20922	
624.1	19838	
624.29	18832	
624.48	21894	
624.67	21208	
624.86	19734	
625.05	19035	
625.24	22000	
625.43	20741	
625.62	21289	
625.81	19201	
626	21438	
626.19	21044	
626.38	20048	
626.56	19516	
626.75	21030	
626.94	21650	
627.13	19876	
627.32	18950	
627.51	21384	
627.7	22522	
627.89	18985	
628.08	20217	
628.27	20777	
628.46	20906	
628.65	19245	
628.83	19088	
629.02	21231	
629.21	20734	
629.4	19486	
629.59	19733	
629.78	20714	
629.97	21448	
630.16	19936	
630.35	19430	
630.54	22017	
630.72	21682	
630.91	19172	
631.1	19809	
631.29	21045	
631.48	21398	
631.67	19858	
631.86	19246	
632.05	20874	
632.24	21016	
632.42	18918	
632.61	19645	
632.8	20815	
632.99	20497	
633.18	19770	
633.37	19953	
633.56	21138	
633.75	20931	
633.93	19527	
634.12	19439	
634.31	21618	
634.5	21560	
634.69	19398	
634.88	19606	
635.07	20890	
635.25	21330	
635.44	20056	
635.63	20352	
635.82	20626	
636.01	20239	
636.2	19735	
636.39	19514	
636.57	21626	
636.76	21096	
636.95	18925	
637.14	20057	
637.33	20905	
637.52	21642	
637.7	18753	
637.89	19688	
638.08	20627	
638.27	21848	
638.46	19544	
638.65	19895	
638.83	21517	
639.02	20219	
639.21	19256	
639.4	19697	
639.59	20545	
639.78	20189	
639.96	18329	
640.15	18540	
640.34	20238	
640.53	20387	
640.72	18168	
640.91	18454	
641.09	19492	
641.28	20785	
641.47	18307	
641.66	19133	
641.85	20267	
642.03	20290	
642.22	18849	
642.41	18286	
642.6	19619	
642.79	19007	
642.97	17864	
643.16	18583	
643.35	19518	
643.54	19211	
643.73	17679	
643.91	18496	
644.1	18777	
644.29	19481	
644.48	17563	
644.67	17593	
644.85	18867	
645.04	19155	
645.23	16881	
645.42	17411	
645.6	18364	
645.79	19159	
645.98	16782	
646.17	15945	
646.36	17694	
646.54	17943	
646.73	17009	
646.92	16086	
647.11	17600	
647.29	18543	
647.48	16223	
647.67	15886	
647.86	18636	
648.05	18996	
648.23	16268	
648.42	17473	
648.61	18197	
648.8	18054	
648.98	15883	
649.17	16305	
649.36	17430	
649.55	17230	
649.73	15980	
649.92	16728	
650.11	17473	
650.3	17787	
650.48	15915	
650.67	15726	
650.86	17746	
651.05	16998	
651.23	15898	
651.42	15784	
651.61	17395	
651.79	17262	
651.98	15898	
652.17	15634	
652.36	17425	
652.54	16752	
652.73	15562	
652.92	15420	
653.11	17396	
653.29	17492	
653.48	14851	
653.67	15652	
653.85	17053	
654.04	17864	
654.23	15617	
654.42	15223	
654.6	16130	
654.79	16590	
654.98	14174	
655.16	14463	
655.35	15356	
655.54	15137	
655.73	13889	
655.91	13798	
656.1	16146	
656.29	15312	
656.47	13747	
656.66	15213	
656.85	15810	
657.03	16035	
657.22	14531	
657.41	14696	
657.59	16201	
657.78	16063	
657.97	14442	
658.16	15152	
658.34	16789	
658.53	17195	
658.72	15743	
658.9	16302	
659.09	16503	
659.28	16449	
659.46	14779	
659.65	14812	
659.84	16240	
660.02	16702	
660.21	14704	
660.4	14737	
660.58	17049	
660.77	16532	
660.96	15283	
661.14	14437	
661.33	17501	
661.52	17374	
661.7	14374	
661.89	17374	
662.08	16158	
662.26	15806	
662.45	14494	
662.64	14511	
662.82	16601	
663.01	15935	
663.2	14515	
663.38	15297	
663.57	16339	
663.75	16447	
663.94	14771	
664.13	15913	
664.31	15958	
664.5	16589	
664.69	15154	
664.87	15591	
665.06	15693	
665.25	16269	
665.43	15756	
665.62	15872	
665.8	16537	
665.99	15952	
666.18	14732	
666.36	14857	
666.55	16329	
666.74	16549	
666.92	14449	
667.11	15664	
667.29	15913	
667.48	16382	
667.67	15322	
667.85	14523	
668.04	15778	
668.22	15973	
668.41	14812	
668.6	14872	
668.78	15838	
668.97	16023	
669.15	14988	
669.34	14019	
669.53	15838	
669.71	16138	
669.9	14190	
670.08	14893	
670.27	15701	
670.46	16320	
670.64	14924	
670.83	15218	
671.01	15491	
671.2	16042	
671.38	14409	
671.57	14231	
671.76	16663	
671.94	17206	
672.13	14204	
672.31	14989	
672.5	16485	
672.69	15814	
672.87	14196	
673.06	14670	
673.24	16211	
673.43	15881	
673.61	14749	
673.8	14501	
673.98	16182	
674.17	16466	
674.36	15076	
674.54	14948	
674.73	16025	
674.91	16161	
675.1	14726	
675.28	14189	
675.47	16001	
675.65	16488	
675.84	14502	
676.03	14940	
676.21	15665	
676.4	15362	
676.58	15244	
676.77	15060	
676.95	16965	
677.14	15771	
677.32	14200	
677.51	14115	
677.69	16383	
677.88	15424	
678.06	14322	
678.25	14204	
678.44	15976	
678.62	15739	
678.81	13940	
678.99	14887	
679.18	16638	
679.36	16253	
679.55	14507	
679.73	15104	
679.92	16161	
680.1	15737	
680.29	15520	
680.47	14616	
680.66	15663	
680.84	16320	
681.03	13875	
681.21	14977	
681.4	15641	
681.58	15609	
681.77	14248	
681.95	14170	
682.14	16357	
682.32	16614	
682.51	15022	
682.69	13814	
682.88	15448	
683.06	15773	
683.25	14682	
683.43	14973	
683.62	15801	
683.8	15997	
683.99	15100	
684.17	14477	
684.36	16614	
684.54	15338	
684.73	13353	
684.91	13299	
685.1	15147	
685.28	14397	
685.46	13300	
685.65	13374	
685.83	14850	
686.02	14326	
686.2	12834	
686.39	12979	
686.57	14227	
686.76	15615	
686.94	13007	
687.13	13373	
687.31	15048	
687.5	14749	
687.68	12854	
687.86	13951	
688.05	16316	
688.23	14406	
688.42	14075	
688.6	13637	
688.79	14827	
688.97	14878	
689.16	13904	
689.34	12970	
689.52	15562	
689.71	15694	
689.89	14257	
690.08	13721	
690.26	15232	
690.45	15250	
690.63	14268	
690.81	13907	
691	14930	
691.18	14917	
691.37	13741	
691.55	15612	
691.74	14797	
691.92	16470	
692.1	13801	
692.29	13140	
692.47	14870	
692.66	14452	
692.84	13509	
693.02	13839	
693.21	14635	
693.39	14844	
693.58	14151	
693.76	13695	
693.94	16193	
694.13	15973	
694.31	13846	
694.5	14729	
694.68	15213	
694.86	15541	
695.05	14442	
695.23	14664	
695.42	15996	
695.6	17885	
695.78	14975	
695.97	14055	
696.15	15957	
696.34	15493	
696.52	13810	
696.7	14505	
696.89	15583	
697.07	14917	
697.25	14259	
697.44	15450	
697.62	15515	
697.81	15580	
697.99	13863	
698.17	14481	
698.36	14760	
698.54	15403	
698.72	14179	
698.91	13308	
699.09	14934	
699.28	14747	
699.46	13787	
699.64	13635	
699.83	14652	
700.01	15602	
700.19	14298	
700.38	13002	
700.56	15797	
700.74	14859	
700.93	13254	
701.11	14187	
701.29	15387	
701.48	16500	
701.66	13700	
701.84	13865	
702.03	15070	
702.21	15896	
702.39	13411	
702.58	13934	
702.76	15644	
702.94	15735	
703.13	13392	
703.31	15597	
703.49	14931	
703.68	15781	
703.86	13479	
704.04	14371	
704.23	15199	
704.41	15631	
704.59	13665	
704.78	14394	
704.96	16277	
705.14	15578	
705.33	13325	
705.51	14008	
705.69	14929	
705.87	15767	
706.06	14212	
706.24	13302	
706.42	15186	
706.61	15513	
706.79	14147	
706.97	13231	
707.16	14741	
707.34	15145	
707.52	13982	
707.7	13299	
707.89	14932	
708.07	14529	
708.25	14098	
708.44	14470	
708.62	14560	
708.8	15622	
708.98	14197	
709.17	13358	
709.35	14925	
709.53	14889	
709.72	13014	
709.9	13336	
710.08	15066	
710.26	15137	
710.45	14233	
710.63	13111	
710.81	14700	
710.99	14581	
711.18	13583	
711.36	13103	
711.54	14427	
711.72	14980	
711.91	12946	
712.09	12496	
712.27	14340	
712.45	14758	
712.64	12917	
712.82	12059	
713	13544	
713.18	13599	
713.37	11886	
713.55	12755	
713.73	14041	
713.91	12469	
714.1	11613	
714.28	10963	
714.46	13026	
714.64	11982	
714.83	9997.5	
715.01	10369	
715.19	11431	
715.37	10791	
715.55	9630.2	
715.74	9881.4	
715.92	11951	
716.1	10095	
716.28	10783	
716.47	9780.4	
716.65	10754	
716.83	10672	
717.01	9527.2	
717.19	9628.2	
717.38	12465	
717.56	10442	
717.74	9920.4	
717.92	9212.4	
718.1	11607	
718.29	10888	
718.47	9190.6	
718.65	10021	
718.83	12046	
719.01	12091	
719.2	9563.3	
719.38	10632	
719.56	12084	
719.74	13282	
719.92	10234	
720.11	10999	
720.29	11830	
720.47	11002	
720.65	9394	
720.83	9960	
721.02	10841	
721.2	10527	
721.38	9678.7	
721.56	9204.9	
721.74	10064	
721.92	10115	
722.11	10043	
722.29	9854.1	
722.47	11121	
722.65	10371	
722.83	8960.5	
723.01	9638.4	
723.2	10493	
723.38	10710	
723.56	8414.4	
723.74	9407	
723.92	10080	
724.1	11045	
724.29	8871.8	
724.47	9877.4	
724.65	10131	
724.83	9947.7	
725.01	8727.8	
725.19	9413.8	
725.37	9816.6	
725.56	10022	
725.74	8484.1	
725.92	8796	
726.1	9882.1	
726.28	10056	
726.46	8989.2	
726.64	8707.3	
726.83	10042	
727.01	10266	
727.19	8412.4	
727.37	9174.2	
727.55	10271	
727.73	10613	
727.91	8401.5	
728.09	8182.3	
728.28	10714	
728.46	10944	
728.64	9319.6	
728.82	9188.6	
729	11610	
729.18	11085	
729.36	8621.3	
729.54	10613	
729.72	12053	
729.91	10613	
730.09	10452	
730.27	9413.8	
730.45	10569	
730.63	11144	
730.81	10047	
730.99	9287.5	
731.17	11546	
731.35	10417	
731.53	9644.6	
731.71	9277.3	
731.9	11303	
732.08	11392	
732.26	9422	
732.44	9124.4	
732.62	11336	
732.8	10937	
732.98	9683.5	
733.16	8824.7	
733.34	10841	
733.52	9800.9	
733.7	9145.5	
733.88	9268.4	
734.07	10646	
734.25	10426	
734.43	8720.9	
734.61	9887.6	
734.79	11706	
734.97	10266	
735.15	8716.2	
735.33	8974.2	
735.51	10561	
735.69	10203	
735.87	9899.2	
736.05	9176.9	
736.23	10162	
736.41	10121	
736.59	8875.9	
736.77	8963.3	
736.95	10715	
737.13	10092	
737.32	8634.2	
737.5	8821.3	
737.68	11113	
737.86	9905.3	
738.04	8327	
738.22	9832.3	
738.4	9699.9	
738.58	9898.5	
738.76	8816.5	
738.94	7855.3	
739.12	9757.9	
739.3	9644.6	
739.48	9267.1	
739.66	9045.2	
739.84	9988.6	
740.02	9976.3	
740.2	7832.8	
740.38	8213	
740.56	10249	
740.74	9214.5	
740.92	8813.1	
741.1	8609	
741.28	9627.5	
741.46	9411.8	
741.64	8124.3	
741.82	8630.1	
742	9598.1	
742.18	9524.4	
742.36	8219.2	
742.54	7976.2	
742.72	9940.8	
742.9	8869.1	
743.08	8555.7	
743.26	7526.3	
743.44	10027	
743.62	9854.1	
743.8	8497.7	
743.98	7740	
744.16	9519	
744.34	9297.1	
744.52	8386.4	
744.7	8321.6	
744.88	9680.7	
745.06	9075.9	
745.24	8232.2	
745.42	8363.9	
745.6	9514.2	
745.78	9277.3	
745.96	7179.5	
746.14	7326.3	
746.32	10060	
746.5	9306.7	
746.68	7898.3	
746.86	7224.6	
747.03	9790.7	
747.21	8275.8	
747.39	7712	
747.57	7221.8	
747.75	8845.9	
747.93	9226.8	
748.11	7169.9	
748.29	7115.3	
748.47	10254	
748.65	8556.4	
748.83	7774.1	
749.01	7607.5	
749.19	9064.3	
749.37	8318.8	
749.55	7365.9	
749.73	7499.7	
749.91	8631.5	
750.09	8326.4	
750.26	7466.2	
750.44	6947.4	
750.62	8638.3	
750.8	8639.7	
750.98	6787.7	
751.16	7021.1	
751.34	8667.7	
751.52	8120.2	
751.7	7722.2	
751.88	6724.8	
752.06	9066.4	
752.24	8738	
752.42	6627.9	
752.59	6957.6	
752.77	8448.6	
752.95	9511.4	
753.13	7552.2	
753.31	6983.6	
753.49	8158.4	
753.67	8514.8	
753.85	7116.7	
754.03	6759.7	
754.21	8544.1	
754.38	8803.5	
754.56	6725.5	
754.74	5873.6	
754.92	7706.5	
755.1	8253.3	
755.28	5561.6	
755.46	5515.2	
755.64	8427.4	
755.82	8273.8	
755.99	5182	
756.17	5156.8	
756.35	5689.3	
756.53	7021.1	
756.71	3928.7	
756.89	4728.1	
757.07	6533	
757.25	5851	
757.42	5279.7	
757.6	6148.7	
757.78	6947.4	
757.96	6110.5	
758.14	5288.5	
758.32	4926	
758.5	5763	
758.67	6457.2	
758.85	5111.7	
759.03	5130.2	
759.21	6573.3	
759.39	6048.3	
759.57	4723.3	
759.75	5711.1	
759.92	7149.5	
760.1	6573.3	
760.28	6128.9	
760.46	6261.3	
760.64	6483.2	
760.82	6245.6	
760.99	6121.4	
761.17	5382.1	
761.35	7286.7	
761.53	6410.8	
761.71	5520	
761.89	6194.4	
762.06	7217.7	
762.24	6777.4	
762.42	5703.6	
762.6	5545.2	
762.78	6817.7	
762.96	7527.7	
763.13	6052.4	
763.31	5834	
763.49	7550.9	
763.67	6921.5	
763.85	6496.8	
764.02	7017	
764.2	7803.4	
764.38	7053.9	
764.56	5716.6	
764.74	6420.4	
764.91	7830.7	
765.09	6877.8	
765.27	5358.9	
765.45	5176.6	
765.63	7873.1	
765.8	7701.7	
765.98	4899.4	
766.16	5161.6	
766.34	6393.8	
766.52	6217	
766.69	5983.5	
766.87	4911.7	
767.05	6703	
767.23	7314.7	
767.41	5198.4	
767.58	5406	
767.76	7096.2	
767.94	7137.2	
768.12	5216.9	
768.29	5892.7	
768.47	6635.4	
768.65	7235.5	
768.83	4819.6	
769	5745.2	
769.18	6266.1	
769.36	6843.6	
769.54	5767.1	
769.72	4782	
769.89	7006.8	
770.07	7062.1	
770.25	5056.4	
770.43	6079.7	
770.6	7602.1	
770.78	7946.1	
770.96	5156.8	
771.14	5646.2	
771.31	6849.1	
771.49	6229.9	
771.67	4331.5	
771.85	4586.1	
772.02	5516.5	
772.2	6189.6	
772.38	5153.4	
772.55	4749.9	
772.73	6427.9	
772.91	6141.2	
773.09	5104.2	
773.26	5109.7	
773.44	6347.3	
773.62	6067.4	
773.8	4643.4	
773.97	4315.1	
774.15	6313.2	
774.33	6053.8	
774.5	4383.3	
774.68	4652.3	
774.86	6408.1	
775.04	5991	
775.21	4468.7	
775.39	4355.3	
775.57	6217.6	
775.74	6479.1	
775.92	4273.4	
776.1	4179.2	
776.27	6109.1	
776.45	7271	
776.63	4394.9	
776.81	3969	
776.98	5795.8	
777.16	6712.6	
777.34	4489.8	
777.51	4684.4	
777.69	5788.2	
777.87	5547.3	
778.04	4480.3	
778.22	4958.8	
778.4	5482.4	
778.57	6115.9	
778.75	3751.9	
778.93	3978.5	
779.1	5322	
779.28	5182	
779.46	3792.8	
779.64	4216.1	
779.81	6201.2	
779.99	6915.3	
780.17	4902.8	
780.34	4948.6	
780.52	5678.3	
780.69	5876.3	
780.87	4407.9	
781.05	3973.1	
781.22	5621	
781.4	5729.5	
781.58	4149.9	
781.75	3359.4	
781.93	5721.3	
782.11	5112.4	
782.28	4862.6	
782.46	4158.1	
782.64	5025	
782.81	5821	
782.99	4165.6	
783.17	4109.6	
783.34	5797.1	
783.52	5071.5	
783.69	4298	
783.87	5010.7	
784.05	5094.7	
784.22	5150.6	
784.4	4907.6	
784.58	4364.9	
784.75	5996.5	
784.93	5118.6	
785.1	3993.5	
785.28	4582.7	
785.46	5690.6	
785.63	5037.3	
785.81	4021.5	
785.99	3850.2	
786.16	5271.5	
786.34	5632.6	
786.51	3858.4	
786.69	4262.5	
786.87	4812.7	
787.04	5209.3	
787.22	3738.2	
787.39	4572.4	
787.57	4960.9	
787.75	5976.7	
787.92	4737.6	
788.1	4669.4	
788.27	5038	
788.45	4836.6	
788.63	4321.9	
788.8	3293.1	
788.98	5345.9	
789.15	4668	
789.33	3424.9	
789.5	3963.5	
789.68	5769.8	
789.86	5908.4	
790.03	4309.6	
790.21	3873.4	
790.38	5823.1	
790.56	5091.9	
790.73	3674.7	
790.91	3703.4	
791.09	4969.1	
791.26	5651	
791.44	3859.7	
791.61	3441.3	
791.79	4980	
791.96	4970.4	
792.14	3484.3	
792.32	3181.9	
792.49	4946.5	
792.67	5074.9	
792.84	3565.5	
793.02	3378.5	
793.19	5342.5	
793.37	5965.7	
793.54	3125.9	
793.72	3458.3	
793.89	5975.3	
794.07	4950.6	
794.25	3870.7	
794.42	3186	
794.6	5886.5	
794.77	5507.7	
794.95	4186	
795.12	3670.6	
795.3	4937	
795.47	5489.9	
795.65	4020.2	
795.82	3854.3	
796	4735.6	
796.17	6375.3	
796.35	3777.8	
796.52	4372.4	
796.7	5373.9	
796.87	5459.2	
797.05	3759.4	
797.22	4490.5	
797.4	5464.7	
797.57	6302.3	
797.75	3889.8	
797.92	3642.7	
798.1	5681.7	
798.27	4806.6	
798.45	3142.9	
798.62	3414	
798.8	5162.2	
798.97	5592.3	
799.15	4101.4	
799.32	3833.8	
799.5	4534.9	
799.67	5236.7	
799.85	4168.3	
800.02	3123.2	
800.2	4812	
800.37	5135.6	
800.55	4238.6	
800.72	3651.5	
800.9	5543.9	
801.07	5943.9	
801.25	4774.5	
801.42	3971	
801.6	5633.3	
801.77	5242.8	
801.95	3698.6	
802.12	3591.5	
802.29	5318.6	
802.47	5299.5	
802.64	3937.6	
802.82	3015.3	
802.99	4798.4	
803.17	5672.2	
803.34	3809.9	
803.52	3457	
803.69	6217	
803.87	4598.4	
804.04	3806.5	
804.21	3857	
804.39	5804.6	
804.56	5029.8	
804.74	3268.6	
804.91	3963.5	
805.09	4817.5	
805.26	4928.8	
805.44	3316.3	
805.61	3632.4	
805.78	5419.6	
805.96	5401.9	
806.13	3923.9	
806.31	4202.4	
806.48	4418.8	
806.66	4919.9	
806.83	3933.5	
807	3837.2	
807.18	4817.5	
807.35	5136.3	
807.53	3784	
807.7	3077.4	
807.87	5748	
808.05	4803.9	
808.22	4156	
808.4	3102.7	
808.57	4801.8	
808.74	4502.8	
808.92	3470.6	
809.09	4396.3	
809.27	4750.6	
809.44	5205.3	
809.61	3094.5	
809.79	3398.9	
809.96	5824.4	
810.14	5440.8	
810.31	2990	
810.48	3687.7	
810.66	4913.8	
810.83	5546.6	
811.01	3558.7	
811.18	3827	
811.35	5442.8	
811.53	4302.8	
811.7	4163.5	
811.87	3898.6	
812.05	4829.1	
812.22	4762.2	
812.39	3383.9	
812.57	3287.7	
812.74	4857.8	
812.92	6264.7	
813.09	3633.1	
813.26	3939.6	
813.44	5984.8	
813.61	4726	
813.78	3016.7	
813.96	4003.8	
814.13	4844.8	
814.3	4546.5	
814.48	4330.1	
814.65	3596.9	
814.82	6023.8	
815	4556.7	
815.17	3769.6	
815.34	4479.6	
815.52	4720.6	
815.69	4752.7	
815.87	3728	
816.04	3592.1	
816.21	4805.9	
816.38	4315.8	
816.56	3597.6	
816.73	3386	
816.9	5991	
817.08	5384.8	
817.25	3394.2	
817.42	4166.3	
817.6	4362.2	
817.77	4761.5	
817.94	3768.3	
818.12	3318.4	
818.29	4598.4	
818.46	6841.6	
818.64	3502	
818.81	3246.7	
818.98	4521.2	
819.16	6385.6	
819.33	3994.9	
819.5	3741.6	
819.67	5198.4	
819.85	5670.1	
820.02	3682.9	
820.19	3874.8	
820.37	4965	
820.54	4560.8	
820.71	3773.7	
820.88	4627.7	
821.06	4998.4	
821.23	4588.1	
821.4	3807.9	
821.58	3764.2	
821.75	5369.8	
821.92	4932.9	
822.09	3073.3	
822.27	3146.4	
822.44	4818.2	
822.61	4752	
822.79	3130.7	
822.96	5732.3	
823.13	5199.8	
823.3	4542.4	
823.48	3545.7	
823.65	3147.7	
823.82	5403.2	
823.99	4382	
824.17	4444.1	
824.34	3264.5	
824.51	6176.7	
824.68	4865.3	
824.86	3411.9	
825.03	3776.5	
825.2	4796.3	
825.37	5675.6	
825.55	3398.3	
825.72	3726.6	
825.89	6161.7	
826.06	5744.6	
826.24	3644.7	
826.41	3621.5	
826.58	5724.8	
826.75	4983.4	
826.92	2914.9	
827.1	3211.9	
827.27	7624.6	
827.44	6167.8	
827.61	3471.3	
827.79	4096.6	
827.96	4598.4	
828.13	4869.4	
828.3	3583.3	
828.47	3082.2	
828.65	5014.1	
828.82	4975.2	
828.99	4521.9	
829.16	4034.5	
829.34	5376.6	
829.51	5137	
829.68	3684.3	
829.85	3802.4	
830.02	5666.7	
830.2	5378.6	
830.37	2929.3	
830.54	4464.6	
830.71	6001.9	
830.88	4767	
831.05	2955.2	
831.23	3392.8	
831.4	5833.3	
831.57	6413.6	
831.74	3461.1	
831.91	3056.3	
832.09	5046.2	
832.26	5319.9	
832.43	3536.2	
832.6	3965.6	
832.77	5061.9	
832.94	5720	
833.12	2846	
833.29	3515	
833.46	5117.9	
833.63	6553.5	
833.8	3870.7	
833.97	3568.2	
834.15	5373.2	
834.32	5140.4	
834.49	3636.5	
834.66	3775.8	
834.83	5491.3	
835	4530.8	
835.17	3436.5	
835.35	3430.3	
835.52	5218.9	
835.69	5143.1	
835.86	3642.7	
836.03	2969.6	
836.2	5303.6	
836.37	5016.2	
836.55	3508.2	
836.72	3280.2	
836.89	4904.2	
837.06	5452.4	
837.23	3665.9	
837.4	3920.5	
837.57	6057.2	
837.75	6558.3	
837.92	3228.3	
838.09	3475.4	
838.26	4988.2	
838.43	5532.2	
838.6	3676.1	
838.77	3281.5	
838.94	6279.8	
839.11	6036	
839.29	3538.9	
839.46	2825.5	
839.63	5373.2	
839.8	5054.4	
839.97	3487.7	
840.14	3377.1	
840.31	5128.1	
840.48	5379.3	
840.65	2906.8	
840.82	3383.2	
841	5293.3	
841.17	5195.7	
841.34	3176.4	
841.51	3246.7	
841.68	5250.3	
841.85	5042.1	
842.02	3333.4	
842.19	2766.8	
842.36	5113.1	
842.53	5107	
842.7	3209.8	
842.87	3837.9	
843.05	6526.9	
843.22	5054.4	
843.39	3005.1	
843.56	3239.2	
843.73	4868	
843.9	5369.1	
844.07	5033.9	
844.24	4186.7	
844.41	7413	
844.58	4655	
844.75	3073.3	
844.92	3348.4	
845.09	5297.4	
845.26	5259.9	
845.43	3173.7	
845.6	3403.7	
845.77	5376.6	
845.94	5048.9	
846.12	3516.4	
846.29	3664.5	
846.46	5467.4	
846.63	5276.3	
846.8	3179.1	
846.97	3751.9	
847.14	5713.2	
847.31	5225.7	
847.48	3551.2	
847.65	3895.9	
847.82	5470.1	
847.99	5505.6	
848.16	4119.1	
848.33	3826.3	
848.5	4937.7	
848.67	5642.2	
848.84	3105.4	
849.01	3262.4	
849.18	4837.3	
849.35	4516.5	
849.52	3838.6	
849.69	3101.3	
849.86	5472.9	
850.03	5621	
850.2	3131.3	
850.37	3802.4	
850.54	5602.6	
850.71	5023	
850.88	3722.5	
851.05	3153.2	
851.22	5274.2	
851.39	5776	
851.56	3007.8	
851.73	3564.1	
851.9	4621.6	
852.07	5484.5	
852.24	3523.2	
852.41	3132	
852.58	5253	
852.75	4741.7	
852.92	3505.4	
853.09	3076.7	
853.26	4885.8	
853.43	5671.5	
853.6	3153.2	
853.77	2732	
853.94	5748	
854.11	5156.8	
854.28	4571.7	
854.44	3386	
854.61	6111.8	
854.78	5544.5	
854.95	3144.3	
855.12	3907.5	
855.29	4322.6	
855.46	5938.4	
855.63	3185.3	
855.8	4232.5	
855.97	4844.8	
856.14	5562.3	
856.31	4390.8	
856.48	3415.3	
856.65	4884.4	
856.82	4637.3	
856.99	3064.4	
857.16	3379.1	
857.33	6275	
857.49	5044.1	
857.66	3393.5	
857.83	3650.8	
858	4972.5	
858.17	5167	
858.34	2964.1	
858.51	3180.5	
858.68	5857.9	
858.85	5853.1	
859.02	3633.8	
859.19	3829	
859.36	4672.8	
859.52	4714.4	
859.69	3203	
859.86	3692.5	
860.03	4780.6	
860.2	5742.5	
860.37	2870.6	
860.54	3145.7	
860.71	5525.4	
860.88	5819.6	
861.05	3482.9	
861.21	3848.1	
861.38	5856.5	
861.55	4537.6	
861.72	2863.7	
861.89	3506.1	
862.06	5520.6	
862.23	5874.3	
862.4	3022.1	
862.56	3310.2	
862.73	5384.1	
862.9	5093.3	
863.07	3611.3	
863.24	2899.2	
863.41	4593.6	
863.58	4670.1	
863.75	3177.8	
863.91	3596.2	
864.08	5736.4	
864.25	5378	
864.42	3887.7	
864.59	4317.1	
864.76	6012.8	
864.93	4700.8	
865.09	3032.4	
865.26	3360.7	
865.43	5737	
865.6	6062.7	
865.77	2753.8	
865.94	3075.4	
866.1	5683.1	
866.27	5410.7	
866.44	4610.7	
866.61	2973	
866.78	5037.3	
866.95	5412.1	
867.11	2994.1	
867.28	2820.7	
867.45	5543.2	
867.62	4693.3	
867.79	3666.5	
867.96	3073.3	
868.12	4629.8	
868.29	5441.5	
868.46	2754.5	
868.63	4126.7	
868.8	5634.6	
868.97	5449	
869.13	3269.9	
869.3	3263.1	
869.47	5315.8	
869.64	5554.1	
869.81	3155.2	
869.97	3174.4	
870.14	5281	
870.31	5847	
870.48	3054.2	
870.65	3873.4	
870.81	4982.7	
870.98	4993.6	
871.15	3525.2	
871.32	3284.3	
871.48	5342.5	
871.65	5831.9	
871.82	3130	
871.99	3444.7	
872.16	6305	
872.32	5664	
872.49	3187.3	
872.66	3206.4	
872.83	5481	
872.99	4832.5	
873.16	3582.6	
873.33	3094.5	
873.5	5106.3	
873.67	5152.7	
873.83	3278.8	
874	4128.7	
874.17	5246.9	
874.34	6206.7	
874.5	4019.5	
874.67	3911.6	
874.84	5779.4	
875.01	4627	
875.17	4337.6	
875.34	3106.8	
875.51	5209.3	
875.68	6206.7	
875.84	3752.6	
876.01	4513.7	
876.18	5471.5	
876.34	5436	
876.51	3151.1	
876.68	3115	
876.85	4962.9	
877.01	5693.4	
877.18	4410.6	
877.35	3080.1	
877.52	5165	
877.68	4659.8	
877.85	3061.7	
878.02	3022.1	
878.18	5001.1	
878.35	4853.7	
878.52	2551.1	
878.69	3437.2	
878.85	5546.6	
879.02	5371.8	
879.19	4371.7	
879.35	3319.8	
879.52	5444.9	
879.69	5550	
879.86	2686.3	
880.02	3474	
880.19	5051.7	
880.36	6126.8	
880.52	3540.3	
880.69	3669.3	
880.86	5545.9	
881.02	5525.4	
881.19	3446.7	
881.36	3388	
881.52	5330.9	
881.69	4811.4	
881.86	3350.5	
882.02	3295.2	
882.19	5650.3	
882.36	6498.9	
882.52	3200.3	
882.69	4371	
882.86	5239.4	
883.02	5169.1	
883.19	3741	
883.36	3578.5	
883.52	5435.3	
883.69	6142.5	
883.86	3125.9	
884.02	2833	
884.19	5472.9	
884.36	5028.4	
884.52	3525.9	
884.69	3301.3	
884.86	4899.4	
885.02	5909.1	
885.19	3433.1	
885.36	3608.5	
885.52	4996.4	
885.69	5216.2	
885.86	4457.7	
886.02	3971	
886.19	5438.7	
886.35	4984.1	
886.52	3397.6	
886.69	4300.7	
886.85	4725.3	
887.02	5726.1	
887.19	5726.1	
887.35	5726.1	
887.52	5726.1	
887.68	5726.1	
887.85	5726.1	
888.02	5726.1	
888.18	5726.1	
888.35	5726.1	
888.51	5726.1	
888.68	5726.1	
888.85	5726.1	
889.01	5726.1	
889.18	5726.1	
889.35	5726.1	
889.51	5726.1	
889.68	5726.1	
889.84	5726.1	
890.01	5726.1	
890.17	5726.1	
890.34	5726.1	
890.51	5726.1	
890.67	5726.1	
890.84	5726.1	
891	5726.1	
891.17	5726.1	
891.34	5726.1	
891.5	5726.1	
891.67	5726.1	
891.83	5726.1	
892	5726.1	
892.16	5726.1	
892.33	5726.1	
892.5	5726.1	
892.66	5726.1	
892.83	5726.1	
892.99	5726.1	
893.16	5726.1	
893.32	5726.1	
893.49	5726.1	
893.65	5726.1	
893.82	5726.1	
893.99	5726.1	
894.15	5726.1	
894.32	5726.1	
894.48	5726.1	
894.65	5726.1	
894.81	5726.1	
894.98	5726.1	
895.14	5726.1	
895.31	5726.1	
895.47	5726.1	
895.64	5726.1	
895.81	5726.1	
895.97	5726.1	
896.14	5726.1	
896.3	5726.1	
896.47	5726.1	
896.63	5726.1	
896.8	5726.1	
896.96	5726.1	
897.13	5726.1	
897.29	5726.1	
897.46	5726.1	
897.62	5726.1	
897.79	5726.1	
897.95	5726.1	
898.12	5726.1	
898.28	5726.1	
898.45	5726.1	
898.61	5726.1	
898.78	5726.1	
898.94	5726.1	
899.11	5726.1	
899.27	5726.1	
899.44	5726.1	
899.6	5726.1	
899.77	5726.1	
899.93	5726.1	
900.1	5726.1	
900.26	5726.1	
900.43	5726.1	
900.59	5726.1	
900.76	5726.1	
900.92	5726.1	
901.09	5726.1	
901.25	5726.1	
901.42	5726.1	
901.58	5726.1	
901.75	5726.1	
901.91	5726.1	
902.07	5726.1	
902.24	5726.1	
902.4	5726.1	
902.57	5726.1	
902.73	5726.1	
902.9	5726.1	
903.06	5726.1	
903.23	5726.1	
903.39	5726.1	
903.56	5726.1	
903.72	5726.1	
903.88	5726.1	
904.05	5726.1	
904.21	5726.1	
904.38	5726.1	
904.54	5726.1	
904.71	5726.1	
904.87	5726.1	
905.03	5726.1	
905.2	5726.1	
905.36	5726.1	
905.53	5726.1	
905.69	5726.1	
905.86	5726.1	
906.02	5726.1	
906.18	5726.1	
906.35	5726.1	
906.51	5726.1	
906.68	5726.1	
906.84	5726.1	
907.01	5726.1	
907.17	5726.1	
907.33	5726.1	
907.5	5726.1	
907.66	5726.1	
907.83	5726.1	
907.99	5726.1	
908.15	5726.1	
908.32	5726.1	
908.48	5726.1	
908.65	5726.1	
908.81	5726.1	
908.97	5726.1	
909.14	5726.1	
909.3	5726.1	
909.47	5726.1	
909.63	5726.1	
909.79	5726.1	
909.96	5726.1	
910.12	5726.1	
910.28	5726.1	
910.45	5726.1	
910.61	5726.1	
910.78	5726.1	
910.94	5726.1	
911.1	5726.1	
911.27	5726.1	
911.43	5726.1	
911.59	5726.1	
911.76	5726.1	
911.92	5726.1	
912.08	5726.1	
912.25	5726.1	
912.41	5726.1	
912.57	5726.1	
912.74	5726.1	
912.9	5726.1	
913.07	5726.1	
913.23	5726.1	
913.39	5726.1	
913.56	5726.1	
913.72	5726.1	
913.88	5726.1	
914.05	5726.1	
914.21	5726.1	
914.37	5726.1	
914.54	5726.1	
914.7	5726.1	
914.86	5726.1	
915.03	5726.1	
915.19	5726.1	
