Wavelength	Intensities	
nm	a.u.	
179.22	1503.6	
179.44	1496.4	
179.65	1510.7	
179.86	1482	
180.08	1480.7	
180.29	3299.3	
180.51	2650.8	
180.72	4482.3	
180.94	4863.9	
181.15	2358.6	
181.37	2387.9	
181.58	4282.3	
181.79	4422.2	
182.01	2457.6	
182.22	2535.4	
182.44	4478.9	
182.65	3973.7	
182.87	3066.5	
183.08	2757.2	
183.29	4670.7	
183.51	4030.4	
183.72	2506	
183.94	3366.9	
184.15	4274.1	
184.37	4126	
184.58	2340.1	
184.79	2875.3	
185.01	4068.6	
185.22	4573.8	
185.44	2981.2	
185.65	2633.7	
185.86	4318.5	
186.08	4004.5	
186.29	2309.4	
186.51	2398.9	
186.72	4113.7	
186.94	4537.6	
187.15	2772.3	
187.36	2729.9	
187.58	5499.5	
187.79	4345.1	
188.01	2766.8	
188.22	4002.4	
188.43	4999.1	
188.65	4463.2	
188.86	2435	
189.08	2835.1	
189.29	4118.5	
189.5	4058.4	
189.72	2559.3	
189.93	2595.5	
190.15	4556	
190.36	5166.3	
190.57	2760.7	
190.79	2681.5	
191	4503.5	
191.22	4590.2	
191.43	2819.4	
191.64	2433.7	
191.86	4674.8	
192.07	4617.5	
192.29	2514.2	
192.5	2547.7	
192.71	4610.7	
192.93	4137.6	
193.14	2519.7	
193.35	2646	
193.57	4102.1	
193.78	4597	
194	2163.3	
194.21	2492.4	
194.42	3949.8	
194.64	4246.1	
194.85	2680.8	
195.07	3059	
195.28	4207.2	
195.49	3901.4	
195.71	3196.2	
195.92	2418	
196.13	4395.6	
196.35	4356	
196.56	3299.3	
196.78	2743.6	
196.99	5142.4	
197.2	4840.7	
197.42	2964.8	
197.63	2719	
197.84	3971	
198.06	4414.1	
198.27	2509.4	
198.48	3145.7	
198.7	4129.4	
198.91	4315.1	
199.13	2742.2	
199.34	2753.8	
199.55	4618.2	
199.77	3749.1	
199.98	2517	
200.19	2723.8	
200.41	4279.6	
200.62	4028.4	
200.83	2723.1	
201.05	2973.7	
201.26	4279.6	
201.47	4090.5	
201.69	2470.5	
201.9	2482.8	
202.11	4278.9	
202.33	4827.1	
202.54	2592.7	
202.76	2874	
202.97	4250.9	
203.18	4420.2	
203.4	2798.2	
203.61	2867.2	
203.82	4259.8	
204.04	4083.6	
204.25	2702	
204.46	2714.2	
204.68	4255	
204.89	4369.7	
205.1	2707.4	
205.32	2383.2	
205.53	4432.5	
205.74	4536.3	
205.96	2211.8	
206.17	2743.6	
206.38	4405.2	
206.6	4491.9	
206.81	2988	
207.02	2570.2	
207.24	4421.6	
207.45	4633.2	
207.66	2653.5	
207.88	2368.8	
208.09	4338.3	
208.3	4227	
208.52	2487.6	
208.73	2693.8	
208.94	4256.4	
209.15	4638.6	
209.37	2669.2	
209.58	2691.7	
209.79	4610.7	
210.01	4160.8	
210.22	2283.5	
210.43	2325.1	
210.65	4214	
210.86	4371.7	
211.07	2610.5	
211.29	2495.1	
211.5	4405.2	
211.71	4229.1	
211.93	2505.3	
212.14	2495.8	
212.35	4276.8	
212.56	4212.7	
212.78	2785.9	
212.99	2306.7	
213.2	4739.7	
213.42	4168.3	
213.63	2555.2	
213.84	2654.9	
214.06	4008.6	
214.27	3904.8	
214.48	2592	
214.69	2704	
214.91	4658.4	
215.12	4642.7	
215.33	2742.2	
215.55	2900.6	
215.76	4964.3	
215.97	4390.8	
216.18	2659.6	
216.4	2648.7	
216.61	4052.2	
216.82	4506.2	
217.04	2539.5	
217.25	2535.4	
217.46	4521.2	
217.67	4454.3	
217.89	2292.4	
218.1	2336.7	
218.31	4216.1	
218.53	4360.8	
218.74	2613.9	
218.95	2488.3	
219.16	4253.6	
219.38	4738.3	
219.59	2570.2	
219.8	2865.1	
220.01	4975.9	
220.23	4263.2	
220.44	3043.3	
220.65	2428.9	
220.87	4332.8	
221.08	4635.9	
221.29	2425.5	
221.5	2925.2	
221.72	5250.3	
221.93	4052.2	
222.14	2732	
222.35	3123.8	
222.57	4274.1	
222.78	4586.1	
222.99	2666.5	
223.2	2751.8	
223.42	4416.8	
223.63	4447.5	
223.84	2111.5	
224.05	2185.2	
224.27	4928.1	
224.48	4694.6	
224.69	3158.7	
224.9	2734.7	
225.12	4356.7	
225.33	4240	
225.54	2299.2	
225.75	2534.7	
225.97	4036.5	
226.18	4219.5	
226.39	2632.3	
226.6	2490.3	
226.82	4113	
227.03	3930.1	
227.24	2734	
227.45	2372.2	
227.67	4526.7	
227.88	4644.1	
228.09	3063.8	
228.3	2935.4	
228.52	4411.3	
228.73	4205.2	
228.94	2594.8	
229.15	2409.1	
229.36	4252.9	
229.58	4248.9	
229.79	2663	
230	2979.8	
230.21	4899.4	
230.43	4242	
230.64	2676.7	
230.85	2779.8	
231.06	4545.8	
231.28	4511.7	
231.49	2349	
231.7	2742.9	
231.91	4434.5	
232.12	4227	
232.34	2463	
232.55	2707.4	
232.76	4545.8	
232.97	4321.2	
233.18	2464.4	
233.4	2757.9	
233.61	4257	
233.82	4084.3	
234.03	2601.6	
234.25	2615.3	
234.46	5299.5	
234.67	4305.5	
234.88	2785.2	
235.09	2519	
235.31	4286.4	
235.52	4143	
235.73	2674.6	
235.94	2383.8	
236.15	4132.8	
236.37	4864.6	
236.58	2490.3	
236.79	2645.3	
237	4456.4	
237.21	3904.1	
237.43	2811.2	
237.64	2317.6	
237.85	6365.8	
238.06	4017.4	
238.27	2705.4	
238.48	2461	
238.7	4484.4	
238.91	4231.8	
239.12	2568.2	
239.33	2732	
239.54	4064.5	
239.76	4158.1	
239.97	2616.6	
240.18	2684.9	
240.39	4860.5	
240.6	4318.5	
240.82	2822.8	
241.03	2385.9	
241.24	4198.3	
241.45	4662.5	
241.66	2488.3	
241.87	2854.2	
242.09	4762.9	
242.3	4763.6	
242.51	2859	
242.72	2611.8	
242.93	4464.6	
243.14	4217.5	
243.36	2953.9	
243.57	3145	
243.78	4698	
243.99	4375.8	
244.2	2602.3	
244.41	2452.1	
244.63	3976.5	
244.84	4320.5	
245.05	2777.7	
245.26	2611.2	
245.47	4465.3	
245.68	4455.7	
245.9	3252.2	
246.11	2781.1	
246.32	4068.6	
246.53	4384.7	
246.74	3955.3	
246.95	2321	
247.16	4105.5	
247.38	4254.3	
247.59	2413.9	
247.8	2641.9	
248.01	3905.5	
248.22	4240	
248.43	2465.1	
248.64	2646	
248.86	3985.3	
249.07	4109.6	
249.28	2460.3	
249.49	2760.7	
249.7	4451.6	
249.91	4498.7	
250.12	2383.2	
250.34	2378.4	
250.55	4343.1	
250.76	4241.3	
250.97	2729.3	
251.18	2742.9	
251.39	4597.7	
251.6	4378.6	
251.81	2739.5	
252.03	2694.4	
252.24	4102.8	
252.45	4422.2	
252.66	2406.4	
252.87	2817.3	
253.08	4276.2	
253.29	5078.3	
253.5	2424.1	
253.72	3074.7	
253.93	4183.3	
254.14	4779.3	
254.35	2538.1	
254.56	2591.4	
254.77	4343.7	
254.98	4050.9	
255.19	2553.1	
255.41	3051.5	
255.62	4408.6	
255.83	4612.7	
256.04	2824.8	
256.25	2678.7	
256.46	4877.6	
256.67	4059.8	
256.88	2760.7	
257.09	2914.3	
257.31	3936.2	
257.52	3995.6	
257.73	3250.1	
257.94	2588.6	
258.15	4234.5	
258.36	4230.4	
258.57	3071.3	
258.78	2151	
258.99	4529.4	
259.2	4103.4	
259.41	2499.9	
259.63	2700.6	
259.84	4732.9	
260.05	4838	
260.26	3168.2	
260.47	2530.6	
260.68	4586.8	
260.89	4135.5	
261.1	2968.9	
261.31	2456.9	
261.52	4644.8	
261.73	4776.5	
261.95	3161.4	
262.16	2758.6	
262.37	4614.1	
262.58	4666	
262.79	3134.8	
263	2582.5	
263.21	4294.6	
263.42	4079.6	
263.63	2731.3	
263.84	2592	
264.05	4530.8	
264.26	4674.1	
264.47	3037.1	
264.69	2786.6	
264.9	4713.1	
265.11	4248.2	
265.32	2485.6	
265.53	2490.3	
265.74	4338.3	
265.95	3857	
266.16	2640.5	
266.37	2848.7	
266.58	4381.3	
266.79	4065.9	
267	2566.1	
267.21	2443.9	
267.42	3969	
267.63	4205.2	
267.84	2598.2	
268.06	2328.5	
268.27	4479.6	
268.48	4627.7	
268.69	2595.5	
268.9	2927.9	
269.11	4502.8	
269.32	3889.1	
269.53	2648.7	
269.74	2531.3	
269.95	4328.7	
270.16	3925.3	
270.37	2707.4	
270.58	2976.4	
270.79	4186.7	
271	4564.9	
271.21	2760	
271.42	2698.5	
271.63	4423.6	
271.84	3999.7	
272.05	2283.5	
272.26	2450.1	
272.47	4235.9	
272.68	4262.5	
272.89	2650.8	
273.11	2863.1	
273.32	4048.2	
273.53	4667.3	
273.74	2774.3	
273.95	2776.4	
274.16	4460.5	
274.37	4214.7	
274.58	2912.9	
274.79	2402.3	
275	4406.5	
275.21	4489.8	
275.42	3283.6	
275.63	2803	
275.84	4412	
276.05	5199.8	
276.26	2750.4	
276.47	2575	
276.68	4237.2	
276.89	4805.9	
277.1	2885.6	
277.31	2399.5	
277.52	4338.3	
277.73	4659.8	
277.94	2395.4	
278.15	2533.3	
278.36	4426.3	
278.57	4063.2	
278.78	2578.4	
278.99	2755.9	
279.2	4177.2	
279.41	4057	
279.62	3187.3	
279.83	2400.2	
280.04	4917.9	
280.25	4008.6	
280.46	3175.7	
280.67	2635.1	
280.88	4089.1	
281.09	4529.4	
281.3	2745.6	
281.51	3293.8	
281.72	4086.4	
281.93	4431.8	
282.14	2578.4	
282.35	2734	
282.56	4599.7	
282.77	4474.8	
282.98	2586.6	
283.19	3017.3	
283.4	5217.5	
283.61	4213.4	
283.82	2462.3	
284.03	3146.4	
284.24	4432.5	
284.45	4515.1	
284.66	3179.8	
284.87	2949.1	
285.08	4597	
285.29	4679.6	
285.5	2384.5	
285.71	2667.8	
285.92	4523.3	
286.12	4904.2	
286.33	3109.5	
286.54	2664.4	
286.75	4494.6	
286.96	4162.8	
287.17	2455.5	
287.38	3009.1	
287.59	4141	
287.8	4149.9	
288.01	2580.4	
288.22	2850.8	
288.43	4340.3	
288.64	3883.6	
288.85	3044.6	
289.06	2909.5	
289.27	4472.8	
289.48	4684.4	
289.69	3220.1	
289.9	2886.3	
290.11	4616.8	
290.32	4139.6	
290.53	2973.7	
290.74	2772.3	
290.94	4530.1	
291.15	4497.3	
291.36	2473.9	
291.57	2836.4	
291.78	4135.5	
291.99	3867.2	
292.2	2480.1	
292.41	2779.8	
292.62	4522.6	
292.83	4428.4	
293.04	3379.8	
293.25	2503.3	
293.46	4186.7	
293.67	4513	
293.88	2475.3	
294.09	2502.6	
294.29	4045.4	
294.5	4291.9	
294.71	2646.7	
294.92	2555.2	
295.13	4190.1	
295.34	4894.6	
295.55	2340.8	
295.76	2338.1	
295.97	4471.4	
296.18	4759.5	
296.39	2422.7	
296.6	2523.8	
296.81	4249.5	
297.01	4489.1	
297.22	2671.2	
297.43	2551.1	
297.64	4216.1	
297.85	3988.1	
298.06	2213.2	
298.27	2357.2	
298.48	4204.5	
298.69	4068.6	
298.9	2792.7	
299.11	2487.6	
299.31	4028.4	
299.52	4038.6	
299.73	2880.1	
299.94	2820.7	
300.15	4315.1	
300.36	4145.8	
300.57	2771.6	
300.78	2776.4	
300.99	4139.6	
301.2	4273.4	
301.4	2563.4	
301.61	2691	
301.82	4397.7	
302.03	4457.1	
302.24	2940.2	
302.45	2437.1	
302.66	4383.3	
302.87	4498.7	
303.08	2565.4	
303.29	3200.3	
303.49	4182	
303.7	4169	
303.91	2358.6	
304.12	3076	
304.33	3929.4	
304.54	4377.2	
304.75	2599.6	
304.96	2538.1	
305.16	4383.3	
305.37	4787.5	
305.58	2328.5	
305.79	2361.3	
306	4467.3	
306.21	3878.9	
306.42	2472.6	
306.63	3519.1	
306.83	4175.1	
307.04	4412	
307.25	2723.8	
307.46	2675.3	
307.67	3919.8	
307.88	4422.2	
308.09	2614.6	
308.29	2517.6	
308.5	4298	
308.71	4504.8	
308.92	2691.7	
309.13	2431.6	
309.34	4289.1	
309.55	4239.3	
309.75	3006.4	
309.96	2728.6	
310.17	4463.2	
310.38	4041.3	
310.59	2847.4	
310.8	2749.7	
311.01	4812	
311.21	4199	
311.42	2480.8	
311.63	2521	
311.84	4123.2	
312.05	4260.5	
312.26	2762	
312.46	2927.9	
312.67	4220.2	
312.88	3915	
313.09	2467.8	
313.3	2441.2	
313.51	4666	
313.71	4861.9	
313.92	2461	
314.13	2581.8	
314.34	4421.6	
314.55	4240	
314.76	2941.6	
314.96	2694.4	
315.17	4398.4	
315.38	4309.6	
315.59	2487.6	
315.8	2398.9	
316.01	4565.6	
316.21	4721.3	
316.42	2455.5	
316.63	2717.7	
316.84	4221.5	
317.05	4537.6	
317.26	2797.5	
317.46	2594.8	
317.67	4190.1	
317.88	4422.2	
318.09	2963.4	
318.3	2347.7	
318.5	4171	
318.71	4322.6	
318.92	3590.1	
319.13	2870.6	
319.34	4492.6	
319.54	4605.2	
319.75	2387.2	
319.96	2285.5	
320.17	4375.8	
320.38	4541.7	
320.58	2308.1	
320.79	2656.9	
321	4575.2	
321.21	4644.8	
321.42	2681.5	
321.62	2364	
321.83	4120.5	
322.04	4289.1	
322.25	2662.4	
322.46	2495.1	
322.66	4291.2	
322.87	4478.2	
323.08	2940.9	
323.29	2394.1	
323.5	4845.5	
323.7	3960.8	
323.91	3186	
324.12	2875.3	
324.33	4434.5	
324.53	4420.9	
324.74	2788	
324.95	2836.4	
325.16	3973.7	
325.37	4136.9	
325.57	2468.5	
325.78	2534	
325.99	4417.5	
326.2	3945.8	
326.4	3248.1	
326.61	2365.4	
326.82	4191.5	
327.03	4311	
327.24	3250.8	
327.44	3062.4	
327.65	4429.1	
327.86	3736.9	
328.07	2797.5	
328.27	2439.1	
328.48	4695.3	
328.69	3950.5	
328.9	3233.1	
329.1	2555.2	
329.31	4227.7	
329.52	4628.4	
329.73	2498.5	
329.93	2692.4	
330.14	4332.1	
330.35	4382.7	
330.56	3606.5	
330.76	2869.2	
330.97	4171.7	
331.18	4254.3	
331.39	2710.8	
331.59	2363.4	
331.8	4554	
332.01	4589.5	
332.22	2547	
332.42	2784.6	
332.63	4306.9	
332.84	4007.2	
333.05	2689	
333.25	2520.4	
333.46	4067.9	
333.67	4199	
333.88	2651.4	
334.08	2740.2	
334.29	5198.4	
334.5	4490.5	
334.7	2432.3	
334.91	3209.8	
335.12	3957.4	
335.33	4396.3	
335.53	2657.6	
335.74	3546.4	
335.95	4200.4	
336.16	3941	
336.36	2762	
336.57	2977.7	
336.78	3875.4	
336.98	4590.9	
337.19	3182.5	
337.4	2603	
337.61	4913.8	
337.81	3977.2	
338.02	2563.4	
338.23	3028.9	
338.43	4720.6	
338.64	4076.8	
338.85	2497.8	
339.05	3139.5	
339.26	4747.9	
339.47	3901.4	
339.68	2480.8	
339.88	3325.2	
340.09	4495.3	
340.3	4526.7	
340.5	2787.3	
340.71	2344.9	
340.92	4031.8	
341.13	4560.1	
341.33	2382.5	
341.54	2783.2	
341.75	4379.2	
341.95	4117.8	
342.16	2687.6	
342.37	2885.6	
342.57	3984.7	
342.78	4194.2	
342.99	2871.9	
343.19	2303.3	
343.4	4485.1	
343.61	4404.5	
343.81	2614.6	
344.02	2375	
344.23	4450.2	
344.43	4654.4	
344.64	2956.6	
344.85	2854.9	
345.06	4433.9	
345.26	4529.4	
345.47	2831.7	
345.68	3153.2	
345.88	3960.8	
346.09	4517.8	
346.3	2776.4	
346.5	2226.1	
346.71	4155.3	
346.92	4100.7	
347.12	2448	
347.33	2742.9	
347.54	4504.2	
347.74	4758.1	
347.95	2746.3	
348.16	2235.7	
348.36	4087.7	
348.57	3997.6	
348.78	2891	
348.98	2910.8	
349.19	4189.5	
349.39	3890.5	
349.6	2374.3	
349.81	2535.4	
350.01	4414.7	
350.22	4079.6	
350.43	2740.9	
350.63	3121.1	
350.84	4239.3	
351.05	4067.9	
351.25	2504	
351.46	2377.7	
351.67	4498	
351.87	4040	
352.08	2683.5	
352.29	2926.5	
352.49	4490.5	
352.7	4292.5	
352.9	2437.1	
353.11	2959.3	
353.32	4807.3	
353.52	4143	
353.73	2524.5	
353.94	2990	
354.14	4429.8	
354.35	4191.5	
354.55	2534	
354.76	2785.2	
354.97	4360.8	
355.17	4185.4	
355.38	2508.1	
355.59	3056.3	
355.79	4081.6	
356	4163.5	
356.2	2728.6	
356.41	2508.8	
356.62	4024.3	
356.82	4201.7	
357.03	2921.8	
357.24	2646.7	
357.44	4084.3	
357.65	4140.3	
357.85	3289.7	
358.06	2789.3	
358.27	3962.8	
358.47	4039.3	
358.68	2480.8	
358.88	2930.6	
359.09	4421.6	
359.3	4549.9	
359.5	3254.2	
359.71	2970.9	
359.91	4747.9	
360.12	4419.5	
360.33	2951.1	
360.53	3177.1	
360.74	4187.4	
360.94	4175.1	
361.15	3048.7	
361.36	2670.6	
361.56	4590.9	
361.77	4308.2	
361.97	3224.9	
362.18	2801.6	
362.38	4644.1	
362.59	4076.8	
362.8	2603	
363	2611.8	
363.21	4033.8	
363.41	4331.5	
363.62	2928.6	
363.83	3369.6	
364.03	4506.9	
364.24	4754.7	
364.44	3494.5	
364.65	3399.6	
364.85	4274.8	
365.06	4140.3	
365.27	2723.8	
365.47	2806.4	
365.68	4782.7	
365.88	4303.5	
366.09	2964.1	
366.29	2753.8	
366.5	4302.8	
366.71	4535.6	
366.91	3402.4	
367.12	3061.7	
367.32	4958.8	
367.53	4485.1	
367.73	3045.3	
367.94	3527.3	
368.14	4611.3	
368.35	4810.7	
368.56	2980.5	
368.76	2692.4	
368.97	4562.2	
369.17	5376.6	
369.38	2726.5	
369.58	2944.3	
369.79	4020.2	
369.99	4811.4	
370.2	3406.5	
370.4	2965.5	
370.61	4399	
370.82	5086.5	
371.02	2969.6	
371.23	2594.1	
371.43	4136.2	
371.64	4859.1	
371.84	2947.7	
372.05	3462.4	
372.25	5276.3	
372.46	4508.3	
372.66	2936.8	
372.87	2925.2	
373.07	4530.1	
373.28	5446.2	
373.48	3469.9	
373.69	3302	
373.9	4386.7	
374.1	4412	
374.31	3398.3	
374.51	3117	
374.72	4780.6	
374.92	4295.3	
375.13	3521.1	
375.33	3136.8	
375.54	4531.5	
375.74	4356	
375.95	3201	
376.15	3774.4	
376.36	4702.1	
376.56	4629.8	
376.77	3198.2	
376.97	3365.5	
377.18	5245.5	
377.38	4649.6	
377.59	3478.1	
377.79	3088.3	
378	4627.7	
378.2	4780	
378.41	3067.9	
378.61	2968.2	
378.82	4897.4	
379.02	4529.4	
379.23	3156.6	
379.43	3618.8	
379.64	5031.9	
379.84	4709	
380.05	3033	
380.25	2936.8	
380.46	4768.4	
380.66	4528.1	
380.87	3670.6	
381.07	3869.3	
381.28	5019.6	
381.48	4691.2	
381.69	3031.7	
381.89	3096.5	
382.1	4220.9	
382.3	4729.4	
382.51	3568.2	
382.71	3984.7	
382.91	4580.6	
383.12	4914.4	
383.32	3149.1	
383.53	3215.3	
383.73	4577.9	
383.94	4597.7	
384.14	3213.3	
384.35	2844.6	
384.55	4366.3	
384.76	4652.3	
384.96	3166.2	
385.17	3318.4	
385.37	4762.2	
385.58	4225	
385.78	3300	
385.98	2817.3	
386.19	4501.4	
386.39	4631.8	
386.6	3039.9	
386.8	3163.4	
387.01	4703.5	
387.21	4771.1	
387.42	3390.8	
387.62	3649.5	
387.83	4437.3	
388.03	4431.1	
388.23	3273.3	
388.44	3552.5	
388.64	4286.4	
388.85	4324.6	
389.05	3332	
389.26	3663.1	
389.46	5477	
389.67	5076.9	
389.87	3367.5	
390.07	3417.4	
390.28	4543.8	
390.48	4359.4	
390.69	3037.8	
390.89	3248.8	
391.1	4507.6	
391.3	4909.7	
391.5	3818.1	
391.71	4047.5	
391.91	4896.7	
392.12	5168.4	
392.32	3820.1	
392.53	3426.9	
392.73	4516.5	
392.93	4568.3	
393.14	3254.2	
393.34	3741.6	
393.55	4883	
393.75	4518.5	
393.95	3255.6	
394.16	3216	
394.36	4501.4	
394.57	4803.9	
394.77	3050.1	
394.98	3178.4	
395.18	4491.2	
395.38	4508.3	
395.59	3667.9	
395.79	3183.9	
396	4648.2	
396.2	4896.7	
396.4	3619.4	
396.61	3590.1	
396.81	4825.7	
397.02	4577.9	
397.22	3697.3	
397.42	3752.6	
397.63	5001.1	
397.83	4547.9	
398.04	3223.5	
398.24	3427.6	
398.44	4782	
398.65	4293.9	
398.85	3128.6	
399.05	3155.2	
399.26	4661.2	
399.46	5409.4	
399.67	3432.4	
399.87	3236.5	
400.07	4731.5	
400.28	4928.8	
400.48	3295.9	
400.69	3803.8	
400.89	4972.5	
401.09	5289.2	
401.3	3278.1	
401.5	3816	
401.7	5295.4	
401.91	5381.4	
402.11	3496.6	
402.32	3493.8	
402.52	5048.9	
402.72	4971.8	
402.93	3639.9	
403.13	3006.4	
403.33	5371.1	
403.54	4689.8	
403.74	3384.6	
403.94	3781.9	
404.15	4714.4	
404.35	5316.5	
404.56	3383.9	
404.76	4284.4	
404.96	5048.2	
405.17	4937.7	
405.37	3710.9	
405.57	3643.3	
405.78	5092.6	
405.98	4715.8	
406.18	3435.1	
406.39	3760.1	
406.59	4990.9	
406.79	4668.7	
407	3223.5	
407.2	3239.2	
407.4	5240.8	
407.61	5086.5	
407.81	3367.5	
408.01	4450.9	
408.22	4440.7	
408.42	5517.2	
408.62	4038.6	
408.83	3743.7	
409.03	4917.2	
409.23	4926.7	
409.44	3644.7	
409.64	3879.5	
409.84	5410.1	
410.05	5381.4	
410.25	3938.9	
410.45	3747.8	
410.66	5245.5	
410.86	6443.6	
411.06	4067.9	
411.27	3947.8	
411.47	6378.1	
411.67	5257.8	
411.88	4072.7	
412.08	4168.3	
412.28	5575.9	
412.49	5845.6	
412.69	3943.7	
412.89	4017.4	
413.09	5812.8	
413.3	5724.8	
413.5	4035.9	
413.7	3875.4	
413.91	5288.5	
414.11	5821.7	
414.31	4003.8	
414.52	4156	
414.72	5689.9	
414.92	5590.3	
415.12	3936.2	
415.33	4252.9	
415.53	5730.2	
415.73	5861.3	
415.94	4371	
416.14	4046.1	
416.34	5419.6	
416.55	5168.4	
416.75	4657.1	
416.95	4441.4	
417.15	5907.7	
417.36	6208.8	
417.56	4899.4	
417.76	4410	
417.97	5984.2	
418.17	5890	
418.37	4283	
418.57	4204.5	
418.78	5885.9	
418.98	5653.1	
419.18	4622.3	
419.38	4570.4	
419.59	5568.4	
419.79	5263.3	
419.99	4083	
420.2	4285.7	
420.4	5851	
420.6	5860.6	
420.8	4025.6	
421.01	4067.9	
421.21	5815.5	
421.41	5771.9	
421.61	4293.2	
421.82	4123.9	
422.02	5584.1	
422.22	6085.2	
422.42	4435.2	
422.63	4269.3	
422.83	5519.3	
423.03	6189	
423.23	4345.8	
423.44	3832.4	
423.64	5543.9	
423.84	5356.1	
424.04	4106.9	
424.25	3835.2	
424.45	6028.5	
424.65	5978.7	
424.85	3759.4	
425.06	3992.9	
425.26	6163.7	
425.46	5449	
425.66	4235.9	
425.87	4146.5	
426.07	5857.9	
426.27	5680.4	
426.47	4133.5	
426.67	3851.5	
426.88	6036	
427.08	5764.3	
427.28	4350.6	
427.48	3789.4	
427.69	5284.4	
427.89	5580.7	
428.09	4230.4	
428.29	3790.1	
428.5	5828.5	
428.7	5634.6	
428.9	3814	
429.1	4047.5	
429.3	5655.1	
429.51	5746.6	
429.71	3986.7	
429.91	4483.7	
430.11	5913.2	
430.31	6055.2	
430.52	4123.2	
430.72	4303.5	
430.92	6072.9	
431.12	5760.3	
431.32	3880.9	
431.53	4169	
431.73	5245.5	
431.93	6071.5	
432.13	3882.9	
432.33	3871.3	
432.54	5595.7	
432.74	5547.9	
432.94	3837.9	
433.14	4441.4	
433.34	5948	
433.55	5608.7	
433.75	4355.3	
433.95	5325.4	
434.15	5730.2	
434.35	5488.6	
434.56	3975.8	
434.76	3677.5	
434.96	5693.4	
435.16	5827.8	
435.36	3867.2	
435.56	4497.3	
435.77	5602.6	
435.97	5656.5	
436.17	4832.5	
436.37	4422.2	
436.57	5425.1	
436.78	5494.7	
436.98	4455.7	
437.18	4812	
437.38	5754.8	
437.58	5538.4	
437.78	4804.5	
437.99	4087.1	
438.19	5845.6	
438.39	6265.4	
438.59	4033.1	
438.79	3790.8	
438.99	6181.5	
439.2	5450.3	
439.4	3835.2	
439.6	3855	
439.8	5644.2	
440	6263.4	
440.2	4461.2	
440.4	4500.8	
440.61	6079.1	
440.81	6234.7	
441.01	4078.2	
441.21	4527.4	
441.41	6295.5	
441.61	5933.6	
441.81	4678.9	
442.02	5116.5	
442.22	6453.8	
442.42	6068.8	
442.62	4088.4	
442.82	4150.6	
443.02	6346.7	
443.22	5837.4	
443.43	4354	
443.63	4107.5	
443.83	5711.8	
444.03	5723.4	
444.23	4713.1	
444.43	4513.7	
444.63	6004	
444.83	6457.2	
445.04	4162.8	
445.24	4881	
445.44	6064.7	
445.64	6019.7	
445.84	4468.7	
446.04	4622.3	
446.24	5599.8	
446.44	6175.3	
446.65	4119.1	
446.85	4361.5	
447.05	5823.1	
447.25	6167.8	
447.45	4406.5	
447.65	4024.9	
447.85	5958.9	
448.05	5571.2	
448.25	4524	
448.46	4442.7	
448.66	5900.2	
448.86	5679.7	
449.06	4092.5	
449.26	4512.4	
449.46	6044.2	
449.66	5626.5	
449.86	4352.6	
450.06	4334.9	
450.26	5696.1	
450.47	6043.6	
450.67	4446.8	
450.87	4568.3	
451.07	6212.9	
451.27	5839.4	
451.47	4066.6	
451.67	4572.4	
451.87	5793.7	
452.07	6346.7	
452.27	4238.6	
452.47	4204.5	
452.67	5963	
452.88	6055.8	
453.08	3910.9	
453.28	4857.1	
453.48	6574	
453.68	5790.3	
453.88	4202.4	
454.08	4254.3	
454.28	6090	
454.48	5835.3	
454.68	4594.3	
454.88	4741.7	
455.08	6208.8	
455.28	5979.4	
455.48	4153.3	
455.68	4569.7	
455.89	6464.8	
456.09	6171.2	
456.29	4300.1	
456.49	4486.4	
456.69	6361	
456.89	5902.9	
457.09	4577.9	
457.29	4833.9	
457.49	6195.8	
457.69	6232	
457.89	4638.6	
458.09	4296.6	
458.29	6082.5	
458.49	6492.7	
458.69	4866	
458.89	4523.3	
459.09	6609.5	
459.29	6524.8	
459.49	4502.8	
459.69	4941.7	
459.9	6279.8	
460.1	6092	
460.3	4437.9	
460.5	4316.4	
460.7	6356.2	
460.9	6014.2	
461.1	4223.6	
461.3	4860.5	
461.5	6778.8	
461.7	6474.3	
461.9	4460.5	
462.1	4678.9	
462.3	6358.3	
462.5	6522.8	
462.7	4527.4	
462.9	4629.8	
463.1	7064.8	
463.3	6933.7	
463.5	4795	
463.7	5173.2	
463.9	6438.1	
464.1	6594.5	
464.3	4835.9	
464.5	4919.2	
464.7	6763.8	
464.9	6503.7	
465.1	5504.9	
465.3	5105.6	
465.5	6886.6	
465.7	6922.8	
465.9	5284.4	
466.1	5038.7	
466.3	6729.6	
466.5	6699.6	
466.7	5613.5	
466.9	5171.8	
467.1	6900.3	
467.3	7185	
467.5	5643.5	
467.7	4999.1	
467.9	7441	
468.1	7809.6	
468.3	5406.6	
468.5	5665.4	
468.7	6709.1	
468.9	6642.2	
469.1	5184.1	
469.3	5566.4	
469.5	7757.7	
469.7	6518.7	
469.9	5517.2	
470.1	5057.8	
470.3	6851.1	
470.5	6808.1	
470.7	5664.7	
470.9	5044.8	
471.1	6610.2	
471.3	6821.8	
471.5	4979.3	
471.69	5887.2	
471.89	6681.2	
472.09	6197.2	
472.29	5406	
472.49	5503.6	
472.69	6318.7	
472.89	6724.8	
473.09	4967.7	
473.29	5016.2	
473.49	6516.6	
473.69	6400.6	
473.89	5378.6	
474.09	5057.1	
474.29	7210.9	
474.49	6883.2	
474.69	5390.9	
474.89	5015.5	
475.09	6522.8	
475.29	6481.8	
475.49	4848.2	
475.69	4936.3	
475.88	7363.8	
476.08	6737.8	
476.28	4759.5	
476.48	4915.8	
476.68	7030.7	
476.88	6704.4	
477.08	4884.4	
477.28	5008	
477.48	6583.5	
477.68	6781.5	
477.88	4745.1	
478.08	4975.9	
478.28	7002.7	
478.48	6599.9	
478.67	5023	
478.87	4618.9	
479.07	6899.6	
479.27	6623.1	
479.47	4986.8	
479.67	5133.6	
479.87	6860	
480.07	6980.8	
480.27	4715.8	
480.47	5472.2	
480.67	6618.4	
480.87	6931.7	
481.06	4870.1	
481.26	5316.5	
481.46	6651.1	
481.66	6552.1	
481.86	5168.4	
482.06	5561.6	
482.26	6485.2	
482.46	6827.9	
482.66	5003.2	
482.86	4795.7	
483.05	6822.5	
483.25	6277	
483.45	6355.5	
483.65	5068.7	
483.85	6312.5	
484.05	6593.1	
484.25	5310.4	
484.45	5485.8	
484.65	6886.6	
484.84	7033.4	
485.04	4998.4	
485.24	4952	
485.44	7288.7	
485.64	6368.5	
485.84	4689.2	
486.04	5304.9	
486.24	6528.2	
486.44	6694.1	
486.63	4664.6	
486.83	5246.2	
487.03	6531.7	
487.23	6590.4	
487.43	4751.3	
487.63	5910.4	
487.83	6627.2	
488.02	6741.9	
488.22	5196.4	
488.42	5496.7	
488.62	7129.7	
488.82	6475.7	
489.02	5109.7	
489.22	5094.7	
489.41	6819.7	
489.61	6960.4	
489.81	4932.2	
490.01	4949.3	
490.21	7062.8	
490.41	7410.2	
490.61	4906.3	
490.8	5022.3	
491	6703	
491.2	6399.9	
491.4	5238.7	
491.6	4782	
491.8	6699.6	
491.99	6632	
492.19	4764.9	
492.39	4854.4	
492.59	6898.2	
492.79	7118.7	
492.99	5408	
493.18	4934.9	
493.38	7235.5	
493.58	7478.5	
493.78	5367	
493.98	5065.3	
494.18	6930.3	
494.37	6590.4	
494.57	5422.3	
494.77	5339.7	
494.97	7136.5	
495.17	7285.3	
495.37	5264	
495.56	5421.7	
495.76	7292.1	
495.96	7142.6	
496.16	5980.1	
496.36	5327.4	
496.55	7273.7	
496.75	7005.4	
496.95	5479	
497.15	5413.5	
497.35	7354.9	
497.54	7210.2	
497.74	5385.5	
497.94	6302.3	
498.14	7636.9	
498.34	7417.1	
498.53	5235.3	
498.73	5621.7	
498.93	6857.3	
499.13	7198.6	
499.33	5588.2	
499.52	5763.7	
499.72	7342.7	
499.92	7380.2	
500.12	5371.1	
500.32	5544.5	
500.51	7367.2	
500.71	7176.1	
500.91	5873.6	
501.11	5649	
501.31	7329	
501.5	7599.3	
501.7	6070.9	
501.9	5405.3	
502.1	7201.3	
502.29	7516	
502.49	5851	
502.69	5911.8	
502.89	7364.5	
503.09	7339.2	
503.28	5188.2	
503.48	5242.8	
503.68	6964.5	
503.88	6836.8	
504.07	5715.9	
504.27	5374.6	
504.47	7138.5	
504.67	7131.7	
504.86	5664.7	
505.06	5578.7	
505.26	7043.6	
505.46	7761.1	
505.65	5444.9	
505.85	5583.4	
506.05	6920.1	
506.25	7139.9	
506.44	5153.4	
506.64	5558.2	
506.84	6735.1	
507.04	7189.7	
507.23	5211.4	
507.43	5403.2	
507.63	7767.3	
507.83	6748.1	
508.02	5446.9	
508.22	5162.2	
508.42	7957.7	
508.62	6610.2	
508.81	5298.8	
509.01	5629.2	
509.21	6666.8	
509.4	6909.8	
509.6	5457.8	
509.8	5176.6	
510	6791.1	
510.19	7368.6	
510.39	5124	
510.59	5187.5	
510.79	6804	
510.98	7462.8	
511.18	5308.3	
511.38	5290.6	
511.57	7314	
511.77	6841.6	
511.97	5586.9	
512.17	5087.8	
512.36	7221.8	
512.56	7058.7	
512.76	4990.2	
512.95	4949.9	
513.15	7305.1	
513.35	6367.8	
513.55	5571.2	
513.74	5219.6	
513.94	7158.3	
514.14	6783.6	
514.33	5602.6	
514.53	5446.9	
514.73	6939.2	
514.92	6866.8	
515.12	5222.3	
515.32	5095.3	
515.51	7051.8	
515.71	7091.4	
515.91	6174.6	
516.11	5024.3	
516.3	7785	
516.5	6765.8	
516.7	5406.6	
516.89	5696.8	
517.09	6847.7	
517.29	6817.7	
517.48	5594.4	
517.68	5257.1	
517.88	6506.4	
518.07	6995.2	
518.27	5584.8	
518.47	5010.7	
518.66	7326.9	
518.86	6617.7	
519.06	5044.1	
519.25	5167.7	
519.45	6736.5	
519.65	7454.6	
519.84	5541.8	
520.04	5986.2	
520.24	7668.3	
520.43	6991.8	
520.63	5391.6	
520.83	5228.5	
521.02	6744.6	
521.22	7024.5	
521.42	5434.6	
521.61	5724.1	
521.81	6763.1	
522.01	6909.8	
522.2	5414.8	
522.4	5322.7	
522.6	7221.1	
522.79	6435.4	
522.99	5384.8	
523.18	4937	
523.38	7051.8	
523.58	6980.8	
523.77	6058.6	
523.97	4992.9	
524.17	8005.5	
524.36	7673.1	
524.56	5857.9	
524.76	5526.1	
524.95	7066.2	
525.15	6894.8	
525.34	5487.2	
525.54	5483.1	
525.74	7259.4	
525.93	6719.4	
526.13	6151.4	
526.33	5554.1	
526.52	7524.9	
526.72	7135.1	
526.91	6070.2	
527.11	5743.2	
527.31	7297.6	
527.5	7561.1	
527.7	5714.5	
527.89	5254.4	
528.09	6991.1	
528.29	7271	
528.48	5926.8	
528.68	5779.4	
528.87	7487.4	
529.07	7386.3	
529.27	5747.3	
529.46	5470.1	
529.66	7259.4	
529.85	7377.5	
530.05	5374.6	
530.25	5746.6	
530.44	8037.6	
530.64	7183.6	
530.83	5562.3	
531.03	5644.9	
531.23	7535.2	
531.42	7245.7	
531.62	6176.7	
531.81	5630.5	
532.01	7533.1	
532.21	7687.4	
532.4	5603.2	
532.6	5864	
532.79	8054.7	
532.99	7552.9	
533.18	5842.2	
533.38	6256.5	
533.58	7320.1	
533.77	7606.8	
533.97	5795.1	
534.16	6189	
534.36	7938.6	
534.55	7383.6	
534.75	6264.1	
534.95	5864	
535.14	7859.4	
535.34	7311.9	
535.53	5636	
535.73	6614.3	
535.92	8043.1	
536.12	7278.5	
536.31	5751.4	
536.51	6362.4	
536.71	7601.4	
536.9	7294.2	
537.1	5738.4	
537.29	5853.8	
537.49	7828	
537.68	7275.1	
537.88	6083.8	
538.07	5661.3	
538.27	7481.2	
538.46	7959.1	
538.66	5587.5	
538.86	5793.7	
539.05	7559.7	
539.25	7649.2	
539.44	6014.9	
539.64	5719.3	
539.83	7365.2	
540.03	7775.5	
540.22	5664	
540.42	5699.5	
540.61	7533.1	
540.81	7518.8	
541	5935.7	
541.2	6241.5	
541.39	7115.3	
541.59	7267.6	
541.78	6179.4	
541.98	5619.6	
542.18	6957.6	
542.37	6958.3	
542.57	5760.9	
542.76	5997.8	
542.96	7081.2	
543.15	7278.5	
543.35	5774.6	
543.54	5468.8	
543.74	7109.9	
543.93	7215	
544.13	5719.3	
544.32	6298.2	
544.52	7477.8	
544.71	7060	
544.91	5246.9	
545.1	5870.2	
545.3	7068.9	
545.49	7316.7	
545.69	5213.4	
545.88	5505.6	
546.08	7890.1	
546.27	7495.6	
546.47	5773.9	
546.66	5350	
546.86	7471	
547.05	7613.7	
547.24	5568.4	
547.44	5530.9	
547.63	6963.1	
547.83	7413	
548.02	5644.9	
548.22	5686.5	
548.41	6718	
548.61	7395.2	
548.8	5389.6	
549	5391.6	
549.19	7243.7	
549.39	7339.9	
549.58	5184.8	
549.78	5524.7	
549.97	7243.7	
550.17	7006.1	
550.36	5949.3	
550.55	6429.9	
550.75	7088	
550.94	7520.8	
551.14	5341.8	
551.33	5425.8	
551.53	6594.5	
551.72	7179.5	
551.92	5468.1	
552.11	5405.3	
552.31	7305.8	
552.5	7133.8	
552.69	6301.6	
552.89	5195.7	
553.08	7243.7	
553.28	7001.3	
553.47	5431.9	
553.67	5915.2	
553.86	7461.4	
554.06	6569.9	
554.25	5048.2	
554.44	5403.2	
554.64	7894.9	
554.83	7642.3	
555.03	5189.6	
555.22	5418.2	
555.42	7316	
555.61	7141.3	
555.8	5387.5	
556	5479.7	
556.19	6706.4	
556.39	7197.9	
556.58	5380.7	
556.78	5367.7	
556.97	7066.9	
557.16	6861.4	
557.36	6038.1	
557.55	5177.3	
557.75	6539.2	
557.94	7462.1	
558.13	5232.6	
558.33	5020.3	
558.52	7342.7	
558.72	6616.3	
558.91	5157.5	
559.1	5262.6	
559.3	6509.8	
559.49	6401.3	
559.69	5110.4	
559.88	5409.4	
560.07	6937.8	
560.27	7246.4	
560.46	5610.1	
560.66	5657.2	
560.85	6905.8	
561.04	6420.4	
561.24	5096	
561.43	5182	
561.63	6543.3	
561.82	6660.7	
562.01	5762.3	
562.21	5290.6	
562.4	6928.3	
562.59	7462.8	
562.79	5248.3	
562.98	5102.2	
563.18	6868.2	
563.37	7575.4	
563.56	5502.2	
563.76	5115.8	
563.95	6655.9	
564.14	6610.2	
564.34	5382.1	
564.53	5005.2	
564.73	6968.6	
564.92	6966.5	
565.11	5343.2	
565.31	5004.6	
565.5	7207.5	
565.69	6567.8	
565.89	5247.6	
566.08	5339.1	
566.27	7073.7	
566.47	7316	
566.66	5718.6	
566.85	4962.2	
567.05	6997.9	
567.24	6683.9	
567.44	5165	
567.63	5803.3	
567.82	7120.1	
568.02	6812.9	
568.21	5088.5	
568.4	5240.1	
568.6	6842.9	
568.79	6730.3	
568.98	5086.5	
569.18	5014.1	
569.37	6867.5	
569.56	7743.4	
569.76	5301.5	
569.95	5829.9	
570.14	7129	
570.34	6858.6	
570.53	5053	
570.72	4919.9	
570.91	7236.2	
571.11	6836.1	
571.3	5286.5	
571.49	5794.4	
571.69	6954.2	
571.88	6528.2	
572.07	5428.5	
572.27	5470.8	
572.46	6518.7	
572.65	7034.8	
572.85	5137	
573.04	5296	
573.23	7254.6	
573.43	6946.7	
573.62	5038.7	
573.81	5369.8	
574	6989.7	
574.2	6759	
574.39	5211.4	
574.58	5268.1	
574.78	7329.7	
574.97	6918.7	
575.16	5558.9	
575.36	5500.2	
575.55	7204.1	
575.74	7228.6	
575.93	5027.1	
576.13	5469.4	
576.32	6884.6	
576.51	7016.3	
576.71	5246.2	
576.9	5864.7	
577.09	7411.6	
577.28	6981.5	
577.48	5507	
577.67	4986.8	
577.86	6876.4	
578.05	6987.7	
578.25	5342.5	
578.44	5385.5	
578.63	6858.6	
578.83	7563.8	
579.02	4984.8	
579.21	5897.5	
579.4	6922.8	
579.6	6855.9	
579.79	5407.3	
579.98	6602.7	
580.17	7208.8	
580.37	7271.7	
580.56	5126.1	
580.75	5542.5	
580.94	7277.8	
581.14	7453.9	
581.33	5748	
581.52	5233.2	
581.71	7157	
581.91	7469.6	
582.1	5105.6	
582.29	5374.6	
582.48	6973.3	
582.68	6991.8	
582.87	5599.1	
583.06	5457.2	
583.25	7208.2	
583.45	6742.6	
583.64	5764.3	
583.83	6094.1	
584.02	6948.8	
584.21	7219.1	
584.41	5758.9	
584.6	5405.3	
584.79	7082.6	
584.98	7129.7	
585.18	5184.8	
585.37	5110.4	
585.56	6802.7	
585.75	7151.5	
585.94	5253	
586.14	5593.7	
586.33	7452.6	
586.52	6886	
586.71	5485.1	
586.91	5397.1	
587.1	6527.6	
587.29	7181.5	
587.48	5256.5	
587.67	5190.9	
587.87	7161.7	
588.06	6959.7	
588.25	5881.8	
588.44	5483.8	
588.63	6789	
588.83	7101.7	
589.02	5267.4	
589.21	5101.5	
589.4	6766.5	
589.59	6626.5	
589.78	4736.3	
589.98	4800.4	
590.17	6366.5	
590.36	6470.9	
590.55	4438.6	
590.74	4792.2	
590.94	7116.7	
591.13	6423.8	
591.32	4730.1	
591.51	4471.4	
591.7	6717.3	
591.89	6486.6	
592.09	4608.6	
592.28	4804.5	
592.47	6011.5	
592.66	7127.6	
592.85	4545.8	
593.05	4650.3	
593.24	6426.5	
593.43	6883.9	
593.62	4827.7	
593.81	5034.6	
594	6498.2	
594.19	6607.4	
594.39	4757.4	
594.58	4686.4	
594.77	6604	
594.96	6792.4	
595.15	4655.7	
595.34	4974.5	
595.54	6488.6	
595.73	6063.4	
595.92	4334.9	
596.11	4821.6	
596.3	6812.2	
596.49	6133.7	
596.68	4825.7	
596.88	4984.8	
597.07	6657.3	
597.26	6081.1	
597.45	4674.1	
597.64	5108.3	
597.83	6267.5	
598.02	6524.1	
598.22	4574.5	
598.41	4930.8	
598.6	6469.5	
598.79	6053.1	
598.98	4629.8	
599.17	5128.1	
599.36	6523.5	
599.55	7006.1	
599.74	5648.3	
599.94	5501.5	
600.13	6750.1	
600.32	6133.7	
600.51	4556.7	
600.7	4596.3	
600.89	7042.3	
601.08	7103	
601.27	4433.9	
601.47	4898.1	
601.66	6685.9	
601.85	6990.4	
602.04	4887.1	
602.23	4904.2	
602.42	6214.2	
602.61	6552.1	
602.8	4735.6	
602.99	4638.6	
603.18	6410.8	
603.37	6428.6	
603.57	4902.8	
603.76	5233.9	
603.95	6851.8	
604.14	6597.2	
604.33	4730.1	
604.52	4840	
604.71	6486.6	
604.9	6217	
605.09	5203.9	
605.28	5055.1	
605.47	6860	
605.66	6437.4	
605.86	4978.6	
606.05	4682.3	
606.24	6860.7	
606.43	5913.2	
606.62	4903.5	
606.81	5212.1	
607	6743.3	
607.19	6240.2	
607.38	4574.5	
607.57	4595	
607.76	6132.3	
607.95	5820.3	
608.14	4943.1	
608.33	5193	
608.52	6229.2	
608.72	6615.6	
608.91	4454.3	
609.1	4407.2	
609.29	6214.9	
609.48	5972.6	
609.67	4898.7	
609.86	4465.3	
610.05	6053.1	
610.24	6211.5	
610.43	4408.6	
610.62	4208.6	
610.81	6825.9	
611	6609.5	
611.19	4516.5	
611.38	4851.6	
611.57	6394.4	
611.76	6875	
611.95	4394.9	
612.14	4285.7	
612.33	6280.4	
612.52	5995.8	
612.71	4612.7	
612.9	4288.4	
613.09	5853.8	
613.28	7101.7	
613.47	4470	
613.66	5019.6	
613.85	6311.8	
614.04	5985.5	
614.24	4572.4	
614.43	4149.9	
614.62	6404.7	
614.81	6315.9	
615	4833.9	
615.19	4762.9	
615.38	5980.8	
615.57	6240.2	
615.76	4711.7	
615.95	5258.5	
616.14	6420.4	
616.33	6242.2	
616.52	4964.3	
616.71	4960.2	
616.9	6414.2	
617.09	6193.1	
617.28	4603.8	
617.47	5137	
617.66	5966.4	
617.85	5917.3	
618.04	4997	
618.22	4762.9	
618.41	6008.7	
618.6	6670.2	
618.79	4739.7	
618.98	4582.7	
619.17	6737.8	
619.36	5750.7	
619.55	4695.3	
619.74	4728.1	
619.93	6328.9	
620.12	5913.2	
620.31	5003.9	
620.5	5005.9	
620.69	6778.8	
620.88	6882.5	
621.07	5418.2	
621.26	4918.5	
621.45	6479.8	
621.64	6435.4	
621.83	4957.4	
622.02	4490.5	
622.21	6453.8	
622.4	6384.9	
622.59	5259.9	
622.78	5145.2	
622.97	6150.7	
623.16	6667.5	
623.35	5045.5	
623.54	4478.9	
623.72	6305	
623.91	6204.7	
624.1	5082.4	
624.29	4444.8	
624.48	6961	
624.67	6602.7	
624.86	5031.9	
625.05	4567	
625.24	7008.8	
625.43	6213.5	
625.62	5838.8	
625.81	4674.8	
626	6608.1	
626.19	6347.3	
626.38	4983.4	
626.56	4806.6	
626.75	6121.4	
626.94	6562.4	
627.13	5059.8	
627.32	4320.5	
627.51	6589.7	
627.7	7006.1	
627.89	4376.5	
628.08	5059.8	
628.27	6096.8	
628.46	6188.3	
628.65	4577.9	
628.83	4286.4	
629.02	6484.6	
629.21	6062	
629.4	4820.9	
629.59	4947.9	
629.78	6072.9	
629.97	6541.2	
630.16	4869.4	
630.35	4621.6	
630.54	6967.9	
630.72	6678.4	
630.91	4721.3	
631.1	4939.7	
631.29	6328.2	
631.48	6322.1	
631.67	5063.3	
631.86	4787.5	
632.05	6247	
632.24	6219	
632.42	4586.8	
632.61	4855.7	
632.8	6294.1	
632.99	6004.6	
633.18	4838	
633.37	5074.9	
633.56	6440.9	
633.75	6350.8	
633.93	4962.2	
634.12	4738.3	
634.31	6935.1	
634.5	6518	
634.69	4671.4	
634.88	5031.2	
635.07	6247.7	
635.25	6617	
635.44	5234.6	
635.63	5246.2	
635.82	6171.9	
636.01	5542.5	
636.2	5190.2	
636.39	4885.1	
636.57	6883.2	
636.76	6483.9	
636.95	4667.3	
637.14	5271.5	
637.33	6488.6	
637.52	6819.7	
637.7	4491.9	
637.89	5155.4	
638.08	6245.6	
638.27	6917.4	
638.46	5033.9	
638.65	5203.2	
638.83	6980.8	
639.02	6102.3	
639.21	4924	
639.4	5238.7	
639.59	6285.2	
639.78	6151.4	
639.96	4537.6	
640.15	4622.9	
640.34	6328.9	
640.53	6270.9	
640.72	4448.2	
640.91	4636.6	
641.09	5921.4	
641.28	6625.2	
641.47	4769	
641.66	5040.7	
641.85	6347.3	
642.03	6406.7	
642.22	4911	
642.41	4612	
642.6	5884.5	
642.79	5663.3	
642.97	4590.9	
643.16	4844.1	
643.35	5983.5	
643.54	5838.8	
643.73	4470	
643.91	4869.4	
644.1	5871.5	
644.29	6158.2	
644.48	4486.4	
644.67	4471.4	
644.85	5687.9	
645.04	6097.5	
645.23	4317.8	
645.42	4457.1	
645.6	5821.7	
645.79	6438.8	
645.98	4334.9	
646.17	3956	
646.36	5621	
646.54	5905	
646.73	4758.8	
646.92	4147.1	
647.11	5713.8	
647.29	6195.1	
647.48	4218.1	
647.67	4078.2	
647.86	6347.3	
648.05	6258.6	
648.23	4360.1	
648.42	5058.5	
648.61	6137.1	
648.8	5939.8	
648.98	4175.1	
649.17	4374.5	
649.36	5692	
649.55	5467.4	
649.73	4220.2	
649.92	4628.4	
650.11	5567.1	
650.3	5744.6	
650.48	4306.9	
650.67	4163.5	
650.86	5919.3	
651.05	5328.8	
651.23	4232.5	
651.42	4164.2	
651.61	5592.3	
651.79	5620.3	
651.98	4342.4	
652.17	4105.5	
652.36	5936.4	
652.54	5332.9	
652.73	4157.4	
652.92	4097.3	
653.11	5915.2	
653.29	5918.6	
653.48	3798.3	
653.67	4248.2	
653.85	5704.3	
654.04	6255.2	
654.23	4379.2	
654.42	4172.4	
654.6	5470.8	
654.79	5786.2	
654.98	3858.4	
655.16	4203.1	
655.35	5326.1	
655.54	5055.1	
655.73	3872	
655.91	3869.3	
656.1	5720	
656.29	5212.1	
656.47	3646.7	
656.66	4519.9	
656.85	5408	
657.03	5326.8	
657.22	4003.8	
657.41	3971	
657.59	5443.5	
657.78	5408.7	
657.97	3808.5	
658.16	4130.8	
658.34	5821	
658.53	6036.7	
658.72	4683.7	
658.9	4844.1	
659.09	5654.4	
659.28	5559.6	
659.46	4018.1	
659.65	3958	
659.84	5392.3	
660.02	5775.3	
660.21	4038.6	
660.4	3903.4	
660.58	5938.4	
660.77	5517.9	
660.96	4191.5	
661.14	3740.3	
661.33	6161.7	
661.52	6195.1	
661.7	3728.7	
661.89	5526.1	
662.08	5340.4	
662.26	5017.5	
662.45	3878.2	
662.64	3983.3	
662.82	5835.3	
663.01	5240.8	
663.2	3926	
663.38	4360.8	
663.57	5694	
663.75	5566.4	
663.94	4113.7	
664.13	4756.1	
664.31	5434.6	
664.5	5759.6	
664.69	4237.9	
664.87	4505.5	
665.06	5224.4	
665.25	5510.4	
665.43	4596.3	
665.62	4633.9	
665.8	5662.6	
665.99	5367	
666.18	4156.7	
666.36	4133.5	
666.55	5745.2	
666.74	5676.3	
666.92	3977.8	
667.11	4772.4	
667.29	5498.1	
667.48	5696.8	
667.67	4508.9	
667.85	4035.2	
668.04	5345.2	
668.22	5312.4	
668.41	4108.9	
668.6	4315.8	
668.78	5265.3	
668.97	5406.6	
669.15	4287.1	
669.34	3805.8	
669.53	5384.1	
669.71	5444.9	
669.9	3841.3	
670.08	4179.2	
670.27	5219.6	
670.46	5664.7	
670.64	4341	
670.83	4461.2	
671.01	5138.4	
671.2	5490.6	
671.38	3951.9	
671.57	3872	
671.76	5935.7	
671.94	6047	
672.13	3825.6	
672.31	4356.7	
672.5	5711.1	
672.69	5252.4	
672.87	3947.8	
673.06	4074.8	
673.24	5574.6	
673.43	5401.9	
673.61	4221.5	
673.8	4029	
673.98	5646.2	
674.17	5738.4	
674.36	4345.1	
674.54	4283	
674.73	5309	
674.91	5717.2	
675.1	4148.5	
675.28	3867.9	
675.47	5341.1	
675.65	5670.8	
675.84	4039.3	
676.03	4219.5	
676.21	5401.9	
676.4	4976.6	
676.58	4419.5	
676.77	4361.5	
676.95	6193.1	
677.14	5241.4	
677.32	3822.2	
677.51	3852.2	
677.69	5770.5	
677.88	5180.7	
678.06	3827.7	
678.25	3877.5	
678.44	5358.9	
678.62	5278.3	
678.81	3724.6	
678.99	4208.6	
679.18	5822.4	
679.36	5561.6	
679.55	4035.2	
679.73	4384	
679.92	5592.3	
680.1	5325.4	
680.29	4647.5	
680.47	4034.5	
680.66	5335	
680.84	5722.7	
681.03	3739.6	
681.21	4255.7	
681.4	5275.6	
681.58	5248.9	
681.77	3895.2	
681.95	3876.1	
682.14	5734.3	
682.32	5915.9	
682.51	4397.7	
682.69	3707.5	
682.88	5256.5	
683.06	5450.3	
683.25	4180.6	
683.43	4413.4	
683.62	5451.7	
683.8	5586.2	
683.99	4513	
684.17	4076.1	
684.36	5976.7	
684.54	5374.6	
684.73	3663.8	
684.91	3771.7	
685.1	5481	
685.28	5043.5	
685.46	4010.6	
685.65	3980.6	
685.83	5479	
686.02	5140.4	
686.2	3800.3	
686.39	3753.9	
686.57	4987.5	
686.76	5743.9	
686.94	3799	
687.13	3887	
687.31	5427.8	
687.5	5315.8	
687.68	3528.7	
687.86	4099.4	
688.05	6223.8	
688.23	4937.7	
688.42	4179.9	
688.6	3733.4	
688.79	5200.5	
688.97	5188.9	
689.16	4040.6	
689.34	3453.6	
689.52	5508.4	
689.71	5671.5	
689.89	4137.6	
690.08	3893.9	
690.26	5421	
690.45	5150.6	
690.63	4207.2	
690.81	3951.2	
691	5311.7	
691.18	5111	
691.37	3988.1	
691.55	5048.9	
691.74	5016.8	
691.92	6116.6	
692.1	3934.1	
692.29	3703.4	
692.47	5300.1	
692.66	4913.1	
692.84	3751.2	
693.02	4002.4	
693.21	4939.7	
693.39	5274.2	
693.58	4149.9	
693.76	3751.9	
693.94	5750.7	
694.13	5714.5	
694.31	3859.1	
694.5	4377.9	
694.68	5020.9	
694.86	5401.2	
695.05	4001	
695.23	4194.2	
695.42	5539.1	
695.6	6644.3	
695.78	4272.7	
695.97	3824.9	
696.15	5554.8	
696.34	5154.1	
696.52	3738.2	
696.7	4153.3	
696.89	5352.7	
697.07	5010.7	
697.25	4108.9	
697.44	4854.4	
697.62	5418.2	
697.81	5437.4	
697.99	4002.4	
698.17	4148.5	
698.36	5165.7	
698.54	5431.2	
698.72	4096.6	
698.91	3623.5	
699.09	5139	
699.28	5032.5	
699.46	3980.6	
699.64	3848.1	
699.83	5109.7	
700.01	5545.2	
700.19	4364.9	
700.38	3451.5	
700.56	5525.4	
700.74	5133.6	
700.93	3651.5	
701.11	4189.5	
701.29	5406.6	
701.48	5973.2	
701.66	3784	
701.84	3851.5	
702.03	5210.7	
702.21	5634	
702.39	3619.4	
702.58	3944.4	
702.76	5468.1	
702.94	5442.8	
703.13	3582.6	
703.31	4803.2	
703.49	5162.9	
703.68	5726.1	
703.86	3722.5	
704.04	4184	
704.23	5397.1	
704.41	5521.3	
704.59	3834.5	
704.78	4437.9	
704.96	6303.6	
705.14	5525.4	
705.33	3758.7	
705.51	4151.9	
705.69	5194.3	
705.87	5669.5	
706.06	4179.2	
706.24	3628.3	
706.42	5373.2	
706.61	5496.1	
706.79	4290.5	
706.97	3607.8	
707.16	5086.5	
707.34	5393	
707.52	4152.6	
707.7	3760.8	
707.89	5056.4	
708.07	5005.2	
708.25	4252.3	
708.44	4270.7	
708.62	5048.9	
708.8	5670.8	
708.98	4383.3	
709.17	3799.7	
709.35	5313.8	
709.53	5343.8	
709.72	3683.6	
709.9	3715.7	
710.08	5543.9	
710.26	5532.9	
710.45	4569.7	
710.63	3812	
710.81	5180.7	
710.99	5315.8	
711.18	4220.9	
711.36	3875.4	
711.54	5196.4	
711.72	5583.4	
711.91	3932.8	
712.09	3660.4	
712.27	5327.4	
712.45	5526.1	
712.64	3945.1	
712.82	3492.5	
713	4960.9	
713.18	5117.9	
713.37	3515.7	
713.55	4211.3	
713.73	5542.5	
713.91	4744.5	
714.1	3713.6	
714.28	3418.1	
714.46	5272.8	
714.64	4810	
714.83	3227.6	
715.01	3553.9	
715.19	4956.1	
715.37	4446.1	
715.55	3343	
715.74	3474.7	
715.92	5339.7	
716.1	4190.8	
716.28	4145.1	
716.47	3605.8	
716.65	4756.7	
716.83	4645.5	
717.01	3489.1	
717.19	3497.9	
717.38	5791.7	
717.56	4519.9	
717.74	3672	
717.92	3189.4	
718.1	5209.3	
718.29	4833.9	
718.47	3003.7	
718.65	3364.1	
718.83	5233.2	
719.01	5069.4	
719.2	2990	
719.38	3547.8	
719.56	5034.6	
719.74	5760.9	
719.92	3442	
720.11	3917.1	
720.29	5083.1	
720.47	4557.4	
720.65	3096.5	
720.83	3550.5	
721.02	4766.3	
721.2	4644.1	
721.38	3571.7	
721.56	3140.9	
721.74	4312.3	
721.92	4401.8	
722.11	3821.5	
722.29	3680.2	
722.47	5119.2	
722.65	4669.4	
722.83	3170.3	
723.01	3606.5	
723.2	4605.9	
723.38	4850.3	
723.56	2910.8	
723.74	3492.5	
723.92	4412	
724.1	4977.9	
724.29	3128.6	
724.47	3750.5	
724.65	4547.9	
724.83	4339.6	
725.01	3130	
725.19	3469.9	
725.37	4381.3	
725.56	4380.6	
725.74	3075.4	
725.92	3125.9	
726.1	4397.7	
726.28	4586.8	
726.46	3379.1	
726.64	3203	
726.83	4713.7	
727.01	4689.2	
727.19	3056.3	
727.37	3472.7	
727.55	4760.8	
727.73	4938.3	
727.91	3030.3	
728.09	2934.1	
728.28	4956.1	
728.46	5038.7	
728.64	3515.7	
728.82	3420.1	
729	5451.7	
729.18	5170.4	
729.36	3020.1	
729.54	4255	
729.72	5604.6	
729.91	4748.6	
730.09	4138.3	
730.27	3445.4	
730.45	4788.8	
730.63	4973.2	
730.81	3756	
730.99	3254.2	
731.17	5381.4	
731.35	4533.5	
731.53	3515	
731.71	3340.9	
731.9	5186.1	
732.08	5218.9	
732.26	3517.7	
732.44	3294.5	
732.62	5279.7	
732.8	5035.3	
732.98	3699.3	
733.16	3110.9	
733.34	5050.3	
733.52	4241.3	
733.7	3418.1	
733.88	3577.8	
734.07	4995.7	
734.25	4840	
734.43	3179.1	
734.61	3996.3	
734.79	5552.7	
734.97	4829.8	
735.15	3278.1	
735.33	3493.2	
735.51	4952	
735.69	4784.7	
735.87	4203.8	
736.05	3458.3	
736.23	4860.5	
736.41	4657.1	
736.59	3538.9	
736.77	3491.1	
736.95	5109	
737.13	4758.8	
737.32	3237.8	
737.5	3386	
737.68	5507.7	
737.86	4625.7	
738.04	3242.6	
738.22	4109.6	
738.4	4643.4	
738.58	4883.7	
738.76	3445.4	
738.94	2998.9	
739.12	4707.6	
739.3	4624.3	
739.48	3813.3	
739.66	3699.3	
739.84	4885.8	
740.02	4805.9	
740.2	3064.4	
740.38	3166.8	
740.56	4958.8	
740.74	4331.5	
740.92	3614.7	
741.1	3504.1	
741.28	4824.3	
741.46	4618.9	
741.64	3340.9	
741.82	3655.6	
742	4820.2	
742.18	4663.9	
742.36	3433.8	
742.54	3221.5	
742.72	5165	
742.9	4285.7	
743.08	3560.7	
743.26	2934.7	
743.44	5063.9	
743.62	5070.1	
743.8	3767.6	
743.98	3178.4	
744.16	4917.2	
744.34	4678.9	
744.52	3620.8	
744.7	3665.9	
744.88	5036	
745.06	4732.2	
745.24	3637.9	
745.42	3719.1	
745.6	5072.8	
745.78	5001.8	
745.96	3049.4	
746.14	3212.6	
746.32	5482.4	
746.5	4894.6	
746.68	3549.1	
746.86	3197.6	
747.03	5119.2	
747.21	4386.1	
747.39	3435.1	
747.57	3191.4	
747.75	4806.6	
747.93	4933.6	
748.11	3123.2	
748.29	3148.4	
748.47	5757.5	
748.65	4663.2	
748.83	3525.9	
749.01	3404.4	
749.19	4959.5	
749.37	4397	
749.55	3434.4	
749.73	3422.8	
749.91	4840.7	
750.09	4675.5	
750.26	3396.2	
750.44	3121.1	
750.62	4806.6	
750.8	4664.6	
750.98	3071.3	
751.16	3198.9	
751.34	4891.9	
751.52	4394.9	
751.7	3631	
751.88	3062.4	
752.06	5068	
752.24	4859.1	
752.42	3044	
752.59	3259	
752.77	4728.8	
752.95	5392.3	
753.13	3601	
753.31	3272.7	
753.49	4596.3	
753.67	4758.8	
753.85	3418.1	
754.03	3170.9	
754.21	5014.8	
754.38	5099.4	
754.56	3209.8	
754.74	2803.7	
754.92	4545.1	
755.1	4825.7	
755.28	2751.8	
755.46	2774.3	
755.64	5321.3	
755.82	5282.4	
755.99	2916.3	
756.17	2935.4	
756.35	3953.3	
756.53	4715.1	
756.71	2321	
756.89	3062.4	
757.07	4546.5	
757.25	4043.4	
757.42	3147.7	
757.6	3514.3	
757.78	4584.7	
757.96	4070	
758.14	2973.7	
758.32	2699.2	
758.5	3818.1	
758.67	4244.1	
758.85	2869.2	
759.03	2876.7	
759.21	4427.7	
759.39	3982.6	
759.57	2572.2	
759.75	3194.8	
759.92	4825	
760.1	4444.8	
760.28	3447.4	
760.46	3541.6	
760.64	4292.5	
760.82	4203.1	
760.99	3349.8	
761.17	2960	
761.35	4732.9	
761.53	4136.9	
761.71	3098.6	
761.89	3315	
762.06	4545.1	
762.24	4359.4	
762.42	3035.8	
762.6	2866.5	
762.78	4335.5	
762.96	4670.1	
763.13	3312.2	
763.31	3005.1	
763.49	4764.3	
763.67	4328	
763.85	3558	
764.02	3805.8	
764.2	4984.8	
764.38	4369.7	
764.56	3015.3	
764.74	3528	
764.91	4980.7	
765.09	4321.9	
765.27	2943.6	
765.45	2749.7	
765.63	5107	
765.8	4816.8	
765.98	2698.5	
766.16	2778.4	
766.34	4077.5	
766.52	4007.2	
766.69	3353.9	
766.87	2719.7	
767.05	4411.3	
767.23	4801.8	
767.41	2876	
767.58	2988.7	
767.76	4674.8	
767.94	4689.8	
768.12	2966.1	
768.29	3256.3	
768.47	4242.7	
768.65	4788.2	
768.83	2723.8	
769	3240.6	
769.18	4175.1	
769.36	4539	
769.54	3308.2	
769.72	2708.1	
769.89	4756.1	
770.07	4730.8	
770.25	2968.9	
770.43	3642.7	
770.6	5124.7	
770.78	5244.2	
770.96	2985.9	
771.14	3374.4	
771.31	4716.5	
771.49	4334.9	
771.67	2598.9	
771.85	2673.3	
772.02	3951.2	
772.2	4227.7	
772.38	3104	
772.55	2864.4	
772.73	4472.8	
772.91	4347.2	
773.09	2994.8	
773.26	3079.5	
773.44	4487.1	
773.62	4343.7	
773.8	2776.4	
773.97	2682.8	
774.15	4487.1	
774.33	4323.9	
774.5	2682.2	
774.68	2899.2	
774.86	4307.6	
775.04	4283	
775.21	2774.3	
775.39	2727.2	
775.57	4410.6	
775.74	4565.6	
775.92	2683.5	
776.1	2542.9	
776.27	4399.7	
776.45	4992.3	
776.63	2736.8	
776.81	2527.9	
776.98	4300.7	
777.16	4748.6	
777.34	2805	
777.51	2965.5	
777.69	4254.3	
777.87	4089.8	
778.04	2929.3	
778.22	3096.5	
778.4	4123.9	
778.57	4442.7	
778.75	2511.5	
778.93	2622.1	
779.1	4067.3	
779.28	3872.7	
779.46	2435.7	
779.64	2685.6	
779.81	4564.9	
779.99	4952	
780.17	3118.4	
780.34	3138.9	
780.52	4334.2	
780.69	4301.4	
780.87	2892.4	
781.05	2673.3	
781.22	4355.3	
781.4	4287.1	
781.58	2753.8	
781.75	2260.3	
781.93	4370.4	
782.11	3862.5	
782.28	3218.7	
782.46	2758.6	
782.64	3861.8	
782.81	4407.9	
782.99	2790.7	
783.17	2718.3	
783.34	4247.5	
783.52	4001	
783.69	2818	
783.87	3272	
784.05	4049.5	
784.22	3981.3	
784.4	3242.6	
784.58	2904.7	
784.75	4534.2	
784.93	4134.2	
785.1	2720.4	
785.28	3035.1	
785.46	4448.9	
785.63	3923.2	
785.81	2781.8	
785.99	2564.7	
786.16	4145.1	
786.34	4218.8	
786.51	2642.6	
786.69	2935.4	
786.87	3763.5	
787.04	4039.3	
787.22	2594.1	
787.39	3031	
787.57	4044.1	
787.75	4543.1	
787.92	3215.3	
788.1	3123.8	
788.27	3903.4	
788.45	3718.4	
788.63	3001	
788.8	2347	
788.98	4270	
789.15	3670	
789.33	2480.8	
789.5	2671.2	
789.68	4481.6	
789.86	4513.7	
790.03	2962.7	
790.21	2683.5	
790.38	4581.3	
790.56	4045.4	
790.73	2577	
790.91	2521	
791.09	4022.9	
791.26	4354.7	
791.44	2781.8	
791.61	2389.3	
791.79	3992.2	
791.96	3945.8	
792.14	2478.7	
792.32	2250	
792.49	3925.3	
792.67	4072.7	
792.84	2530.6	
793.02	2430.3	
793.19	4248.9	
793.37	4547.9	
793.54	2244.6	
793.72	2442.5	
793.89	4654.4	
794.07	3917.8	
794.25	2815.3	
794.42	2351.1	
794.6	4515.8	
794.77	4261.8	
794.95	2902.7	
795.12	2627.5	
795.3	3941	
795.47	4241.3	
795.65	2868.5	
795.82	2738.8	
796	3915	
796.17	4875.5	
796.35	2701.3	
796.52	3121.1	
796.7	4300.1	
796.87	4340.3	
797.05	2608.4	
797.22	3122.5	
797.4	4336.2	
797.57	4805.9	
797.75	2802.3	
797.92	2564.7	
798.1	4540.3	
798.27	3773	
798.45	2379.1	
798.62	2447.3	
798.8	4164.9	
798.97	4416.1	
799.15	2829.6	
799.32	2727.2	
799.5	3783.3	
799.67	4110.3	
799.85	2962.7	
800.02	2351.1	
800.2	3945.1	
800.37	4085.7	
800.55	2951.8	
800.72	2594.8	
800.9	4403.1	
801.07	4562.2	
801.25	3306.1	
801.42	2809.1	
801.6	4449.6	
801.77	4083.6	
801.95	2682.2	
802.12	2585.9	
802.29	4249.5	
802.47	4114.4	
802.64	2854.9	
802.82	2343.6	
802.99	3984	
803.17	4436.6	
803.34	2776.4	
803.52	2542.2	
803.69	4816.1	
803.87	3762.1	
804.04	2756.6	
804.21	2721.8	
804.39	4616.1	
804.56	4011.3	
804.74	2443.9	
804.91	2846	
805.09	3986.7	
805.26	4003.1	
805.44	2480.1	
805.61	2663.7	
805.78	4389.5	
805.96	4310.3	
806.13	2816	
806.31	2981.8	
806.48	3710.9	
806.66	3955.3	
806.83	2854.9	
807	2701.3	
807.18	4012.7	
807.35	4164.2	
807.53	2739.5	
807.7	2381.8	
807.87	4511.7	
808.05	3940.3	
808.22	2960.7	
808.4	2336.7	
808.57	3831.1	
808.74	3751.9	
808.92	2635.7	
809.09	3134.1	
809.27	4010.6	
809.44	4186.7	
809.61	2342.9	
809.79	2538.1	
809.96	4731.5	
810.14	4301.4	
810.31	2349	
810.48	2905.4	
810.66	3994.9	
810.83	4358.1	
811.01	2611.8	
811.18	2790	
811.35	4414.1	
811.53	3618.8	
811.7	2971.6	
811.87	2827.6	
812.05	4094.6	
812.22	3964.2	
812.39	2554.5	
812.57	2480.8	
812.74	4087.7	
812.92	4844.8	
813.09	2714.2	
813.26	2796.8	
813.44	4713.1	
813.61	3842.7	
813.78	2304	
813.96	2871.3	
814.13	4074.1	
814.3	3881.6	
814.48	3122.5	
814.65	2646	
814.82	4648.2	
815	3739.6	
815.17	2744.3	
815.34	3182.5	
815.52	3895.9	
815.69	3913.7	
815.87	2638.5	
816.04	2661	
816.21	3874.1	
816.38	3720.5	
816.56	2669.2	
816.73	2458.9	
816.9	4826.4	
817.08	4331.5	
817.25	2570.2	
817.42	3014.6	
817.6	3685.7	
817.77	3882.9	
817.94	2814.6	
818.12	2478	
818.29	3867.2	
818.46	5203.9	
818.64	2642.6	
818.81	2456.9	
818.98	3846.8	
819.16	4939.7	
819.33	2826.9	
819.5	2714.9	
819.67	4164.9	
819.85	4578.6	
820.02	2706	
820.19	2747.7	
820.37	4090.5	
820.54	3861.8	
820.71	2769.5	
820.88	3311.6	
821.06	4102.8	
821.23	3821.5	
821.4	2790	
821.58	2690.3	
821.75	4309.6	
821.92	4106.2	
822.09	2357.9	
822.27	2411.1	
822.44	4005.8	
822.61	3921.9	
822.79	2371.5	
822.96	3985.3	
823.13	4141.7	
823.3	3761.4	
823.48	2650.1	
823.65	2390	
823.82	4390.8	
823.99	3760.1	
824.17	3227.6	
824.34	2439.1	
824.51	4900.8	
824.68	4032.5	
824.86	2591.4	
825.03	2693.8	
825.2	3969.6	
825.37	4528.7	
825.55	2562.7	
825.72	2711.5	
825.89	4785.4	
826.06	4588.1	
826.24	2699.9	
826.41	2695.8	
826.58	4672.1	
826.75	4107.5	
826.92	2321	
827.1	2450.1	
827.27	5795.8	
827.44	4786.1	
827.61	2603	
827.79	2979.1	
827.96	3925.3	
828.13	3967.6	
828.3	2684.2	
828.47	2342.9	
828.65	4255.7	
828.82	4146.5	
828.99	3145.7	
829.16	2826.2	
829.34	4394.9	
829.51	4339.6	
829.68	2663.7	
829.85	2726.5	
830.02	4724	
830.2	4448.9	
830.37	2229.6	
830.54	3109.5	
830.71	4832.5	
830.88	4024.9	
831.05	2240.5	
831.23	2501.9	
831.4	4758.1	
831.57	4977.9	
831.74	2517	
831.91	2334	
832.09	4347.8	
832.26	4436.6	
832.43	2495.1	
832.6	2825.5	
832.77	4226.3	
832.94	4582	
833.12	2173.6	
833.29	2514.9	
833.46	4229.1	
833.63	5108.3	
833.8	2751.8	
833.97	2596.1	
834.15	4502.1	
834.32	4349.9	
834.49	2742.2	
834.66	2708.1	
834.83	4420.9	
835	3891.8	
835.17	2526.5	
835.35	2566.8	
835.52	4373.8	
835.69	4243.4	
835.86	2631	
836.03	2183.8	
836.2	4447.5	
836.37	4202.4	
836.55	2567.5	
836.72	2422.1	
836.89	4166.9	
837.06	4491.9	
837.23	2638.5	
837.4	2733.4	
837.57	4904.2	
837.75	5171.1	
837.92	2400.9	
838.09	2501.9	
838.26	4242	
838.43	4459.8	
838.6	2665.1	
838.77	2473.3	
838.94	4930.1	
839.11	4860.5	
839.29	2611.2	
839.46	2108.7	
839.63	4459.1	
839.8	4227	
839.97	2561.3	
840.14	2452.8	
840.31	4345.8	
840.48	4435.9	
840.65	2233.7	
840.82	2463	
841	4433.2	
841.17	4225.6	
841.34	2329.2	
841.51	2429.6	
841.68	4362.2	
841.85	4179.2	
842.02	2449.4	
842.19	2142.9	
842.36	4320.5	
842.53	4283.7	
842.7	2397.5	
842.87	2698.5	
843.05	5132.2	
843.22	4183.3	
843.39	2254.8	
843.56	2507.4	
843.73	4224.3	
843.9	4508.3	
844.07	3476.8	
844.24	2917	
844.41	5578.7	
844.58	3935.5	
844.75	2269.8	
844.92	2433.7	
845.09	4372.4	
845.26	4391.5	
845.43	2373.6	
845.6	2510.8	
845.77	4452.3	
845.94	4199	
846.12	2552.5	
846.29	2659.6	
846.46	4488.5	
846.63	4381.3	
846.8	2327.2	
846.97	2731.3	
847.14	4618.9	
847.31	4378.6	
847.48	2568.8	
847.65	2789.3	
847.82	4348.5	
847.99	4462.5	
848.16	3011.9	
848.33	2724.5	
848.5	4074.8	
848.67	4618.2	
848.84	2304.6	
849.01	2417.3	
849.18	4122.6	
849.35	3893.9	
849.52	2798.2	
849.69	2327.2	
849.86	4574.5	
850.03	4499.4	
850.2	2353.8	
850.37	2686.3	
850.54	4549.2	
850.71	4113.7	
850.88	2772.3	
851.05	2321	
851.22	4291.2	
851.39	4643.4	
851.56	2269.8	
851.73	2622.1	
851.9	3950.5	
852.07	4549.2	
852.24	2537.4	
852.41	2347	
852.58	4374.5	
852.75	4012.7	
852.92	2568.2	
853.09	2258.2	
853.26	3990.8	
853.43	4627	
853.6	2421.4	
853.77	2083.5	
853.94	4716.5	
854.11	3920.5	
854.28	3245.3	
854.44	2464.4	
854.61	4892.6	
854.78	4544.4	
854.95	2319.7	
855.12	2759.3	
855.29	3662.5	
855.46	4696	
855.63	2361.3	
855.8	3072.6	
855.97	4098	
856.14	4582.7	
856.31	3068.5	
856.48	2489.6	
856.65	4190.1	
856.82	3910.9	
856.99	2321.7	
857.16	2509.4	
857.33	5028.4	
857.49	4208.6	
857.66	2453.5	
857.83	2593.4	
858	4227	
858.17	4325.3	
858.34	2284.9	
858.51	2371.5	
858.68	4679.6	
858.85	4643.4	
859.02	2622.1	
859.19	2740.9	
859.36	4007.9	
859.52	3911.6	
859.69	2369.5	
859.86	2619.4	
860.03	3957.4	
860.2	4631.1	
860.37	2178.4	
860.54	2369.5	
860.71	4518.5	
860.88	4699.4	
861.05	2507.4	
861.21	2881.5	
861.38	4666	
861.55	3852.2	
861.72	2195.4	
861.89	2589.3	
862.06	4520.5	
862.23	4706.9	
862.4	2272.6	
862.56	2408.4	
862.73	4419.5	
862.9	4220.2	
863.07	2608.4	
863.24	2196.1	
863.41	3959.4	
863.58	4013.3	
863.75	2451.4	
863.91	2639.1	
864.08	4524	
864.25	4448.2	
864.42	2807.8	
864.59	3138.9	
864.76	4786.1	
864.93	3978.5	
865.09	2304	
865.26	2517.6	
865.43	4635.9	
865.6	4871.4	
865.77	2159.9	
865.94	2226.8	
866.1	4549.9	
866.27	4371	
866.44	3259.7	
866.61	2223.4	
866.78	4194.2	
866.95	4457.1	
867.11	2288.9	
867.28	2153.1	
867.45	4596.3	
867.62	3946.4	
867.79	2628.9	
867.96	2349.7	
868.12	3914.4	
868.29	4417.5	
868.46	2337.4	
868.63	3008.5	
868.8	4572.4	
868.97	4414.1	
869.13	2417.3	
869.3	2395.4	
869.47	4391.5	
869.64	4483.7	
869.81	2333.3	
869.97	2327.2	
870.14	4303.5	
870.31	4724.7	
870.48	2327.9	
870.65	2811.2	
870.81	4192.2	
870.98	4229.1	
871.15	2590.7	
871.32	2390	
871.48	4421.6	
871.65	4727.4	
871.82	2323.1	
871.99	2626.2	
872.16	4975.9	
872.32	4584.7	
872.49	2368.1	
872.66	2372.2	
872.83	4503.5	
872.99	4070.7	
873.16	2635.7	
873.33	2355.2	
873.5	4252.3	
873.67	4330.1	
873.83	2478	
874	2945.7	
874.17	4353.3	
874.34	4833.9	
874.5	2885.6	
874.67	2764.8	
874.84	4614.1	
875.01	3818.1	
875.17	3059.7	
875.34	2317.6	
875.51	4262.5	
875.68	5012.1	
875.84	2724.5	
876.01	3171.6	
876.18	4450.9	
876.34	4459.8	
876.51	2336.7	
876.68	2340.1	
876.85	4111.6	
877.01	4700.8	
877.18	3161.4	
877.35	2288.3	
877.52	4374.5	
877.68	3970.3	
877.85	2333.3	
878.02	2307.4	
878.18	4008.6	
878.35	4133.5	
878.52	1918.9	
878.69	2688.3	
878.85	4625	
879.02	4420.9	
879.19	3138.2	
879.35	2476	
879.52	4502.8	
879.69	4449.6	
879.86	2176.3	
880.02	2561.3	
880.19	4241.3	
880.36	4875.5	
880.52	2585.9	
880.69	2691.7	
880.86	4554.7	
881.02	4502.1	
881.19	2511.5	
881.36	2474.6	
881.52	4450.2	
881.69	4018.1	
881.86	2570.2	
882.02	2497.8	
882.19	4564.9	
882.36	5119.9	
882.52	2437.1	
882.69	3117	
882.86	4307.6	
883.02	4391.5	
883.19	2761.3	
883.36	2614.6	
883.52	4446.1	
883.69	4962.9	
883.86	2364.7	
884.02	2220	
884.19	4464.6	
884.36	4274.1	
884.52	2554.5	
884.69	2544.9	
884.86	4083	
885.02	4748.6	
885.19	2537.4	
885.36	2609.8	
885.52	4190.8	
885.69	4378.6	
885.86	3139.5	
886.02	2923.1	
886.19	4495.3	
886.35	4072.7	
886.52	2506.7	
886.69	3080.8	
886.85	3962.8	
887.02	4675.5	
887.19	4675.5	
887.35	4675.5	
887.52	4675.5	
887.68	4675.5	
887.85	4675.5	
888.02	4675.5	
888.18	4675.5	
888.35	4675.5	
888.51	4675.5	
888.68	4675.5	
888.85	4675.5	
889.01	4675.5	
889.18	4675.5	
889.35	4675.5	
889.51	4675.5	
889.68	4675.5	
889.84	4675.5	
890.01	4675.5	
890.17	4675.5	
890.34	4675.5	
890.51	4675.5	
890.67	4675.5	
890.84	4675.5	
891	4675.5	
891.17	4675.5	
891.34	4675.5	
891.5	4675.5	
891.67	4675.5	
891.83	4675.5	
892	4675.5	
892.16	4675.5	
892.33	4675.5	
892.5	4675.5	
892.66	4675.5	
892.83	4675.5	
892.99	4675.5	
893.16	4675.5	
893.32	4675.5	
893.49	4675.5	
893.65	4675.5	
893.82	4675.5	
893.99	4675.5	
894.15	4675.5	
894.32	4675.5	
894.48	4675.5	
894.65	4675.5	
894.81	4675.5	
894.98	4675.5	
895.14	4675.5	
895.31	4675.5	
895.47	4675.5	
895.64	4675.5	
895.81	4675.5	
895.97	4675.5	
896.14	4675.5	
896.3	4675.5	
896.47	4675.5	
896.63	4675.5	
896.8	4675.5	
896.96	4675.5	
897.13	4675.5	
897.29	4675.5	
897.46	4675.5	
897.62	4675.5	
897.79	4675.5	
897.95	4675.5	
898.12	4675.5	
898.28	4675.5	
898.45	4675.5	
898.61	4675.5	
898.78	4675.5	
898.94	4675.5	
899.11	4675.5	
899.27	4675.5	
899.44	4675.5	
899.6	4675.5	
899.77	4675.5	
899.93	4675.5	
900.1	4675.5	
900.26	4675.5	
900.43	4675.5	
900.59	4675.5	
900.76	4675.5	
900.92	4675.5	
901.09	4675.5	
901.25	4675.5	
901.42	4675.5	
901.58	4675.5	
901.75	4675.5	
901.91	4675.5	
902.07	4675.5	
902.24	4675.5	
902.4	4675.5	
902.57	4675.5	
902.73	4675.5	
902.9	4675.5	
903.06	4675.5	
903.23	4675.5	
903.39	4675.5	
903.56	4675.5	
903.72	4675.5	
903.88	4675.5	
904.05	4675.5	
904.21	4675.5	
904.38	4675.5	
904.54	4675.5	
904.71	4675.5	
904.87	4675.5	
905.03	4675.5	
905.2	4675.5	
905.36	4675.5	
905.53	4675.5	
905.69	4675.5	
905.86	4675.5	
906.02	4675.5	
906.18	4675.5	
906.35	4675.5	
906.51	4675.5	
906.68	4675.5	
906.84	4675.5	
907.01	4675.5	
907.17	4675.5	
907.33	4675.5	
907.5	4675.5	
907.66	4675.5	
907.83	4675.5	
907.99	4675.5	
908.15	4675.5	
908.32	4675.5	
908.48	4675.5	
908.65	4675.5	
908.81	4675.5	
908.97	4675.5	
909.14	4675.5	
909.3	4675.5	
909.47	4675.5	
909.63	4675.5	
909.79	4675.5	
909.96	4675.5	
910.12	4675.5	
910.28	4675.5	
910.45	4675.5	
910.61	4675.5	
910.78	4675.5	
910.94	4675.5	
911.1	4675.5	
911.27	4675.5	
911.43	4675.5	
911.59	4675.5	
911.76	4675.5	
911.92	4675.5	
912.08	4675.5	
912.25	4675.5	
912.41	4675.5	
912.57	4675.5	
912.74	4675.5	
912.9	4675.5	
913.07	4675.5	
913.23	4675.5	
913.39	4675.5	
913.56	4675.5	
913.72	4675.5	
913.88	4675.5	
914.05	4675.5	
914.21	4675.5	
914.37	4675.5	
914.54	4675.5	
914.7	4675.5	
914.86	4675.5	
915.03	4675.5	
915.19	4675.5	
