Wavelength	Intensities	
nm	a.u.	
179.22	1955	
179.44	1964.3	
179.65	1945.6	
179.86	1983.1	
180.08	1921	
180.29	5123.3	
180.51	3596.2	
180.72	5731.6	
180.94	6809.5	
181.15	3298.6	
181.37	3264.5	
181.58	5680.4	
181.79	5913.9	
182.01	3515	
182.22	3741.6	
182.44	5906.3	
182.65	4909.7	
182.87	4734.9	
183.08	4164.9	
183.29	6214.2	
183.51	5058.5	
183.72	3850.2	
183.94	5539.1	
184.15	5530.9	
184.37	5563.6	
184.58	3340.9	
184.79	4617.5	
185.01	5134.9	
185.22	5937.1	
185.44	4894	
185.65	4072.7	
185.86	5394.3	
186.08	4981.3	
186.29	3192.1	
186.51	3470.6	
186.72	5131.5	
186.94	6092	
187.15	4052.9	
187.36	4166.9	
187.58	7972.1	
187.79	5624.4	
188.01	4398.4	
188.22	6904.4	
188.43	6776.7	
188.65	5864.7	
188.86	3455.6	
189.08	4132.1	
189.29	5330.9	
189.5	5311.1	
189.72	3872	
189.93	4009.2	
190.15	6142.5	
190.36	7319.4	
190.57	4203.1	
190.79	4100	
191	6245.6	
191.22	6204.7	
191.43	4240	
191.64	3483.6	
191.86	6521.4	
192.07	6107	
192.29	3685	
192.5	3899.3	
192.71	6146	
192.93	5270.1	
193.14	3828.3	
193.35	3917.8	
193.57	5321.3	
193.78	6141.9	
194	3102	
194.21	3801	
194.42	5098.8	
194.64	5552	
194.85	4146.5	
195.07	4919.2	
195.28	5667.4	
195.49	4836.6	
195.71	5138.4	
195.92	3541.6	
196.13	5726.1	
196.35	5879.7	
196.56	5567.1	
196.78	4151.9	
196.99	7277.1	
197.2	6833.4	
197.42	4775.2	
197.63	4281.6	
197.84	4896	
198.06	5756.2	
198.27	3883.6	
198.48	5231.9	
198.7	5315.2	
198.91	5415.5	
199.13	4204.5	
199.34	4221.5	
199.55	5984.2	
199.77	4848.2	
199.98	3686.3	
200.19	4322.6	
200.41	5381.4	
200.62	5111.7	
200.83	4473.4	
201.05	4771.1	
201.26	5825.8	
201.47	5221	
201.69	3717.7	
201.9	3586.7	
202.11	5489.9	
202.33	6597.9	
202.54	3979.9	
202.76	4485.7	
202.97	5685.2	
203.18	5682.4	
203.4	4409.3	
203.61	4300.1	
203.82	5660.6	
204.04	5145.2	
204.25	4305.5	
204.46	4158.7	
204.68	5547.3	
204.89	5847.6	
205.1	4117.8	
205.32	3560.1	
205.53	6014.9	
205.74	6092	
205.96	3002.3	
206.17	4279.6	
206.38	5868.1	
206.6	6066.1	
206.81	4803.2	
207.02	3963.5	
207.24	5862.7	
207.45	6285.9	
207.66	4029.7	
207.88	3417.4	
208.09	5753.4	
208.3	5588.2	
208.52	3658.4	
208.73	4115.7	
208.94	5535	
209.15	6288.6	
209.37	4030.4	
209.58	4162.2	
209.79	6130.9	
210.01	5322	
210.22	3161.4	
210.43	3287.7	
210.65	5550	
210.86	6023.8	
211.07	4034.5	
211.29	3658.4	
211.5	5902.2	
211.71	5503.6	
211.93	3703.4	
212.14	3650.8	
212.35	5489.9	
212.56	5735	
212.78	4263.2	
212.99	3493.2	
213.2	6555.5	
213.42	5245.5	
213.63	3814.7	
213.84	4037.9	
214.06	4881.7	
214.27	4973.8	
214.48	4024.9	
214.69	4313.7	
214.91	6269.5	
215.12	6365.1	
215.33	4305.5	
215.55	4851.6	
215.76	6840.2	
215.97	5984.8	
216.18	4143	
216.4	4121.2	
216.61	5212.8	
216.82	6105.7	
217.04	3670.6	
217.25	3919.1	
217.46	6272.2	
217.67	5966.4	
217.89	3312.2	
218.1	3420.1	
218.31	5632.6	
218.53	5767.8	
218.74	3930.1	
218.95	3812.6	
219.16	5501.5	
219.38	6472.9	
219.59	3806.5	
219.8	4580.6	
220.01	7269.6	
220.23	5574.6	
220.44	4962.2	
220.65	3638.6	
220.87	5580	
221.08	6237.4	
221.29	3356.6	
221.5	4579.9	
221.72	7679.2	
221.93	5198.4	
222.14	4287.1	
222.35	5062.6	
222.57	5566.4	
222.78	5945.9	
222.99	3975.1	
223.2	4364.9	
223.42	5897.5	
223.63	6085.9	
223.84	3110.2	
224.05	3037.8	
224.27	7170.6	
224.48	6470.9	
224.69	5024.3	
224.9	4229.1	
225.12	5732.3	
225.33	5511.1	
225.54	3386	
225.75	3764.2	
225.97	5088.5	
226.18	5393	
226.39	4060.4	
226.6	3766.9	
226.82	5280.3	
227.03	5125.4	
227.24	4214.7	
227.45	3443.3	
227.67	5955.5	
227.88	6660.7	
228.09	4692.6	
228.3	4812	
228.52	5999.9	
228.73	5553.4	
228.94	3998.3	
229.15	3489.1	
229.36	5471.5	
229.58	5341.1	
229.79	3953.3	
230	4633.9	
230.21	6707.8	
230.43	5651.7	
230.64	4192.9	
230.85	4394.3	
231.06	5962.3	
231.28	6038.8	
231.49	3523.2	
231.7	4128	
231.91	5842.9	
232.12	5575.3	
232.34	3569.6	
232.55	4141.7	
232.76	6234.7	
232.97	5804.6	
233.18	3691.8	
233.4	4207.2	
233.61	5844.2	
233.82	5273.5	
234.03	3889.1	
234.25	3796.9	
234.46	7832.1	
234.67	5547.3	
234.88	4251.6	
235.09	3765.5	
235.31	5874.3	
235.52	5440.8	
235.73	4242	
235.94	3558	
236.15	5276.9	
236.37	6823.1	
236.58	3678.8	
236.79	4042	
237	5889.3	
237.21	5045.5	
237.43	4377.9	
237.64	3388.7	
237.85	10340	
238.06	5130.2	
238.27	4478.9	
238.48	3515.7	
238.7	5878.4	
238.91	5401.2	
239.12	4046.1	
239.33	4066.6	
239.54	5106.3	
239.76	5507	
239.97	4020.2	
240.18	4011.3	
240.39	7033.4	
240.6	5803.3	
240.82	4175.8	
241.03	3413.3	
241.24	5574.6	
241.45	6467.5	
241.66	3676.1	
241.87	4341	
242.09	6300.2	
242.3	6744	
242.51	4395.6	
242.72	4074.1	
242.93	6079.7	
243.14	5459.9	
243.36	4640.7	
243.57	5057.1	
243.78	6507.1	
243.99	5933	
244.2	4134.2	
244.41	3708.2	
244.63	5115.1	
244.84	5879	
245.05	4354	
245.26	4145.8	
245.47	5849.7	
245.68	6204	
245.9	5496.1	
246.11	4234.5	
246.32	5388.9	
246.53	5735.7	
246.74	6636.1	
246.95	3387.3	
247.16	4971.8	
247.38	5541.1	
247.59	3335.5	
247.8	4078.2	
248.01	5237.3	
248.22	5505.6	
248.43	3662.5	
248.64	3954.6	
248.86	4883.7	
249.07	5278.3	
249.28	3506.8	
249.49	4177.9	
249.7	6128.2	
249.91	6272.9	
250.12	3340.9	
250.34	3407.8	
250.55	5596.4	
250.76	5554.8	
250.97	4199	
251.18	4235.9	
251.39	6337.8	
251.6	5799.2	
251.81	4278.9	
252.03	4201.1	
252.24	5233.2	
252.45	6165.8	
252.66	3475.4	
252.87	4427	
253.08	5606	
253.29	7387.7	
253.5	3459.7	
253.72	4934.2	
253.93	5330.9	
254.14	6632	
254.35	3863.2	
254.56	3984.7	
254.77	5847.6	
254.98	5113.8	
255.19	3741	
255.41	4853	
255.62	5657.2	
255.83	6246.3	
256.04	4352.6	
256.25	4267.3	
256.46	6930.3	
256.67	5205.3	
256.88	4222.2	
257.09	4699.4	
257.31	5215.5	
257.52	5246.2	
257.73	5274.9	
257.94	3804.4	
258.15	5416.2	
258.36	5544.5	
258.57	4831.8	
258.78	3044.6	
258.99	6166.4	
259.2	5369.8	
259.41	3901.4	
259.63	4044.7	
259.84	6434	
260.05	6983.6	
260.26	5107	
260.47	3758.7	
260.68	6217	
260.89	5453.7	
261.1	4648.9	
261.31	3681.6	
261.52	6174.6	
261.73	6597.9	
261.95	5009.3	
262.16	4381.3	
262.37	6338.5	
262.58	6389.7	
262.79	4999.8	
263	3976.5	
263.21	5547.3	
263.42	5100.1	
263.63	3966.2	
263.84	3975.1	
264.05	6157.6	
264.26	6502.3	
264.47	4878.3	
264.69	4372.4	
264.9	6234.7	
265.11	5795.8	
265.32	3688.4	
265.53	3805.1	
265.74	5649.7	
265.95	4939.7	
266.16	4147.8	
266.37	4598.4	
266.58	5711.1	
266.79	5406	
267	3829.7	
267.21	3532.7	
267.42	5072.1	
267.63	5530.9	
267.84	4075.5	
268.06	3467.2	
268.27	6007.4	
268.48	6393.1	
268.69	3934.8	
268.9	4717.8	
269.11	6278.4	
269.32	5022.3	
269.53	4035.9	
269.74	3769.6	
269.95	5909.8	
270.16	4897.4	
270.37	4017.4	
270.58	4689.8	
270.79	5386.2	
271	6144.6	
271.21	4330.8	
271.42	4076.8	
271.63	5729.5	
271.84	5194.3	
272.05	3216	
272.26	3620.8	
272.47	5573.2	
272.68	5842.9	
272.89	3848.1	
273.11	4474.8	
273.32	5370.5	
273.53	6585.6	
273.74	4402.5	
273.95	4293.2	
274.16	6262.7	
274.37	5675.6	
274.58	4495.3	
274.79	3509.5	
275	5751.4	
275.21	6312.5	
275.42	5265.3	
275.63	4571.7	
275.84	5819.6	
276.05	7308.5	
276.26	4270	
276.47	3930.1	
276.68	5366.4	
276.89	6591.7	
277.1	4644.1	
277.31	3504.1	
277.52	5867.4	
277.73	5997.8	
277.94	3476.8	
278.15	3929.4	
278.36	5787.6	
278.57	5184.8	
278.78	3848.1	
278.99	4415.4	
279.2	5129.5	
279.41	5140.4	
279.62	5119.2	
279.83	3604.4	
280.04	6882.5	
280.25	5070.8	
280.46	5083.1	
280.67	4060.4	
280.88	5149.3	
281.09	6254.5	
281.3	4252.9	
281.51	5474.9	
281.72	5260.5	
281.93	6113.9	
282.14	3749.1	
282.35	4052.2	
282.56	6047.7	
282.77	6085.2	
282.98	3887	
283.19	4802.5	
283.4	7511.9	
283.61	5493.3	
283.82	3566.2	
284.03	5038	
284.24	5689.9	
284.45	6194.4	
284.66	5080.3	
284.87	4839.4	
285.08	6144.6	
285.29	6324.8	
285.5	3407.1	
285.71	3958	
285.92	6216.3	
286.12	6859.3	
286.33	5013.4	
286.54	3932.1	
286.75	6046.3	
286.96	5424.4	
287.17	3592.1	
287.38	5005.9	
287.59	5205.9	
287.8	5122	
288.01	3951.2	
288.22	4572.4	
288.43	6219.7	
288.64	5133.6	
288.85	4681.7	
289.06	4439.3	
289.27	6036	
289.48	6613.6	
289.69	5073.5	
289.9	4595.6	
290.11	6285.9	
290.32	5210.7	
290.53	4785.4	
290.74	4471.4	
290.94	6064.7	
291.15	6111.8	
291.36	3865.9	
291.57	4562.2	
291.78	5334.3	
291.99	5005.2	
292.2	3638.6	
292.41	4386.7	
292.62	6167.1	
292.83	5872.9	
293.04	5477.6	
293.25	3663.1	
293.46	5307.7	
293.67	6191.7	
293.88	3801	
294.09	3638.6	
294.29	5063.9	
294.5	5725.4	
294.71	4095.9	
294.92	3941	
295.13	5326.1	
295.34	6757.6	
295.55	3399.6	
295.76	3528	
295.97	6023.8	
296.18	6825.9	
296.39	3570.3	
296.6	3874.1	
296.81	5668.8	
297.01	5974.6	
297.22	3951.9	
297.43	3844.7	
297.64	5138.4	
297.85	5195	
298.06	3117	
298.27	3453.6	
298.48	5682.4	
298.69	5276.3	
298.9	4107.5	
299.11	3707.5	
299.31	5037.3	
299.52	5081	
299.73	4382.7	
299.94	4313	
300.15	5578	
300.36	5195	
300.57	4330.8	
300.78	4311.7	
300.99	5434.6	
301.2	5801.2	
301.4	3732.1	
301.61	4074.8	
301.82	5915.2	
302.03	6039.5	
302.24	4601.1	
302.45	3600.3	
302.66	5874.3	
302.87	6404	
303.08	3827	
303.29	5154.7	
303.49	5289.9	
303.7	5581.4	
303.91	3392.8	
304.12	4926	
304.33	5091.9	
304.54	5706.3	
304.75	3831.1	
304.96	3598.3	
305.16	5880.4	
305.37	6768.5	
305.58	3311.6	
305.79	3470.6	
306	5867.4	
306.21	4925.4	
306.42	3787.4	
306.63	5830.6	
306.83	5403.9	
307.04	6256.5	
307.25	4175.1	
307.46	4140.3	
307.67	4757.4	
307.88	6122.7	
308.09	3687.7	
308.29	3841.3	
308.5	5715.2	
308.71	6238.1	
308.92	4028.4	
309.13	3692.5	
309.34	5429.2	
309.55	5498.1	
309.75	4797.7	
309.96	4373.8	
310.17	6066.1	
310.38	5266.7	
310.59	4605.9	
310.8	4286.4	
311.01	5595.7	
311.21	5449.6	
311.42	3574.4	
311.63	3745.1	
311.84	5339.7	
312.05	5705.6	
312.26	4223.6	
312.46	4653.7	
312.67	5425.8	
312.88	5119.9	
313.09	3654.3	
313.3	3560.1	
313.51	6417.7	
313.71	6834.8	
313.92	3650.8	
314.13	3868.6	
314.34	5804.6	
314.55	5485.8	
314.76	4754.7	
314.96	4181.3	
315.17	5668.1	
315.38	6014.9	
315.59	3679.5	
315.8	3485	
316.01	6556.2	
316.21	6559	
316.42	3523.9	
316.63	4007.9	
316.84	5487.9	
317.05	6309.1	
317.26	4338.3	
317.46	3846.1	
317.67	5504.9	
317.88	5981.4	
318.09	4669.4	
318.3	3416	
318.5	5304.2	
318.71	5917.3	
318.92	6013.5	
319.13	4333.5	
319.34	6107	
319.54	6250.4	
319.75	3403.7	
319.96	3263.1	
320.17	6032	
320.38	6128.9	
320.58	3310.9	
320.79	4041.3	
321	6161	
321.21	6240.2	
321.42	4051.6	
321.62	3315.7	
321.83	5101.5	
322.04	5595.7	
322.25	3910.9	
322.46	3702.7	
322.66	5731.6	
322.87	5904.3	
323.08	4569.7	
323.29	3586	
323.5	6696.9	
323.7	5064.6	
323.91	5038.7	
324.12	4511	
324.33	5621	
324.53	5924.1	
324.74	4416.1	
324.95	4582	
325.16	4887.8	
325.37	5356.1	
325.57	3730.7	
325.78	3756	
325.99	5610.1	
326.2	5051	
326.4	5247.6	
326.61	3373	
326.82	5507.7	
327.03	5659.9	
327.24	5256.5	
327.44	5005.9	
327.65	5855.8	
327.86	4765.6	
328.07	4376.5	
328.27	3543	
328.48	6369.9	
328.69	5192.3	
328.9	5347.2	
329.1	3982.6	
329.31	5477	
329.52	6483.9	
329.73	3670	
329.93	4147.8	
330.14	5576.6	
330.35	5878.4	
330.56	6109.8	
330.76	4609.3	
330.97	5387.5	
331.18	5821	
331.39	4138.3	
331.59	3280.2	
331.8	6212.2	
332.01	6335	
332.22	3777.8	
332.42	4384.7	
332.63	5700.2	
332.84	5302.9	
333.05	4154	
333.25	3742.3	
333.46	5368.4	
333.67	5532.9	
333.88	3848.8	
334.08	4301.4	
334.29	7520.1	
334.5	6313.9	
334.7	3562.1	
334.91	5328.8	
335.12	5140.4	
335.33	6067.4	
335.53	4088.4	
335.74	6122.1	
335.95	5340.4	
336.16	5212.8	
336.36	4050.2	
336.57	4734.9	
336.78	5087.2	
336.98	6234.7	
337.19	5076.2	
337.4	4000.4	
337.61	6771.3	
337.81	5101.5	
338.02	3763.5	
338.23	4963.6	
338.43	6421.7	
338.64	5220.3	
338.85	3644	
339.05	4874.2	
339.26	6430.6	
339.47	4974.5	
339.68	3756.7	
339.88	5585.5	
340.09	5768.4	
340.3	6032.6	
340.5	4325.3	
340.71	3324.5	
340.92	5028.4	
341.13	6368.5	
341.33	3601.7	
341.54	4390.2	
341.75	5836	
341.95	5431.9	
342.16	4145.8	
342.37	4485.7	
342.57	5115.8	
342.78	5540.4	
342.99	4661.9	
343.19	3291.8	
343.4	5965.1	
343.61	5884.5	
343.81	3956.7	
344.02	3570.3	
344.23	6081.1	
344.43	6442.9	
344.64	4581.3	
344.85	4483.7	
345.06	5830.6	
345.26	6243.6	
345.47	4190.1	
345.68	5015.5	
345.88	4889.9	
346.09	6077.7	
346.3	4335.5	
346.5	3273.3	
346.71	5606	
346.92	5302.9	
347.12	3355.9	
347.33	4297.3	
347.54	6214.9	
347.74	6641.6	
347.95	4263.2	
348.16	3152.5	
348.36	5350	
348.57	5171.1	
348.78	4231.8	
348.98	4520.5	
349.19	5546.6	
349.39	5021.6	
349.6	3347.1	
349.81	3725.9	
350.01	5801.2	
350.22	5275.6	
350.43	4090.5	
350.63	4984.1	
350.84	5653.8	
351.05	5376.6	
351.25	3689.1	
351.46	3318.4	
351.67	6199.2	
351.87	5275.6	
352.08	3979.2	
352.29	4571.1	
352.49	6019.7	
352.7	5750	
352.9	3644	
353.11	4508.3	
353.32	6764.4	
353.52	5371.1	
353.73	3535.5	
353.94	4533.5	
354.14	5847.6	
354.35	5730.9	
354.55	3615.3	
354.76	4076.1	
354.97	5814.2	
355.17	5588.2	
355.38	3437.2	
355.59	4904.9	
355.79	5257.8	
356	5720	
356.2	4040.6	
356.41	3476.1	
356.62	4913.1	
356.82	5487.9	
357.03	4308.2	
357.24	3928	
357.44	5301.5	
357.65	5439.4	
357.85	5264.6	
358.06	4079.6	
358.27	4954	
358.47	5205.3	
358.68	3372.3	
358.88	4257.7	
359.09	5868.1	
359.3	6292.7	
359.5	5084.4	
359.71	4490.5	
359.91	6795.8	
360.12	6083.8	
360.33	4333.5	
360.53	4825	
360.74	5235.3	
360.94	5376.6	
361.15	4549.2	
361.36	3689.8	
361.56	6045.6	
361.77	5482.4	
361.97	5061.9	
362.18	3950.5	
362.38	6098.9	
362.59	5109.7	
362.8	3685	
363	3469.9	
363.21	4947.9	
363.41	5610.1	
363.62	4185.4	
363.83	5289.9	
364.03	5646.2	
364.24	6793.1	
364.44	5326.1	
364.65	5371.1	
364.85	5378.6	
365.06	5057.1	
365.27	3781.2	
365.47	3834.5	
365.68	6435.4	
365.88	5385.5	
366.09	4243.4	
366.29	3935.5	
366.5	5681.1	
366.71	6182.8	
366.91	5300.8	
367.12	4461.8	
367.32	6797.2	
367.53	6055.8	
367.73	4397	
367.94	5379.3	
368.14	5957.5	
368.35	6968.6	
368.56	4429.8	
368.76	3781.9	
368.97	6087.9	
369.17	7933.1	
369.38	3769.6	
369.58	4123.9	
369.79	5074.2	
369.99	6417.7	
370.2	5165	
370.4	4212	
370.61	5732.9	
370.82	6935.1	
371.02	4075.5	
371.23	3362.8	
371.43	4918.5	
371.64	6374.6	
371.84	4129.4	
372.05	5389.6	
372.25	7816.4	
372.46	6094.8	
372.66	4138.3	
372.87	4053.6	
373.07	6121.4	
373.28	7749.5	
373.48	5238	
373.69	4913.8	
373.9	5509	
374.1	5528.8	
374.31	5091.3	
374.51	4584.7	
374.72	6397.2	
374.92	5216.9	
375.13	5338.4	
375.33	4461.2	
375.54	5963	
375.74	5398.4	
375.95	4455.7	
376.15	5857.9	
376.36	5940.5	
376.56	5816.9	
376.77	4553.3	
376.97	5019.6	
377.18	6974	
377.38	6069.5	
377.59	5372.5	
377.79	4018.1	
378	5828.5	
378.2	6307.1	
378.41	4056.3	
378.61	3976.5	
378.82	6299.6	
379.02	5364.3	
379.23	4236.6	
379.43	5431.9	
379.64	6432	
379.84	6035.4	
380.05	4082.3	
380.25	3911.6	
380.46	6139.8	
380.66	5597.8	
380.87	5421.7	
381.07	5883.8	
381.28	6846.4	
381.48	6107	
381.69	4085	
381.89	4115.1	
382.1	5042.1	
382.3	6225.1	
382.51	5260.5	
382.71	6269.5	
382.91	6207.4	
383.12	6681.8	
383.32	4455.7	
383.53	4758.8	
383.73	5971.2	
383.94	5797.8	
384.14	4599.1	
384.35	3673.4	
384.55	5707.7	
384.76	6181.5	
384.96	4436.6	
385.17	4814.1	
385.37	6128.2	
385.58	5386.2	
385.78	4807.3	
385.98	3648.1	
386.19	5572.5	
386.39	5974.6	
386.6	4223.6	
386.8	4440	
387.01	6105	
387.21	6197.8	
387.42	4873.5	
387.62	5579.3	
387.83	5376.6	
388.03	6102.3	
388.23	4549.2	
388.44	5408	
388.64	5050.3	
388.85	5188.9	
389.05	4904.2	
389.26	5556.8	
389.46	7209.5	
389.67	6548.7	
389.87	4832.5	
390.07	4978.6	
390.28	5754.1	
390.48	5282.4	
390.69	4101.4	
390.89	4392.2	
391.1	5462.6	
391.3	6475.7	
391.5	5724.8	
391.71	6305.7	
391.91	6201.2	
392.12	7373.4	
392.32	5732.3	
392.53	4905.6	
392.73	5564.3	
392.93	5819.6	
393.14	4567	
393.34	5677	
393.55	6275	
393.75	5700.2	
393.95	4572.4	
394.16	4513.7	
394.36	5492	
394.57	6200.6	
394.77	4028.4	
394.98	4434.5	
395.18	5432.6	
395.38	5549.3	
395.59	5369.1	
395.79	4243.4	
396	5544.5	
396.2	6048.3	
396.4	5112.4	
396.61	5050.3	
396.81	6316.6	
397.02	5512.4	
397.22	5444.2	
397.42	5459.2	
397.63	6266.1	
397.83	5390.9	
398.04	4203.1	
398.24	4789.5	
398.44	6101.6	
398.65	5055.1	
398.85	4030.4	
399.05	4137.6	
399.26	5380	
399.46	7305.1	
399.67	4552	
399.87	4270.7	
400.07	5758.9	
400.28	6195.8	
400.48	4360.1	
400.69	5462.6	
400.89	6413.6	
401.09	6919.4	
401.3	4222.2	
401.5	5479.7	
401.7	7071	
401.91	7358.4	
402.11	4530.1	
402.32	4902.2	
402.52	6432.7	
402.72	6333	
402.93	5011.4	
403.13	3889.8	
403.33	7241.6	
403.54	5894.7	
403.74	4741	
403.94	5762.3	
404.15	5950	
404.35	7179.5	
404.56	4498	
404.76	6486.6	
404.96	6342.6	
405.17	6167.1	
405.37	6114.6	
405.57	4990.2	
405.78	6428.6	
405.98	5915.9	
406.18	4483	
406.39	5497.4	
406.59	6369.9	
406.79	6021.7	
407	4315.1	
407.2	4397.7	
407.4	6429.3	
407.61	6594.5	
407.81	4430.4	
408.01	7099.6	
408.22	5422.3	
408.42	7410.2	
408.62	5485.8	
408.83	4951.3	
409.03	5950.7	
409.23	5795.8	
409.44	5020.9	
409.64	5321.3	
409.84	6898.2	
410.05	6862.1	
410.25	5168.4	
410.45	4896	
410.66	6239.5	
410.86	8904.6	
411.06	5380.7	
411.27	5242.8	
411.47	8623.3	
411.67	6440.2	
411.88	5457.8	
412.08	5795.1	
412.28	7127.6	
412.49	7668.3	
412.69	5169.1	
412.89	5255.8	
413.09	7454.6	
413.3	7275.1	
413.5	5350.7	
413.7	4937.7	
413.91	6525.5	
414.11	7430	
414.31	5149.3	
414.52	5573.2	
414.72	7037.5	
414.92	6941.2	
415.12	5180.7	
415.33	5696.1	
415.53	7415	
415.73	7580.9	
415.94	6128.2	
416.14	5479.7	
416.34	6308.4	
416.55	5958.9	
416.75	6836.8	
416.95	6041.5	
417.15	7340.6	
417.36	8154.3	
417.56	7004.1	
417.76	5986.2	
417.97	7791.2	
418.17	7410.9	
418.37	5526.1	
418.57	5623	
418.78	7098.9	
418.98	6785.6	
419.18	6546	
419.38	6472.3	
419.59	6894.8	
419.79	6487.3	
419.99	5433.9	
420.2	5887.9	
420.4	7371.3	
420.6	7671	
420.8	5337.7	
421.01	5214.1	
421.21	7171.3	
421.41	7443.7	
421.61	5728.9	
421.82	5442.1	
422.02	6630.6	
422.22	7739.3	
422.42	6194.4	
422.63	5952.8	
422.83	6842.3	
423.03	8042.4	
423.23	6024.4	
423.44	4878.3	
423.64	6953.5	
423.84	6733	
424.04	5420.3	
424.25	4994.3	
424.45	7933.1	
424.65	7802.8	
424.85	4809.3	
425.06	5376.6	
425.26	7823.2	
425.46	6295.5	
425.66	5898.1	
425.87	5635.3	
426.07	7698.3	
426.27	7524.9	
426.47	5748	
426.67	5015.5	
426.88	7999.4	
427.08	7393.2	
427.28	6000.5	
427.48	4973.2	
427.69	6227.9	
427.89	6936.5	
428.09	6019	
428.29	5113.1	
428.5	7742	
428.7	7221.8	
428.9	4861.2	
429.1	5666.7	
429.3	7058	
429.51	7527	
429.71	5276.3	
429.91	6130.9	
430.11	7403.4	
430.31	7582.3	
430.52	5610.1	
430.72	5915.2	
430.92	8085.4	
431.12	7417.7	
431.32	5256.5	
431.53	5663.3	
431.73	6182.8	
431.93	7972.7	
432.13	5122.7	
432.33	5019.6	
432.54	6713.2	
432.74	7144.7	
432.94	4932.9	
433.14	6009.4	
433.34	7241.6	
433.55	6787	
433.75	6021	
433.95	7927	
434.15	7064.1	
434.35	6776.7	
434.56	5232.6	
434.76	4638	
434.96	6995.2	
435.16	7319.4	
435.36	4982.7	
435.56	6270.2	
435.77	6666.1	
435.97	6916	
436.17	7062.1	
436.37	6178.7	
436.57	6709.8	
436.78	6531	
436.98	6225.8	
437.18	6775.4	
437.38	7311.2	
437.58	6956.3	
437.78	6982.9	
437.99	5547.3	
438.19	7462.1	
438.39	8238.3	
438.59	5380.7	
438.79	4887.8	
438.99	8084.7	
439.2	6935.1	
439.4	5032.5	
439.6	4974.5	
439.8	7215	
440	8406.2	
440.2	6035.4	
440.4	6212.9	
440.61	7595.9	
440.81	8198	
441.01	5224.4	
441.21	6204	
441.41	8013.7	
441.61	7730.4	
441.81	6554.9	
442.02	7644.4	
442.22	8591.2	
442.42	7785	
442.62	5268.7	
442.82	5339.7	
443.02	7986.4	
443.22	7043	
443.43	5732.3	
443.63	5257.8	
443.83	6819.1	
444.03	6890.7	
444.23	6552.1	
444.43	6147.3	
444.63	7187	
444.83	8602.8	
445.04	5355.4	
445.24	6782.9	
445.44	7658.7	
445.64	7731.8	
445.84	6283.2	
446.04	6245.6	
446.24	6931.7	
446.44	8112	
446.65	5379.3	
446.85	5839.4	
447.05	7354.9	
447.25	8034.2	
447.45	5893.4	
447.65	5211.4	
447.85	7308.5	
448.05	6978.8	
448.25	6367.8	
448.46	6222.4	
448.66	7298.3	
448.86	6963.8	
449.06	5051	
449.26	6366.5	
449.46	7680.6	
449.66	6604	
449.86	5806	
450.06	5726.1	
450.26	6885.3	
450.47	7472.4	
450.67	6081.1	
450.87	6507.8	
451.07	7593.9	
451.27	7416.4	
451.47	5330.9	
451.67	5959.6	
451.87	6940.6	
452.07	8163.2	
452.27	5599.1	
452.47	5603.9	
452.67	7325.6	
452.88	7818.5	
453.08	4967.7	
453.28	7066.9	
453.48	8507.3	
453.68	7251.9	
453.88	5388.2	
454.08	5664.7	
454.28	7646.4	
454.48	7329.7	
454.68	6267.5	
454.88	6851.1	
455.08	7795.9	
455.28	7537.2	
455.48	5338.4	
455.68	5902.2	
455.89	8241	
456.09	7882.6	
456.29	5670.8	
456.49	5782.8	
456.69	8090.8	
456.89	7379.5	
457.09	6253.1	
457.29	6627.2	
457.49	7673.7	
457.69	7802.8	
457.89	6079.7	
458.09	5509	
458.29	7374.7	
458.49	8174.1	
458.69	6501.6	
458.89	5887.2	
459.09	8408.3	
459.29	8554.4	
459.49	6109.1	
459.69	6856.6	
459.9	7942	
460.1	7391.8	
460.3	5836.7	
460.5	5689.9	
460.7	7902.4	
460.9	7708.6	
461.1	5280.3	
461.3	6702.3	
461.5	8617.2	
461.7	8127.7	
461.9	5735.7	
462.1	6225.1	
462.3	7628.7	
462.5	8206.2	
462.7	5778	
462.9	5877	
463.1	9413.1	
463.3	9038.4	
463.5	6098.2	
463.7	7065.5	
463.9	7735.2	
464.1	8250.6	
464.3	6214.2	
464.5	6518	
464.7	8546.9	
464.9	8141.4	
465.1	7938.6	
465.3	6790.4	
465.5	8945.5	
465.7	8798.1	
465.9	7182.2	
466.1	6952.9	
466.3	8632.2	
466.5	8428.8	
466.7	7777.5	
466.9	6637.5	
467.1	8325	
467.3	9361.9	
467.5	7859.4	
467.7	6582.2	
467.9	9637.7	
468.1	10529	
468.3	7509.2	
468.5	7947.5	
468.7	8379.6	
468.9	8302.5	
469.1	6782.9	
469.3	7561.1	
469.5	10397	
469.7	7835.5	
469.9	7403.4	
470.1	6601.3	
470.3	8392.6	
470.5	8402.8	
470.7	8039.6	
470.9	6705	
471.1	8118.1	
471.3	8557.1	
471.5	6498.2	
471.69	8593.3	
471.89	7977.5	
472.09	7495.6	
472.29	7421.2	
472.49	7858.1	
472.69	7696.9	
472.89	8593.3	
473.09	6455.9	
473.29	6609.5	
473.49	7894.2	
473.69	8039	
473.89	7551.5	
474.09	6799.9	
474.29	9375.6	
474.49	9068.4	
474.69	7643	
474.89	6889.4	
475.09	8049.9	
475.29	8051.2	
475.49	6264.7	
475.69	6501.6	
475.88	9921	
476.08	8419.9	
476.28	6190.3	
476.48	6690.7	
476.68	8880	
476.88	8751.7	
477.08	6554.9	
477.28	6797.2	
477.48	8123.6	
477.68	8876.6	
477.88	6319.3	
478.08	6657.9	
478.28	9224.1	
478.48	8269.7	
478.67	6736.5	
478.87	6136.4	
479.07	9058.2	
479.27	8322.9	
479.47	6992.4	
479.67	6984.9	
479.87	8750.3	
480.07	9401.5	
480.27	6220.4	
480.47	7991.2	
480.67	8511.4	
480.87	9143.5	
481.06	6524.8	
481.26	7305.8	
481.46	8377.6	
481.66	8306.6	
481.86	6956.9	
482.06	8099.7	
482.26	8064.2	
482.46	9251.4	
482.66	6946.7	
482.86	6455.9	
483.05	8419.2	
483.25	7776.1	
483.45	9510.1	
483.65	6916.7	
483.85	7991.2	
484.05	8289.5	
484.25	7383.6	
484.45	7917.4	
484.65	9302.6	
484.84	9163.3	
485.04	6759	
485.24	6782.2	
485.44	9527.8	
485.64	7701.7	
485.84	5975.3	
486.04	7589.8	
486.24	8068.3	
486.44	8475.9	
486.63	5974.6	
486.83	6901	
487.03	7946.8	
487.23	8238.3	
487.43	5995.1	
487.63	8665.6	
487.83	8237.6	
488.02	9368.8	
488.22	7130.3	
488.42	7904.5	
488.62	9230.2	
488.82	8087.4	
489.02	6822.5	
489.22	6809.5	
489.41	9043.8	
489.61	8695	
489.81	6557.6	
490.01	6511.2	
490.21	8958.5	
490.41	9598.1	
490.61	6473.6	
490.8	6629.3	
491	8397.4	
491.2	7690.1	
491.4	7305.8	
491.6	6343.2	
491.8	8364.6	
491.99	8616.5	
492.19	6118	
492.39	6507.1	
492.59	9028.8	
492.79	9048.6	
492.99	7505.8	
493.18	6334.4	
493.38	9063.6	
493.58	9900.6	
493.78	7234.8	
493.98	6757.6	
494.18	8722.3	
494.37	8170.7	
494.57	7508.5	
494.77	7378.1	
494.97	8911.4	
495.17	9225.4	
495.37	6881.2	
495.56	7199.3	
495.76	9506	
495.96	9079.3	
496.16	8163.2	
496.36	7038.2	
496.55	9296.4	
496.75	8701.8	
496.95	7547.4	
497.15	7342.7	
497.35	9240.4	
497.54	9171.5	
497.74	7128.3	
497.94	8947.6	
498.14	9960.6	
498.34	9811.1	
498.53	6761.7	
498.73	7670.3	
498.93	8544.8	
499.13	9236.3	
499.33	7353.6	
499.52	7901.7	
499.72	9135.3	
499.92	9512.1	
500.12	7044.3	
500.32	7385	
500.51	9493	
500.71	9131.2	
500.91	8163.9	
501.11	7836.2	
501.31	9407	
501.5	9852.1	
501.7	8466.3	
501.9	7296.9	
502.1	9198.1	
502.29	9443.2	
502.49	7806.2	
502.69	8329.8	
502.89	9379	
503.09	9290.3	
503.28	6845	
503.48	6978.1	
503.68	8471.1	
503.88	8531.2	
504.07	7998.7	
504.27	7474.4	
504.47	8914.8	
504.67	9058.2	
504.86	7963.2	
505.06	7632.8	
505.26	8688.2	
505.46	10621	
505.65	7494.2	
505.85	7710.6	
506.05	8563.9	
506.25	9093.7	
506.44	6726.2	
506.64	7800.7	
506.84	8503.2	
507.04	9513.5	
507.23	7013.6	
507.43	7582.3	
507.63	10686	
507.83	8625.4	
508.02	7617.1	
508.22	7221.8	
508.42	10859	
508.62	8426.7	
508.81	7496.2	
509.01	8095.6	
509.21	8335.2	
509.4	8654.7	
509.6	7761.1	
509.8	6956.3	
510	8629.5	
510.19	10216	
510.39	6895.5	
510.59	7075	
510.79	8378.9	
510.98	9906	
511.18	7113.3	
511.38	7221.8	
511.57	9258.9	
511.77	9137.4	
511.97	7971.4	
512.17	6804.7	
512.36	9289.6	
512.56	9226.1	
512.76	6983.6	
512.95	6676.4	
513.15	9387.9	
513.35	7844.4	
513.55	7868.3	
513.74	6984.9	
513.94	9387.9	
514.14	8644.5	
514.33	7919.5	
514.53	7623.2	
514.73	8660.9	
514.92	8850	
515.12	7094.2	
515.32	7036.8	
515.51	8951.7	
515.71	9522.4	
515.91	8863.6	
516.11	7007.5	
516.3	10746	
516.5	8584.4	
516.7	7623.9	
516.89	8342.1	
517.09	8708.6	
517.29	8503.2	
517.48	8118.8	
517.68	7308.5	
517.88	8351.6	
518.07	8951.7	
518.27	7866.9	
518.47	6854.6	
518.66	9613.8	
518.86	8093.6	
519.06	6651.1	
519.25	7094.2	
519.45	8532.5	
519.65	10161	
519.84	7881.9	
520.04	8613.1	
520.24	10576	
520.43	9164.7	
520.63	7465.5	
520.83	7262.8	
521.02	8331.8	
521.22	9140.8	
521.42	7801.4	
521.61	8391.9	
521.81	8627.4	
522.01	8877.3	
522.2	7610.3	
522.4	7356.3	
522.6	9246.6	
522.79	8025.3	
522.99	7374.7	
523.18	6690.7	
523.38	9040.4	
523.58	9060.9	
523.77	8952.4	
523.97	6728.9	
524.17	11006	
524.36	10135	
524.56	8245.8	
524.76	7787.7	
524.95	8987.2	
525.15	8701.8	
525.34	7559.1	
525.54	7542	
525.74	9395.4	
525.93	8388.5	
526.13	8856.1	
526.33	7557	
526.52	9751.7	
526.72	9221.3	
526.91	8826.7	
527.11	8075.8	
527.31	9828.9	
527.5	10251	
527.7	7983.7	
527.89	6941.9	
528.09	8662.2	
528.29	9247.9	
528.48	8432.9	
528.68	7970.7	
528.87	9671.2	
529.07	9742.2	
529.27	7886.7	
529.46	7431.4	
529.66	9224.7	
529.85	9837.1	
530.05	7324.2	
530.25	8062.2	
530.44	10823	
530.64	9213.8	
530.83	7736.5	
531.03	7956.4	
531.23	9589.3	
531.42	9499.2	
531.62	8697	
531.81	7856.7	
532.01	9824.1	
532.21	10279	
532.4	7612.3	
532.6	8023.3	
532.79	10741	
532.99	9943.6	
533.18	8072.4	
533.38	9132.6	
533.58	9396.8	
533.77	10219	
533.97	7974.1	
534.16	8852.7	
534.36	10438	
534.55	9446.6	
534.75	9031.5	
534.95	8055.3	
535.14	10320	
535.34	9486.2	
535.53	7686	
535.73	9833	
535.92	10914	
536.12	9651.4	
536.31	7792.5	
536.51	9094.3	
536.71	9916.9	
536.9	9422	
537.1	8104.5	
537.29	8206.2	
537.49	10413	
537.68	9426.1	
537.88	8570.1	
538.07	7752.9	
538.27	9637.7	
538.46	10660	
538.66	7575.4	
538.86	8069	
539.05	9684.8	
539.25	10209	
539.44	8421.9	
539.64	8019.8	
539.83	9435.7	
540.03	10590	
540.22	7762.5	
540.42	7987.8	
540.61	9787.2	
540.81	9893.7	
541	8505.9	
541.2	9238.4	
541.39	9300.5	
541.59	9714.9	
541.78	8796.7	
541.98	7889.5	
542.18	8842.4	
542.37	8921	
542.57	8331.8	
542.76	8854.1	
542.96	8933.9	
543.15	9828.2	
543.35	8267.6	
543.54	7587.7	
543.74	10134	
543.93	9602.9	
544.13	8200.7	
544.32	9396.1	
544.52	9919.7	
544.71	9123	
544.91	7324.2	
545.1	8654.7	
545.3	9108.7	
545.49	9873.9	
545.69	7195.2	
545.88	7878.5	
546.08	10955	
546.27	10516	
546.47	8397.4	
546.66	7689.4	
546.86	10167	
547.05	10774	
547.24	7960.5	
547.44	7742.7	
547.63	8991.9	
547.83	10254	
548.02	8183	
548.22	8353.7	
548.41	8878.6	
548.61	10242	
548.8	7689.4	
549	7589.8	
549.19	9514.2	
549.39	9781.8	
549.58	7304.4	
549.78	7952.9	
549.97	9964.7	
550.17	9389.3	
550.36	8869.1	
550.55	10015	
550.75	9299.1	
550.94	10343	
551.14	7530.4	
551.33	8054.7	
551.53	8597.4	
551.72	9659.6	
551.92	8133.8	
552.11	7715.4	
552.31	9783.1	
552.5	9897.8	
552.69	9623.4	
552.89	7400	
553.08	9745.6	
553.28	9349	
553.47	7752.9	
553.67	8992.6	
553.86	10500	
554.06	8651.3	
554.25	6879.1	
554.44	7625.3	
554.64	11285	
554.83	10682	
555.03	7500.3	
555.22	7907.2	
555.42	9863.7	
555.61	9539.4	
555.8	7598	
556	8041.7	
556.19	8608.3	
556.39	10125	
556.58	7755	
556.78	7744.1	
556.97	9564	
557.16	9086.2	
557.36	9100.5	
557.55	7482.6	
557.75	8477.2	
557.94	10346	
558.13	7454.6	
558.33	7253.2	
558.52	10124	
558.72	8885.5	
558.91	7273	
559.1	7643	
559.3	8646.5	
559.49	8268.3	
559.69	6839.5	
559.88	8030.1	
560.07	9410.4	
560.27	9930.6	
560.46	8161.2	
560.66	8295.6	
560.85	9176.9	
561.04	8303.1	
561.24	7387.7	
561.43	7591.1	
561.63	8605.6	
561.82	8937.3	
562.01	8841.1	
562.21	7773.4	
562.4	9295.7	
562.59	10488	
562.79	7699	
562.98	7295.5	
563.18	9260.9	
563.37	10817	
563.56	8312.7	
563.76	7212.9	
563.95	8727.1	
564.14	8670.4	
564.34	7671.7	
564.53	7434.1	
564.73	9293	
564.92	9651.4	
565.11	7862.8	
565.31	7121.5	
565.5	9915.6	
565.69	8826.1	
565.89	7364.5	
566.08	7649.8	
566.27	9810.5	
566.47	10189	
566.66	8275.2	
566.85	6844.3	
567.05	9308.7	
567.24	8611	
567.44	7259.4	
567.63	8806.9	
567.82	9562	
568.02	9323	
568.21	7277.8	
568.4	7683.3	
568.6	9111.4	
568.79	9196.1	
568.98	7066.2	
569.18	7319.4	
569.37	9073.9	
569.56	11308	
569.76	7579.5	
569.95	8700.5	
570.14	9572.2	
570.34	9409.1	
570.53	7038.9	
570.72	7180.9	
570.91	10045	
571.11	9086.2	
571.3	7655.3	
571.49	8537.3	
571.69	9073.2	
571.88	8563.9	
572.07	8135.9	
572.27	8225.3	
572.46	8620.6	
572.65	9766.8	
572.85	7393.2	
573.04	7752.9	
573.23	9931.3	
573.43	9157.2	
573.62	7114	
573.81	7776.8	
574	9181	
574.2	8949.6	
574.39	7387.7	
574.58	7669.6	
574.78	10146	
574.97	9309.4	
575.16	7939.3	
575.36	8297.7	
575.55	9643.9	
575.74	9792.7	
575.93	7056.6	
576.13	8144.1	
576.32	9001.5	
576.51	9619.3	
576.71	7544.7	
576.9	8985.8	
577.09	9985.2	
577.28	9427.5	
577.48	7978.2	
577.67	7012.2	
577.86	9130.5	
578.05	9482.1	
578.25	7676.5	
578.44	7896.3	
578.63	9209	
578.83	10554	
579.02	7040.2	
579.21	8727.1	
579.4	9442.5	
579.6	9083.4	
579.79	7920.9	
579.98	10198	
580.17	9766.1	
580.37	9839.1	
580.56	7291.5	
580.75	8027.4	
580.94	10367	
581.14	10170	
581.33	8580.3	
581.52	7435.5	
581.71	9642.5	
581.91	10357	
582.1	7062.8	
582.29	7715.4	
582.48	9340.8	
582.68	9094.3	
582.87	8221.2	
583.06	7799.3	
583.25	9540.1	
583.45	9476	
583.64	8544.8	
583.83	9415.9	
584.02	9093.7	
584.21	9579.7	
584.41	8568.7	
584.6	7788.4	
584.79	9112.8	
584.98	10091	
585.18	7183.6	
585.37	7159	
585.56	8746.9	
585.75	9665.7	
585.94	7397.9	
586.14	8181	
586.33	10322	
586.52	9189.2	
586.71	7944.8	
586.91	7699	
587.1	8603.5	
587.29	9737.4	
587.48	7552.2	
587.67	7515.4	
587.87	9585.9	
588.06	9629.5	
588.25	8845.9	
588.44	8142.7	
588.63	9215.9	
588.83	9785.2	
589.02	7453.2	
589.21	7404.8	
589.4	8948.9	
589.59	8656.1	
589.78	6673.6	
589.98	6892.8	
590.17	8338.6	
590.36	8998.1	
590.55	6257.2	
590.74	7233.4	
590.94	10399	
591.13	8795.3	
591.32	6918.7	
591.51	6411.5	
591.7	9291.6	
591.89	8729.8	
592.09	6561	
592.28	6978.8	
592.47	7912.7	
592.66	9874.6	
592.85	6484.6	
593.05	6848.4	
593.24	8566.7	
593.43	9502.6	
593.62	6816.3	
593.81	7448.5	
594	8596.7	
594.19	8815.1	
594.39	6791.1	
594.58	6781.5	
594.77	9039.1	
594.96	9640.5	
595.15	6647.7	
595.34	7412.3	
595.54	8989.9	
595.73	8060.1	
595.92	5995.8	
596.11	7258.7	
596.3	9609.8	
596.49	8167.3	
596.68	6929	
596.88	7492.8	
597.07	9280.7	
597.26	7887.4	
597.45	6484.6	
597.64	7746.8	
597.83	8203.5	
598.02	8914.1	
598.22	6591.7	
598.41	7314.7	
598.6	8736	
598.79	8056.7	
598.98	6539.8	
599.17	7574.8	
599.36	8636.3	
599.55	9998.2	
599.74	8849.3	
599.94	8511.4	
600.13	9330.5	
600.32	8041	
600.51	6447.7	
600.7	6563.7	
600.89	9945.6	
601.08	10085	
601.27	6336.4	
601.47	7288	
601.66	9253.4	
601.85	9999.5	
602.04	6993.8	
602.23	7486.7	
602.42	8192.6	
602.61	8921	
602.8	6905.1	
602.99	6640.9	
603.18	8550.3	
603.37	8822	
603.57	7337.9	
603.76	7976.2	
603.95	9648.7	
604.14	9180.4	
604.33	6725.5	
604.52	7198.6	
604.71	8733.9	
604.9	8363.2	
605.09	7699	
605.28	7520.8	
605.47	9327.1	
605.66	9157.8	
605.86	7353.6	
606.05	6769.9	
606.24	9407.7	
606.43	7945.4	
606.62	7101	
606.81	7965.9	
607	9206.3	
607.19	8508.6	
607.38	6488.6	
607.57	6744.6	
607.76	8308.6	
607.95	7752.2	
608.14	7137.9	
608.33	7880.6	
608.52	8207.6	
608.72	9203.6	
608.91	6369.9	
609.1	6277.7	
609.29	8340.7	
609.48	7854	
609.67	7333.8	
609.86	6309.1	
610.05	7895.6	
610.24	8373.5	
610.43	6218.3	
610.62	5872.2	
610.81	9508.7	
611	9258.9	
611.19	6343.9	
611.38	7101.7	
611.57	8572.1	
611.76	10118	
611.95	6146	
612.14	5978	
612.33	8503.8	
612.52	7905.8	
612.71	6710.5	
612.9	5806	
613.09	7445.7	
613.28	10007	
613.47	6406.7	
613.66	7460.8	
613.85	8551	
614.04	7983	
614.24	6453.1	
614.43	5733.6	
614.62	8618.5	
614.81	8546.9	
615	7102.4	
615.19	7087.3	
615.38	7871	
615.57	8241.7	
615.76	7025.9	
615.95	7993.9	
616.14	8645.8	
616.33	8291.5	
616.52	7224.6	
616.71	7550.2	
616.9	8691.6	
617.09	8409.6	
617.28	6522.8	
617.47	8152.3	
617.66	7649.2	
617.85	7691.5	
618.04	7578.2	
618.22	6893.5	
618.41	8027.4	
618.6	9032.9	
618.79	6823.8	
618.98	6447	
619.17	9336.7	
619.36	7503.8	
619.55	6691.4	
619.74	6698.2	
619.93	8517.5	
620.12	7883.3	
620.31	7337.9	
620.5	7412.3	
620.69	9202.2	
620.88	9553.8	
621.07	8271.1	
621.26	7209.5	
621.45	8690.9	
621.64	8676.6	
621.83	7307.2	
622.02	6412.2	
622.21	8765.3	
622.4	8453.3	
622.59	7868.3	
622.78	7555.6	
622.97	7971.4	
623.16	9136	
623.35	7176.1	
623.54	6280.4	
623.72	8281.3	
623.91	8552.3	
624.1	7420.5	
624.29	6044.2	
624.48	9570.8	
624.67	8703.2	
624.86	7374.7	
625.05	6384.9	
625.24	9685.5	
625.43	7952.9	
625.62	9241.8	
625.81	6635.4	
626	9200.8	
626.19	8261.5	
626.38	7454.6	
626.56	6830.7	
626.75	8150.9	
626.94	8640.4	
627.13	7342	
627.32	6051.1	
627.51	8741.4	
627.7	10149	
627.89	6193.1	
628.08	7365.9	
628.27	7940.7	
628.46	8177.5	
628.65	6550.8	
628.83	6160.3	
629.02	8885.5	
629.21	8002.1	
629.4	7032	
629.59	7221.1	
629.78	7901.7	
629.97	9020.6	
630.16	7251.9	
630.35	6660.7	
630.54	9433.6	
630.72	9043.8	
630.91	6622.4	
631.1	7293.5	
631.29	8628.8	
631.48	8718.9	
631.67	7350.8	
631.86	6760.3	
632.05	8137.9	
632.24	8239.7	
632.42	6452.5	
632.61	7120.8	
632.8	8260.8	
632.99	7968	
633.18	6991.1	
633.37	7462.1	
633.56	8529.1	
633.75	8344.1	
633.93	7014.3	
634.12	6673.6	
634.31	9442.5	
634.5	8980.3	
634.69	6690	
634.88	7317.4	
635.07	8303.1	
635.25	8818.6	
635.44	7723.6	
635.63	7895.6	
635.82	8099.7	
636.01	7574.1	
636.2	7611.6	
636.39	7148.8	
636.57	9290.3	
636.76	9016.5	
636.95	6466.8	
637.14	8054.7	
637.33	8564.6	
637.52	9667.8	
637.7	6320.7	
637.89	7292.1	
638.08	8130.4	
638.27	9741.5	
638.46	7286.7	
638.65	7865.6	
638.83	9710.8	
639.02	7978.9	
639.21	7324.2	
639.4	7783.6	
639.59	8538.7	
639.78	8066.3	
639.96	6535.1	
640.15	6599.2	
640.34	8282.7	
640.53	8515.5	
640.72	6148.7	
640.91	6542.6	
641.09	7748.8	
641.28	9207.7	
641.47	6506.4	
641.66	7543.4	
641.85	8522.3	
642.03	8730.5	
642.22	7279.8	
642.41	6665.5	
642.6	7862.8	
642.79	7254.6	
642.97	6528.9	
643.16	7268.9	
643.35	7873.8	
643.54	7638.2	
643.73	6378.1	
643.91	7199.3	
644.1	7512.6	
644.29	8148.2	
644.48	6424.5	
644.67	6507.1	
644.85	7756.3	
645.04	8045.1	
645.23	6066.8	
645.42	6360.3	
645.6	7531.1	
645.79	8802.2	
645.98	6337.8	
646.17	5388.9	
646.36	7279.8	
646.54	7964.6	
646.73	7219.1	
646.92	5905	
647.11	7547.4	
647.29	8733.2	
647.48	6014.2	
647.67	5780.7	
647.86	9008.3	
648.05	8910.7	
648.23	6392.4	
648.42	7715.4	
648.61	8244.4	
648.8	7952.9	
648.98	5919.3	
649.17	6249	
649.36	7500.3	
649.55	6965.1	
649.73	6007.4	
649.92	6845	
650.11	7387.7	
650.3	7775.5	
650.48	6239.5	
650.67	5984.2	
650.86	8045.1	
651.05	6992.4	
651.23	6156.9	
651.42	6128.2	
651.61	7400	
651.79	7630.7	
651.98	6305.7	
652.17	5925.5	
652.36	8023.9	
652.54	7072.3	
652.73	6009.4	
652.92	5766.4	
653.11	7989.1	
653.29	8078.6	
653.48	5240.1	
653.67	6271.6	
653.85	7727.7	
654.04	8851.3	
654.23	6519.4	
654.42	5981.4	
654.6	7290.8	
654.79	8015.7	
654.98	5545.2	
655.16	6029.9	
655.35	6839.5	
655.54	6781.5	
655.73	5612.1	
655.91	5441.5	
656.1	8070.4	
656.29	6718.7	
656.47	5045.5	
656.66	6898.9	
656.85	6950.1	
657.03	7092.8	
657.22	5625.1	
657.41	5640.1	
657.59	7157.7	
657.78	6960.4	
657.97	5240.1	
658.16	6134.3	
658.34	7883.3	
658.53	8303.8	
658.72	7063.4	
658.9	7597.3	
659.09	7162.4	
659.28	7365.2	
659.46	5774.6	
659.65	5630.5	
659.84	7059.3	
660.02	7610.9	
660.21	5582.1	
660.4	5572.5	
660.58	8129.1	
660.77	7442.3	
660.96	6230.6	
661.14	5191.6	
661.33	8608.3	
661.52	8455.4	
661.7	5132.2	
661.89	9146.9	
662.08	6952.2	
662.26	6545.3	
662.45	5373.2	
662.64	5565	
662.82	7723.6	
663.01	6830.7	
663.2	5592.3	
663.38	6395.1	
663.57	7579.5	
663.75	7509.2	
663.94	5933.6	
664.13	7273	
664.31	6888	
664.5	7725.6	
664.69	6141.9	
664.87	6755.6	
665.06	6632.7	
665.25	7347.4	
665.43	7077.1	
665.62	7131.7	
665.8	7849.9	
665.99	6987	
666.18	5888.6	
666.36	6019	
666.55	7806.2	
666.74	7693.5	
666.92	5504.3	
667.11	7299	
667.29	7051.2	
667.48	7739.3	
667.67	6852.5	
667.85	6030.6	
668.04	7131.7	
668.22	7075	
668.41	5969.8	
668.6	6167.1	
668.78	6882.5	
668.97	7111.9	
669.15	6436.8	
669.34	5236.7	
669.53	6897.6	
669.71	7265.5	
669.9	5450.3	
670.08	6159.6	
670.27	6945.3	
670.46	7474.4	
670.64	6386.9	
670.83	6677.7	
671.01	6757.6	
671.2	7443.7	
671.38	5487.9	
671.57	5424.4	
671.76	8125.7	
671.94	8759.8	
672.13	5365	
672.31	6505	
672.5	7561.8	
672.69	6888	
672.87	5605.3	
673.06	5894.1	
673.24	7445	
673.43	6887.3	
673.61	6377.4	
673.8	5805.3	
673.98	7712.7	
674.17	7884	
674.36	6464.1	
674.54	6313.2	
674.73	7403.4	
674.91	7628	
675.1	6045.6	
675.28	5601.9	
675.47	7137.2	
675.65	7699.7	
675.84	5797.1	
676.03	6248.4	
676.21	6951.5	
676.4	6417	
676.58	6697.5	
676.77	6411.5	
676.95	8381.7	
677.14	6822.5	
677.32	5545.2	
677.51	5306.3	
677.69	7693.5	
677.88	6467.5	
678.06	5378	
678.25	5539.8	
678.44	7230	
678.62	6928.3	
678.81	5195	
678.99	6191	
679.18	7972.1	
679.36	7496.9	
679.55	5810.8	
679.73	6468.2	
679.92	7547.4	
680.1	6905.8	
680.29	7124.9	
680.47	5776	
680.66	6827.9	
680.84	7774.8	
681.03	5014.8	
681.21	6287.3	
681.4	6902.3	
681.58	6738.5	
681.77	5614.8	
681.95	5467.4	
682.14	7807.5	
682.32	8148.9	
682.51	6548	
682.69	5264	
682.88	6836.8	
683.06	7595.9	
683.25	6209.4	
683.43	6747.4	
683.62	7114	
683.8	7589.8	
683.99	6757.6	
684.17	6102.9	
684.36	8475.9	
684.54	7105.1	
684.73	5196.4	
684.91	5461.9	
685.1	7337.2	
685.28	6793.1	
685.46	6006.7	
685.65	6092.7	
685.83	7634.1	
686.02	7059.3	
686.2	5428.5	
686.39	5646.9	
686.57	6609.5	
686.76	8333.9	
686.94	5419.6	
687.13	5627.1	
687.31	7487.4	
687.5	7057.3	
687.68	5158.8	
687.86	6551.5	
688.05	8856.8	
688.23	6429.3	
688.42	6429.3	
688.6	5595.1	
688.79	6880.5	
688.97	6894.1	
689.16	5993.7	
689.34	4855.1	
689.52	7745.4	
689.71	7871.7	
689.89	6297.5	
690.08	5551.4	
690.26	7246.4	
690.45	6995.2	
690.63	6527.6	
690.81	5711.1	
691	6893.5	
691.18	6787	
691.37	5900.2	
691.55	8235.6	
691.74	6804	
691.92	8918.2	
692.1	5905.7	
692.29	5278.3	
692.47	7014.3	
692.66	6290.7	
692.84	5499.5	
693.02	6053.1	
693.21	6365.1	
693.39	7020.4	
693.58	6206	
693.76	5652.4	
693.94	8269	
694.13	7974.1	
694.31	5572.5	
694.5	6771.9	
694.68	6746.7	
694.86	7215.7	
695.05	5972.6	
695.23	6408.8	
695.42	7522.2	
695.6	10128	
695.78	6664.1	
695.97	5633.3	
696.15	7662.8	
696.34	7047.1	
696.52	5437.4	
696.7	6352.8	
696.89	7393.2	
697.07	6782.2	
697.25	6221	
697.44	7951.6	
697.62	7326.9	
697.81	7830.7	
697.99	6019	
698.17	6379.4	
698.36	6705	
698.54	7412.3	
698.72	6313.9	
698.91	5224.4	
699.09	6923.5	
699.28	6806.1	
699.46	5893.4	
699.64	5849.7	
699.83	6740.5	
700.01	8251.9	
700.19	6728.3	
700.38	5013.4	
700.56	8162.5	
700.74	6866.2	
700.93	5447.6	
701.11	6354.2	
701.29	7514.7	
701.48	8594.6	
701.66	5670.1	
701.84	5776	
702.03	7077.1	
702.21	7731.1	
702.39	5255.8	
702.58	5864	
702.76	7528.3	
702.94	7592.5	
703.13	5264	
703.31	7899.7	
703.49	6740.5	
703.68	8137.3	
703.86	5536.3	
704.04	6624.5	
704.23	7354.3	
704.41	7796.6	
704.59	5715.2	
704.78	7043.6	
704.96	8462.9	
705.14	7813	
705.33	5487.2	
705.51	6395.1	
705.69	7212.3	
705.87	8090.2	
706.06	6744.6	
706.24	5445.5	
706.42	7551.5	
706.61	7820.5	
706.79	6735.1	
706.97	5575.3	
707.16	7016.3	
707.34	7608.9	
707.52	6762.4	
707.7	5767.1	
707.89	7237.5	
708.07	6788.3	
708.25	6632.7	
708.44	6891.4	
708.62	7088.7	
708.8	8299.1	
708.98	7000	
709.17	5844.9	
709.35	7559.1	
709.53	7591.8	
709.72	5498.1	
709.9	5707	
710.08	7806.2	
710.26	7890.1	
710.45	7294.2	
710.63	5955.5	
710.81	7446.4	
710.99	7582.3	
711.18	6632.7	
711.36	6081.1	
711.54	7249.1	
711.72	8175.5	
711.91	6168.5	
712.09	5534.3	
712.27	7445.7	
712.45	8221.2	
712.64	6499.6	
712.82	5346.6	
713	6876.4	
713.18	7127.6	
713.37	5565.7	
713.55	6819.1	
713.73	8058.8	
713.91	6539.2	
714.1	5915.2	
714.28	5353.4	
714.46	7606.8	
714.64	6801.3	
714.83	4767.7	
715.01	5708.4	
715.19	6830	
715.37	6221.7	
715.55	5315.2	
715.74	5653.1	
715.92	7898.3	
716.1	5779.4	
716.28	6802	
716.47	5838.1	
716.65	6429.3	
716.83	6560.3	
717.01	5624.4	
717.19	5747.3	
717.38	8804.9	
717.56	6251.1	
717.74	5992.4	
717.92	5010.7	
718.1	7570	
718.29	6668.2	
718.47	4614.1	
718.65	5345.2	
718.83	7324.2	
719.01	7378.1	
719.2	4554.7	
719.38	5744.6	
719.56	7058	
719.74	8839.7	
719.92	5246.2	
720.11	6528.9	
720.29	7119.4	
720.47	6223.1	
720.65	4801.8	
720.83	5785.5	
721.02	6580.1	
721.2	6311.8	
721.38	5821.7	
721.56	4954.7	
721.74	5784.1	
721.92	6024.4	
722.11	6285.9	
722.29	6030.6	
722.47	7348.1	
722.65	6502.3	
722.83	5004.6	
723.01	6062.7	
723.2	6638.1	
723.38	6870.9	
723.56	4373.8	
723.74	5663.3	
723.92	6034	
724.1	7238.9	
724.29	4881	
724.47	6271.6	
724.65	6075	
724.83	6022.4	
725.01	4737	
725.19	5815.5	
725.37	6087.2	
725.56	6210.8	
725.74	4694.6	
725.92	4952.7	
726.1	6021	
726.28	6387.6	
726.46	5482.4	
726.64	5165	
726.83	6279.1	
727.01	6630.6	
727.19	4682.3	
727.37	5657.9	
727.55	6419	
727.73	6991.1	
727.91	4678.2	
728.09	4491.9	
728.28	7073.7	
728.46	7810.3	
728.64	5768.4	
728.82	5698.1	
729	8273.8	
729.18	7410.9	
729.36	4777.2	
729.54	7468.9	
729.72	8535.3	
729.91	6733.7	
730.09	6946	
730.27	5539.1	
730.45	6573.3	
730.63	7284.6	
730.81	6180.1	
730.99	5213.4	
731.17	7787.1	
731.35	6301.6	
731.53	5884.5	
731.71	5411.4	
731.9	7480.5	
732.08	7835.5	
732.26	5649.7	
732.44	5212.1	
732.62	7841	
732.8	7260.7	
732.98	6082.5	
733.16	5039.4	
733.34	7182.2	
733.52	5995.1	
733.7	5558.9	
733.88	5916.6	
734.07	7049.8	
734.25	6772.6	
734.43	5037.3	
734.61	6780.8	
734.79	8529.1	
734.97	6691.4	
735.15	5178.6	
735.33	5523.4	
735.51	7028.6	
735.69	6662.7	
735.87	6759	
736.05	5884.5	
736.23	6941.9	
736.41	6660.7	
736.59	5606.7	
736.77	5732.3	
736.95	7383.6	
737.13	6727.6	
737.32	5268.1	
737.5	5474.2	
737.68	7939.3	
737.86	6660	
738.04	4958.1	
738.22	7082.6	
738.4	6361	
738.58	6765.1	
738.76	5627.8	
738.94	4521.9	
739.12	6564.4	
739.3	6347.3	
739.48	6335.7	
739.66	6076.3	
739.84	6886	
740.02	6840.9	
740.2	4645.5	
740.38	5107	
740.56	7253.2	
740.74	6032.6	
740.92	5885.2	
741.1	5695.4	
741.28	6565.1	
741.46	6445.6	
741.64	5259.2	
741.82	5835.3	
742	6715.3	
742.18	6644.3	
742.36	5542.5	
742.54	5029.8	
742.72	7326.3	
742.9	5956.9	
743.08	5968.5	
743.26	4613.4	
743.44	7578.2	
743.62	7348.8	
743.8	6111.1	
743.98	5036	
744.16	7069.6	
744.34	6702.3	
744.52	6008.1	
744.7	5877	
744.88	7155.6	
745.06	6613.6	
745.24	6076.3	
745.42	6197.8	
745.6	7271.7	
745.78	6924.2	
745.96	4740.4	
746.14	5031.2	
746.32	8140.7	
746.5	7187	
746.68	5672.2	
746.86	5173.2	
747.03	7770.7	
747.21	5915.2	
747.39	5745.2	
747.57	5166.3	
747.75	6874.3	
747.93	7223.2	
748.11	5104.9	
748.29	5013.4	
748.47	8518.9	
748.65	6584.9	
748.83	5937.7	
749.01	5636.7	
749.19	7019.8	
749.37	6178.7	
749.55	5444.9	
749.73	5579.3	
749.91	6607.4	
750.09	6349.4	
750.26	5626.5	
750.44	4906.3	
750.62	6742.6	
750.8	6703	
750.98	4810.7	
751.16	5144.5	
751.34	6743.3	
751.52	5975.3	
751.7	6029.9	
751.88	4721.3	
752.06	7279.8	
752.24	7122.8	
752.42	4685.1	
752.59	5088.5	
752.77	6626.5	
752.95	8003.5	
753.13	5896.8	
753.31	5269.4	
753.49	6228.6	
753.67	6776.7	
753.85	5501.5	
754.03	5095.3	
754.21	7121.5	
754.38	7494.9	
754.56	5260.5	
754.74	4197	
754.92	6208.1	
755.1	7047.1	
755.28	4321.2	
755.46	4293.2	
755.64	7846.5	
755.82	7839.6	
755.99	4547.9	
756.17	4689.2	
756.35	5183.4	
756.53	6902.3	
756.71	3444.7	
756.89	4527.4	
757.07	6535.1	
757.25	5456.5	
757.42	5066	
757.6	6068.1	
757.78	6509.1	
757.96	5311.1	
758.14	4772.4	
758.32	4209.9	
758.5	4947.2	
758.67	5879	
758.85	4552.6	
759.03	4736.3	
759.21	6040.1	
759.39	5424.4	
759.57	4140.3	
759.75	5414.1	
759.92	6733	
760.1	5878.4	
760.28	5756.8	
760.46	5977.3	
760.64	5712.5	
760.82	5423.7	
760.99	5612.1	
761.17	4656.4	
761.35	6581.5	
761.53	5502.2	
761.71	4803.2	
761.89	5560.9	
762.06	6501.6	
762.24	5898.8	
762.42	4911.7	
762.6	4693.3	
762.78	5939.8	
762.96	6679.1	
763.13	5325.4	
763.31	4967.7	
763.49	6883.2	
763.67	5856.5	
763.85	5917.3	
764.02	6538.5	
764.2	7143.3	
764.38	6229.2	
764.56	4774.5	
764.74	5771.9	
764.91	7275.8	
765.09	5994.4	
765.27	4469.4	
765.45	4308.9	
765.63	7232.1	
765.8	7120.1	
765.98	3980.6	
766.16	4400.4	
766.34	5625.8	
766.52	5306.3	
766.69	5421	
766.87	4186	
767.05	6034.7	
767.23	6864.1	
767.41	4571.1	
767.58	4780	
767.76	6631.3	
767.94	6733.7	
768.12	4605.9	
768.29	5507.7	
768.47	6124.1	
768.65	6906.4	
768.83	4218.8	
769	5470.8	
769.18	5651.7	
769.36	6395.1	
769.54	5456.5	
769.72	4233.8	
769.89	6672.3	
770.07	6784.9	
770.25	4468	
770.43	5950	
770.6	7512.6	
770.78	8017.8	
770.96	4757.4	
771.14	5492	
771.31	6578.8	
771.49	5829.2	
771.67	3842	
771.85	4139.6	
772.02	5079.6	
772.2	5866.7	
772.38	4987.5	
772.55	4446.1	
772.73	6201.2	
772.91	5870.8	
773.09	4825.7	
773.26	4948.6	
773.44	6171.9	
773.62	5805.3	
773.8	4267.3	
773.97	4037.9	
774.15	6200.6	
774.33	5781.4	
774.5	4159.4	
774.68	4559.5	
774.86	6322.8	
775.04	5811.5	
775.21	4255.7	
775.39	4308.2	
775.57	6109.1	
775.74	6632	
775.92	4147.1	
776.1	4060.4	
776.27	6042.2	
776.45	7428.7	
776.63	4236.6	
776.81	3768.9	
776.98	5722	
777.16	7014.3	
777.34	4443.4	
777.51	4806.6	
777.69	5662.6	
777.87	5468.1	
778.04	4426.3	
778.22	5197.1	
778.4	5491.3	
778.57	6142.5	
778.75	3683.6	
778.93	3969.6	
779.1	5247.6	
779.28	5097.4	
779.46	3681.6	
779.64	4252.9	
779.81	6373.3	
779.99	7333.1	
780.17	5187.5	
780.34	5279	
780.52	5781.4	
780.69	5950.7	
780.87	4654.4	
781.05	4070	
781.22	5799.8	
781.4	5937.1	
781.58	4284.4	
781.75	3385.3	
781.93	5922	
782.11	5217.5	
782.28	5240.8	
782.46	4269.3	
782.64	5018.2	
782.81	6081.8	
782.99	4309.6	
783.17	4343.7	
783.34	5965.7	
783.52	5059.2	
783.69	4556	
783.87	5443.5	
784.05	5186.8	
784.22	5160.2	
784.4	5404.6	
784.58	4625	
784.75	6214.2	
784.93	5238.7	
785.1	4294.6	
785.28	4980.7	
785.46	5973.2	
785.63	5186.8	
785.81	4157.4	
785.99	4097.3	
786.16	5343.8	
786.34	5791.7	
786.51	4140.3	
786.69	4581.3	
786.87	4955.4	
787.04	5491.3	
787.22	3949.8	
787.39	5018.9	
787.57	5152	
787.75	6372.6	
787.92	5161.6	
788.1	5185.5	
788.27	5225.7	
788.45	4983.4	
788.63	4861.9	
788.8	3433.8	
788.98	5608	
789.15	4907.6	
789.33	3555.3	
789.5	4299.4	
789.68	6245.6	
789.86	6332.3	
790.03	4777.9	
790.21	4052.2	
790.38	6221	
790.56	5325.4	
790.73	3986	
790.91	4059.1	
791.09	5222.3	
791.26	6104.3	
791.44	4258.4	
791.61	3611.3	
791.79	5208	
791.96	5356.1	
792.14	3749.8	
792.32	3324.5	
792.49	5242.8	
792.67	5344.5	
792.84	3819.5	
793.02	3629	
793.19	5730.2	
793.37	6531	
793.54	3319.8	
793.72	3706.8	
793.89	6675	
794.07	5222.3	
794.25	4424.3	
794.42	3365.5	
794.6	6391	
794.77	5948.7	
794.95	4632.5	
795.12	4080.2	
795.3	5197.1	
795.47	5950.7	
795.65	4476.9	
795.82	4298	
796	5006.6	
796.17	7126.9	
796.35	4170.3	
796.52	4925.4	
796.7	5811.5	
796.87	5935	
797.05	5208.7	
797.22	5158.2	
797.4	5913.2	
797.57	6948.1	
797.75	4294.6	
797.92	4075.5	
798.1	6210.8	
798.27	5205.9	
798.45	3418.7	
798.62	3756	
798.8	5523.4	
798.97	6059.9	
799.15	4592.9	
799.32	4322.6	
799.5	4736.3	
799.67	5662	
799.85	4719.2	
800.02	3379.1	
800.2	5164.3	
800.37	5531.6	
800.55	4916.5	
800.72	4051.6	
800.9	6023.1	
801.07	6573.3	
801.25	5504.3	
801.42	4464.6	
801.6	6042.9	
801.77	5777.3	
801.95	4121.2	
802.12	3975.8	
802.29	5769.1	
802.47	5762.3	
802.64	4335.5	
802.82	3266.5	
802.99	5163.6	
803.17	6332.3	
803.34	4312.3	
803.52	3940.3	
803.69	6931.7	
803.87	4996.4	
804.04	4291.9	
804.21	4426.3	
804.39	6314.6	
804.56	5444.2	
804.74	3664.5	
804.91	4478.9	
805.09	5205.3	
805.26	5316.5	
805.44	3704.1	
805.61	4105.5	
805.78	5950	
805.96	5956.9	
806.13	4464.6	
806.31	4803.2	
806.48	4705.5	
806.66	5274.2	
806.83	4474.8	
807	4360.1	
807.18	5188.2	
807.35	5595.1	
807.53	4310.3	
807.7	3439.9	
807.87	6513.2	
808.05	5273.5	
808.22	4835.9	
808.4	3442	
808.57	5264.6	
808.74	4862.6	
808.92	3906.2	
809.09	5076.9	
809.27	5080.3	
809.44	5827.2	
809.61	3487	
809.79	3919.8	
809.96	6494.1	
810.14	6038.8	
810.31	3389.4	
810.48	4160.1	
810.66	5343.2	
810.83	6155.5	
811.01	3960.8	
811.18	4422.9	
811.35	6064.7	
811.53	4639.3	
811.7	4774.5	
811.87	4440.7	
812.05	5212.1	
812.22	5216.9	
812.39	3832.4	
812.57	3745.1	
812.74	5270.8	
812.92	7103.7	
813.09	4166.3	
813.26	4581.3	
813.44	6789.7	
813.61	5184.1	
813.78	3489.1	
813.96	4672.1	
814.13	5315.2	
814.3	4857.8	
814.48	5100.1	
814.65	4175.1	
814.82	6579.4	
815	5020.3	
815.17	4278.9	
815.34	5303.6	
815.52	5157.5	
815.69	5141.1	
815.87	4283.7	
816.04	4204.5	
816.21	5242.8	
816.38	4590.2	
816.56	4119.1	
816.73	3821.5	
816.9	6679.1	
817.08	6085.2	
817.25	3876.1	
817.42	4954	
817.6	4801.1	
817.77	5304.2	
817.94	4373.1	
818.12	3803.1	
818.29	4968.4	
818.46	8000	
818.64	4005.8	
818.81	3697.9	
818.98	4833.2	
819.16	7280.5	
819.33	4638.6	
819.5	4275.5	
819.67	5614.8	
819.85	6421.1	
820.02	4151.2	
820.19	4450.9	
820.37	5439.4	
820.54	5062.6	
820.71	4323.3	
820.88	5451	
821.06	5477	
821.23	5028.4	
821.4	4394.9	
821.58	4309.6	
821.75	6040.1	
821.92	5433.3	
822.09	3506.8	
822.27	3839.3	
822.44	5276.9	
822.61	5132.2	
822.79	3530.7	
822.96	6827.9	
823.13	5811.5	
823.3	4957.4	
823.48	4060.4	
823.65	3685.7	
823.82	6029.2	
823.99	4756.1	
824.17	5231.9	
824.34	3692.5	
824.51	7030	
824.68	5365	
824.86	3860.4	
825.03	4365.6	
825.2	5272.2	
825.37	6428.6	
825.55	3840.6	
825.72	4247.5	
825.89	7121.5	
826.06	6589.7	
826.24	4179.2	
826.41	4219.5	
826.58	6402.6	
826.75	5589.6	
826.92	3276.8	
827.1	3687.7	
827.27	8839	
827.44	7109.9	
827.61	3988.1	
827.79	4849.6	
827.96	4947.2	
828.13	5332.2	
828.3	4105.5	
828.47	3487.7	
828.65	5477.6	
828.82	5405.3	
828.99	5371.8	
829.16	4734.2	
829.34	5883.8	
829.51	5646.9	
829.68	4298.7	
829.85	4519.2	
830.02	6188.3	
830.2	5925.5	
830.37	3356.6	
830.54	5212.1	
830.71	6705.7	
830.88	5218.9	
831.05	3336.1	
831.23	3887	
831.4	6444.3	
831.57	7228.6	
831.74	3932.8	
831.91	3526.6	
832.09	5488.6	
832.26	5891.3	
832.43	4097.3	
832.6	4649.6	
832.77	5477.6	
832.94	6313.2	
833.12	3233.1	
833.29	4071.4	
833.46	5655.1	
833.63	7564.5	
833.8	4473.4	
833.97	4163.5	
834.15	5960.3	
834.32	5631.9	
834.49	4311	
834.66	4412	
834.83	6150.1	
835	4927.4	
835.17	3938.9	
835.35	4021.5	
835.52	5775.3	
835.69	5706.3	
835.86	4263.2	
836.03	3428.3	
836.2	5842.9	
836.37	5438.7	
836.55	4173.1	
836.72	3843.4	
836.89	5408	
837.06	6032	
837.23	4264.6	
837.4	4612	
837.57	6718.7	
837.75	7577.5	
837.92	3814	
838.09	4077.5	
838.26	5431.9	
838.43	6225.1	
838.6	4394.3	
838.77	3902.7	
838.94	7172	
839.11	6799.9	
839.29	4144.4	
839.46	3249.4	
839.63	5791	
839.8	5599.8	
839.97	4050.2	
840.14	4045.4	
840.31	5647.6	
840.48	5867.4	
840.65	3273.3	
840.82	3901.4	
841	5915.9	
841.17	5894.1	
841.34	3703.4	
841.51	3749.1	
841.68	5791	
841.85	5487.9	
842.02	3867.9	
842.19	3138.2	
842.36	5625.8	
842.53	5663.3	
842.7	3678.2	
842.87	4624.3	
843.05	7405.5	
843.22	5547.3	
843.39	3469.3	
843.56	3878.2	
843.73	5289.2	
843.9	5961	
844.07	6100.9	
844.24	5013.4	
844.41	8911.4	
844.58	5103.5	
844.75	3579.8	
844.92	3915	
845.09	5898.8	
845.26	5833.3	
845.43	3715	
845.6	3861.1	
845.77	5868.8	
845.94	5586.9	
846.12	4087.7	
846.29	4354.7	
846.46	6105.7	
846.63	5935.7	
846.8	3707.5	
846.97	4369	
847.14	6348.7	
847.31	5829.2	
847.48	4121.2	
847.65	4586.8	
847.82	6193.1	
847.99	6102.3	
848.16	4897.4	
848.33	4552	
848.5	5361.6	
848.67	6402	
848.84	3572.3	
849.01	3805.8	
849.18	5252.4	
849.35	4933.6	
849.52	4659.1	
849.69	3574.4	
849.86	6019	
850.03	6371.9	
850.2	3681.6	
850.37	4622.9	
850.54	6276.3	
850.71	5485.1	
850.88	4437.3	
851.05	3619.4	
851.22	5766.4	
851.39	6503	
851.56	3429.7	
851.73	4237.9	
851.9	5108.3	
852.07	6121.4	
852.24	4045.4	
852.41	3670.6	
852.58	5627.1	
852.75	5251.7	
852.92	4111.6	
853.09	3491.1	
853.26	5425.1	
853.43	6341.9	
853.6	3647.4	
853.77	3142.3	
853.94	6468.9	
854.11	5838.1	
854.28	5454.4	
854.44	4030.4	
854.61	6953.5	
854.78	6214.9	
854.95	3612.6	
855.12	4593.6	
855.29	4680.3	
855.46	6567.2	
855.63	3646.7	
855.8	5150	
855.97	5384.1	
856.14	6219	
856.31	5215.5	
856.48	3985.3	
856.65	5354.8	
856.82	5096.7	
856.99	3463.1	
857.16	3932.8	
857.33	7206.1	
857.49	5487.2	
857.66	3973.7	
857.83	4348.5	
858	5432.6	
858.17	5652.4	
858.34	3506.8	
858.51	3678.2	
858.68	6604.7	
858.85	6696.2	
859.02	4282.3	
859.19	4562.9	
859.36	5087.2	
859.52	5184.1	
859.69	3656.3	
859.86	4324.6	
860.03	5201.8	
860.2	6470.9	
860.37	3287.7	
860.54	3691.1	
860.71	6095.4	
860.88	6592.4	
861.05	4169.7	
861.21	4653	
861.38	6591	
861.55	5005.9	
861.72	3306.1	
861.89	4113.7	
862.06	6184.9	
862.23	6782.2	
862.4	3560.1	
862.56	3855.6	
862.73	5997.1	
862.9	5630.5	
863.07	4319.8	
863.24	3282.9	
863.41	5008.6	
863.58	5124.7	
863.75	3739.6	
863.91	4234.5	
864.08	6546	
864.25	6032	
864.42	4638.6	
864.59	5215.5	
864.76	6881.9	
864.93	5130.8	
865.09	3603.1	
865.26	3876.8	
865.43	6402	
865.6	6806.1	
865.77	3142.9	
865.94	3646.1	
866.1	6507.8	
866.27	6142.5	
866.44	5519.3	
866.61	3471.3	
866.78	5520.6	
866.95	5961.6	
867.11	3531.4	
867.28	3208.5	
867.45	6276.3	
867.62	5239.4	
867.79	4313	
867.96	3635.1	
868.12	5171.8	
868.29	6195.1	
868.46	3635.8	
868.63	4930.1	
868.8	6429.9	
868.97	6126.8	
869.13	3861.1	
869.3	3820.8	
869.47	5950	
869.64	6239.5	
869.81	3727.3	
869.97	3686.3	
870.14	5839.4	
870.31	6653.9	
870.48	3577.1	
870.65	4682.3	
870.81	5442.8	
870.98	5386.8	
871.15	4171	
871.32	3714.3	
871.48	6016.9	
871.65	6668.2	
871.82	3624.2	
871.99	4028.4	
872.16	7115.3	
872.32	6489.3	
872.49	3699.3	
872.66	3680.9	
872.83	6083.8	
872.99	5378	
873.16	4227.7	
873.33	3581.9	
873.5	5724.1	
873.67	5706.3	
873.83	3916.4	
874	4894	
874.17	5875.6	
874.34	7062.1	
874.5	4748.6	
874.67	4643.4	
874.84	6557.6	
875.01	5113.8	
875.17	5243.5	
875.34	3639.2	
875.51	5827.8	
875.68	7008.1	
875.84	4417.5	
876.01	5485.8	
876.18	6069.5	
876.34	6031.3	
876.51	3682.9	
876.68	3581.2	
876.85	5534.3	
877.01	6364.4	
877.18	5296	
877.35	3609.9	
877.52	5623	
877.68	5029.8	
877.85	3572.3	
878.02	3639.9	
878.18	5623.7	
878.35	5311.1	
878.52	2902.7	
878.69	4106.9	
878.85	6097.5	
879.02	6055.2	
879.19	5169.8	
879.35	3960.1	
879.52	5991.7	
879.69	6342.6	
879.86	3142.3	
880.02	4078.2	
880.19	5571.8	
880.36	6931	
880.52	4251.6	
880.69	4362.9	
880.86	6275	
881.02	6298.2	
881.19	4017.4	
881.36	3950.5	
881.52	6052.4	
881.69	5336.3	
881.86	3947.1	
882.02	3933.5	
882.19	6298.9	
882.36	7494.9	
882.52	3782.6	
882.69	5208.7	
882.86	5823.1	
883.02	5724.1	
883.19	4414.7	
883.36	4183.3	
883.52	6193.1	
883.69	7144	
883.86	3734.8	
884.02	3325.2	
884.19	6172.6	
884.36	5630.5	
884.52	4147.8	
884.69	3879.5	
884.86	5340.4	
885.02	6806.1	
885.19	4068.6	
885.36	4283	
885.52	5673.6	
885.69	5788.2	
885.86	5401.2	
886.02	4710.3	
886.19	6153.5	
886.35	5578.7	
886.52	4060.4	
886.69	5198.4	
886.85	5174.5	
887.02	6567.8	
887.19	6567.8	
887.35	6567.8	
887.52	6567.8	
887.68	6567.8	
887.85	6567.8	
888.02	6567.8	
888.18	6567.8	
888.35	6567.8	
888.51	6567.8	
888.68	6567.8	
888.85	6567.8	
889.01	6567.8	
889.18	6567.8	
889.35	6567.8	
889.51	6567.8	
889.68	6567.8	
889.84	6567.8	
890.01	6567.8	
890.17	6567.8	
890.34	6567.8	
890.51	6567.8	
890.67	6567.8	
890.84	6567.8	
891	6567.8	
891.17	6567.8	
891.34	6567.8	
891.5	6567.8	
891.67	6567.8	
891.83	6567.8	
892	6567.8	
892.16	6567.8	
892.33	6567.8	
892.5	6567.8	
892.66	6567.8	
892.83	6567.8	
892.99	6567.8	
893.16	6567.8	
893.32	6567.8	
893.49	6567.8	
893.65	6567.8	
893.82	6567.8	
893.99	6567.8	
894.15	6567.8	
894.32	6567.8	
894.48	6567.8	
894.65	6567.8	
894.81	6567.8	
894.98	6567.8	
895.14	6567.8	
895.31	6567.8	
895.47	6567.8	
895.64	6567.8	
895.81	6567.8	
895.97	6567.8	
896.14	6567.8	
896.3	6567.8	
896.47	6567.8	
896.63	6567.8	
896.8	6567.8	
896.96	6567.8	
897.13	6567.8	
897.29	6567.8	
897.46	6567.8	
897.62	6567.8	
897.79	6567.8	
897.95	6567.8	
898.12	6567.8	
898.28	6567.8	
898.45	6567.8	
898.61	6567.8	
898.78	6567.8	
898.94	6567.8	
899.11	6567.8	
899.27	6567.8	
899.44	6567.8	
899.6	6567.8	
899.77	6567.8	
899.93	6567.8	
900.1	6567.8	
900.26	6567.8	
900.43	6567.8	
900.59	6567.8	
900.76	6567.8	
900.92	6567.8	
901.09	6567.8	
901.25	6567.8	
901.42	6567.8	
901.58	6567.8	
901.75	6567.8	
901.91	6567.8	
902.07	6567.8	
902.24	6567.8	
902.4	6567.8	
902.57	6567.8	
902.73	6567.8	
902.9	6567.8	
903.06	6567.8	
903.23	6567.8	
903.39	6567.8	
903.56	6567.8	
903.72	6567.8	
903.88	6567.8	
904.05	6567.8	
904.21	6567.8	
904.38	6567.8	
904.54	6567.8	
904.71	6567.8	
904.87	6567.8	
905.03	6567.8	
905.2	6567.8	
905.36	6567.8	
905.53	6567.8	
905.69	6567.8	
905.86	6567.8	
906.02	6567.8	
906.18	6567.8	
906.35	6567.8	
906.51	6567.8	
906.68	6567.8	
906.84	6567.8	
907.01	6567.8	
907.17	6567.8	
907.33	6567.8	
907.5	6567.8	
907.66	6567.8	
907.83	6567.8	
907.99	6567.8	
908.15	6567.8	
908.32	6567.8	
908.48	6567.8	
908.65	6567.8	
908.81	6567.8	
908.97	6567.8	
909.14	6567.8	
909.3	6567.8	
909.47	6567.8	
909.63	6567.8	
909.79	6567.8	
909.96	6567.8	
910.12	6567.8	
910.28	6567.8	
910.45	6567.8	
910.61	6567.8	
910.78	6567.8	
910.94	6567.8	
911.1	6567.8	
911.27	6567.8	
911.43	6567.8	
911.59	6567.8	
911.76	6567.8	
911.92	6567.8	
912.08	6567.8	
912.25	6567.8	
912.41	6567.8	
912.57	6567.8	
912.74	6567.8	
912.9	6567.8	
913.07	6567.8	
913.23	6567.8	
913.39	6567.8	
913.56	6567.8	
913.72	6567.8	
913.88	6567.8	
914.05	6567.8	
914.21	6567.8	
914.37	6567.8	
914.54	6567.8	
914.7	6567.8	
914.86	6567.8	
915.03	6567.8	
915.19	6567.8	
