Wavelength	Intensities	
nm	a.u.	
179.22	1760.7	
179.44	1767.1	
179.65	1754.4	
179.86	1779.7	
180.08	1736.7	
180.29	4068.6	
180.51	3126.6	
180.72	5083.7	
180.94	5750	
181.15	2869.9	
181.37	2797.5	
181.58	4941.1	
181.79	5174.5	
182.01	3014.6	
182.22	3145.7	
182.44	5190.2	
182.65	4413.4	
182.87	3877.5	
183.08	3431.7	
183.29	5446.2	
183.51	4506.9	
183.72	3170.9	
183.94	4416.1	
184.15	4915.1	
184.37	4796.3	
184.58	2835.1	
184.79	3718.4	
185.01	4586.8	
185.22	5147.2	
185.44	3934.1	
185.65	3388	
185.86	4837.3	
186.08	4506.2	
186.29	2679.4	
186.51	2955.9	
186.72	4616.1	
186.94	5282.4	
187.15	3348.4	
187.36	3432.4	
187.58	6670.2	
187.79	5007.3	
188.01	3547.1	
188.22	5389.6	
188.43	5840.8	
188.65	5188.9	
188.86	2917	
189.08	3459	
189.29	4691.2	
189.5	4668.7	
189.72	3166.2	
189.93	3291.1	
190.15	5289.9	
190.36	6216.3	
190.57	3347.7	
190.79	3356.6	
191	5367.7	
191.22	5345.2	
191.43	3530.7	
191.64	2978.4	
191.86	5558.2	
192.07	5332.9	
192.29	3026.9	
192.5	3140.2	
192.71	5335	
192.93	4691.2	
193.14	3155.2	
193.35	3289.7	
193.57	4666	
193.78	5364.3	
194	2592	
194.21	3136.8	
194.42	4529.4	
194.64	4889.9	
194.85	3401.7	
195.07	3927.3	
195.28	4863.9	
195.49	4369	
195.71	4122.6	
195.92	3004.4	
196.13	5060.5	
196.35	5073.5	
196.56	4417.5	
196.78	3445.4	
196.99	6147.3	
197.2	5831.2	
197.42	3858.4	
197.63	3461.1	
197.84	4460.5	
198.06	5044.1	
198.27	3179.8	
198.48	4164.2	
198.7	4726.7	
198.91	4807.9	
199.13	3449.5	
199.34	3469.9	
199.55	5259.2	
199.77	4256.4	
199.98	3069.9	
200.19	3463.8	
200.41	4851.6	
200.62	4576.5	
200.83	3575.8	
201.05	3842	
201.26	4825.7	
201.47	4660.5	
201.69	3138.2	
201.9	3022.8	
202.11	4911	
202.33	5646.9	
202.54	3241.9	
202.76	3679.5	
202.97	4961.5	
203.18	4965	
203.4	3580.5	
203.61	3545.7	
203.82	4922	
204.04	4562.9	
204.25	3495.9	
204.46	3446.7	
204.68	4912.4	
204.89	5023.7	
205.1	3421.5	
205.32	2951.1	
205.53	5152	
205.74	5340.4	
205.96	2602.3	
206.17	3500	
206.38	5173.9	
206.6	5312.4	
206.81	3934.8	
207.02	3227.6	
207.24	5085.1	
207.45	5431.2	
207.66	3303.4	
207.88	2888.3	
208.09	5061.9	
208.3	4853	
208.52	2994.8	
208.73	3349.1	
208.94	4853.7	
209.15	5425.1	
209.37	3315.7	
209.58	3718.4	
209.79	5346.6	
210.01	4738.3	
210.22	2696.5	
210.43	2869.9	
210.65	4841.4	
210.86	5191.6	
211.07	3274.7	
211.29	3048.1	
211.5	5147.2	
211.71	4883.7	
211.93	3048.1	
212.14	3093.1	
212.35	4820.2	
212.56	4930.1	
212.78	3482.2	
212.99	2872.6	
213.2	5687.9	
213.42	4756.7	
213.63	3169.6	
213.84	3291.8	
214.06	4394.3	
214.27	4461.2	
214.48	3289	
214.69	3499.3	
214.91	5441.5	
215.12	5415.5	
215.33	3452.2	
215.55	3850.9	
215.76	5849	
215.97	5213.4	
216.18	3405.8	
216.4	3365.5	
216.61	4544.4	
216.82	5295.4	
217.04	3121.1	
217.25	3220.1	
217.46	5336.3	
217.67	5160.2	
217.89	2781.1	
218.1	2894.5	
218.31	4935.6	
218.53	5016.8	
218.74	3198.9	
218.95	3119.7	
219.16	4842.1	
219.38	5614.8	
219.59	3144.3	
219.8	3665.9	
220.01	6107.7	
220.23	4900.8	
220.44	4000.4	
220.65	3049.4	
220.87	5008	
221.08	5408.7	
221.29	2849.4	
221.5	3753.2	
221.72	6400.6	
221.93	4604.5	
222.14	3503.4	
222.35	4001	
222.57	4980	
222.78	5218.9	
222.99	3336.1	
223.2	3536.2	
223.42	5080.3	
223.63	5287.9	
223.84	2609.1	
224.05	2594.8	
224.27	6070.2	
224.48	5604.6	
224.69	4078.9	
224.9	3464.5	
225.12	5002.5	
225.33	4868	
225.54	2787.3	
225.75	3134.1	
225.97	4539.7	
226.18	4814.1	
226.39	3293.8	
226.6	3126.6	
226.82	4724.7	
227.03	4590.2	
227.24	3426.3	
227.45	2935.4	
227.67	5199.1	
227.88	5646.2	
228.09	3812	
228.3	3829	
228.52	5169.1	
228.73	4874.2	
228.94	3224.9	
229.15	2911.5	
229.36	4846.2	
229.58	4808.6	
229.79	3261	
230	3806.5	
230.21	5675.6	
230.43	4981.3	
230.64	3443.3	
230.85	3517.7	
231.06	5239.4	
231.28	5256.5	
231.49	2896.5	
231.7	3405.8	
231.91	5190.2	
232.12	4927.4	
232.34	2975	
232.55	3345	
232.76	5387.5	
232.97	4973.2	
233.18	3026.9	
233.4	3439.9	
233.61	5057.1	
233.82	4667.3	
234.03	3246	
234.25	3163.4	
234.46	6543.3	
234.67	4949.9	
234.88	3451.5	
235.09	3156.6	
235.31	5102.9	
235.52	4782.7	
235.73	3442.6	
235.94	2945.7	
236.15	4670.1	
236.37	5821.7	
236.58	3072	
236.79	3383.9	
237	5111	
237.21	4413.4	
237.43	3583.9	
237.64	2858.3	
237.85	8174.1	
238.06	4569.7	
238.27	3574.4	
238.48	2997.5	
238.7	5170.4	
238.91	4810	
239.12	3273.3	
239.33	3379.8	
239.54	4594.3	
239.76	4865.3	
239.97	3321.8	
240.18	3370.3	
240.39	5842.2	
240.6	5109.7	
240.82	3482.9	
241.03	2910.2	
241.24	4911.7	
241.45	5615.5	
241.66	3041.2	
241.87	3576.4	
242.09	5476.3	
242.3	5736.4	
242.51	3610.6	
242.72	3312.9	
242.93	5195	
243.14	4870.8	
243.36	3839.3	
243.57	4085	
243.78	5597.8	
243.99	5181.4	
244.2	3303.4	
244.41	3030.3	
244.63	4476.9	
244.84	5124	
245.05	3558.7	
245.26	3344.3	
245.47	5163.6	
245.68	5268.1	
245.9	4294.6	
246.11	3446.7	
246.32	4723.3	
246.53	5117.9	
246.74	5233.9	
246.95	2886.3	
247.16	4573.1	
247.38	4847.5	
247.59	2852.8	
247.8	3333.4	
248.01	4618.2	
248.22	4848.2	
248.43	3084.2	
248.64	3267.2	
248.86	4466.6	
249.07	4648.2	
249.28	2999.6	
249.49	3413.3	
249.7	5306.3	
249.91	5378	
250.12	2839.8	
250.34	2881.5	
250.55	5024.3	
250.76	4909.7	
250.97	3437.9	
251.18	3474.7	
251.39	5388.2	
251.6	4994.3	
251.81	3511.6	
252.03	3469.3	
252.24	4721.3	
252.45	5274.9	
252.66	2951.8	
252.87	3612.6	
253.08	4920.6	
253.29	6117.3	
253.5	2963.4	
253.72	3979.2	
253.93	4787.5	
254.14	5677.7	
254.35	3207.1	
254.56	3284.9	
254.77	5042.1	
254.98	4592.2	
255.19	3144.3	
255.41	3967.6	
255.62	4977.9	
255.83	5339.1	
256.04	3539.6	
256.25	3463.1	
256.46	5844.9	
256.67	4612.7	
256.88	3480.2	
257.09	3723.9	
257.31	4587.4	
257.52	4571.7	
257.73	4213.4	
257.94	3144.3	
258.15	4818.9	
258.36	4863.9	
258.57	3913.7	
258.78	2591.4	
258.99	5279.7	
259.2	4777.2	
259.41	3147	
259.63	3239.9	
259.84	5516.5	
260.05	5862	
260.26	4101.4	
260.47	3115	
260.68	5336.3	
260.89	4782	
261.1	3771.7	
261.31	3104	
261.52	5461.9	
261.73	5590.3	
261.95	4029.7	
262.16	3665.2	
262.37	5481.7	
262.58	5507	
262.79	4040	
263	3241.9	
263.21	4947.9	
263.42	4816.8	
263.63	3263.8	
263.84	3243.3	
264.05	5369.1	
264.26	5596.4	
264.47	3870	
264.69	3549.1	
264.9	5472.9	
265.11	5086.5	
265.32	3076	
265.53	3205.1	
265.74	4960.9	
265.95	4345.1	
266.16	3379.8	
266.37	3722.5	
266.58	4993.6	
266.79	4690.5	
267	3173.7	
267.21	2938.8	
267.42	4536.9	
267.63	4836.6	
267.84	3284.9	
268.06	2846.7	
268.27	5276.3	
268.48	5481.7	
268.69	3260.4	
268.9	3751.9	
269.11	5500.2	
269.32	4390.2	
269.53	3250.1	
269.74	3068.5	
269.95	5122.7	
270.16	4390.8	
270.37	3322.5	
270.58	3801	
270.79	4770.4	
271	5313.8	
271.21	3549.8	
271.42	3375.7	
271.63	5018.9	
271.84	4549.2	
272.05	2723.8	
272.26	2983.2	
272.47	4950.6	
272.68	5001.8	
272.89	3255.6	
273.11	3619.4	
273.32	4720.6	
273.53	5577.3	
273.74	3522.5	
273.95	3441.3	
274.16	5287.2	
274.37	4906.3	
274.58	3624.9	
274.79	3009.8	
275	4988.2	
275.21	5393.7	
275.42	4325.3	
275.63	3739.6	
275.84	5109	
276.05	6231.3	
276.26	3538.2	
276.47	3221.5	
276.68	4822.3	
276.89	5698.1	
277.1	3697.9	
277.31	2977.7	
277.52	5093.3	
277.73	5291.3	
277.94	2878.8	
278.15	3181.2	
278.36	5025	
278.57	4618.9	
278.78	3219.4	
278.99	3601	
279.2	4649.6	
279.41	4615.4	
279.62	4197.7	
279.83	2952.5	
280.04	5846.3	
280.25	4563.6	
280.46	4098.7	
280.67	3367.5	
280.88	4665.3	
281.09	5390.3	
281.3	3504.8	
281.51	4321.2	
281.72	4703.5	
281.93	5304.2	
282.14	3142.9	
282.35	3383.9	
282.56	5339.7	
282.77	5296	
282.98	3267.2	
283.19	3880.2	
283.4	6321.4	
283.61	4837.3	
283.82	3028.9	
284.03	4087.1	
284.24	5029.1	
284.45	5371.1	
284.66	4074.8	
284.87	3859.7	
285.08	5389.6	
285.29	5468.8	
285.5	2876	
285.71	3261.7	
285.92	5406.6	
286.12	5879	
286.33	3995.6	
286.54	3274.7	
286.75	5287.9	
286.96	4758.1	
287.17	3042.6	
287.38	3917.1	
287.59	4663.2	
287.8	4584	
288.01	3222.1	
288.22	3673.4	
288.43	5257.8	
288.64	4482.3	
288.85	3867.9	
289.06	3582.6	
289.27	5522	
289.48	5552	
289.69	4052.9	
289.9	3700.7	
290.11	5449.6	
290.32	4685.1	
290.53	3839.3	
290.74	3513.6	
290.94	5272.8	
291.15	5307.7	
291.36	3158.7	
291.57	3650.2	
291.78	4684.4	
291.99	4436.6	
292.2	3080.8	
292.41	3610.6	
292.62	5324	
292.83	5181.4	
293.04	4362.9	
293.25	3080.1	
293.46	4827.7	
293.67	5363.6	
293.88	3097.2	
294.09	3017.3	
294.29	4571.7	
294.5	4979.3	
294.71	3358	
294.92	3192.8	
295.13	4764.3	
295.34	5780.7	
295.55	2891	
295.76	2837.1	
295.97	5229.8	
296.18	5776	
296.39	2990	
296.6	3137.5	
296.81	4971.1	
297.01	5238.7	
297.22	3282.9	
297.43	3158	
297.64	4734.2	
297.85	4599.1	
298.06	2690.3	
298.27	2845.3	
298.48	4866.7	
298.69	4680.3	
298.9	3403	
299.11	3079.5	
299.31	4556	
299.52	4556.7	
299.73	3635.8	
299.94	3549.1	
300.15	4907.6	
300.36	4610	
300.57	3549.8	
300.78	3515	
300.99	4793.6	
301.2	4937	
301.4	3123.2	
301.61	3375.7	
301.82	5155.4	
302.03	5193	
302.24	3766.9	
302.45	3011.2	
302.66	5123.3	
302.87	5387.5	
303.08	3113.6	
303.29	4224.3	
303.49	4671.4	
303.7	4845.5	
303.91	2861	
304.12	4003.1	
304.33	4448.9	
304.54	5049.6	
304.75	3132.7	
304.96	3055.6	
305.16	5156.1	
305.37	5716.6	
305.58	2783.2	
305.79	2897.9	
306	5139.7	
306.21	4383.3	
306.42	3111.5	
306.63	4733.5	
306.83	4736.3	
307.04	5297.4	
307.25	3451.5	
307.46	3358	
307.67	4302.8	
307.88	5188.9	
308.09	3129.3	
308.29	3194.1	
308.5	4989.5	
308.71	5342.5	
308.92	3388	
309.13	3031.7	
309.34	4804.5	
309.55	4793.6	
309.75	3872.7	
309.96	3570.3	
310.17	5198.4	
310.38	4649.6	
310.59	3687.7	
310.8	2965.5	
311.01	4758.8	
311.21	4769	
311.42	3030.3	
311.63	3100.6	
311.84	4681	
312.05	4933.6	
312.26	3489.7	
312.46	3774.4	
312.67	4754.7	
312.88	4512.4	
313.09	2990	
313.3	3015.3	
313.51	5532.2	
313.71	5785.5	
313.92	3072.6	
314.13	3234.4	
314.34	5064.6	
314.55	4856.4	
314.76	3804.4	
314.96	3394.8	
315.17	4989.5	
315.38	5161.6	
315.59	3039.9	
315.8	2973	
316.01	5559.6	
316.21	5649.7	
316.42	2964.8	
316.63	3373.7	
316.84	4806.6	
317.05	5408.7	
317.26	3547.8	
317.46	3235.1	
317.67	4891.2	
317.88	5167.7	
318.09	3838.6	
318.3	2880.1	
318.5	4699.4	
318.71	5145.2	
318.92	4755.4	
319.13	3553.2	
319.34	5283.8	
319.54	5369.8	
319.75	2903.3	
319.96	2764.8	
320.17	5139	
320.38	5386.8	
320.58	2799.6	
320.79	3331.4	
321	5313.8	
321.21	5427.1	
321.42	3396.2	
321.62	2863.7	
321.83	4631.8	
322.04	4921.3	
322.25	3219.4	
322.46	3065.1	
322.66	5021.6	
322.87	5147.2	
323.08	3730.7	
323.29	2956.6	
323.5	5771.9	
323.7	4584.7	
323.91	3996.3	
324.12	3691.8	
324.33	4969.1	
324.53	5131.5	
324.74	3508.2	
324.95	3691.1	
325.16	4423.6	
325.37	4817.5	
325.57	3057.6	
325.78	3106.1	
325.99	5008	
326.2	4457.1	
326.4	4290.5	
326.61	2887.6	
326.82	4850.3	
327.03	4943.8	
327.24	4230.4	
327.44	3973.7	
327.65	5142.4	
327.86	4236.6	
328.07	3564.8	
328.27	2939.5	
328.48	5489.9	
328.69	4506.9	
328.9	4290.5	
329.1	3180.5	
329.31	4834.6	
329.52	5515.9	
329.73	3056.9	
329.93	3367.5	
330.14	4926	
330.35	5063.9	
330.56	4846.2	
330.76	3687.7	
330.97	4809.3	
331.18	4977.9	
331.39	3379.8	
331.59	2787.3	
331.8	5323.4	
332.01	5436	
332.22	3178.4	
332.42	3503.4	
332.63	4994.3	
332.84	4608.6	
333.05	3442	
333.25	3093.8	
333.46	4677.6	
333.67	4845.5	
333.88	3162.7	
334.08	3512.3	
334.29	6726.2	
334.5	5304.9	
334.7	3023.5	
334.91	4211.3	
335.12	4519.2	
335.33	5198.4	
335.53	3347.7	
335.74	4820.2	
335.95	4762.9	
336.16	4554.7	
336.36	3330	
336.57	3833.1	
336.78	4495.3	
336.98	5294	
337.19	4053.6	
337.4	3321.8	
337.61	5849.7	
337.81	4508.3	
338.02	3109.5	
338.23	3906.2	
338.43	5472.2	
338.64	4635.2	
338.85	3075.4	
339.05	3936.2	
339.26	5610.1	
339.47	4429.1	
339.68	3054.2	
339.88	4369.7	
340.09	5137	
340.3	5297.4	
340.5	3570.3	
340.71	2788	
340.92	4514.4	
341.13	5466	
341.33	2990.7	
341.54	3564.1	
341.75	5063.9	
341.95	4795.7	
342.16	3412.6	
342.37	3635.1	
342.57	4530.8	
342.78	4857.1	
342.99	3758.7	
343.19	2827.6	
343.4	5222.3	
343.61	5081	
343.81	3262.4	
344.02	3037.1	
344.23	5158.8	
344.43	5556.8	
344.64	3727.3	
344.85	3677.5	
345.06	5084.4	
345.26	5321.3	
345.47	3567.6	
345.68	4046.8	
345.88	4446.1	
346.09	5242.1	
346.3	3592.8	
346.5	2725.8	
346.71	4846.9	
346.92	4610	
347.12	2873.3	
347.33	3469.9	
347.54	5335.6	
347.74	5610.8	
347.95	3498.6	
348.16	2680.1	
348.36	4717.2	
348.57	4541	
348.78	3540.3	
348.98	3682.9	
349.19	4868.7	
349.39	4418.2	
349.6	2882.9	
349.81	3170.9	
350.01	5151.3	
350.22	4689.2	
350.43	3401	
350.63	3994.9	
350.84	4896.7	
351.05	4658.4	
351.25	3084.2	
351.46	2843.9	
351.67	5296	
351.87	4641.4	
352.08	3288.4	
352.29	3709.6	
352.49	5272.8	
352.7	5285.1	
352.9	2964.1	
353.11	3647.4	
353.32	5751.4	
353.52	4734.2	
353.73	2980.5	
353.94	3665.2	
354.14	5189.6	
354.35	4983.4	
354.55	3074	
354.76	3367.5	
354.97	5069.4	
355.17	4815.5	
355.38	2901.3	
355.59	3891.8	
355.79	4607.9	
356	4885.8	
356.2	3317	
356.41	2973	
356.62	4407.9	
356.82	4826.4	
357.03	3606.5	
357.24	3209.2	
357.44	4627.7	
357.65	4741	
357.85	4133.5	
358.06	3413.3	
358.27	4407.2	
358.47	4588.1	
358.68	2906.8	
358.88	3578.5	
359.09	5035.3	
359.3	5342.5	
359.5	4072.7	
359.71	3622.9	
359.91	5669.5	
360.12	5126.7	
360.33	3540.9	
360.53	3885.7	
360.74	4663.2	
360.94	4657.1	
361.15	3721.2	
361.36	3063.1	
361.56	5216.2	
361.77	4782	
361.97	4003.1	
362.18	3287	
362.38	5259.2	
362.59	4499.4	
362.8	3033	
363	2914.3	
363.21	4330.8	
363.41	4889.2	
363.62	3433.1	
363.83	4132.8	
364.03	5008	
364.24	5663.3	
364.44	4310.3	
364.65	4282.3	
364.85	4751.3	
365.06	4546.5	
365.27	3149.1	
365.47	3203.7	
365.68	5551.4	
365.88	4770.4	
366.09	3489.7	
366.29	3224.9	
366.5	4882.4	
366.71	5328.1	
366.91	4209.3	
367.12	3626.3	
367.32	5728.9	
367.53	5150	
367.73	3587.4	
367.94	4351.3	
368.14	5197.1	
368.35	5798.5	
368.56	3542.3	
368.76	3263.1	
368.97	5232.6	
369.17	6463.4	
369.38	3154.6	
369.58	3409.2	
369.79	4472.8	
369.99	5512.4	
370.2	4191.5	
370.4	3497.2	
370.61	4997.7	
370.82	5971.2	
371.02	3372.3	
371.23	2878.8	
371.43	4356	
371.64	5461.2	
371.84	3355.3	
372.05	4330.1	
372.25	6356.9	
372.46	5148.6	
372.66	3374.4	
372.87	3382.6	
373.07	5220.3	
373.28	6532.3	
373.48	4171.7	
373.69	3879.5	
373.9	4808.6	
374.1	4856.4	
374.31	4082.3	
374.51	3708.9	
374.72	5457.2	
374.92	4593.6	
375.13	4260.5	
375.33	3577.8	
375.54	5114.5	
375.74	4719.2	
375.95	3684.3	
376.15	4606.6	
376.36	5183.4	
376.56	4954	
376.77	3661.1	
376.97	4014	
377.18	5920	
377.38	5221	
377.59	4236.6	
377.79	3297.9	
378	4965	
378.2	5228.5	
378.41	3331.4	
378.61	3213.3	
378.82	5378	
379.02	4718.5	
379.23	3457	
379.43	4333.5	
379.64	5579.3	
379.84	5143.8	
380.05	3375.7	
380.25	3299.3	
380.46	5188.9	
380.66	4900.8	
380.87	4405.9	
381.07	4679.6	
381.28	5703.6	
381.48	5215.5	
381.69	3361.4	
381.89	3459	
382.1	4419.5	
382.3	5332.9	
382.51	4290.5	
382.71	4929.5	
382.91	5139	
383.12	5640.8	
383.32	3638.6	
383.53	3822.2	
383.73	5068.7	
383.94	4986.8	
384.14	3783.3	
384.35	3120.4	
384.55	4865.3	
384.76	5246.9	
384.96	3706.8	
385.17	3882.3	
385.37	5287.2	
385.58	4596.3	
385.78	3898.6	
385.98	3040.6	
386.19	4866.7	
386.39	5187.5	
386.6	3511.6	
386.8	3654.9	
387.01	5237.3	
387.21	5360.2	
387.42	3987.4	
387.62	4394.3	
387.83	4747.9	
388.03	5126.1	
388.23	3704.1	
388.44	4289.8	
388.64	4485.7	
388.85	4556	
389.05	3945.8	
389.26	4404.5	
389.46	6130.9	
389.67	5588.9	
389.87	3961.5	
390.07	3969	
390.28	4989.5	
390.48	4674.8	
390.69	3357.3	
390.89	3646.1	
391.1	4864.6	
391.3	5449	
391.5	4511.7	
391.71	4973.8	
391.91	5320.6	
392.12	6008.7	
392.32	4600.4	
392.53	3882.3	
392.73	4842.8	
392.93	4983.4	
393.14	3716.4	
393.34	4358.8	
393.55	5307	
393.75	4976.6	
393.95	3725.9	
394.16	3744.4	
394.36	4824.3	
394.57	5296	
394.77	3305.4	
394.98	3584.6	
395.18	4755.4	
395.38	4812	
395.59	4261.1	
395.79	3469.9	
396	4915.1	
396.2	5297.4	
396.4	4109.6	
396.61	4097.3	
396.81	5374.6	
397.02	4787.5	
397.22	4321.2	
397.42	4353.3	
397.63	5373.2	
397.83	4721.9	
398.04	3412.6	
398.24	3877.5	
398.44	5165	
398.65	4425	
398.85	3347.7	
399.05	3422.2	
399.26	4741.7	
399.46	6061.3	
399.67	3706.8	
399.87	3467.2	
400.07	5056.4	
400.28	5304.2	
400.48	3611.9	
400.69	4358.1	
400.89	5472.2	
401.09	5840.8	
401.3	3497.2	
401.5	4412	
401.7	5938.4	
401.91	6212.2	
402.11	3885.7	
402.32	4030.4	
402.52	5500.8	
402.72	5424.4	
402.93	4175.8	
403.13	3263.8	
403.33	6158.9	
403.54	5109	
403.74	3928	
403.94	4584.7	
404.15	5175.9	
404.35	6054.5	
404.56	3751.2	
404.76	5107.6	
404.96	5470.8	
405.17	5298.8	
405.37	4891.9	
405.57	4069.3	
405.78	5491.3	
405.98	5092.6	
406.18	3728.7	
406.39	4376.5	
406.59	5476.3	
406.79	5172.5	
407	3604.4	
407.2	3648.1	
407.4	5532.2	
407.61	5681.7	
407.81	3629.7	
408.01	5432.6	
408.22	4609.3	
408.42	6213.5	
408.62	4505.5	
408.83	4049.5	
409.03	5179.3	
409.23	5066.7	
409.44	4098	
409.64	4253.6	
409.84	5819.6	
410.05	5806.7	
410.25	4246.8	
410.45	4005.8	
410.66	5412.8	
410.86	7276.4	
411.06	4401.1	
411.27	4283.7	
411.47	7066.9	
411.67	5543.9	
411.88	4459.8	
412.08	4625.7	
412.28	6070.9	
412.49	6442.2	
412.69	4345.8	
412.89	4265.2	
413.09	6305	
413.3	6214.2	
413.5	4410	
413.7	4071.4	
413.91	5698.1	
414.11	6298.9	
414.31	4258.4	
414.52	4585.4	
414.72	6056.5	
414.92	5984.8	
415.12	4217.5	
415.33	4692.6	
415.53	6285.9	
415.73	6366.5	
415.94	4930.8	
416.14	4532.2	
416.34	5545.2	
416.55	5322.7	
416.75	5496.7	
416.95	4984.8	
417.15	6322.1	
417.36	6858.6	
417.56	5590.3	
417.76	4805.2	
417.97	6638.8	
418.17	6343.2	
418.37	4571.1	
418.57	4618.2	
418.78	6194.4	
418.98	5995.1	
419.18	5279.7	
419.38	5248.3	
419.59	5949.3	
419.79	5735	
419.99	4483.7	
420.2	4796.3	
420.4	6404	
420.6	6495.5	
420.8	4400.4	
421.01	4352.6	
421.21	6234	
421.41	6277.7	
421.61	4754	
421.82	4524	
422.02	5898.1	
422.22	6653.2	
422.42	5177.9	
422.63	4875.5	
422.83	5923.4	
423.03	6963.8	
423.23	4967.7	
423.44	4115.7	
423.64	5997.1	
423.84	5813.5	
424.04	4453.6	
424.25	4181.3	
424.45	6790.4	
424.65	6695.5	
424.85	4092.5	
425.06	4498.7	
425.26	6826.6	
425.46	5881.1	
425.66	4947.9	
425.87	4636.6	
426.07	6550.8	
426.27	6389.7	
426.47	4820.9	
426.67	4298.7	
426.88	6850.5	
427.08	6404.7	
427.28	5025.7	
427.48	4265.9	
427.69	5586.2	
427.89	6078.4	
428.09	5003.9	
428.29	4276.8	
428.5	6561	
428.7	6214.2	
428.9	4201.1	
429.1	4620.2	
429.3	6156.9	
429.51	6410.8	
429.71	4478.9	
429.91	5085.1	
430.11	6452.5	
430.31	6874.3	
430.52	4645.5	
430.72	4935.6	
430.92	6838.9	
431.12	6435.4	
431.32	4433.2	
431.53	4777.2	
431.73	5623.7	
431.93	6899.6	
432.13	4334.9	
432.33	4323.3	
432.54	5968.5	
432.74	6189	
432.94	4267.3	
433.14	5042.1	
433.34	6464.1	
433.55	6019	
433.75	5039.4	
433.95	6342.6	
434.15	6234	
434.35	6040.8	
434.56	4442.7	
434.76	4052.2	
434.96	6272.9	
435.16	6420.4	
435.36	4354.7	
435.56	5277.6	
435.77	5958.2	
435.97	6066.8	
436.17	5722	
436.37	5189.6	
436.57	5971.2	
436.78	5834.7	
436.98	6071.5	
437.18	5664	
437.38	6488	
437.58	6150.7	
437.78	5760.3	
437.99	4693.9	
438.19	6556.9	
438.39	7202.7	
438.59	4706.2	
438.79	4274.1	
438.99	7053.2	
439.2	6058.6	
439.4	4331.5	
439.6	4356.7	
439.8	6280.4	
440	7169.3	
440.2	5120.6	
440.4	5205.3	
440.61	6692.1	
440.81	7152.9	
441.01	4499.4	
441.21	5180.7	
441.41	6965.8	
441.61	6655.2	
441.81	5460.6	
442.02	6285.9	
442.22	7372	
442.42	6830.7	
442.62	4569.7	
442.82	4700.1	
443.02	7131	
443.22	6406	
443.43	4958.1	
443.63	4590.9	
443.83	6227.2	
444.03	6248.4	
444.23	5557.5	
444.43	5277.6	
444.63	6522.8	
444.83	7415	
445.04	4835.9	
445.24	5747.3	
445.44	6868.2	
445.64	6875	
445.84	5370.5	
446.04	5351.3	
446.24	6339.8	
446.44	7106.5	
446.65	4739.7	
446.85	5139.7	
447.05	6611.5	
447.25	7105.8	
447.45	5148.6	
447.65	4663.9	
447.85	6593.1	
448.05	6206	
448.25	5460.6	
448.46	5197.7	
448.66	6554.2	
448.86	6254.5	
449.06	4484.4	
449.26	5445.5	
449.46	6751.5	
449.66	6079.7	
449.86	5090.6	
450.06	5029.1	
450.26	6288.6	
450.47	6769.9	
450.67	5335.6	
450.87	5514.5	
451.07	6896.9	
451.27	6584.9	
451.47	4769.7	
451.67	5262.6	
451.87	6440.2	
452.07	7292.1	
452.27	4945.8	
452.47	4929.5	
452.67	6689.3	
452.88	6995.9	
453.08	4470.7	
453.28	5976.7	
453.48	7664.9	
453.68	6537.1	
453.88	4827.7	
454.08	4996.4	
454.28	6918	
454.48	6670.9	
454.68	5425.1	
454.88	5849.7	
455.08	6984.9	
455.28	6761.7	
455.48	4788.8	
455.68	5279.7	
455.89	7418.4	
456.09	7126.9	
456.29	5088.5	
456.49	5095.3	
456.69	7331	
456.89	6674.3	
457.09	5545.9	
457.29	5855.8	
457.49	6978.1	
457.69	7079.1	
457.89	5476.3	
458.09	4931.5	
458.29	6868.2	
458.49	7408.9	
458.69	5781.4	
458.89	5268.1	
459.09	7606.2	
459.29	7695.6	
459.49	5390.9	
459.69	6003.3	
459.9	7259.4	
460.1	6883.9	
460.3	5272.8	
460.5	5089.2	
460.7	7206.1	
460.9	6925.5	
461.1	4888.5	
461.3	5872.9	
461.5	7854.6	
461.7	7490.8	
461.9	5276.9	
462.1	5582.8	
462.3	7022.5	
462.5	7516	
462.7	5305.6	
462.9	5360.9	
463.1	8323.6	
463.3	8103.1	
463.5	5562.3	
463.7	6378.1	
463.9	7315.3	
464.1	7581.6	
464.3	5746.6	
464.5	5913.9	
464.7	7829.4	
464.9	7477.8	
465.1	6993.1	
465.3	6226.5	
465.5	8122.9	
465.7	8068.3	
465.9	6394.4	
466.1	6238.1	
466.3	8000	
466.5	7798	
466.7	6976.1	
466.9	6113.9	
467.1	7825.3	
467.3	8484.1	
467.5	6946	
467.7	6092	
467.9	8680	
468.1	9310.1	
468.3	6663.4	
468.5	7000.6	
468.7	7841	
468.9	7684	
469.1	6351.4	
469.3	6889.4	
469.5	9350.3	
469.7	7477.8	
469.9	6713.2	
470.1	6165.8	
470.3	7882.6	
470.5	7851.9	
470.7	7215.7	
470.9	6253.8	
471.1	7721.5	
471.3	8080.6	
471.5	6146	
471.69	7593.2	
471.89	7680.6	
472.09	7224.6	
472.29	6713.2	
472.49	6971.3	
472.69	7421.8	
472.89	8066.9	
473.09	6163	
473.29	6171.9	
473.49	7608.2	
473.69	7649.8	
473.89	6961.7	
474.09	6286.6	
474.29	8710.7	
474.49	8370.7	
474.69	6952.9	
474.89	6385.6	
475.09	7709.9	
475.29	7699.7	
475.49	6016.9	
475.69	6144.6	
475.88	8908	
476.08	8015.7	
476.28	5915.9	
476.48	6158.9	
476.68	8409.6	
476.88	8122.9	
477.08	6126.8	
477.28	6410.1	
477.48	7817.1	
477.68	8284.7	
477.88	5974.6	
478.08	6208.8	
478.28	8497	
478.48	7868.3	
478.67	6404.7	
478.87	5784.8	
479.07	8393.9	
479.27	7969.3	
479.47	6493.4	
479.67	6532.3	
479.87	8297.7	
480.07	8752.3	
480.27	5933	
480.47	7134.4	
480.67	8032.1	
480.87	8548.2	
481.06	6176	
481.26	6928.3	
481.46	7974.8	
481.66	7919.5	
481.86	6474.3	
482.06	7266.9	
482.26	7755	
482.46	8414.4	
482.66	6463.4	
482.86	6171.2	
483.05	8134.5	
483.25	7521.5	
483.45	8488.1	
483.65	6449.7	
483.85	7711.3	
484.05	7922.9	
484.25	6820.4	
484.45	7173.4	
484.65	8606.9	
484.84	8714.8	
485.04	6427.2	
485.24	6447	
485.44	8959.2	
485.64	7554.3	
485.84	5845.6	
486.04	6983.6	
486.24	7896.3	
486.44	8110.6	
486.63	5919.3	
486.83	6601.3	
487.03	7804.1	
487.23	8004.8	
487.43	6027.2	
487.63	7893.6	
487.83	8047.2	
488.02	8863.6	
488.22	6766.5	
488.42	7246.4	
488.62	8712.1	
488.82	7909.3	
489.02	6509.1	
489.22	6556.2	
489.41	8659.5	
489.61	8379.6	
489.81	6399.9	
490.01	6354.2	
490.21	8674.5	
490.41	9249.3	
490.61	6410.1	
490.8	6463.4	
491	8312.7	
491.2	7834.8	
491.4	7043.6	
491.6	6264.7	
491.8	8366.6	
491.99	8343.4	
492.19	6199.2	
492.39	6424.5	
492.59	8630.1	
492.79	8684.1	
492.99	7001.3	
493.18	6376.7	
493.38	8841.8	
493.58	9400.2	
493.78	6838.9	
493.98	6619.7	
494.18	8524.3	
494.37	8202.1	
494.57	7223.2	
494.77	7062.8	
494.97	8786.5	
495.17	9028.1	
495.37	6789.7	
495.56	7068.2	
495.76	9207.7	
495.96	8917.5	
496.16	7770.7	
496.36	7021.1	
496.55	9162.6	
496.75	8785.1	
496.95	7348.1	
497.15	7194.5	
497.35	9144.2	
497.54	9114.8	
497.74	7178.8	
497.94	8479.3	
498.14	9698.5	
498.34	9527.8	
498.53	6890	
498.73	7547.4	
498.93	8607.6	
499.13	9216.5	
499.33	7502.4	
499.52	7751.6	
499.72	9242.5	
499.92	9430.2	
500.12	7103.7	
500.32	7458.7	
500.51	9443.2	
500.71	9254.1	
500.91	8058.1	
501.11	7749.5	
501.31	9398.1	
501.5	9778.4	
501.7	8282.7	
501.9	7527.7	
502.1	9186.5	
502.29	9591.3	
502.49	7849.9	
502.69	8288.8	
502.89	9325.1	
503.09	9426.1	
503.28	7016.3	
503.48	7176.1	
503.68	8945.5	
503.88	8884.1	
504.07	7875.8	
504.27	7592.5	
504.47	9145.5	
504.67	9179	
504.86	7938.6	
505.06	7681.9	
505.26	8865	
505.46	10289	
505.65	7493.5	
505.85	7742	
506.05	8927.1	
506.25	9232.9	
506.44	7040.2	
506.64	7675.1	
506.84	8685.4	
507.04	9503.9	
507.23	7168.6	
507.43	7616.4	
507.63	10178	
507.83	8936	
508.02	7604.8	
508.22	7306.5	
508.42	10600	
508.62	8652.7	
508.81	7508.5	
509.01	7948.2	
509.21	8662.2	
509.4	8890.2	
509.6	7640.3	
509.8	7174.7	
510	8868.4	
510.19	9946.3	
510.39	7185	
510.59	7283.3	
510.79	8696.4	
510.98	9827.5	
511.18	7384.3	
511.38	7343.3	
511.57	9456.8	
511.77	9195.4	
511.97	7980.9	
512.17	7223.2	
512.36	9397.4	
512.56	9318.9	
512.76	7279.8	
512.95	6983.6	
513.15	9461.6	
513.35	8348.2	
513.55	7886.7	
513.74	7200	
513.94	9412.5	
514.14	8874.5	
514.33	8054	
514.53	7762.5	
514.73	8921	
514.92	9181.7	
515.12	7312.6	
515.32	7260	
515.51	9239.1	
515.71	9495.1	
515.91	8665	
516.11	7230.7	
516.3	10403	
516.5	8931.9	
516.7	7739.3	
516.89	8256.7	
517.09	8942.1	
517.29	8967.4	
517.48	8053.3	
517.68	7568.6	
517.88	8716.8	
518.07	9320.3	
518.27	8035.5	
518.47	7197.9	
518.66	9763.3	
518.86	8646.5	
519.06	7046.4	
519.25	7514.7	
519.45	8948.3	
519.65	10120	
519.84	7984.3	
520.04	8616.5	
520.24	10552	
520.43	9530.6	
520.63	7859.4	
520.83	7669.6	
521.02	8893	
521.22	9445.2	
521.42	8090.8	
521.61	8393.9	
521.81	9133.3	
522.01	9275.9	
522.2	8020.5	
522.4	7664.2	
522.6	9591.3	
522.79	8548.2	
522.99	7791.8	
523.18	7221.1	
523.38	9455.5	
523.58	9465.7	
523.77	8804.2	
523.97	7346.1	
524.17	10856	
524.36	10343	
524.56	8361.2	
524.76	8240.3	
524.95	9624.8	
525.15	9283.4	
525.34	8104.5	
525.54	8142.7	
525.74	9981.8	
525.93	9207	
526.13	9078.6	
526.33	8156.4	
526.52	10254	
526.72	9887.6	
526.91	9138.7	
527.11	8680.7	
527.31	10277	
527.5	10662	
527.7	8613.1	
527.89	7811	
528.09	9567.4	
528.29	10004	
528.48	8916.2	
528.68	8587.1	
528.87	10323	
529.07	10358	
529.27	8695.7	
529.46	8286.1	
529.66	10230	
529.85	10581	
530.05	8299.1	
530.25	8838.4	
530.44	11330	
530.64	10133	
530.83	8589.2	
531.03	8843.8	
531.23	10641	
531.42	10326	
531.62	9366	
531.81	8671.1	
532.01	10624	
532.21	10940	
532.4	8461.5	
532.6	8896.4	
532.79	11391	
532.99	10628	
533.18	9090.9	
533.38	9753.8	
533.58	10413	
533.77	11028	
533.97	9054.1	
534.16	9779.1	
534.36	11228	
534.55	10604	
534.75	9753.8	
534.95	9187.9	
535.14	11243	
535.34	10650	
535.53	8943.5	
535.73	10505	
535.92	11707	
536.12	10843	
536.31	9088.2	
536.51	9962.7	
536.71	10914	
536.9	10766	
537.1	9125.7	
537.29	9211.8	
537.49	11384	
537.68	10546	
537.88	9532.6	
538.07	8853.4	
538.27	10874	
538.46	11731	
538.66	8901.8	
538.86	9245.2	
539.05	10849	
539.25	11165	
539.44	9508	
539.64	9164	
539.83	10776	
540.03	11618	
540.22	9192	
540.42	9233.6	
540.61	10977	
540.81	11107	
541	9484.8	
541.2	10019	
541.39	10514	
541.59	10860	
541.78	9833.7	
541.98	9078.6	
542.18	10324	
542.37	10467	
542.57	9461.6	
542.76	9798.2	
542.96	10458	
543.15	10880	
543.35	9402.9	
543.54	8907.3	
543.74	11144	
543.93	10802	
544.13	9206.3	
544.32	10210	
544.52	10993	
544.71	10345	
544.91	8626	
545.1	9466.4	
545.3	10389	
545.49	10852	
545.69	8604.9	
545.88	8949.6	
546.08	11654	
546.27	11278	
546.47	9390.6	
546.66	8837.7	
546.86	11055	
547.05	11517	
547.24	9058.8	
547.44	8911.4	
547.63	10287	
547.83	11167	
548.02	9287.5	
548.22	9295	
548.41	10134	
548.61	11187	
548.8	8830.8	
549	8767.4	
549.19	10671	
549.39	11004	
549.58	8585.8	
549.78	8927.1	
549.97	10900	
550.17	10551	
550.36	9632.3	
550.55	10457	
550.75	10537	
550.94	11260	
551.14	8710.7	
551.33	9025.4	
551.53	9977.7	
551.72	10686	
551.92	9026.8	
552.11	8858.8	
552.31	10692	
552.5	10868	
552.69	10069	
552.89	8585.8	
553.08	10662	
553.28	10437	
553.47	8868.4	
553.67	9734	
553.86	11241	
554.06	9886.9	
554.25	8151.6	
554.44	8790.6	
554.64	11761	
554.83	11354	
555.03	8516.1	
555.22	8901.8	
555.42	10897	
555.61	10570	
555.8	8773.5	
556	8955.1	
556.19	9990.7	
556.39	10849	
556.58	8756.4	
556.78	8779	
556.97	10550	
557.16	10339	
557.36	9699.2	
557.55	8623.3	
557.75	9680.7	
557.94	11214	
558.13	8544.1	
558.33	8384.4	
558.52	11075	
558.72	10000	
558.91	8546.2	
559.1	8654	
559.3	9886.2	
559.49	9654.1	
559.69	8146.8	
559.88	8903.9	
560.07	10437	
560.27	10754	
560.46	9092.3	
560.66	9163.3	
560.85	10317	
561.04	9559.2	
561.24	8492.9	
561.43	8560.5	
561.63	9894.4	
561.82	10029	
562.01	9513.5	
562.21	8832.9	
562.4	10389	
562.59	11088	
562.79	8641.1	
562.98	8377.6	
563.18	10346	
563.37	11582	
563.56	9086.2	
563.76	8443.8	
563.95	9952.4	
564.14	9939.5	
564.34	8769.4	
564.53	8535.9	
564.73	10402	
564.92	10626	
565.11	8846.5	
565.31	8430.1	
565.5	10834	
565.69	9929.9	
565.89	8585.1	
566.08	8800.8	
566.27	10781	
566.47	11153	
566.66	9340.1	
566.85	8314.8	
567.05	10535	
567.24	9998.9	
567.44	8646.5	
567.63	9597.5	
567.82	10619	
568.02	10451	
568.21	8624.7	
568.4	8878.6	
568.6	10405	
568.79	10295	
568.98	8473.8	
569.18	8624.7	
569.37	10317	
569.56	12036	
569.76	8869.8	
569.95	9744.2	
570.14	10673	
570.34	10647	
570.53	8514.8	
570.72	8488.8	
570.91	11114	
571.11	10400	
571.3	9004.2	
571.49	9700.5	
571.69	10513	
571.88	10064	
572.07	9291.6	
572.27	9340.1	
572.46	10068	
572.65	10907	
572.85	8776.2	
573.04	8887.5	
573.23	11142	
573.43	10600	
573.62	8576.2	
573.81	9135.3	
574	10587	
574.2	10393	
574.39	8815.8	
574.58	9060.2	
574.78	11284	
574.97	10760	
575.16	9396.1	
575.36	9553.8	
575.55	11096	
575.74	11207	
575.93	8678.6	
576.13	9562	
576.32	10574	
576.51	11062	
576.71	8984.4	
576.9	10215	
577.09	11387	
577.28	11039	
577.48	9392.7	
577.67	8677.2	
577.86	10678	
578.05	10948	
578.25	9242.5	
578.44	9304.6	
578.63	10684	
578.83	11759	
579.02	8669.7	
579.21	9983.8	
579.4	10890	
579.6	10722	
579.79	9269.8	
579.98	11115	
580.17	11241	
580.37	11198	
580.56	8837.7	
580.75	9515.5	
580.94	11523	
581.14	11576	
581.33	9813.9	
581.52	9062.3	
581.71	11092	
581.91	11610	
582.1	8833.6	
582.29	9202.2	
582.48	10812	
582.68	10729	
582.87	9781.1	
583.06	9420	
583.25	11173	
583.45	10989	
583.64	9899.2	
583.83	10460	
584.02	10793	
584.21	11105	
584.41	9859.6	
584.6	9440.5	
584.79	10916	
584.98	11448	
585.18	8859.5	
585.37	8944.8	
585.56	10491	
585.75	11269	
585.94	9132.6	
586.14	9555.8	
586.33	11681	
586.52	10838	
586.71	9493	
586.91	9286.2	
587.1	10324	
587.29	11176	
587.48	9066.4	
587.67	9086.2	
587.87	11071	
588.06	10892	
588.25	10205	
588.44	9495.7	
588.63	10672	
588.83	11110	
589.02	9133.9	
589.21	9009.7	
589.4	10563	
589.59	10440	
589.78	8249.9	
589.98	8608.3	
590.17	10024	
590.36	10451	
590.55	7991.9	
590.74	8579.6	
590.94	11309	
591.13	10163	
591.32	8387.8	
591.51	7951.6	
591.7	10451	
591.89	10148	
592.09	8035.5	
592.28	8321.6	
592.47	9448.6	
592.66	11011	
592.85	8079.2	
593.05	8307.9	
593.24	9983.8	
593.43	10729	
593.62	8335.2	
593.81	8674.5	
594	10090	
594.19	10266	
594.39	8288.1	
594.58	8181.6	
594.77	10261	
594.96	10684	
595.15	8288.8	
595.34	8674.5	
595.54	10249	
595.73	9543.5	
595.92	7749.5	
596.11	8555	
596.3	10647	
596.49	9714.2	
596.68	8318.8	
596.88	8659.5	
597.07	10465	
597.26	9507.4	
597.45	8006.2	
597.64	8945.5	
597.83	9699.9	
598.02	10205	
598.22	8028	
598.41	8580.3	
598.6	10030	
598.79	9529.9	
598.98	8105.2	
599.17	8810.4	
599.36	10060	
599.55	10874	
599.74	9688.9	
599.94	9445.9	
600.13	10422	
600.32	9499.8	
600.51	7822.6	
600.7	7851.9	
600.89	10854	
601.08	10972	
601.27	7761.1	
601.47	8499.1	
601.66	10359	
601.85	10832	
602.04	8393.9	
602.23	8547.5	
602.42	9690.3	
602.61	10151	
602.8	8202.1	
602.99	8039.6	
603.18	9845.3	
603.37	10010	
603.57	8506.6	
603.76	8936	
603.95	10567	
604.14	10242	
604.33	8067.6	
604.52	8219.9	
604.71	10081	
604.9	9710.1	
605.09	8845.9	
605.28	8661.5	
605.47	10530	
605.66	10234	
605.86	8584.4	
606.05	8123.6	
606.24	10517	
606.43	9292.3	
606.62	8307.9	
606.81	8853.4	
607	10347	
607.19	9630.9	
607.38	7905.2	
607.57	8050.6	
607.76	9551.7	
607.95	9178.3	
608.14	8438.3	
608.33	8839.7	
608.52	9590.6	
608.72	10234	
608.91	7662.1	
609.1	7696.9	
609.29	9671.9	
609.48	9196.1	
609.67	8438.3	
609.86	7770.7	
610.05	9314.2	
610.24	9533.3	
610.43	7584.3	
610.62	7316	
610.81	10494	
611	10277	
611.19	7708.6	
611.38	8334.6	
611.57	9870.5	
611.76	10783	
611.95	7577.5	
612.14	7415.7	
612.33	9564	
612.52	9155.8	
612.71	8105.9	
612.9	7332.4	
613.09	9003.6	
613.28	10788	
613.47	7847.8	
613.66	8578.9	
613.85	9774.3	
614.04	9284.8	
614.24	7835.5	
614.43	7201.3	
614.62	9780.4	
614.81	9733.3	
615	8227.4	
615.19	8193.2	
615.38	9170.8	
615.57	9557.2	
615.76	8086.7	
615.95	8855.4	
616.14	9914.2	
616.33	9629.5	
616.52	8430.8	
616.71	8542.8	
616.9	9815.2	
617.09	9622.7	
617.28	7929.1	
617.47	8793.3	
617.66	9144.9	
617.85	9121.7	
618.04	8545.5	
618.22	8129.1	
618.41	9479.4	
618.6	10217	
618.79	8183	
618.98	7968.6	
619.17	10417	
619.36	9024.7	
619.55	8034.2	
619.74	8089.5	
619.93	9936.1	
620.12	9398.8	
620.31	8632.9	
620.5	8685.4	
620.69	10391	
620.88	10750	
621.07	9267.7	
621.26	8571.4	
621.45	10099	
621.64	10177	
621.83	8685.4	
622.02	8058.8	
622.21	10231	
622.4	10027	
622.59	9074.5	
622.78	8937.3	
622.97	9730.6	
623.16	10490	
623.35	8649.9	
623.54	7932.5	
623.72	9929.2	
623.91	10019	
624.1	8892.3	
624.29	7778.9	
624.48	10751	
624.67	10191	
624.86	8926.4	
625.05	8073.8	
625.24	11029	
625.43	9681.4	
625.62	10131	
625.81	8232.8	
626	10510	
626.19	9907.4	
626.38	8911.4	
626.56	8437.6	
626.75	9782.5	
626.94	10464	
627.13	8951.7	
627.32	7792.5	
627.51	10360	
627.7	11362	
627.89	7963.9	
628.08	8948.3	
628.27	9688.9	
628.46	9932	
628.65	8157.1	
628.83	8030.1	
629.02	10364	
629.21	9688.3	
629.4	8551	
629.59	8752.3	
629.78	9709.4	
629.97	10493	
630.16	8830.8	
630.35	8384.4	
630.54	10878	
630.72	10545	
630.91	8326.4	
631.1	8690.2	
631.29	10225	
631.48	10309	
631.67	8746.2	
631.86	8389.8	
632.05	9908.8	
632.24	9828.9	
632.42	8152.3	
632.61	8611	
632.8	9889.6	
632.99	9625.5	
633.18	8565.3	
633.37	8902.5	
633.56	10228	
633.75	10032	
633.93	8596.7	
634.12	8396	
634.31	10856	
634.5	10515	
634.69	8438.3	
634.88	8708	
635.07	9929.9	
635.25	10571	
635.44	9183.8	
635.63	9351	
635.82	9854.1	
636.01	9346.2	
636.2	9099.1	
636.39	8654.7	
636.57	10801	
636.76	10474	
636.95	8285.4	
637.14	9364	
637.33	10259	
637.52	10862	
637.7	8099	
637.89	8888.9	
638.08	9981.1	
638.27	11033	
638.46	8996	
638.65	9195.4	
638.83	10981	
639.02	9784.5	
639.21	8803.5	
639.4	9181	
639.59	10095	
639.78	9832.3	
639.96	8114.7	
640.15	8210.3	
640.34	9994.1	
640.53	10015	
640.72	7959.8	
640.91	8180.3	
641.09	9422.7	
641.28	10576	
641.47	8219.2	
641.66	8872.5	
641.85	9992.7	
642.03	10046	
642.22	8701.1	
642.41	8301.8	
642.6	9533.3	
642.79	9107.3	
642.97	7980.9	
643.16	8644.5	
643.35	9538.8	
643.54	9292.3	
643.73	7929.1	
643.91	8565.3	
644.1	9280.7	
644.29	9729.2	
644.48	7940.7	
644.67	8016.4	
644.85	9253.4	
645.04	9730.6	
645.23	7600.7	
645.42	7876.5	
645.6	9210.4	
645.79	10098	
645.98	7766.6	
646.17	6890.7	
646.36	8941.4	
646.54	9405.6	
646.73	8335.9	
646.92	7357	
647.11	8972.8	
647.29	9807	
647.48	7481.9	
647.67	7213.6	
647.86	9975.7	
648.05	9982.5	
648.23	7742	
648.42	8756.4	
648.61	9506	
648.8	9312.8	
648.98	7339.9	
649.17	7651.9	
649.36	8864.3	
649.55	8535.3	
649.73	7438.2	
649.92	7907.2	
650.11	8816.5	
650.3	9088.2	
650.48	7496.2	
650.67	7260.7	
650.86	9355.8	
651.05	8477.9	
651.23	7471	
651.42	7365.9	
651.61	8895.7	
651.79	8896.4	
651.98	7636.2	
652.17	7200.7	
652.36	9239.1	
652.54	8404.2	
652.73	7281.9	
652.92	7208.8	
653.11	9151.7	
653.29	9256.8	
653.48	6679.8	
653.67	7581.6	
653.85	8979.7	
654.04	9818.6	
654.23	7711.3	
654.42	7402.7	
654.6	8616.5	
654.79	9077.3	
654.98	6862.7	
655.16	7274.4	
655.35	8234.9	
655.54	7948.2	
655.73	6759	
655.91	6615.6	
656.1	8809	
656.29	7893.6	
656.47	6318.7	
656.66	7660.1	
656.85	8218.5	
657.03	8232.2	
657.22	6735.1	
657.41	6893.5	
657.59	8423.3	
657.78	8258.8	
657.97	6636.1	
658.16	7139.2	
658.34	9037.7	
658.53	9250.7	
658.72	7913.4	
658.9	8271.7	
659.09	8580.3	
659.28	8500.4	
659.46	7001.3	
659.65	6900.3	
659.84	8348.2	
660.02	8794	
660.21	7060.7	
660.4	6868.9	
660.58	9076.6	
660.77	8534.6	
660.96	7283.3	
661.14	6617.7	
661.33	9508	
661.52	9386.5	
661.7	6533	
661.89	9389.9	
662.08	8293.6	
662.26	7954.3	
662.45	6794.5	
662.64	6929	
662.82	8855.4	
663.01	8245.8	
663.2	6879.8	
663.38	7413	
663.57	8740.7	
663.75	8627.4	
663.94	7109.9	
664.13	8092.2	
664.31	8256	
664.5	8728.4	
664.69	7438.9	
664.87	7731.1	
665.06	8072.4	
665.25	8570.7	
665.43	8002.1	
665.62	7948.8	
665.8	8783.7	
665.99	8295.6	
666.18	7044.3	
666.36	7193.8	
666.55	8840.4	
666.74	8772.8	
666.92	6746.7	
667.11	8017.8	
667.29	8366.6	
667.48	8810.4	
667.67	7709.2	
667.85	7027.3	
668.04	8315.4	
668.22	8290.2	
668.41	7109.9	
668.6	7290.1	
668.78	8140.7	
668.97	8316.8	
669.15	7448.5	
669.34	6529.6	
669.53	8236.2	
669.71	8433.5	
669.9	6651.1	
670.08	7258.7	
670.27	8051.2	
670.46	8621.9	
670.64	7413.6	
670.83	7575.4	
671.01	7944.8	
671.2	8529.8	
671.38	6766.5	
671.57	6698.2	
671.76	9007	
671.94	9458.2	
672.13	6638.1	
672.31	7494.2	
672.5	8775.5	
672.69	8140.7	
672.87	6767.9	
673.06	7074.4	
673.24	8695.7	
673.43	8228.7	
673.61	7338.6	
673.8	6989	
673.98	8662.9	
674.17	8774.2	
674.36	7464.2	
674.54	7301	
674.73	8492.2	
674.91	8753.7	
675.1	7116	
675.28	6766.5	
675.47	8322.3	
675.65	8815.1	
675.84	7003.4	
676.03	7223.2	
676.21	8254	
676.4	7758.4	
676.58	7615.7	
676.77	7417.1	
676.95	9357.9	
677.14	8123.6	
677.32	6680.5	
677.51	6627.2	
677.69	8793.3	
677.88	7973.4	
678.06	6639.5	
678.25	6805.4	
678.44	8413.1	
678.62	8158.4	
678.81	6509.8	
678.99	7247.1	
679.18	8957.1	
679.36	8702.5	
679.55	6973.3	
679.73	7432.8	
679.92	8622.6	
680.1	8221.2	
680.29	7917.4	
680.47	6977.4	
680.66	8119.5	
680.84	8798.8	
681.03	6395.1	
681.21	7283.3	
681.4	8191.2	
681.58	8163.2	
681.77	6853.9	
681.95	6739.2	
682.14	8936.7	
682.32	8991.9	
682.51	7468.3	
682.69	6577.4	
682.88	8145.5	
683.06	8565.3	
683.25	7313.3	
683.43	7587	
683.62	8416.5	
683.8	8704.5	
683.99	7732.4	
684.17	7184.3	
684.36	9282.1	
684.54	8263.6	
684.73	6535.8	
684.91	6668.2	
685.1	8436.9	
685.28	7998.7	
685.46	7039.6	
685.65	7006.8	
685.83	8513.4	
686.02	8016.4	
686.2	6441.5	
686.39	6604	
686.57	7753.6	
686.76	8837.7	
686.94	6515.3	
687.13	6695.5	
687.31	8382.3	
687.5	8049.9	
687.68	6314.6	
687.86	7268.9	
688.05	9482.1	
688.23	7721.5	
688.42	7301	
688.6	6647.7	
688.79	8017.1	
688.97	8004.1	
689.16	7084.6	
689.34	6103.6	
689.52	8570.7	
689.71	8891.6	
689.89	7280.5	
690.08	6748.7	
690.26	8325	
690.45	8215.8	
690.63	7535.2	
690.81	6963.1	
691	8269	
691.18	8095.6	
691.37	6959.7	
691.55	8813.1	
691.74	8023.9	
691.92	9684.2	
692.1	6969.2	
692.29	6659.3	
692.47	8204.8	
692.66	7757	
692.84	6742.6	
693.02	7124.9	
693.21	7730.4	
693.39	8114.7	
693.58	7300.3	
693.76	6775.4	
693.94	9136.7	
694.13	9087.5	
694.31	6855.2	
694.5	7727.7	
694.68	8146.8	
694.86	8434.9	
695.05	7236.8	
695.23	7546.8	
695.42	8850.6	
695.6	10653	
695.78	7798	
695.97	7066.9	
696.15	8976.9	
696.34	8393.9	
696.52	6909.2	
696.7	7567.2	
696.89	8641.7	
697.07	8219.9	
697.25	7465.5	
697.44	8548.9	
697.62	8707.3	
697.81	8877.9	
697.99	7133.8	
698.17	7545.4	
698.36	8191.9	
698.54	8759.8	
698.72	7402	
698.91	6641.6	
699.09	8429.4	
699.28	8180.3	
699.46	7211.6	
699.64	6965.1	
699.83	8243.8	
700.01	9011.7	
700.19	7690.8	
700.38	6411.5	
700.56	9120.3	
700.74	8226.7	
700.93	6802.7	
701.11	7487.4	
701.29	8685.4	
701.48	9567.4	
701.66	6976.1	
701.84	7020.4	
702.03	8476.5	
702.21	8979.7	
702.39	6713.2	
702.58	7240.9	
702.76	8865.7	
702.94	8901.2	
703.13	6677.7	
703.31	8765.3	
703.49	8322.9	
703.68	9267.7	
703.86	6918	
704.04	7623.9	
704.23	8660.9	
704.41	8966	
704.59	7075	
704.78	7928.4	
704.96	9516.2	
705.14	8890.2	
705.33	6861.4	
705.51	7456.7	
705.69	8392.6	
705.87	9184.5	
706.06	7641	
706.24	6769.2	
706.42	8675.9	
706.61	8959.2	
706.79	7739.3	
706.97	6787.7	
707.16	8314.1	
707.34	8809.7	
707.52	7669.6	
707.7	7101.7	
707.89	8551	
708.07	8138.6	
708.25	7668.3	
708.44	8129.1	
708.62	8351.6	
708.8	9256.8	
708.98	7836.9	
709.17	7059.3	
709.35	8795.3	
709.53	8587.8	
709.72	6864.8	
709.9	7204.1	
710.08	8893.6	
710.26	8921.6	
710.45	8090.8	
710.63	7006.8	
710.81	8597.4	
710.99	8558.5	
711.18	7565.2	
711.36	7124.9	
711.54	8458.8	
711.72	8947.6	
711.91	7146.7	
712.09	6736.5	
712.27	8450.6	
712.45	9063.6	
712.64	7320.1	
712.82	6462.7	
713	7970	
713.18	8093.6	
713.37	6550.8	
713.55	7497.6	
713.73	8746.9	
713.91	7664.9	
714.1	6718.7	
714.28	6221.7	
714.46	8273.8	
714.64	7620.5	
714.83	5658.5	
715.01	6275.7	
715.19	7536.5	
715.37	6959	
715.55	5836.7	
715.74	6020.3	
715.92	7983	
716.1	6427.2	
716.28	6939.2	
716.47	6040.8	
716.65	6979.5	
716.83	7105.8	
717.01	5939.8	
717.19	6036.7	
717.38	8645.8	
717.56	6791.7	
717.74	6137.8	
717.92	5438.7	
718.1	7731.1	
718.29	7125.6	
718.47	5171.1	
718.65	5783.5	
718.83	7743.4	
719.01	7742.7	
719.2	5206.6	
719.38	6201.9	
719.56	7477.8	
719.74	8886.8	
719.92	5810.8	
720.11	6691.4	
720.29	7656	
720.47	6851.1	
720.65	5526.1	
720.83	6092	
721.02	7167.9	
721.2	6825.2	
721.38	6026.5	
721.56	5370.5	
721.74	6385.6	
721.92	6498.2	
722.11	6275.7	
722.29	6126.2	
722.47	7509.2	
722.65	6810.2	
722.83	5413.5	
723.01	6071.5	
723.2	6885.3	
723.38	7111.9	
723.56	4950.6	
723.74	5868.8	
723.92	6508.4	
724.1	7343.3	
724.29	5268.1	
724.47	6160.3	
724.65	6622.4	
724.83	6402.6	
725.01	5261.2	
725.19	5855.1	
725.37	6470.9	
725.56	6446.3	
725.74	5064.6	
725.92	5292	
726.1	6398.5	
726.28	6728.3	
726.46	5543.9	
726.64	5351.3	
726.83	6619	
727.01	6764.4	
727.19	5077.6	
727.37	5760.3	
727.55	6784.2	
727.73	7105.1	
727.91	4995	
728.09	4898.7	
728.28	7101	
728.46	7428.7	
728.64	5713.8	
728.82	5669.5	
729	7968.6	
729.18	7414.3	
729.36	5051.7	
729.54	6952.9	
729.72	8200.7	
729.91	6890	
730.09	6649.1	
730.27	5629.2	
730.45	6814.3	
730.63	7264.8	
730.81	6029.2	
730.99	5473.5	
731.17	7807.5	
731.35	6598.6	
731.53	5755.5	
731.71	5484.5	
731.9	7509.2	
732.08	7610.3	
732.26	5666	
732.44	5367.7	
732.62	7640.3	
732.8	7247.1	
732.98	6006.7	
733.16	5234.6	
733.34	7208.8	
733.52	6162.3	
733.7	5538.4	
733.88	5712.5	
734.07	6941.9	
734.25	6821.8	
734.43	5046.2	
734.61	6385.6	
734.79	7979.6	
734.97	6691.4	
735.15	5336.3	
735.33	5455.1	
735.51	7008.8	
735.69	6730.3	
735.87	6393.8	
736.05	5586.9	
736.23	6831.3	
736.41	6627.9	
736.59	5436.7	
736.77	5484.5	
736.95	7192.5	
737.13	6619	
737.32	5201.8	
737.5	5270.1	
737.68	7577.5	
737.86	6516	
738.04	4956.1	
738.22	6390.3	
738.4	6323.4	
738.58	6680.5	
738.76	5386.2	
738.94	4620.2	
739.12	6485.9	
739.3	6357.6	
739.48	5881.8	
739.66	5769.1	
739.84	6705	
740.02	6644.3	
740.2	4707.6	
740.38	4972.5	
740.56	6889.4	
740.74	6053.8	
740.92	5440.8	
741.1	5346.6	
741.28	6455.2	
741.46	6242.2	
741.64	5094.7	
741.82	5439.4	
742	6464.1	
742.18	6387.6	
742.36	5188.2	
742.54	4874.8	
742.72	6853.2	
742.9	5820.3	
743.08	5479	
743.26	4487.8	
743.44	6933.7	
743.62	6850.5	
743.8	5610.8	
743.98	4825.7	
744.16	6610.8	
744.34	6332.3	
744.52	5476.3	
744.7	5427.1	
744.88	6732.4	
745.06	6309.8	
745.24	5461.2	
745.42	5525.4	
745.6	6816.3	
745.78	6495.5	
745.96	4517.1	
746.14	4789.5	
746.32	7342	
746.5	6628.6	
746.68	5089.2	
746.86	4685.1	
747.03	6927.6	
747.21	5679.7	
747.39	5177.9	
747.57	4686.4	
747.75	6333	
747.93	6634.7	
748.11	4649.6	
748.29	4624.3	
748.47	7614.3	
748.65	6098.9	
748.83	5221.6	
749.01	4965.6	
749.19	6432	
749.37	5719.3	
749.55	4878.3	
749.73	4982.7	
749.91	6218.3	
750.09	5965.1	
750.26	5006.6	
750.44	4471.4	
750.62	6268.8	
750.8	6135	
750.98	4420.9	
751.16	4621.6	
751.34	6288.6	
751.52	5679.7	
751.7	5205.3	
751.88	4313	
752.06	6671.6	
752.24	6361.7	
752.42	4283.7	
752.59	4522.6	
752.77	6128.2	
752.95	7117.4	
753.13	5154.7	
753.31	4585.4	
753.49	5906.3	
753.67	6199.9	
753.85	4939	
754.03	4592.2	
754.21	6349.4	
754.38	6668.2	
754.56	4625	
754.74	3861.8	
754.92	5748	
755.1	6197.8	
755.28	3811.3	
755.46	3853.6	
755.64	6791.7	
755.82	6845.7	
755.99	4002.4	
756.17	4100	
756.35	4774.5	
756.53	5956.9	
756.71	3058.3	
756.89	3810.6	
757.07	5609.4	
757.25	4951.3	
757.42	4304.1	
757.6	5023	
757.78	5775.3	
757.96	4958.8	
758.14	4066.6	
758.32	3661.8	
758.5	4659.1	
758.67	5275.6	
758.85	3910.9	
759.03	4041.3	
759.21	5470.1	
759.39	4930.1	
759.57	3596.2	
759.75	4467.3	
759.92	5965.1	
760.1	5533.6	
760.28	4832.5	
760.46	4979.3	
760.64	5227.1	
760.82	5068	
760.99	4481	
761.17	4127.3	
761.35	5907	
761.53	5066.7	
761.71	4171	
761.89	4736.3	
762.06	5845.6	
762.24	5339.1	
762.42	4237.2	
762.6	4040	
762.78	5408.7	
762.96	5896.1	
763.13	4556	
763.31	4274.1	
763.49	6020.3	
763.67	5345.9	
763.85	4882.4	
764.02	5361.6	
764.2	6261.3	
764.38	5508.4	
764.56	4182.6	
764.74	4848.9	
764.91	6305	
765.09	5453.1	
765.27	3938.9	
765.45	3715	
765.63	6420.4	
765.8	6219	
765.98	3588	
766.16	3816.7	
766.34	5093.3	
766.52	4910.3	
766.69	4522.6	
766.87	3701.4	
767.05	5436.7	
767.23	6094.8	
767.41	3896.6	
767.58	4044.7	
767.76	5819	
767.94	5953.4	
768.12	3940.3	
768.29	4478.2	
768.47	5468.8	
768.65	6051.7	
768.83	3602.4	
769	4571.1	
769.18	5093.3	
769.36	5666	
769.54	4580.6	
769.72	3678.8	
769.89	5916.6	
770.07	5881.1	
770.25	3915.7	
770.43	4955.4	
770.6	6469.5	
770.78	6713.9	
770.96	4091.2	
771.14	4521.2	
771.31	5823.7	
771.49	5239.4	
771.67	3377.1	
771.85	3638.6	
772.02	4695.3	
772.2	5259.9	
772.38	4218.1	
772.55	3778.5	
772.73	5494.7	
772.91	5262.6	
773.09	4057.7	
773.26	4119.8	
773.44	5429.8	
773.62	5191.6	
773.8	3674.7	
773.97	3426.9	
774.15	5507	
774.33	5130.8	
774.5	3557.3	
774.68	3878.9	
774.86	5619.6	
775.04	5147.2	
775.21	3626.3	
775.39	3614	
775.57	5381.4	
775.74	5651	
775.92	3500	
776.1	3394.8	
776.27	5313.8	
776.45	6316.6	
776.63	3630.4	
776.81	3259	
776.98	5089.2	
777.16	5915.2	
777.34	3734.8	
777.51	3961.5	
777.69	5053	
777.87	4826.4	
778.04	3776.5	
778.22	4161.5	
778.4	4848.2	
778.57	5494	
778.75	3192.1	
778.93	3371.6	
779.1	4737	
779.28	4624.3	
779.46	3140.2	
779.64	3561.4	
779.81	5515.2	
779.99	6212.2	
780.17	4212	
780.34	4307.6	
780.52	5089.2	
780.69	5206.6	
780.87	3838.6	
781.05	3425.6	
781.22	5175.2	
781.4	5166.3	
781.58	3586.7	
781.75	2888.3	
781.93	5208.7	
782.11	4672.1	
782.28	4322.6	
782.46	3593.5	
782.64	4523.3	
782.81	5280.3	
782.99	3703.4	
783.17	3564.8	
783.34	5175.9	
783.52	4566.3	
783.69	3757.3	
783.87	4343.1	
784.05	4816.8	
784.22	4653	
784.4	4360.1	
784.58	3835.2	
784.75	5423	
784.93	4768.4	
785.1	3592.1	
785.28	4051.6	
785.46	5290.6	
785.63	4663.9	
785.81	3557.3	
785.99	3405.8	
786.16	4820.9	
786.34	5037.3	
786.51	3415.3	
786.69	3759.4	
786.87	4422.2	
787.04	4800.4	
787.22	3306.1	
787.39	4111.6	
787.57	4659.1	
787.75	5485.8	
787.92	4238.6	
788.1	4176.5	
788.27	4646.8	
788.45	4408.6	
788.63	3899.3	
788.8	2902.7	
788.98	5048.9	
789.15	4369	
789.33	3053.5	
789.5	3511.6	
789.68	5348.6	
789.86	5496.7	
790.03	3883.6	
790.21	3398.3	
790.38	5473.5	
790.56	4748.6	
790.73	3332.7	
790.91	3392.1	
791.09	4681	
791.26	5233.2	
791.44	3550.5	
791.61	3071.3	
791.79	4625	
791.96	4653	
792.14	3144.3	
792.32	2913.6	
792.49	4648.2	
792.67	4733.5	
792.84	3245.3	
793.02	3059	
793.19	4990.9	
793.37	5610.8	
793.54	2854.2	
793.72	3087.7	
793.89	5631.9	
794.07	4659.1	
794.25	3498.6	
794.42	2960.7	
794.6	5457.8	
794.77	5180.7	
794.95	3880.9	
795.12	3418.1	
795.3	4577.2	
795.47	5154.1	
795.65	3668.6	
795.82	3504.1	
796	4476.2	
796.17	6001.2	
796.35	3476.8	
796.52	4016.7	
796.7	5070.1	
796.87	5125.4	
797.05	3383.9	
797.22	4112.3	
797.4	5094.7	
797.57	5900.9	
797.75	3552.5	
797.92	3344.3	
798.1	5387.5	
798.27	4525.3	
798.45	2887	
798.62	3158	
798.8	4868	
798.97	5324	
799.15	3729.4	
799.32	3614.7	
799.5	4301.4	
799.67	4849.6	
799.85	3904.8	
800.02	2906.8	
800.2	4569.7	
800.37	4823.6	
800.55	3924.6	
800.72	3317.7	
800.9	5262.6	
801.07	5589.6	
801.25	4345.1	
801.42	3696.6	
801.6	5299.5	
801.77	4955.4	
801.95	3450.1	
802.12	3300.6	
802.29	4998.4	
802.47	4956.8	
802.64	3677.5	
802.82	2818	
802.99	4577.2	
803.17	5347.2	
803.34	3552.5	
803.52	3187.3	
803.69	5872.2	
803.87	4397	
804.04	3465.8	
804.21	3575.1	
804.39	5524.7	
804.56	4731.5	
804.74	3061	
804.91	3628.3	
805.09	4610	
805.26	4625	
805.44	3145.7	
805.61	3411.2	
805.78	5116.5	
805.96	5143.1	
806.13	3630.4	
806.31	3902.7	
806.48	4214.7	
806.66	4664.6	
806.83	3670	
807	3566.2	
807.18	4568.3	
807.35	4852.3	
807.53	3545	
807.7	2899.9	
807.87	5497.4	
808.05	4638	
808.22	3833.1	
808.4	2876.7	
808.57	4565.6	
808.74	4303.5	
808.92	3318.4	
809.09	4102.1	
809.27	4556	
809.44	4997.7	
809.61	2859	
809.79	3198.2	
809.96	5621.7	
810.14	5151.3	
810.31	2883.5	
810.48	3439.2	
810.66	4648.9	
810.83	5223	
811.01	3301.3	
811.18	3632.4	
811.35	5218.2	
811.53	4132.1	
811.7	3846.1	
811.87	3621.5	
812.05	4659.1	
812.22	4537.6	
812.39	3175	
812.57	3140.9	
812.74	4656.4	
812.92	5936.4	
813.09	3438.5	
813.26	3688.4	
813.44	5686.5	
813.61	4520.5	
813.78	2937.5	
813.96	3771.7	
814.13	4635.9	
814.3	4372.4	
814.48	4058.4	
814.65	3449.5	
814.82	5551.4	
815	4351.3	
815.17	3519.1	
815.34	4195.6	
815.52	4580.6	
815.69	4543.1	
815.87	3531.4	
816.04	3452.2	
816.21	4547.9	
816.38	4175.8	
816.56	3373	
816.73	3147	
816.9	5698.8	
817.08	5193	
817.25	3164.8	
817.42	3938.2	
817.6	4265.2	
817.77	4581.3	
817.94	3562.1	
818.12	3176.4	
818.29	4394.9	
818.46	6440.9	
818.64	3289	
818.81	3149.1	
818.98	4382	
819.16	6009.4	
819.33	3725.3	
819.5	3485.6	
819.67	4906.3	
819.85	5390.9	
820.02	3451.5	
820.19	3634.5	
820.37	4795.7	
820.54	4493.9	
820.71	3587.4	
820.88	4318.5	
821.06	4821.6	
821.23	4411.3	
821.4	3540.9	
821.58	3619.4	
821.75	5194.3	
821.92	4728.1	
822.09	2879.4	
822.27	3069.2	
822.44	4668.7	
822.61	4509.6	
822.79	2861	
822.96	5414.8	
823.13	4878.3	
823.3	4348.5	
823.48	3371.6	
823.65	2982.5	
823.82	5198.4	
823.99	4287.8	
824.17	4218.8	
824.34	3083.6	
824.51	5907.7	
824.68	4594.3	
824.86	3218	
825.03	3495.2	
825.2	4655	
825.37	5395	
825.55	3193.5	
825.72	3459.7	
825.89	5905	
826.06	5471.5	
826.24	3454.9	
826.41	3416	
826.58	5537	
826.75	4803.9	
826.92	2777.7	
827.1	2963.4	
827.27	7342.7	
827.44	5896.1	
827.61	3230.3	
827.79	3901.4	
827.96	4450.9	
828.13	4621.6	
828.3	3385.3	
828.47	2912.2	
828.65	4871.4	
828.82	4786.1	
828.99	4262.5	
829.16	3806.5	
829.34	5111	
829.51	4966.3	
829.68	3478.8	
829.85	3645.4	
830.02	5398.4	
830.2	5154.1	
830.37	2757.2	
830.54	4170.3	
830.71	5762.3	
830.88	4621.6	
831.05	2764.8	
831.23	3211.2	
831.4	5615.5	
831.57	6105	
831.74	3295.9	
831.91	2905.4	
832.09	4913.1	
832.26	5127.4	
832.43	3295.2	
832.6	3728	
832.77	4859.1	
832.94	5455.1	
833.12	2716.3	
833.29	3224.2	
833.46	4951.3	
833.63	6233.3	
833.8	3637.2	
833.97	3360	
834.15	5184.1	
834.32	4982	
834.49	3476.1	
834.66	3523.9	
834.83	5296.7	
835	4434.5	
835.17	3209.8	
835.35	3227.6	
835.52	5059.8	
835.69	4971.1	
835.86	3404.4	
836.03	2836.4	
836.2	5162.9	
836.37	4799.1	
836.55	3314.3	
836.72	3174.4	
836.89	4821.6	
837.06	5227.8	
837.23	3381.2	
837.4	3692.5	
837.57	5833.3	
837.75	6244.9	
837.92	3057.6	
838.09	3272	
838.26	4786.1	
838.43	5328.1	
838.6	3461.1	
838.77	3166.8	
838.94	6002.6	
839.11	5838.1	
839.29	3388	
839.46	2711.5	
839.63	5094	
839.8	4866.7	
839.97	3265.1	
840.14	3207.1	
840.31	4954.7	
840.48	5149.3	
840.65	2766.1	
840.82	3220.1	
841	5128.8	
841.17	5020.3	
841.34	2962	
841.51	3072	
841.68	5067.4	
841.85	4889.2	
842.02	3079.5	
842.19	2621.4	
842.36	4957.4	
842.53	4844.8	
842.7	3012.6	
842.87	3571.7	
843.05	6231.3	
843.22	4816.8	
843.39	2862.4	
843.56	3085.6	
843.73	4724.7	
843.9	5194.3	
844.07	4707.6	
844.24	3951.2	
844.41	7051.2	
844.58	4539	
844.75	2961.4	
844.92	3111.5	
845.09	5116.5	
845.26	5086.5	
845.43	2942.9	
845.6	3154.6	
845.77	5117.2	
845.94	4878.3	
846.12	3323.2	
846.29	3499.3	
846.46	5326.8	
846.63	5052.3	
846.8	2973	
846.97	3522.5	
847.14	5430.5	
847.31	5051	
847.48	3349.1	
847.65	3657.7	
847.82	5319.3	
847.99	5271.5	
848.16	3886.4	
848.33	3661.1	
848.5	4711.7	
848.67	5506.3	
848.84	2977.7	
849.01	3078.1	
849.18	4680.3	
849.35	4391.5	
849.52	3699.3	
849.69	2905.4	
849.86	5324	
850.03	5358.2	
850.2	3007.1	
850.37	3593.5	
850.54	5360.9	
850.71	4812.7	
850.88	3556.6	
851.05	2945.7	
851.22	4990.9	
851.39	5516.5	
851.56	2818.7	
851.73	3413.3	
851.9	4562.9	
852.07	5331.5	
852.24	3265.1	
852.41	2940.9	
852.58	5003.2	
852.75	4588.1	
852.92	3326.6	
853.09	2910.8	
853.26	4765.6	
853.43	5415.5	
853.6	2963.4	
853.77	2590	
853.94	5595.7	
854.11	4491.9	
854.28	4262.5	
854.44	3263.1	
854.61	5816.2	
854.78	5328.8	
854.95	2945.7	
855.12	3689.8	
855.29	4207.2	
855.46	5768.4	
855.63	2958.6	
855.8	4025.6	
855.97	4731.5	
856.14	5363.6	
856.31	4078.9	
856.48	3212.6	
856.65	4737	
856.82	4552	
856.99	2919	
857.16	3244.7	
857.33	6074.3	
857.49	4817.5	
857.66	3189.4	
857.83	3416	
858	4843.4	
858.17	5038.7	
858.34	2801.6	
858.51	3055.6	
858.68	5586.9	
858.85	5608	
859.02	3418.1	
859.19	3622.2	
859.36	4531.5	
859.52	4556.7	
859.69	3048.1	
859.86	3434.4	
860.03	4552.6	
860.2	5556.8	
860.37	2766.1	
860.54	3011.2	
860.71	5287.2	
860.88	5578	
861.05	3289.7	
861.21	3735.5	
861.38	5613.5	
861.55	4425.7	
861.72	2742.2	
861.89	3361.4	
862.06	5342.5	
862.23	5710.4	
862.4	2904	
862.56	3101.3	
862.73	5171.8	
862.9	4947.2	
863.07	3457.7	
863.24	2727.2	
863.41	4431.1	
863.58	4529.4	
863.75	3063.8	
863.91	3461.1	
864.08	5505.6	
864.25	5223.7	
864.42	3732.1	
864.59	4098	
864.76	5788.2	
864.93	4554	
865.09	2864.4	
865.26	3182.5	
865.43	5466	
865.6	5795.1	
865.77	2639.1	
865.94	2942.2	
866.1	5458.5	
866.27	5255.8	
866.44	4384	
866.61	2828.2	
866.78	4833.2	
866.95	5235.3	
867.11	2926.5	
867.28	2669.2	
867.45	5391.6	
867.62	4566.3	
867.79	3418.1	
867.96	2991.4	
868.12	4539.7	
868.29	5264	
868.46	2979.8	
868.63	3885.7	
868.8	5411.4	
868.97	5182	
869.13	3109.5	
869.3	3129.3	
869.47	5102.9	
869.64	5324	
869.81	2954.5	
869.97	2964.8	
870.14	5030.5	
870.31	5584.8	
870.48	2926.5	
870.65	3704.8	
870.81	4850.3	
870.98	4859.8	
871.15	3351.2	
871.32	3122.5	
871.48	5124	
871.65	5641.5	
871.82	2978.4	
871.99	3269.2	
872.16	5985.5	
872.32	5455.8	
872.49	2998.2	
872.66	3009.8	
872.83	5279	
872.99	4640	
873.16	3406.5	
873.33	2995.5	
873.5	4986.8	
873.67	5035.3	
873.83	3134.8	
874	3886.4	
874.17	5143.8	
874.34	5865.4	
874.5	3778.5	
874.67	3631	
874.84	5544.5	
875.01	4409.3	
875.17	4110.3	
875.34	2960.7	
875.51	5017.5	
875.68	5918.6	
875.84	3534.1	
876.01	4272.7	
876.18	5230.5	
876.34	5115.1	
876.51	2981.2	
876.68	2962	
876.85	4829.8	
877.01	5549.3	
877.18	4194.9	
877.35	2930	
877.52	5005.9	
877.68	4506.9	
877.85	2930	
878.02	2936.8	
878.18	4870.8	
878.35	4696	
878.52	2410.5	
878.69	3302.7	
878.85	5295.4	
879.02	5212.8	
879.19	4109.6	
879.35	3160.7	
879.52	5242.8	
879.69	5341.1	
879.86	2648	
880.02	3293.8	
880.19	4867.3	
880.36	5848.3	
880.52	3381.9	
880.69	3454.9	
880.86	5285.8	
881.02	5339.1	
881.19	3225.6	
881.36	3232.4	
881.52	5221	
881.69	4654.4	
881.86	3184.6	
882.02	3147.7	
882.19	5427.8	
882.36	6352.1	
882.52	3048.1	
882.69	4102.1	
882.86	5042.1	
883.02	4982	
883.19	3512.9	
883.36	3370.3	
883.52	5323.4	
883.69	5971.2	
883.86	3022.1	
884.02	2742.2	
884.19	5260.5	
884.36	4992.9	
884.52	3300.6	
884.69	3248.1	
884.86	4734.2	
885.02	5698.1	
885.19	3257.6	
885.36	3437.2	
885.52	4862.6	
885.69	5072.8	
885.86	4256.4	
886.02	3695.9	
886.19	5294	
886.35	4814.1	
886.52	3278.8	
886.69	4117.1	
886.85	4542.4	
887.02	5547.3	
887.19	5547.3	
887.35	5547.3	
887.52	5547.3	
887.68	5547.3	
887.85	5547.3	
888.02	5547.3	
888.18	5547.3	
888.35	5547.3	
888.51	5547.3	
888.68	5547.3	
888.85	5547.3	
889.01	5547.3	
889.18	5547.3	
889.35	5547.3	
889.51	5547.3	
889.68	5547.3	
889.84	5547.3	
890.01	5547.3	
890.17	5547.3	
890.34	5547.3	
890.51	5547.3	
890.67	5547.3	
890.84	5547.3	
891	5547.3	
891.17	5547.3	
891.34	5547.3	
891.5	5547.3	
891.67	5547.3	
891.83	5547.3	
892	5547.3	
892.16	5547.3	
892.33	5547.3	
892.5	5547.3	
892.66	5547.3	
892.83	5547.3	
892.99	5547.3	
893.16	5547.3	
893.32	5547.3	
893.49	5547.3	
893.65	5547.3	
893.82	5547.3	
893.99	5547.3	
894.15	5547.3	
894.32	5547.3	
894.48	5547.3	
894.65	5547.3	
894.81	5547.3	
894.98	5547.3	
895.14	5547.3	
895.31	5547.3	
895.47	5547.3	
895.64	5547.3	
895.81	5547.3	
895.97	5547.3	
896.14	5547.3	
896.3	5547.3	
896.47	5547.3	
896.63	5547.3	
896.8	5547.3	
896.96	5547.3	
897.13	5547.3	
897.29	5547.3	
897.46	5547.3	
897.62	5547.3	
897.79	5547.3	
897.95	5547.3	
898.12	5547.3	
898.28	5547.3	
898.45	5547.3	
898.61	5547.3	
898.78	5547.3	
898.94	5547.3	
899.11	5547.3	
899.27	5547.3	
899.44	5547.3	
899.6	5547.3	
899.77	5547.3	
899.93	5547.3	
900.1	5547.3	
900.26	5547.3	
900.43	5547.3	
900.59	5547.3	
900.76	5547.3	
900.92	5547.3	
901.09	5547.3	
901.25	5547.3	
901.42	5547.3	
901.58	5547.3	
901.75	5547.3	
901.91	5547.3	
902.07	5547.3	
902.24	5547.3	
902.4	5547.3	
902.57	5547.3	
902.73	5547.3	
902.9	5547.3	
903.06	5547.3	
903.23	5547.3	
903.39	5547.3	
903.56	5547.3	
903.72	5547.3	
903.88	5547.3	
904.05	5547.3	
904.21	5547.3	
904.38	5547.3	
904.54	5547.3	
904.71	5547.3	
904.87	5547.3	
905.03	5547.3	
905.2	5547.3	
905.36	5547.3	
905.53	5547.3	
905.69	5547.3	
905.86	5547.3	
906.02	5547.3	
906.18	5547.3	
906.35	5547.3	
906.51	5547.3	
906.68	5547.3	
906.84	5547.3	
907.01	5547.3	
907.17	5547.3	
907.33	5547.3	
907.5	5547.3	
907.66	5547.3	
907.83	5547.3	
907.99	5547.3	
908.15	5547.3	
908.32	5547.3	
908.48	5547.3	
908.65	5547.3	
908.81	5547.3	
908.97	5547.3	
909.14	5547.3	
909.3	5547.3	
909.47	5547.3	
909.63	5547.3	
909.79	5547.3	
909.96	5547.3	
910.12	5547.3	
910.28	5547.3	
910.45	5547.3	
910.61	5547.3	
910.78	5547.3	
910.94	5547.3	
911.1	5547.3	
911.27	5547.3	
911.43	5547.3	
911.59	5547.3	
911.76	5547.3	
911.92	5547.3	
912.08	5547.3	
912.25	5547.3	
912.41	5547.3	
912.57	5547.3	
912.74	5547.3	
912.9	5547.3	
913.07	5547.3	
913.23	5547.3	
913.39	5547.3	
913.56	5547.3	
913.72	5547.3	
913.88	5547.3	
914.05	5547.3	
914.21	5547.3	
914.37	5547.3	
914.54	5547.3	
914.7	5547.3	
914.86	5547.3	
915.03	5547.3	
915.19	5547.3	
