Wavelength	Intensities	
nm	a.u.	
179.22	1877.3	
179.44	1882.8	
179.65	1871.8	
179.86	1893.7	
180.08	1876.6	
180.29	4940.4	
180.51	3487.7	
180.72	5674.9	
180.94	6621.8	
181.15	3272	
181.37	3229	
181.58	5563.6	
181.79	5882.4	
182.01	3355.3	
182.22	3617.4	
182.44	5803.9	
182.65	4872.1	
182.87	4573.8	
183.08	4016.1	
183.29	6099.5	
183.51	5016.8	
183.72	3678.8	
183.94	5408	
184.15	5429.8	
184.37	5482.4	
184.58	3228.3	
184.79	4489.8	
185.01	4972.5	
185.22	5820.3	
185.44	4711.7	
185.65	3932.8	
185.86	5354.1	
186.08	4926	
186.29	3151.1	
186.51	3392.8	
186.72	5036	
186.94	5980.1	
187.15	3894.6	
187.36	4059.8	
187.58	7784.3	
187.79	5511.8	
188.01	4259.1	
188.22	6590.4	
188.43	6698.2	
188.65	5793	
188.86	3340.9	
189.08	4046.8	
189.29	5201.2	
189.5	5173.9	
189.72	3768.3	
189.93	3865.2	
190.15	5976.7	
190.36	7154.9	
190.57	4134.2	
190.79	4005.8	
191	6067.4	
191.22	6090.7	
191.43	4144.4	
191.64	3351.2	
191.86	6269.5	
192.07	6036.7	
192.29	3542.3	
192.5	3774.4	
192.71	6055.2	
192.93	5141.1	
193.14	3721.2	
193.35	3778.5	
193.57	5199.8	
193.78	6010.8	
194	3004.4	
194.21	3676.1	
194.42	4949.3	
194.64	5425.1	
194.85	4059.1	
195.07	4728.8	
195.28	5437.4	
195.49	4742.4	
195.71	5076.9	
195.92	3482.2	
196.13	5624.4	
196.35	5736.4	
196.56	5401.9	
196.78	4033.1	
196.99	7079.8	
197.2	6634.7	
197.42	4607.9	
197.63	4109.6	
197.84	4868	
198.06	5705.6	
198.27	3737.5	
198.48	4973.2	
198.7	5128.8	
198.91	5357.5	
199.13	4092.5	
199.34	4059.1	
199.55	5801.2	
199.77	4728.8	
199.98	3599	
200.19	4082.3	
200.41	5305.6	
200.62	5028.4	
200.83	4252.9	
201.05	4613.4	
201.26	5362.9	
201.47	5128.8	
201.69	3616.7	
201.9	3469.9	
202.11	5378.6	
202.33	6436.8	
202.54	3820.8	
202.76	4298.7	
202.97	5524.1	
203.18	5538.4	
203.4	4218.1	
203.61	4134.8	
203.82	5514.5	
204.04	5126.1	
204.25	4103.4	
204.46	4094.6	
204.68	5493.3	
204.89	5735	
205.1	3971	
205.32	3487	
205.53	5888.6	
205.74	5958.2	
205.96	2964.8	
206.17	4209.9	
206.38	5795.1	
206.6	5956.9	
206.81	4718.5	
207.02	3827	
207.24	5654.4	
207.45	6137.1	
207.66	3907.5	
207.88	3326.6	
208.09	5560.2	
208.3	5418.9	
208.52	3531.4	
208.73	3898.6	
208.94	5432.6	
209.15	6168.5	
209.37	3885.7	
209.58	4067.9	
209.79	5978	
210.01	5272.2	
210.22	3136.8	
210.43	3250.1	
210.65	5514.5	
210.86	5874.3	
211.07	3893.2	
211.29	3593.5	
211.5	5756.2	
211.71	5371.1	
211.93	3570.3	
212.14	3581.9	
212.35	5389.6	
212.56	5582.1	
212.78	4102.8	
212.99	3405.1	
213.2	6402	
213.42	5171.8	
213.63	3702.7	
213.84	3963.5	
214.06	4810.7	
214.27	4970.4	
214.48	3892.5	
214.69	4149.9	
214.91	6071.5	
215.12	6214.2	
215.33	4273.4	
215.55	4663.2	
215.76	6742.6	
215.97	5753.4	
216.18	3998.3	
216.4	3975.8	
216.61	5109.7	
216.82	5917.3	
217.04	3577.8	
217.25	3760.8	
217.46	6027.9	
217.67	5842.2	
217.89	3207.8	
218.1	3289	
218.31	5524.7	
218.53	5624.4	
218.74	3792.8	
218.95	3662.5	
219.16	5350.7	
219.38	6373.3	
219.59	3711.6	
219.8	4311.7	
220.01	7066.9	
220.23	5462.6	
220.44	4830.5	
220.65	3515	
220.87	5463.3	
221.08	6056.5	
221.29	3329.3	
221.5	4464.6	
221.72	7488.7	
221.93	5180.7	
222.14	4106.9	
222.35	4833.2	
222.57	5514.5	
222.78	5823.7	
222.99	3874.8	
223.2	4248.2	
223.42	5754.8	
223.63	5919.3	
223.84	3013.9	
224.05	2973.7	
224.27	6997.2	
224.48	6335.7	
224.69	4885.8	
224.9	4089.1	
225.12	5637.4	
225.33	5395	
225.54	3332	
225.75	3663.1	
225.97	4992.9	
226.18	5330.9	
226.39	3944.4	
226.6	3714.3	
226.82	5233.2	
227.03	5063.9	
227.24	4102.1	
227.45	3444.7	
227.67	5850.4	
227.88	6395.8	
228.09	4537.6	
228.3	4616.1	
228.52	5840.8	
228.73	5438.7	
228.94	3789.4	
229.15	3383.9	
229.36	5350	
229.58	5328.8	
229.79	3868.6	
230	4457.7	
230.21	6433.4	
230.43	5581.4	
230.64	4077.5	
230.85	4240.7	
231.06	5848.3	
231.28	5935.7	
231.49	3401	
231.7	4012	
231.91	5824.4	
232.12	5479.7	
232.34	3440.6	
232.55	3977.2	
232.76	6038.8	
232.97	5643.5	
233.18	3564.1	
233.4	4042.7	
233.61	5681.7	
233.82	5265.3	
234.03	3819.5	
234.25	3717.7	
234.46	7568.6	
234.67	5511.8	
234.88	4172.4	
235.09	3647.4	
235.31	5788.9	
235.52	5319.9	
235.73	4023.6	
235.94	3446.7	
236.15	5110.4	
236.37	6636.8	
236.58	3573	
236.79	3948.5	
237	5778.7	
237.21	4923.3	
237.43	4240.7	
237.64	3302	
237.85	9992.7	
238.06	5003.9	
238.27	4345.8	
238.48	3376.4	
238.7	5739.8	
238.91	5294.7	
239.12	3943	
239.33	3981.9	
239.54	5172.5	
239.76	5342.5	
239.97	3827.7	
240.18	3969.6	
240.39	6894.8	
240.6	5745.2	
240.82	4084.3	
241.03	3333.4	
241.24	5464.7	
241.45	6363.7	
241.66	3596.9	
241.87	4199.7	
242.09	6190.3	
242.3	6507.8	
242.51	4250.9	
242.72	3972.4	
242.93	5878.4	
243.14	5407.3	
243.36	4502.8	
243.57	4949.9	
243.78	6328.2	
243.99	5839.4	
244.2	4026.3	
244.41	3556	
244.63	4985.4	
244.84	5752.1	
245.05	4199	
245.26	3949.8	
245.47	5732.9	
245.68	6016.2	
245.9	5250.3	
246.11	4163.5	
246.32	5321.3	
246.53	5739.1	
246.74	6393.8	
246.95	3316.3	
247.16	4911	
247.38	5403.9	
247.59	3256.3	
247.8	3978.5	
248.01	5170.4	
248.22	5368.4	
248.43	3541.6	
248.64	3807.2	
248.86	4853.7	
249.07	5201.2	
249.28	3452.9	
249.49	4020.8	
249.7	6019	
249.91	6193.7	
250.12	3281.5	
250.34	3340.2	
250.55	5535.7	
250.76	5445.5	
250.97	4034.5	
251.18	4098.7	
251.39	6102.9	
251.6	5619.6	
251.81	4145.1	
252.03	4111	
252.24	5177.9	
252.45	5974.6	
252.66	3411.9	
252.87	4364.9	
253.08	5426.4	
253.29	7191.1	
253.5	3412.6	
253.72	4854.4	
253.93	5307.7	
254.14	6518.7	
254.35	3732.8	
254.56	3892.5	
254.77	5725.4	
254.98	5089.2	
255.19	3653.6	
255.41	4677.6	
255.62	5545.2	
255.83	6208.8	
256.04	4187.4	
256.25	4130.8	
256.46	6702.3	
256.67	5102.2	
256.88	4089.1	
257.09	4513	
257.31	5140.4	
257.52	5146.5	
257.73	5130.8	
257.94	3680.2	
258.15	5227.1	
258.36	5444.9	
258.57	4727.4	
258.78	2986.6	
258.99	5904.3	
259.2	5310.4	
259.41	3753.2	
259.63	3829.7	
259.84	6342.6	
260.05	6797.2	
260.26	4968.4	
260.47	3650.8	
260.68	5995.8	
260.89	5393	
261.1	4523.3	
261.31	3609.2	
261.52	6061.3	
261.73	6440.2	
261.95	4840	
262.16	4243.4	
262.37	6139.8	
262.58	6225.1	
262.79	4804.5	
263	3833.8	
263.21	5448.3	
263.42	4980	
263.63	3855.6	
263.84	3827	
264.05	6036	
264.26	6414.2	
264.47	4693.9	
264.69	4224.3	
264.9	6209.4	
265.11	5700.2	
265.32	3697.3	
265.53	3684.3	
265.74	5558.9	
265.95	4857.1	
266.16	3986.7	
266.37	4424.3	
266.58	5627.8	
266.79	5242.8	
267	3711.6	
267.21	3424.2	
267.42	4986.8	
267.63	5458.5	
267.84	3887.7	
268.06	3360	
268.27	5850.4	
268.48	6169.2	
268.69	3831.7	
268.9	4554.7	
269.11	6173.9	
269.32	4913.8	
269.53	3905.5	
269.74	3659.7	
269.95	5769.1	
270.16	4813.4	
270.37	3911.6	
270.58	4575.2	
270.79	5294	
271	6078.4	
271.21	4254.3	
271.42	3923.9	
271.63	5620.3	
271.84	5093.3	
272.05	3149.1	
272.26	3575.8	
272.47	5510.4	
272.68	5676.3	
272.89	3773	
273.11	4361.5	
273.32	5182	
273.53	6405.4	
273.74	4270	
273.95	4169	
274.16	6100.9	
274.37	5500.8	
274.58	4300.1	
274.79	3503.4	
275	5551.4	
275.21	6153.5	
275.42	5244.2	
275.63	4394.3	
275.84	5648.3	
276.05	7165.8	
276.26	4136.2	
276.47	3849.5	
276.68	5294.7	
276.89	6441.5	
277.1	4430.4	
277.31	3465.8	
277.52	5745.9	
277.73	5883.1	
277.94	3405.1	
278.15	3762.1	
278.36	5614.2	
278.57	5140.4	
278.78	3747.1	
278.99	4256.4	
279.2	5072.1	
279.41	4997	
279.62	4954	
279.83	3536.8	
280.04	6726.9	
280.25	4982	
280.46	4914.4	
280.67	3936.9	
280.88	5100.1	
281.09	6128.9	
281.3	4138.9	
281.51	5212.8	
281.72	6038.1	
281.93	5935.7	
282.14	3680.9	
282.35	3963.5	
282.56	5969.8	
282.77	5969.8	
282.98	3812	
283.19	4657.8	
283.4	7273	
283.61	5410.1	
283.82	3442	
284.03	4838.7	
284.24	5589.6	
284.45	6164.4	
284.66	4855.1	
284.87	4700.1	
285.08	6022.4	
285.29	6220.4	
285.5	3378.5	
285.71	3810.6	
285.92	6051.7	
286.12	6744.6	
286.33	4846.2	
286.54	3787.4	
286.75	5900.2	
286.96	5351.3	
287.17	3508.2	
287.38	4795	
287.59	5111	
287.8	4986.1	
288.01	3870	
288.22	4453.6	
288.43	5975.3	
288.64	5029.8	
288.85	4555.4	
289.06	4347.2	
289.27	6081.8	
289.48	6407.4	
289.69	4924.7	
289.9	4448.2	
290.11	6176.7	
290.32	5224.4	
290.53	4640.7	
290.74	4268	
290.94	5922.7	
291.15	5982.8	
291.36	3728.7	
291.57	4434.5	
291.78	5212.8	
291.99	4875.5	
292.2	3540.9	
292.41	4294.6	
292.62	6010.8	
292.83	5771.2	
293.04	5264.6	
293.25	3547.1	
293.46	5255.1	
293.67	6094.8	
293.88	3733.4	
294.09	3522.5	
294.29	5025	
294.5	5627.8	
294.71	3938.9	
294.92	3800.3	
295.13	5239.4	
295.34	6559	
295.55	3381.2	
295.76	3402.4	
295.97	5908.4	
296.18	6624.5	
296.39	3466.5	
296.6	3741	
296.81	5565	
297.01	5903.6	
297.22	3857.7	
297.43	3696.6	
297.64	5077.6	
297.85	5083.7	
298.06	3106.8	
298.27	3287	
298.48	5519.3	
298.69	5160.9	
298.9	4003.1	
299.11	3625.6	
299.31	4967	
299.52	4968.4	
299.73	4311.7	
299.94	4184.7	
300.15	5501.5	
300.36	5070.8	
300.57	4191.5	
300.78	4191.5	
300.99	5390.9	
301.2	5623.7	
301.4	3643.3	
301.61	4049.5	
301.82	5755.5	
302.03	5893.4	
302.24	4476.9	
302.45	3480.2	
302.66	5737	
302.87	6257.2	
303.08	3682.9	
303.29	5022.3	
303.49	5193	
303.7	5511.8	
303.91	3240.6	
304.12	4845.5	
304.33	4963.6	
304.54	5485.1	
304.75	3741.6	
304.96	3573	
305.16	5799.2	
305.37	6571.2	
305.58	3203.7	
305.79	3390.1	
306	5802.6	
306.21	4853	
306.42	3686.3	
306.63	5625.8	
306.83	5341.1	
307.04	6072.9	
307.25	4021.5	
307.46	3999	
307.67	4676.9	
307.88	5867.4	
308.09	3598.3	
308.29	3756	
308.5	5583.4	
308.71	6103.6	
308.92	3966.2	
309.13	3571.7	
309.34	5436.7	
309.55	5420.3	
309.75	4648.2	
309.96	4235.9	
310.17	5928.9	
310.38	5150.6	
310.59	4449.6	
310.8	3450.8	
311.01	5330.2	
311.21	5362.9	
311.42	3510.2	
311.63	3627.6	
311.84	5194.3	
312.05	5591	
312.26	4081.6	
312.46	4469.4	
312.67	5253	
312.88	5038.7	
313.09	3544.4	
313.3	3461.7	
313.51	6260	
313.71	6670.2	
313.92	3549.8	
314.13	3710.2	
314.34	5570.5	
314.55	5363.6	
314.76	4556.7	
314.96	3990.1	
315.17	5500.2	
315.38	6035.4	
315.59	3575.8	
315.8	3446	
316.01	6376.7	
316.21	6394.4	
316.42	3484.3	
316.63	3971.7	
316.84	5278.3	
317.05	6165.8	
317.26	4122.6	
317.46	3822.2	
317.67	5375.2	
317.88	5867.4	
318.09	4501.4	
318.3	3343	
318.5	5178.6	
318.71	5760.9	
318.92	5843.5	
319.13	4154	
319.34	5998.5	
319.54	6118	
319.75	3330	
319.96	3190.7	
320.17	5856.5	
320.38	6067.4	
320.58	3257.6	
320.79	3930.1	
321	6034	
321.21	6211.5	
321.42	3964.9	
321.62	3231	
321.83	5103.5	
322.04	5506.3	
322.25	3779.9	
322.46	3613.3	
322.66	5603.9	
322.87	5776	
323.08	4440.7	
323.29	3545.7	
323.5	6588.3	
323.7	4997.7	
323.91	4885.1	
324.12	4414.1	
324.33	5546.6	
324.53	5773.2	
324.74	4263.9	
324.95	4436.6	
325.16	4844.8	
325.37	5289.2	
325.57	3556.6	
325.78	3691.8	
325.99	5521.3	
326.2	5003.9	
326.4	5300.1	
326.61	3319.8	
326.82	5472.2	
327.03	5632.6	
327.24	5066	
327.44	4867.3	
327.65	5726.1	
327.86	4672.8	
328.07	4143.7	
328.27	3439.9	
328.48	6192.4	
328.69	5093.3	
328.9	5228.5	
329.1	3898	
329.31	5385.5	
329.52	6294.8	
329.73	3570.3	
329.93	4056.3	
330.14	5509	
330.35	5754.1	
330.56	5894.1	
330.76	4438.6	
330.97	5288.5	
331.18	5694	
331.39	4036.5	
331.59	3207.8	
331.8	6042.2	
332.01	6241.5	
332.22	3719.8	
332.42	4287.1	
332.63	5588.2	
332.84	5257.1	
333.05	4025.6	
333.25	3689.1	
333.46	5225.7	
333.67	5532.9	
333.88	3712.3	
334.08	4160.1	
334.29	7335.8	
334.5	6187.6	
334.7	3497.9	
334.91	5182.7	
335.12	5030.5	
335.33	5943.2	
335.53	3973.1	
335.74	5915.2	
335.95	5306.3	
336.16	5048.2	
336.36	3999.7	
336.57	4603.8	
336.78	5016.8	
336.98	6117.3	
337.19	4898.7	
337.4	3916.4	
337.61	6619.7	
337.81	5038.7	
338.02	3669.3	
338.23	4704.9	
338.43	6275.7	
338.64	5153.4	
338.85	3620.1	
339.05	4759.5	
339.26	6337.1	
339.47	4953.4	
339.68	3593.5	
339.88	5311.1	
340.09	5711.8	
340.3	5966.4	
340.5	4278.9	
340.71	3218	
340.92	4901.5	
341.13	6235.4	
341.33	3484.3	
341.54	4216.1	
341.75	5718.6	
341.95	5378.6	
342.16	4030.4	
342.37	4359.4	
342.57	5076.9	
342.78	5424.4	
342.99	4526	
343.19	3233.7	
343.4	5888.6	
343.61	5754.8	
343.81	3851.5	
344.02	3537.5	
344.23	5891.3	
344.43	6349.4	
344.64	4465.9	
344.85	4385.4	
345.06	5735	
345.26	6173.9	
345.47	4208.6	
345.68	4903.5	
345.88	4846.9	
346.09	5957.5	
346.3	4286.4	
346.5	3217.4	
346.71	5466	
346.92	5177.3	
347.12	3291.8	
347.33	4152.6	
347.54	6046.3	
347.74	6455.9	
347.95	4152.6	
348.16	3037.8	
348.36	5247.6	
348.57	4966.3	
348.78	4104.8	
348.98	4400.4	
349.19	5454.4	
349.39	4909	
349.6	3279.5	
349.81	3671.3	
350.01	5749.3	
350.22	5182	
350.43	3964.9	
350.63	4809.3	
350.84	5563.6	
351.05	5308.3	
351.25	3613.3	
351.46	3303.4	
351.67	6092	
351.87	5138.4	
352.08	3859.1	
352.29	4441.4	
352.49	5929.6	
352.7	6055.8	
352.9	3488.4	
353.11	4420.9	
353.32	6605.4	
353.52	5303.6	
353.73	3464.5	
353.94	4438.6	
354.14	5859.2	
354.35	5628.5	
354.55	3585.3	
354.76	4018.8	
354.97	5785.5	
355.17	5591.6	
355.38	3402.4	
355.59	4767.7	
355.79	5209.3	
356	5655.1	
356.2	4028.4	
356.41	3540.3	
356.62	4969.1	
356.82	5448.3	
357.03	4261.8	
357.24	3817.4	
357.44	5229.8	
357.65	5399.8	
357.85	5177.9	
358.06	4050.2	
358.27	4962.9	
358.47	5194.3	
358.68	3382.6	
358.88	4293.2	
359.09	5786.2	
359.3	6271.6	
359.5	5076.2	
359.71	4485.1	
359.91	6664.8	
360.12	5964.4	
360.33	4317.1	
360.53	4751.3	
360.74	5283.1	
360.94	5374.6	
361.15	4540.3	
361.36	3747.1	
361.56	6057.9	
361.77	5533.6	
361.97	5112.4	
362.18	4011.3	
362.38	6135	
362.59	5154.1	
362.8	3661.1	
363	3566.9	
363.21	4992.9	
363.41	5769.1	
363.62	4255.7	
363.83	5329.5	
364.03	5774.6	
364.24	6735.8	
364.44	5435.3	
364.65	5325.4	
364.85	5614.8	
365.06	5433.3	
365.27	3934.1	
365.47	4001	
365.68	6543.9	
365.88	5541.1	
366.09	4312.3	
366.29	4052.2	
366.5	5901.6	
366.71	6252.4	
366.91	5435.3	
367.12	4558.8	
367.32	6898.2	
367.53	6098.9	
367.73	4463.9	
367.94	5556.8	
368.14	6044.2	
368.35	7029.3	
368.56	4460.5	
368.76	4287.8	
368.97	6135	
369.17	7910.6	
369.38	4011.3	
369.58	4216.8	
369.79	5277.6	
369.99	6502.3	
370.2	5357.5	
370.4	4437.9	
370.61	5890	
370.82	7201.3	
371.02	4274.1	
371.23	3613.3	
371.43	5203.2	
371.64	6558.3	
371.84	4352.6	
372.05	5569.8	
372.25	7942	
372.46	6328.2	
372.66	4418.2	
372.87	4365.6	
373.07	6410.8	
373.28	7937.9	
373.48	5506.3	
373.69	5124	
373.9	5853.1	
374.1	5995.1	
374.31	5431.9	
374.51	4896.7	
374.72	6835.4	
374.92	5614.8	
375.13	5605.3	
375.33	4812	
375.54	6387.6	
375.74	5792.3	
375.95	4842.1	
376.15	6220.4	
376.36	6378.7	
376.56	6243.6	
376.77	4975.2	
376.97	5502.2	
377.18	7545.4	
377.38	6519.4	
377.59	5879	
377.79	4541.7	
378	6350.1	
378.2	6871.6	
378.41	4625	
378.61	4568.3	
378.82	6879.8	
379.02	6068.8	
379.23	4769.7	
379.43	6006	
379.64	6997.2	
379.84	6617	
380.05	4661.2	
380.25	4580.6	
380.46	6709.1	
380.66	6337.1	
380.87	6046.3	
381.07	6366.5	
381.28	7284.6	
381.48	6650.4	
381.69	4606.6	
381.89	4717.8	
382.1	5586.2	
382.3	6814.3	
382.51	5717.9	
382.71	6696.2	
382.91	6640.9	
383.12	7156.3	
383.32	5010	
383.53	5236	
383.73	6503	
383.94	6277.7	
384.14	5130.2	
384.35	4222.2	
384.55	6156.9	
384.76	6660	
384.96	4950.6	
385.17	5230.5	
385.37	6559	
385.58	5872.2	
385.78	5344.5	
385.98	4175.8	
386.19	6163.7	
386.39	6451.8	
386.6	4766.3	
386.8	4973.2	
387.01	6642.9	
387.21	6653.9	
387.42	5427.1	
387.62	6051.7	
387.83	6029.9	
388.03	6694.1	
388.23	5141.1	
388.44	6003.3	
388.64	5769.1	
388.85	5888.6	
389.05	5489.9	
389.26	6109.8	
389.46	7731.1	
389.67	7215.7	
389.87	5507.7	
390.07	5550.7	
390.28	6395.1	
390.48	6030.6	
390.69	4862.6	
390.89	5139	
391.1	6213.5	
391.3	7170.6	
391.5	6326.9	
391.71	7032	
391.91	6864.1	
392.12	7957.7	
392.32	6360.3	
392.53	5540.4	
392.73	6292	
392.93	6468.2	
393.14	5240.8	
393.34	6244.9	
393.55	6810.2	
393.75	6389.7	
393.95	5192.3	
394.16	5167	
394.36	6253.1	
394.57	6868.9	
394.77	4681	
394.98	5188.2	
395.18	6274.3	
395.38	6551.5	
395.59	6163	
395.79	5100.8	
396	6478.4	
396.2	7010.2	
396.4	6003.3	
396.61	6023.1	
396.81	7174.7	
397.02	6476.4	
397.22	6275	
397.42	6323.4	
397.63	7228.6	
397.83	6480.5	
398.04	5175.9	
398.24	5829.9	
398.44	7011.6	
398.65	6127.5	
398.85	5098.8	
399.05	5180.7	
399.26	6555.5	
399.46	8310.7	
399.67	5718.6	
399.87	5421	
400.07	7015	
400.28	7327.6	
400.48	5547.9	
400.69	6701.6	
400.89	7660.1	
401.09	8044.4	
401.3	5525.4	
401.5	6650.4	
401.7	8439	
401.91	8501.8	
402.11	5782.1	
402.32	5935	
402.52	7614.3	
402.72	7505.8	
402.93	6182.1	
403.13	4948.6	
403.33	8252.6	
403.54	6855.9	
403.74	5795.1	
403.94	6729.6	
404.15	6924.9	
404.35	8202.8	
404.56	5578	
404.76	7455.3	
404.96	7550.9	
405.17	7288	
405.37	7172	
405.57	6228.6	
405.78	7687.4	
405.98	6961.7	
406.18	5699.5	
406.39	6631.3	
406.59	7587	
406.79	7226.6	
407	5518.6	
407.2	5689.9	
407.4	7763.8	
407.61	7985.7	
407.81	5834.7	
408.01	7748.1	
408.22	6882.5	
408.42	9002.2	
408.62	7226.6	
408.83	6726.9	
409.03	7860.1	
409.23	7572	
409.44	6893.5	
409.64	7285.3	
409.84	8873.8	
410.05	8908	
410.25	7142.6	
410.45	6945.3	
410.66	8475.9	
410.86	11084	
411.06	7622.5	
411.27	7441	
411.47	10940	
411.67	8762.6	
411.88	7655.3	
412.08	8129.1	
412.28	9451.4	
412.49	9951.1	
412.69	7696.9	
412.89	7746.1	
413.09	9846	
413.3	9695.1	
413.5	7817.1	
413.7	7468.9	
413.91	8946.9	
414.11	9913.5	
414.31	7836.9	
414.52	8224	
414.72	9608.4	
414.92	9541.5	
415.12	7781.6	
415.33	8347.5	
415.53	9988.6	
415.73	10261	
415.94	8733.9	
416.14	8188.5	
416.34	9080.7	
416.55	8836.3	
416.75	9514.2	
416.95	8910.7	
417.15	10198	
417.36	10828	
417.56	9811.1	
417.76	8788.5	
417.97	10544	
418.17	10322	
418.37	8259.5	
418.57	8432.2	
418.78	10038	
418.98	9576.3	
419.18	9319.6	
419.38	9214.5	
419.59	9714.2	
419.79	9222	
419.99	8252.6	
420.2	8654.7	
420.4	10227	
420.6	10401	
420.8	8196	
421.01	7983.7	
421.21	10107	
421.41	10308	
421.61	8555.7	
421.82	8270.4	
422.02	9598.8	
422.22	10492	
422.42	9099.1	
422.63	8556.4	
422.83	9669.8	
423.03	10824	
423.23	8646.5	
423.44	7512.6	
423.64	9832.3	
423.84	9269.8	
424.04	8069.7	
424.25	7733.1	
424.45	10561	
424.65	10386	
424.85	7417.1	
425.06	8182.3	
425.26	10485	
425.46	9561.3	
425.66	8625.4	
425.87	8176.2	
426.07	10277	
426.27	10096	
426.47	8354.3	
426.67	7645.8	
426.88	10454	
427.08	9991.4	
427.28	8676.6	
427.48	7539.9	
427.69	8809.7	
427.89	9520.3	
428.09	8572.1	
428.29	7714.7	
428.5	10210	
428.7	9774.3	
428.9	7663.5	
429.1	8157.1	
429.3	9721	
429.51	10237	
429.71	7937.9	
429.91	8810.4	
430.11	10209	
430.31	10391	
430.52	8339.3	
430.72	8789.9	
430.92	10811	
431.12	10190	
431.32	8133.8	
431.53	8447.9	
431.73	9237	
431.93	10874	
432.13	7882.6	
432.33	7914.7	
432.54	9647.3	
432.74	10152	
432.94	7948.8	
433.14	8871.8	
433.34	10195	
433.55	9887.6	
433.75	9002.9	
433.95	10875	
434.15	10081	
434.35	9936.7	
434.56	8177.5	
434.76	7834.2	
434.96	10085	
435.16	10527	
435.36	8163.9	
435.56	9424.1	
435.77	9950.4	
435.97	10031	
436.17	10305	
436.37	9537.4	
436.57	9994.8	
436.78	9982.5	
436.98	11178	
437.18	9908.1	
437.38	10863	
437.58	10012	
437.78	10127	
437.99	8627.4	
438.19	10570	
438.39	11389	
438.59	8596	
438.79	7980.9	
438.99	11250	
439.2	10106	
439.4	8153	
439.6	8238.3	
439.8	10558	
440	11716	
440.2	9518.3	
440.4	9532.6	
440.61	11270	
440.81	11838	
441.01	8904.6	
441.21	9809.8	
441.41	11802	
441.61	11194	
441.81	10167	
442.02	11243	
442.22	12325	
442.42	11428	
442.62	9083.4	
442.82	9019.3	
443.02	11744	
443.22	11028	
443.43	9574.9	
443.63	9197.4	
443.83	10729	
444.03	10854	
444.23	10606	
444.43	10028	
444.63	11305	
444.83	12309	
445.04	9294.4	
445.24	10698	
445.44	11276	
445.64	11476	
445.84	9897.2	
446.04	10108	
446.24	10639	
446.44	11726	
446.65	9086.8	
446.85	9587.9	
447.05	10578	
447.25	11608	
447.45	9529.9	
447.65	8948.9	
447.85	10944	
448.05	10514	
448.25	10168	
448.46	9882.8	
448.66	11069	
448.86	10777	
449.06	8918.9	
449.26	10104	
449.46	11459	
449.66	10414	
449.86	9721.7	
450.06	9570.8	
450.26	10693	
450.47	11393	
450.67	9789.3	
450.87	10238	
451.07	11310	
451.27	11320	
451.47	9190.6	
451.67	9953.1	
451.87	10940	
452.07	11925	
452.27	9538.1	
452.47	9368.8	
452.67	11184	
452.88	11880	
453.08	8707.3	
453.28	10939	
453.48	12714	
453.68	11021	
453.88	9586.5	
454.08	9755.2	
454.28	11712	
454.48	11349	
454.68	10436	
454.88	10895	
455.08	11897	
455.28	11882	
455.48	9431.6	
455.68	10253	
455.89	12651	
456.09	12297	
456.29	9968.1	
456.49	10282	
456.69	12609	
456.89	11966	
457.09	10912	
457.29	11488	
457.49	12275	
457.69	12567	
457.89	10888	
458.09	10210	
458.29	12167	
458.49	12957	
458.69	11338	
458.89	10757	
459.09	13464	
459.29	13446	
459.49	10797	
459.69	11716	
459.9	12701	
460.1	12536	
460.3	10723	
460.5	10590	
460.7	13043	
460.9	12656	
461.1	10302	
461.3	11809	
461.5	13811	
461.7	13354	
461.9	11199	
462.1	11474	
462.3	13124	
462.5	13765	
462.7	11210	
462.9	11471	
463.1	14876	
463.3	14689	
463.5	11748	
463.7	12908	
463.9	13568	
464.1	14025	
464.3	12284	
464.5	12276	
464.7	14283	
464.9	14251	
465.1	13794	
465.3	12735	
465.5	14704	
465.7	14913	
465.9	13229	
466.1	12806	
466.3	14883	
466.5	14405	
466.7	14235	
466.9	12811	
467.1	14738	
467.3	15664	
467.5	14308	
467.7	13056	
467.9	15951	
468.1	16849	
468.3	13761	
468.5	14291	
468.7	14762	
468.9	14871	
469.1	13444	
469.3	14314	
469.5	16971	
469.7	14571	
469.9	13705	
470.1	13306	
470.3	14962	
470.5	14898	
470.7	14554	
470.9	13268	
471.1	14791	
471.3	14864	
471.5	13164	
471.69	15046	
471.89	14477	
472.09	13937	
472.29	13974	
472.49	14093	
472.69	14237	
472.89	14967	
473.09	13055	
473.29	12781	
473.49	14261	
473.69	14340	
473.89	13934	
474.09	13178	
474.29	15716	
474.49	15306	
474.69	13945	
474.89	13222	
475.09	14453	
475.29	14357	
475.49	12524	
475.69	12888	
475.88	15852	
476.08	14532	
476.28	12358	
476.48	12710	
476.68	14969	
476.88	14745	
477.08	12624	
477.28	13078	
477.48	14158	
477.68	14889	
477.88	12500	
478.08	12781	
478.28	15338	
478.48	14419	
478.67	12950	
478.87	12053	
479.07	15274	
479.27	14560	
479.47	13060	
479.67	13174	
479.87	15012	
480.07	15596	
480.27	12440	
480.47	13977	
480.67	14454	
480.87	15374	
481.06	12630	
481.26	13486	
481.46	14627	
481.66	14482	
481.86	13271	
482.06	14291	
482.26	14289	
482.46	15264	
482.66	13018	
482.86	12735	
483.05	14767	
483.25	14119	
483.45	15761	
483.65	13182	
483.85	14356	
484.05	14693	
484.25	13706	
484.45	14506	
484.65	15667	
484.84	15847	
485.04	13288	
485.24	13345	
485.44	16053	
485.64	14347	
485.84	12813	
486.04	14241	
486.24	14849	
486.44	15282	
486.63	12905	
486.83	13790	
487.03	14932	
487.23	15373	
487.43	13021	
487.63	15669	
487.83	15393	
488.02	16466	
488.22	14343	
488.42	15028	
488.62	16339	
488.82	15193	
489.02	13825	
489.22	14170	
489.41	16098	
489.61	15941	
489.81	13678	
490.01	13725	
490.21	16158	
490.41	16849	
490.61	13616	
490.8	13661	
491	15614	
491.2	14709	
491.4	14252	
491.6	13462	
491.8	15374	
491.99	15621	
492.19	13125	
492.39	13754	
492.59	16255	
492.79	16282	
492.99	14851	
493.18	13918	
493.38	16499	
493.58	17604	
493.78	14873	
493.98	14476	
494.18	16395	
494.37	16212	
494.57	15610	
494.77	15431	
494.97	17192	
495.17	17677	
495.37	15173	
495.56	15519	
495.76	17929	
495.96	17525	
496.16	16604	
496.36	15498	
496.55	17615	
496.75	17293	
496.95	15989	
497.15	15866	
497.35	17636	
497.54	17903	
497.74	15672	
497.94	17514	
498.14	18576	
498.34	18514	
498.53	15568	
498.73	16416	
498.93	17370	
499.13	18149	
499.33	16474	
499.52	16780	
499.72	18300	
499.92	18325	
500.12	16085	
500.32	16293	
500.51	18447	
500.71	18349	
500.91	17299	
501.11	16745	
501.31	18458	
501.5	18687	
501.7	17511	
501.9	16418	
502.1	17989	
502.29	18411	
502.49	16855	
502.69	17150	
502.89	18180	
503.09	18172	
503.28	15505	
503.48	15615	
503.68	17098	
503.88	17443	
504.07	16728	
504.27	15898	
504.47	17639	
504.67	17598	
504.86	16440	
505.06	16130	
505.26	17010	
505.46	18740	
505.65	15750	
505.85	15891	
506.05	16733	
506.25	17273	
506.44	14770	
506.64	15825	
506.84	16463	
507.04	17415	
507.23	14828	
507.43	15383	
507.63	18208	
507.83	16447	
508.02	15220	
508.22	14790	
508.42	18518	
508.62	16096	
508.81	14928	
509.01	15694	
509.21	15848	
509.4	16236	
509.6	15312	
509.8	14690	
510	16302	
510.19	17865	
510.39	14732	
510.59	14889	
510.79	16339	
510.98	17756	
511.18	14904	
511.38	15093	
511.57	16993	
511.77	17013	
511.97	15743	
512.17	14601	
512.36	17101	
512.56	16913	
512.76	14699	
512.95	14635	
513.15	17172	
513.35	15868	
513.55	15741	
513.74	14907	
513.94	17201	
514.14	16606	
514.33	15940	
514.53	15899	
514.73	16625	
514.92	16902	
515.12	15422	
515.32	15253	
515.51	17163	
515.71	17804	
515.91	17131	
516.11	15355	
516.3	19024	
516.5	16952	
516.7	15926	
516.89	16704	
517.09	17025	
517.29	17060	
517.48	16408	
517.68	15631	
517.88	16880	
518.07	17365	
518.27	16381	
518.47	15280	
518.66	18123	
518.86	16674	
519.06	15128	
519.25	15538	
519.45	16906	
519.65	18742	
519.84	16205	
520.04	16987	
520.24	18865	
520.43	17447	
520.63	15703	
520.83	15623	
521.02	16738	
521.22	17363	
521.42	16035	
521.61	16618	
521.81	16958	
522.01	17079	
522.2	16116	
522.4	15818	
522.6	17826	
522.79	16749	
522.99	16176	
523.18	15596	
523.38	17944	
523.58	18025	
523.77	17950	
523.97	15776	
524.17	20162	
524.36	19191	
524.56	17374	
524.76	17134	
524.95	18559	
525.15	18129	
525.34	17012	
525.54	17139	
525.74	18912	
525.93	17892	
526.13	18445	
526.33	17166	
526.52	19513	
526.72	19028	
526.91	18740	
527.11	17949	
527.31	19654	
527.5	20121	
527.7	17972	
527.89	16987	
528.09	18643	
528.29	19480	
528.48	18258	
528.68	17944	
528.87	19645	
529.07	19381	
529.27	17653	
529.46	17097	
529.66	18908	
529.85	19434	
530.05	16906	
530.25	17692	
530.44	20543	
530.64	19164	
530.83	17568	
531.03	17986	
531.23	19686	
531.42	19547	
531.62	18976	
531.81	17892	
532.01	20081	
532.21	20783	
532.4	18090	
532.6	18609	
532.79	21424	
532.99	20584	
533.18	18729	
533.38	19669	
533.58	20189	
533.77	20857	
533.97	18694	
534.16	19593	
534.36	21052	
534.55	20210	
534.75	19841	
534.95	18702	
535.14	21074	
535.34	20205	
535.53	18456	
535.73	20508	
535.92	21595	
536.12	20245	
536.31	18546	
536.51	19713	
536.71	20370	
536.9	20157	
537.1	18503	
537.29	18846	
537.49	20904	
537.68	20039	
537.88	19315	
538.07	18482	
538.27	20458	
538.46	21429	
538.66	18549	
538.86	18938	
539.05	20308	
539.25	20806	
539.44	19249	
539.64	18543	
539.83	20102	
540.03	21171	
540.22	18516	
540.42	18389	
540.61	20192	
540.81	20426	
541	18879	
541.2	19621	
541.39	19632	
541.59	20089	
541.78	19224	
541.98	18045	
542.18	19320	
542.37	19007	
542.57	18059	
542.76	18871	
542.96	18834	
543.15	19594	
543.35	18045	
543.54	17292	
543.74	19565	
543.93	19241	
544.13	17554	
544.32	18785	
544.52	19441	
544.71	18458	
544.91	16621	
545.1	17888	
545.3	18469	
545.49	19285	
545.69	16569	
545.88	17134	
546.08	20373	
546.27	19835	
546.47	17733	
546.66	16941	
546.86	19372	
547.05	20003	
547.24	17105	
547.44	17124	
547.63	18250	
547.83	19400	
548.02	17590	
548.22	17542	
548.41	18150	
548.61	19424	
548.8	16702	
549	16748	
549.19	18482	
549.39	18927	
549.58	16438	
549.78	17015	
549.97	18869	
550.17	18314	
550.36	17806	
550.55	18893	
550.75	18383	
550.94	19321	
551.14	16644	
551.33	16864	
551.53	17800	
551.72	18840	
551.92	17050	
552.11	16741	
552.31	18754	
552.5	18736	
552.69	18387	
552.89	16301	
553.08	18712	
553.28	18413	
553.47	16746	
553.67	18006	
553.86	19400	
554.06	17499	
554.25	15786	
554.44	16523	
554.64	20127	
554.83	19557	
555.03	16462	
555.22	16875	
555.42	18792	
555.61	18419	
555.8	16574	
556	16685	
556.19	17568	
556.39	18786	
556.58	16571	
556.78	16500	
556.97	18512	
557.16	18125	
557.36	17776	
557.55	16298	
557.75	17283	
557.94	18988	
558.13	16278	
558.33	15996	
558.52	18871	
558.72	17717	
558.91	15938	
559.1	16222	
559.3	17320	
559.49	16883	
559.69	15649	
559.88	16544	
560.07	17944	
560.27	18384	
560.46	16849	
560.66	16836	
560.85	17716	
561.04	16784	
561.24	15864	
561.43	15849	
561.63	17189	
561.82	17389	
562.01	17232	
562.21	16328	
562.4	17816	
562.59	19175	
562.79	16169	
562.98	15884	
563.18	17914	
563.37	19392	
563.56	16724	
563.76	15962	
563.95	17331	
564.14	17344	
564.34	16478	
564.53	16032	
564.73	17949	
564.92	18346	
565.11	16548	
565.31	15927	
565.5	18535	
565.69	17544	
565.89	16266	
566.08	16497	
566.27	18346	
566.47	18938	
566.66	17038	
566.85	15724	
567.05	17783	
567.24	17343	
567.44	15827	
567.63	17456	
567.82	18118	
568.02	17922	
568.21	16071	
568.4	16396	
568.6	17941	
568.79	17835	
568.98	15747	
569.18	15993	
569.37	17832	
569.56	19770	
569.76	16268	
569.95	16997	
570.14	17847	
570.34	17802	
570.53	15328	
570.72	15422	
570.91	17967	
571.11	17240	
571.3	15799	
571.49	16708	
571.69	17208	
571.88	16827	
572.07	16318	
572.27	16211	
572.46	16880	
572.65	17959	
572.85	15711	
573.04	16006	
573.23	18249	
573.43	17476	
573.62	15517	
573.81	16273	
574	17656	
574.2	17510	
574.39	16035	
574.58	16095	
574.78	18695	
574.97	17885	
575.16	16506	
575.36	16748	
575.55	18237	
575.74	18387	
575.93	15548	
576.13	16920	
576.32	17577	
576.51	18131	
576.71	16100	
576.9	17432	
577.09	18613	
577.28	17963	
577.48	16681	
577.67	15582	
577.86	17752	
578.05	18321	
578.25	16348	
578.44	16407	
578.63	17835	
578.83	19164	
579.02	15616	
579.21	17382	
579.4	18168	
579.6	17957	
579.79	16495	
579.98	18822	
580.17	18667	
580.37	18744	
580.56	16275	
580.75	17043	
580.94	19483	
581.14	19123	
581.33	17834	
581.52	16554	
581.71	18807	
581.91	19479	
582.1	16303	
582.29	17036	
582.48	18628	
582.68	18602	
582.87	17611	
583.06	17183	
583.25	19045	
583.45	18844	
583.64	17951	
583.83	18766	
584.02	18571	
584.21	19080	
584.41	17806	
584.6	17200	
584.79	18738	
584.98	19560	
585.18	16599	
585.37	16604	
585.56	18116	
585.75	19061	
585.94	16670	
586.14	17406	
586.33	19280	
586.52	18410	
586.71	16988	
586.91	16587	
587.1	17517	
587.29	18829	
587.48	16240	
587.67	16229	
587.87	17869	
588.06	17879	
588.25	17014	
588.44	16091	
588.63	16896	
588.83	17279	
589.02	14707	
589.21	14385	
589.4	15578	
589.59	15269	
589.78	12687	
589.98	12858	
590.17	14193	
590.36	14655	
590.55	11828	
590.74	12616	
590.94	15814	
591.13	14285	
591.32	12355	
591.51	11986	
591.7	14922	
591.89	14269	
592.09	12186	
592.28	12667	
592.47	13614	
592.66	15600	
592.85	12302	
593.05	12630	
593.24	14440	
593.43	15320	
593.62	12996	
593.81	13478	
594	14678	
594.19	15003	
594.39	12741	
594.58	12740	
594.77	14835	
594.96	15487	
595.15	12529	
595.34	13160	
595.54	14786	
595.73	13977	
595.92	11940	
596.11	13209	
596.3	15530	
596.49	14191	
596.68	12928	
596.88	13724	
597.07	15330	
597.26	14207	
597.45	12652	
597.64	14026	
597.83	14482	
598.02	15268	
598.22	12766	
598.41	13719	
598.6	15198	
598.79	14629	
598.98	13060	
599.17	14067	
599.36	15199	
599.55	16601	
599.74	15486	
599.94	15242	
600.13	16031	
600.32	14860	
600.51	13245	
600.7	13480	
600.89	16753	
601.08	16954	
601.27	13404	
601.47	14429	
601.66	16216	
601.85	16956	
602.04	14231	
602.23	14275	
602.42	15446	
602.61	16203	
602.8	14166	
602.99	13896	
603.18	15907	
603.37	16271	
603.57	14646	
603.76	15244	
603.95	17017	
604.14	16683	
604.33	14229	
604.52	14626	
604.71	16272	
604.9	15884	
605.09	15184	
605.28	15071	
605.47	16995	
605.66	16409	
605.86	14853	
606.05	14429	
606.24	16791	
606.43	15369	
606.62	14592	
606.81	15461	
607	16748	
607.19	16012	
607.38	13982	
607.57	14313	
607.76	15681	
607.95	15225	
608.14	14610	
608.33	15345	
608.52	15745	
608.72	16620	
608.91	13801	
609.1	13707	
609.29	15831	
609.48	15249	
609.67	14671	
609.86	13617	
610.05	15211	
610.24	15690	
610.43	13551	
610.62	13192	
610.81	16771	
611	16573	
611.19	13676	
611.38	14444	
611.57	15759	
611.76	17244	
611.95	13344	
612.14	13206	
612.33	15563	
612.52	15040	
612.71	14027	
612.9	13099	
613.09	14750	
613.28	17217	
613.47	13623	
613.66	14628	
613.85	15885	
614.04	15166	
614.24	13753	
614.43	12995	
614.62	15884	
614.81	15890	
615	14272	
615.19	14364	
615.38	15139	
615.57	15560	
615.76	14179	
615.95	15141	
616.14	15801	
616.33	15566	
616.52	14500	
616.71	14881	
616.9	15995	
617.09	15795	
617.28	14044	
617.47	15274	
617.66	15124	
617.85	15105	
618.04	15070	
618.22	14485	
618.41	15680	
618.6	16678	
618.79	14473	
618.98	14268	
619.17	17086	
619.36	15284	
619.55	14448	
619.74	14489	
619.93	16266	
620.12	15687	
620.31	15156	
620.5	15313	
620.69	16982	
620.88	17491	
621.07	15971	
621.26	15068	
621.45	16674	
621.64	16713	
621.83	15202	
622.02	14340	
622.21	16589	
622.4	16496	
622.59	15910	
622.78	15567	
622.97	15978	
623.16	17173	
623.35	14999	
623.54	14360	
623.72	16223	
623.91	16369	
624.1	15270	
624.29	13952	
624.48	17388	
624.67	16596	
624.86	15222	
625.05	14203	
625.24	17392	
625.43	15743	
625.62	16874	
625.81	14373	
626	16725	
626.19	16073	
626.38	15077	
626.56	14255	
626.75	15599	
626.94	16264	
627.13	14581	
627.32	13216	
627.51	16023	
627.7	17292	
627.89	13142	
628.08	14431	
628.27	14825	
628.46	15274	
628.65	13460	
628.83	13211	
629.02	15665	
629.21	15065	
629.4	14145	
629.59	14338	
629.78	15246	
629.97	16131	
630.16	14566	
630.35	13891	
630.54	16590	
630.72	16341	
630.91	13857	
631.1	14444	
631.29	15778	
631.48	16081	
631.67	14588	
631.86	13965	
632.05	15469	
632.24	15526	
632.42	13614	
632.61	14331	
632.8	15640	
632.99	15205	
633.18	14495	
633.37	14803	
633.56	15897	
633.75	15674	
633.93	14404	
634.12	14172	
634.31	16840	
634.5	16597	
634.69	14274	
634.88	14602	
635.07	15765	
635.25	16287	
635.44	15177	
635.63	15506	
635.82	15697	
636.01	15057	
636.2	14986	
636.39	14663	
636.57	16821	
636.76	16374	
636.95	13980	
637.14	15516	
637.33	16079	
637.52	17109	
637.7	13764	
637.89	14838	
638.08	15711	
638.27	17169	
638.46	14745	
638.65	15075	
638.83	16987	
639.02	15300	
639.21	14496	
639.4	15182	
639.59	15873	
639.78	15391	
639.96	13913	
640.15	13721	
640.34	15531	
640.53	15524	
640.72	13484	
640.91	13648	
641.09	14934	
641.28	16186	
641.47	13757	
641.66	14543	
641.85	15679	
642.03	15811	
642.22	14205	
642.41	13726	
642.6	14939	
642.79	14100	
642.97	13272	
643.16	14058	
643.35	14764	
643.54	14321	
643.73	12904	
643.91	13627	
644.1	13835	
644.29	14546	
644.48	12511	
644.67	12612	
644.85	13578	
645.04	13807	
645.23	11691	
645.42	11956	
645.6	12923	
645.79	14058	
645.98	11413	
646.17	10413	
646.36	12178	
646.54	12727	
646.73	11893	
646.92	10608	
647.11	12137	
647.29	13231	
647.48	10605	
647.67	10337	
647.86	13402	
648.05	13721	
648.23	11177	
648.42	12494	
648.61	13119	
648.8	12989	
648.98	11004	
649.17	11501	
649.36	12670	
649.55	12179	
649.73	11137	
649.92	11895	
650.11	12538	
650.3	12734	
650.48	11161	
650.67	10869	
650.86	13019	
651.05	11931	
651.23	10997	
651.42	11055	
651.61	12471	
651.79	12529	
651.98	11448	
652.17	11026	
652.36	13001	
652.54	11915	
652.73	10913	
652.92	10744	
653.11	12964	
653.29	12889	
653.48	9921.7	
653.67	11045	
653.85	12441	
654.04	13504	
654.23	10922	
654.42	10371	
654.6	11588	
654.79	12263	
654.98	9724.4	
655.16	10394	
655.35	11146	
655.54	11125	
655.73	9914.9	
655.91	9962.7	
656.1	12595	
656.29	11478	
656.47	9738.8	
656.66	11521	
656.85	11819	
657.03	11962	
657.22	10469	
657.41	10715	
657.59	12141	
657.78	11946	
657.97	10256	
658.16	11085	
658.34	12829	
658.53	13187	
658.72	12073	
658.9	12565	
659.09	12340	
659.28	12467	
659.46	10995	
659.65	10892	
659.84	12239	
660.02	12857	
660.21	10833	
660.4	10796	
660.58	13286	
660.77	12717	
660.96	11493	
661.14	10415	
661.33	13804	
661.52	13634	
661.7	10488	
661.89	14262	
662.08	12190	
662.26	11851	
662.45	10694	
662.64	10757	
662.82	12865	
663.01	12108	
663.2	10815	
663.38	11570	
663.57	12889	
663.75	12658	
663.94	11107	
664.13	12378	
664.31	12058	
664.5	12851	
664.69	11237	
664.87	11830	
665.06	11838	
665.25	12612	
665.43	12112	
665.62	12147	
665.8	12966	
665.99	12197	
666.18	11111	
666.36	11241	
666.55	12889	
666.74	12805	
666.92	10631	
667.11	12317	
667.29	12197	
667.48	12826	
667.67	12030	
667.85	11056	
668.04	12155	
668.22	12262	
668.41	11011	
668.6	11233	
668.78	11999	
668.97	12125	
669.15	11384	
669.34	10262	
669.53	11884	
669.71	12313	
669.9	10559	
670.08	11093	
670.27	12014	
670.46	12545	
670.64	11417	
670.83	11665	
671.01	11781	
671.2	12372	
671.38	10514	
671.57	10372	
671.76	13033	
671.94	13732	
672.13	10342	
672.31	11354	
672.5	12602	
672.69	11937	
672.87	10534	
673.06	10985	
673.24	12432	
673.43	11970	
673.61	11219	
673.8	10810	
673.98	12650	
674.17	12921	
674.36	11503	
674.54	11172	
674.73	12302	
674.91	12551	
675.1	10970	
675.28	10468	
675.47	12105	
675.65	12705	
675.84	10733	
676.03	11106	
676.21	11895	
676.4	11398	
676.58	11592	
676.77	11351	
676.95	13323	
677.14	11773	
677.32	10430	
677.51	10148	
677.69	12573	
677.88	11417	
678.06	10243	
678.25	10383	
678.44	12061	
678.62	11731	
678.81	10078	
678.99	11072	
679.18	12880	
679.36	12529	
679.55	10563	
679.73	11219	
679.92	12349	
680.1	11815	
680.29	11880	
680.47	10575	
680.66	11677	
680.84	12545	
681.03	9852.1	
681.21	10901	
681.4	11838	
681.58	11452	
681.77	10334	
681.95	10123	
682.14	12438	
682.32	12922	
682.51	11151	
682.69	9781.8	
682.88	11402	
683.06	12064	
683.25	10720	
683.43	11073	
683.62	11561	
683.8	11985	
683.99	10997	
684.17	10106	
684.36	12355	
684.54	10675	
684.73	8563.2	
684.91	8609.7	
685.1	10475	
685.28	9850	
685.46	8951	
685.65	9119.6	
685.83	10563	
686.02	9960.6	
686.2	8440.4	
686.39	8682	
686.57	9807.7	
686.76	11416	
686.94	8588.5	
687.13	8744.8	
687.31	10593	
687.5	10213	
687.68	8268.3	
687.86	9641.2	
688.05	11766	
688.23	9739.5	
688.42	9609.1	
688.6	8925	
688.79	10226	
688.97	10180	
689.16	9258.2	
689.34	8126.3	
689.52	10919	
689.71	11049	
689.89	9455.5	
690.08	8594	
690.26	10098	
690.45	10086	
690.63	9292.3	
690.81	8460.8	
691	9613.8	
691.18	9607	
691.37	8462.2	
691.55	10702	
691.74	9381.1	
691.92	11417	
692.1	8423.3	
692.29	7901.7	
692.47	9768.8	
692.66	8983.8	
692.84	8236.2	
693.02	8894.3	
693.21	9331.2	
693.39	9875.3	
693.58	9155.1	
693.76	8684.8	
693.94	11370	
694.13	11192	
694.31	8928.5	
694.5	10159	
694.68	10206	
694.86	10694	
695.05	9521	
695.23	9872.6	
695.42	11076	
695.6	13441	
695.78	9962	
695.97	8991.3	
696.15	10903	
696.34	10116	
696.52	8421.2	
696.7	9312.1	
696.89	10290	
697.07	9624.8	
697.25	8998.8	
697.44	10570	
697.62	9981.8	
697.81	10406	
697.99	8542.8	
698.17	9019.9	
698.36	9271.8	
698.54	9951.8	
698.72	8950.3	
698.91	7793.2	
699.09	9503.9	
699.28	9470.5	
699.46	8474.5	
699.64	8385.1	
699.83	9458.9	
700.01	10718	
700.19	9318.9	
700.38	7827.3	
700.56	10959	
700.74	9850.7	
700.93	8386.4	
701.11	9395.4	
701.29	10521	
701.48	11645	
701.66	8733.9	
701.84	8870.4	
702.03	9940.2	
702.21	10800	
702.39	8273.1	
702.58	8882	
702.76	10371	
702.94	10497	
703.13	8171.4	
703.31	10813	
703.49	9715.6	
703.68	10705	
703.86	8436.9	
704.04	9476.6	
704.23	10407	
704.41	10690	
704.59	8611.7	
704.78	9812.5	
704.96	11559	
705.14	10824	
705.33	8439.7	
705.51	9434.3	
705.69	10200	
705.87	11079	
706.06	9668.5	
706.24	8542.8	
706.42	10628	
706.61	10886	
706.79	9763.3	
706.97	8602.2	
707.16	10127	
707.34	10672	
707.52	9716.9	
707.7	8877.9	
707.89	10353	
708.07	9998.9	
708.25	9633.6	
708.44	9962	
708.62	10191	
708.8	11234	
708.98	10046	
709.17	8955.1	
709.35	10556	
709.53	10551	
709.72	8660.9	
709.9	8815.1	
710.08	10875	
710.26	10871	
710.45	10207	
710.63	8775.5	
710.81	10344	
710.99	10363	
711.18	9411.8	
711.36	8784.4	
711.54	9983.8	
711.72	10626	
711.91	8680	
712.09	7851.9	
712.27	9897.2	
712.45	10611	
712.64	8557.8	
712.82	7491.5	
713	8863.6	
713.18	8856.1	
713.37	7068.9	
713.55	8148.2	
713.73	9272.5	
713.91	7577.5	
714.1	6828.6	
714.28	6100.2	
714.46	8355.7	
714.64	7342.7	
714.83	5210	
715.01	6029.2	
715.19	7288	
715.37	6526.2	
715.55	5626.5	
715.74	5863.3	
715.92	8026.7	
716.1	6056.5	
716.28	6996.5	
716.47	6057.2	
716.65	6750.1	
716.83	6878.4	
717.01	5840.1	
717.19	5990.3	
717.38	8993.3	
717.56	6612.2	
717.74	6507.8	
717.92	5643.5	
718.1	8200.7	
718.29	7509.9	
718.47	5566.4	
718.65	6241.5	
718.83	8502.5	
719.01	8480.6	
719.2	5688.6	
719.38	6835.4	
719.56	8125	
719.74	9716.2	
719.92	6214.2	
720.11	7277.1	
720.29	7899.7	
720.47	6916.7	
720.65	5487.9	
720.83	6265.4	
721.02	7038.9	
721.2	6817.7	
721.38	6197.2	
721.56	5444.9	
721.74	6257.2	
721.92	6456.6	
722.11	6749.4	
722.29	6351.4	
722.47	7716.7	
722.65	6870.9	
722.83	5429.8	
723.01	6352.8	
723.2	7028.6	
723.38	7318.1	
723.56	4911	
723.74	6024.4	
723.92	6492.1	
724.1	7638.2	
724.29	5375.9	
724.47	6575.3	
724.65	6493.4	
724.83	6483.2	
725.01	5302.2	
725.19	6317.3	
725.37	6601.3	
725.56	6737.8	
725.74	5219.6	
725.92	5494.7	
726.1	6549.4	
726.28	6838.2	
726.46	5903.6	
726.64	5546.6	
726.83	6808.8	
727.01	7141.3	
727.19	5179.3	
727.37	6066.8	
727.55	6929.6	
727.73	7445.7	
727.91	5252.4	
728.09	5150.6	
728.28	7619.8	
728.46	8376.2	
728.64	6494.8	
728.82	6424.5	
729	9017.9	
729.18	8325.7	
729.36	5924.1	
729.54	8288.8	
729.72	9640.5	
729.91	7841	
730.09	8096.3	
730.27	6871.6	
730.45	7892.9	
730.63	8673.8	
730.81	7631.4	
730.99	6648.4	
731.17	9194.7	
731.35	7718.8	
731.53	7159	
731.71	6665.5	
731.9	8845.2	
732.08	9083.4	
732.26	6903.7	
732.44	6468.2	
732.62	8993.3	
732.8	8452.6	
732.98	7200	
733.16	6320.7	
733.34	8523	
733.52	7296.9	
733.7	6873.7	
733.88	7226.6	
734.07	8338	
734.25	8193.9	
734.43	6445.6	
734.61	8091.5	
734.79	9870.5	
734.97	8071	
735.15	6584.9	
735.33	7030.7	
735.51	8493.6	
735.69	8199.4	
735.87	8232.2	
736.05	7294.9	
736.23	8352.3	
736.41	8221.9	
736.59	7182.2	
736.77	7370	
736.95	9048.6	
737.13	8447.9	
737.32	6919.4	
737.5	7204.8	
737.68	9530.6	
737.86	8372.1	
738.04	6772.6	
738.22	8671.1	
738.4	8129.1	
738.58	8443.8	
738.76	7427.3	
738.94	6356.9	
739.12	8452.6	
739.3	8351.6	
739.48	8202.8	
739.66	7959.8	
739.84	8690.9	
740.02	8843.8	
740.2	6583.5	
740.38	6995.2	
740.56	9264.3	
740.74	7918.1	
740.92	7752.9	
741.1	7512.6	
741.28	8497	
741.46	8383.7	
741.64	7139.2	
741.82	7725.6	
742	8489.5	
742.18	8580.3	
742.36	7322.2	
742.54	7047.1	
742.72	9154.4	
742.9	7864.9	
743.08	7778.9	
743.26	6581.5	
743.44	9338.1	
743.62	9269.1	
743.8	7966.6	
743.98	6939.9	
744.16	8908	
744.34	8561.2	
744.52	7877.2	
744.7	7759.8	
744.88	9068.4	
745.06	8467	
745.24	7763.2	
745.42	7834.8	
745.6	9007.6	
745.78	8794	
745.96	6587.6	
746.14	6836.8	
746.32	9727.2	
746.5	8922.3	
746.68	7384.3	
746.86	6812.2	
747.03	9404.3	
747.21	7608.9	
747.39	7340.6	
747.57	6842.3	
747.75	8487.5	
747.93	8956.4	
748.11	6765.1	
748.29	6781.5	
748.47	10152	
748.65	8242.4	
748.83	7574.8	
749.01	7262.8	
749.19	8770.1	
749.37	7885.4	
749.55	7103	
749.73	7261.4	
749.91	8340.7	
750.09	8142.7	
750.26	7355.6	
750.44	6653.2	
750.62	8453.3	
750.8	8323.6	
750.98	6501.6	
751.16	6785.6	
751.34	8438.3	
751.52	7767.9	
751.7	7630.7	
751.88	6499.6	
752.06	8901.2	
752.24	8699.8	
752.42	6376	
752.59	6804.7	
752.77	8262.9	
752.95	9655.5	
753.13	7589.8	
753.31	6922.1	
753.49	7989.8	
753.67	8435.6	
753.85	7171.3	
754.03	6694.1	
754.21	8587.1	
754.38	9005.6	
754.56	6741.2	
754.74	5701.5	
754.92	7580.2	
755.1	8206.2	
755.28	5326.1	
755.46	5053	
755.64	8170.7	
755.82	8127.7	
755.99	4760.2	
756.17	4734.2	
756.35	5236.7	
756.53	6808.1	
756.71	3461.1	
756.89	4343.7	
757.07	6368.5	
757.25	5509.7	
757.42	5207.3	
757.6	6165.8	
757.78	6817	
757.96	5724.1	
758.14	5032.5	
758.32	4456.4	
758.5	5178.6	
758.67	5997.8	
758.85	4545.8	
759.03	4734.2	
759.21	6124.8	
759.39	5562.3	
759.57	4176.5	
759.75	5482.4	
759.92	6845.7	
760.1	6189.6	
760.28	5945.9	
760.46	6232.7	
760.64	6100.2	
760.82	5920.7	
760.99	5952.8	
761.17	5168.4	
761.35	7114.6	
761.53	6094.8	
761.71	5500.2	
761.89	6265.4	
762.06	7191.1	
762.24	6771.9	
762.42	5759.6	
762.6	5648.3	
762.78	6939.2	
762.96	6901	
763.13	6296.1	
763.31	6070.9	
763.49	7875.1	
763.67	7039.6	
763.85	6937.2	
764.02	7585	
764.2	8227.4	
764.38	7347.4	
764.56	6055.2	
764.74	6907.1	
764.91	8387.8	
765.09	7219.1	
765.27	5732.3	
765.45	5539.1	
765.63	8335.2	
765.8	8372.8	
765.98	5210.7	
766.16	5552	
766.34	6794.5	
766.52	6508.4	
766.69	6528.2	
766.87	5393	
767.05	7245.7	
767.23	7964.6	
767.41	5674.9	
767.58	5967.8	
767.76	7786.4	
767.94	7823.9	
768.12	5765	
768.29	6560.3	
768.47	7243.7	
768.65	7919.5	
768.83	5312.4	
769	6414.9	
769.18	6728.9	
769.36	7452.6	
769.54	6275.7	
769.72	5250.3	
769.89	7673.7	
770.07	7774.8	
770.25	5576.6	
770.43	6877.1	
770.6	8450.6	
770.78	8821.3	
770.96	5726.1	
771.14	6369.2	
771.31	7435.5	
771.49	6815.6	
771.67	4814.1	
771.85	5066	
772.02	5993.7	
772.2	6778.8	
772.38	5799.8	
772.55	5238.7	
772.73	6953.5	
772.91	6790.4	
773.09	5598.5	
773.26	5706.3	
773.44	6909.8	
773.62	6556.9	
773.8	5058.5	
773.97	4790.9	
774.15	6979.5	
774.33	6458.6	
774.5	4977.2	
774.68	5284.4	
774.86	7094.2	
775.04	6502.3	
775.21	4982.7	
775.39	4993.6	
775.57	6786.3	
775.74	7149.5	
775.92	4775.9	
776.1	4727.4	
776.27	6677.1	
776.45	7953.6	
776.63	4918.5	
776.81	4376.5	
776.98	6312.5	
777.16	7381.6	
777.34	4979.3	
777.51	5051	
777.69	6229.9	
777.87	6022.4	
778.04	4980	
778.22	5705	
778.4	6038.8	
778.57	6741.9	
778.75	4182.6	
778.93	4525.3	
779.1	5760.9	
779.28	5618.9	
779.46	4174.4	
779.64	4687.1	
779.81	6787	
779.99	7684	
780.17	5540.4	
780.34	5642.2	
780.52	6170.5	
780.69	6283.9	
780.87	4961.5	
781.05	4444.1	
781.22	6169.2	
781.4	6242.2	
781.58	4584	
781.75	3709.6	
781.93	6189.6	
782.11	5556.8	
782.28	5498.1	
782.46	4547.9	
782.64	5436	
782.81	6383.5	
782.99	4655.7	
783.17	4510.3	
783.34	6130.9	
783.52	5469.4	
783.69	4788.2	
783.87	5599.1	
784.05	5531.6	
784.22	5433.3	
784.4	5527.5	
784.58	4780	
784.75	6348.7	
784.93	5454.4	
785.1	4388.1	
785.28	5099.4	
785.46	6048.3	
785.63	5424.4	
785.81	4411.3	
785.99	4197	
786.16	5584.1	
786.34	6053.1	
786.51	4255.7	
786.69	4670.1	
786.87	5124	
787.04	5685.8	
787.22	4149.2	
787.39	5063.3	
787.57	5333.6	
787.75	6481.8	
787.92	5326.1	
788.1	5218.2	
788.27	5379.3	
788.45	5121.3	
788.63	4915.1	
788.8	3661.8	
788.98	5735	
789.15	5107.6	
789.33	3737.5	
789.5	4434.5	
789.68	6306.4	
789.86	6378.7	
790.03	4825.7	
790.21	4188.8	
790.38	6218.3	
790.56	5425.8	
790.73	4012	
790.91	4102.8	
791.09	5286.5	
791.26	6057.9	
791.44	4262.5	
791.61	3720.5	
791.79	5279.7	
791.96	5310.4	
792.14	3838.6	
792.32	3358	
792.49	5250.3	
792.67	5436.7	
792.84	3930.1	
793.02	3681.6	
793.19	5742.5	
793.37	6516.6	
793.54	3383.9	
793.72	3739.6	
793.89	6667.5	
794.07	5238.7	
794.25	4413.4	
794.42	3466.5	
794.6	6404.7	
794.77	5948	
794.95	4689.8	
795.12	4013.3	
795.3	5269.4	
795.47	5871.5	
795.65	4464.6	
795.82	4294.6	
796	5018.9	
796.17	7032.7	
796.35	4123.2	
796.52	4891.9	
796.7	5760.9	
796.87	5859.2	
797.05	5136.3	
797.22	4968.4	
797.4	5823.1	
797.57	6890.7	
797.75	4301.4	
797.92	4020.2	
798.1	6148.7	
798.27	5257.1	
798.45	3433.8	
798.62	3731.4	
798.8	5521.3	
798.97	6037.4	
799.15	4547.9	
799.32	4207.2	
799.5	4759.5	
799.67	5531.6	
799.85	4616.8	
800.02	3412.6	
800.2	5177.3	
800.37	5517.9	
800.55	4724	
800.72	4020.8	
800.9	5958.2	
801.07	6475	
801.25	5324	
801.42	4390.2	
801.6	6056.5	
801.77	5724.8	
801.95	4040	
802.12	3889.8	
802.29	5698.8	
802.47	5636	
802.64	4354.7	
802.82	3266.5	
802.99	5147.2	
803.17	6176.7	
803.34	4237.2	
803.52	3871.3	
803.69	6805.4	
803.87	4857.1	
804.04	4165.6	
804.21	4311	
804.39	6229.2	
804.56	5330.9	
804.74	3575.8	
804.91	4346.5	
805.09	5109	
805.26	5270.8	
805.44	3607.2	
805.61	4002.4	
805.78	5740.5	
805.96	5874.9	
806.13	4396.3	
806.31	4671.4	
806.48	4711.7	
806.66	5265.3	
806.83	4343.1	
807	4278.9	
807.18	5088.5	
807.35	5512.4	
807.53	4199.7	
807.7	3315.7	
807.87	6307.7	
808.05	5154.1	
808.22	4629.8	
808.4	3304.7	
808.57	5142.4	
808.74	4777.9	
808.92	3795.6	
809.09	4865.3	
809.27	5048.2	
809.44	5646.9	
809.61	3375.1	
809.79	3815.4	
809.96	6244.9	
810.14	5948	
810.31	3252.2	
810.48	4073.4	
810.66	5281	
810.83	6006.7	
811.01	3810.6	
811.18	4306.9	
811.35	5839.4	
811.53	4573.8	
811.7	4661.9	
811.87	4353.3	
812.05	5111.7	
812.22	5064.6	
812.39	3696.6	
812.57	3573.7	
812.74	5146.5	
812.92	6900.3	
813.09	4033.8	
813.26	4461.8	
813.44	6571.9	
813.61	5027.1	
813.78	3324.5	
813.96	4539.7	
814.13	5105.6	
814.3	4818.9	
814.48	4903.5	
814.65	4077.5	
814.82	6436.8	
815	4941.1	
815.17	4090.5	
815.34	5124.7	
815.52	5045.5	
815.69	5059.2	
815.87	4126	
816.04	3528.7	
816.21	5197.7	
816.38	4519.9	
816.56	3952.6	
816.73	3749.1	
816.9	6467.5	
817.08	5906.3	
817.25	3723.2	
817.42	4693.9	
817.6	4685.1	
817.77	5145.2	
817.94	4209.9	
818.12	3696.6	
818.29	4833.2	
818.46	7772	
818.64	3806.5	
818.81	3646.1	
818.98	4801.8	
819.16	7014.3	
819.33	4501.4	
819.5	4115.1	
819.67	5520	
819.85	6273.6	
820.02	4065.2	
820.19	4313	
820.37	5373.2	
820.54	4936.3	
820.71	4179.9	
820.88	5216.2	
821.06	5397.8	
821.23	4900.1	
821.4	4192.9	
821.58	4202.4	
821.75	5912.5	
821.92	5228.5	
822.09	3399.6	
822.27	3637.2	
822.44	5156.1	
822.61	5027.1	
822.79	3420.1	
822.96	6534.4	
823.13	5643.5	
823.3	4786.1	
823.48	3960.8	
823.65	3521.8	
823.82	5883.8	
823.99	4644.1	
824.17	5044.1	
824.34	3610.6	
824.51	6787	
824.68	5239.4	
824.86	3790.1	
825.03	4207.2	
825.2	5130.2	
825.37	6311.2	
825.55	3736.9	
825.72	4150.5	
825.89	6926.2	
826.06	6328.9	
826.24	4024.3	
826.41	4067.9	
826.58	6335.7	
826.75	5452.4	
826.92	3257.6	
827.1	3579.2	
827.27	8617.9	
827.44	6824.5	
827.61	3888.4	
827.79	4692.6	
827.96	4885.8	
828.13	5197.7	
828.3	4037.2	
828.47	3326.6	
828.65	5371.8	
828.82	5318.6	
828.99	5208	
829.16	4566.3	
829.34	5763.7	
829.51	5480.4	
829.68	4179.9	
829.85	4375.8	
830.02	6056.5	
830.2	5810.8	
830.37	3177.8	
830.54	5113.1	
830.71	6665.5	
830.88	5072.8	
831.05	3281.5	
831.23	3753.9	
831.4	6273.6	
831.57	7012.2	
831.74	3885	
831.91	3374.4	
832.09	5369.8	
832.26	5764.3	
832.43	3979.2	
832.6	4527.4	
832.77	5386.8	
832.94	6195.1	
833.12	3134.1	
833.29	3951.9	
833.46	5576.6	
833.63	7290.1	
833.8	4364.2	
833.97	4063.9	
834.15	5803.3	
834.32	5535	
834.49	4174.4	
834.66	4239.3	
834.83	5987.6	
835	4817.5	
835.17	3847.5	
835.35	3831.7	
835.52	5608	
835.69	5516.5	
835.86	4072	
836.03	3342.3	
836.2	5692.7	
836.37	5390.3	
836.55	3921.2	
836.72	3775.8	
836.89	5327.4	
837.06	5742.5	
837.23	4137.6	
837.4	4496.7	
837.57	6602.7	
837.75	7333.8	
837.92	3689.8	
838.09	3910.3	
838.26	5296	
838.43	6113.9	
838.6	4229.7	
838.77	3784.6	
838.94	6888.7	
839.11	6674.3	
839.29	3967.6	
839.46	3132	
839.63	5698.1	
839.8	5500.8	
839.97	3827.7	
840.14	3880.2	
840.31	5541.1	
840.48	5829.9	
840.65	3214.6	
840.82	3816	
841	5777.3	
841.17	5710.4	
841.34	3572.3	
841.51	3599.6	
841.68	5715.2	
841.85	5388.9	
842.02	3772.4	
842.19	3057.6	
842.36	5498.8	
842.53	5522.7	
842.7	3547.8	
842.87	4367	
843.05	7270.3	
843.22	5408	
843.39	3402.4	
843.56	3679.5	
843.73	5198.4	
843.9	5818.3	
844.07	5840.8	
844.24	4851.6	
844.41	8523	
844.58	4967.7	
844.75	3423.5	
844.92	3777.1	
845.09	5752.7	
845.26	5674.9	
845.43	3513.6	
845.6	3747.1	
845.77	5736.4	
845.94	5464	
846.12	3951.9	
846.29	4151.2	
846.46	5931.6	
846.63	5728.9	
846.8	3537.5	
846.97	4226.3	
847.14	6243.6	
847.31	5637.4	
847.48	4084.3	
847.65	4436.6	
847.82	6032	
847.99	6027.2	
848.16	4749.9	
848.33	4396.3	
848.5	5281.7	
848.67	6209.4	
848.84	3482.2	
849.01	3714.3	
849.18	5174.5	
849.35	4859.8	
849.52	4489.8	
849.69	3452.9	
849.86	5865.4	
850.03	6156.2	
850.2	3564.8	
850.37	4401.1	
850.54	6135	
850.71	5365	
850.88	4188.8	
851.05	3492.5	
851.22	5666.7	
851.39	6284.5	
851.56	3345	
851.73	4084.3	
851.9	5001.8	
852.07	6002.6	
852.24	3914.4	
852.41	3538.9	
852.58	5624.4	
852.75	5062.6	
852.92	4003.8	
853.09	3487	
853.26	5357.5	
853.43	6214.9	
853.6	3535.5	
853.77	3031	
853.94	6343.9	
854.11	5741.1	
854.28	5295.4	
854.44	3830.4	
854.61	6777.4	
854.78	5813.5	
854.95	3538.9	
855.12	4490.5	
855.29	4606.6	
855.46	6534.4	
855.63	3497.2	
855.8	4956.1	
855.97	5315.8	
856.14	6112.5	
856.31	5078.3	
856.48	3871.3	
856.65	5297.4	
856.82	4980.7	
856.99	3371	
857.16	3796.9	
857.33	7008.8	
857.49	5382.1	
857.66	3786	
857.83	4141.7	
858	5360.2	
858.17	5524.7	
858.34	3351.2	
858.51	3534.8	
858.68	6438.8	
858.85	6431.3	
859.02	4063.9	
859.19	4393.6	
859.36	5005.9	
859.52	5135.6	
859.69	3546.4	
859.86	4177.2	
860.03	5085.1	
860.2	6322.1	
860.37	3226.2	
860.54	3575.8	
860.71	5956.2	
860.88	6421.1	
861.05	3992.2	
861.21	4519.2	
861.38	6436.8	
861.55	4909.7	
861.72	3231	
861.89	3953.3	
862.06	5985.5	
862.23	6524.8	
862.4	3467.9	
862.56	3689.1	
862.73	5935.7	
862.9	5537.7	
863.07	4143	
863.24	3183.9	
863.41	4921.3	
863.58	5020.9	
863.75	3654.3	
863.91	4086.4	
864.08	6393.8	
864.25	5858.6	
864.42	4451.6	
864.59	4968.4	
864.76	6711.2	
864.93	4989.5	
865.09	3496.6	
865.26	3775.8	
865.43	6211.5	
865.6	6645	
865.77	3085.6	
865.94	3463.8	
866.1	6339.1	
866.27	6012.8	
866.44	5333.6	
866.61	3321.8	
866.78	5455.1	
866.95	5866.1	
867.11	3398.3	
867.28	3104.7	
867.45	6079.1	
867.62	5081	
867.79	4046.8	
867.96	3590.1	
868.12	4997	
868.29	5936.4	
868.46	3573.7	
868.63	4761.5	
868.8	6218.3	
868.97	5908.4	
869.13	3762.8	
869.3	3712.3	
869.47	5855.1	
869.64	6062	
869.81	3521.1	
869.97	3543	
870.14	5662	
870.31	6432	
870.48	3434.4	
870.65	4477.5	
870.81	5357.5	
870.98	5298.1	
871.15	4001.7	
871.32	3691.8	
871.48	5745.9	
871.65	6463.4	
871.82	3502.7	
871.99	3883.6	
872.16	6967.9	
872.32	6214.2	
872.49	3539.6	
872.66	3592.8	
872.83	5942.5	
872.99	5219.6	
873.16	4036.5	
873.33	3523.2	
873.5	5545.2	
873.67	5612.1	
873.83	3725.3	
874	4716.5	
874.17	5723.4	
874.34	6858.6	
874.5	4601.1	
874.67	4399	
874.84	6411.5	
875.01	5047.6	
875.17	5026.4	
875.34	3541.6	
875.51	5670.8	
875.68	6896.2	
875.84	4246.1	
876.01	5268.1	
876.18	5935.7	
876.34	5896.1	
876.51	3607.8	
876.68	3484.3	
876.85	5395	
877.01	6262	
877.18	5102.9	
877.35	3491.1	
877.52	5558.2	
877.68	4954	
877.85	3414	
878.02	3549.8	
878.18	5530.2	
878.35	5225.1	
878.52	2826.9	
878.69	3958	
878.85	5935.7	
879.02	5896.1	
879.19	5063.3	
879.35	3756.7	
879.52	5932.3	
879.69	6143.9	
879.86	2998.9	
880.02	3976.5	
880.19	5399.1	
880.36	6633.4	
880.52	4053.6	
880.69	4227	
880.86	5988.9	
881.02	6046.3	
881.19	3906.8	
881.36	3823.6	
881.52	5948.7	
881.69	5173.9	
881.86	3792.2	
882.02	3751.9	
882.19	6176	
882.36	7307.2	
882.52	3596.9	
882.69	4986.8	
882.86	5692	
883.02	5572.5	
883.19	4334.9	
883.36	4052.9	
883.52	6001.9	
883.69	6872.3	
883.86	3612.6	
884.02	3143.6	
884.19	6025.8	
884.36	5543.9	
884.52	4070.7	
884.69	3811.3	
884.86	5279.7	
885.02	6651.1	
885.19	3921.2	
885.36	4042	
885.52	5521.3	
885.69	5725.4	
885.86	5180	
886.02	4515.1	
886.19	5952.1	
886.35	5418.9	
886.52	3917.1	
886.69	4970.4	
886.85	5009.3	
887.02	6324.8	
887.19	6324.8	
887.35	6324.8	
887.52	6324.8	
887.68	6324.8	
887.85	6324.8	
888.02	6324.8	
888.18	6324.8	
888.35	6324.8	
888.51	6324.8	
888.68	6324.8	
888.85	6324.8	
889.01	6324.8	
889.18	6324.8	
889.35	6324.8	
889.51	6324.8	
889.68	6324.8	
889.84	6324.8	
890.01	6324.8	
890.17	6324.8	
890.34	6324.8	
890.51	6324.8	
890.67	6324.8	
890.84	6324.8	
891	6324.8	
891.17	6324.8	
891.34	6324.8	
891.5	6324.8	
891.67	6324.8	
891.83	6324.8	
892	6324.8	
892.16	6324.8	
892.33	6324.8	
892.5	6324.8	
892.66	6324.8	
892.83	6324.8	
892.99	6324.8	
893.16	6324.8	
893.32	6324.8	
893.49	6324.8	
893.65	6324.8	
893.82	6324.8	
893.99	6324.8	
894.15	6324.8	
894.32	6324.8	
894.48	6324.8	
894.65	6324.8	
894.81	6324.8	
894.98	6324.8	
895.14	6324.8	
895.31	6324.8	
895.47	6324.8	
895.64	6324.8	
895.81	6324.8	
895.97	6324.8	
896.14	6324.8	
896.3	6324.8	
896.47	6324.8	
896.63	6324.8	
896.8	6324.8	
896.96	6324.8	
897.13	6324.8	
897.29	6324.8	
897.46	6324.8	
897.62	6324.8	
897.79	6324.8	
897.95	6324.8	
898.12	6324.8	
898.28	6324.8	
898.45	6324.8	
898.61	6324.8	
898.78	6324.8	
898.94	6324.8	
899.11	6324.8	
899.27	6324.8	
899.44	6324.8	
899.6	6324.8	
899.77	6324.8	
899.93	6324.8	
900.1	6324.8	
900.26	6324.8	
900.43	6324.8	
900.59	6324.8	
900.76	6324.8	
900.92	6324.8	
901.09	6324.8	
901.25	6324.8	
901.42	6324.8	
901.58	6324.8	
901.75	6324.8	
901.91	6324.8	
902.07	6324.8	
902.24	6324.8	
902.4	6324.8	
902.57	6324.8	
902.73	6324.8	
902.9	6324.8	
903.06	6324.8	
903.23	6324.8	
903.39	6324.8	
903.56	6324.8	
903.72	6324.8	
903.88	6324.8	
904.05	6324.8	
904.21	6324.8	
904.38	6324.8	
904.54	6324.8	
904.71	6324.8	
904.87	6324.8	
905.03	6324.8	
905.2	6324.8	
905.36	6324.8	
905.53	6324.8	
905.69	6324.8	
905.86	6324.8	
906.02	6324.8	
906.18	6324.8	
906.35	6324.8	
906.51	6324.8	
906.68	6324.8	
906.84	6324.8	
907.01	6324.8	
907.17	6324.8	
907.33	6324.8	
907.5	6324.8	
907.66	6324.8	
907.83	6324.8	
907.99	6324.8	
908.15	6324.8	
908.32	6324.8	
908.48	6324.8	
908.65	6324.8	
908.81	6324.8	
908.97	6324.8	
909.14	6324.8	
909.3	6324.8	
909.47	6324.8	
909.63	6324.8	
909.79	6324.8	
909.96	6324.8	
910.12	6324.8	
910.28	6324.8	
910.45	6324.8	
910.61	6324.8	
910.78	6324.8	
910.94	6324.8	
911.1	6324.8	
911.27	6324.8	
911.43	6324.8	
911.59	6324.8	
911.76	6324.8	
911.92	6324.8	
912.08	6324.8	
912.25	6324.8	
912.41	6324.8	
912.57	6324.8	
912.74	6324.8	
912.9	6324.8	
913.07	6324.8	
913.23	6324.8	
913.39	6324.8	
913.56	6324.8	
913.72	6324.8	
913.88	6324.8	
914.05	6324.8	
914.21	6324.8	
914.37	6324.8	
914.54	6324.8	
914.7	6324.8	
914.86	6324.8	
915.03	6324.8	
915.19	6324.8	
