Wavelength	Intensities	
nm	a.u.	
179.22	1929.9	
179.44	1924.4	
179.65	1935.3	
179.86	1913.5	
180.08	1911.4	
180.29	5020.3	
180.51	3517	
180.72	5696.1	
180.94	6678.4	
181.15	3326.6	
181.37	3192.1	
181.58	5561.6	
181.79	5930.2	
182.01	3410.6	
182.22	3739.6	
182.44	5883.1	
182.65	4927.4	
182.87	4683.7	
183.08	4058.4	
183.29	6182.8	
183.51	4997	
183.72	3686.3	
183.94	5472.2	
184.15	5425.8	
184.37	5496.1	
184.58	3283.6	
184.79	4508.9	
185.01	5104.9	
185.22	5867.4	
185.44	4722.6	
185.65	3967.6	
185.86	5337.7	
186.08	4950.6	
186.29	3111.5	
186.51	3440.6	
186.72	5017.5	
186.94	6012.8	
187.15	3995.6	
187.36	4096.6	
187.58	7932.5	
187.79	5552	
188.01	4282.3	
188.22	6694.8	
188.43	6749.4	
188.65	5838.8	
188.86	3394.2	
189.08	4034.5	
189.29	5301.5	
189.5	5246.2	
189.72	3779.2	
189.93	3870.7	
190.15	6014.9	
190.36	7280.5	
190.57	4227.7	
190.79	4100.7	
191	6124.8	
191.22	6141.2	
191.43	4142.4	
191.64	3408.5	
191.86	6350.8	
192.07	6100.9	
192.29	3648.1	
192.5	3850.2	
192.71	6099.5	
192.93	5177.9	
193.14	3774.4	
193.35	3894.6	
193.57	5219.6	
193.78	5997.1	
194	3009.8	
194.21	3751.9	
194.42	4951.3	
194.64	5515.2	
194.85	4143.7	
195.07	4789.5	
195.28	5535	
195.49	4748.6	
195.71	5072.1	
195.92	3521.1	
196.13	5642.8	
196.35	5819	
196.56	5477.6	
196.78	4160.1	
196.99	7179.5	
197.2	6737.1	
197.42	4751.3	
197.63	4182.6	
197.84	4911	
198.06	5715.2	
198.27	3765.5	
198.48	5104.2	
198.7	5187.5	
198.91	5422.3	
199.13	4117.8	
199.34	4109.6	
199.55	5880.4	
199.77	4782.7	
199.98	3627.6	
200.19	4166.9	
200.41	5370.5	
200.62	5111.7	
200.83	4315.1	
201.05	4661.2	
201.26	5428.5	
201.47	5128.1	
201.69	3689.1	
201.9	3506.8	
202.11	5474.2	
202.33	6475.7	
202.54	3905.5	
202.76	4387.4	
202.97	5595.1	
203.18	5573.2	
203.4	4309.6	
203.61	4212.7	
203.82	5541.8	
204.04	5139	
204.25	4206.5	
204.46	4074.8	
204.68	5477.6	
204.89	5735	
205.1	4073.4	
205.32	3500	
205.53	5860.6	
205.74	6027.9	
205.96	2954.5	
206.17	4227	
206.38	5822.4	
206.6	5997.1	
206.81	4817.5	
207.02	3825.6	
207.24	5710.4	
207.45	6224.5	
207.66	3847.5	
207.88	3368.9	
208.09	5648.3	
208.3	5485.8	
208.52	3650.2	
208.73	4023.6	
208.94	5506.3	
209.15	6213.5	
209.37	3945.1	
209.58	4207.2	
209.79	6073.6	
210.01	5237.3	
210.22	3167.5	
210.43	3295.2	
210.65	5468.8	
210.86	5939.1	
211.07	3945.1	
211.29	3579.2	
211.5	5838.8	
211.71	5425.1	
211.93	3616	
212.14	3595.6	
212.35	5390.9	
212.56	5640.1	
212.78	4189.5	
212.99	3428.3	
213.2	6477.7	
213.42	5199.1	
213.63	3717.1	
213.84	4061.1	
214.06	4896.7	
214.27	4980	
214.48	3924.6	
214.69	4188.8	
214.91	6134.3	
215.12	6290	
215.33	4261.8	
215.55	4696.7	
215.76	6783.6	
215.97	5838.1	
216.18	4095.3	
216.4	3955.3	
216.61	5156.8	
216.82	6030.6	
217.04	3620.1	
217.25	3795.6	
217.46	6170.5	
217.67	5922	
217.89	3215.3	
218.1	3372.3	
218.31	5534.3	
218.53	5679	
218.74	3816	
218.95	3717.7	
219.16	5444.2	
219.38	6449.1	
219.59	3718.4	
219.8	4476.2	
220.01	7204.1	
220.23	5442.8	
220.44	4869.4	
220.65	3627	
220.87	5516.5	
221.08	6182.8	
221.29	3345	
221.5	4507.6	
221.72	7578.2	
221.93	5222.3	
222.14	4264.6	
222.35	4930.8	
222.57	5547.9	
222.78	5877	
222.99	3972.4	
223.2	4266.6	
223.42	5807.4	
223.63	5934.3	
223.84	3023.5	
224.05	3031.7	
224.27	7093.5	
224.48	6384.9	
224.69	4941.1	
224.9	4135.5	
225.12	5673.6	
225.33	5474.9	
225.54	3326.6	
225.75	3724.6	
225.97	5012.1	
226.18	5343.8	
226.39	4003.1	
226.6	3710.9	
226.82	5231.9	
227.03	5066.7	
227.24	4185.4	
227.45	3403	
227.67	5789.6	
227.88	6436.1	
228.09	4724.7	
228.3	4669.4	
228.52	5902.2	
228.73	5492	
228.94	3816.7	
229.15	3385.3	
229.36	5345.2	
229.58	5358.2	
229.79	3888.4	
230	4571.7	
230.21	6610.8	
230.43	5598.5	
230.64	4136.2	
230.85	4304.1	
231.06	5925.5	
231.28	5872.2	
231.49	3385.3	
231.7	3959.4	
231.91	5780.7	
232.12	5523.4	
232.34	3511.6	
232.55	4032.5	
232.76	6163	
232.97	5640.8	
233.18	3635.8	
233.4	4062.5	
233.61	5700.2	
233.82	5212.8	
234.03	3745.1	
234.25	3745.1	
234.46	7601.4	
234.67	5567.7	
234.88	4289.1	
235.09	3695.2	
235.31	5844.2	
235.52	5366.4	
235.73	4048.2	
235.94	3427.6	
236.15	5201.2	
236.37	6713.9	
236.58	3636.5	
236.79	4005.1	
237	5804.6	
237.21	4948.6	
237.43	4215.4	
237.64	3382.6	
237.85	9985.9	
238.06	5086.5	
238.27	4295.3	
238.48	3475.4	
238.7	5840.8	
238.91	5317.2	
239.12	3915.7	
239.33	3974.4	
239.54	5003.9	
239.76	5387.5	
239.97	3892.5	
240.18	3904.1	
240.39	6894.8	
240.6	5764.3	
240.82	4103.4	
241.03	3358.7	
241.24	5503.6	
241.45	6364.4	
241.66	3617.4	
241.87	4283	
242.09	6217.6	
242.3	6691.4	
242.51	4341	
242.72	3997.6	
242.93	5938.4	
243.14	5380	
243.36	4567	
243.57	4981.3	
243.78	6410.8	
243.99	5881.1	
244.2	4033.8	
244.41	3620.1	
244.63	4986.8	
244.84	5839.4	
245.05	4287.8	
245.26	3947.1	
245.47	5769.1	
245.68	6027.9	
245.9	5412.1	
246.11	4158.7	
246.32	5326.8	
246.53	5758.2	
246.74	6517.3	
246.95	3372.3	
247.16	4970.4	
247.38	5582.8	
247.59	3302.7	
247.8	3938.2	
248.01	5169.1	
248.22	5466.7	
248.43	3613.3	
248.64	3844.7	
248.86	4831.2	
249.07	5258.5	
249.28	3510.2	
249.49	4041.3	
249.7	6024.4	
249.91	6255.2	
250.12	3310.9	
250.34	3353.9	
250.55	5622.4	
250.76	5536.3	
250.97	4078.9	
251.18	4129.4	
251.39	6257.2	
251.6	5664	
251.81	4194.2	
252.03	4201.7	
252.24	5207.3	
252.45	6037.4	
252.66	3450.8	
252.87	4469.4	
253.08	5538.4	
253.29	7313.3	
253.5	3448.8	
253.72	4860.5	
253.93	5304.9	
254.14	6580.8	
254.35	3702	
254.56	3857	
254.77	5752.7	
254.98	5070.8	
255.19	3732.8	
255.41	4815.5	
255.62	5564.3	
255.83	6196.5	
256.04	4293.2	
256.25	4137.6	
256.46	6813.6	
256.67	5175.9	
256.88	4103.4	
257.09	4541	
257.31	5140.4	
257.52	5162.2	
257.73	5152	
257.94	3749.1	
258.15	5208.7	
258.36	5464.7	
258.57	4800.4	
258.78	2983.2	
258.99	6052.4	
259.2	5346.6	
259.41	3807.9	
259.63	3883.6	
259.84	6366.5	
260.05	6789.7	
260.26	5034.6	
260.47	3666.5	
260.68	6027.9	
260.89	5383.4	
261.1	4532.8	
261.31	3604.4	
261.52	6069.5	
261.73	6516.6	
261.95	4931.5	
262.16	4317.1	
262.37	6251.8	
262.58	6321.4	
262.79	4871.4	
263	3897.3	
263.21	5466	
263.42	5012.1	
263.63	3887.7	
263.84	3836.5	
264.05	6055.2	
264.26	6455.2	
264.47	4739.7	
264.69	4266.6	
264.9	6151.4	
265.11	5743.2	
265.32	3672	
265.53	3761.4	
265.74	5611.4	
265.95	4924	
266.16	4069.3	
266.37	4483	
266.58	5659.9	
266.79	5337.7	
267	3720.5	
267.21	3469.9	
267.42	5038.7	
267.63	5483.1	
267.84	4000.4	
268.06	3407.8	
268.27	5905	
268.48	6240.8	
268.69	3864.5	
268.9	4635.9	
269.11	6207.4	
269.32	4951.3	
269.53	3958	
269.74	3676.1	
269.95	5877	
270.16	4891.2	
270.37	3979.9	
270.58	4608.6	
270.79	5256.5	
271	6021	
271.21	4313	
271.42	3968.3	
271.63	5636	
271.84	5107.6	
272.05	3131.3	
272.26	3639.9	
272.47	5494	
272.68	5743.9	
272.89	3819.5	
273.11	4465.3	
273.32	5298.8	
273.53	6484.6	
273.74	4311.7	
273.95	4208.6	
274.16	6198.5	
274.37	5572.5	
274.58	4373.8	
274.79	3444	
275	5644.2	
275.21	6234.7	
275.42	5202.5	
275.63	4504.8	
275.84	5702.2	
276.05	7301	
276.26	4214	
276.47	3920.5	
276.68	5275.6	
276.89	6561.7	
277.1	4538.3	
277.31	3493.2	
277.52	5809.4	
277.73	5946.6	
277.94	3449.5	
278.15	3848.1	
278.36	5722	
278.57	5169.8	
278.78	3794.2	
278.99	4319.8	
279.2	5144.5	
279.41	5076.2	
279.62	5015.5	
279.83	3579.2	
280.04	6825.9	
280.25	4946.5	
280.46	4990.9	
280.67	3960.8	
280.88	5117.9	
281.09	6150.7	
281.3	4147.1	
281.51	5360.2	
281.72	5186.1	
281.93	6000.5	
282.14	3679.5	
282.35	4005.1	
282.56	6013.5	
282.77	5964.4	
282.98	3871.3	
283.19	4666.6	
283.4	7402.7	
283.61	5457.2	
283.82	3451.5	
284.03	4886.5	
284.24	5610.8	
284.45	6158.2	
284.66	4941.1	
284.87	4761.5	
285.08	6079.1	
285.29	6269.5	
285.5	3433.8	
285.71	3906.8	
285.92	6106.4	
286.12	6831.3	
286.33	4885.8	
286.54	3861.1	
286.75	5973.2	
286.96	5344.5	
287.17	3543.7	
287.38	4848.9	
287.59	5111.7	
287.8	5042.8	
288.01	3897.3	
288.22	4531.5	
288.43	6070.9	
288.64	5032.5	
288.85	4583.4	
289.06	4450.2	
289.27	5963	
289.48	6507.1	
289.69	4944.5	
289.9	4459.8	
290.11	6135.7	
290.32	5198.4	
290.53	4764.9	
290.74	4339	
290.94	5963	
291.15	6010.1	
291.36	3740.3	
291.57	4435.9	
291.78	5235.3	
291.99	4881.7	
292.2	3583.9	
292.41	4286.4	
292.62	6102.3	
292.83	5883.1	
293.04	5341.8	
293.25	3596.9	
293.46	5301.5	
293.67	6156.2	
293.88	3742.3	
294.09	3592.1	
294.29	5011.4	
294.5	5649.7	
294.71	4052.9	
294.92	3831.7	
295.13	5276.3	
295.34	6595.8	
295.55	3331.4	
295.76	3406.5	
295.97	5931.6	
296.18	6745.3	
296.39	3503.4	
296.6	3700.7	
296.81	5552	
297.01	5958.9	
297.22	3913	
297.43	3715	
297.64	5130.8	
297.85	5115.1	
298.06	3069.9	
298.27	3368.9	
298.48	5567.7	
298.69	5223	
298.9	4040.6	
299.11	3616.7	
299.31	4989.5	
299.52	5087.2	
299.73	4330.1	
299.94	4269.3	
300.15	5514.5	
300.36	5070.8	
300.57	4233.2	
300.78	4252.9	
300.99	5403.9	
301.2	5680.4	
301.4	3676.8	
301.61	4013.3	
301.82	5846.3	
302.03	5892.7	
302.24	4546.5	
302.45	3535.5	
302.66	5776.6	
302.87	6314.6	
303.08	3713	
303.29	5141.1	
303.49	5257.1	
303.7	5552	
303.91	3276.8	
304.12	4856.4	
304.33	4995.7	
304.54	5585.5	
304.75	3757.3	
304.96	3530.7	
305.16	5830.6	
305.37	6619	
305.58	3262.4	
305.79	3385.3	
306	5866.1	
306.21	4899.4	
306.42	3764.2	
306.63	5839.4	
306.83	5322	
307.04	6106.4	
307.25	4108.9	
307.46	4159.4	
307.67	4715.8	
307.88	5956.2	
308.09	3637.9	
308.29	3855.6	
308.5	5626.5	
308.71	6154.1	
308.92	4021.5	
309.13	3618.8	
309.34	5326.1	
309.55	5461.9	
309.75	4635.9	
309.96	4259.1	
310.17	5929.6	
310.38	5134.9	
310.59	4450.2	
310.8	4261.1	
311.01	5312.4	
311.21	5362.3	
311.42	3536.8	
311.63	3710.9	
311.84	5223.7	
312.05	5669.5	
312.26	4138.3	
312.46	4516.5	
312.67	5287.2	
312.88	5072.1	
313.09	3580.5	
313.3	3517.7	
313.51	6301.6	
313.71	6746	
313.92	3525.9	
314.13	3756	
314.34	5769.1	
314.55	5360.2	
314.76	4661.2	
314.96	4032.5	
315.17	5573.9	
315.38	6005.3	
315.59	3601	
315.8	3465.2	
316.01	6469.5	
316.21	6507.1	
316.42	3515.7	
316.63	3994.9	
316.84	5394.3	
317.05	6249.7	
317.26	4240.7	
317.46	3794.9	
317.67	5455.1	
317.88	5932.3	
318.09	4564.2	
318.3	3359.4	
318.5	5190.9	
318.71	5908.4	
318.92	5881.1	
319.13	4291.9	
319.34	6025.1	
319.54	6171.9	
319.75	3367.5	
319.96	3214.6	
320.17	5869.5	
320.38	6053.8	
320.58	3256.3	
320.79	3973.7	
321	6090	
321.21	6120.7	
321.42	3949.8	
321.62	3276.1	
321.83	5114.5	
322.04	5571.2	
322.25	3768.3	
322.46	3649.5	
322.66	5614.2	
322.87	5794.4	
323.08	4507.6	
323.29	3534.1	
323.5	6615.6	
323.7	5079	
323.91	4996.4	
324.12	4491.2	
324.33	5582.1	
324.53	5812.1	
324.74	4218.1	
324.95	4528.1	
325.16	4889.9	
325.37	5363.6	
325.57	3607.2	
325.78	3644.7	
325.99	5558.9	
326.2	4990.9	
326.4	5133.6	
326.61	3354.6	
326.82	5441.5	
327.03	5656.5	
327.24	5121.3	
327.44	4896.7	
327.65	5730.2	
327.86	4651.6	
328.07	4223.6	
328.27	3468.6	
328.48	6229.9	
328.69	5076.2	
328.9	5203.2	
329.1	3836.5	
329.31	5402.5	
329.52	6384.2	
329.73	3568.2	
329.93	4124.6	
330.14	5492	
330.35	5757.5	
330.56	6051.1	
330.76	4479.6	
330.97	5295.4	
331.18	5683.1	
331.39	4001	
331.59	3263.8	
331.8	6117.3	
332.01	6222.4	
332.22	3692.5	
332.42	4252.3	
332.63	5629.2	
332.84	5216.2	
333.05	4086.4	
333.25	3652.9	
333.46	5254.4	
333.67	5534.3	
333.88	3807.9	
334.08	4248.9	
334.29	7391.1	
334.5	6243.6	
334.7	3532.7	
334.91	5180	
335.12	5017.5	
335.33	5954.8	
335.53	3969.6	
335.74	6059.3	
335.95	5280.3	
336.16	5185.5	
336.36	4002.4	
336.57	4614.8	
336.78	4964.3	
336.98	6169.8	
337.19	4999.8	
337.4	3872	
337.61	6623.1	
337.81	5012.7	
338.02	3731.4	
338.23	4844.1	
338.43	6311.2	
338.64	5148.6	
338.85	3702.7	
339.05	4790.2	
339.26	6367.1	
339.47	4977.9	
339.68	3623.5	
339.88	5386.8	
340.09	5749.3	
340.3	5990.3	
340.5	4225	
340.71	3236.5	
340.92	4941.7	
341.13	6283.2	
341.33	3515.7	
341.54	4268	
341.75	5805.3	
341.95	5369.8	
342.16	4106.2	
342.37	4437.3	
342.57	5121.3	
342.78	5456.5	
342.99	4541.7	
343.19	3274	
343.4	5967.1	
343.61	5809.4	
343.81	3846.8	
344.02	3568.2	
344.23	5954.8	
344.43	6382.8	
344.64	4481.6	
344.85	4418.2	
345.06	5790.3	
345.26	6121.4	
345.47	4226.3	
345.68	4944.5	
345.88	4844.8	
346.09	6004.6	
346.3	4344.4	
346.5	3213.3	
346.71	5549.3	
346.92	5159.5	
347.12	3258.3	
347.33	4195.6	
347.54	6080.4	
347.74	6557.6	
347.95	4150.6	
348.16	3066.5	
348.36	5284.4	
348.57	5108.3	
348.78	4105.5	
348.98	4442	
349.19	5421.7	
349.39	5007.3	
349.6	3308.2	
349.81	3619.4	
350.01	5727.5	
350.22	5184.1	
350.43	3930.1	
350.63	4835.3	
350.84	5602.6	
351.05	5295.4	
351.25	3639.9	
351.46	3282.2	
351.67	6088.6	
351.87	5162.9	
352.08	3878.2	
352.29	4435.2	
352.49	6072.2	
352.7	5591	
352.9	3511.6	
353.11	4394.3	
353.32	6660.7	
353.52	5298.1	
353.73	3440.6	
353.94	4438.6	
354.14	5754.1	
354.35	5649.7	
354.55	3565.5	
354.76	4035.2	
354.97	5789.6	
355.17	5509.7	
355.38	3358	
355.59	4750.6	
355.79	5161.6	
356	5579.3	
356.2	3941.7	
356.41	3441.3	
356.62	4838.7	
356.82	5337.7	
357.03	4218.8	
357.24	3832.4	
357.44	5161.6	
357.65	5271.5	
357.85	5097.4	
358.06	4005.8	
358.27	4817.5	
358.47	5101.5	
358.68	3259.7	
358.88	4267.3	
359.09	5714.5	
359.3	6096.8	
359.5	4952	
359.71	4319.8	
359.91	6555.5	
360.12	5917.9	
360.33	4111.6	
360.53	4709.6	
360.74	5098.1	
360.94	5193	
361.15	4367	
361.36	3607.8	
361.56	5959.6	
361.77	5414.1	
361.97	4855.1	
362.18	3769.6	
362.38	5913.9	
362.59	4977.2	
362.8	3487.7	
363	3312.9	
363.21	4752	
363.41	5464	
363.62	4036.5	
363.83	5070.8	
364.03	5496.7	
364.24	6614.9	
364.44	5160.9	
364.65	5159.5	
364.85	5292.6	
365.06	4904.9	
365.27	3667.2	
365.47	3711.6	
365.68	6263.4	
365.88	5236	
366.09	4061.8	
366.29	3759.4	
366.5	5466	
366.71	5982.1	
366.91	5110.4	
367.12	4269.3	
367.32	6537.8	
367.53	5797.1	
367.73	4164.9	
367.94	5147.2	
368.14	5769.8	
368.35	6722.1	
368.56	4149.9	
368.76	3508.9	
368.97	5872.9	
369.17	7633.5	
369.38	3662.5	
369.58	3910.3	
369.79	4874.2	
369.99	6158.9	
370.2	4905.6	
370.4	4004.5	
370.61	5589.6	
370.82	6803.4	
371.02	3900.7	
371.23	3168.2	
371.43	4717.8	
371.64	6062.7	
371.84	3903.4	
372.05	5154.1	
372.25	7529	
372.46	5886.5	
372.66	3900.7	
372.87	3809.2	
373.07	5871.5	
373.28	7546.8	
373.48	4940.4	
373.69	4601.1	
373.9	5248.3	
374.1	5341.8	
374.31	4846.2	
374.51	4377.9	
374.72	6150.7	
374.92	4957.4	
375.13	4980	
375.33	4164.2	
375.54	5644.9	
375.74	5079.6	
375.95	4212.7	
376.15	5528.2	
376.36	5649.7	
376.56	5490.6	
376.77	4225	
376.97	4746.5	
377.18	6735.1	
377.38	5703.6	
377.59	5092.6	
377.79	3623.5	
378	5464	
378.2	5899.5	
378.41	3741	
378.61	3609.2	
378.82	6032	
379.02	4991.6	
379.23	3824.9	
379.43	5073.5	
379.64	6062.7	
379.84	5647.6	
380.05	3732.1	
380.25	3562.8	
380.46	5748	
380.66	5302.2	
380.87	5118.6	
381.07	5466.7	
381.28	6386.9	
381.48	5713.2	
381.69	3764.2	
381.89	3795.6	
382.1	4666.6	
382.3	5971.2	
382.51	4895.3	
382.71	5827.8	
382.91	5885.2	
383.12	6386.9	
383.32	4170.3	
383.53	4434.5	
383.73	5627.8	
383.94	5417.6	
384.14	4352.6	
384.35	3407.1	
384.55	5390.9	
384.76	5817.6	
384.96	4149.2	
385.17	4497.3	
385.37	5795.1	
385.58	5106.3	
385.78	4475.5	
385.98	3317	
386.19	5206.6	
386.39	5650.3	
386.6	3913.7	
386.8	4201.1	
387.01	5793.7	
387.21	5832.6	
387.42	4595	
387.62	5186.1	
387.83	5014.8	
388.03	5736.4	
388.23	4173.8	
388.44	5031.9	
388.64	4705.5	
388.85	4857.8	
389.05	4566.3	
389.26	5139.7	
389.46	6802.7	
389.67	6188.3	
389.87	4403.1	
390.07	4582.7	
390.28	5403.2	
390.48	4861.2	
390.69	3590.1	
390.89	3994.9	
391.1	5108.3	
391.3	6131.6	
391.5	5263.3	
391.71	5930.9	
391.91	5784.8	
392.12	6920.1	
392.32	5276.3	
392.53	4479.6	
392.73	5221	
392.93	5375.9	
393.14	4178.5	
393.34	4988.9	
393.55	5915.2	
393.75	5380	
393.95	4218.1	
394.16	4172.4	
394.36	5108.3	
394.57	5874.3	
394.77	3636.5	
394.98	4083.6	
395.18	5049.6	
395.38	5231.9	
395.59	4962.9	
395.79	3831.7	
396	5152	
396.2	5663.3	
396.4	4702.1	
396.61	4624.3	
396.81	5832.6	
397.02	5050.3	
397.22	4936.3	
397.42	4948.6	
397.63	5808	
397.83	4919.2	
398.04	3763.5	
398.24	4264.6	
398.44	5543.9	
398.65	4563.6	
398.85	3560.7	
399.05	3671.3	
399.26	4889.2	
399.46	6756.9	
399.67	4064.5	
399.87	3748.5	
400.07	5272.8	
400.28	5649	
400.48	3828.3	
400.69	4912.4	
400.89	6333	
401.09	6305.7	
401.3	3614.7	
401.5	4896.7	
401.7	6543.3	
401.91	6821.8	
402.11	4061.8	
402.32	4407.9	
402.52	5992.4	
402.72	5842.9	
402.93	4559.5	
403.13	3354.6	
403.33	6714.6	
403.54	5433.9	
403.74	4253.6	
403.94	5221	
404.15	5493.3	
404.35	6731.7	
404.56	4053.6	
404.76	6016.2	
404.96	5928.2	
405.17	5631.2	
405.37	5452.4	
405.57	4543.8	
405.78	6001.2	
405.98	5392.3	
406.18	3987.4	
406.39	4974.5	
406.59	5884.5	
406.79	5495.4	
407	3814	
407.2	3905.5	
407.4	5941.2	
407.61	6136.4	
407.81	3853.6	
408.01	5928.2	
408.22	4718.5	
408.42	6881.2	
408.62	4892.6	
408.83	4252.9	
409.03	5288.5	
409.23	5084.4	
409.44	4376.5	
409.64	4711	
409.84	6193.7	
410.05	6016.9	
410.25	4379.2	
410.45	4169.7	
410.66	5410.7	
410.86	8043.1	
411.06	4522.6	
411.27	4428.4	
411.47	7739.3	
411.67	5601.2	
411.88	4657.8	
412.08	4878.9	
412.28	6209.4	
412.49	6767.2	
412.69	4313.7	
412.89	4296.6	
413.09	6587	
413.3	6331.6	
413.5	4371	
413.7	3988.8	
413.91	5631.9	
414.11	6484.6	
414.31	4151.2	
414.52	4604.5	
414.72	6119.3	
414.92	5995.1	
415.12	4182	
415.33	4675.5	
415.53	6437.4	
415.73	6599.9	
415.94	5089.9	
416.14	4533.5	
416.34	5274.9	
416.55	5120.6	
416.75	5739.1	
416.95	5158.2	
417.15	6306.4	
417.36	7142.6	
417.56	5897.5	
417.76	4896.7	
417.97	6782.9	
418.17	6382.2	
418.37	4511.7	
418.57	4546.5	
418.78	6147.3	
418.98	5850.4	
419.18	5439.4	
419.38	5447.6	
419.59	5830.6	
419.79	5450.3	
419.99	4407.9	
420.2	4840	
420.4	6420.4	
420.6	6608.8	
420.8	4333.5	
421.01	4220.9	
421.21	6168.5	
421.41	6434	
421.61	4811.4	
421.82	4420.2	
422.02	5638.7	
422.22	6748.1	
422.42	5265.3	
422.63	5019.6	
422.83	5825.1	
423.03	7071.6	
423.23	4952.7	
423.44	3813.3	
423.64	5941.8	
423.84	5767.1	
424.04	4380.6	
424.25	4036.5	
424.45	6931	
424.65	6913.3	
424.85	3811.3	
425.06	4452.3	
425.26	6813.6	
425.46	5403.2	
425.66	4946.5	
425.87	4681	
426.07	6646.3	
426.27	6550.8	
426.47	4760.8	
426.67	4093.2	
426.88	7022.5	
427.08	6457.2	
427.28	4980	
427.48	4020.2	
427.69	5242.1	
427.89	5945.9	
428.09	5020.9	
428.29	4213.4	
428.5	6754.9	
428.7	6150.1	
428.9	3927.3	
429.1	4571.1	
429.3	6066.1	
429.51	6477.7	
429.71	4348.5	
429.91	5097.4	
430.11	6356.9	
430.31	6578.8	
430.52	4613.4	
430.72	4838.7	
430.92	6977.4	
431.12	6403.3	
431.32	4235.9	
431.53	4776.5	
431.73	5221	
431.93	7081.9	
432.13	4094.6	
432.33	4009.9	
432.54	5694	
432.74	6094.8	
432.94	3884.3	
433.14	5008.6	
433.34	6237.4	
433.55	5711.8	
433.75	4967.7	
433.95	6763.8	
434.15	5986.2	
434.35	5730.9	
434.56	4147.1	
434.76	3493.2	
434.96	5963	
435.16	6248.4	
435.36	3985.3	
435.56	5068	
435.77	5561.6	
435.97	5729.5	
436.17	5838.8	
436.37	5035.3	
436.57	5475.6	
436.78	5401.9	
436.98	4996.4	
437.18	5622.4	
437.38	6260	
437.58	5717.9	
437.78	5797.8	
437.99	4398.4	
438.19	6343.9	
438.39	7164.5	
438.59	4328.7	
438.79	3751.2	
438.99	7036.8	
439.2	5794.4	
439.4	4051.6	
439.6	3905.5	
439.8	6079.7	
440	7229.3	
440.2	4985.4	
440.4	5022.3	
440.61	6453.1	
440.81	7021.1	
441.01	3985.3	
441.21	4951.3	
441.41	6701.6	
441.61	6350.8	
441.81	5212.8	
442.02	6352.1	
442.22	7247.1	
442.42	6524.8	
442.62	4058.4	
442.82	4147.8	
443.02	6767.2	
443.22	5780.7	
443.43	4513.7	
443.63	4029.7	
443.83	5589.6	
444.03	5735.7	
444.23	5274.9	
444.43	4906.3	
444.63	5976.7	
444.83	7277.8	
445.04	4097.3	
445.24	5459.9	
445.44	6439.5	
445.64	6492.7	
445.84	4984.8	
446.04	5020.3	
446.24	5778	
446.44	6837.5	
446.65	4222.2	
446.85	4554.7	
447.05	5982.1	
447.25	6781.5	
447.45	4671.4	
447.65	4014	
447.85	6065.4	
448.05	5700.9	
448.25	5067.4	
448.46	4947.9	
448.66	6038.8	
448.86	5766.4	
449.06	3853.6	
449.26	5117.2	
449.46	6422.4	
449.66	5477.6	
449.86	4519.2	
450.06	4532.8	
450.26	5515.9	
450.47	6265.4	
450.67	4849.6	
450.87	5179.3	
451.07	6251.1	
451.27	6067.4	
451.47	4065.2	
451.67	4627	
451.87	5647.6	
452.07	6978.1	
452.27	4248.2	
452.47	4253.6	
452.67	6069.5	
452.88	6710.5	
453.08	3651.5	
453.28	5763.7	
453.48	7171.3	
453.68	6049	
453.88	4118.5	
454.08	4461.2	
454.28	6300.2	
454.48	5967.1	
454.68	5027.1	
454.88	5564.3	
455.08	6455.9	
455.28	6158.9	
455.48	4033.1	
455.68	4629.1	
455.89	6956.9	
456.09	6563.7	
456.29	4324.6	
456.49	4315.8	
456.69	6689.3	
456.89	5923.4	
457.09	4857.1	
457.29	5216.2	
457.49	6249	
457.69	6327.5	
457.89	4627.7	
458.09	4006.5	
458.29	5892.7	
458.49	6677.7	
458.69	4975.2	
458.89	4440	
459.09	6868.9	
459.29	6993.8	
459.49	4559.5	
459.69	5392.3	
459.9	6470.9	
460.1	5885.2	
460.3	4442.7	
460.5	4185.4	
460.7	6342.6	
460.9	6098.9	
461.1	3782.6	
461.3	5187.5	
461.5	6970.6	
461.7	6598.6	
461.9	4135.5	
462.1	4691.9	
462.3	5964.4	
462.5	6581.5	
462.7	4200.4	
462.9	4345.8	
463.1	7684	
463.3	7292.8	
463.5	4472.1	
463.7	5328.8	
463.9	6176.7	
464.1	6503	
464.3	4446.1	
464.5	4828.4	
464.7	6773.3	
464.9	6254.5	
465.1	6152.1	
465.3	5119.9	
465.5	7129	
465.7	6913.3	
465.9	5308.3	
466.1	5296	
466.3	6764.4	
466.5	6654.5	
466.7	5978	
466.9	4865.3	
467.1	6496.8	
467.3	7501.7	
467.5	5950	
467.7	4751.3	
467.9	7690.8	
468.1	8651.3	
468.3	5631.2	
468.5	6043.6	
468.7	6422.4	
468.9	6469.5	
469.1	4927.4	
469.3	5737	
469.5	8518.9	
469.7	5894.7	
469.9	5487.9	
470.1	4690.5	
470.3	6409.5	
470.5	6445	
470.7	6062	
470.9	4794.3	
471.1	6145.3	
471.3	6747.4	
471.5	4584	
471.69	6694.1	
471.89	6087.9	
472.09	5681.7	
472.29	5505.6	
472.49	6038.1	
472.69	5876.3	
472.89	6840.2	
473.09	4574.5	
473.29	4803.2	
473.49	6053.1	
473.69	6269.5	
473.89	5809.4	
474.09	4914.4	
474.29	7606.8	
474.49	7234.8	
474.69	5675.6	
474.89	5062.6	
475.09	6256.5	
475.29	6199.2	
475.49	4500.8	
475.69	4722.6	
475.88	7996.6	
476.08	6599.9	
476.28	4274.8	
476.48	4975.2	
476.68	7106.5	
476.88	6943.3	
477.08	4810	
477.28	5128.8	
477.48	6460	
477.68	7176.1	
477.88	4554	
478.08	4941.7	
478.28	7467.6	
478.48	6528.2	
478.67	4980.7	
478.87	4416.8	
479.07	7207.5	
479.27	6679.8	
479.47	5306.3	
479.67	5182	
479.87	7012.2	
480.07	7513.3	
480.27	4414.7	
480.47	6234.7	
480.67	6655.9	
480.87	7281.9	
481.06	4717.8	
481.26	5614.8	
481.46	6580.8	
481.66	6492.7	
481.86	5151.3	
482.06	6264.1	
482.26	6286.6	
482.46	7361.8	
482.66	5146.5	
482.86	4711	
483.05	6584.9	
483.25	5984.2	
483.45	7717.4	
483.65	5040.7	
483.85	6235.4	
484.05	6452.5	
484.25	5625.1	
484.45	5999.9	
484.65	7504.4	
484.84	7368.6	
485.04	4943.8	
485.24	5026.4	
485.44	7644.4	
485.64	5859.9	
485.84	4186	
486.04	5698.1	
486.24	6270.2	
486.44	6681.8	
486.63	4132.1	
486.83	4960.9	
487.03	6166.4	
487.23	6285.9	
487.43	4225.6	
487.63	6685.9	
487.83	6365.8	
488.02	7422.5	
488.22	5215.5	
488.42	5838.1	
488.62	7387.7	
488.82	6121.4	
489.02	4888.5	
489.22	4819.6	
489.41	7182.2	
489.61	6658.6	
489.81	4577.9	
490.01	4636.6	
490.21	7038.2	
490.41	7685.3	
490.61	4576.5	
490.8	4691.9	
491	6501.6	
491.2	5770.5	
491.4	5390.9	
491.6	4412.7	
491.8	6454.5	
491.99	6728.9	
492.19	4237.9	
492.39	4669.4	
492.59	7005.4	
492.79	7060.7	
492.99	5472.9	
493.18	4541.7	
493.38	7096.2	
493.58	7853.3	
493.78	5294	
493.98	4816.1	
494.18	6769.2	
494.37	6220.4	
494.57	5330.9	
494.77	5259.2	
494.97	6832.7	
495.17	7078.5	
495.37	4803.2	
495.56	5130.2	
495.76	7247.8	
495.96	6864.1	
496.16	6006	
496.36	4833.2	
496.55	6984.9	
496.75	6563.7	
496.95	5279	
497.15	5040.1	
497.35	7012.9	
497.54	6920.1	
497.74	4880.3	
497.94	6636.1	
498.14	7737.2	
498.34	7527	
498.53	4508.3	
498.73	5352.7	
498.93	6247	
499.13	6857.3	
499.33	5022.3	
499.52	5387.5	
499.72	6791.7	
499.92	7288.7	
500.12	4752	
500.32	5044.8	
500.51	7082.6	
500.71	6824.5	
500.91	5847	
501.11	5454.4	
501.31	7019.1	
501.5	7547.4	
501.7	6062	
501.9	4961.5	
502.1	6870.9	
502.29	7167.2	
502.49	5493.3	
502.69	5995.1	
502.89	7086.7	
503.09	7042.3	
503.28	4607.9	
503.48	4730.8	
503.68	6242.2	
503.88	6317.3	
504.07	5753.4	
504.27	5296	
504.47	6743.3	
504.67	6926.2	
504.86	5652.4	
505.06	5377.3	
505.26	6423.8	
505.46	8381	
505.65	5280.3	
505.85	5577.3	
506.05	6315.3	
506.25	6908.5	
506.44	4656.4	
506.64	5650.3	
506.84	6312.5	
507.04	7385	
507.23	4868	
507.43	5550	
507.63	8417.2	
507.83	6649.1	
508.02	5506.3	
508.22	5141.1	
508.42	8752.3	
508.62	6350.8	
508.81	5715.2	
509.01	5929.6	
509.21	6252.4	
509.4	6475	
509.6	5634	
509.8	4909.7	
510	6516.6	
510.19	8064.9	
510.39	4939.7	
510.59	5000.5	
510.79	6281.8	
510.98	7750.2	
511.18	4978.6	
511.38	5105.6	
511.57	7193.8	
511.77	7034.8	
511.97	5924.1	
512.17	4718.5	
512.36	7211.6	
512.56	7150.8	
512.76	4814.1	
512.95	4636.6	
513.15	7301	
513.35	5852.4	
513.55	5849	
513.74	4914.4	
513.94	7288.7	
514.14	6542.6	
514.33	5841.5	
514.53	5552	
514.73	6492.1	
514.92	6685.3	
515.12	5031.9	
515.32	4813.4	
515.51	6796.5	
515.71	7454.6	
515.91	6548	
516.11	4934.9	
516.3	8526.4	
516.5	6305.7	
516.7	5575.3	
516.89	6070.2	
517.09	6520	
517.29	6380.1	
517.48	5821.7	
517.68	5184.1	
517.88	6242.2	
518.07	6836.8	
518.27	5713.8	
518.47	4717.2	
518.66	7466.2	
518.86	6003.3	
519.06	4500.8	
519.25	5018.2	
519.45	6436.1	
519.65	7954.3	
519.84	5693.4	
520.04	6361	
520.24	8360.5	
520.43	7093.5	
520.63	5373.2	
520.83	5055.8	
521.02	6234	
521.22	6992.4	
521.42	5731.6	
521.61	6350.8	
521.81	6502.3	
522.01	6702.3	
522.2	5507.7	
522.4	5330.2	
522.6	7164.5	
522.79	5866.1	
522.99	5401.9	
523.18	4539	
523.38	6854.6	
523.58	6812.9	
523.77	6584.9	
523.97	4496.7	
524.17	8730.5	
524.36	7849.2	
524.56	5824.4	
524.76	5438.7	
524.95	6722.8	
525.15	6322.1	
525.34	5177.9	
525.54	5212.1	
525.74	7094.8	
525.93	5943.9	
526.13	6427.9	
526.33	5108.3	
526.52	7291.5	
526.72	6720.1	
526.91	6373.3	
527.11	5572.5	
527.31	7373.4	
527.5	7724.9	
527.7	5416.9	
527.89	4403.1	
528.09	6163	
528.29	6713.9	
528.48	5905.7	
528.68	5530.9	
528.87	7023.9	
529.07	7191.8	
529.27	5406	
529.46	4975.2	
529.66	6802.7	
529.85	7225.9	
530.05	4753.3	
530.25	5531.6	
530.44	8178.9	
530.64	6747.4	
530.83	5154.1	
531.03	5393.7	
531.23	7036.1	
531.42	7013.6	
531.62	6191	
531.81	5248.3	
532.01	7191.8	
532.21	7651.2	
532.4	4903.5	
532.6	5234.6	
532.79	7831.4	
532.99	7105.1	
533.18	5180.7	
533.38	6352.8	
533.58	6642.2	
533.77	7434.8	
533.97	5187.5	
534.16	6027.2	
534.36	7678.5	
534.55	6623.1	
534.75	6206.7	
534.95	5255.8	
535.14	7364.5	
535.34	6630.6	
535.53	4949.3	
535.73	7032.7	
535.92	8013	
536.12	6895.5	
536.31	5025	
536.51	6291.4	
536.71	7169.9	
536.9	6706.4	
537.1	5264	
537.29	5334.3	
537.49	7633.5	
537.68	6554.2	
537.88	5671.5	
538.07	4979.3	
538.27	6769.2	
538.46	7817.8	
538.66	4932.9	
538.86	5205.3	
539.05	6887.3	
539.25	7317.4	
539.44	5523.4	
539.64	5212.1	
539.83	6735.1	
540.03	7802.1	
540.22	5085.1	
540.42	5279	
540.61	7000	
540.81	7161.7	
541	5801.9	
541.2	6382.8	
541.39	6593.1	
541.59	6935.8	
541.78	6023.8	
541.98	5073.5	
542.18	6223.1	
542.37	6234.7	
542.57	5543.9	
542.76	6058.6	
542.96	6366.5	
543.15	7161.1	
543.35	5593	
543.54	4896	
543.74	7447.8	
543.93	6963.1	
544.13	5683.8	
544.32	6780.1	
544.52	7413.6	
544.71	6604.7	
544.91	4721.3	
545.1	6082.5	
545.3	6546	
545.49	7273.7	
545.69	4734.9	
545.88	5299.5	
546.08	8177.5	
546.27	7907.9	
546.47	5871.5	
546.66	5117.2	
546.86	7548.8	
547.05	8196	
547.24	5373.2	
547.44	5213.4	
547.63	6472.3	
547.83	7679.2	
548.02	5629.2	
548.22	5885.2	
548.41	6290	
548.61	7721.5	
548.8	5195	
549	5126.7	
549.19	6961.7	
549.39	7288.7	
549.58	4829.8	
549.78	5533.6	
549.97	7374.7	
550.17	6888.7	
550.36	6425.2	
550.55	7452.6	
550.75	6879.8	
550.94	7907.9	
551.14	5138.4	
551.33	5593	
551.53	6207.4	
551.72	7337.9	
551.92	5617.6	
552.11	5384.8	
552.31	7331.7	
552.5	7403.4	
552.69	7120.1	
552.89	5011.4	
553.08	7306.5	
553.28	7110.5	
553.47	5404.6	
553.67	6632.7	
553.86	8122.2	
554.06	6270.9	
554.25	4513.7	
554.44	5177.9	
554.64	8831.5	
554.83	8239.7	
555.03	5089.9	
555.22	5524.1	
555.42	7557	
555.61	7232.1	
555.8	5295.4	
556	5731.6	
556.19	6285.9	
556.39	7694.2	
556.58	5461.9	
556.78	5452.4	
556.97	7182.2	
557.16	6866.2	
557.36	6735.1	
557.55	5091.3	
557.75	6074.3	
557.94	7874.4	
558.13	5181.4	
558.33	4910.3	
558.52	7680.6	
558.72	6547.4	
558.91	5055.1	
559.1	5341.8	
559.3	6323.4	
559.49	6012.2	
559.69	4607.9	
559.88	5693.4	
560.07	7135.1	
560.27	7544.7	
560.46	5917.3	
560.66	6072.9	
560.85	6993.1	
561.04	6148.7	
561.24	4984.1	
561.43	5386.2	
561.63	6399.2	
561.82	6698.9	
562.01	6641.6	
562.21	5618.9	
562.4	7193.8	
562.59	8118.1	
562.79	5442.1	
562.98	5046.2	
563.18	7064.8	
563.37	8490.2	
563.56	5959.6	
563.76	4889.9	
563.95	6391	
564.14	6381.5	
564.34	5286.5	
564.53	5098.1	
564.73	6994.5	
564.92	7444.4	
565.11	5586.9	
565.31	4823	
565.5	7617.8	
565.69	6456.6	
565.89	5089.2	
566.08	5375.2	
566.27	7439.6	
566.47	7842.4	
566.66	6025.8	
566.85	4595	
567.05	6976.1	
567.24	6302.3	
567.44	4994.3	
567.63	6443.6	
567.82	7266.9	
568.02	7051.8	
568.21	4981.3	
568.4	5410.1	
568.6	6793.8	
568.79	6873	
568.98	4740.4	
569.18	4938.3	
569.37	6789	
569.56	8872.5	
569.76	5374.6	
569.95	6360.3	
570.14	7186.3	
570.34	7057.3	
570.53	4888.5	
570.72	4788.2	
570.91	7658	
571.11	6708.5	
571.3	5311.7	
571.49	6229.2	
571.69	6696.9	
571.88	6346	
572.07	5930.2	
572.27	5966.4	
572.46	6282.5	
572.65	7416.4	
572.85	5051.7	
573.04	5405.3	
573.23	7605.5	
573.43	6876.4	
573.62	4758.8	
573.81	5433.3	
574	6805.4	
574.2	6624.5	
574.39	5081.7	
574.58	5350	
574.78	7626	
574.97	6838.2	
575.16	5573.9	
575.36	5842.9	
575.55	7234.1	
575.74	7436.9	
575.93	4777.9	
576.13	5733.6	
576.32	6624.5	
576.51	7271	
576.71	5201.2	
576.9	6634.7	
577.09	7588.4	
577.28	7125.6	
577.48	5700.2	
577.67	4574.5	
577.86	6714.6	
578.05	7008.8	
578.25	5322.7	
578.44	5372.5	
578.63	6853.2	
578.83	8054	
579.02	4638	
579.21	6239.5	
579.4	7091.4	
579.6	6571.9	
579.79	5485.8	
579.98	7776.8	
580.17	7354.9	
580.37	7444.4	
580.56	4861.9	
580.75	5745.9	
580.94	7886	
581.14	7703.8	
581.33	6066.8	
581.52	4947.2	
581.71	7165.2	
581.91	7954.3	
582.1	4581.3	
582.29	5343.8	
582.48	6798.6	
582.68	6677.1	
582.87	5848.3	
583.06	5403.2	
583.25	7172.7	
583.45	6947.4	
583.64	6150.7	
583.83	6847.7	
584.02	6574.7	
584.21	7075.7	
584.41	6105.7	
584.6	5306.3	
584.79	6795.8	
584.98	7616.4	
585.18	4763.6	
585.37	4752	
585.56	6278.4	
585.75	7159	
585.94	5055.1	
586.14	5750.7	
586.33	7942.7	
586.52	6806.8	
586.71	5595.7	
586.91	5305.6	
587.1	6198.5	
587.29	7344	
587.48	5339.1	
587.67	5100.1	
587.87	7248.4	
588.06	7367.9	
588.25	6654.5	
588.44	5833.3	
588.63	6924.2	
588.83	7494.9	
589.02	5345.9	
589.21	5227.1	
589.4	6823.8	
589.59	6596.5	
589.78	4538.3	
589.98	4840	
590.17	6373.3	
590.36	6946	
590.55	4383.3	
590.74	5305.6	
590.94	8444.5	
591.13	6942.6	
591.32	4991.6	
591.51	4526	
591.7	7481.9	
591.89	6825.2	
592.09	4685.1	
592.28	5167	
592.47	6102.9	
592.66	7967.3	
592.85	4656.4	
593.05	4868.7	
593.24	6666.8	
593.43	7352.2	
593.62	4884.4	
593.81	5469.4	
594	6689.3	
594.19	6956.3	
594.39	4859.1	
594.58	4816.8	
594.77	7049.1	
594.96	7675.1	
595.15	4805.2	
595.34	5445.5	
595.54	7146.7	
595.73	6147.3	
595.92	4123.9	
596.11	5421	
596.3	7651.9	
596.49	6249.7	
596.68	5118.6	
596.88	5645.6	
597.07	7347.4	
597.26	6108.4	
597.45	4601.1	
597.64	5870.8	
597.83	6347.3	
598.02	7020.4	
598.22	4749.9	
598.41	5495.4	
598.6	6796.5	
598.79	6266.1	
598.98	4801.8	
599.17	5791.7	
599.36	6831.3	
599.55	8108.6	
599.74	6919.4	
599.94	6610.2	
600.13	7415.7	
600.32	6217.6	
600.51	4462.5	
600.7	4661.9	
600.89	8025.3	
601.08	8093.6	
601.27	4475.5	
601.47	5509.7	
601.66	7323.5	
601.85	8008.2	
602.04	5174.5	
602.23	5445.5	
602.42	6307.7	
602.61	7090.1	
602.8	5106.3	
602.99	4845.5	
603.18	6778.1	
603.37	6954.9	
603.57	5573.2	
603.76	6042.2	
603.95	7784.3	
604.14	7288.7	
604.33	4831.2	
604.52	5268.1	
604.71	6926.2	
604.9	6532.3	
605.09	5889.3	
605.28	5626.5	
605.47	7523.6	
605.66	7220.5	
605.86	5596.4	
606.05	4912.4	
606.24	7529	
606.43	6012.2	
606.62	5273.5	
606.81	6066.1	
607	7402.7	
607.19	6648.4	
607.38	4671.4	
607.57	5005.2	
607.76	6510.5	
607.95	5872.9	
608.14	5406.6	
608.33	6075	
608.52	6434.7	
608.72	7360.4	
608.91	4595.6	
609.1	4502.1	
609.29	6570.6	
609.48	6071.5	
609.67	5578.7	
609.86	4634.6	
610.05	6163.7	
610.24	6576.7	
610.43	4444.8	
610.62	4055.7	
610.81	7772.7	
611	7457.3	
611.19	4593.6	
611.38	5336.3	
611.57	6832.7	
611.76	8244.4	
611.95	4478.2	
612.14	4162.8	
612.33	6689.3	
612.52	6165.1	
612.71	5010.7	
612.9	4093.2	
613.09	5745.2	
613.28	8171.4	
613.47	4668.7	
613.66	5693.4	
613.85	6803.4	
614.04	6240.2	
614.24	4799.1	
614.43	3949.2	
614.62	6883.9	
614.81	6845	
615	5479	
615.19	5382.7	
615.38	6165.8	
615.57	6574.7	
615.76	5277.6	
615.95	6266.1	
616.14	6911.9	
616.33	6582.2	
616.52	5550	
616.71	5838.1	
616.9	6901.7	
617.09	6760.3	
617.28	4831.8	
617.47	6234	
617.66	5912.5	
617.85	5974.6	
618.04	5726.1	
618.22	5219.6	
618.41	6276.3	
618.6	7236.8	
618.79	5100.8	
618.98	4750.6	
619.17	7475.8	
619.36	5755.5	
619.55	4906.3	
619.74	4922.6	
619.93	6702.3	
620.12	6093.4	
620.31	5485.8	
620.5	5674.2	
620.69	7342	
620.88	7652.6	
621.07	6428.6	
621.26	5399.1	
621.45	6806.1	
621.64	6784.9	
621.83	5495.4	
622.02	4565.6	
622.21	6908.5	
622.4	6639.5	
622.59	5984.8	
622.78	5755.5	
622.97	6158.9	
623.16	7263.5	
623.35	5375.2	
623.54	4420.2	
623.72	6353.5	
623.91	6591.7	
624.1	5672.2	
624.29	4239.3	
624.48	7656	
624.67	6935.8	
624.86	5520	
625.05	4511.7	
625.24	7754.3	
625.43	6094.1	
625.62	7301	
625.81	4695.3	
626	7179.5	
626.19	6419.7	
626.38	5590.3	
626.56	4958.8	
626.75	6264.1	
626.94	6942.6	
627.13	5615.5	
627.32	4250.2	
627.51	6976.7	
627.7	8325	
627.89	4387.4	
628.08	5596.4	
628.27	6019	
628.46	6324.1	
628.65	4689.8	
628.83	4260.5	
629.02	6950.1	
629.21	6168.5	
629.4	5126.7	
629.59	5362.9	
629.78	6096.1	
629.97	7159	
630.16	5457.8	
630.35	4880.3	
630.54	7554.3	
630.72	7252.5	
630.91	4828.4	
631.1	5483.8	
631.29	6709.8	
631.48	6937.8	
631.67	5465.3	
631.86	4911.7	
632.05	6253.1	
632.24	6425.2	
632.42	4559.5	
632.61	5252.4	
632.8	6522.1	
632.99	6064.7	
633.18	5202.5	
633.37	5668.1	
633.56	6671.6	
633.75	6537.8	
633.93	5162.9	
634.12	4873.5	
634.31	7532.4	
634.5	7148.8	
634.69	4885.1	
634.88	5465.3	
635.07	6512.5	
635.25	7119.4	
635.44	5900.2	
635.63	6122.7	
635.82	6350.8	
636.01	5902.2	
636.2	5836.7	
636.39	5326.1	
636.57	7558.4	
636.76	7257.3	
636.95	4758.1	
637.14	6218.3	
637.33	6802.7	
637.52	7905.8	
637.7	4584	
637.89	5487.9	
638.08	6378.7	
638.27	7912.7	
638.46	5562.3	
638.65	6100.9	
638.83	7947.5	
639.02	6174.6	
639.21	5567.1	
639.4	6083.8	
639.59	6762.4	
639.78	6253.8	
639.96	4913.1	
640.15	4900.1	
640.34	6639.5	
640.53	6791.7	
640.72	4574.5	
640.91	4928.8	
641.09	6083.1	
641.28	7477.8	
641.47	4915.1	
641.66	5742.5	
641.85	6749.4	
642.03	7136.5	
642.22	5655.1	
642.41	5038	
642.6	6201.2	
642.79	5582.1	
642.97	4851.6	
643.16	5622.4	
643.35	6176	
643.54	6083.1	
643.73	4757.4	
643.91	5591	
644.1	5917.3	
644.29	6547.4	
644.48	4844.8	
644.67	4924.7	
644.85	6151.4	
645.04	6562.4	
645.23	4530.8	
645.42	4722.6	
645.6	6024.4	
645.79	7413	
645.98	4891.2	
646.17	3902.1	
646.36	5819.6	
646.54	6544.6	
646.73	5881.8	
646.92	4545.8	
647.11	6185.5	
647.29	7319.4	
647.48	4598.4	
647.67	4499.4	
647.86	7640.3	
648.05	7585.7	
648.23	5006.6	
648.42	6441.5	
648.61	6898.2	
648.8	6572.6	
648.98	4601.8	
649.17	4943.1	
649.36	6185.5	
649.55	5614.8	
649.73	4590.9	
649.92	5431.9	
650.11	5999.9	
650.3	6447	
650.48	4902.8	
650.67	4497.3	
650.86	6698.9	
651.05	5544.5	
651.23	4727.4	
651.42	4755.4	
651.61	6156.2	
651.79	6282.5	
651.98	4962.2	
652.17	4586.1	
652.36	6650.4	
652.54	5692	
652.73	4611.3	
652.92	4418.2	
653.11	6731.7	
653.29	6773.3	
653.48	3870	
653.67	5001.1	
653.85	6473.6	
654.04	7604.8	
654.23	5324.7	
654.42	4735.6	
654.6	6049	
654.79	6734.4	
654.98	4321.2	
655.16	4902.2	
655.35	5706.3	
655.54	5594.4	
655.73	4383.3	
655.91	4304.8	
656.1	6854.6	
656.29	5616.2	
656.47	3853.6	
656.66	5682.4	
656.85	5890	
657.03	5890.6	
657.22	4347.2	
657.41	4490.5	
657.59	5900.2	
657.78	5691.3	
657.97	4087.7	
658.16	4870.1	
658.34	6615.6	
658.53	7046.4	
658.72	5823.7	
658.9	6404.7	
659.09	5932.3	
659.28	6094.1	
659.46	4520.5	
659.65	4513.7	
659.84	5774.6	
660.02	6331.6	
660.21	4367.6	
660.4	4360.1	
660.58	6883.9	
660.77	6124.1	
660.96	4986.8	
661.14	4001.7	
661.33	7350.8	
661.52	7224.6	
661.7	3945.1	
661.89	7817.1	
662.08	5804.6	
662.26	5344.5	
662.45	4275.5	
662.64	4351.3	
662.82	6518	
663.01	5602.6	
663.2	4403.1	
663.38	5218.9	
663.57	6389	
663.75	6244.3	
663.94	4751.3	
664.13	5967.1	
664.31	5713.2	
664.5	6555.5	
664.69	5164.3	
664.87	5618.3	
665.06	5481	
665.25	6252.4	
665.43	5874.3	
665.62	5920.7	
665.8	6642.2	
665.99	5886.5	
666.18	4752	
666.36	4916.5	
666.55	6551.5	
666.74	6537.1	
666.92	4419.5	
667.11	6124.1	
667.29	5939.1	
667.48	6590.4	
667.67	5696.1	
667.85	4837.3	
668.04	6036	
668.22	5938.4	
668.41	4788.2	
668.6	4986.1	
668.78	5728.9	
668.97	5966.4	
669.15	5233.2	
669.34	4121.9	
669.53	5753.4	
669.71	6137.8	
669.9	4402.5	
670.08	5015.5	
670.27	5636.7	
670.46	6391.7	
670.64	5223	
670.83	5474.2	
671.01	5680.4	
671.2	6359.6	
671.38	4345.8	
671.57	4311	
671.76	7021.8	
671.94	7557.7	
672.13	4163.5	
672.31	5442.8	
672.5	6500.9	
672.69	5774.6	
672.87	4439.3	
673.06	4721.9	
673.24	6309.1	
673.43	5760.3	
673.61	5258.5	
673.8	4629.1	
673.98	6598.6	
674.17	6730.3	
674.36	5374.6	
674.54	5146.5	
674.73	6268.1	
674.91	6510.5	
675.1	4906.9	
675.28	4534.2	
675.47	6085.9	
675.65	6653.9	
675.84	4693.9	
676.03	5081.7	
676.21	5809.4	
676.4	5315.2	
676.58	5627.1	
676.77	5321.3	
676.95	7348.8	
677.14	5772.5	
677.32	4459.8	
677.51	4139.6	
677.69	6617	
677.88	5266	
678.06	4199.7	
678.25	4364.9	
678.44	5991	
678.62	5819.6	
678.81	4053.6	
678.99	5107.6	
679.18	6941.9	
679.36	6464.1	
679.55	4581.3	
679.73	5366.4	
679.92	6408.1	
680.1	5771.9	
680.29	5945.9	
680.47	4691.9	
680.66	5727.5	
680.84	6602.7	
681.03	3937.6	
681.21	5102.9	
681.4	5787.6	
681.58	5711.8	
681.77	4418.2	
681.95	4408.6	
682.14	6715.3	
682.32	7084.6	
682.51	5417.6	
682.69	4188.8	
682.88	5728.9	
683.06	6463.4	
683.25	5067.4	
683.43	5598.5	
683.62	6004.6	
683.8	6483.2	
683.99	5659.2	
684.17	4984.8	
684.36	7415.7	
684.54	6006	
684.73	4206.5	
684.91	4365.6	
685.1	6462	
685.28	5786.2	
685.46	5108.3	
685.65	5160.2	
685.83	6759.7	
686.02	6055.8	
686.2	4562.9	
686.39	4686.4	
686.57	5692	
686.76	7382.2	
686.94	4595.6	
687.13	4661.2	
687.31	6499.6	
687.5	6087.2	
687.68	4091.8	
687.86	5415.5	
688.05	7679.9	
688.23	5421.7	
688.42	5450.3	
688.6	4560.1	
688.79	5927.5	
688.97	5933.6	
689.16	4987.5	
689.34	3848.1	
689.52	6559	
689.71	6858.6	
689.89	5246.2	
690.08	4472.1	
690.26	6135	
690.45	6051.7	
690.63	5489.2	
690.81	4655.7	
691	5855.1	
691.18	5812.1	
691.37	4815.5	
691.55	7177.4	
691.74	5756.8	
691.92	7923.6	
692.1	4898.1	
692.29	4252.3	
692.47	6031.3	
692.66	5212.1	
692.84	4451.6	
693.02	5099.4	
693.21	5388.2	
693.39	5923.4	
693.58	5106.3	
693.76	4515.8	
693.94	7129	
694.13	6883.2	
694.31	4443.4	
694.5	5555.5	
694.68	5745.2	
694.86	5943.2	
695.05	4826.4	
695.23	5258.5	
695.42	6408.8	
695.6	8934.6	
695.78	5481.7	
695.97	4460.5	
696.15	6496.8	
696.34	5794.4	
696.52	4244.8	
696.7	5177.3	
696.89	6229.2	
697.07	5653.8	
697.25	5109	
697.44	6753.5	
697.62	6154.1	
697.81	6574	
697.99	4723.3	
698.17	5322.7	
698.36	5502.2	
698.54	6255.9	
698.72	5113.8	
698.91	4050.2	
699.09	5823.1	
699.28	5706.3	
699.46	4807.9	
699.64	4701.5	
699.83	5579.3	
700.01	6991.1	
700.19	5537.7	
700.38	3768.3	
700.56	6972	
700.74	5671.5	
700.93	4242	
701.11	5148.6	
701.29	6307.7	
701.48	7359.7	
701.66	4440.7	
701.84	4435.9	
702.03	5744.6	
702.21	6384.2	
702.39	4067.9	
702.58	4622.3	
702.76	6140.5	
702.94	6348	
703.13	4079.6	
703.31	6661.4	
703.49	5417.6	
703.68	6468.2	
703.86	4203.1	
704.04	5272.2	
704.23	6014.9	
704.41	6439.5	
704.59	4406.5	
704.78	5711.8	
704.96	7146	
705.14	6500.3	
705.33	4087.7	
705.51	5045.5	
705.69	5787.6	
705.87	6771.9	
706.06	5324	
706.24	4091.8	
706.42	6132.3	
706.61	6418.3	
706.79	5334.3	
706.97	4076.1	
707.16	5642.2	
707.34	6281.8	
707.52	5319.3	
707.7	4411.3	
707.89	5683.8	
708.07	5442.1	
708.25	5337.7	
708.44	5385.5	
708.62	5724.8	
708.8	6875	
708.98	5589.6	
709.17	4455	
709.35	6117.3	
709.53	6196.5	
709.72	4162.2	
709.9	4412	
710.08	6393.1	
710.26	6432.7	
710.45	5916.6	
710.63	4459.1	
710.81	6050.4	
710.99	6082.5	
711.18	5212.8	
711.36	4755.4	
711.54	5891.3	
711.72	6711.9	
711.91	4783.4	
712.09	4164.9	
712.27	6144.6	
712.45	6806.1	
712.64	5118.6	
712.82	4026.3	
713	5606.7	
713.18	5795.1	
713.37	4225.6	
713.55	5692	
713.73	6849.8	
713.91	5383.4	
714.1	4767.7	
714.28	4237.9	
714.46	6632	
714.64	5746.6	
714.83	3804.4	
715.01	4692.6	
715.19	5965.1	
715.37	5289.9	
715.55	4478.2	
715.74	4795	
715.92	6995.9	
716.1	4846.9	
716.28	5892.7	
716.47	4973.2	
716.65	5563.6	
716.83	5740.5	
717.01	4795.7	
717.19	4891.2	
717.38	7849.2	
717.56	5411.4	
717.74	5117.2	
717.92	4132.1	
718.1	6588.3	
718.29	5709.7	
718.47	3678.2	
718.65	4349.9	
718.83	6369.2	
719.01	6341.2	
719.2	3450.1	
719.38	4577.9	
719.56	5936.4	
719.74	7611.6	
719.92	4225.6	
720.11	5322.7	
720.29	6081.8	
720.47	5177.9	
720.65	3794.2	
720.83	4783.4	
721.02	5607.3	
721.2	5367	
721.38	4899.4	
721.56	4042.7	
721.74	4902.8	
721.92	5098.1	
722.11	5356.8	
722.29	5121.3	
722.47	6501.6	
722.65	5623.7	
722.83	4084.3	
723.01	5079.6	
723.2	5614.8	
723.38	5895.4	
723.56	3396.9	
723.74	4732.2	
723.92	5065.3	
724.1	6365.1	
724.29	4004.5	
724.47	5248.3	
724.65	5173.9	
724.83	5070.1	
725.01	3891.1	
725.19	4932.9	
725.37	5158.2	
725.56	5324	
725.74	3723.9	
725.92	4022.2	
726.1	5132.9	
726.28	5426.4	
726.46	4505.5	
726.64	4231.1	
726.83	5413.5	
727.01	5651	
727.19	3717.7	
727.37	4678.2	
727.55	5551.4	
727.73	6085.2	
727.91	3717.7	
728.09	3549.1	
728.28	6041.5	
728.46	6750.8	
728.64	4805.2	
728.82	4693.9	
729	7238.9	
729.18	6421.7	
729.36	3807.9	
729.54	6341.2	
729.72	7518.1	
729.91	5621	
730.09	5836.7	
730.27	4469.4	
730.45	5459.2	
730.63	6178.7	
730.81	5127.4	
730.99	4166.3	
731.17	6719.4	
731.35	5138.4	
731.53	4671.4	
731.71	4214	
731.9	6378.7	
732.08	6598.6	
732.26	4530.8	
732.44	4200.4	
732.62	6678.4	
732.8	6137.8	
732.98	4936.3	
733.16	3986	
733.34	6122.7	
733.52	4849.6	
733.7	4613.4	
733.88	4838	
734.07	6031.3	
734.25	5708.4	
734.43	3905.5	
734.61	5682.4	
734.79	7346.1	
734.97	5577.3	
735.15	4099.4	
735.33	4463.9	
735.51	5993.7	
735.69	5611.4	
735.87	5687.2	
736.05	4715.8	
736.23	5869.5	
736.41	5551.4	
736.59	4534.9	
736.77	4665.3	
736.95	6279.8	
737.13	5725.4	
737.32	4171.7	
737.5	4401.8	
737.68	6794.5	
737.86	5570.5	
738.04	3911.6	
738.22	6072.2	
738.4	5409.4	
738.58	5705.6	
738.76	4701.5	
738.94	3503.4	
739.12	5489.9	
739.3	5312.4	
739.48	5292.6	
739.66	5015.5	
739.84	5885.9	
740.02	5730.9	
740.2	3571.7	
740.38	4037.2	
740.56	6180.1	
740.74	4945.2	
740.92	4678.2	
741.1	4743.8	
741.28	5629.2	
741.46	5493.3	
741.64	4298.7	
741.82	4847.5	
742	5655.8	
742.18	5651.7	
742.36	4511.7	
742.54	4057.7	
742.72	6257.2	
742.9	4909.7	
743.08	5020.3	
743.26	3639.9	
743.44	6526.2	
743.62	6323.4	
743.8	5074.9	
743.98	4126	
744.16	6063.4	
744.34	5719.3	
744.52	5036	
744.7	4898.7	
744.88	6163.7	
745.06	5682.4	
745.24	5079.6	
745.42	5251	
745.6	6281.8	
745.78	6017.6	
745.96	3840.6	
746.14	4146.5	
746.32	7193.1	
746.5	6374.6	
746.68	4777.2	
746.86	4216.1	
747.03	6829.3	
747.21	4997.7	
747.39	4839.4	
747.57	4317.8	
747.75	5991	
747.93	6408.1	
748.11	4259.1	
748.29	4248.9	
748.47	7590.5	
748.65	5696.1	
748.83	5075.5	
749.01	4750.6	
749.19	6199.9	
749.37	5348.6	
749.55	4553.3	
749.73	4703.5	
749.91	5830.6	
750.09	5570.5	
750.26	4738.3	
750.44	4069.3	
750.62	5890	
750.8	5901.6	
750.98	3903.4	
751.16	4302.8	
751.34	5956.2	
751.52	5188.2	
751.7	5169.1	
751.88	3935.5	
752.06	6391.7	
752.24	6258.6	
752.42	3900	
752.59	4278.9	
752.77	5822.4	
752.95	7187.7	
753.13	5085.8	
753.31	4437.9	
753.49	5525.4	
753.67	6005.3	
753.85	4775.2	
754.03	4321.2	
754.21	6309.1	
754.38	6703	
754.56	4584	
754.74	3521.1	
754.92	5601.9	
755.1	6451.8	
755.28	3702.7	
755.46	3722.5	
755.64	7215.7	
755.82	7451.2	
755.99	4190.1	
756.17	4335.5	
756.35	4869.4	
756.53	6550.8	
756.71	3190.1	
756.89	4229.1	
757.07	6164.4	
757.25	5097.4	
757.42	4754.7	
757.6	5627.1	
757.78	6109.1	
757.96	5062.6	
758.14	4274.1	
758.32	3870.7	
758.5	4561.5	
758.67	5459.2	
758.85	4104.8	
759.03	4285	
759.21	5679.7	
759.39	5063.3	
759.57	3724.6	
759.75	4987.5	
759.92	6292.7	
760.1	5535	
760.28	5319.3	
760.46	5605.3	
760.64	5309	
760.82	4926	
760.99	5134.3	
761.17	4163.5	
761.35	6095.4	
761.53	4986.8	
761.71	4306.2	
761.89	5066	
762.06	6034	
762.24	5414.8	
762.42	4386.7	
762.6	4123.2	
762.78	5409.4	
762.96	6126.8	
763.13	4721.9	
763.31	4471.4	
763.49	6315.9	
763.67	5350	
763.85	5329.5	
764.02	5943.2	
764.2	6550.8	
764.38	5659.2	
764.56	4301.4	
764.74	5311.7	
764.91	6695.5	
765.09	5519.3	
765.27	3876.1	
765.45	3739.6	
765.63	6696.2	
765.8	6671.6	
765.98	3448.1	
766.16	3805.8	
766.34	5061.2	
766.52	4844.8	
766.69	4887.1	
766.87	3653.6	
767.05	5573.2	
767.23	6294.8	
767.41	3980.6	
767.58	4326.7	
767.76	6144.6	
767.94	6269.5	
768.12	4111.6	
768.29	4957.4	
768.47	5601.9	
768.65	6409.5	
768.83	3746.4	
769	5009.3	
769.18	5160.2	
769.36	5947.3	
769.54	5018.9	
769.72	3836.5	
769.89	6199.2	
770.07	6380.1	
770.25	4153.3	
770.43	5564.3	
770.6	7092.1	
770.78	7559.7	
770.96	4430.4	
771.14	5096.7	
771.31	6163.7	
771.49	5513.1	
771.67	3469.3	
771.85	3841.3	
772.02	4715.1	
772.2	5545.2	
772.38	4555.4	
772.55	4072.7	
772.73	5717.2	
772.91	5573.2	
773.09	4470	
773.26	4601.8	
773.44	5750	
773.62	5391.6	
773.8	3932.8	
773.97	3635.1	
774.15	5854.5	
774.33	5379.3	
774.5	3874.1	
774.68	4233.8	
774.86	5899.5	
775.04	5468.1	
775.21	3947.8	
775.39	3938.2	
775.57	5788.9	
775.74	6254.5	
775.92	3730	
776.1	3644	
776.27	5737.7	
776.45	7122.2	
776.63	3964.9	
776.81	3436.5	
776.98	5408.7	
777.16	6529.6	
777.34	4145.8	
777.51	4124.6	
777.69	5363.6	
777.87	5177.3	
778.04	4150.5	
778.22	4882.4	
778.4	5190.2	
778.57	5886.5	
778.75	3381.2	
778.93	3658.4	
779.1	4952.7	
779.28	4843.4	
779.46	3517	
779.64	3929.4	
779.81	6090.7	
779.99	7077.1	
780.17	4906.3	
780.34	5070.1	
780.52	5474.2	
780.69	5753.4	
780.87	4337.6	
781.05	3817.4	
781.22	5552	
781.4	5705.6	
781.58	4003.8	
781.75	3106.1	
781.93	5642.2	
782.11	4982	
782.28	4967	
782.46	4029	
782.64	4871.4	
782.81	5842.2	
782.99	4151.9	
783.17	4074.8	
783.34	5708.4	
783.52	4918.5	
783.69	4397	
783.87	5205.9	
784.05	5008.6	
784.22	5000.5	
784.4	5183.4	
784.58	4461.2	
784.75	5987.6	
784.93	5040.1	
785.1	4031.1	
785.28	4739	
785.46	5765	
785.63	5014.8	
785.81	3994.2	
785.99	3850.9	
786.16	5185.5	
786.34	5586.2	
786.51	3931.4	
786.69	4315.8	
786.87	4760.8	
787.04	5340.4	
787.22	3777.8	
787.39	4801.1	
787.57	5040.1	
787.75	6244.9	
787.92	4965	
788.1	4962.2	
788.27	5165	
788.45	4838.7	
788.63	4620.9	
788.8	3269.9	
788.98	5403.2	
789.15	4774.5	
789.33	3407.1	
789.5	4123.9	
789.68	6005.3	
789.86	6169.2	
790.03	4576.5	
790.21	3933.5	
790.38	6059.3	
790.56	5172.5	
790.73	3808.5	
790.91	3828.3	
791.09	5051	
791.26	5905	
791.44	4111	
791.61	3520.5	
791.79	5044.1	
791.96	5134.3	
792.14	3654.9	
792.32	3205.8	
792.49	5060.5	
792.67	5160.2	
792.84	3672.7	
793.02	3490.4	
793.19	5554.8	
793.37	6367.8	
793.54	3170.9	
793.72	3575.1	
793.89	6591.7	
794.07	5090.6	
794.25	4225.6	
794.42	3286.3	
794.6	6283.2	
794.77	5840.8	
794.95	4564.9	
795.12	3910.9	
795.3	5029.1	
795.47	5843.5	
795.65	4343.1	
795.82	4185.4	
796	4876.2	
796.17	6937.2	
796.35	4005.8	
796.52	4846.9	
796.7	5629.9	
796.87	5737.7	
797.05	5038	
797.22	4985.4	
797.4	5766.4	
797.57	6802.7	
797.75	4239.3	
797.92	3975.8	
798.1	6053.1	
798.27	5043.5	
798.45	3312.9	
798.62	3618.1	
798.8	5393	
798.97	5944.6	
799.15	4421.6	
799.32	4186	
799.5	4638.6	
799.67	5515.2	
799.85	4528.7	
800.02	3272.7	
800.2	5039.4	
800.37	5410.7	
800.55	4726.7	
800.72	3899.3	
800.9	5835.3	
801.07	6405.4	
801.25	5339.1	
801.42	4301.4	
801.6	5933	
801.77	5674.9	
801.95	4022.2	
802.12	3816.7	
802.29	5550.7	
802.47	5608	
802.64	4319.2	
802.82	3232.4	
802.99	5052.3	
803.17	6186.9	
803.34	4156	
803.52	3678.8	
803.69	6833.4	
803.87	4810.7	
804.04	4102.1	
804.21	4343.1	
804.39	6294.8	
804.56	5312.4	
804.74	3439.2	
804.91	4395.6	
805.09	5090.6	
805.26	5182	
805.44	3617.4	
805.61	3975.1	
805.78	5763.7	
805.96	5914.5	
806.13	4341.7	
806.31	4755.4	
806.48	4619.5	
806.66	5228.5	
806.83	4315.1	
807	4227	
807.18	5108.3	
807.35	5520	
807.53	4191.5	
807.7	3331.4	
807.87	6411.5	
808.05	5120.6	
808.22	4697.4	
808.4	3329.3	
808.57	5148.6	
808.74	4758.8	
808.92	3855.6	
809.09	4883	
809.27	5036.6	
809.44	5714.5	
809.61	3401.7	
809.79	3777.1	
809.96	6333.7	
810.14	5991	
810.31	3292.5	
810.48	4074.1	
810.66	5240.8	
810.83	6081.8	
811.01	3867.9	
811.18	4324.6	
811.35	5958.9	
811.53	4588.1	
811.7	4699.4	
811.87	4351.9	
812.05	5152.7	
812.22	5020.9	
812.39	3706.1	
812.57	3636.5	
812.74	5177.9	
812.92	6982.9	
813.09	4089.8	
813.26	4441.4	
813.44	6708.5	
813.61	5096	
813.78	3410.6	
813.96	4558.1	
814.13	5159.5	
814.3	4820.2	
814.48	4934.2	
814.65	4093.2	
814.82	6500.3	
815	4968.4	
815.17	4186.7	
815.34	5137	
815.52	5091.3	
815.69	5053	
815.87	4138.3	
816.04	3598.3	
816.21	5171.1	
816.38	4499.4	
816.56	4057.7	
816.73	3747.1	
816.9	6554.2	
817.08	5969.1	
817.25	3737.5	
817.42	4815.5	
817.6	4711.7	
817.77	5204.6	
817.94	4241.3	
818.12	3727.3	
818.29	4863.9	
818.46	7857.4	
818.64	3906.8	
818.81	3625.6	
818.98	4778.6	
819.16	7160.4	
819.33	4502.8	
819.5	4162.8	
819.67	5561.6	
819.85	6244.9	
820.02	4093.2	
820.19	4438.6	
820.37	5445.5	
820.54	4963.6	
820.71	4277.5	
820.88	5340.4	
821.06	5427.1	
821.23	4941.1	
821.4	4282.3	
821.58	4183.3	
821.75	5914.5	
821.92	5287.2	
822.09	3342.3	
822.27	3474	
822.44	5156.8	
822.61	5046.2	
822.79	3360	
822.96	6679.8	
823.13	5715.2	
823.3	4897.4	
823.48	3928.7	
823.65	3566.2	
823.82	5973.2	
823.99	4698.7	
824.17	5067.4	
824.34	3599	
824.51	6817.7	
824.68	5177.3	
824.86	3814.7	
825.03	4239.3	
825.2	5264.6	
825.37	6386.9	
825.55	3767.6	
825.72	4240.7	
825.89	6990.4	
826.06	6434.7	
826.24	4126.7	
826.41	4125.3	
826.58	6264.1	
826.75	5503.6	
826.92	3257	
827.1	3556	
827.27	8735.3	
827.44	6918.7	
827.61	3838.6	
827.79	4831.2	
827.96	4891.9	
828.13	5264	
828.3	4059.1	
828.47	3467.9	
828.65	5406.6	
828.82	5375.9	
828.99	5316.5	
829.16	4561.5	
829.34	5802.6	
829.51	5565.7	
829.68	4230.4	
829.85	4440	
830.02	6090.7	
830.2	5827.2	
830.37	3235.8	
830.54	5190.2	
830.71	6709.1	
830.88	5117.2	
831.05	3273.3	
831.23	3864.5	
831.4	6304.3	
831.57	7148.8	
831.74	3908.2	
831.91	3403.7	
832.09	5384.8	
832.26	5736.4	
832.43	3995.6	
832.6	4515.1	
832.77	5360.9	
832.94	6237.4	
833.12	3201.7	
833.29	4001	
833.46	5040.1	
833.63	7436.9	
833.8	4365.6	
833.97	4065.2	
834.15	5786.2	
834.32	5572.5	
834.49	4229.7	
834.66	4317.8	
834.83	6059.3	
835	4896.7	
835.17	3884.3	
835.35	3898	
835.52	5724.8	
835.69	5600.5	
835.86	4044.1	
836.03	3385.3	
836.2	5752.1	
836.37	5347.2	
836.55	4004.5	
836.72	3747.8	
836.89	5360.2	
837.06	5847.6	
837.23	4119.1	
837.4	4544.4	
837.57	6683.2	
837.75	7424.6	
837.92	3714.3	
838.09	3898.6	
838.26	5360.9	
838.43	6132.3	
838.6	4262.5	
838.77	3761.4	
838.94	6967.9	
839.11	6748.1	
839.29	3971.7	
839.46	3173	
839.63	5798.5	
839.8	5467.4	
839.97	3897.3	
840.14	3893.9	
840.31	5539.8	
840.48	5784.8	
840.65	3272.7	
840.82	3884.3	
841	5818.3	
841.17	5748	
841.34	3616	
841.51	3656.3	
841.68	5704.3	
841.85	5413.5	
842.02	3805.8	
842.19	3095.8	
842.36	5528.2	
842.53	5462.6	
842.7	3631.7	
842.87	4483.7	
843.05	7329	
843.22	5438	
843.39	3416	
843.56	3697.9	
843.73	5184.8	
843.9	5832.6	
844.07	5896.8	
844.24	4866.7	
844.41	8669.7	
844.58	4970.4	
844.75	3454.2	
844.92	3850.2	
845.09	5756.8	
845.26	5782.1	
845.43	3556.6	
845.6	3752.6	
845.77	5761.6	
845.94	5520	
846.12	3938.9	
846.29	4255	
846.46	6034.7	
846.63	5774.6	
846.8	3579.2	
846.97	4336.9	
847.14	6312.5	
847.31	5776	
847.48	4065.9	
847.65	4463.9	
847.82	6059.9	
847.99	6056.5	
848.16	4883	
848.33	4543.8	
848.5	5304.2	
848.67	6326.2	
848.84	3588.7	
849.01	3728.7	
849.18	5138.4	
849.35	4825.7	
849.52	4502.8	
849.69	3474.7	
849.86	5950	
850.03	6191	
850.2	3634.5	
850.37	4388.1	
850.54	6176	
850.71	5451.7	
850.88	4354	
851.05	3531.4	
851.22	5707	
851.39	6388.3	
851.56	3371	
851.73	4130.8	
851.9	5062.6	
852.07	5970.5	
852.24	3987.4	
852.41	3583.9	
852.58	5653.1	
852.75	5139	
852.92	4118.5	
853.09	3489.7	
853.26	5372.5	
853.43	6214.9	
853.6	3625.6	
853.77	3041.2	
853.94	6358.9	
854.11	5722.7	
854.28	5356.8	
854.44	3924.6	
854.61	6865.5	
854.78	6154.8	
854.95	3562.1	
855.12	4564.9	
855.29	4636.6	
855.46	6519.4	
855.63	3610.6	
855.8	4991.6	
855.97	5296.7	
856.14	6138.4	
856.31	5068.7	
856.48	3904.1	
856.65	5315.2	
856.82	5045.5	
856.99	3452.2	
857.16	3844.7	
857.33	7093.5	
857.49	5458.5	
857.66	3819.5	
857.83	4175.8	
858	5374.6	
858.17	5579.3	
858.34	3384.6	
858.51	3582.6	
858.68	6513.9	
858.85	6582.2	
859.02	4171	
859.19	4403.8	
859.36	5036.6	
859.52	5119.9	
859.69	3599.6	
859.86	4209.3	
860.03	5114.5	
860.2	6395.1	
860.37	3225.6	
860.54	3646.1	
860.71	6032	
860.88	6507.8	
861.05	3988.8	
861.21	4572.4	
861.38	6550.8	
861.55	4945.8	
861.72	3261	
861.89	4053.6	
862.06	6094.1	
862.23	6535.8	
862.4	3510.2	
862.56	3728.7	
862.73	5902.9	
862.9	5568.4	
863.07	4230.4	
863.24	3270.6	
863.41	5023.7	
863.58	5063.3	
863.75	3668.6	
863.91	4155.3	
864.08	6468.2	
864.25	5958.9	
864.42	4539.7	
864.59	5061.2	
864.76	6778.1	
864.93	5120.6	
865.09	3491.1	
865.26	3824.2	
865.43	6300.9	
865.6	6694.8	
865.77	3086.3	
865.94	3558	
866.1	6390.3	
866.27	6121.4	
866.44	5533.6	
866.61	3379.8	
866.78	5504.9	
866.95	5904.3	
867.11	3456.3	
867.28	3166.8	
867.45	6092.7	
867.62	5141.8	
867.79	4159.4	
867.96	3528	
868.12	5032.5	
868.29	6126.8	
868.46	3549.8	
868.63	4784.7	
868.8	6272.9	
868.97	5995.1	
869.13	3750.5	
869.3	3695.2	
869.47	5920	
869.64	6114.6	
869.81	3599.6	
869.97	3601.7	
870.14	5795.1	
870.31	6486.6	
870.48	3430.3	
870.65	4586.1	
870.81	5410.7	
870.98	5388.2	
871.15	4077.5	
871.32	3766.9	
871.48	5905	
871.65	6529.6	
871.82	3594.2	
871.99	3975.8	
872.16	7032.7	
872.32	6477	
872.49	3627	
872.66	3677.5	
872.83	6037.4	
872.99	5268.7	
873.16	4100	
873.33	3573.7	
873.5	5643.5	
873.67	5662.6	
873.83	3799	
874	4835.3	
874.17	5853.8	
874.34	7050.5	
874.5	4661.9	
874.67	4493.9	
874.84	6492.1	
875.01	5088.5	
875.17	5101.5	
875.34	3564.1	
875.51	5718.6	
875.68	6957.6	
875.84	4323.3	
876.01	5319.3	
876.18	5999.2	
876.34	5868.1	
876.51	3599	
876.68	3521.8	
876.85	5447.6	
877.01	6325.5	
877.18	5162.2	
877.35	3578.5	
877.52	5543.2	
877.68	4995.7	
877.85	3463.8	
878.02	3512.9	
878.18	5566.4	
878.35	5261.2	
878.52	2831.7	
878.69	4034.5	
878.85	6068.8	
879.02	6034.7	
879.19	5130.8	
879.35	3938.2	
879.52	5969.8	
879.69	6259.3	
879.86	3115.6	
880.02	4042.7	
880.19	5526.1	
880.36	6845.7	
880.52	4141.7	
880.69	4289.1	
880.86	6109.1	
881.02	6171.9	
881.19	3981.3	
881.36	3938.2	
881.52	5936.4	
881.69	5220.3	
881.86	3857.7	
882.02	3755.3	
882.19	6292.7	
882.36	7448.5	
882.52	3634.5	
882.69	5113.1	
882.86	5796.4	
883.02	5608	
883.19	4385.4	
883.36	4089.8	
883.52	6082.5	
883.69	7005.4	
883.86	3624.2	
884.02	3251.5	
884.19	5986.9	
884.36	5591	
884.52	4130.8	
884.69	3852.9	
884.86	5289.9	
885.02	6691.4	
885.19	4022.9	
885.36	4183.3	
885.52	5587.5	
885.69	5743.2	
885.86	5200.5	
886.02	4683.7	
886.19	6062.7	
886.35	5531.6	
886.52	3969	
886.69	5048.9	
886.85	5102.9	
887.02	6474.3	
887.19	6474.3	
887.35	6474.3	
887.52	6474.3	
887.68	6474.3	
887.85	6474.3	
888.02	6474.3	
888.18	6474.3	
888.35	6474.3	
888.51	6474.3	
888.68	6474.3	
888.85	6474.3	
889.01	6474.3	
889.18	6474.3	
889.35	6474.3	
889.51	6474.3	
889.68	6474.3	
889.84	6474.3	
890.01	6474.3	
890.17	6474.3	
890.34	6474.3	
890.51	6474.3	
890.67	6474.3	
890.84	6474.3	
891	6474.3	
891.17	6474.3	
891.34	6474.3	
891.5	6474.3	
891.67	6474.3	
891.83	6474.3	
892	6474.3	
892.16	6474.3	
892.33	6474.3	
892.5	6474.3	
892.66	6474.3	
892.83	6474.3	
892.99	6474.3	
893.16	6474.3	
893.32	6474.3	
893.49	6474.3	
893.65	6474.3	
893.82	6474.3	
893.99	6474.3	
894.15	6474.3	
894.32	6474.3	
894.48	6474.3	
894.65	6474.3	
894.81	6474.3	
894.98	6474.3	
895.14	6474.3	
895.31	6474.3	
895.47	6474.3	
895.64	6474.3	
895.81	6474.3	
895.97	6474.3	
896.14	6474.3	
896.3	6474.3	
896.47	6474.3	
896.63	6474.3	
896.8	6474.3	
896.96	6474.3	
897.13	6474.3	
897.29	6474.3	
897.46	6474.3	
897.62	6474.3	
897.79	6474.3	
897.95	6474.3	
898.12	6474.3	
898.28	6474.3	
898.45	6474.3	
898.61	6474.3	
898.78	6474.3	
898.94	6474.3	
899.11	6474.3	
899.27	6474.3	
899.44	6474.3	
899.6	6474.3	
899.77	6474.3	
899.93	6474.3	
900.1	6474.3	
900.26	6474.3	
900.43	6474.3	
900.59	6474.3	
900.76	6474.3	
900.92	6474.3	
901.09	6474.3	
901.25	6474.3	
901.42	6474.3	
901.58	6474.3	
901.75	6474.3	
901.91	6474.3	
902.07	6474.3	
902.24	6474.3	
902.4	6474.3	
902.57	6474.3	
902.73	6474.3	
902.9	6474.3	
903.06	6474.3	
903.23	6474.3	
903.39	6474.3	
903.56	6474.3	
903.72	6474.3	
903.88	6474.3	
904.05	6474.3	
904.21	6474.3	
904.38	6474.3	
904.54	6474.3	
904.71	6474.3	
904.87	6474.3	
905.03	6474.3	
905.2	6474.3	
905.36	6474.3	
905.53	6474.3	
905.69	6474.3	
905.86	6474.3	
906.02	6474.3	
906.18	6474.3	
906.35	6474.3	
906.51	6474.3	
906.68	6474.3	
906.84	6474.3	
907.01	6474.3	
907.17	6474.3	
907.33	6474.3	
907.5	6474.3	
907.66	6474.3	
907.83	6474.3	
907.99	6474.3	
908.15	6474.3	
908.32	6474.3	
908.48	6474.3	
908.65	6474.3	
908.81	6474.3	
908.97	6474.3	
909.14	6474.3	
909.3	6474.3	
909.47	6474.3	
909.63	6474.3	
909.79	6474.3	
909.96	6474.3	
910.12	6474.3	
910.28	6474.3	
910.45	6474.3	
910.61	6474.3	
910.78	6474.3	
910.94	6474.3	
911.1	6474.3	
911.27	6474.3	
911.43	6474.3	
911.59	6474.3	
911.76	6474.3	
911.92	6474.3	
912.08	6474.3	
912.25	6474.3	
912.41	6474.3	
912.57	6474.3	
912.74	6474.3	
912.9	6474.3	
913.07	6474.3	
913.23	6474.3	
913.39	6474.3	
913.56	6474.3	
913.72	6474.3	
913.88	6474.3	
914.05	6474.3	
914.21	6474.3	
914.37	6474.3	
914.54	6474.3	
914.7	6474.3	
914.86	6474.3	
915.03	6474.3	
915.19	6474.3	
