Wavelength	Intensities	
nm	a.u.	
179.22	1851.5	
179.44	1864	
179.65	1839.1	
179.86	1888.9	
180.08	1858.2	
180.29	4637.3	
180.51	3410.6	
180.72	5483.1	
180.94	6399.9	
181.15	3125.2	
181.37	3087.7	
181.58	5360.9	
181.79	5629.9	
182.01	3268.6	
182.22	3493.8	
182.44	5587.5	
182.65	4750.6	
182.87	4373.8	
183.08	3872	
183.29	5869.5	
183.51	4822.3	
183.72	3469.3	
183.94	5045.5	
184.15	5218.9	
184.37	5283.1	
184.58	3081.5	
184.79	4216.1	
185.01	4862.6	
185.22	5552	
185.44	4444.1	
185.65	3737.5	
185.86	5145.2	
186.08	4755.4	
186.29	2977.1	
186.51	3247.4	
186.72	4904.2	
186.94	5726.1	
187.15	3742.3	
187.36	3837.9	
187.58	7413.6	
187.79	5379.3	
188.01	4001.7	
188.22	6189.6	
188.43	6465.4	
188.65	5574.6	
188.86	3228.3	
189.08	3834.5	
189.29	5058.5	
189.5	5132.9	
189.72	3547.8	
189.93	3647.4	
190.15	5772.5	
190.36	6877.8	
190.57	3966.2	
190.79	3762.8	
191	5821	
191.22	5827.8	
191.43	3914.4	
191.64	3231	
191.86	6081.1	
192.07	5833.3	
192.29	3351.2	
192.5	3559.4	
192.71	5769.1	
192.93	4989.5	
193.14	3517	
193.35	3629.7	
193.57	5027.1	
193.78	5704.3	
194	2872.6	
194.21	3469.9	
194.42	4784.1	
194.64	5240.1	
194.85	3901.4	
195.07	4485.1	
195.28	5323.4	
195.49	4620.9	
195.71	4698.7	
195.92	3365.5	
196.13	5507.7	
196.35	5521.3	
196.56	5057.1	
196.78	3846.8	
196.99	6744.6	
197.2	6374	
197.42	4418.2	
197.63	3898.6	
197.84	4725.3	
198.06	5401.2	
198.27	3552.5	
198.48	4715.8	
198.7	5008.6	
198.91	5161.6	
199.13	3905.5	
199.34	3874.1	
199.55	5634	
199.77	4571.7	
199.98	3448.1	
200.19	3919.1	
200.41	5073.5	
200.62	4894.6	
200.83	4046.1	
201.05	4381.3	
201.26	5137.7	
201.47	4906.3	
201.69	3401.7	
201.9	3347.1	
202.11	5200.5	
202.33	6201.9	
202.54	3667.9	
202.76	4142.4	
202.97	5351.3	
203.18	5319.3	
203.4	4028.4	
203.61	3941	
203.82	5307.7	
204.04	4934.9	
204.25	3919.8	
204.46	3758.7	
204.68	5251.7	
204.89	5488.6	
205.1	3773	
205.32	3288.4	
205.53	5636	
205.74	5771.9	
205.96	2846	
206.17	3951.2	
206.38	5578.7	
206.6	5754.1	
206.81	4414.7	
207.02	3611.9	
207.24	5482.4	
207.45	5797.8	
207.66	3730.7	
207.88	3108.8	
208.09	5471.5	
208.3	5264	
208.52	3355.3	
208.73	3777.8	
208.94	5270.8	
209.15	5975.3	
209.37	3713	
209.58	3889.1	
209.79	5757.5	
210.01	5124	
210.22	2959.3	
210.43	3095.2	
210.65	5258.5	
210.86	5616.2	
211.07	3704.8	
211.29	3393.5	
211.5	5580.7	
211.71	5147.2	
211.93	3436.5	
212.14	3393.5	
212.35	5242.8	
212.56	5403.9	
212.78	3872.7	
212.99	3235.1	
213.2	6214.9	
213.42	5070.1	
213.63	3502.7	
213.84	3751.9	
214.06	4681	
214.27	4772.4	
214.48	3707.5	
214.69	3950.5	
214.91	5920	
215.12	5953.4	
215.33	4080.2	
215.55	4356.7	
215.76	6405.4	
215.97	5585.5	
216.18	3857	
216.4	3709.6	
216.61	4953.4	
216.82	5754.1	
217.04	3435.1	
217.25	3589.4	
217.46	5888.6	
217.67	5666.7	
217.89	3052.2	
218.1	3188	
218.31	5369.1	
218.53	5463.3	
218.74	3571	
218.95	3469.9	
219.16	5199.1	
219.38	6146	
219.59	3514.3	
219.8	4097.3	
220.01	6737.8	
220.23	5240.1	
220.44	4491.9	
220.65	3344.3	
220.87	5296.7	
221.08	5804.6	
221.29	3186.6	
221.5	4237.2	
221.72	7150.8	
221.93	4999.8	
222.14	3972.4	
222.35	4572.4	
222.57	5260.5	
222.78	5608	
222.99	3715	
223.2	4014.7	
223.42	5515.9	
223.63	5649.7	
223.84	2863.7	
224.05	2827.6	
224.27	6656.6	
224.48	6087.2	
224.69	4591.5	
224.9	3891.1	
225.12	5485.1	
225.33	5181.4	
225.54	3125.2	
225.75	3515	
225.97	4858.5	
226.18	5157.5	
226.39	3794.9	
226.6	3502	
226.82	5034.6	
227.03	4933.6	
227.24	3887.7	
227.45	3200.3	
227.67	5584.1	
227.88	6137.8	
228.09	4330.8	
228.3	4387.4	
228.52	5658.5	
228.73	5172.5	
228.94	3658.4	
229.15	3267.9	
229.36	5200.5	
229.58	5160.2	
229.79	3637.2	
230	4225.6	
230.21	6214.2	
230.43	5352	
230.64	3835.8	
230.85	4037.9	
231.06	5609.4	
231.28	5681.7	
231.49	3237.2	
231.7	3792.2	
231.91	5542.5	
232.12	5229.8	
232.34	3285.6	
232.55	3768.9	
232.76	5875.6	
232.97	5407.3	
233.18	3431.7	
233.4	3814	
233.61	5489.2	
233.82	5042.1	
234.03	3575.1	
234.25	3522.5	
234.46	7204.8	
234.67	5351.3	
234.88	3980.6	
235.09	3476.8	
235.31	5576.6	
235.52	5176.6	
235.73	3806.5	
235.94	3245.3	
236.15	4992.3	
236.37	6350.1	
236.58	3405.8	
236.79	3704.8	
237	5572.5	
237.21	4831.2	
237.43	3995.6	
237.64	3165.5	
237.85	9351	
238.06	4873.5	
238.27	4075.5	
238.48	3244.7	
238.7	5601.9	
238.91	5102.2	
239.12	3702.7	
239.33	3749.1	
239.54	5116.5	
239.76	5173.9	
239.97	3664.5	
240.18	3691.8	
240.39	6512.5	
240.6	5575.9	
240.82	3844	
241.03	3178.4	
241.24	5264.6	
241.45	6075	
241.66	3387.3	
241.87	4027.7	
242.09	5913.2	
242.3	6300.9	
242.51	4017.4	
242.72	3667.2	
242.93	5689.9	
243.14	5214.1	
243.36	4272.7	
243.57	4622.9	
243.78	6072.2	
243.99	5470.1	
244.2	3751.2	
244.41	3408.5	
244.63	4834.6	
244.84	5526.8	
245.05	3948.5	
245.26	3685.7	
245.47	5535.7	
245.68	5756.2	
245.9	4921.3	
246.11	3899.3	
246.32	5134.9	
246.53	5450.3	
246.74	6005.3	
246.95	3145.7	
247.16	4807.9	
247.38	5271.5	
247.59	3177.8	
247.8	3714.3	
248.01	4961.5	
248.22	5204.6	
248.43	3405.8	
248.64	3679.5	
248.86	4670.7	
249.07	5023	
249.28	3254.2	
249.49	3805.8	
249.7	5793	
249.91	5876.3	
250.12	3114.3	
250.34	3190.7	
250.55	5325.4	
250.76	5256.5	
250.97	3885	
251.18	3924.6	
251.39	5897.5	
251.6	5477	
251.81	3935.5	
252.03	3916.4	
252.24	5000.5	
252.45	5811.5	
252.66	3275.4	
252.87	4144.4	
253.08	5252.4	
253.29	6818.4	
253.5	3293.1	
253.72	4538.3	
253.93	5100.8	
254.14	6173.3	
254.35	3530	
254.56	3689.1	
254.77	5477.6	
254.98	4891.2	
255.19	3489.7	
255.41	4478.2	
255.62	5357.5	
255.83	5877	
256.04	4033.1	
256.25	3897.3	
256.46	6438.1	
256.67	4930.8	
256.88	3867.9	
257.09	4202.4	
257.31	4960.9	
257.52	4980.7	
257.73	4790.2	
257.94	3460.4	
258.15	5117.9	
258.36	5264.6	
258.57	4444.8	
258.78	2823.5	
258.99	5764.3	
259.2	5099.4	
259.41	3595.6	
259.63	3672.7	
259.84	6043.6	
260.05	6415.6	
260.26	4624.3	
260.47	3472.7	
260.68	5853.1	
260.89	5122	
261.1	4276.2	
261.31	3387.3	
261.52	5828.5	
261.73	6137.1	
261.95	4545.1	
262.16	3999.7	
262.37	5920	
262.58	6009.4	
262.79	4545.1	
263	3630.4	
263.21	5308.3	
263.42	5117.9	
263.63	3719.1	
263.84	3577.1	
264.05	5767.8	
264.26	6118.6	
264.47	4421.6	
264.69	4024.3	
264.9	5886.5	
265.11	5445.5	
265.32	3493.8	
265.53	3509.5	
265.74	5358.9	
265.95	4691.9	
266.16	3721.2	
266.37	4150.5	
266.58	5425.1	
266.79	5102.9	
267	3512.3	
267.21	3263.8	
267.42	4873.5	
267.63	5228.5	
267.84	3759.4	
268.06	3205.1	
268.27	5686.5	
268.48	5925.5	
268.69	3622.9	
268.9	4293.9	
269.11	5943.9	
269.32	4736.3	
269.53	3708.2	
269.74	3435.1	
269.95	5582.8	
270.16	4691.2	
270.37	3732.8	
270.58	4297.3	
270.79	5134.3	
271	5765.7	
271.21	4026.3	
271.42	3746.4	
271.63	5382.7	
271.84	4902.2	
272.05	2960.7	
272.26	3368.2	
272.47	5261.2	
272.68	5511.1	
272.89	3547.1	
273.11	4108.9	
273.32	5105.6	
273.53	6067.4	
273.74	3992.9	
273.95	3880.2	
274.16	5878.4	
274.37	5319.9	
274.58	4014	
274.79	3285.6	
275	5409.4	
275.21	5905.7	
275.42	4861.9	
275.63	4227.7	
275.84	5512.4	
276.05	6887.3	
276.26	3928.7	
276.47	3700.7	
276.68	5103.5	
276.89	6270.2	
277.1	4183.3	
277.31	3305.4	
277.52	5498.8	
277.73	5697.4	
277.94	3251.5	
278.15	3586	
278.36	5456.5	
278.57	4885.8	
278.78	3543	
278.99	4061.8	
279.2	4932.2	
279.41	4839.4	
279.62	4672.8	
279.83	3386	
280.04	6422.4	
280.25	4781.3	
280.46	4708.3	
280.67	3716.4	
280.88	4889.9	
281.09	5858.6	
281.3	3962.8	
281.51	4901.5	
281.72	5014.8	
281.93	5800.5	
282.14	3523.9	
282.35	3784.6	
282.56	5750.7	
282.77	5699.5	
282.98	3595.6	
283.19	4371	
283.4	6905.1	
283.61	5261.9	
283.82	3308.8	
284.03	4580.6	
284.24	5446.2	
284.45	5864	
284.66	4601.1	
284.87	4427.7	
285.08	5791	
285.29	5945.9	
285.5	3196.2	
285.71	3671.3	
285.92	5850.4	
286.12	6453.1	
286.33	4579.3	
286.54	3676.1	
286.75	5723.4	
286.96	5150	
287.17	3343.7	
287.38	4558.1	
287.59	4945.2	
287.8	4837.3	
288.01	3664.5	
288.22	4171.7	
288.43	5738.4	
288.64	4831.2	
288.85	4354	
289.06	4097.3	
289.27	5670.1	
289.48	6120.7	
289.69	4627	
289.9	4160.1	
290.11	5921.4	
290.32	4977.9	
290.53	4413.4	
290.74	4095.3	
290.94	5679.7	
291.15	5730.2	
291.36	3573	
291.57	4145.8	
291.78	5083.7	
291.99	4726.7	
292.2	3400.3	
292.41	4040	
292.62	5806	
292.83	5629.9	
293.04	4951.3	
293.25	3395.5	
293.46	5107	
293.67	5810.8	
293.88	3526.6	
294.09	3341.6	
294.29	4805.2	
294.5	5404.6	
294.71	3810.6	
294.92	3588.7	
295.13	5056.4	
295.34	6294.8	
295.55	3173.7	
295.76	3414.6	
295.97	5677	
296.18	6404	
296.39	3364.1	
296.6	3558	
296.81	5385.5	
297.01	5668.8	
297.22	3691.8	
297.43	3406.5	
297.64	4967	
297.85	4913.1	
298.06	2946.3	
298.27	3182.5	
298.48	5272.2	
298.69	4974.5	
298.9	3822.9	
299.11	3390.8	
299.31	4766.3	
299.52	4831.2	
299.73	4078.9	
299.94	3918.4	
300.15	5289.2	
300.36	4917.2	
300.57	4054.3	
300.78	3931.4	
300.99	5174.5	
301.2	5374.6	
301.4	3502.7	
301.61	3769.6	
301.82	5499.5	
302.03	5665.4	
302.24	4233.2	
302.45	3358.7	
302.66	5574.6	
302.87	5969.8	
303.08	3541.6	
303.29	4838.7	
303.49	5040.7	
303.7	5267.4	
303.91	3125.2	
304.12	4564.9	
304.33	4715.8	
304.54	5440.1	
304.75	3543	
304.96	3331.4	
305.16	5565.7	
305.37	6216.3	
305.58	3117.7	
305.79	3213.3	
306	5556.1	
306.21	4687.8	
306.42	3564.1	
306.63	5353.4	
306.83	5111.7	
307.04	5836	
307.25	3863.2	
307.46	3837.9	
307.67	4554.7	
307.88	5746.6	
308.09	3470.6	
308.29	3627.6	
308.5	5368.4	
308.71	5856.5	
308.92	3754.6	
309.13	3382.6	
309.34	5178.6	
309.55	5193.6	
309.75	4376.5	
309.96	3986	
310.17	5698.8	
310.38	4999.1	
310.59	4151.9	
310.8	3273.3	
311.01	5086.5	
311.21	5158.2	
311.42	3315.7	
311.63	3466.5	
311.84	5090.6	
312.05	5370.5	
312.26	3908.2	
312.46	4238.6	
312.67	5109	
312.88	4848.9	
313.09	3444.7	
313.3	3363.4	
313.51	5971.9	
313.71	6404	
313.92	3424.2	
314.13	3527.3	
314.34	5475.6	
314.55	5193	
314.76	4319.8	
314.96	3821.5	
315.17	5303.6	
315.38	5677.7	
315.59	3419.4	
315.8	3261	
316.01	6069.5	
316.21	6134.3	
316.42	3302.7	
316.63	3807.9	
316.84	5156.1	
317.05	5959.6	
317.26	4019.5	
317.46	3578.5	
317.67	5214.8	
317.88	5660.6	
318.09	4281.6	
318.3	3209.2	
318.5	4990.2	
318.71	5565.7	
318.92	5481.7	
319.13	3987.4	
319.34	5816.9	
319.54	5896.8	
319.75	3181.9	
319.96	3001	
320.17	5658.5	
320.38	5831.9	
320.58	3070.6	
320.79	3700.7	
321	5839.4	
321.21	5995.1	
321.42	3747.1	
321.62	3045.3	
321.83	4904.9	
322.04	5285.8	
322.25	3605.8	
322.46	3437.9	
322.66	5389.6	
322.87	5574.6	
323.08	4198.3	
323.29	3344.3	
323.5	6267.5	
323.7	4829.1	
323.91	4632.5	
324.12	4154.6	
324.33	5345.2	
324.53	5583.4	
324.74	4009.2	
324.95	4184	
325.16	4763.6	
325.37	5100.1	
325.57	3392.1	
325.78	3516.4	
325.99	5375.2	
326.2	4759.5	
326.4	4957.4	
326.61	3136.1	
326.82	5224.4	
327.03	5403.9	
327.24	4801.8	
327.44	4493.9	
327.65	5530.9	
327.86	4498.7	
328.07	3979.9	
328.27	3335.5	
328.48	5930.9	
328.69	4860.5	
328.9	4878.9	
329.1	3624.9	
329.31	5170.4	
329.52	6049	
329.73	3412.6	
329.93	3809.9	
330.14	5305.6	
330.35	5493.3	
330.56	5542.5	
330.76	4201.1	
330.97	5073.5	
331.18	5459.9	
331.39	3734.1	
331.59	3067.9	
331.8	5826.5	
332.01	5998.5	
332.22	3501.3	
332.42	3998.3	
332.63	5382.7	
332.84	4951.3	
333.05	3805.8	
333.25	3490.4	
333.46	5067.4	
333.67	5277.6	
333.88	3540.9	
334.08	3957.4	
334.29	7027.3	
334.5	5917.9	
334.7	3331.4	
334.91	4811.4	
335.12	4867.3	
335.33	5664	
335.53	3792.2	
335.74	5533.6	
335.95	5124.7	
336.16	4945.2	
336.36	3728	
336.57	4367.6	
336.78	4830.5	
336.98	5872.9	
337.19	4646.2	
337.4	3686.3	
337.61	6371.2	
337.81	4850.3	
338.02	3524.6	
338.23	4379.9	
338.43	5963	
338.64	4957.4	
338.85	3433.1	
339.05	4448.9	
339.26	6055.2	
339.47	4752.7	
339.68	3472	
339.88	4995	
340.09	5541.1	
340.3	5673.6	
340.5	3966.2	
340.71	3074	
340.92	4798.4	
341.13	5988.3	
341.33	3302	
341.54	4027.7	
341.75	5466	
341.95	5105.6	
342.16	3847.5	
342.37	4141	
342.57	4912.4	
342.78	5257.8	
342.99	4242.7	
343.19	3117.7	
343.4	5679.7	
343.61	5557.5	
343.81	3651.5	
344.02	3323.9	
344.23	5660.6	
344.43	6076.3	
344.64	4255.7	
344.85	4173.8	
345.06	5546.6	
345.26	5869.5	
345.47	3911.6	
345.68	4607.9	
345.88	4701.5	
346.09	5713.2	
346.3	4051.6	
346.5	3044.6	
346.71	5295.4	
346.92	5018.9	
347.12	3123.2	
347.33	3892.5	
347.54	5728.9	
347.74	6178.7	
347.95	3908.9	
348.16	2913.6	
348.36	5111	
348.57	4932.9	
348.78	3935.5	
348.98	4207.9	
349.19	5236.7	
349.39	4788.8	
349.6	3138.9	
349.81	3502	
350.01	5542.5	
350.22	4986.8	
350.43	3788.7	
350.63	4548.5	
350.84	5313.1	
351.05	5089.9	
351.25	3437.9	
351.46	3154.6	
351.67	5771.2	
351.87	5007.3	
352.08	3637.2	
352.29	4217.5	
352.49	5683.1	
352.7	5821.7	
352.9	3353.2	
353.11	4110.3	
353.32	6339.8	
353.52	5149.3	
353.73	3287.7	
353.94	4201.7	
354.14	5539.8	
354.35	5410.7	
354.55	3387.3	
354.76	3806.5	
354.97	5535.7	
355.17	5293.3	
355.38	3229	
355.59	4382	
355.79	5025	
356	5300.8	
356.2	3803.1	
356.41	3337.5	
356.62	4776.5	
356.82	5238.7	
357.03	4030.4	
357.24	3684.3	
357.44	5033.2	
357.65	5112.4	
357.85	4828.4	
358.06	3790.1	
358.27	4752	
358.47	5007.3	
358.68	3187.3	
358.88	3997.6	
359.09	5505.6	
359.3	5881.8	
359.5	4658.4	
359.71	4150.5	
359.91	6327.5	
360.12	5655.1	
360.33	3964.2	
360.53	4487.1	
360.74	5003.9	
360.94	5084.4	
361.15	4213.4	
361.36	3537.5	
361.56	5773.9	
361.77	5190.2	
361.97	4629.8	
362.18	3694.5	
362.38	5791.7	
362.59	4879.6	
362.8	3452.9	
363	3323.9	
363.21	4717.8	
363.41	5396.4	
363.62	3923.9	
363.83	4926	
364.03	5495.4	
364.24	6414.2	
364.44	5031.9	
364.65	4989.5	
364.85	5228.5	
365.06	4969.7	
365.27	3624.2	
365.47	3689.8	
365.68	6199.2	
365.88	5237.3	
366.09	4024.9	
366.29	3771	
366.5	5452.4	
366.71	5891.3	
366.91	4971.8	
367.12	4170.3	
367.32	6453.1	
367.53	5737	
367.73	4099.4	
367.94	5074.9	
368.14	5721.3	
368.35	6590.4	
368.56	4083	
368.76	3495.9	
368.97	5791.7	
369.17	7402.7	
369.38	3677.5	
369.58	3949.2	
369.79	4882.4	
369.99	6150.7	
370.2	4863.9	
370.4	4005.8	
370.61	5539.8	
370.82	6630.6	
371.02	3926	
371.23	3315	
371.43	4845.5	
371.64	6087.2	
371.84	3932.1	
372.05	5062.6	
372.25	7310.6	
372.46	5829.2	
372.66	3917.8	
372.87	3885	
373.07	5855.1	
373.28	7438.2	
373.48	4909.7	
373.69	4662.5	
373.9	5389.6	
374.1	5495.4	
374.31	4861.9	
374.51	4431.8	
374.72	6163	
374.92	5158.8	
375.13	4999.1	
375.33	4267.3	
375.54	5799.8	
375.74	5335.6	
375.95	4360.8	
376.15	5571.8	
376.36	5858.6	
376.56	5678.3	
376.77	4458.4	
376.97	4894	
377.18	6860	
377.38	6012.8	
377.59	5175.2	
377.79	3962.8	
378	5780.7	
378.2	6242.9	
378.41	4114.4	
378.61	3962.8	
378.82	6252.4	
379.02	5425.8	
379.23	4258.4	
379.43	5325.4	
379.64	6383.5	
379.84	6004.6	
380.05	4141	
380.25	4036.5	
380.46	6052.4	
380.66	5681.1	
380.87	5402.5	
381.07	5666	
381.28	6671.6	
381.48	6074.3	
381.69	4095.3	
381.89	4154.6	
382.1	5031.2	
382.3	6209.4	
382.51	5128.1	
382.71	5959.6	
382.91	6059.9	
383.12	6564.4	
383.32	4491.2	
383.53	4578.6	
383.73	5820.3	
383.94	5692	
384.14	4509.6	
384.35	3760.1	
384.55	5672.2	
384.76	6039.5	
384.96	4341	
385.17	4691.9	
385.37	6020.3	
385.58	5348.6	
385.78	4688.5	
385.98	3592.1	
386.19	5554.8	
386.39	5893.4	
386.6	4180.6	
386.8	4378.6	
387.01	6037.4	
387.21	6055.2	
387.42	4734.9	
387.62	5318.6	
387.83	5358.9	
388.03	5930.2	
388.23	4461.8	
388.44	5212.8	
388.64	5107	
388.85	5209.3	
389.05	4795.7	
389.26	5360.9	
389.46	7011.6	
389.67	6442.9	
389.87	4766.3	
390.07	4847.5	
390.28	5733.6	
390.48	5315.8	
390.69	4049.5	
390.89	4391.5	
391.1	5552.7	
391.3	6352.1	
391.5	5505.6	
391.71	6016.9	
391.91	6141.9	
392.12	7088	
392.32	5571.8	
392.53	4803.9	
392.73	5584.1	
392.93	5761.6	
393.14	4485.1	
393.34	5322.7	
393.55	6219	
393.75	5713.2	
393.95	4460.5	
394.16	4352.6	
394.36	5520.6	
394.57	6141.2	
394.77	3999.7	
394.98	4357.4	
395.18	5474.2	
395.38	5678.3	
395.59	5238	
395.79	4249.5	
396	5605.3	
396.2	6068.8	
396.4	5038.7	
396.61	5001.8	
396.81	6258.6	
397.02	5644.2	
397.22	5310.4	
397.42	5353.4	
397.63	6277.7	
397.83	5607.3	
398.04	4274.1	
398.24	4812.7	
398.44	6034	
398.65	5216.2	
398.85	4162.8	
399.05	4255	
399.26	5588.2	
399.46	7193.1	
399.67	4629.8	
399.87	4375.1	
400.07	5943.9	
400.28	6214.2	
400.48	4489.8	
400.69	5511.1	
400.89	6534.4	
401.09	6946.7	
401.3	4405.2	
401.5	5535.7	
401.7	7237.5	
401.91	7421.2	
402.11	4749.2	
402.32	4941.7	
402.52	6511.9	
402.72	6512.5	
402.93	5148.6	
403.13	4050.9	
403.33	7246.4	
403.54	5911.8	
403.74	4831.2	
403.94	5638.7	
404.15	6064	
404.35	7073.7	
404.56	4570.4	
404.76	6246.3	
404.96	6364.4	
405.17	6106.4	
405.37	5724.8	
405.57	4983.4	
405.78	6503	
405.98	5883.8	
406.18	4583.4	
406.39	5415.5	
406.59	6434	
406.79	6143.9	
407	4470	
407.2	4563.6	
407.4	6549.4	
407.61	6748.1	
407.81	4494.6	
408.01	6657.9	
408.22	5466.7	
408.42	7402	
408.62	5627.8	
408.83	5079	
409.03	6125.5	
409.23	5969.1	
409.44	5265.3	
409.64	5547.9	
409.84	7073	
410.05	6990.4	
410.25	5405.3	
410.45	5231.2	
410.66	6567.2	
410.86	8884.8	
411.06	5656.5	
411.27	5548.6	
411.47	8720.3	
411.67	6787	
411.88	5772.5	
412.08	6061.3	
412.28	7374.1	
412.49	7929.7	
412.69	5608	
412.89	5688.6	
413.09	7711.3	
413.3	7627.3	
413.5	5745.9	
413.7	5350	
413.91	6933.1	
414.11	7767.3	
414.31	5601.2	
414.52	6025.8	
414.72	7433.4	
414.92	7340.6	
415.12	5636	
415.33	6095.4	
415.53	7815	
415.73	7846.5	
415.94	6486.6	
416.14	5881.1	
416.34	6763.1	
416.55	6645.7	
416.75	6993.1	
416.95	6571.2	
417.15	7776.1	
417.36	8430.1	
417.56	7184.3	
417.76	6297.5	
417.97	8107.9	
418.17	7879.9	
418.37	5963	
418.57	6094.8	
418.78	7597.3	
418.98	7304.4	
419.18	6913.3	
419.38	6788.3	
419.59	7349.5	
419.79	6959.7	
419.99	5926.1	
420.2	6307.7	
420.4	7836.9	
420.6	7960.5	
420.8	5747.3	
421.01	5565.7	
421.21	7599.3	
421.41	7793.9	
421.61	6210.8	
421.82	5857.9	
422.02	7204.1	
422.22	8130.4	
422.42	6646.3	
422.63	6249.7	
422.83	7379.5	
423.03	8372.1	
423.23	6325.5	
423.44	5313.8	
423.64	7350.2	
423.84	7074.4	
424.04	5622.4	
424.25	5401.2	
424.45	8193.9	
424.65	8136.6	
424.85	5225.1	
425.06	5774.6	
425.26	8070.4	
425.46	6668.2	
425.66	6227.2	
425.87	5885.9	
426.07	7837.6	
426.27	7771.4	
426.47	6004	
426.67	5379.3	
426.88	8208.9	
427.08	7674.4	
427.28	6230.6	
427.48	5339.7	
427.69	6655.2	
427.89	7142.6	
428.09	6203.3	
428.29	5388.2	
428.5	7854	
428.7	7295.5	
428.9	5238	
429.1	5803.3	
429.3	7237.5	
429.51	7688.8	
429.71	5599.8	
429.91	6320.7	
430.11	7594.6	
430.31	7843	
430.52	5864	
430.72	6064	
430.92	8206.9	
431.12	7669.6	
431.32	5547.3	
431.53	5952.8	
431.73	6617	
431.93	8244.4	
432.13	5386.2	
432.33	5414.8	
432.54	7018.4	
432.74	7320.1	
432.94	5274.9	
433.14	6256.5	
433.34	7593.9	
433.55	7168.6	
433.75	6216.3	
433.95	7987.1	
434.15	7376.1	
434.35	7119.4	
434.56	5515.2	
434.76	5062.6	
434.96	7357.7	
435.16	7671	
435.36	5421	
435.56	6518.7	
435.77	7084.6	
435.97	7238.9	
436.17	7169.3	
436.37	6464.8	
436.57	7030.7	
436.78	6939.9	
436.98	6341.2	
437.18	7006.8	
437.38	7645.8	
437.58	7197.9	
437.78	7122.2	
437.99	5893.4	
438.19	7703.8	
438.39	8445.1	
438.59	5761.6	
438.79	5300.8	
438.99	8396.7	
439.2	7215	
439.4	5340.4	
439.6	5331.5	
439.8	7444.4	
440	8473.8	
440.2	6298.2	
440.4	6382.8	
440.61	7804.1	
440.81	8400.1	
441.01	5559.6	
441.21	6346	
441.41	8303.1	
441.61	7912.7	
441.81	6809.5	
442.02	7717.4	
442.22	8791.2	
442.42	8090.8	
442.62	5618.9	
442.82	5726.8	
443.02	8348.9	
443.22	7477.8	
443.43	6136.4	
443.63	5709.7	
443.83	7203.4	
444.03	7294.2	
444.23	6946	
444.43	6568.5	
444.63	7593.2	
444.83	8814.5	
445.04	5875.6	
445.24	7118.1	
445.44	8012.3	
445.64	8117.5	
445.84	6652.5	
446.04	6572.6	
446.24	7375.4	
446.44	8404.9	
446.65	5827.8	
446.85	6214.2	
447.05	7378.1	
447.25	8251.9	
447.45	6227.2	
447.65	5565.7	
447.85	7615	
448.05	7230	
448.25	6642.2	
448.46	6421.7	
448.66	7626	
448.86	7312.6	
449.06	5431.9	
449.26	6524.8	
449.46	7967.3	
449.66	7035.5	
449.86	6240.8	
450.06	6072.2	
450.26	7318.8	
450.47	7864.2	
450.67	6352.8	
450.87	6758.3	
451.07	7865.6	
451.27	7694.2	
451.47	5697.4	
451.67	6262.7	
451.87	7329.7	
452.07	8413.1	
452.27	5943.2	
452.47	5853.1	
452.67	7636.9	
452.88	8078.6	
453.08	5259.2	
453.28	7258.7	
453.48	8826.7	
453.68	7576.8	
453.88	5810.8	
454.08	6024.4	
454.28	7955.7	
454.48	7676.5	
454.68	6565.8	
454.88	7053.9	
455.08	8012.3	
455.28	7798.7	
455.48	5666.7	
455.68	6354.8	
455.89	8595.3	
456.09	8149.6	
456.29	5970.5	
456.49	6107.7	
456.69	8366	
456.89	7748.1	
457.09	6560.3	
457.29	6991.8	
457.49	7994.6	
457.69	8188.5	
457.89	6442.2	
458.09	5791	
458.29	7780.2	
458.49	8462.9	
458.69	6809.5	
458.89	6269.5	
459.09	8765.3	
459.29	8880	
459.49	6359.6	
459.69	7150.1	
459.9	8358.4	
460.1	7942	
460.3	6280.4	
460.5	6050.4	
460.7	8269.7	
460.9	7948.2	
461.1	5735.7	
461.3	6983.6	
461.5	8889.5	
461.7	8480	
461.9	6170.5	
462.1	6627.9	
462.3	8069	
462.5	8587.1	
462.7	6204	
462.9	6320.7	
463.1	9480.7	
463.3	9185.8	
463.5	6476.4	
463.7	7430.7	
463.9	8224.6	
464.1	8631.5	
464.3	6698.2	
464.5	6897.6	
464.7	8916.9	
464.9	8565.3	
465.1	8198.7	
465.3	7293.5	
465.5	9238.4	
465.7	9202.9	
465.9	7527.7	
466.1	7321.5	
466.3	9013.1	
466.5	8845.2	
466.7	8124.3	
466.9	7075.7	
467.1	8802.9	
467.3	9790	
467.5	8140	
467.7	7014.3	
467.9	9897.8	
468.1	10705	
468.3	7813	
468.5	8204.2	
468.7	8766.7	
468.9	8770.8	
469.1	7350.2	
469.3	8062.2	
469.5	10711	
469.7	8408.3	
469.9	7813	
470.1	7204.1	
470.3	8901.2	
470.5	8873.2	
470.7	8379.6	
470.9	7311.9	
471.1	8682.7	
471.3	9068.4	
471.5	7051.2	
471.69	8895	
471.89	8550.3	
472.09	8085.4	
472.29	7881.9	
472.49	8130.4	
472.69	8240.3	
472.89	9056.8	
473.09	6877.8	
473.29	7040.2	
473.49	8389.8	
473.69	8518.9	
473.89	7998	
474.09	7189.1	
474.29	9785.9	
474.49	9432.3	
474.69	7903.1	
474.89	7288	
475.09	8633.6	
475.29	8457.4	
475.49	6731	
475.69	6958.3	
475.88	10064	
476.08	8836.3	
476.28	6711.9	
476.48	7128.3	
476.68	9327.8	
476.88	9084.1	
477.08	6937.8	
477.28	7287.4	
477.48	8579.6	
477.68	9226.8	
477.88	6747.4	
478.08	7116.7	
478.28	9512.8	
478.48	8680.7	
478.67	7077.8	
478.87	6550.1	
479.07	9318.3	
479.27	8645.2	
479.47	7275.8	
479.67	7317.4	
479.87	9143.5	
480.07	9695.1	
480.27	6581.5	
480.47	8123.6	
480.67	8794.7	
480.87	9451.4	
481.06	6865.5	
481.26	7695.6	
481.46	8750.3	
481.66	8656.1	
481.86	7334.5	
482.06	8303.8	
482.26	8529.1	
482.46	9495.7	
482.66	7256.6	
482.86	6815.6	
483.05	8735.3	
483.25	8267.6	
483.45	9605.7	
483.65	7175.4	
483.85	8371.4	
484.05	8690.2	
484.25	7690.8	
484.45	8183	
484.65	9437.7	
484.84	9460.9	
485.04	7154.9	
485.24	7107.1	
485.44	9693	
485.64	8137.3	
485.84	6463.4	
486.04	7787.7	
486.24	8573.5	
486.44	8817.9	
486.63	6434.7	
486.83	7213.6	
487.03	8408.3	
487.23	8692.9	
487.43	6587.6	
487.63	8847.2	
487.83	8713.4	
488.02	9530.6	
488.22	7494.9	
488.42	8062.9	
488.62	9465	
488.82	8458.8	
489.02	7122.8	
489.22	7266.9	
489.41	9286.9	
489.61	9138	
489.81	6873	
490.01	6988.4	
490.21	9312.1	
490.41	10005	
490.61	6946.7	
490.8	7074.4	
491	8794	
491.2	8206.9	
491.4	7628	
491.6	6847.7	
491.8	8888.2	
491.99	8900.5	
492.19	6571.2	
492.39	6924.2	
492.59	9228.8	
492.79	9237.7	
492.99	7690.1	
493.18	6792.4	
493.38	9348.3	
493.58	10069	
493.78	7515.4	
493.98	7237.5	
494.18	9121.7	
494.37	8638.3	
494.57	7849.9	
494.77	7688.8	
494.97	9348.3	
495.17	9678	
495.37	7268.9	
495.56	7671	
495.76	9840.5	
495.96	9494.4	
496.16	8449.2	
496.36	7436.2	
496.55	9708.1	
496.75	9090.3	
496.95	7892.9	
497.15	7813	
497.35	9686.9	
497.54	9637.1	
497.74	7517.4	
497.94	9247.3	
498.14	10411	
498.34	10129	
498.53	7307.2	
498.73	7954.3	
498.93	9091.6	
499.13	9677.3	
499.33	7870.3	
499.52	8392.6	
499.72	9654.8	
499.92	9912.2	
500.12	7561.8	
500.32	7817.1	
500.51	9888.3	
500.71	9751.1	
500.91	8587.8	
501.11	8238.3	
501.31	9858.2	
501.5	10307	
501.7	8832.9	
501.9	7920.9	
502.1	9634.3	
502.29	9979.8	
502.49	8389.2	
502.69	8803.5	
502.89	9786.6	
503.09	9887.6	
503.28	7397.9	
503.48	7486	
503.68	9060.9	
503.88	9062.3	
504.07	8416.5	
504.27	7959.8	
504.47	9483.5	
504.67	9558.6	
504.86	8230.8	
505.06	8032.8	
505.26	9166.7	
505.46	10959	
505.65	7904.5	
505.85	8147.5	
506.05	8992.6	
506.25	9553.1	
506.44	7245	
506.64	8097	
506.84	8844.5	
507.04	9849.4	
507.23	7508.5	
507.43	7903.1	
507.63	10842	
507.83	9155.8	
508.02	7957.7	
508.22	7589.8	
508.42	11058	
508.62	9004.2	
508.81	8039	
509.01	8370	
509.21	8844.5	
509.4	9118.2	
509.6	7998.7	
509.8	7440.3	
510	9011.1	
510.19	10471	
510.39	7423.9	
510.59	7408.2	
510.79	8789.9	
510.98	10196	
511.18	7515.4	
511.38	7596.6	
511.57	9656.2	
511.77	9525.8	
511.97	8219.2	
512.17	7154.9	
512.36	9620.7	
512.56	9637.7	
512.76	7337.9	
512.95	7095.5	
513.15	9852.1	
513.35	8327	
513.55	8108.6	
513.74	7335.1	
513.94	9531.9	
514.14	9016.5	
514.33	8205.5	
514.53	8011.7	
514.73	8981	
514.92	9198.1	
515.12	7568.6	
515.32	7343.3	
515.51	9256.8	
515.71	9885.5	
515.91	8957.8	
516.11	7367.9	
516.3	10903	
516.5	8899.1	
516.7	7958.4	
516.89	8496.3	
517.09	9026.8	
517.29	8933.9	
517.48	8428.8	
517.68	7629.4	
517.88	8720.3	
518.07	9425.4	
518.27	8110	
518.47	7150.1	
518.66	9844.6	
518.86	8578.9	
519.06	6983.6	
519.25	7449.1	
519.45	8926.4	
519.65	10361	
519.84	8094.3	
520.04	8746.2	
520.24	10643	
520.43	9426.1	
520.63	7732.4	
520.83	7631.4	
521.02	8748.2	
521.22	9430.9	
521.42	8046.5	
521.61	8567.3	
521.81	8926.4	
522.01	9233.6	
522.2	7884	
522.4	7653.3	
522.6	9507.4	
522.79	8480.6	
522.99	7720.8	
523.18	7078.5	
523.38	9280.7	
523.58	9312.1	
523.77	8942.8	
523.97	7062.8	
524.17	11102	
524.36	10327	
524.56	8346.2	
524.76	8005.5	
524.95	9311.4	
525.15	9071.1	
525.34	7890.8	
525.54	7929.7	
525.74	9799.5	
525.93	8791.9	
526.13	8966.7	
526.33	7806.2	
526.52	10019	
526.72	9536	
526.91	9109.4	
527.11	8320.2	
527.31	10076	
527.5	10445	
527.7	8299.7	
527.89	7270.3	
528.09	9082.1	
528.29	9575.6	
528.48	8668.4	
528.68	8225.3	
528.87	9944.3	
529.07	10107	
529.27	8290.2	
529.46	7748.1	
529.66	9586.5	
529.85	10058	
530.05	7607.5	
530.25	8257.4	
530.44	11080	
530.64	9663.7	
530.83	8063.5	
531.03	8267.6	
531.23	10073	
531.42	9931.3	
531.62	8937.3	
531.81	8105.9	
532.01	10086	
532.21	10528	
532.4	7857.4	
532.6	8310.7	
532.79	10939	
532.99	10195	
533.18	8272.4	
533.38	9409.7	
533.58	9935.4	
533.77	10494	
533.97	8356.4	
534.16	9083.4	
534.36	10715	
534.55	9809.1	
534.75	9304.6	
534.95	8458.8	
535.14	10774	
535.34	9869.2	
535.53	8150.9	
535.73	10082	
535.92	11140	
536.12	9934	
536.31	8250.6	
536.51	9409.1	
536.71	10270	
536.9	9883.5	
537.1	8364.6	
537.29	8449.2	
537.49	10714	
537.68	9746.3	
537.88	8847.2	
538.07	8045.8	
538.27	9916.9	
538.46	10901	
538.66	7855.3	
538.86	8391.2	
539.05	9964.1	
539.25	10412	
539.44	8681.3	
539.64	8318.8	
539.83	9911.5	
540.03	10781	
540.22	8101.1	
540.42	8250.6	
540.61	10148	
540.81	10291	
541	8751.7	
541.2	9314.2	
541.39	9628.9	
541.59	9946.3	
541.78	9028.8	
541.98	8152.3	
542.18	9263.6	
542.37	9280	
542.57	8473.1	
542.76	9028.1	
542.96	9334.6	
543.15	10034	
543.35	8494.3	
543.54	7883.3	
543.74	10320	
543.93	9823.4	
544.13	8437.6	
544.32	9522.4	
544.52	10201	
544.71	9405	
544.91	7585.7	
545.1	8743.5	
545.3	9391.3	
545.49	10037	
545.69	7587	
545.88	8094.3	
546.08	10933	
546.27	10546	
546.47	8594.6	
546.66	7841	
546.86	10264	
547.05	10820	
547.24	8137.9	
547.44	7987.1	
547.63	9182.4	
547.83	10274	
548.02	8245.8	
548.22	8573.5	
548.41	9217.2	
548.61	10359	
548.8	7877.9	
549	7716.7	
549.19	9756.5	
549.39	10197	
549.58	7499.7	
549.78	8158.4	
549.97	10072	
550.17	9532.6	
550.36	8933.2	
550.55	9882.8	
550.75	9595.4	
550.94	10438	
551.14	7708.6	
551.33	8189.1	
551.53	8890.9	
551.72	9764.7	
551.92	8135.2	
552.11	7927.7	
552.31	9837.1	
552.5	9986.6	
552.69	9498.5	
552.89	7539.9	
553.08	9791.3	
553.28	9512.8	
553.47	7946.8	
553.67	8965.3	
553.86	10445	
554.06	8858.1	
554.25	7144	
554.44	7689.4	
554.64	11045	
554.83	10683	
555.03	7615	
555.22	7996.6	
555.42	9933.3	
555.61	9764.7	
555.8	7776.8	
556	8054.7	
556.19	8903.9	
556.39	10083	
556.58	7857.4	
556.78	7887.4	
556.97	9529.2	
557.16	9355.8	
557.36	9009.7	
557.55	7519.5	
557.75	8589.2	
557.94	10296	
558.13	7661.5	
558.33	7322.9	
558.52	10062	
558.72	8985.8	
558.91	7499.7	
559.1	7678.5	
559.3	8778.3	
559.49	8460.8	
559.69	7007.5	
559.88	8068.3	
560.07	9529.2	
560.27	9966.1	
560.46	8260.1	
560.66	8290.2	
560.85	9269.1	
561.04	8617.2	
561.24	7505.8	
561.43	7658	
561.63	8757.8	
561.82	9026.1	
562.01	8850.6	
562.21	7915.4	
562.4	9463.7	
562.59	10467	
562.79	7754.3	
562.98	7433.4	
563.18	9412.5	
563.37	10865	
563.56	8210.3	
563.76	7413.6	
563.95	8991.3	
564.14	8763.9	
564.34	7684.7	
564.53	7461.4	
564.73	9329.9	
564.92	9682.8	
565.11	7905.8	
565.31	7291.5	
565.5	9955.2	
565.69	8890.9	
565.89	7532.4	
566.08	7732.4	
566.27	9750.4	
566.47	10161	
566.66	8372.8	
566.85	7208.8	
567.05	9493	
567.24	8933.9	
567.44	7454.6	
567.63	8772.8	
567.82	9770.2	
568.02	9424.8	
568.21	7441.6	
568.4	7838.9	
568.6	9257.5	
568.79	9218.6	
568.98	7359.7	
569.18	7448.5	
569.37	9233.6	
569.56	11114	
569.76	7809.6	
569.95	8746.9	
570.14	9586.5	
570.34	9521	
570.53	7323.5	
570.72	7294.9	
570.91	10077	
571.11	9243.8	
571.3	7836.9	
571.49	8669.7	
571.69	9260.2	
571.88	8805.6	
572.07	8271.7	
572.27	8306.6	
572.46	8834.3	
572.65	9824.1	
572.85	7653.9	
573.04	7872.4	
573.23	10101	
573.43	9334.6	
573.62	7322.2	
573.81	7897.7	
574	9385.8	
574.2	9183.1	
574.39	7740	
574.58	7936.6	
574.78	10178	
574.97	9473.2	
575.16	8194.6	
575.36	8286.1	
575.55	9959.3	
575.74	10083	
575.93	7396.6	
576.13	8428.1	
576.32	9269.8	
576.51	9849.4	
576.71	7831.4	
576.9	9065	
577.09	10158	
577.28	9661.6	
577.48	8166.6	
577.67	7303.7	
577.86	9284.1	
578.05	9641.8	
578.25	7897	
578.44	8002.1	
578.63	9502.6	
578.83	10617	
579.02	7369.3	
579.21	8862.9	
579.4	9640.5	
579.6	9417.9	
579.79	8105.2	
579.98	10152	
580.17	9943.6	
580.37	10034	
580.56	7569.3	
580.75	8256	
580.94	10554	
581.14	10421	
581.33	8776.9	
581.52	7649.8	
581.71	9848	
581.91	10484	
582.1	7333.1	
582.29	7983	
582.48	9557.9	
582.68	9443.2	
582.87	8460.2	
583.06	8054	
583.25	9810.5	
583.45	9213.8	
583.64	8768	
583.83	9468.4	
584.02	9350.3	
584.21	9827.5	
584.41	8763.3	
584.6	8002.1	
584.79	9611.8	
584.98	10336	
585.18	7511.3	
585.37	7443	
585.56	9162.6	
585.75	9826.2	
585.94	7713.3	
586.14	8392.6	
586.33	10426	
586.52	9444.5	
586.71	8170	
586.91	7875.8	
587.1	8874.5	
587.29	9899.9	
587.48	7879.2	
587.67	7718.8	
587.87	9666.4	
588.06	9835.7	
588.25	9004.9	
588.44	8374.1	
588.63	9428.8	
588.83	9940.2	
589.02	7866.2	
589.21	7719.5	
589.4	9263.6	
589.59	9050	
589.78	7008.1	
589.98	7237.5	
590.17	8705.9	
590.36	9212.4	
590.55	6703.7	
590.74	7473.7	
590.94	10426	
591.13	9047.2	
591.32	7167.9	
591.51	6708.5	
591.7	9534	
591.89	9053.4	
592.09	6886	
592.28	7320.8	
592.47	8279.3	
592.66	10085	
592.85	6890.7	
593.05	7073	
593.24	8852.7	
593.43	9656.9	
593.62	7131	
593.81	7613.7	
594	8871.1	
594.19	9174.2	
594.39	6980.8	
594.58	7007.5	
594.77	9124.4	
594.96	9710.8	
595.15	6983.6	
595.34	7638.2	
595.54	9237	
595.73	8370	
595.92	6335.7	
596.11	7526.3	
596.3	9781.8	
596.49	8465.6	
596.68	7203.4	
596.88	7567.2	
597.07	9385.8	
597.26	8345.5	
597.45	6785.6	
597.64	7864.2	
597.83	8471.1	
598.02	9162.6	
598.22	6823.1	
598.41	7522.2	
598.6	8942.8	
598.79	8297	
598.98	6861.4	
599.17	7763.2	
599.36	8898.4	
599.55	9980.4	
599.74	8814.5	
599.94	8634.2	
600.13	9469.1	
600.32	8290.2	
600.51	6651.1	
600.7	6768.5	
600.89	10001	
601.08	10114	
601.27	6507.8	
601.47	7483.3	
601.66	9287.5	
601.85	9971.6	
602.04	7245.7	
602.23	7449.1	
602.42	8436.3	
602.61	9053.4	
602.8	7086	
602.99	6891.4	
603.18	8746.9	
603.37	9010.4	
603.57	7506.5	
603.76	7997.3	
603.95	9706	
604.14	9208.4	
604.33	7024.5	
604.52	7300.3	
604.71	8827.4	
604.9	8533.2	
605.09	8137.9	
605.28	7663.5	
605.47	9491.7	
605.66	9131.2	
605.86	7507.2	
606.05	6930.3	
606.24	9499.2	
606.43	8062.2	
606.62	7210.9	
606.81	7965.9	
607	9327.1	
607.19	8594.6	
607.38	6692.1	
607.57	6991.1	
607.76	8505.9	
607.95	7999.4	
608.14	7281.9	
608.33	7985	
608.52	8522.3	
608.72	9268.4	
608.91	6633.4	
609.1	6539.8	
609.29	8622.6	
609.48	8105.2	
609.67	7542.7	
609.86	6532.3	
610.05	8142	
610.24	8501.8	
610.43	6507.1	
610.62	6047.7	
610.81	9557.9	
611	9313.5	
611.19	6610.2	
611.38	7143.3	
611.57	8728.4	
611.76	10030	
611.95	6321.4	
612.14	6219	
612.33	8510.7	
612.52	8101.1	
612.71	6855.2	
612.9	6076.3	
613.09	7797.3	
613.28	10024	
613.47	6632.7	
613.66	7453.2	
613.85	8662.9	
614.04	8258.1	
614.24	6683.9	
614.43	5900.2	
614.62	8799.4	
614.81	8789.9	
615	7296.9	
615.19	7241.6	
615.38	8133.8	
615.57	8419.2	
615.76	7157	
615.95	8018.5	
616.14	8804.2	
616.33	8557.8	
616.52	7380.9	
616.71	7675.8	
616.9	8806.3	
617.09	8615.1	
617.28	6791.1	
617.47	8051.2	
617.66	7880.6	
617.85	7952.3	
618.04	7590.5	
618.22	7197.9	
618.41	8288.1	
618.6	9165.3	
618.79	7103.7	
618.98	6806.8	
619.17	9453.4	
619.36	7791.8	
619.55	6873.7	
619.74	7015.7	
619.93	8819.2	
620.12	8212.4	
620.31	7430	
620.5	7690.1	
620.69	9270.5	
620.88	9699.9	
621.07	8371.4	
621.26	7417.1	
621.45	8993.3	
621.64	8930.5	
621.83	7552.2	
622.02	6806.8	
622.21	8994.7	
622.4	8837	
622.59	8084	
622.78	7863.5	
622.97	8459.5	
623.16	9377.6	
623.35	7441	
623.54	6648.4	
623.72	8533.2	
623.91	8738.7	
624.1	7765.2	
624.29	6496.2	
624.48	9859.6	
624.67	9041.8	
624.86	7589.1	
625.05	6725.5	
625.24	9928.6	
625.43	8427.4	
625.62	9249.3	
625.81	6959.7	
626	9345.6	
626.19	8693.6	
626.38	7675.1	
626.56	7092.1	
626.75	8540.7	
626.94	8983.1	
627.13	7785	
627.32	6565.8	
627.51	9131.9	
627.7	10408	
627.89	6578.1	
628.08	7749.5	
628.27	8432.2	
628.46	8568.7	
628.65	6810.9	
628.83	6597.9	
629.02	9045.9	
629.21	8366.6	
629.4	7342	
629.59	7595.9	
629.78	8348.2	
629.97	9344.9	
630.16	7522.9	
630.35	7045.7	
630.54	9686.9	
630.72	9434.3	
630.91	7059.3	
631.1	7488.7	
631.29	8906.6	
631.48	9027.4	
631.67	7658.7	
631.86	7095.5	
632.05	8449.2	
632.24	8568.7	
632.42	6752.8	
632.61	7393.8	
632.8	8746.2	
632.99	8320.9	
633.18	7400.7	
633.37	7834.8	
633.56	8890.9	
633.75	8755.7	
633.93	7329	
634.12	7083.2	
634.31	9635	
634.5	9300.5	
634.69	7136.5	
634.88	7511.9	
635.07	8656.1	
635.25	9271.2	
635.44	7988.4	
635.63	8136.6	
635.82	8505.2	
636.01	8066.9	
636.2	7836.9	
636.39	7464.2	
636.57	9635.7	
636.76	9260.9	
636.95	6895.5	
637.14	8179.6	
637.33	8856.1	
637.52	9796.1	
637.7	6661.4	
637.89	7677.8	
638.08	8541.4	
638.27	9858.2	
638.46	7622.5	
638.65	8051.9	
638.83	9890.3	
639.02	8374.1	
639.21	7559.7	
639.4	8062.2	
639.59	8874.5	
639.78	8413.7	
639.96	6888	
640.15	6861.4	
640.34	8642.4	
640.53	8737.3	
640.72	6632.7	
640.91	6996.5	
641.09	8115.4	
641.28	9417.9	
641.47	6932.4	
641.66	7710.6	
641.85	8737.3	
642.03	9061.6	
642.22	7445.7	
642.41	7012.9	
642.6	8315.4	
642.79	7656	
642.97	6827.9	
643.16	7504.4	
643.35	8222.6	
643.54	7959.1	
643.73	6688	
643.91	7425.9	
644.1	7830.1	
644.29	8441	
644.48	6731	
644.67	6834.1	
644.85	8033.5	
645.04	8379.6	
645.23	6378.7	
645.42	6732.4	
645.6	7971.4	
645.79	9090.3	
645.98	6645	
646.17	5804.6	
646.36	7681.2	
646.54	8212.4	
646.73	7404.8	
646.92	6249.7	
647.11	7858.7	
647.29	8905.3	
647.48	6364.4	
647.67	6169.2	
647.86	9128.5	
648.05	9146.2	
648.23	6666.1	
648.42	7787.7	
648.61	8471.1	
648.8	8235.6	
648.98	6335.7	
649.17	6578.8	
649.36	7791.8	
649.55	7339.9	
649.73	6330.3	
649.92	7053.2	
650.11	7701.7	
650.3	8047.2	
650.48	6397.9	
650.67	6328.9	
650.86	8329.8	
651.05	7260	
651.23	6458.6	
651.42	6411.5	
651.61	7724.3	
651.79	7861.5	
651.98	6571.9	
652.17	6225.8	
652.36	8184.4	
652.54	7371.3	
652.73	6313.2	
652.92	6135	
653.11	8181.6	
653.29	8357.1	
653.48	5627.8	
653.67	6494.1	
653.85	8006.9	
654.04	8976.2	
654.23	6671.6	
654.42	6322.1	
654.6	7584.3	
654.79	8197.3	
654.98	5812.1	
655.16	6303	
655.35	7191.1	
655.54	7032.7	
655.73	5809.4	
655.91	5742.5	
656.1	8157.1	
656.29	7000.6	
656.47	5323.4	
656.66	6897.6	
656.85	7223.9	
657.03	7339.2	
657.22	5944.6	
657.41	5993	
657.59	7398.6	
657.78	7200	
657.97	5610.1	
658.16	6318	
658.34	8055.3	
658.53	8423.3	
658.72	7107.1	
658.9	7587	
659.09	7460.1	
659.28	7638.2	
659.46	6027.2	
659.65	6065.4	
659.84	7276.4	
660.02	7798	
660.21	5909.8	
660.4	5903.6	
660.58	8208.3	
660.77	7673.7	
660.96	6436.8	
661.14	5511.8	
661.33	8727.8	
661.52	8564.6	
661.7	5473.5	
661.89	8966	
662.08	7246.4	
662.26	6924.9	
662.45	5836	
662.64	5853.8	
662.82	7944.1	
663.01	7139.2	
663.2	5856.5	
663.38	6569.9	
663.57	7736.5	
663.75	7736.5	
663.94	6146.6	
664.13	7292.1	
664.31	7227.3	
664.5	7884	
664.69	6401.3	
664.87	7005.4	
665.06	7028.6	
665.25	7737.2	
665.43	7210.2	
665.62	7259.4	
665.8	7935.2	
665.99	7356.3	
666.18	6084.5	
666.36	6328.2	
666.55	8031.5	
666.74	7898.3	
666.92	5850.4	
667.11	7376.8	
667.29	7332.4	
667.48	7939.3	
667.67	7002.7	
667.85	6077	
668.04	7353.6	
668.22	7416.4	
668.41	6234	
668.6	6366.5	
668.78	7215	
668.97	7399.3	
669.15	6539.2	
669.34	5590.3	
669.53	7165.8	
669.71	7513.3	
669.9	5791.7	
670.08	6389.7	
670.27	7166.5	
670.46	7733.1	
670.64	6520	
670.83	6820.4	
671.01	7104.4	
671.2	7675.8	
671.38	5807.4	
671.57	5752.1	
671.76	8230.1	
671.94	8794.7	
672.13	5670.1	
672.31	6669.6	
672.5	7837.6	
672.69	7118.7	
672.87	5834	
673.06	6135.7	
673.24	7696.9	
673.43	7238.2	
673.61	6537.8	
673.8	6027.9	
673.98	7874.4	
674.17	7991.2	
674.36	6674.3	
674.54	6512.5	
674.73	7618.4	
674.91	7817.1	
675.1	6232	
675.28	5881.8	
675.47	7396.6	
675.65	8026.7	
675.84	6063.4	
676.03	6394.4	
676.21	7180.2	
676.4	6731	
676.58	6912.6	
676.77	6561.7	
676.95	8634.9	
677.14	7125.6	
677.32	5752.7	
677.51	5645.6	
677.69	7829.4	
677.88	6819.7	
678.06	5649	
678.25	5776	
678.44	7491.5	
678.62	7191.1	
678.81	5533.6	
678.99	6476.4	
679.18	8129.8	
679.36	7751.6	
679.55	6029.2	
679.73	6610.2	
679.92	7746.1	
680.1	7152.2	
680.29	7202	
680.47	6085.2	
680.66	7210.2	
680.84	7914	
681.03	5466.7	
681.21	6452.5	
681.4	7236.2	
681.58	7059.3	
681.77	5871.5	
681.95	5735.7	
682.14	7996.6	
682.32	8332.5	
682.51	6689.3	
682.69	5583.4	
682.88	7053.9	
683.06	7671.7	
683.25	6346.7	
683.43	6815	
683.62	7387	
683.8	7858.7	
683.99	6897.6	
684.17	6275	
684.36	8582.4	
684.54	7382.2	
684.73	5483.1	
684.91	5679.7	
685.1	7587.7	
685.28	7052.5	
685.46	6180.1	
685.65	6240.2	
685.83	7772.7	
686.02	7191.1	
686.2	5706.3	
686.39	5811.5	
686.57	7003.4	
686.76	8337.3	
686.94	5679	
687.13	5840.8	
687.31	7694.9	
687.5	7189.7	
687.68	5366.4	
687.86	6543.3	
688.05	8794	
688.23	6697.5	
688.42	6589.7	
688.6	5805.3	
688.79	7060.7	
688.97	7166.5	
689.16	6158.2	
689.34	5143.8	
689.52	7699.7	
689.71	8085.4	
689.89	6464.1	
690.08	5751.4	
690.26	7366.5	
690.45	7215.7	
690.63	6632	
690.81	5946.6	
691	7126.9	
691.18	7000	
691.37	6106.4	
691.55	8113.4	
691.74	7061.4	
691.92	9022	
692.1	6173.9	
692.29	5535.7	
692.47	7256	
692.66	6583.5	
692.84	5687.2	
693.02	6277	
693.21	6711.2	
693.39	7272.3	
693.58	6412.9	
693.76	5743.9	
693.94	8381	
694.13	8148.2	
694.31	5786.9	
694.5	6775.4	
694.68	7076.4	
694.86	7382.2	
695.05	6084.5	
695.23	6210.8	
695.42	7718.1	
695.6	9881.4	
695.78	6775.4	
695.97	5889.3	
696.15	7757	
696.34	7118.1	
696.52	5697.4	
696.7	6436.8	
696.89	7533.1	
697.07	6988.4	
697.25	6342.6	
697.44	7785	
697.62	7466.2	
697.81	7884.7	
697.99	6092	
698.17	6560.3	
698.36	6929.6	
698.54	7488.1	
698.72	6379.4	
698.91	5437.4	
699.09	7120.1	
699.28	6984.3	
699.46	6145.3	
699.64	5885.9	
699.83	6901	
700.01	8137.3	
700.19	6696.9	
700.38	5122.7	
700.56	8064.2	
700.74	7043	
700.93	5528.2	
701.11	6267.5	
701.29	7550.2	
701.48	8628.1	
701.66	5791	
701.84	5868.8	
702.03	7144	
702.21	7845.1	
702.39	5403.2	
702.58	5950	
702.76	7591.8	
702.94	7669	
703.13	5401.2	
703.31	7732.4	
703.49	6815.6	
703.68	7787.1	
703.86	5643.5	
704.04	6496.8	
704.23	7389.1	
704.41	7807.5	
704.59	5727.5	
704.78	6974	
704.96	8389.8	
705.14	7767.9	
705.33	5465.3	
705.51	6379.4	
705.69	7160.4	
705.87	8004.1	
706.06	6612.9	
706.24	5488.6	
706.42	7447.1	
706.61	7665.5	
706.79	6585.6	
706.97	5552.7	
707.16	6924.9	
707.34	7503.8	
707.52	6516	
707.7	5750	
707.89	7195.9	
708.07	6781.5	
708.25	6542.6	
708.44	6775.4	
708.62	6953.5	
708.8	8120.9	
708.98	6754.2	
709.17	5740.5	
709.35	7331	
709.53	7430.7	
709.72	5436	
709.9	5991.7	
710.08	7647.8	
710.26	7688.1	
710.45	7112.6	
710.63	5756.8	
710.81	7357.7	
710.99	7389.1	
711.18	6429.9	
711.36	5894.7	
711.54	7185	
711.72	7938.6	
711.91	5988.3	
712.09	5453.7	
712.27	7305.1	
712.45	7927	
712.64	6195.8	
712.82	5306.3	
713	6767.9	
713.18	6907.1	
713.37	5390.3	
713.55	6622.4	
713.73	7755.7	
713.91	6456.6	
714.1	5782.1	
714.28	5268.7	
714.46	7396.6	
714.64	6629.3	
714.83	4745.1	
715.01	5500.8	
715.19	6679.1	
715.37	6081.1	
715.55	5168.4	
715.74	5511.1	
715.92	7584.3	
716.1	5702.9	
716.28	6505	
716.47	5565	
716.65	6249.7	
716.83	6433.4	
717.01	5459.2	
717.19	5507	
717.38	8416.5	
717.56	6051.1	
717.74	5648.3	
717.92	4826.4	
718.1	7217.7	
718.29	6466.1	
718.47	4465.9	
718.65	5162.9	
718.83	7058	
719.01	7029.3	
719.2	4383.3	
719.38	5426.4	
719.56	6811.5	
719.74	8307.9	
719.92	5046.2	
720.11	6085.9	
720.29	6911.2	
720.47	5966.4	
720.65	4647.5	
720.83	5417.6	
721.02	6315.9	
721.2	6097.5	
721.38	5497.4	
721.56	4735.6	
721.74	5672.2	
721.92	5788.2	
722.11	5943.9	
722.29	5607.3	
722.47	6987.7	
722.65	6292	
722.83	4777.2	
723.01	5753.4	
723.2	6333	
723.38	6556.9	
723.56	4208.6	
723.74	5384.1	
723.92	5820.3	
724.1	6938.5	
724.29	4687.1	
724.47	5830.6	
724.65	5874.3	
724.83	5813.5	
725.01	4616.1	
725.19	5423	
725.37	5870.2	
725.56	5917.9	
725.74	4451.6	
725.92	4641.4	
726.1	5744.6	
726.28	6115.9	
726.46	5115.1	
726.64	4852.3	
726.83	6048.3	
727.01	6328.2	
727.19	4450.2	
727.37	5235.3	
727.55	6184.2	
727.73	6636.1	
727.91	4384	
728.09	4245.4	
728.28	6698.9	
728.46	7288.7	
728.64	5373.9	
728.82	5248.9	
729	7727	
729.18	6952.2	
729.36	4414.1	
729.54	6688	
729.72	7947.5	
729.91	6307.1	
730.09	6390.3	
730.27	5175.9	
730.45	6197.8	
730.63	6832.7	
730.81	5702.2	
730.99	4807.3	
731.17	7342.7	
731.35	5883.8	
731.53	5275.6	
731.71	4911	
731.9	7063.4	
732.08	7252.5	
732.26	5181.4	
732.44	4885.1	
732.62	7262.1	
732.8	6696.2	
732.98	5574.6	
733.16	4639.3	
733.34	6793.1	
733.52	5567.7	
733.7	5109	
733.88	5410.1	
734.07	6523.5	
734.25	6381.5	
734.43	4602.5	
734.61	6074.3	
734.79	7783	
734.97	6219.7	
735.15	4812	
735.33	5057.8	
735.51	6528.2	
735.69	6212.2	
735.87	6077.7	
736.05	5287.9	
736.23	6432.7	
736.41	6256.5	
736.59	5112.4	
736.77	5160.9	
736.95	6825.2	
737.13	6281.8	
737.32	4728.8	
737.5	4952.7	
737.68	7338.6	
737.86	6152.1	
738.04	4543.8	
738.22	6411.5	
738.4	6006.7	
738.58	6314.6	
738.76	5163.6	
738.94	4182.6	
739.12	6117.3	
739.3	5994.4	
739.48	5759.6	
739.66	5504.9	
739.84	6379.4	
740.02	6319.3	
740.2	4243.4	
740.38	4605.9	
740.56	6694.1	
740.74	5579.3	
740.92	5199.8	
741.1	5082.4	
741.28	6165.8	
741.46	5961.6	
741.64	4741.7	
741.82	5283.1	
742	6217.6	
742.18	6152.1	
742.36	4962.9	
742.54	4554	
742.72	6741.2	
742.9	5457.2	
743.08	5401.9	
743.26	4169.7	
743.44	6923.5	
743.62	6755.6	
743.8	5477.6	
743.98	4536.9	
744.16	6468.9	
744.34	6161	
744.52	5354.8	
744.7	5311.1	
744.88	6601.3	
745.06	6197.2	
745.24	5432.6	
745.42	5510.4	
745.6	6710.5	
745.78	6429.9	
745.96	4304.1	
746.14	4546.5	
746.32	7374.7	
746.5	6716.7	
746.68	5195	
746.86	4620.2	
747.03	7051.8	
747.21	5461.9	
747.39	5080.3	
747.57	4609.3	
747.75	6352.8	
747.93	6666.1	
748.11	4582.7	
748.29	4472.1	
748.47	7860.8	
748.65	6015.6	
748.83	5274.2	
749.01	4918.5	
749.19	6477.7	
749.37	5633.3	
749.55	4921.3	
749.73	5001.8	
749.91	6102.9	
750.09	5856.5	
750.26	4965	
750.44	4426.3	
750.62	6135	
750.8	6102.3	
750.98	4279.6	
751.16	4607.9	
751.34	6279.8	
751.52	5551.4	
751.7	5382.1	
751.88	4237.9	
752.06	6689.3	
752.24	6474.3	
752.42	4236.6	
752.59	4530.8	
752.77	6126.2	
752.95	7301	
753.13	5237.3	
753.31	4660.5	
753.49	5807.4	
753.67	6247	
753.85	4985.4	
754.03	4609.3	
754.21	6462	
754.38	6868.9	
754.56	4754.7	
754.74	3827.7	
754.92	5772.5	
755.1	6500.9	
755.28	3862.5	
755.46	3928	
755.64	7140.6	
755.82	7408.9	
755.99	4236.6	
756.17	4342.4	
756.35	4921.3	
756.53	6442.2	
756.71	3244.7	
756.89	4175.8	
757.07	5987.6	
757.25	5150	
757.42	4678.9	
757.6	5455.1	
757.78	6051.1	
757.96	5084.4	
758.14	4350.6	
758.32	3903.4	
758.5	4657.1	
758.67	5520.6	
758.85	4209.9	
759.03	4309.6	
759.21	5700.9	
759.39	5157.5	
759.57	3763.5	
759.75	4859.1	
759.92	6332.3	
760.1	5552.7	
760.28	5216.9	
760.46	5487.2	
760.64	5410.7	
760.82	5099.4	
760.99	5001.8	
761.17	4235.9	
761.35	6143.9	
761.53	5113.8	
761.71	4401.1	
761.89	5091.3	
762.06	6055.2	
762.24	5507.7	
762.42	4476.2	
762.6	4231.1	
762.78	5507.7	
762.96	6204.7	
763.13	4803.2	
763.31	4445.5	
763.49	6294.8	
763.67	5442.8	
763.85	5317.2	
764.02	5842.9	
764.2	6593.8	
764.38	5785.5	
764.56	4330.8	
764.74	5117.9	
764.91	6604.7	
765.09	5536.3	
765.27	4067.9	
765.45	3915	
765.63	6672.3	
765.8	6538.5	
765.98	3589.4	
766.16	3948.5	
766.34	5170.4	
766.52	4926	
766.69	4789.5	
766.87	3707.5	
767.05	5607.3	
767.23	6262	
767.41	4085.7	
767.58	4303.5	
767.76	6115.2	
767.94	6240.8	
768.12	4156	
768.29	4846.2	
768.47	5646.9	
768.65	6337.1	
768.83	3799	
769	4889.9	
769.18	5248.9	
769.36	5961	
769.54	4904.9	
769.72	3861.1	
769.89	6214.2	
770.07	6317.3	
770.25	4200.4	
770.43	5399.8	
770.6	6934.4	
770.78	7345.4	
770.96	4361.5	
771.14	4967	
771.31	6058.6	
771.49	5489.9	
771.67	3530	
771.85	3837.9	
772.02	4751.3	
772.2	5421	
772.38	4532.2	
772.55	3910.9	
772.73	5739.1	
772.91	5531.6	
773.09	4392.9	
773.26	4481.6	
773.44	5717.2	
773.62	5381.4	
773.8	3870	
773.97	3631	
774.15	5741.8	
774.33	5407.3	
774.5	3803.1	
774.68	4166.9	
774.86	5944.6	
775.04	5401.9	
775.21	3917.8	
775.39	3853.6	
775.57	5637.4	
775.74	6057.9	
775.92	3743.7	
776.1	3594.9	
776.27	5672.2	
776.45	6852.5	
776.63	3919.8	
776.81	3441.3	
776.98	5344.5	
777.16	6436.1	
777.34	4009.9	
777.51	4311	
777.69	5290.6	
777.87	5141.1	
778.04	4029	
778.22	4678.2	
778.4	5117.2	
778.57	5765	
778.75	3408.5	
778.93	3642	
779.1	4872.8	
779.28	4765.6	
779.46	3342.3	
779.64	3773	
779.81	5879	
779.99	6741.2	
780.17	4726	
780.34	4732.9	
780.52	5342.5	
780.69	5554.1	
780.87	4210.6	
781.05	3697.3	
781.22	5436.7	
781.4	5556.1	
781.58	3930.1	
781.75	3085.6	
781.93	5532.2	
782.11	4889.2	
782.28	4746.5	
782.46	3865.2	
782.64	4760.2	
782.81	5627.1	
782.99	3949.8	
783.17	3928	
783.34	5528.8	
783.52	4820.9	
783.69	4154.6	
783.87	4992.3	
784.05	4934.2	
784.22	4885.1	
784.4	4919.2	
784.58	4206.5	
784.75	5819.6	
784.93	4973.2	
785.1	3889.1	
785.28	4437.9	
785.46	5631.9	
785.63	4884.4	
785.81	3934.8	
785.99	3710.9	
786.16	5089.9	
786.34	5439.4	
786.51	3762.1	
786.69	4143.7	
786.87	4649.6	
787.04	5135.6	
787.22	3617.4	
787.39	4552.6	
787.57	4917.9	
787.75	5945.3	
787.92	4769	
788.1	4638	
788.27	4941.7	
788.45	4684.4	
788.63	4422.2	
788.8	3113.6	
788.98	5411.4	
789.15	4633.2	
789.33	3307.5	
789.5	3943	
789.68	5793	
789.86	5899.5	
790.03	4325.3	
790.21	3777.1	
790.38	5779.4	
790.56	5049.6	
790.73	3672	
790.91	3690.4	
791.09	4948.6	
791.26	5662	
791.44	3885.7	
791.61	3392.8	
791.79	4900.8	
791.96	5018.2	
792.14	3463.1	
792.32	3097.9	
792.49	4957.4	
792.67	5074.2	
792.84	3546.4	
793.02	3335.5	
793.19	5358.2	
793.37	6076.3	
793.54	3106.8	
793.72	3442	
793.89	6186.2	
794.07	4968.4	
794.25	4047.5	
794.42	3136.8	
794.6	5925.5	
794.77	5589.6	
794.95	4314.4	
795.12	3719.1	
795.3	4962.2	
795.47	5574.6	
795.65	4086.4	
795.82	3864.5	
796	4792.9	
796.17	6590.4	
796.35	3779.9	
796.52	4491.2	
796.7	5402.5	
796.87	5537	
797.05	4698	
797.22	4631.8	
797.4	5483.1	
797.57	6480.5	
797.75	3950.5	
797.92	3727.3	
798.1	5823.7	
798.27	4906.3	
798.45	3177.8	
798.62	3435.8	
798.8	5274.2	
798.97	5705.6	
799.15	4190.8	
799.32	3943	
799.5	4539	
799.67	5268.7	
799.85	4276.8	
800.02	3127.9	
800.2	4903.5	
800.37	5229.8	
800.55	4439.3	
800.72	3743	
800.9	5687.2	
801.07	6088.6	
801.25	4969.7	
801.42	4070.7	
801.6	5817.6	
801.77	5442.1	
801.95	3814.7	
802.12	3625.6	
802.29	5389.6	
802.47	5411.4	
802.64	4034.5	
802.82	3069.9	
802.99	4917.9	
803.17	5859.9	
803.34	3977.2	
803.52	3573.7	
803.69	6483.9	
803.87	4683	
804.04	3907.5	
804.21	4095.9	
804.39	5959.6	
804.56	5104.9	
804.74	3308.2	
804.91	4065.2	
805.09	4926	
805.26	5034.6	
805.44	3402.4	
805.61	3771.7	
805.78	5596.4	
805.96	5572.5	
806.13	4128	
806.31	4375.8	
806.48	4551.3	
806.66	5009.3	
806.83	4070.7	
807	4007.9	
807.18	4906.3	
807.35	5322.7	
807.53	3979.2	
807.7	3183.9	
807.87	6001.2	
808.05	4998.4	
808.22	4314.4	
808.4	3246.7	
808.57	4937	
808.74	4640.7	
808.92	3600.3	
809.09	4648.2	
809.27	4873.5	
809.44	5446.9	
809.61	3182.5	
809.79	3534.8	
809.96	6075.6	
810.14	5633.3	
810.31	3134.8	
810.48	3841.3	
810.66	5010	
810.83	5751.4	
811.01	3656.3	
811.18	4006.5	
811.35	5681.7	
811.53	4447.5	
811.7	4384	
811.87	4136.2	
812.05	5001.8	
812.22	4894	
812.39	3581.2	
812.57	3457.7	
812.74	4947.9	
812.92	6561	
813.09	3902.1	
813.26	4233.2	
813.44	6299.6	
813.61	4870.1	
813.78	3162.7	
813.96	4327.4	
814.13	4951.3	
814.3	4693.9	
814.48	4633.9	
814.65	3773.7	
814.82	6120.7	
815	4735.6	
815.17	3915	
815.34	4833.9	
815.52	4915.1	
815.69	4845.5	
815.87	3879.5	
816.04	3379.1	
816.21	4981.3	
816.38	4411.3	
816.56	3790.1	
816.73	3495.2	
816.9	6236.7	
817.08	5700.9	
817.25	3502	
817.42	4446.8	
817.6	4515.8	
817.77	5017.5	
817.94	3935.5	
818.12	3493.8	
818.29	4691.2	
818.46	7346.1	
818.64	3660.4	
818.81	3431.7	
818.98	4674.1	
819.16	6765.1	
819.33	4197	
819.5	3937.6	
819.67	5292.6	
819.85	5935	
820.02	3906.8	
820.19	4089.1	
820.37	5159.5	
820.54	4728.8	
820.71	3966.2	
820.88	4967.7	
821.06	5141.8	
821.23	4723.3	
821.4	4020.2	
821.58	3966.2	
821.75	5644.9	
821.92	5128.8	
822.09	3241.9	
822.27	3486.3	
822.44	4965.6	
822.61	4915.1	
822.79	3222.8	
822.96	6197.2	
823.13	5495.4	
823.3	4728.1	
823.48	3751.2	
823.65	3417.4	
823.82	5646.9	
823.99	4564.9	
824.17	4734.2	
824.34	3385.3	
824.51	6475	
824.68	5040.1	
824.86	3582.6	
825.03	3970.3	
825.2	4982	
825.37	6014.2	
825.55	3519.8	
825.72	3913	
825.89	6574.7	
826.06	6100.9	
826.24	3838.6	
826.41	3846.8	
826.58	6032	
826.75	5196.4	
826.92	3033	
827.1	3323.9	
827.27	8115.4	
827.44	6507.8	
827.61	3647.4	
827.79	4442	
827.96	4687.8	
828.13	5090.6	
828.3	3774.4	
828.47	3214.6	
828.65	5236	
828.82	5102.9	
828.99	4936.3	
829.16	4291.9	
829.34	5575.9	
829.51	5329.5	
829.68	3935.5	
829.85	4112.3	
830.02	5874.9	
830.2	5547.9	
830.37	3066.5	
830.54	4771.8	
830.71	6374.6	
830.88	4941.1	
831.05	3118.4	
831.23	3554.6	
831.4	6089.3	
831.57	6811.5	
831.74	3675.4	
831.91	3206.4	
832.09	5258.5	
832.26	5500.2	
832.43	3807.9	
832.6	4238.6	
832.77	5199.1	
832.94	5912.5	
833.12	3003	
833.29	3766.2	
833.46	5376.6	
833.63	6959.7	
833.8	4168.3	
833.97	3776.5	
834.15	5604.6	
834.32	5364.3	
834.49	3946.4	
834.66	4053.6	
834.83	5796.4	
835	4756.7	
835.17	3638.6	
835.35	3681.6	
835.52	5446.2	
835.69	5321.3	
835.86	3877.5	
836.03	3180.5	
836.2	5521.3	
836.37	5184.8	
836.55	3753.9	
836.72	3562.1	
836.89	5118.6	
837.06	5631.2	
837.23	3874.1	
837.4	4216.1	
837.57	6323.4	
837.75	6970.6	
837.92	3438.5	
838.09	3745.1	
838.26	5113.8	
838.43	5844.9	
838.6	3962.1	
838.77	3550.5	
838.94	6647	
839.11	6389	
839.29	3810.6	
839.46	2954.5	
839.63	5509.7	
839.8	5268.1	
839.97	3651.5	
840.14	3658.4	
840.31	5303.6	
840.48	5562.3	
840.65	3113.6	
840.82	3742.3	
841	5503.6	
841.17	5476.3	
841.34	3360.7	
841.51	3436.5	
841.68	5449.6	
841.85	5208.7	
842.02	3523.9	
842.19	2938.2	
842.36	5349.3	
842.53	5268.1	
842.7	3402.4	
842.87	4162.2	
843.05	6957.6	
843.22	5237.3	
843.39	3241.9	
843.56	3501.3	
843.73	5027.8	
843.9	5620.3	
844.07	5498.8	
844.24	4538.3	
844.41	8111.3	
844.58	4830.5	
844.75	3289	
844.92	3507.5	
845.09	5559.6	
845.26	5502.2	
845.43	3383.9	
845.6	3569.6	
845.77	5531.6	
845.94	5261.2	
846.12	3790.1	
846.29	3964.9	
846.46	5763.7	
846.63	5494	
846.8	3358.7	
846.97	4048.8	
847.14	5945.3	
847.31	5506.3	
847.48	3779.2	
847.65	4164.2	
847.82	5796.4	
847.99	5763	
848.16	4508.3	
848.33	4200.4	
848.5	5104.9	
848.67	5964.4	
848.84	3308.2	
849.01	3512.9	
849.18	4970.4	
849.35	4641.4	
849.52	4183.3	
849.69	3280.2	
849.86	5771.2	
850.03	5933.6	
850.2	3422.2	
850.37	4107.5	
850.54	5858.6	
850.71	5209.3	
850.88	4027	
851.05	3347.7	
851.22	5382.7	
851.39	6067.4	
851.56	3167.5	
851.73	3764.2	
851.9	4871.4	
852.07	5765	
852.24	3724.6	
852.41	3319.1	
852.58	5342.5	
852.75	4939.7	
852.92	3777.1	
853.09	3308.2	
853.26	5096.7	
853.43	5939.1	
853.6	3308.8	
853.77	2881.5	
853.94	6091.3	
854.11	4879.6	
854.28	4930.1	
854.44	3655.6	
854.61	6489.3	
854.78	5875.6	
854.95	3350.5	
855.12	4207.2	
855.29	4465.9	
855.46	6083.8	
855.63	3344.3	
855.8	4640.7	
855.97	5077.6	
856.14	5842.2	
856.31	4715.1	
856.48	3700	
856.65	5070.8	
856.82	4838.7	
856.99	3216	
857.16	3618.8	
857.33	6672.3	
857.49	5188.2	
857.66	3611.3	
857.83	3906.8	
858	5171.1	
858.17	5363.6	
858.34	3205.1	
858.51	3375.7	
858.68	6215.6	
858.85	6227.9	
859.02	3916.4	
859.19	4174.4	
859.36	4871.4	
859.52	4862.6	
859.69	3376.4	
859.86	3936.9	
860.03	4918.5	
860.2	6068.1	
860.37	3029.6	
860.54	3378.5	
860.71	5722	
860.88	6157.6	
861.05	3831.7	
861.21	4285.7	
861.38	6124.1	
861.55	4780	
861.72	3071.3	
861.89	3784.6	
862.06	5834	
862.23	6317.3	
862.4	3274.7	
862.56	3426.3	
862.73	5606.7	
862.9	5328.1	
863.07	3945.1	
863.24	3065.1	
863.41	4772.4	
863.58	4904.9	
863.75	3439.2	
863.91	3861.1	
864.08	6153.5	
864.25	5685.8	
864.42	4207.2	
864.59	4787.5	
864.76	6363.7	
864.93	4915.8	
865.09	3305.4	
865.26	3625.6	
865.43	5974.6	
865.6	6401.3	
865.77	2936.8	
865.94	3337.5	
866.1	6040.1	
866.27	5749.3	
866.44	5079	
866.61	3193.5	
866.78	5236	
866.95	5634	
867.11	3247.4	
867.28	2969.6	
867.45	5887.9	
867.62	4878.3	
867.79	3820.1	
867.96	3302	
868.12	4858.5	
868.29	5817.6	
868.46	2903.3	
868.63	4476.2	
868.8	5946.6	
868.97	5727.5	
869.13	3495.9	
869.3	3535.5	
869.47	5593.7	
869.64	5777.3	
869.81	3358.7	
869.97	3341.6	
870.14	5514.5	
870.31	6180.1	
870.48	3325.2	
870.65	4235.2	
870.81	5184.8	
870.98	5208.7	
871.15	3812	
871.32	3450.1	
871.48	5692.7	
871.65	6180.8	
871.82	3266.5	
871.99	3664.5	
872.16	6578.8	
872.32	6012.8	
872.49	3427.6	
872.66	3429.7	
872.83	5697.4	
872.99	5079	
873.16	3833.8	
873.33	3356.6	
873.5	5440.1	
873.67	5406	
873.83	3493.2	
874	4465.3	
874.17	5514.5	
874.34	6572.6	
874.5	4304.8	
874.67	4181.3	
874.84	6152.8	
875.01	4834.6	
875.17	4680.3	
875.34	3306.1	
875.51	5438.7	
875.68	6558.3	
875.84	4074.8	
876.01	4899.4	
876.18	5664.7	
876.34	5617.6	
876.51	3383.2	
876.68	3259	
876.85	5199.8	
877.01	5993	
877.18	4762.2	
877.35	3278.8	
877.52	5345.9	
877.68	4776.5	
877.85	3252.9	
878.02	3293.8	
878.18	5337.7	
878.35	5067.4	
878.52	2685.6	
878.69	3712.3	
878.85	5721.3	
879.02	5693.4	
879.19	4749.2	
879.35	3585.3	
879.52	5694.7	
879.69	5866.1	
879.86	2940.9	
880.02	3762.1	
880.19	5330.2	
880.36	6449.1	
880.52	3826.3	
880.69	3957.4	
880.86	5811.5	
881.02	5883.1	
881.19	3652.2	
881.36	3688.4	
881.52	5726.8	
881.69	5041.4	
881.86	3605.1	
882.02	3523.9	
882.19	5950	
882.36	6931.7	
882.52	3475.4	
882.69	4668	
882.86	5507	
883.02	5456.5	
883.19	4072.7	
883.36	3837.9	
883.52	5784.1	
883.69	6535.1	
883.86	3417.4	
884.02	3089	
884.19	5751.4	
884.36	5295.4	
884.52	3815.4	
884.69	3500.7	
884.86	5033.2	
885.02	6312.5	
885.19	3738.2	
885.36	3863.8	
885.52	5274.9	
885.69	5459.9	
885.86	4905.6	
886.02	4290.5	
886.19	5765.7	
886.35	5255.8	
886.52	3741	
886.69	4698	
886.85	4908.3	
887.02	6131.6	
887.19	6131.6	
887.35	6131.6	
887.52	6131.6	
887.68	6131.6	
887.85	6131.6	
888.02	6131.6	
888.18	6131.6	
888.35	6131.6	
888.51	6131.6	
888.68	6131.6	
888.85	6131.6	
889.01	6131.6	
889.18	6131.6	
889.35	6131.6	
889.51	6131.6	
889.68	6131.6	
889.84	6131.6	
890.01	6131.6	
890.17	6131.6	
890.34	6131.6	
890.51	6131.6	
890.67	6131.6	
890.84	6131.6	
891	6131.6	
891.17	6131.6	
891.34	6131.6	
891.5	6131.6	
891.67	6131.6	
891.83	6131.6	
892	6131.6	
892.16	6131.6	
892.33	6131.6	
892.5	6131.6	
892.66	6131.6	
892.83	6131.6	
892.99	6131.6	
893.16	6131.6	
893.32	6131.6	
893.49	6131.6	
893.65	6131.6	
893.82	6131.6	
893.99	6131.6	
894.15	6131.6	
894.32	6131.6	
894.48	6131.6	
894.65	6131.6	
894.81	6131.6	
894.98	6131.6	
895.14	6131.6	
895.31	6131.6	
895.47	6131.6	
895.64	6131.6	
895.81	6131.6	
895.97	6131.6	
896.14	6131.6	
896.3	6131.6	
896.47	6131.6	
896.63	6131.6	
896.8	6131.6	
896.96	6131.6	
897.13	6131.6	
897.29	6131.6	
897.46	6131.6	
897.62	6131.6	
897.79	6131.6	
897.95	6131.6	
898.12	6131.6	
898.28	6131.6	
898.45	6131.6	
898.61	6131.6	
898.78	6131.6	
898.94	6131.6	
899.11	6131.6	
899.27	6131.6	
899.44	6131.6	
899.6	6131.6	
899.77	6131.6	
899.93	6131.6	
900.1	6131.6	
900.26	6131.6	
900.43	6131.6	
900.59	6131.6	
900.76	6131.6	
900.92	6131.6	
901.09	6131.6	
901.25	6131.6	
901.42	6131.6	
901.58	6131.6	
901.75	6131.6	
901.91	6131.6	
902.07	6131.6	
902.24	6131.6	
902.4	6131.6	
902.57	6131.6	
902.73	6131.6	
902.9	6131.6	
903.06	6131.6	
903.23	6131.6	
903.39	6131.6	
903.56	6131.6	
903.72	6131.6	
903.88	6131.6	
904.05	6131.6	
904.21	6131.6	
904.38	6131.6	
904.54	6131.6	
904.71	6131.6	
904.87	6131.6	
905.03	6131.6	
905.2	6131.6	
905.36	6131.6	
905.53	6131.6	
905.69	6131.6	
905.86	6131.6	
906.02	6131.6	
906.18	6131.6	
906.35	6131.6	
906.51	6131.6	
906.68	6131.6	
906.84	6131.6	
907.01	6131.6	
907.17	6131.6	
907.33	6131.6	
907.5	6131.6	
907.66	6131.6	
907.83	6131.6	
907.99	6131.6	
908.15	6131.6	
908.32	6131.6	
908.48	6131.6	
908.65	6131.6	
908.81	6131.6	
908.97	6131.6	
909.14	6131.6	
909.3	6131.6	
909.47	6131.6	
909.63	6131.6	
909.79	6131.6	
909.96	6131.6	
910.12	6131.6	
910.28	6131.6	
910.45	6131.6	
910.61	6131.6	
910.78	6131.6	
910.94	6131.6	
911.1	6131.6	
911.27	6131.6	
911.43	6131.6	
911.59	6131.6	
911.76	6131.6	
911.92	6131.6	
912.08	6131.6	
912.25	6131.6	
912.41	6131.6	
912.57	6131.6	
912.74	6131.6	
912.9	6131.6	
913.07	6131.6	
913.23	6131.6	
913.39	6131.6	
913.56	6131.6	
913.72	6131.6	
913.88	6131.6	
914.05	6131.6	
914.21	6131.6	
914.37	6131.6	
914.54	6131.6	
914.7	6131.6	
914.86	6131.6	
915.03	6131.6	
915.19	6131.6	
