Wavelength	Intensities	
nm	a.u.	
179.22	1614	
179.44	1614.8	
179.65	1613.1	
179.86	1616.5	
180.08	1620.6	
180.29	3692.5	
180.51	2871.9	
180.72	4807.3	
180.94	5281.7	
181.15	2620	
181.37	2607.1	
181.58	4579.9	
181.79	4795.7	
182.01	2616.6	
182.22	2838.5	
182.44	4828.4	
182.65	4154.6	
182.87	3343	
183.08	3061	
183.29	5018.2	
183.51	4203.1	
183.72	2789.3	
183.94	3812.6	
184.15	4536.3	
184.37	4414.7	
184.58	2514.2	
184.79	3254.2	
185.01	4326.7	
185.22	4868.7	
185.44	3373.7	
185.65	2973	
185.86	4575.2	
186.08	4252.3	
186.29	2511.5	
186.51	2633.7	
186.72	4308.2	
186.94	4928.8	
187.15	3020.1	
187.36	3114.3	
187.58	5992.4	
187.79	4600.4	
188.01	3117	
188.22	4625.7	
188.43	5347.9	
188.65	4738.3	
188.86	2685.6	
189.08	3081.5	
189.29	4375.1	
189.5	4382	
189.72	2828.2	
189.93	2912.2	
190.15	4896.7	
190.36	5625.8	
190.57	3096.5	
190.79	3015.3	
191	4910.3	
191.22	4887.8	
191.43	3121.8	
191.64	2676.7	
191.86	5088.5	
192.07	4894.6	
192.29	2751.1	
192.5	2828.2	
192.71	4962.9	
192.93	4395.6	
193.14	2824.1	
193.35	2911.5	
193.57	4405.9	
193.78	4979.3	
194	2336	
194.21	2796.2	
194.42	4257	
194.64	4535.6	
194.85	3018	
195.07	3446.7	
195.28	4536.3	
195.49	4084.3	
195.71	3620.8	
195.92	2703.3	
196.13	4715.8	
196.35	4735.6	
196.56	3805.8	
196.78	3072.6	
196.99	5592.3	
197.2	5238.7	
197.42	3395.5	
197.63	3102	
197.84	4125.3	
198.06	4684.4	
198.27	2902.7	
198.48	3580.5	
198.7	4384	
198.91	4605.2	
199.13	3088.3	
199.34	3063.8	
199.55	4868.7	
199.77	3990.1	
199.98	2787.3	
200.19	3092.4	
200.41	4517.8	
200.62	4304.8	
200.83	3185.3	
201.05	3418.7	
201.26	4546.5	
201.47	4321.9	
201.69	2800.9	
201.9	2762	
202.11	4566.3	
202.33	5197.1	
202.54	2919.7	
202.76	3179.8	
202.97	4571.7	
203.18	4675.5	
203.4	3159.3	
203.61	3201	
203.82	4595.6	
204.04	4355.3	
204.25	3069.9	
204.46	3020.8	
204.68	4618.2	
204.89	4664.6	
205.1	3031	
205.32	2672.6	
205.53	4743.8	
205.74	4920.6	
205.96	2425.5	
206.17	3127.9	
206.38	4728.8	
206.6	4868.7	
206.81	3472.7	
207.02	2866.5	
207.24	4764.3	
207.45	4991.6	
207.66	3007.1	
207.88	2617.3	
208.09	4630.5	
208.3	4556.7	
208.52	2819.4	
208.73	2973.7	
208.94	4573.8	
209.15	4993.6	
209.37	2953.2	
209.58	3092.4	
209.79	4908.3	
210.01	4403.8	
210.22	2526.5	
210.43	2593.4	
210.65	4513	
210.86	4759.5	
211.07	2941.6	
211.29	2753.8	
211.5	4689.8	
211.71	4509.6	
211.93	2745.6	
212.14	2756.6	
212.35	4529.4	
212.56	4559.5	
212.78	3110.2	
212.99	2592	
213.2	5177.9	
213.42	4417.5	
213.63	2834.4	
213.84	2988	
214.06	4132.1	
214.27	4156.7	
214.48	2975.7	
214.69	3122.5	
214.91	5010	
215.12	5084.4	
215.33	3069.2	
215.55	3313.6	
215.76	5365.7	
215.97	4743.1	
216.18	3013.2	
216.4	3026.9	
216.61	4301.4	
216.82	4893.3	
217.04	2807.1	
217.25	2841.9	
217.46	4893.3	
217.67	4816.1	
217.89	2565.4	
218.1	2618	
218.31	4572.4	
218.53	4667.3	
218.74	2897.9	
218.95	2802.3	
219.16	4528.7	
219.38	5174.5	
219.59	2784.6	
219.8	3220.1	
220.01	5519.3	
220.23	4552.6	
220.44	3507.5	
220.65	2720.4	
220.87	4611.3	
221.08	4952	
221.29	2669.9	
221.5	3358.7	
221.72	5728.9	
221.93	4332.8	
222.14	3064.4	
222.35	3525.9	
222.57	4620.9	
222.78	4899.4	
222.99	3015.3	
223.2	3096.5	
223.42	4751.3	
223.63	4831.2	
223.84	2361.3	
224.05	2401.6	
224.27	5403.2	
224.48	5141.1	
224.69	3520.5	
224.9	3091.8	
225.12	4675.5	
225.33	4500.1	
225.54	2581.1	
225.75	2763.4	
225.97	4305.5	
226.18	4476.2	
226.39	2939.5	
226.6	2788.7	
226.82	4463.9	
227.03	4242	
227.24	3018.7	
227.45	2671.9	
227.67	4861.2	
227.88	5092.6	
228.09	3414	
228.3	3336.1	
228.52	4775.2	
228.73	4475.5	
228.94	2895.8	
229.15	2586.6	
229.36	4612	
229.58	4498	
229.79	2914.3	
230	3313.6	
230.21	5302.9	
230.43	4593.6	
230.64	3038.5	
230.85	3088.3	
231.06	4873.5	
231.28	4836.6	
231.49	2639.1	
231.7	3066.5	
231.91	4856.4	
232.12	4592.9	
232.34	2709.5	
232.55	2983.2	
232.76	4909	
232.97	4630.5	
233.18	2732	
233.4	3076	
233.61	4638.6	
233.82	4392.2	
234.03	2880.1	
234.25	2845.3	
234.46	5880.4	
234.67	4573.8	
234.88	3109.5	
235.09	2793.4	
235.31	4678.9	
235.52	4468.7	
235.73	3003.7	
235.94	2632.3	
236.15	4364.9	
236.37	5275.6	
236.58	2772.9	
236.79	2968.9	
237	4773.1	
237.21	4175.8	
237.43	3095.2	
237.64	2613.9	
237.85	7165.2	
238.06	4257	
238.27	3097.9	
238.48	2681.5	
238.7	4856.4	
238.91	4421.6	
239.12	2944.3	
239.33	3023.5	
239.54	4312.3	
239.76	4531.5	
239.97	2964.8	
240.18	2959.3	
240.39	5331.5	
240.6	4618.2	
240.82	3125.9	
241.03	2632.3	
241.24	4482.3	
241.45	5089.2	
241.66	2747.7	
241.87	3187.3	
242.09	5083.7	
242.3	5261.2	
242.51	3158.7	
242.72	2961.4	
242.93	4801.1	
243.14	4496.7	
243.36	3308.2	
243.57	3584.6	
243.78	5131.5	
243.99	4758.8	
244.2	2968.2	
244.41	2734.7	
244.63	4250.9	
244.84	4706.9	
245.05	3106.8	
245.26	2901.3	
245.47	4786.8	
245.68	4863.9	
245.9	3725.3	
246.11	3070.6	
246.32	4396.3	
246.53	4731.5	
246.74	4579.9	
246.95	2577	
247.16	4271.4	
247.38	4488.5	
247.59	2622.1	
247.8	3022.1	
248.01	4196.3	
248.22	4515.1	
248.43	2731.3	
248.64	2914.3	
248.86	4231.1	
249.07	4376.5	
249.28	2722.4	
249.49	3130	
249.7	4848.9	
249.91	4932.9	
250.12	2560	
250.34	2668.5	
250.55	4629.8	
250.76	4586.1	
250.97	3062.4	
251.18	3065.1	
251.39	4928.1	
251.6	4715.1	
251.81	3079.5	
252.03	3049.4	
252.24	4351.9	
252.45	4819.6	
252.66	2606.4	
252.87	3209.2	
253.08	4605.2	
253.29	5673.6	
253.5	2669.9	
253.72	3487	
253.93	4448.9	
254.14	5249.6	
254.35	2885.6	
254.56	2930.6	
254.77	4714.4	
254.98	4332.8	
255.19	2884.2	
255.41	3517	
255.62	4681	
255.83	4932.9	
256.04	3068.5	
256.25	3069.9	
256.46	5268.7	
256.67	4397.7	
256.88	3072	
257.09	3310.2	
257.31	4218.1	
257.52	4304.1	
257.73	3723.2	
257.94	2862.4	
258.15	4526	
258.36	4498.7	
258.57	3460.4	
258.78	2347.7	
258.99	4905.6	
259.2	4368.3	
259.41	2815.3	
259.63	2940.2	
259.84	5140.4	
260.05	5266	
260.26	3553.2	
260.47	2820.1	
260.68	4927.4	
260.89	4438.6	
261.1	3343.7	
261.31	2772.9	
261.52	5074.9	
261.73	5238	
261.95	3530	
262.16	3132.7	
262.37	4975.9	
262.58	5089.9	
262.79	3520.5	
263	2949.1	
263.21	4592.2	
263.42	4130.8	
263.63	3102	
263.84	2909.5	
264.05	4868.7	
264.26	5082.4	
264.47	3444	
264.69	3125.2	
264.9	5044.8	
265.11	4631.1	
265.32	2764.1	
265.53	2840.5	
265.74	4595.6	
265.95	4097.3	
266.16	3004.4	
266.37	3271.3	
266.58	4611.3	
266.79	4352.6	
267	2863.1	
267.21	2723.8	
267.42	4211.3	
267.63	4552.6	
267.84	2983.9	
268.06	2629.6	
268.27	4887.1	
268.48	4977.9	
268.69	2933.4	
268.9	3338.2	
269.11	5008.6	
269.32	4145.1	
269.53	2950.4	
269.74	2781.1	
269.95	4673.5	
270.16	4153.3	
270.37	2988	
270.58	3373.7	
270.79	4412	
271	4835.3	
271.21	3094.5	
271.42	2992.8	
271.63	4721.9	
271.84	4226.3	
272.05	2525.8	
272.26	2740.9	
272.47	4538.3	
272.68	4627	
272.89	2888.3	
273.11	3211.2	
273.32	4418.8	
273.53	5089.2	
273.74	3162.7	
273.95	3031.7	
274.16	4829.1	
274.37	4515.8	
274.58	3274	
274.79	2714.9	
275	4677.6	
275.21	4896	
275.42	3799.7	
275.63	3285.6	
275.84	4782.7	
276.05	5672.2	
276.26	3098.6	
276.47	2957.9	
276.68	4546.5	
276.89	5237.3	
277.1	3248.1	
277.31	2622.8	
277.52	4695.3	
277.73	5016.2	
277.94	2669.9	
278.15	2899.2	
278.36	4672.1	
278.57	4302.8	
278.78	2852.1	
278.99	3184.6	
279.2	4418.2	
279.41	4291.2	
279.62	3659.7	
279.83	2676	
280.04	5332.2	
280.25	4243.4	
280.46	3640.6	
280.67	2970.2	
280.88	4335.5	
281.09	5014.1	
281.3	3052.2	
281.51	3734.8	
281.72	4317.1	
281.93	4853	
282.14	2857.6	
282.35	3048.1	
282.56	4919.9	
282.77	4836.6	
282.98	2915.6	
283.19	3377.1	
283.4	5738.4	
283.61	4504.8	
283.82	2763.4	
284.03	3502.7	
284.24	4712.4	
284.45	4863.2	
284.66	3603.1	
284.87	3404.4	
285.08	4998.4	
285.29	4993.6	
285.5	2677.4	
285.71	2912.9	
285.92	4895.3	
286.12	5378.6	
286.33	3606.5	
286.54	2976.4	
286.75	4801.8	
286.96	4458.4	
287.17	2771.6	
287.38	3455.6	
287.59	4345.8	
287.8	4360.1	
288.01	2914.9	
288.22	3188.7	
288.43	4711	
288.64	4171.7	
288.85	3357.3	
289.06	3246	
289.27	4854.4	
289.48	5046.2	
289.69	3573	
289.9	3276.1	
290.11	5059.2	
290.32	4358.8	
290.53	3436.5	
290.74	3136.1	
290.94	4851	
291.15	4946.5	
291.36	2884.9	
291.57	3250.8	
291.78	4431.8	
291.99	4123.2	
292.2	2770.9	
292.41	3183.2	
292.62	4940.4	
292.83	4755.4	
293.04	3804.4	
293.25	2796.8	
293.46	4481.6	
293.67	4915.1	
293.88	2800.9	
294.09	2747.7	
294.29	4332.8	
294.5	4606.6	
294.71	3008.5	
294.92	2904	
295.13	4428.4	
295.34	5332.9	
295.55	2599.6	
295.76	2602.3	
295.97	4773.8	
296.18	5253.7	
296.39	2678.7	
296.6	2841.2	
296.81	4635.2	
297.01	4797.7	
297.22	2914.3	
297.43	2882.2	
297.64	4438.6	
297.85	4277.5	
298.06	2410.5	
298.27	2632.3	
298.48	4498	
298.69	4315.8	
298.9	3036.5	
299.11	2803	
299.31	4297.3	
299.52	4272.1	
299.73	3188.7	
299.94	3121.8	
300.15	4550.6	
300.36	4346.5	
300.57	3133.4	
300.78	3090.4	
300.99	4446.1	
301.2	4610.7	
301.4	2862.4	
301.61	3009.1	
301.82	4797.7	
302.03	4804.5	
302.24	3331.4	
302.45	2772.3	
302.66	4734.2	
302.87	4972.5	
303.08	2828.2	
303.29	3693.9	
303.49	4418.2	
303.7	4499.4	
303.91	2608.4	
304.12	3559.4	
304.33	4220.9	
304.54	4627.7	
304.75	2880.8	
304.96	2733.4	
305.16	4783.4	
305.37	5199.1	
305.58	2575	
305.79	2597.5	
306	4809.3	
306.21	4169.7	
306.42	2869.2	
306.63	3986.7	
306.83	4478.9	
307.04	4734.2	
307.25	3028.9	
307.46	3029.6	
307.67	4051.6	
307.88	4793.6	
308.09	2891	
308.29	2835.1	
308.5	4614.1	
308.71	4875.5	
308.92	3023.5	
309.13	2729.9	
309.34	4515.1	
309.55	4515.1	
309.75	3429.7	
309.96	3138.9	
310.17	4816.8	
310.38	4337.6	
310.59	3229.6	
310.8	2754.5	
311.01	5107.6	
311.21	4491.2	
311.42	2747.7	
311.63	2831.7	
311.84	4399	
312.05	4600.4	
312.26	3097.9	
312.46	3296.5	
312.67	4416.1	
312.88	4196.3	
313.09	2747.7	
313.3	2693.8	
313.51	5140.4	
313.71	5298.8	
313.92	2748.4	
314.13	2905.4	
314.34	4631.1	
314.55	4554.7	
314.76	3370.3	
314.96	3039.2	
315.17	4728.8	
315.38	4719.9	
315.59	2823.5	
315.8	2677.4	
316.01	5023	
316.21	5147.2	
316.42	2667.8	
316.63	3000.3	
316.84	4481.6	
317.05	4899.4	
317.26	3174.4	
317.46	2906.1	
317.67	4479.6	
317.88	4826.4	
318.09	3335.5	
318.3	2643.2	
318.5	4448.2	
318.71	4690.5	
318.92	4115.7	
319.13	3188	
319.34	4933.6	
319.54	4969.1	
319.75	2620	
319.96	2533.3	
320.17	4772.4	
320.38	4884.4	
320.58	2563.4	
320.79	2921.1	
321	4949.9	
321.21	5053.7	
321.42	3019.4	
321.62	2560	
321.83	4346.5	
322.04	4541	
322.25	2954.5	
322.46	2754.5	
322.66	4636.6	
322.87	4775.2	
323.08	3317	
323.29	2646	
323.5	5204.6	
323.7	4246.1	
323.91	3556	
324.12	3291.1	
324.33	4659.1	
324.53	4749.2	
324.74	3113.6	
324.95	3260.4	
325.16	4244.8	
325.37	4381.3	
325.57	2746.3	
325.78	2820.7	
325.99	4747.2	
326.2	4295.3	
326.4	3663.8	
326.61	2579.1	
326.82	4508.3	
327.03	4609.3	
327.24	3725.9	
327.44	3524.6	
327.65	4795.7	
327.86	4010.6	
328.07	3165.5	
328.27	2678.1	
328.48	5011.4	
328.69	4288.4	
328.9	3716.4	
329.1	2854.2	
329.31	4519.9	
329.52	5061.2	
329.73	2792.1	
329.93	2952.5	
330.14	4658.4	
330.35	4638.6	
330.56	4231.8	
330.76	3305.4	
330.97	4411.3	
331.18	4655	
331.39	3012.6	
331.59	2560	
331.8	4911.7	
332.01	4996.4	
332.22	2846	
332.42	3117.7	
332.63	4674.1	
332.84	4345.8	
333.05	3058.3	
333.25	2783.2	
333.46	4405.9	
333.67	4543.8	
333.88	2917.7	
334.08	3112.2	
334.29	5675.6	
334.5	4976.6	
334.7	2697.9	
334.91	3697.9	
335.12	4253.6	
335.33	4737	
335.53	3011.2	
335.74	4136.9	
335.95	4506.9	
336.16	4276.2	
336.36	3007.8	
336.57	3328.6	
336.78	4240.7	
336.98	4914.4	
337.19	3618.8	
337.4	2967.5	
337.61	5331.5	
337.81	4188.1	
338.02	2790.7	
338.23	3405.8	
338.43	5097.4	
338.64	4364.2	
338.85	2854.9	
339.05	3485	
339.26	5185.5	
339.47	4179.9	
339.68	2797.5	
339.88	3814	
340.09	4786.8	
340.3	4881.7	
340.5	3124.5	
340.71	2531.3	
340.92	4264.6	
341.13	5029.8	
341.33	2656.2	
341.54	3193.5	
341.75	4736.3	
341.95	4455	
342.16	3018.7	
342.37	3254.9	
342.57	4339	
342.78	4491.9	
342.99	3332.7	
343.19	2564.1	
343.4	4828.4	
343.61	4733.5	
343.81	2984.6	
344.02	2655.5	
344.23	4821.6	
344.43	5018.9	
344.64	3369.6	
344.85	3214.6	
345.06	4792.9	
345.26	4927.4	
345.47	3151.1	
345.68	3561.4	
345.88	4162.8	
346.09	4835.3	
346.3	3204.4	
346.5	2514.9	
346.71	4448.2	
346.92	4410	
347.12	2663	
347.33	3130	
347.54	4896	
347.74	5201.2	
347.95	3140.9	
348.16	2512.2	
348.36	4435.9	
348.57	4268.6	
348.78	3192.8	
348.98	3252.2	
349.19	4526	
349.39	4172.4	
349.6	2652.1	
349.81	2839.8	
350.01	4797.7	
350.22	4311.7	
350.43	3129.3	
350.63	3569.6	
350.84	4567	
351.05	4361.5	
351.25	2793.4	
351.46	2600.2	
351.67	4894.6	
351.87	4358.1	
352.08	2949.8	
352.29	3287	
352.49	4898.7	
352.7	4676.9	
352.9	2734.7	
353.11	3257	
353.32	5254.4	
353.52	4455.7	
353.73	2739.5	
353.94	3371.6	
354.14	4735.6	
354.35	4607.9	
354.55	2862.4	
354.76	3082.9	
354.97	4802.5	
355.17	4567	
355.38	2723.1	
355.59	3472.7	
355.79	4385.4	
356	4553.3	
356.2	3039.9	
356.41	2774.3	
356.62	4255	
356.82	4558.1	
357.03	3264.5	
357.24	2998.9	
357.44	4338.3	
357.65	4461.2	
357.85	3796.3	
358.06	3134.1	
358.27	4223.6	
358.47	4301.4	
358.68	2723.8	
358.88	3235.1	
359.09	4808.6	
359.3	4926.7	
359.5	3719.1	
359.71	3337.5	
359.91	5216.9	
360.12	4793.6	
360.33	3276.1	
360.53	3576.4	
360.74	4470	
360.94	4495.3	
361.15	3410.6	
361.36	2943.6	
361.56	5005.9	
361.77	4594.3	
361.97	3710.9	
362.18	3095.8	
362.38	4997	
362.59	4382.7	
362.8	2875.3	
363	2845.3	
363.21	4220.2	
363.41	4726	
363.62	3224.2	
363.83	3839.9	
364.03	4862.6	
364.24	5265.3	
364.44	3949.8	
364.65	3917.8	
364.85	4634.6	
365.06	4484.4	
365.27	3041.2	
365.47	3132.7	
365.68	5296	
365.88	4601.1	
366.09	3381.2	
366.29	3117	
366.5	4756.1	
366.71	5020.9	
366.91	3934.8	
367.12	3404.4	
367.32	5513.8	
367.53	4941.7	
367.73	3454.2	
367.94	4119.8	
368.14	5023	
368.35	5358.9	
368.56	3396.2	
368.76	3236.5	
368.97	5122	
369.17	6032	
369.38	3078.1	
369.58	3330	
369.79	4392.2	
369.99	5308.3	
370.2	4009.9	
370.4	3370.3	
370.61	4812.7	
370.82	5697.4	
371.02	3300.6	
371.23	2919.7	
371.43	4488.5	
371.64	5319.9	
371.84	3394.2	
372.05	4033.8	
372.25	6018.3	
372.46	5001.1	
372.66	3327.3	
372.87	3385.3	
373.07	5101.5	
373.28	6192.4	
373.48	3934.1	
373.69	3795.6	
373.9	4896.7	
374.1	4851	
374.31	4050.2	
374.51	3703.4	
374.72	5326.1	
374.92	4648.2	
375.13	4155.3	
375.33	3628.3	
375.54	5104.2	
375.74	4808.6	
375.95	3738.9	
376.15	4392.2	
376.36	5287.9	
376.56	5101.5	
376.77	3764.2	
376.97	3995.6	
377.18	5900.2	
377.38	5253	
377.59	4196.3	
377.79	3532.1	
378	5132.2	
378.2	5330.9	
378.41	3560.7	
378.61	3458.3	
378.82	5458.5	
379.02	4949.3	
379.23	3680.2	
379.43	4351.9	
379.64	5677	
379.84	5342.5	
380.05	3606.5	
380.25	3455.6	
380.46	5380	
380.66	5138.4	
380.87	4434.5	
381.07	4585.4	
381.28	5761.6	
381.48	5373.9	
381.69	3530	
381.89	3613.3	
382.1	4691.9	
382.3	5315.2	
382.51	4222.2	
382.71	4825	
382.91	5175.9	
383.12	5657.9	
383.32	3781.2	
383.53	3878.2	
383.73	5163.6	
383.94	5171.8	
384.14	3950.5	
384.35	3319.8	
384.55	5042.8	
384.76	5307.7	
384.96	3786	
385.17	3951.2	
385.37	5355.4	
385.58	4746.5	
385.78	3972.4	
385.98	3257	
386.19	5005.2	
386.39	5287.9	
386.6	3721.2	
386.8	3824.2	
387.01	5306.3	
387.21	5341.1	
387.42	4052.2	
387.62	4398.4	
387.83	4982.7	
388.03	5202.5	
388.23	3889.8	
388.44	4327.4	
388.64	4854.4	
388.85	4870.8	
389.05	4079.6	
389.26	4449.6	
389.46	6197.2	
389.67	5745.9	
389.87	4076.8	
390.07	4165.6	
390.28	5138.4	
390.48	4988.9	
390.69	3647.4	
390.89	3928.7	
391.1	5138.4	
391.3	5720	
391.5	4581.3	
391.71	4954.7	
391.91	5554.1	
392.12	6040.8	
392.32	4650.9	
392.53	4080.9	
392.73	5221	
392.93	5239.4	
393.14	3953.3	
393.34	4448.2	
393.55	5513.1	
393.75	5188.9	
393.95	3968.3	
394.16	3912.3	
394.36	5207.3	
394.57	5550	
394.77	3646.7	
394.98	3850.9	
395.18	5122	
395.38	5288.5	
395.59	4454.3	
395.79	3912.3	
396	5282.4	
396.2	5590.3	
396.4	4420.9	
396.61	4371	
396.81	5632.6	
397.02	5275.6	
397.22	4619.5	
397.42	4659.8	
397.63	5784.8	
397.83	5357.5	
398.04	3906.8	
398.24	4345.1	
398.44	5580.7	
398.65	4979.3	
398.85	3857.7	
399.05	3915	
399.26	5399.1	
399.46	6337.8	
399.67	4168.3	
399.87	4021.5	
400.07	5611.4	
400.28	5793.7	
400.48	4143.7	
400.69	4816.8	
400.89	6193.1	
401.09	6269.5	
401.3	4158.1	
401.5	4780.6	
401.7	6430.6	
401.91	6527.6	
402.11	4420.2	
402.32	4450.9	
402.52	6096.1	
402.72	5948	
402.93	4693.9	
403.13	3865.9	
403.33	6516.6	
403.54	5543.9	
403.74	4367.6	
403.94	4901.5	
404.15	5612.1	
404.35	6408.1	
404.56	4186	
404.76	5378.6	
404.96	5946.6	
405.17	5742.5	
405.37	4835.3	
405.57	4572.4	
405.78	6065.4	
405.98	5613.5	
406.18	4349.2	
406.39	4832.5	
406.59	6045.6	
406.79	5679.7	
407	4181.3	
407.2	4153.3	
407.4	6272.9	
407.61	6148	
407.81	4313.7	
408.01	5520.6	
408.22	5397.8	
408.42	6685.3	
408.62	5090.6	
408.83	4860.5	
409.03	6026.5	
409.23	5928.9	
409.44	4901.5	
409.64	5137	
409.84	6826.6	
410.05	6728.9	
410.25	5169.1	
410.45	5007.3	
410.66	6599.2	
410.86	8073.1	
411.06	5429.8	
411.27	5287.2	
411.47	8106.5	
411.67	6681.2	
411.88	5588.9	
412.08	5771.2	
412.28	7143.3	
412.49	7477.8	
412.69	5517.9	
412.89	5525.4	
413.09	7406.8	
413.3	7417.1	
413.5	5716.6	
413.7	5477	
413.91	6963.1	
414.11	7525.6	
414.31	5629.9	
414.52	5977.3	
414.72	7378.1	
414.92	7320.1	
415.12	5660.6	
415.33	6059.9	
415.53	7529.7	
415.73	7692.9	
415.94	6193.7	
416.14	5872.2	
416.34	7096.9	
416.55	6845	
416.75	6638.1	
416.95	6317.3	
417.15	7767.3	
417.36	8015.7	
417.56	6879.1	
417.76	6309.8	
417.97	7932.5	
418.17	7732.4	
418.37	6069.5	
418.57	6066.1	
418.78	7709.2	
418.98	7378.1	
419.18	6627.9	
419.38	6590.4	
419.59	7361.8	
419.79	7180.2	
419.99	5984.8	
420.2	6186.9	
420.4	7860.8	
420.6	7791.8	
420.8	5936.4	
421.01	5893.4	
421.21	7769.3	
421.41	7691.5	
421.61	6152.1	
421.82	5973.2	
422.02	7471.7	
422.22	7985.7	
422.42	6548.7	
422.63	6225.8	
422.83	7451.9	
423.03	8316.8	
423.23	6264.1	
423.44	5620.3	
423.64	7431.4	
423.84	7103.7	
424.04	5909.8	
424.25	5651.7	
424.45	7970.7	
424.65	7846.5	
424.85	5540.4	
425.06	5887.9	
425.26	8186.4	
425.46	7325.6	
425.66	6215.6	
425.87	5995.8	
426.07	7774.8	
426.27	7630	
426.47	6075.6	
426.67	5668.8	
426.88	8052.6	
427.08	7665.5	
427.28	6328.9	
427.48	5583.4	
427.69	6956.3	
427.89	7359	
428.09	6294.1	
428.29	5605.3	
428.5	7860.8	
428.7	7533.1	
428.9	5729.5	
429.1	5979.4	
429.3	7561.8	
429.51	7735.2	
429.71	5789.6	
429.91	6410.8	
430.11	7835.5	
430.31	8183.7	
430.52	6076.3	
430.72	6238.8	
430.92	8185	
431.12	7778.9	
431.32	5989.6	
431.53	6189.6	
431.73	7159	
431.93	8204.2	
432.13	5933	
432.33	5822.4	
432.54	7513.3	
432.74	7643.7	
432.94	5905	
433.14	6453.8	
433.34	8013.7	
433.55	7752.9	
433.75	6503	
433.95	7650.5	
434.15	7840.3	
434.35	7606.2	
434.56	5985.5	
434.76	5811.5	
434.96	7813.7	
435.16	8061.5	
435.36	5991.7	
435.56	6898.2	
435.77	7753.6	
435.97	7820.5	
436.17	7307.8	
436.37	6809.5	
436.57	7734.5	
436.78	7714.7	
436.98	6735.1	
437.18	7218.4	
437.38	8173.4	
437.58	7750.9	
437.78	7294.9	
437.99	6391.7	
438.19	8230.1	
438.39	8720.9	
438.59	6427.2	
438.79	6029.2	
438.99	8589.2	
439.2	7755.7	
439.4	5927.5	
439.6	6022.4	
439.8	7958.4	
440	8681.3	
440.2	6770.6	
440.4	6838.2	
440.61	8503.8	
440.81	8678.6	
441.01	6426.5	
441.21	7081.9	
441.41	8884.1	
441.61	8522.3	
441.81	7316.7	
442.02	7959.8	
442.22	9092.3	
442.42	8658.8	
442.62	6629.3	
442.82	6637.5	
443.02	8938	
443.22	8418.5	
443.43	6982.9	
443.63	6535.8	
443.83	8212.4	
444.03	8174.1	
444.23	7453.9	
444.43	7131.7	
444.63	8574.8	
444.83	9186.5	
445.04	6870.3	
445.24	7586.4	
445.44	8753	
445.64	8827.4	
445.84	7250.5	
446.04	7344	
446.24	8329.8	
446.44	8933.2	
446.65	6686.6	
446.85	7051.8	
447.05	8198	
447.25	8910	
447.45	6962.4	
447.65	6514.6	
447.85	8507.9	
448.05	8028.7	
448.25	7305.8	
448.46	7057.3	
448.66	8505.9	
448.86	8195.3	
449.06	6588.3	
449.26	7207.5	
449.46	8742.8	
449.66	8159.8	
449.86	7087.3	
450.06	7038.2	
450.26	8297.7	
450.47	8693.6	
450.67	7105.1	
450.87	7412.3	
451.07	8914.1	
451.27	8585.8	
451.47	6741.9	
451.67	7494.9	
451.87	8509.3	
452.07	9167.4	
452.27	7027.9	
452.47	6891.4	
452.67	8722.3	
452.88	8897.1	
453.08	6478.4	
453.28	7812.3	
453.48	9633	
453.68	8558.5	
453.88	7015	
454.08	7036.1	
454.28	8942.1	
454.48	8767.4	
454.68	7445	
454.88	7732.4	
455.08	9093.7	
455.28	8964	
455.48	6944.7	
455.68	7485.3	
455.89	9549	
456.09	9267.7	
456.29	7205.4	
456.49	7466.2	
456.69	9523.7	
456.89	8957.1	
457.09	7733.8	
457.29	8083.3	
457.49	9263	
457.69	9370.8	
457.89	7806.9	
458.09	7324.2	
458.29	9311.4	
458.49	9767.4	
458.69	8121.6	
458.89	7753.6	
459.09	10066	
459.29	9992.7	
459.49	7864.9	
459.69	8366	
459.9	9645.3	
460.1	9508.7	
460.3	7715.4	
460.5	7632.8	
460.7	9785.9	
460.9	9455.5	
461.1	7421.8	
461.3	8408.3	
461.5	10271	
461.7	10061	
461.9	8019.8	
462.1	8058.1	
462.3	9784.5	
462.5	10144	
462.7	8027.4	
462.9	8184.4	
463.1	10919	
463.3	10729	
463.5	8335.2	
463.7	9207.7	
463.9	10170	
464.1	10421	
464.3	8753	
464.5	8726.4	
464.7	10737	
464.9	10606	
465.1	9716.2	
465.3	9114.8	
465.5	10843	
465.7	11019	
465.9	9386.5	
466.1	9008.3	
466.3	10964	
466.5	10733	
466.7	9899.9	
466.9	9208.4	
467.1	11010	
467.3	11439	
467.5	9962	
467.7	9270.5	
467.9	11680	
468.1	12168	
468.3	9665	
468.5	10094	
468.7	10960	
468.9	10920	
469.1	9513.5	
469.3	10015	
469.5	12347	
469.7	10914	
469.9	9776.3	
470.1	9491	
470.3	11198	
470.5	11211	
470.7	10333	
470.9	9489.6	
471.1	11017	
471.3	11169	
471.5	9397.4	
471.69	10652	
471.89	10982	
472.09	10458	
472.29	9944.9	
472.49	9895.8	
472.69	10763	
472.89	11106	
473.09	9387.2	
473.29	9256.8	
473.49	10722	
473.69	10756	
473.89	9938.1	
474.09	9349.7	
474.29	11706	
474.49	11391	
474.69	9901.2	
474.89	9338.1	
475.09	10848	
475.29	10765	
475.49	9035.6	
475.69	9308	
475.88	11690	
476.08	11103	
476.28	9127.1	
476.48	9106.6	
476.68	11316	
476.88	11056	
477.08	9146.9	
477.28	9323.7	
477.48	10707	
477.68	10967	
477.88	8985.1	
478.08	9061.6	
478.28	11418	
478.48	10716	
478.67	9292.3	
478.87	8687.5	
479.07	11385	
479.27	10872	
479.47	9359.2	
479.67	9448	
479.87	11213	
480.07	11554	
480.27	9068.4	
480.47	9855.5	
480.67	10930	
480.87	11365	
481.06	9155.1	
481.26	9685.5	
481.46	11073	
481.66	10929	
481.86	9574.9	
482.06	10032	
482.26	10788	
482.46	11435	
482.66	9531.2	
482.86	9157.8	
483.05	11213	
483.25	10570	
483.45	11079	
483.65	9395.4	
483.85	10748	
484.05	11056	
484.25	9893.7	
484.45	10170	
484.65	11421	
484.84	11617	
485.04	9586.5	
485.24	9542.2	
485.44	11830	
485.64	10830	
485.84	9200.2	
486.04	9936.1	
486.24	11129	
486.44	11234	
486.63	9142.1	
486.83	9874.6	
487.03	11117	
487.23	11346	
487.43	9389.9	
487.63	10830	
487.83	11447	
488.02	11868	
488.22	10106	
488.42	10583	
488.62	12051	
488.82	11232	
489.02	9866.4	
489.22	10073	
489.41	11811	
489.61	11814	
489.81	9778.4	
490.01	9813.2	
490.21	12005	
490.41	12590	
490.61	9976.3	
490.8	9979.1	
491	11802	
491.2	11338	
491.4	10343	
491.6	9756.5	
491.8	11570	
491.99	11557	
492.19	9590	
492.39	9710.1	
492.59	11858	
492.79	12000	
492.99	10164	
493.18	9875.3	
493.38	12115	
493.58	12648	
493.78	10465	
493.98	10126	
494.18	12034	
494.37	11740	
494.57	10844	
494.77	10750	
494.97	12522	
495.17	12721	
495.37	10582	
495.56	10796	
495.76	12980	
495.96	12727	
496.16	11555	
496.36	11045	
496.55	13083	
496.75	12667	
496.95	11401	
497.15	11196	
497.35	13082	
497.54	12999	
497.74	11038	
497.94	12214	
498.14	13646	
498.34	13515	
498.53	10983	
498.73	11465	
498.93	12561	
499.13	13280	
499.33	11589	
499.52	11693	
499.72	13475	
499.92	13287	
500.12	11312	
500.32	11506	
500.51	13502	
500.71	13406	
500.91	12037	
501.11	11740	
501.31	13403	
501.5	13677	
501.7	12399	
501.9	11647	
502.1	13284	
502.29	13616	
502.49	11959	
502.69	12129	
502.89	13403	
503.09	13442	
503.28	11177	
503.48	11284	
503.68	12818	
503.88	12846	
504.07	11899	
504.27	11431	
504.47	13163	
504.67	13033	
504.86	11813	
505.06	11396	
505.26	12833	
505.46	13885	
505.65	11301	
505.85	11547	
506.05	12634	
506.25	13065	
506.44	10833	
506.64	11254	
506.84	12532	
507.04	13073	
507.23	10849	
507.43	11161	
507.63	13656	
507.83	12570	
508.02	11291	
508.22	10901	
508.42	13970	
508.62	12377	
508.81	10965	
509.01	11380	
509.21	12214	
509.4	12523	
509.6	11192	
509.8	10800	
510	12390	
510.19	13347	
510.39	10710	
510.59	10831	
510.79	12521	
510.98	13457	
511.18	10980	
511.38	11049	
511.57	13028	
511.77	12819	
511.97	11417	
512.17	10748	
512.36	12838	
512.56	12766	
512.76	10800	
512.95	10518	
513.15	13004	
513.35	11987	
513.55	11342	
513.74	10748	
513.94	12968	
514.14	12534	
514.33	11408	
514.53	11368	
514.73	12629	
514.92	12699	
515.12	10936	
515.32	10795	
515.51	12784	
515.71	13022	
515.91	11926	
516.11	10861	
516.3	13890	
516.5	12613	
516.7	11353	
516.89	11625	
517.09	12626	
517.29	12693	
517.48	11485	
517.68	11135	
517.88	12504	
518.07	12904	
518.27	11417	
518.47	10954	
518.66	13234	
518.86	12325	
519.06	10739	
519.25	11060	
519.45	12504	
519.65	13558	
519.84	11530	
520.04	12015	
520.24	13964	
520.43	13092	
520.63	11348	
520.83	11234	
521.02	12594	
521.22	12878	
521.42	11323	
521.61	11741	
521.81	12587	
522.01	12674	
522.2	11301	
522.4	11116	
522.6	13074	
522.79	12230	
522.99	11156	
523.18	10929	
523.38	13001	
523.58	13062	
523.77	12094	
523.97	11041	
524.17	14382	
524.36	13842	
524.56	12080	
524.76	11927	
524.95	13454	
525.15	13232	
525.34	11856	
525.54	11934	
525.74	13856	
525.93	13165	
526.13	12916	
526.33	12198	
526.52	14218	
526.72	13808	
526.91	12934	
527.11	12525	
527.31	14274	
527.5	14500	
527.7	12510	
527.89	11897	
528.09	13652	
528.29	14025	
528.48	12672	
528.68	12456	
528.87	14356	
529.07	14332	
529.27	12630	
529.46	12394	
529.66	14209	
529.85	14628	
530.05	12418	
530.25	12816	
530.44	15186	
530.64	14165	
530.83	12570	
531.03	12686	
531.23	14644	
531.42	14347	
531.62	13123	
531.81	12525	
532.01	14744	
532.21	14821	
532.4	12592	
532.6	12983	
532.79	15312	
532.99	15079	
533.18	13194	
533.38	13801	
533.58	14922	
533.77	15153	
533.97	13436	
534.16	13809	
534.36	15587	
534.55	14989	
534.75	14001	
534.95	13419	
535.14	15688	
535.34	15044	
535.53	13217	
535.73	14514	
535.92	15962	
536.12	14995	
536.31	13181	
536.51	13963	
536.71	15256	
536.9	14952	
537.1	13299	
537.29	13437	
537.49	15507	
537.68	14749	
537.88	13740	
538.07	13142	
538.27	15100	
538.46	15684	
538.66	12957	
538.86	13468	
539.05	15101	
539.25	15310	
539.44	13833	
539.64	13307	
539.83	14949	
540.03	15724	
540.22	13278	
540.42	13234	
540.61	14872	
540.81	15238	
541	13328	
541.2	14057	
541.39	14668	
541.59	14827	
541.78	13773	
541.98	12998	
542.18	14396	
542.37	14491	
542.57	13175	
542.76	13796	
542.96	14425	
543.15	14785	
543.35	13148	
543.54	12766	
543.74	14635	
543.93	14485	
544.13	12886	
544.32	13663	
544.52	14681	
544.71	14086	
544.91	12375	
545.1	12998	
545.3	14164	
545.49	14538	
545.69	12223	
545.88	12745	
546.08	15445	
546.27	14844	
546.47	12921	
546.66	12341	
546.86	14518	
547.05	15050	
547.24	12449	
547.44	12637	
547.63	13994	
547.83	14566	
548.02	12788	
548.22	12859	
548.41	13784	
548.61	14587	
548.8	12366	
549	12400	
549.19	14141	
549.39	14561	
549.58	12156	
549.78	12497	
549.97	14279	
550.17	13867	
550.36	12968	
550.55	13672	
550.75	13849	
550.94	14554	
551.14	12127	
551.33	12283	
551.53	13383	
551.72	14089	
551.92	12366	
552.11	12210	
552.31	14170	
552.5	14015	
552.69	13276	
552.89	11864	
553.08	14097	
553.28	13749	
553.47	12176	
553.67	12895	
553.86	14279	
554.06	13379	
554.25	11404	
554.44	11935	
554.64	14758	
554.83	14390	
555.03	12039	
555.22	12080	
555.42	14095	
555.61	13827	
555.8	11949	
556	12036	
556.19	13323	
556.39	13824	
556.58	11921	
556.78	11967	
556.97	13693	
557.16	13548	
557.36	12823	
557.55	11815	
557.75	12849	
557.94	14285	
558.13	11815	
558.33	11650	
558.52	14063	
558.72	13157	
558.91	11614	
559.1	11840	
559.3	13094	
559.49	12919	
559.69	11534	
559.88	11944	
560.07	13554	
560.27	13844	
560.46	12114	
560.66	12180	
560.85	13348	
561.04	12762	
561.24	11477	
561.43	11564	
561.63	12947	
561.82	13205	
562.01	12354	
562.21	11811	
562.4	13331	
562.59	13917	
562.79	11673	
562.98	11542	
563.18	13413	
563.37	14260	
563.56	12093	
563.76	11572	
563.95	13164	
564.14	13101	
564.34	11889	
564.53	11613	
564.73	13612	
564.92	13692	
565.11	11865	
565.31	11491	
565.5	13766	
565.69	13024	
565.89	11875	
566.08	11960	
566.27	13792	
566.47	14164	
566.66	12427	
566.85	11583	
567.05	13766	
567.24	13324	
567.44	11762	
567.63	12553	
567.82	13835	
568.02	13576	
568.21	11901	
568.4	11979	
568.6	13571	
568.79	13589	
568.98	11785	
569.18	11754	
569.37	13596	
569.56	14933	
569.76	12193	
569.95	12732	
570.14	13832	
570.34	13830	
570.53	11865	
570.72	11853	
570.91	14263	
571.11	13697	
571.3	12086	
571.49	12711	
571.69	13855	
571.88	13285	
572.07	12442	
572.27	12385	
572.46	13386	
572.65	14020	
572.85	12112	
573.04	12286	
573.23	14375	
573.43	13728	
573.62	11964	
573.81	12288	
574	14063	
574.2	13609	
574.39	12245	
574.58	12339	
574.78	14613	
574.97	14176	
575.16	12681	
575.36	12820	
575.55	14483	
575.74	14457	
575.93	12200	
576.13	12932	
576.32	14063	
576.51	14484	
576.71	12535	
576.9	13382	
577.09	14777	
577.28	14384	
577.48	12921	
577.67	12149	
577.86	14089	
578.05	14356	
578.25	12640	
578.44	12691	
578.63	14198	
578.83	14997	
579.02	12288	
579.21	13251	
579.4	14363	
579.6	14216	
579.79	12638	
579.98	14243	
580.17	14618	
580.37	14760	
580.56	12318	
580.75	12923	
580.94	14807	
581.14	14868	
581.33	13263	
581.52	12489	
581.71	14468	
581.91	14949	
582.1	12551	
582.29	12583	
582.48	14291	
582.68	14321	
582.87	13041	
583.06	12781	
583.25	14679	
583.45	14237	
583.64	13270	
583.83	13802	
584.02	14446	
584.21	14673	
584.41	13211	
584.6	12894	
584.79	14556	
584.98	14937	
585.18	12542	
585.37	12561	
585.56	14253	
585.75	14778	
585.94	12651	
586.14	13014	
586.33	14971	
586.52	14362	
586.71	12912	
586.91	12725	
587.1	13886	
587.29	14488	
587.48	12411	
587.67	12581	
587.87	14280	
588.06	14246	
588.25	13186	
588.44	12664	
588.63	14001	
588.83	14318	
589.02	12300	
589.21	12258	
589.4	13756	
589.59	13779	
589.78	11536	
589.98	11690	
590.17	13143	
590.36	13377	
590.55	11071	
590.74	11385	
590.94	13862	
591.13	12831	
591.32	11058	
591.51	10600	
591.7	13018	
591.89	12902	
592.09	10796	
592.28	11085	
592.47	12359	
592.66	13676	
592.85	11014	
593.05	11169	
593.24	12925	
593.43	13398	
593.62	11308	
593.81	11514	
594	12978	
594.19	12966	
594.39	11033	
594.58	11063	
594.77	13115	
594.96	13383	
595.15	11152	
595.34	11440	
595.54	12945	
595.73	12325	
595.92	10484	
596.11	11179	
596.3	13208	
596.49	12440	
596.68	11099	
596.88	11217	
597.07	13023	
597.26	12273	
597.45	10677	
597.64	11508	
597.83	12439	
598.02	12826	
598.22	10856	
598.41	11279	
598.6	12725	
598.79	12346	
598.98	10800	
599.17	11465	
599.36	12858	
599.55	13399	
599.74	12045	
599.94	11927	
600.13	13091	
600.32	12256	
600.51	10492	
600.7	10828	
600.89	13338	
601.08	13485	
601.27	10531	
601.47	11164	
601.66	12908	
601.85	13253	
602.04	11023	
602.23	11127	
602.42	12287	
602.61	12731	
602.8	10898	
602.99	10665	
603.18	12471	
603.37	12561	
603.57	10961	
603.76	11383	
603.95	13093	
604.14	12656	
604.33	10811	
604.52	10974	
604.71	12770	
604.9	12409	
605.09	11318	
605.28	11230	
605.47	13189	
605.66	12730	
605.86	11144	
606.05	10886	
606.24	13064	
606.43	12050	
606.62	10901	
606.81	11402	
607	12863	
607.19	12413	
607.38	10514	
607.57	10689	
607.76	12217	
607.95	11865	
608.14	10989	
608.33	11298	
608.52	12205	
608.72	12786	
608.91	10352	
609.1	10352	
609.29	12274	
609.48	11749	
609.67	10967	
609.86	10346	
610.05	11972	
610.24	12174	
610.43	10271	
610.62	10045	
610.81	12851	
611	12819	
611.19	10397	
611.38	10774	
611.57	12301	
611.76	13084	
611.95	10137	
612.14	10086	
612.33	12175	
612.52	11889	
612.71	10485	
612.9	10079	
613.09	11598	
613.28	13152	
613.47	10294	
613.66	10866	
613.85	12221	
614.04	11853	
614.24	10387	
614.43	9837.8	
614.62	12249	
614.81	12165	
615	10642	
615.19	10713	
615.38	11842	
615.57	12173	
615.76	10673	
615.95	11215	
616.14	12420	
616.33	12129	
616.52	10943	
616.71	10929	
616.9	12263	
617.09	12255	
617.28	10545	
617.47	11176	
617.66	11753	
617.85	11790	
618.04	11066	
618.22	10752	
618.41	12148	
618.6	12809	
618.79	10740	
618.98	10693	
619.17	13063	
619.36	11835	
619.55	10825	
619.74	10907	
619.93	12614	
620.12	12290	
620.31	11254	
620.5	11337	
620.69	13016	
620.88	13426	
621.07	11887	
621.26	11345	
621.45	12916	
621.64	12983	
621.83	11436	
622.02	10966	
622.21	13006	
622.4	12982	
622.59	11885	
622.78	11751	
622.97	12698	
623.16	13239	
623.35	11399	
623.54	10834	
623.72	12775	
623.91	12784	
624.1	11764	
624.29	10699	
624.48	13586	
624.67	13041	
624.86	11659	
625.05	11064	
625.24	13728	
625.43	12720	
625.62	12606	
625.81	11121	
626	13094	
626.19	12843	
626.38	11635	
626.56	11325	
626.75	12636	
626.94	13290	
627.13	11748	
627.32	10855	
627.51	13287	
627.7	13952	
627.89	10863	
628.08	11638	
628.27	12504	
628.46	12708	
628.65	11011	
628.83	10854	
629.02	12943	
629.21	12584	
629.4	11367	
629.59	11483	
629.78	12581	
629.97	13200	
630.16	11568	
630.35	11040	
630.54	13443	
630.72	13399	
630.91	11209	
631.1	11443	
631.29	12907	
631.48	12988	
631.67	11528	
631.86	11118	
632.05	12740	
632.24	12919	
632.42	10970	
632.61	11488	
632.8	12727	
632.99	12459	
633.18	11290	
633.37	11586	
633.56	12881	
633.75	12948	
633.93	11317	
634.12	11133	
634.31	13528	
634.5	13194	
634.69	11274	
634.88	11448	
635.07	12897	
635.25	13183	
635.44	11781	
635.63	12085	
635.82	12700	
636.01	12174	
636.2	11667	
636.39	11510	
636.57	13385	
636.76	13014	
636.95	11085	
637.14	11808	
637.33	12921	
637.52	13521	
637.7	10861	
637.89	11703	
638.08	12790	
638.27	13563	
638.46	11686	
638.65	11769	
638.83	13471	
639.02	12521	
639.21	11449	
639.4	11746	
639.59	12764	
639.78	12575	
639.96	10753	
640.15	10953	
640.34	12670	
640.53	12627	
640.72	10628	
640.91	10864	
641.09	12207	
641.28	13027	
641.47	10837	
641.66	11370	
641.85	12595	
642.03	12648	
642.22	11192	
642.41	10879	
642.6	12166	
642.79	11875	
642.97	10569	
643.16	11099	
643.35	12067	
643.54	11895	
643.73	10525	
643.91	11001	
644.1	11823	
644.29	12360	
644.48	10468	
644.67	10511	
644.85	11867	
645.04	12047	
645.23	10069	
645.42	10476	
645.6	11576	
645.79	12318	
645.98	10077	
646.17	9459.6	
646.36	11346	
646.54	11432	
646.73	10441	
646.92	9643.9	
647.11	11310	
647.29	11987	
647.48	9743.6	
647.67	9500.5	
647.86	12064	
648.05	11965	
648.23	9795.4	
648.42	10650	
648.61	11751	
648.8	11476	
648.98	9581.1	
649.17	9727.2	
649.36	11124	
649.55	10768	
649.73	9626.8	
649.92	10070	
650.11	11137	
650.3	11222	
650.48	9613.2	
650.67	9671.2	
650.86	11472	
651.05	10712	
651.23	9633	
651.42	9562	
651.61	11030	
651.79	10846	
651.98	9596.1	
652.17	9368.8	
652.36	11203	
652.54	10656	
652.73	9378.3	
652.92	9381.7	
653.11	11087	
653.29	11252	
653.48	8913.4	
653.67	9538.8	
653.85	11093	
654.04	11715	
654.23	9525.8	
654.42	9420	
654.6	10555	
654.79	10989	
654.98	8742.1	
655.16	9102.5	
655.35	10160	
655.54	10008	
655.73	8681.3	
655.91	8464.9	
656.1	10646	
656.29	9826.2	
656.47	8210.3	
656.66	9481.4	
656.85	10036	
657.03	10099	
657.22	8762.6	
657.41	8850	
657.59	10352	
657.78	10191	
657.97	8748.9	
658.16	9123.7	
658.34	10975	
658.53	11156	
658.72	9773.6	
658.9	10038	
659.09	10662	
659.28	10571	
659.46	9039.1	
659.65	8991.3	
659.84	10460	
660.02	10867	
660.21	9079.3	
660.4	8888.9	
660.58	11037	
660.77	10664	
660.96	9422.7	
661.14	8770.8	
661.33	11359	
661.52	11330	
661.7	8696.4	
661.89	10817	
662.08	10391	
662.26	9972.2	
662.45	8772.8	
662.64	8925	
662.82	10876	
663.01	10253	
663.2	8955.1	
663.38	9440.5	
663.57	10759	
663.75	10556	
663.94	9112.1	
664.13	9925.8	
664.31	10361	
664.5	10781	
664.69	9187.2	
664.87	9640.5	
665.06	10102	
665.25	10664	
665.43	9754.5	
665.62	9699.9	
665.8	10710	
665.99	10378	
666.18	9120.3	
666.36	9059.5	
666.55	10672	
666.74	10690	
666.92	8742.8	
667.11	9821.4	
667.29	10352	
667.48	10750	
667.67	9471.2	
667.85	8902.5	
668.04	10168	
668.22	10281	
668.41	9027.4	
668.6	9297.1	
668.78	10192	
668.97	10286	
669.15	9299.1	
669.34	8532.5	
669.53	10157	
669.71	10404	
669.9	8720.3	
670.08	9159.2	
670.27	10075	
670.46	10512	
670.64	9233.6	
670.83	9378.3	
671.01	10031	
671.2	10287	
671.38	8796	
671.57	8659.5	
671.76	10791	
671.94	11116	
672.13	8565.3	
672.31	9290.3	
672.5	10672	
672.69	10073	
672.87	8684.1	
673.06	8948.9	
673.24	10595	
673.43	10226	
673.61	9193.3	
673.8	8878.6	
673.98	10552	
674.17	10553	
674.36	9268.4	
674.54	9245.2	
674.73	10268	
674.91	10636	
675.1	9002.9	
675.28	8709.3	
675.47	10320	
675.65	10632	
675.84	8837	
676.03	9017.9	
676.21	10148	
676.4	9751.7	
676.58	9335.3	
676.77	9214.5	
676.95	11131	
677.14	10147	
677.32	8599.4	
677.51	8659.5	
677.69	10603	
677.88	9871.9	
678.06	8575.5	
678.25	8725	
678.44	10301	
678.62	10125	
678.81	8475.2	
678.99	9062.9	
679.18	10798	
679.36	10497	
679.55	8845.2	
679.73	9221.3	
679.92	10412	
680.1	10072	
680.29	9655.5	
680.47	8800.1	
680.66	10055	
680.84	10547	
681.03	8389.8	
681.21	9151	
681.4	10110	
681.58	9979.8	
681.77	8565.3	
681.95	8714.1	
682.14	10651	
682.32	10744	
682.51	9233.6	
682.69	8342.7	
682.88	9961.3	
683.06	10163	
683.25	8931.9	
683.43	9189.9	
683.62	10146	
683.8	10393	
683.99	9282.1	
684.17	8899.8	
684.36	10907	
684.54	9991.4	
684.73	8250.6	
684.91	8327.7	
685.1	10008	
685.28	9491.7	
685.46	8451.3	
685.65	8352.3	
685.83	9797.5	
686.02	9236.3	
686.2	7851.9	
686.39	7825.3	
686.57	9116.9	
686.76	9987.3	
686.94	7860.1	
687.13	7950.9	
687.31	9530.6	
687.5	9423.4	
687.68	7546.8	
687.86	8376.2	
688.05	10504	
688.23	9032.9	
688.42	8492.2	
688.6	8078.6	
688.79	9459.6	
688.97	9404.3	
689.16	8411.7	
689.34	7696.9	
689.52	9903.3	
689.71	10173	
689.89	8668.4	
690.08	8153.6	
690.26	9830.2	
690.45	9523.7	
690.63	8653.4	
690.81	8418.5	
691	9580.4	
691.18	9520.3	
691.37	8466.3	
691.55	9763.3	
691.74	9456.2	
691.92	10725	
692.1	8307.2	
692.29	7960.5	
692.47	9603.6	
692.66	9117.6	
692.84	8069	
693.02	8284.7	
693.21	9228.8	
693.39	9491	
693.58	8586.5	
693.76	8103.8	
693.94	10271	
694.13	10135	
694.31	8249.9	
694.5	8877.9	
694.68	9491	
694.86	9884.2	
695.05	8551.6	
695.23	8631.5	
695.42	10124	
695.6	11597	
695.78	9103.2	
695.97	8486.1	
696.15	10208	
696.34	9835.7	
696.52	8369.4	
696.7	8832.2	
696.89	10013	
697.07	9579	
697.25	8762.6	
697.44	9690.3	
697.62	10004	
697.81	9970.9	
697.99	8410.3	
698.17	8682.7	
698.36	9407.7	
698.54	9844.6	
698.72	8585.8	
698.91	7937.9	
699.09	9544.9	
699.28	9388.6	
699.46	8269.7	
699.64	8188.5	
699.83	9443.9	
700.01	9923.8	
700.19	8722.3	
700.38	7722.2	
700.56	9882.8	
700.74	9394.7	
700.93	7802.8	
701.11	8556.4	
701.29	9887.6	
701.48	10514	
701.66	8073.8	
701.84	8327	
702.03	9562	
702.21	10093	
702.39	7899	
702.58	8429.4	
702.76	9832.3	
702.94	9901.2	
703.13	7884	
703.31	9538.8	
703.49	9439.1	
703.68	10169	
703.86	7989.1	
704.04	8627.4	
704.23	9677.3	
704.41	9996.8	
704.59	8196	
704.78	8693.6	
704.96	10915	
705.14	9902.6	
705.33	7942.7	
705.51	8433.5	
705.69	9445.2	
705.87	10099	
706.06	8542.8	
706.24	8004.1	
706.42	9791.3	
706.61	9900.6	
706.79	8699.1	
706.97	7846.5	
707.16	9329.2	
707.34	9617.9	
707.52	8456.7	
707.7	7996	
707.89	9325.8	
708.07	9172.9	
708.25	8447.9	
708.44	8684.8	
708.62	9317.6	
708.8	9977	
708.98	8697.7	
709.17	7989.1	
709.35	9555.8	
709.53	9516.2	
709.72	7802.1	
709.9	7802.8	
710.08	9729.9	
710.26	9825.5	
710.45	8685.4	
710.63	7954.3	
710.81	9323	
710.99	9293	
711.18	8260.8	
711.36	7841.7	
711.54	9091.6	
711.72	9620	
711.91	7899	
712.09	7436.2	
712.27	9173.5	
712.45	9460.9	
712.64	7833.5	
712.82	7237.5	
713	8649.9	
713.18	8695	
713.37	7137.9	
713.55	7873.1	
713.73	9146.2	
713.91	8183.7	
714.1	7194.5	
714.28	6780.8	
714.46	8558.5	
714.64	7932.5	
714.83	6179.4	
715.01	6483.2	
715.19	7620.5	
715.37	7129	
715.55	6002.6	
715.74	6195.1	
715.92	8055.3	
716.1	6729.6	
716.28	6774.7	
716.47	6139.1	
716.65	7145.4	
716.83	7128.3	
717.01	5984.8	
717.19	5993.7	
717.38	8456.1	
717.56	6890	
717.74	6169.2	
717.92	5543.2	
718.1	7668.3	
718.29	7104.4	
718.47	5426.4	
718.65	5944.6	
718.83	7804.1	
719.01	7793.2	
719.2	5533.6	
719.38	6311.2	
719.56	7765.2	
719.74	8686.8	
719.92	6165.8	
720.11	6803.4	
720.29	7787.7	
720.47	7218.4	
720.65	5760.9	
720.83	6165.8	
721.02	7223.2	
721.2	7068.9	
721.38	6016.9	
721.56	5540.4	
721.74	6515.3	
721.92	6605.4	
722.11	6222.4	
722.29	6037.4	
722.47	7395.9	
722.65	6928.3	
722.83	5421.7	
723.01	5958.9	
723.2	6834.8	
723.38	7094.8	
723.56	5044.1	
723.74	5750.7	
723.92	6557.6	
724.1	7352.9	
724.29	5371.8	
724.47	6067.4	
724.65	6657.3	
724.83	6540.5	
725.01	5285.8	
725.19	5737.7	
725.37	6474.3	
725.56	6471.6	
725.74	5033.2	
725.92	5255.1	
726.1	6529.6	
726.28	6696.2	
726.46	5479	
726.64	5332.9	
726.83	6700.3	
727.01	6775.4	
727.19	5139.7	
727.37	5531.6	
727.55	6853.9	
727.73	7109.9	
727.91	5083.1	
728.09	5031.9	
728.28	7079.8	
728.46	7151.5	
728.64	5601.9	
728.82	5630.5	
729	7692.9	
729.18	7338.6	
729.36	5080.3	
729.54	6559.6	
729.72	8038.3	
729.91	6887.3	
730.09	6410.8	
730.27	5672.9	
730.45	6838.9	
730.63	7207.5	
730.81	5938.4	
730.99	5470.8	
731.17	7658	
731.35	6709.8	
731.53	5789.6	
731.71	5539.1	
731.9	7331.7	
732.08	7407.5	
732.26	5645.6	
732.44	5407.3	
732.62	7516.7	
732.8	7170.6	
732.98	5835.3	
733.16	5263.3	
733.34	7182.2	
733.52	6248.4	
733.7	5524.1	
733.88	5563	
734.07	6924.9	
734.25	6791.1	
734.43	5113.8	
734.61	6038.1	
734.79	7780.9	
734.97	6744	
735.15	5115.1	
735.33	5405.3	
735.51	6931.7	
735.69	6761	
735.87	6033.3	
736.05	5507	
736.23	6746	
736.41	6508.4	
736.59	5336.3	
736.77	5452.4	
736.95	7013.6	
737.13	6627.2	
737.32	5109	
737.5	5264.6	
737.68	7333.8	
737.86	6498.2	
738.04	4917.2	
738.22	6107.7	
738.4	6398.5	
738.58	6606.1	
738.76	5292	
738.94	4708.3	
739.12	6437.4	
739.3	6397.2	
739.48	5761.6	
739.66	5486.5	
739.84	6595.1	
740.02	6632	
740.2	4724.7	
740.38	4835.9	
740.56	6806.8	
740.74	5971.9	
740.92	5356.8	
741.1	5181.4	
741.28	6391.7	
741.46	6219.7	
741.64	4904.2	
741.82	5306.3	
742	6428.6	
742.18	6236.7	
742.36	5044.8	
742.54	4747.2	
742.72	6720.1	
742.9	5781.4	
743.08	5257.8	
743.26	4449.6	
743.44	6716.7	
743.62	6589.7	
743.8	5276.3	
743.98	4707.6	
744.16	6434.7	
744.34	6168.5	
744.52	5200.5	
744.7	5117.9	
744.88	6514.6	
745.06	6090	
745.24	5130.8	
745.42	5210	
745.6	6539.8	
745.78	6367.8	
745.96	4400.4	
746.14	4511.7	
746.32	6974	
746.5	6391	
746.68	4866	
746.86	4540.3	
747.03	6567.8	
747.21	5588.2	
747.39	4854.4	
747.57	4459.1	
747.75	6123.4	
747.93	6321.4	
748.11	4435.2	
748.29	4400.4	
748.47	7181.5	
748.65	5831.2	
748.83	4934.2	
749.01	4729.4	
749.19	6215.6	
749.37	5598.5	
749.55	4657.8	
749.73	4686.4	
749.91	6006.7	
750.09	5915.2	
750.26	4694.6	
750.44	4339	
750.62	5936.4	
750.8	5884.5	
750.98	4270	
751.16	4420.2	
751.34	6026.5	
751.52	5529.5	
751.7	4906.3	
751.88	4057	
752.06	6332.3	
752.24	6010.1	
752.42	4047.5	
752.59	4377.9	
752.77	5872.2	
752.95	6621.8	
753.13	4814.8	
753.31	4430.4	
753.49	5606	
753.67	5901.6	
753.85	4559.5	
754.03	4265.9	
754.21	6097.5	
754.38	6189	
754.56	4236.6	
754.74	3708.2	
754.92	5440.1	
755.1	5726.1	
755.28	3594.9	
755.46	3519.8	
755.64	6252.4	
755.82	6298.9	
755.99	3622.2	
756.17	3670	
756.35	4526.7	
756.53	5405.3	
756.71	2903.3	
756.89	3524.6	
757.07	5110.4	
757.25	4654.4	
757.42	3732.1	
757.6	4375.1	
757.78	5239.4	
757.96	4611.3	
758.14	3596.2	
758.32	3352.5	
758.5	4306.9	
758.67	4846.9	
758.85	3507.5	
759.03	3575.8	
759.21	5004.6	
759.39	4632.5	
759.57	3244.7	
759.75	4021.5	
759.92	5516.5	
760.1	5111	
760.28	4212	
760.46	4442.7	
760.64	4916.5	
760.82	4849.6	
760.99	4179.9	
761.17	3602.4	
761.35	5544.5	
761.53	4805.9	
761.71	3900.7	
761.89	4247.5	
762.06	5423	
762.24	5111	
762.42	3908.9	
762.6	3661.8	
762.78	5092.6	
762.96	5499.5	
763.13	4186	
763.31	3867.2	
763.49	5629.2	
763.67	5096	
763.85	4481.6	
764.02	4834.6	
764.2	5829.9	
764.38	5157.5	
764.56	3798.3	
764.74	4382	
764.91	5830.6	
765.09	5141.1	
765.27	3639.9	
765.45	3457.7	
765.63	5919.3	
765.8	5706.3	
765.98	3353.9	
766.16	3534.1	
766.34	4834.6	
766.52	4675.5	
766.69	4130.1	
766.87	3403.7	
767.05	5139.7	
767.23	5610.1	
767.41	3616.7	
767.58	3773	
767.76	5445.5	
767.94	5477.6	
768.12	3661.1	
768.29	4106.9	
768.47	5087.2	
768.65	5563.6	
768.83	3364.8	
769	4085	
769.18	4819.6	
769.36	5229.1	
769.54	4076.8	
769.72	3431	
769.89	5565	
770.07	5451.7	
770.25	3680.2	
770.43	4479.6	
770.6	5984.8	
770.78	6182.1	
770.96	3734.1	
771.14	4075.5	
771.31	5390.9	
771.49	4948.6	
771.67	3134.8	
771.85	3251.5	
772.02	4409.3	
772.2	4915.1	
772.38	3768.3	
772.55	3405.1	
772.73	5238.7	
772.91	4986.1	
773.09	3659	
773.26	3753.2	
773.44	5089.2	
773.62	4875.5	
773.8	3407.1	
773.97	3159.3	
774.15	5130.2	
774.33	4902.8	
774.5	3284.9	
774.68	3506.8	
774.86	5193	
775.04	4812	
775.21	3286.3	
775.39	3269.9	
775.57	5066	
775.74	5208	
775.92	3130.7	
776.1	3119.1	
776.27	4979.3	
776.45	5743.2	
776.63	3323.2	
776.81	3035.1	
776.98	4792.9	
777.16	5380.7	
777.34	3362.8	
777.51	3627.6	
777.69	4786.8	
777.87	4579.3	
778.04	3471.3	
778.22	3746.4	
778.4	4674.8	
778.57	5015.5	
778.75	2912.9	
778.93	3104	
779.1	4541.7	
779.28	4391.5	
779.46	2927.2	
779.64	3276.1	
779.81	5135.6	
779.99	5642.2	
780.17	3770.3	
780.34	3812.6	
780.52	4879.6	
780.69	4871.4	
780.87	3463.8	
781.05	3149.8	
781.22	4834.6	
781.4	4874.2	
781.58	3246.7	
781.75	2671.9	
781.93	4906.3	
782.11	4384	
782.28	3767.6	
782.46	3233.7	
782.64	4316.4	
782.81	4936.3	
782.99	3303.4	
783.17	3232.4	
783.34	4829.8	
783.52	4394.3	
783.69	3344.3	
783.87	3904.1	
784.05	4446.1	
784.22	4387.4	
784.4	3907.5	
784.58	3402.4	
784.75	5071.5	
784.93	4493.9	
785.1	3176.4	
785.28	3604.4	
785.46	4873.5	
785.63	4362.2	
785.81	3223.5	
785.99	3084.9	
786.16	4586.1	
786.34	4706.9	
786.51	3083.6	
786.69	3382.6	
786.87	4202.4	
787.04	4575.2	
787.22	3000.3	
787.39	3659.7	
787.57	4392.2	
787.75	5094	
787.92	3796.9	
788.1	3672	
788.27	4364.9	
788.45	4126	
788.63	3555.3	
788.8	2701.3	
788.98	4637.3	
789.15	4135.5	
789.33	2818.7	
789.5	3170.3	
789.68	4971.8	
789.86	5051	
790.03	3447.4	
790.21	3104.7	
790.38	4992.9	
790.56	4467.3	
790.73	3019.4	
790.91	2996.2	
791.09	4367	
791.26	4836.6	
791.44	3197.6	
791.61	2817.3	
791.79	4389.5	
791.96	4340.3	
792.14	2919.7	
792.32	2636.4	
792.49	4342.4	
792.67	4436.6	
792.84	2957.3	
793.02	2831.7	
793.19	4689.8	
793.37	5100.1	
793.54	2616.6	
793.72	2848	
793.89	5153.4	
794.07	4340.3	
794.25	3248.8	
794.42	2664.4	
794.6	4984.1	
794.77	4740.4	
794.95	3417.4	
795.12	3050.8	
795.3	4388.8	
795.47	4710.3	
795.65	3292.5	
795.82	3163.4	
796	4235.9	
796.17	5389.6	
796.35	3098.6	
796.52	3609.9	
796.7	4730.8	
796.87	4800.4	
797.05	3078.1	
797.22	3638.6	
797.4	4747.9	
797.57	5395.7	
797.75	3163.4	
797.92	2996.2	
798.1	4986.1	
798.27	4226.3	
798.45	2702.6	
798.62	2828.9	
798.8	4543.1	
798.97	4825	
799.15	3299.3	
799.32	3216	
799.5	4055.7	
799.67	4532.8	
799.85	3404.4	
800.02	2633.7	
800.2	4270	
800.37	4414.1	
800.55	3494.5	
800.72	3083.6	
800.9	4875.5	
801.07	5087.2	
801.25	3871.3	
801.42	3293.8	
801.6	4923.3	
801.77	4586.1	
801.95	3022.8	
802.12	2943.6	
802.29	4635.2	
802.47	4551.3	
802.64	3282.2	
802.82	2585.2	
802.99	4314.4	
803.17	4869.4	
803.34	3220.8	
803.52	2866.5	
803.69	5311.7	
803.87	4145.1	
804.04	3180.5	
804.21	3131.3	
804.39	5057.8	
804.56	4367.6	
804.74	2780.5	
804.91	3233.1	
805.09	4273.4	
805.26	4351.3	
805.44	2794.1	
805.61	3043.3	
805.78	4780	
805.96	4730.1	
806.13	3223.5	
806.31	3402.4	
806.48	3969	
806.66	4344.4	
806.83	3307.5	
807	3164.1	
807.18	4341	
807.35	4509.6	
807.53	3135.4	
807.7	2655.5	
807.87	5055.8	
808.05	4318.5	
808.22	3392.1	
808.4	2646.7	
808.57	4222.2	
808.74	4025.6	
808.92	2941.6	
809.09	3583.9	
809.27	4358.8	
809.44	4579.3	
809.61	2639.1	
809.79	2919	
809.96	5165.7	
810.14	4702.8	
810.31	2587.3	
810.48	3089.7	
810.66	4332.8	
810.83	4772.4	
811.01	2926.5	
811.18	3179.1	
811.35	4706.2	
811.53	3855	
811.7	3454.2	
811.87	3242.6	
812.05	4369	
812.22	4263.9	
812.39	2843.9	
812.57	2747	
812.74	4364.9	
812.92	5300.1	
813.09	3106.1	
813.26	3213.3	
813.44	5188.2	
813.61	4185.4	
813.78	2597.5	
813.96	3317.7	
814.13	4331.5	
814.3	4146.5	
814.48	3620.8	
814.65	2983.2	
814.82	5026.4	
815	4075.5	
815.17	3091.8	
815.34	3678.8	
815.52	4261.1	
815.69	4218.1	
815.87	3018	
816.04	3039.9	
816.21	4261.8	
816.38	3938.2	
816.56	3011.9	
816.73	2825.5	
816.9	5186.8	
817.08	4751.3	
817.25	2822.8	
817.42	3379.8	
817.6	3993.5	
817.77	4228.4	
817.94	3095.2	
818.12	2819.4	
818.29	4101.4	
818.46	5783.5	
818.64	3003	
818.81	2752.5	
818.98	4121.2	
819.16	5457.8	
819.33	3272.7	
819.5	3088.3	
819.67	4566.3	
819.85	4999.8	
820.02	3059	
820.19	3198.9	
820.37	4430.4	
820.54	4195.6	
820.71	3176.4	
820.88	3816	
821.06	4348.5	
821.23	4146.5	
821.4	3132.7	
821.58	3147.7	
821.75	4702.8	
821.92	4364.2	
822.09	2648	
822.27	2782.5	
822.44	4283.7	
822.61	4242	
822.79	2647.3	
822.96	4607.9	
823.13	4482.3	
823.3	3998.3	
823.48	2962.7	
823.65	2714.2	
823.82	4780	
823.99	4034.5	
824.17	3567.6	
824.34	2803.7	
824.51	5329.5	
824.68	4330.8	
824.86	2894.5	
825.03	3175.7	
825.2	4282.3	
825.37	4938.3	
825.55	2887	
825.72	3020.1	
825.89	5313.8	
826.06	5024.3	
826.24	3011.9	
826.41	3093.1	
826.58	5017.5	
826.75	4487.1	
826.92	2534	
827.1	2719.7	
827.27	6448.4	
827.44	5214.8	
827.61	2892.4	
827.79	3386.7	
827.96	4173.1	
828.13	4257.7	
828.3	3003.7	
828.47	2602.3	
828.65	4560.8	
828.82	4470.7	
828.99	3684.3	
829.16	3261.7	
829.34	4778.6	
829.51	4617.5	
829.68	3038.5	
829.85	3134.8	
830.02	5020.9	
830.2	4759.5	
830.37	2495.1	
830.54	3594.9	
830.71	5274.2	
830.88	4355.3	
831.05	2481.5	
831.23	2820.1	
831.4	5142.4	
831.57	5517.2	
831.74	2879.4	
831.91	2596.1	
832.09	4631.8	
832.26	4795.7	
832.43	2906.8	
832.6	3221.5	
832.77	4504.2	
832.94	5031.9	
833.12	2461.7	
833.29	2911.5	
833.46	4232.5	
833.63	5724.8	
833.8	3140.9	
833.97	2949.1	
834.15	4797	
834.32	4616.8	
834.49	3037.1	
834.66	3085.6	
834.83	4838.7	
835	4148.5	
835.17	2899.2	
835.35	2876.7	
835.52	4729.4	
835.69	4597	
835.86	3012.6	
836.03	2552.5	
836.2	4760.2	
836.37	4506.2	
836.55	2927.9	
836.72	2806.4	
836.89	4433.9	
837.06	4863.9	
837.23	2990.7	
837.4	3174.4	
837.57	5323.4	
837.75	5732.3	
837.92	2762.7	
838.09	2831	
838.26	4492.6	
838.43	4899.4	
838.6	3074	
838.77	2816.6	
838.94	5452.4	
839.11	5293.3	
839.29	2966.8	
839.46	2387.2	
839.63	4785.4	
839.8	4550.6	
839.97	2884.2	
840.14	2843.9	
840.31	4669.4	
840.48	4800.4	
840.65	2455.5	
840.82	2845.3	
841	4710.3	
841.17	4610	
841.34	2683.5	
841.51	2686.3	
841.68	4697.4	
841.85	4515.8	
842.02	2773.6	
842.19	2357.9	
842.36	4600.4	
842.53	4613.4	
842.7	2684.9	
842.87	3110.2	
843.05	5706.3	
843.22	4512.4	
843.39	2572.2	
843.56	2770.9	
843.73	4431.1	
843.9	4845.5	
844.07	4015.4	
844.24	3358.7	
844.41	6263.4	
844.58	4241.3	
844.75	2562	
844.92	2746.3	
845.09	4702.1	
845.26	4672.8	
845.43	2646.7	
845.6	2808.4	
845.77	4717.8	
845.94	4571.7	
846.12	2921.1	
846.29	3043.3	
846.46	4936.3	
846.63	4747.2	
846.8	2685.6	
846.97	3092.4	
847.14	5027.8	
847.31	4683.7	
847.48	2912.9	
847.65	3246.7	
847.82	4895.3	
847.99	4822.3	
848.16	3402.4	
848.33	3136.8	
848.5	4392.2	
848.67	5003.9	
848.84	2617.3	
849.01	2732.7	
849.18	4384	
849.35	4139.6	
849.52	3199.6	
849.69	2638.5	
849.86	4891.9	
850.03	4932.2	
850.2	2672.6	
850.37	3183.9	
850.54	4924.7	
850.71	4465.9	
850.88	3063.8	
851.05	2620	
851.22	4639.3	
851.39	5046.9	
851.56	2505.3	
851.73	2962	
851.9	4248.9	
852.07	4867.3	
852.24	2852.8	
852.41	2654.2	
852.58	4648.9	
852.75	4300.7	
852.92	2955.9	
853.09	2591.4	
853.26	4373.8	
853.43	4954.7	
853.6	2628.9	
853.77	2338.8	
853.94	5074.9	
854.11	4190.8	
854.28	3689.8	
854.44	2801.6	
854.61	5273.5	
854.78	4935.6	
854.95	2588.6	
855.12	3164.8	
855.29	3951.9	
855.46	5150	
855.63	2618	
855.8	3442.6	
855.97	4378.6	
856.14	4909	
856.31	3476.8	
856.48	2872.6	
856.65	4487.1	
856.82	4141	
856.99	2553.8	
857.16	2812.5	
857.33	5499.5	
857.49	4506.2	
857.66	2770.2	
857.83	2993.4	
858	4506.2	
858.17	4670.7	
858.34	2505.3	
858.51	2652.8	
858.68	5150	
858.85	5136.3	
859.02	3001	
859.19	3183.2	
859.36	4246.8	
859.52	4240.7	
859.69	2686.9	
859.86	3097.2	
860.03	4269.3	
860.2	5135.6	
860.37	2429.6	
860.54	2685.6	
860.71	4789.5	
860.88	5141.1	
861.05	2969.6	
861.21	3259.7	
861.38	5057.8	
861.55	4064.5	
861.72	2426.8	
861.89	2899.9	
862.06	4846.2	
862.23	5150.6	
862.4	2581.1	
862.56	2670.6	
862.73	4759.5	
862.9	4614.1	
863.07	3023.5	
863.24	2443.2	
863.41	4210.6	
863.58	4234.5	
863.75	2663.7	
863.91	3011.2	
864.08	4997.7	
864.25	4803.9	
864.42	3219.4	
864.59	3538.2	
864.76	5246.2	
864.93	4272.7	
865.09	2567.5	
865.26	2837.8	
865.43	5027.1	
865.6	5246.9	
865.77	2377.7	
865.94	2598.9	
866.1	5000.5	
866.27	4761.5	
866.44	3773.7	
866.61	2523.1	
866.78	4505.5	
866.95	4768.4	
867.11	2592.7	
867.28	2431.6	
867.45	4993.6	
867.62	4214.7	
867.79	2992.1	
867.96	2596.8	
868.12	4175.1	
868.29	4840	
868.46	2613.2	
868.63	3407.8	
868.8	4930.1	
868.97	4797.7	
869.13	2706.7	
869.3	2751.8	
869.47	4728.8	
869.64	4879.6	
869.81	2620.7	
869.97	2661.7	
870.14	4663.2	
870.31	5108.3	
870.48	2568.2	
870.65	3211.9	
870.81	4484.4	
870.98	4495.3	
871.15	2852.8	
871.32	2742.2	
871.48	4761.5	
871.65	5143.1	
871.82	2602.3	
871.99	2876	
872.16	5401.9	
872.32	5003.9	
872.49	2658.9	
872.66	2619.4	
872.83	4842.8	
872.99	4304.1	
873.16	3003.7	
873.33	2650.1	
873.5	4569.7	
873.67	4611.3	
873.83	2745.6	
874	3354.6	
874.17	4674.1	
874.34	5312.4	
874.5	3310.2	
874.67	3175	
874.84	4992.3	
875.01	4130.1	
875.17	3504.1	
875.34	2587.9	
875.51	4624.3	
875.68	5424.4	
875.84	3080.1	
876.01	3683.6	
876.18	4768.4	
876.34	4780.6	
876.51	2647.3	
876.68	2608.4	
876.85	4463.2	
877.01	4988.9	
877.18	3649.5	
877.35	2568.8	
877.52	4706.2	
877.68	4216.8	
877.85	2575.7	
878.02	2526.5	
878.18	4473.4	
878.35	4344.4	
878.52	2172.2	
878.69	3034.4	
878.85	4915.8	
879.02	4786.8	
879.19	3586	
879.35	2835.1	
879.52	4862.6	
879.69	4882.4	
879.86	2328.5	
880.02	2914.3	
880.19	4551.3	
880.36	5330.9	
880.52	2926.5	
880.69	3048.1	
880.86	4846.2	
881.02	4900.1	
881.19	2865.1	
881.36	2870.6	
881.52	4799.8	
881.69	4301.4	
881.86	2772.3	
882.02	2753.2	
882.19	5005.2	
882.36	5640.1	
882.52	2753.8	
882.69	3551.2	
882.86	4672.8	
883.02	4620.9	
883.19	3129.3	
883.36	2974.3	
883.52	4904.9	
883.69	5345.9	
883.86	2693.8	
884.02	2403.6	
884.19	4833.9	
884.36	4614.8	
884.52	2938.2	
884.69	2781.1	
884.86	4456.4	
885.02	5213.4	
885.19	2869.9	
885.36	2935.4	
885.52	4496	
885.69	4683.7	
885.86	3608.5	
886.02	3254.2	
886.19	4876.9	
886.35	4375.1	
886.52	2945	
886.69	3537.5	
886.85	4218.8	
887.02	4974.5	
887.19	4974.5	
887.35	4974.5	
887.52	4974.5	
887.68	4974.5	
887.85	4974.5	
888.02	4974.5	
888.18	4974.5	
888.35	4974.5	
888.51	4974.5	
888.68	4974.5	
888.85	4974.5	
889.01	4974.5	
889.18	4974.5	
889.35	4974.5	
889.51	4974.5	
889.68	4974.5	
889.84	4974.5	
890.01	4974.5	
890.17	4974.5	
890.34	4974.5	
890.51	4974.5	
890.67	4974.5	
890.84	4974.5	
891	4974.5	
891.17	4974.5	
891.34	4974.5	
891.5	4974.5	
891.67	4974.5	
891.83	4974.5	
892	4974.5	
892.16	4974.5	
892.33	4974.5	
892.5	4974.5	
892.66	4974.5	
892.83	4974.5	
892.99	4974.5	
893.16	4974.5	
893.32	4974.5	
893.49	4974.5	
893.65	4974.5	
893.82	4974.5	
893.99	4974.5	
894.15	4974.5	
894.32	4974.5	
894.48	4974.5	
894.65	4974.5	
894.81	4974.5	
894.98	4974.5	
895.14	4974.5	
895.31	4974.5	
895.47	4974.5	
895.64	4974.5	
895.81	4974.5	
895.97	4974.5	
896.14	4974.5	
896.3	4974.5	
896.47	4974.5	
896.63	4974.5	
896.8	4974.5	
896.96	4974.5	
897.13	4974.5	
897.29	4974.5	
897.46	4974.5	
897.62	4974.5	
897.79	4974.5	
897.95	4974.5	
898.12	4974.5	
898.28	4974.5	
898.45	4974.5	
898.61	4974.5	
898.78	4974.5	
898.94	4974.5	
899.11	4974.5	
899.27	4974.5	
899.44	4974.5	
899.6	4974.5	
899.77	4974.5	
899.93	4974.5	
900.1	4974.5	
900.26	4974.5	
900.43	4974.5	
900.59	4974.5	
900.76	4974.5	
900.92	4974.5	
901.09	4974.5	
901.25	4974.5	
901.42	4974.5	
901.58	4974.5	
901.75	4974.5	
901.91	4974.5	
902.07	4974.5	
902.24	4974.5	
902.4	4974.5	
902.57	4974.5	
902.73	4974.5	
902.9	4974.5	
903.06	4974.5	
903.23	4974.5	
903.39	4974.5	
903.56	4974.5	
903.72	4974.5	
903.88	4974.5	
904.05	4974.5	
904.21	4974.5	
904.38	4974.5	
904.54	4974.5	
904.71	4974.5	
904.87	4974.5	
905.03	4974.5	
905.2	4974.5	
905.36	4974.5	
905.53	4974.5	
905.69	4974.5	
905.86	4974.5	
906.02	4974.5	
906.18	4974.5	
906.35	4974.5	
906.51	4974.5	
906.68	4974.5	
906.84	4974.5	
907.01	4974.5	
907.17	4974.5	
907.33	4974.5	
907.5	4974.5	
907.66	4974.5	
907.83	4974.5	
907.99	4974.5	
908.15	4974.5	
908.32	4974.5	
908.48	4974.5	
908.65	4974.5	
908.81	4974.5	
908.97	4974.5	
909.14	4974.5	
909.3	4974.5	
909.47	4974.5	
909.63	4974.5	
909.79	4974.5	
909.96	4974.5	
910.12	4974.5	
910.28	4974.5	
910.45	4974.5	
910.61	4974.5	
910.78	4974.5	
910.94	4974.5	
911.1	4974.5	
911.27	4974.5	
911.43	4974.5	
911.59	4974.5	
911.76	4974.5	
911.92	4974.5	
912.08	4974.5	
912.25	4974.5	
912.41	4974.5	
912.57	4974.5	
912.74	4974.5	
912.9	4974.5	
913.07	4974.5	
913.23	4974.5	
913.39	4974.5	
913.56	4974.5	
913.72	4974.5	
913.88	4974.5	
914.05	4974.5	
914.21	4974.5	
914.37	4974.5	
914.54	4974.5	
914.7	4974.5	
914.86	4974.5	
915.03	4974.5	
915.19	4974.5	
