Wavelength	Intensities	
nm	a.u.	
179.22	1686.2	
179.44	1690.9	
179.65	1681.4	
179.86	1700.5	
180.08	1675.9	
180.29	3893.2	
180.51	3016	
180.72	4940.4	
180.94	5564.3	
181.15	2703.3	
181.37	2667.8	
181.58	4751.3	
181.79	4979.3	
182.01	2818	
182.22	2998.2	
182.44	5005.9	
182.65	4393.6	
182.87	3637.9	
183.08	3235.1	
183.29	5296.7	
183.51	4358.8	
183.72	2903.3	
183.94	4146.5	
184.15	4745.8	
184.37	4650.9	
184.58	2626.9	
184.79	3474	
185.01	4470.7	
185.22	5048.2	
185.44	3657	
185.65	3194.1	
185.86	4732.2	
186.08	4309.6	
186.29	2611.2	
186.51	2757.2	
186.72	4489.8	
186.94	5073.5	
187.15	3190.1	
187.36	3274.7	
187.58	6389.7	
187.79	4778.6	
188.01	3321.8	
188.22	4932.2	
188.43	5570.5	
188.65	4949.9	
188.86	2770.2	
189.08	3216.7	
189.29	4567	
189.5	4556.7	
189.72	3030.3	
189.93	3080.8	
190.15	5117.9	
190.36	5933	
190.57	3297.2	
190.79	3156.6	
191	5116.5	
191.22	5100.1	
191.43	3315.7	
191.64	2846	
191.86	5290.6	
192.07	5171.1	
192.29	2892.4	
192.5	3012.6	
192.71	5108.3	
192.93	4569.7	
193.14	2952.5	
193.35	3103.4	
193.57	4577.2	
193.78	5133.6	
194	2510.1	
194.21	2910.2	
194.42	4395.6	
194.64	4744.5	
194.85	3235.8	
195.07	3742.3	
195.28	4659.1	
195.49	4218.8	
195.71	3849.5	
195.92	2883.5	
196.13	4894.6	
196.35	4938.3	
196.56	4111	
196.78	3252.2	
196.99	5886.5	
197.2	5453.7	
197.42	3611.3	
197.63	3257	
197.84	4323.3	
198.06	4878.9	
198.27	3016.7	
198.48	3898	
198.7	4536.3	
198.91	4713.1	
199.13	3305.4	
199.34	3237.8	
199.55	5037.3	
199.77	4118.5	
199.98	2942.2	
200.19	3334.1	
200.41	4675.5	
200.62	4420.9	
200.83	3331.4	
201.05	3591.5	
201.26	4689.2	
201.47	4481	
201.69	2942.2	
201.9	2876	
202.11	4741	
202.33	5436.7	
202.54	3072	
202.76	3391.4	
202.97	4762.2	
203.18	4817.5	
203.4	3399.6	
203.61	3420.8	
203.82	4794.3	
204.04	4448.2	
204.25	3289	
204.46	3175.7	
204.68	4717.2	
204.89	4899.4	
205.1	3168.9	
205.32	2793.4	
205.53	4996.4	
205.74	5118.6	
205.96	2451.4	
206.17	3325.9	
206.38	5008	
206.6	5090.6	
206.81	3680.9	
207.02	3073.3	
207.24	4863.9	
207.45	5169.8	
207.66	3120.4	
207.88	2705.4	
208.09	4868	
208.3	4683.7	
208.52	2917.7	
208.73	3119.1	
208.94	4713.7	
209.15	5223	
209.37	3076.7	
209.58	3222.1	
209.79	5083.1	
210.01	4627	
210.22	2565.4	
210.43	2706.7	
210.65	4661.2	
210.86	4999.1	
211.07	3106.8	
211.29	2897.2	
211.5	4898.7	
211.71	4646.2	
211.93	2945.7	
212.14	2844.6	
212.35	4696	
212.56	4741	
212.78	3264.5	
212.99	2776.4	
213.2	5384.8	
213.42	4521.9	
213.63	2979.1	
213.84	3160	
214.06	4237.9	
214.27	4377.2	
214.48	3121.1	
214.69	3261.7	
214.91	5217.5	
215.12	5231.2	
215.33	3289	
215.55	3534.1	
215.76	5649	
215.97	4896.7	
216.18	3201	
216.4	3188.7	
216.61	4422.9	
216.82	5138.4	
217.04	2920.4	
217.25	2988	
217.46	5108.3	
217.67	4944.5	
217.89	2661.7	
218.1	2697.2	
218.31	4757.4	
218.53	4841.4	
218.74	3079.5	
218.95	2926.5	
219.16	4638	
219.38	5350.7	
219.59	2904.7	
219.8	3435.8	
220.01	5773.9	
220.23	4693.3	
220.44	3773	
220.65	2878.1	
220.87	4775.9	
221.08	5190.9	
221.29	2734	
221.5	3494.5	
221.72	6068.8	
221.93	4427	
222.14	3265.1	
222.35	3769.6	
222.57	4752.7	
222.78	5036.6	
222.99	3136.1	
223.2	3383.2	
223.42	4945.2	
223.63	4975.2	
223.84	2478.7	
224.05	2514.9	
224.27	5750.7	
224.48	5322.7	
224.69	3801.7	
224.9	3241.9	
225.12	4851	
225.33	4644.1	
225.54	2654.9	
225.75	2999.6	
225.97	4369.7	
226.18	4687.8	
226.39	3119.7	
226.6	2946.3	
226.82	4590.9	
227.03	4384.7	
227.24	3251.5	
227.45	2775.7	
227.67	5001.1	
227.88	5339.7	
228.09	3649.5	
228.3	3605.8	
228.52	5057.1	
228.73	4685.8	
228.94	3048.7	
229.15	2775	
229.36	4677.6	
229.58	4599.1	
229.79	3100.6	
230	3530	
230.21	5484.5	
230.43	4770.4	
230.64	3251.5	
230.85	3332	
231.06	5017.5	
231.28	4999.1	
231.49	2777	
231.7	3251.5	
231.91	4972.5	
232.12	4737.6	
232.34	2859	
232.55	3168.9	
232.76	5156.1	
232.97	4799.1	
233.18	2909.5	
233.4	3199.6	
233.61	4867.3	
233.82	4500.1	
234.03	3078.8	
234.25	3001	
234.46	6211.5	
234.67	4762.2	
234.88	3356.6	
235.09	2952.5	
235.31	4861.2	
235.52	4614.8	
235.73	3216.7	
235.94	2807.8	
236.15	4486.4	
236.37	5538.4	
236.58	2889.7	
236.79	3110.9	
237	4942.4	
237.21	4319.2	
237.43	3356.6	
237.64	2686.9	
237.85	7600	
238.06	4387.4	
238.27	3313.6	
238.48	2814.6	
238.7	4956.8	
238.91	4622.9	
239.12	3132.7	
239.33	3226.2	
239.54	4578.6	
239.76	4698	
239.97	3113.6	
240.18	3110.9	
240.39	5635.3	
240.6	4852.3	
240.82	3300.6	
241.03	2755.9	
241.24	4646.8	
241.45	5299.5	
241.66	2854.2	
241.87	3371	
242.09	5266	
242.3	5461.9	
242.51	3396.9	
242.72	3187.3	
242.93	4972.5	
243.14	4689.2	
243.36	3567.6	
243.57	3824.9	
243.78	5321.3	
243.99	4954.7	
244.2	3074.7	
244.41	2875.3	
244.63	4413.4	
244.84	4922	
245.05	3319.1	
245.26	3099.9	
245.47	4987.5	
245.68	5010.7	
245.9	4001	
246.11	3274	
246.32	4584.7	
246.53	4852.3	
246.74	4912.4	
246.95	2727.2	
247.16	4369.7	
247.38	4752	
247.59	2723.1	
247.8	3168.2	
248.01	4431.1	
248.22	4720.6	
248.43	2856.9	
248.64	3130.7	
248.86	4343.7	
249.07	4520.5	
249.28	2832.3	
249.49	3207.8	
249.7	5135.6	
249.91	5145.9	
250.12	2674.6	
250.34	2764.8	
250.55	4753.3	
250.76	4707.6	
250.97	3215.3	
251.18	3267.9	
251.39	5214.1	
251.6	4846.2	
251.81	3289	
252.03	3258.3	
252.24	4534.2	
252.45	5043.5	
252.66	2833	
252.87	3379.1	
253.08	4743.1	
253.29	5829.2	
253.5	2788	
253.72	3723.2	
253.93	4662.5	
254.14	5410.1	
254.35	2992.8	
254.56	3087	
254.77	4868	
254.98	4470.7	
255.19	3013.9	
255.41	3709.6	
255.62	4834.6	
255.83	5132.9	
256.04	3351.8	
256.25	3207.1	
256.46	5565	
256.67	4494.6	
256.88	3224.2	
257.09	3528	
257.31	4382	
257.52	4472.8	
257.73	3977.2	
257.94	3022.1	
258.15	4671.4	
258.36	4696.7	
258.57	3705.5	
258.78	2478.7	
258.99	5065.3	
259.2	4574.5	
259.41	3022.8	
259.63	3105.4	
259.84	5315.2	
260.05	5626.5	
260.26	3846.1	
260.47	2935.4	
260.68	5117.2	
260.89	4629.8	
261.1	3611.3	
261.31	2914.9	
261.52	5188.2	
261.73	5406.6	
261.95	3783.3	
262.16	3344.3	
262.37	5169.1	
262.58	5264	
262.79	3784.6	
263	3040.6	
263.21	4762.2	
263.42	4311	
263.63	3264.5	
263.84	3016	
264.05	5066.7	
264.26	5360.2	
264.47	3707.5	
264.69	3229.6	
264.9	5269.4	
265.11	4863.2	
265.32	2883.5	
265.53	2967.5	
265.74	4759.5	
265.95	4263.9	
266.16	3192.8	
266.37	3454.2	
266.58	4803.2	
266.79	4543.8	
267	2976.4	
267.21	2843.3	
267.42	4315.1	
267.63	4708.3	
267.84	3108.1	
268.06	2759.3	
268.27	5125.4	
268.48	5225.7	
268.69	3071.3	
268.9	3567.6	
269.11	5203.2	
269.32	4231.8	
269.53	3162.1	
269.74	2919	
269.95	4891.2	
270.16	4239.3	
270.37	3138.9	
270.58	3544.4	
270.79	4620.2	
271	5072.1	
271.21	3306.1	
271.42	3163.4	
271.63	4926.7	
271.84	4341.7	
272.05	2596.8	
272.26	2861	
272.47	4758.1	
272.68	4820.2	
272.89	3041.9	
273.11	3398.9	
273.32	4573.1	
273.53	5313.8	
273.74	3336.8	
273.95	3310.2	
274.16	5097.4	
274.37	4697.4	
274.58	3388.7	
274.79	2806.4	
275	4839.4	
275.21	5142.4	
275.42	4070	
275.63	3508.2	
275.84	4956.1	
276.05	5855.1	
276.26	3300	
276.47	3088.3	
276.68	4629.8	
276.89	5425.8	
277.1	3476.1	
277.31	2819.4	
277.52	4838	
277.73	5108.3	
277.94	2780.5	
278.15	3024.2	
278.36	4856.4	
278.57	4457.1	
278.78	2976.4	
278.99	3405.8	
279.2	4558.8	
279.41	4431.1	
279.62	3900.7	
279.83	2809.8	
280.04	5604.6	
280.25	4409.3	
280.46	3850.2	
280.67	3108.8	
280.88	4416.8	
281.09	5200.5	
281.3	3305.4	
281.51	3991.5	
281.72	4513	
281.93	5040.7	
282.14	2933.4	
282.35	3190.1	
282.56	5076.9	
282.77	5046.2	
282.98	3056.3	
283.19	3659	
283.4	6080.4	
283.61	4589.5	
283.82	2840.5	
284.03	3835.8	
284.24	4855.7	
284.45	5122.7	
284.66	3863.2	
284.87	3614.7	
285.08	5123.3	
285.29	5241.4	
285.5	2775.7	
285.71	3066.5	
285.92	5145.2	
286.12	5647.6	
286.33	3818.8	
286.54	3133.4	
286.75	5011.4	
286.96	4564.2	
287.17	2848	
287.38	3639.2	
287.59	4500.1	
287.8	4483.7	
288.01	3108.1	
288.22	3438.5	
288.43	4950.6	
288.64	4270.7	
288.85	3594.9	
289.06	3480.2	
289.27	5040.1	
289.48	5311.7	
289.69	3860.4	
289.9	3462.4	
290.11	5195.7	
290.32	4516.5	
290.53	3577.8	
290.74	3323.2	
290.94	5033.9	
291.15	5003.9	
291.36	3010.5	
291.57	3471.3	
291.78	4580.6	
291.99	4292.5	
292.2	2863.7	
292.41	3348.4	
292.62	5096.7	
292.83	4977.2	
293.04	4003.8	
293.25	2958.6	
293.46	4604.5	
293.67	5077.6	
293.88	2949.1	
294.09	2900.6	
294.29	4445.5	
294.5	4850.3	
294.71	3158	
294.92	3017.3	
295.13	4564.9	
295.34	5545.9	
295.55	2745.6	
295.76	2668.5	
295.97	4961.5	
296.18	5516.5	
296.39	2822.1	
296.6	2999.6	
296.81	4747.9	
297.01	5020.9	
297.22	3039.9	
297.43	2974.3	
297.64	4511.7	
297.85	4382	
298.06	2551.8	
298.27	2691.7	
298.48	4755.4	
298.69	4461.8	
298.9	3199.6	
299.11	2926.5	
299.31	4390.2	
299.52	4347.8	
299.73	3367.5	
299.94	3306.8	
300.15	4736.3	
300.36	4488.5	
300.57	3321.1	
300.78	3323.2	
300.99	4620.2	
301.2	4789.5	
301.4	2954.5	
301.61	3188.7	
301.82	4988.9	
302.03	5018.9	
302.24	3526.6	
302.45	2854.2	
302.66	4914.4	
302.87	5131.5	
303.08	2996.2	
303.29	3872.7	
303.49	4568.3	
303.7	4616.1	
303.91	2711.5	
304.12	3750.5	
304.33	4295.3	
304.54	4772.4	
304.75	2987.3	
304.96	2891	
305.16	4908.3	
305.37	5438	
305.58	2678.7	
305.79	2741.5	
306	4937.7	
306.21	4244.1	
306.42	3011.2	
306.63	4328.7	
306.83	4594.3	
307.04	5023	
307.25	3232.4	
307.46	3244.7	
307.67	4156.7	
307.88	4980.7	
308.09	3001	
308.29	3004.4	
308.5	4749.2	
308.71	5107.6	
308.92	3136.8	
309.13	2887.6	
309.34	4750.6	
309.55	4698	
309.75	3633.8	
309.96	3314.3	
310.17	5018.2	
310.38	4444.1	
310.59	3416.7	
310.8	2815.3	
311.01	4558.8	
311.21	4647.5	
311.42	2904.7	
311.63	2912.9	
311.84	4579.3	
312.05	4815.5	
312.26	3297.2	
312.46	3550.5	
312.67	4556	
312.88	4365.6	
313.09	2880.8	
313.3	2832.3	
313.51	5288.5	
313.71	5466	
313.92	2904.7	
314.13	3057.6	
314.34	4876.9	
314.55	4678.2	
314.76	3583.3	
314.96	3160.7	
315.17	4846.9	
315.38	4933.6	
315.59	2943.6	
315.8	2755.9	
316.01	5265.3	
316.21	5405.3	
316.42	2843.9	
316.63	3179.8	
316.84	4612.7	
317.05	5105.6	
317.26	3340.2	
317.46	3059.7	
317.67	4659.8	
317.88	4968.4	
318.09	3609.2	
318.3	2771.6	
318.5	4575.2	
318.71	4894	
318.92	4424.3	
319.13	3315.7	
319.34	5101.5	
319.54	5183.4	
319.75	2710.1	
319.96	2631.6	
320.17	4936.3	
320.38	5097.4	
320.58	2643.9	
320.79	3139.5	
321	5184.1	
321.21	5189.6	
321.42	3168.2	
321.62	2733.4	
321.83	4435.9	
322.04	4712.4	
322.25	3097.9	
322.46	2850.8	
322.66	4838	
322.87	4979.3	
323.08	3473.4	
323.29	2824.1	
323.5	5543.9	
323.7	4380.6	
323.91	3829.7	
324.12	3415.3	
324.33	4814.1	
324.53	5009.3	
324.74	3364.8	
324.95	3394.8	
325.16	4309.6	
325.37	4640	
325.57	2881.5	
325.78	2978.4	
325.99	4830.5	
326.2	4348.5	
326.4	4020.8	
326.61	2702.6	
326.82	4640	
327.03	4823.6	
327.24	3901.4	
327.44	3655.6	
327.65	4895.3	
327.86	4095.9	
328.07	3383.2	
328.27	2799.6	
328.48	5225.1	
328.69	4386.1	
328.9	3998.3	
329.1	3013.9	
329.31	4662.5	
329.52	5240.1	
329.73	2927.2	
329.93	3142.9	
330.14	4752.7	
330.35	4899.4	
330.56	4521.2	
330.76	3472	
330.97	4541	
331.18	4871.4	
331.39	3202.3	
331.59	2635.7	
331.8	5146.5	
332.01	5200.5	
332.22	2970.2	
332.42	3332	
332.63	4815.5	
332.84	4420.9	
333.05	3190.1	
333.25	2927.9	
333.46	4531.5	
333.67	4734.9	
333.88	3068.5	
334.08	3279.5	
334.29	5982.8	
334.5	5150	
334.7	2865.1	
334.91	3974.4	
335.12	4360.1	
335.33	5042.8	
335.53	3190.7	
335.74	4491.2	
335.95	4598.4	
336.16	4407.9	
336.36	3183.9	
336.57	3618.1	
336.78	4316.4	
336.98	5126.7	
337.19	3812.6	
337.4	3093.1	
337.61	5617.6	
337.81	4371.7	
338.02	2969.6	
338.23	3695.2	
338.43	5294	
338.64	4496	
338.85	2936.8	
339.05	3727.3	
339.26	5353.4	
339.47	4284.4	
339.68	2899.2	
339.88	4089.8	
340.09	4974.5	
340.3	5045.5	
340.5	3298.6	
340.71	2639.8	
340.92	4358.1	
341.13	5255.1	
341.33	2785.2	
341.54	3360.7	
341.75	4906.3	
341.95	4523.3	
342.16	3212.6	
342.37	3383.9	
342.57	4385.4	
342.78	4646.8	
342.99	3523.9	
343.19	2674	
343.4	5036.6	
343.61	4878.9	
343.81	3070.6	
344.02	2826.9	
344.23	5071.5	
344.43	5221	
344.64	3523.2	
344.85	3472.7	
345.06	4907.6	
345.26	5064.6	
345.47	3339.6	
345.68	3769.6	
345.88	4287.8	
346.09	5028.4	
346.3	3336.1	
346.5	2595.5	
346.71	4607.9	
346.92	4501.4	
347.12	2738.1	
347.33	3277.4	
347.54	5067.4	
347.74	5363.6	
347.95	3287.7	
348.16	2587.9	
348.36	4508.3	
348.57	4388.1	
348.78	3302	
348.98	3490.4	
349.19	4632.5	
349.39	4252.9	
349.6	2775.7	
349.81	2936.8	
350.01	4937.7	
350.22	4439.3	
350.43	3207.1	
350.63	3745.7	
350.84	4737	
351.05	4511.7	
351.25	2918.4	
351.46	2727.2	
351.67	5065.3	
351.87	4429.8	
352.08	3112.2	
352.29	3463.1	
352.49	5023.7	
352.7	5048.2	
352.9	2851.5	
353.11	3443.3	
353.32	5455.8	
353.52	4516.5	
353.73	2854.2	
353.94	3506.8	
354.14	4870.1	
354.35	4704.2	
354.55	2938.2	
354.76	3137.5	
354.97	4853.7	
355.17	4637.3	
355.38	2793.4	
355.59	3657	
355.79	4459.8	
356	4616.1	
356.2	3164.8	
356.41	2820.1	
356.62	4261.1	
356.82	4629.8	
357.03	3355.3	
357.24	3023.5	
357.44	4445.5	
357.65	4543.8	
357.85	3895.2	
358.06	3140.9	
358.27	4296	
358.47	4326.7	
358.68	2719	
358.88	3340.9	
359.09	4826.4	
359.3	5097.4	
359.5	3779.2	
359.71	3436.5	
359.91	5417.6	
360.12	4853.7	
360.33	3359.4	
360.53	3682.2	
360.74	4483.7	
360.94	4517.1	
361.15	3506.1	
361.36	2917	
361.56	5079.6	
361.77	4588.8	
361.97	3771.7	
362.18	3091.1	
362.38	5049.6	
362.59	4379.2	
362.8	2877.4	
363	2794.8	
363.21	4190.8	
363.41	4669.4	
363.62	3210.5	
363.83	3842.7	
364.03	4805.2	
364.24	5400.5	
364.44	4061.8	
364.65	3997	
364.85	4624.3	
365.06	4312.3	
365.27	2988	
365.47	3062.4	
365.68	5269.4	
365.88	4571.7	
366.09	3284.3	
366.29	3046.7	
366.5	4689.2	
366.71	5064.6	
366.91	4000.4	
367.12	3378.5	
367.32	5511.1	
367.53	4914.4	
367.73	3463.8	
367.94	4146.5	
368.14	4954.7	
368.35	5479	
368.56	3338.9	
368.76	3209.8	
368.97	5085.8	
369.17	6203.3	
369.38	2979.8	
369.58	3250.1	
369.79	4278.9	
369.99	5237.3	
370.2	4040.6	
370.4	3294.5	
370.61	4786.8	
370.82	5707.7	
371.02	3253.5	
371.23	2729.3	
371.43	4268.6	
371.64	5249.6	
371.84	3222.8	
372.05	4005.8	
372.25	6047.7	
372.46	4926.7	
372.66	3229	
372.87	3208.5	
373.07	5027.8	
373.28	6240.2	
373.48	3941.7	
373.69	3734.1	
373.9	4620.2	
374.1	4663.9	
374.31	3845.4	
374.51	3530	
374.72	5231.2	
374.92	4402.5	
375.13	3971.7	
375.33	3452.9	
375.54	4916.5	
375.74	4564.2	
375.95	3503.4	
376.15	4364.2	
376.36	4949.9	
376.56	4816.1	
376.77	3540.3	
376.97	3835.2	
377.18	5740.5	
377.38	5031.9	
377.59	3999.7	
377.79	3158.7	
378	4869.4	
378.2	5123.3	
378.41	3184.6	
378.61	3076.7	
378.82	5240.8	
379.02	4579.9	
379.23	3351.8	
379.43	4050.9	
379.64	5329.5	
379.84	4973.8	
380.05	3229	
380.25	3147.7	
380.46	4983.4	
380.66	4721.9	
380.87	4223.6	
381.07	4390.2	
381.28	5492.7	
381.48	5051	
381.69	3209.8	
381.89	3269.9	
382.1	4328	
382.3	5087.2	
382.51	4020.2	
382.71	4670.1	
382.91	4941.1	
383.12	5411.4	
383.32	3469.9	
383.53	3605.1	
383.73	4937.7	
383.94	4824.3	
384.14	3602.4	
384.35	2988	
384.55	4737.6	
384.76	5032.5	
384.96	3536.2	
385.17	3728	
385.37	5107.6	
385.58	4496	
385.78	3678.8	
385.98	2914.9	
386.19	4684.4	
386.39	4987.5	
386.6	3294.5	
386.8	3497.2	
387.01	5029.8	
387.21	5048.9	
387.42	3738.2	
387.62	4149.9	
387.83	4558.8	
388.03	4883	
388.23	3552.5	
388.44	4040.6	
388.64	4284.4	
388.85	4379.2	
389.05	3736.9	
389.26	4178.5	
389.46	5832.6	
389.67	5324	
389.87	3746.4	
390.07	3796.3	
390.28	4797.7	
390.48	4476.2	
390.69	3192.8	
390.89	3422.2	
391.1	4710.3	
391.3	5297.4	
391.5	4290.5	
391.71	4611.3	
391.91	5178.6	
392.12	5733.6	
392.32	4313.7	
392.53	3739.6	
392.73	4698.7	
392.93	4859.1	
393.14	3555.3	
393.34	4182	
393.55	5154.7	
393.75	4771.8	
393.95	3537.5	
394.16	3472	
394.36	4676.2	
394.57	5135.6	
394.77	3113.6	
394.98	3437.9	
395.18	4578.6	
395.38	4763.6	
395.59	4061.8	
395.79	3337.5	
396	4719.2	
396.2	5138.4	
396.4	3921.9	
396.61	3900.7	
396.81	5143.1	
397.02	4601.8	
397.22	4106.2	
397.42	4119.1	
397.63	5288.5	
397.83	4655	
398.04	3292.5	
398.24	3617.4	
398.44	5033.2	
398.65	4306.2	
398.85	3168.2	
399.05	3267.2	
399.26	4648.9	
399.46	5834.7	
399.67	3546.4	
399.87	3345.7	
400.07	4887.8	
400.28	5118.6	
400.48	3411.2	
400.69	4119.8	
400.89	5233.9	
401.09	5642.2	
401.3	3355.3	
401.5	4142.4	
401.7	5747.3	
401.91	5945.9	
402.11	3743	
402.32	3737.5	
402.52	5347.2	
402.72	5240.1	
402.93	3999	
403.13	3094.5	
403.33	5857.9	
403.54	4924.7	
403.74	3758	
403.94	4321.2	
404.15	4948.6	
404.35	5788.9	
404.56	3507.5	
404.76	4825	
404.96	5296	
405.17	5135.6	
405.37	4541	
405.57	3953.3	
405.78	5335	
405.98	4887.1	
406.18	3618.1	
406.39	4156	
406.59	5343.8	
406.79	4988.2	
407	3392.8	
407.2	3474.7	
407.4	5541.1	
407.61	5447.6	
407.81	3493.8	
408.01	5076.2	
408.22	4539.7	
408.42	5938.4	
408.62	4267.3	
408.83	3863.8	
409.03	5010.7	
409.23	4961.5	
409.44	3924.6	
409.64	4062.5	
409.84	5729.5	
410.05	5612.8	
410.25	4017.4	
410.45	3929.4	
410.66	5324	
410.86	7046.4	
411.06	4143	
411.27	4091.2	
411.47	6984.3	
411.67	5390.9	
411.88	4231.1	
412.08	4472.8	
412.28	5855.8	
412.49	6217	
412.69	4091.2	
412.89	4048.8	
413.09	6180.1	
413.3	6025.8	
413.5	4235.2	
413.7	3962.8	
413.91	5532.2	
414.11	6081.1	
414.31	4057	
414.52	4357.4	
414.72	5907	
414.92	5847.6	
415.12	4060.4	
415.33	4452.3	
415.53	6072.9	
415.73	6183.5	
415.94	4732.9	
416.14	4305.5	
416.34	5373.2	
416.55	5141.1	
416.75	5158.8	
416.95	4743.1	
417.15	6144.6	
417.36	6606.1	
417.56	5272.8	
417.76	4674.8	
417.97	6296.8	
418.17	6097.5	
418.37	4349.2	
418.57	4323.9	
418.78	6081.8	
418.98	5737	
419.18	5021.6	
419.38	4937	
419.59	5741.1	
419.79	5455.8	
419.99	4283.7	
420.2	4601.8	
420.4	6178.7	
420.6	6186.9	
420.8	4250.2	
421.01	4099.4	
421.21	6045.6	
421.41	6070.2	
421.61	4450.9	
421.82	4283	
422.02	5694.7	
422.22	6382.8	
422.42	4900.1	
422.63	4567	
422.83	5765	
423.03	6669.6	
423.23	4734.9	
423.44	3927.3	
423.64	5758.2	
423.84	5599.1	
424.04	4292.5	
424.25	3992.9	
424.45	6435.4	
424.65	6426.5	
424.85	3943	
425.06	4300.1	
425.26	6534.4	
425.46	5713.2	
425.66	4657.1	
425.87	4362.9	
426.07	6166.4	
426.27	6118.6	
426.47	4457.1	
426.67	4027	
426.88	6524.1	
427.08	6080.4	
427.28	4753.3	
427.48	4003.8	
427.69	5339.7	
427.89	5763.7	
428.09	4706.2	
428.29	3979.9	
428.5	6232.7	
428.7	5991	
428.9	3988.1	
429.1	4273.4	
429.3	5922.7	
429.51	6107	
429.71	4218.1	
429.91	4740.4	
430.11	6120	
430.31	6242.9	
430.52	4375.8	
430.72	4635.9	
430.92	6529.6	
431.12	6135	
431.32	4151.9	
431.53	4534.2	
431.73	5355.4	
431.93	6581.5	
432.13	4134.8	
432.33	3979.2	
432.54	5745.2	
432.74	5877.7	
432.94	4059.8	
433.14	4767.7	
433.34	6179.4	
433.55	5819.6	
433.75	4771.1	
433.95	5932.3	
434.15	5949.3	
434.35	5699.5	
434.56	4166.3	
434.76	3821.5	
434.96	5907.7	
435.16	6122.1	
435.36	4062.5	
435.56	4931.5	
435.77	5698.8	
435.97	5821.7	
436.17	5382.7	
436.37	4859.1	
436.57	5688.6	
436.78	5619.6	
436.98	4829.1	
437.18	5288.5	
437.38	6120	
437.58	5799.8	
437.78	5388.2	
437.99	4407.2	
438.19	6196.5	
438.39	6795.8	
438.59	4405.9	
438.79	3963.5	
438.99	6627.2	
439.2	5797.8	
439.4	3998.3	
439.6	4020.2	
439.8	6006	
440	6769.9	
440.2	4827.7	
440.4	4831.2	
440.61	6365.8	
440.81	6661.4	
441.01	4187.4	
441.21	4880.3	
441.41	6637.5	
441.61	6347.3	
441.81	5147.9	
442.02	5810.1	
442.22	7027.9	
442.42	6459.3	
442.62	4316.4	
442.82	4356.7	
443.02	6718	
443.22	6068.8	
443.43	4672.8	
443.63	4199	
443.83	5845.6	
444.03	5874.9	
444.23	5163.6	
444.43	4898.1	
444.63	6210.1	
444.83	7040.9	
445.04	4444.1	
445.24	5313.8	
445.44	6440.9	
445.64	6462.7	
445.84	5040.7	
446.04	4978.6	
446.24	5963	
446.44	6732.4	
446.65	4348.5	
446.85	4711	
447.05	6217	
447.25	6688	
447.45	4729.4	
447.65	4269.3	
447.85	6203.3	
448.05	5877	
448.25	4961.5	
448.46	4830.5	
448.66	6283.2	
448.86	5958.9	
449.06	4187.4	
449.26	5042.8	
449.46	6404.7	
449.66	5746.6	
449.86	4726	
450.06	4604.5	
450.26	5908.4	
450.47	6300.9	
450.67	4860.5	
450.87	5087.8	
451.07	6425.2	
451.27	6173.3	
451.47	4411.3	
451.67	4939	
451.87	6006	
452.07	6879.8	
452.27	4512.4	
452.47	4498.7	
452.67	6270.2	
452.88	6503.7	
453.08	4106.2	
453.28	5563	
453.48	7115.3	
453.68	6096.8	
453.88	4511	
454.08	4634.6	
454.28	6475	
454.48	6217	
454.68	5040.1	
454.88	5291.3	
455.08	6584.2	
455.28	6307.1	
455.48	4356.7	
455.68	4863.2	
455.89	6913.9	
456.09	6690.7	
456.29	4671.4	
456.49	4732.9	
456.69	6903.7	
456.89	6255.2	
457.09	5035.3	
457.29	5317.2	
457.49	6521.4	
457.69	6591.7	
457.89	4983.4	
458.09	4552	
458.29	6446.3	
458.49	6925.5	
458.69	5325.4	
458.89	4787.5	
459.09	7107.8	
459.29	7116.7	
459.49	4879.6	
459.69	5492	
459.9	6817.7	
460.1	6367.8	
460.3	4760.2	
460.5	4648.9	
460.7	6761	
460.9	6477.7	
461.1	4422.2	
461.3	5345.9	
461.5	7282.6	
461.7	6886.6	
461.9	4725.3	
462.1	5108.3	
462.3	6603.3	
462.5	6974.7	
462.7	4857.1	
462.9	4913.8	
463.1	7774.8	
463.3	7382.9	
463.5	5058.5	
463.7	5793	
463.9	6772.6	
464.1	7045	
464.3	5240.1	
464.5	5362.3	
464.7	7247.8	
464.9	6969.2	
465.1	6351.4	
465.3	5670.8	
465.5	7467.6	
465.7	7502.4	
465.9	5855.8	
466.1	5610.8	
466.3	7335.1	
466.5	7312.6	
466.7	6257.9	
466.9	5588.2	
467.1	7254.6	
467.3	7882.6	
467.5	6283.2	
467.7	5560.2	
467.9	8109.3	
468.1	8615.1	
468.3	6021.7	
468.5	6335.7	
468.7	7179.5	
468.9	7071	
469.1	5716.6	
469.3	6191	
469.5	8619.2	
469.7	6896.9	
469.9	6073.6	
470.1	5507	
470.3	7393.8	
470.5	7228.6	
470.7	6470.9	
470.9	5653.1	
471.1	7105.1	
471.3	7359.7	
471.5	5476.3	
471.69	6793.1	
471.89	7077.8	
472.09	6561.7	
472.29	6100.9	
472.49	6320	
472.69	6759.7	
472.89	7380.2	
473.09	5406	
473.29	5489.2	
473.49	6926.2	
473.69	7030	
473.89	6110.5	
474.09	5635.3	
474.29	7940	
474.49	7608.2	
474.69	6160.3	
474.89	5652.4	
475.09	7089.4	
475.29	7035.5	
475.49	5272.8	
475.69	5529.5	
475.88	8131.8	
476.08	7400	
476.28	5214.1	
476.48	5504.9	
476.68	7663.5	
476.88	7431.4	
477.08	5528.2	
477.28	5657.9	
477.48	7139.2	
477.68	7447.1	
477.88	5319.9	
478.08	5483.8	
478.28	7810.3	
478.48	7215	
478.67	5588.2	
478.87	5149.3	
479.07	7742	
479.27	7286.7	
479.47	5738.4	
479.67	5708.4	
479.87	7468.9	
480.07	7879.2	
480.27	5221.6	
480.47	6394.4	
480.67	7234.1	
480.87	7800	
481.06	5436.7	
481.26	6078.4	
481.46	7249.1	
481.66	7134.4	
481.86	5782.1	
482.06	6479.1	
482.26	7055.9	
482.46	7750.9	
482.66	5698.1	
482.86	5341.1	
483.05	7341.3	
483.25	6769.9	
483.45	7425.3	
483.65	5705.6	
483.85	6919.4	
484.05	7216.4	
484.25	6075	
484.45	6378.7	
484.65	7740	
484.84	7790.5	
485.04	5687.2	
485.24	5607.3	
485.44	8127.7	
485.64	6860	
485.84	5169.8	
486.04	6220.4	
486.24	7148.8	
486.44	7385.7	
486.63	5073.5	
486.83	5758.2	
487.03	7030.7	
487.23	7265.5	
487.43	5253.7	
487.63	6920.1	
487.83	7287.4	
488.02	7910.6	
488.22	6062	
488.42	6444.3	
488.62	7928.4	
488.82	7118.1	
489.02	5679	
489.22	5802.6	
489.41	7831.4	
489.61	7474.4	
489.81	5575.9	
490.01	5497.4	
490.21	7791.8	
490.41	8362.5	
490.61	5561.6	
490.8	5692	
491	7464.8	
491.2	7040.9	
491.4	6107	
491.6	5492	
491.8	7413	
491.99	7531.1	
492.19	5319.3	
492.39	5487.2	
492.59	7692.2	
492.79	7761.8	
492.99	6099.5	
493.18	5507	
493.38	7881.9	
493.58	8424	
493.78	6050.4	
493.98	5762.3	
494.18	7641	
494.37	7170.6	
494.57	6220.4	
494.77	6167.8	
494.97	7830.1	
495.17	8052.6	
495.37	5885.2	
495.56	6163.7	
495.76	8161.2	
495.96	7869.7	
496.16	6878.4	
496.36	6115.9	
496.55	8127	
496.75	7738.6	
496.95	6412.2	
497.15	6222.4	
497.35	8190.5	
497.54	7992.5	
497.74	6090	
497.94	7200.7	
498.14	8559.8	
498.34	8404.2	
498.53	5873.6	
498.73	6453.8	
498.93	7575.4	
499.13	8039	
499.33	6279.8	
499.52	6639.5	
499.72	8086.1	
499.92	8314.8	
500.12	6214.2	
500.32	6324.1	
500.51	8180.3	
500.71	8063.5	
500.91	6909.8	
501.11	6610.2	
501.31	8174.8	
501.5	8532.5	
501.7	7073.7	
501.9	6372.6	
502.1	7990.5	
502.29	8307.9	
502.49	6646.3	
502.69	7012.2	
502.89	8224.6	
503.09	8200.7	
503.28	5913.9	
503.48	6049.7	
503.68	7735.2	
503.88	7602.7	
504.07	6707.8	
504.27	6346	
504.47	7916.8	
504.67	8075.8	
504.86	6757.6	
505.06	6500.3	
505.26	7733.1	
505.46	8933.2	
505.65	6369.9	
505.85	6518.7	
506.05	7777.5	
506.25	8078.6	
506.44	5888.6	
506.64	6455.9	
506.84	7596.6	
507.04	8160.5	
507.23	6049	
507.43	6409.5	
507.63	8892.3	
507.83	7635.5	
508.02	6396.5	
508.22	6050.4	
508.42	9199.5	
508.62	7511.9	
508.81	6303	
509.01	6679.8	
509.21	7406.1	
509.4	7615	
509.6	6443.6	
509.8	5967.1	
510	7596.6	
510.19	8555.7	
510.39	6034	
510.59	6065.4	
510.79	7543.4	
510.98	8544.1	
511.18	6165.8	
511.38	6161.7	
511.57	8164.6	
511.77	7931.8	
511.97	6643.6	
512.17	6096.1	
512.36	8163.2	
512.56	8062.2	
512.76	6008.1	
512.95	5806	
513.15	8196	
513.35	7238.9	
513.55	6629.3	
513.74	5999.9	
513.94	8096.3	
514.14	7709.9	
514.33	6683.9	
514.53	6462.7	
514.73	7735.9	
514.92	7789.1	
515.12	6117.3	
515.32	5947.3	
515.51	7901.7	
515.71	8144.8	
515.91	7321.5	
516.11	6044.9	
516.3	9103.9	
516.5	7620.5	
516.7	6470.2	
516.89	6913.9	
517.09	7686	
517.29	7680.6	
517.48	6841.6	
517.68	6268.1	
517.88	7575.4	
518.07	8024.6	
518.27	6615.6	
518.47	6015.6	
518.66	8447.9	
518.86	7474.4	
519.06	5808.7	
519.25	6174.6	
519.45	7675.1	
519.65	8735.3	
519.84	6606.7	
520.04	7182.9	
520.24	9092.3	
520.43	8108.6	
520.63	6528.2	
520.83	6272.9	
521.02	7658.7	
521.22	8119.5	
521.42	6628.6	
521.61	7080.5	
521.81	7762.5	
522.01	7929.1	
522.2	6539.8	
522.4	6362.4	
522.6	8282	
522.79	7243.7	
522.99	6409.5	
523.18	5910.4	
523.38	8075.8	
523.58	8059.4	
523.77	7271.7	
523.97	5933.6	
524.17	9405.6	
524.36	8905.3	
524.56	6995.2	
524.76	6766.5	
524.95	8018.5	
525.15	7888.8	
525.34	6563.7	
525.54	6662	
525.74	8412.4	
525.93	7739.3	
526.13	7501	
526.33	6655.2	
526.52	8787.2	
526.72	8292.9	
526.91	7505.1	
527.11	6934.4	
527.31	8664.3	
527.5	8991.9	
527.7	7005.4	
527.89	6227.2	
528.09	7974.1	
528.29	8451.3	
528.48	7162.4	
528.68	6969.9	
528.87	8631.5	
529.07	8701.1	
529.27	6918	
529.46	6568.5	
529.66	8379.6	
529.85	8797.4	
530.05	6540.5	
530.25	7035.5	
530.44	9457.5	
530.64	8411	
530.83	6806.8	
531.03	7023.9	
531.23	8744.8	
531.42	8563.2	
531.62	7406.8	
531.81	6819.1	
532.01	8882	
532.21	9060.2	
532.4	6727.6	
532.6	7025.9	
532.79	9485.5	
532.99	8860.9	
533.18	7098.3	
533.38	7734.5	
533.58	8565.3	
533.77	9062.3	
533.97	7108.5	
534.16	7608.9	
534.36	9311.4	
534.55	8632.9	
534.75	7752.2	
534.95	7120.1	
535.14	9261.6	
535.34	8578.9	
535.53	6928.3	
535.73	8338.6	
535.92	9620	
536.12	8697	
536.31	6978.1	
536.51	7866.9	
536.71	8965.3	
536.9	8631.5	
537.1	7034.1	
537.29	7178.1	
537.49	9308	
537.68	8581	
537.88	7494.2	
538.07	6783.6	
538.27	8727.1	
538.46	9445.2	
538.66	6728.3	
538.86	7150.1	
539.05	8792.6	
539.25	9088.9	
539.44	7359	
539.64	7016.3	
539.83	8612.4	
540.03	9370.8	
540.22	6924.9	
540.42	6984.3	
540.61	8860.2	
540.81	8859.5	
541	7367.2	
541.2	7840.3	
541.39	8527.1	
541.59	8759.2	
541.78	7743.4	
541.98	6966.5	
542.18	8268.3	
542.37	8226	
542.57	7215	
542.76	7658	
542.96	8300.4	
543.15	8703.9	
543.35	7236.2	
543.54	6748.7	
543.74	8862.2	
543.93	8714.8	
544.13	7161.7	
544.32	7916.1	
544.52	8843.8	
544.71	8302.5	
544.91	6484.6	
545.1	7360.4	
545.3	8340.7	
545.49	8767.4	
545.69	6457.9	
545.88	6836.8	
546.08	9482.8	
546.27	9068.4	
546.47	7262.1	
546.66	6662	
546.86	8882.7	
547.05	9288.2	
547.24	6860	
547.44	6775.4	
547.63	8133.8	
547.83	9009	
548.02	7105.8	
548.22	7144	
548.41	7982.3	
548.61	8948.3	
548.8	6705	
549	6704.4	
549.19	8525	
549.39	8834.3	
549.58	6368.5	
549.78	6893.5	
549.97	8773.5	
550.17	8394.6	
550.36	7512.6	
550.55	8196	
550.75	8335.2	
550.94	8987.2	
551.14	6631.3	
551.33	6816.3	
551.53	7933.8	
551.72	8605.6	
551.92	6916	
552.11	6712.6	
552.31	8729.8	
552.5	8669.1	
552.69	7888.1	
552.89	6438.1	
553.08	8677.9	
553.28	8328.4	
553.47	6762.4	
553.67	7468.9	
553.86	9031.5	
554.06	7799.3	
554.25	6201.9	
554.44	6599.9	
554.64	9626.8	
554.83	9195.4	
555.03	6505	
555.22	6881.2	
555.42	8772.1	
555.61	8496.3	
555.8	6734.4	
556	6888.7	
556.19	7860.8	
556.39	8733.2	
556.58	6703	
556.78	6777.4	
556.97	8424	
557.16	8151.6	
557.36	7599.3	
557.55	6395.1	
557.75	7714.7	
557.94	9037	
558.13	6526.2	
558.33	6311.8	
558.52	8912.1	
558.72	7935.2	
558.91	6404	
559.1	6555.5	
559.3	7666.9	
559.49	7545.4	
559.69	6055.2	
559.88	6830	
560.07	8385.1	
560.27	8704.5	
560.46	7034.1	
560.66	7098.9	
560.85	8203.5	
561.04	7570	
561.24	6310.5	
561.43	6481.8	
561.63	7849.2	
561.82	8079.2	
562.01	7371.3	
562.21	6701	
562.4	8309.3	
562.59	8912.1	
562.79	6619	
562.98	6389.7	
563.18	8215.8	
563.37	9277.3	
563.56	6927.6	
563.76	6333	
563.95	7848.5	
564.14	7836.2	
564.34	6612.2	
564.53	6405.4	
564.73	8268.3	
564.92	8474.5	
565.11	6765.1	
565.31	6223.8	
565.5	8609	
565.69	7851.9	
565.89	6479.8	
566.08	6666.1	
566.27	8510	
566.47	8902.5	
566.66	7077.1	
566.85	6209.4	
567.05	8370.7	
567.24	7857.4	
567.44	6335.1	
567.63	7290.1	
567.82	8563.9	
568.02	8178.2	
568.21	6320.7	
568.4	6667.5	
568.6	8125	
568.79	8053.3	
568.98	6312.5	
569.18	6333	
569.37	8125	
569.56	9519	
569.76	6643.6	
569.95	7267.6	
570.14	8426	
570.34	8307.2	
570.53	6303.6	
570.72	6307.7	
570.91	8671.8	
571.11	8073.1	
571.3	6636.1	
571.49	7314.7	
571.69	8174.1	
571.88	7747.5	
572.07	6896.2	
572.27	6946.7	
572.46	7745.4	
572.65	8466.3	
572.85	6486.6	
573.04	6688	
573.23	8721.6	
573.43	8211.7	
573.62	6255.2	
573.81	6694.1	
574	8249.9	
574.2	7989.1	
574.39	6565.1	
574.58	6563.1	
574.78	8779.6	
574.97	8273.1	
575.16	6897.6	
575.36	7066.2	
575.55	8593.3	
575.74	8725	
575.93	6256.5	
576.13	7006.1	
576.32	8082	
576.51	8448.6	
576.71	6605.4	
576.9	7594.6	
577.09	8813.1	
577.28	8341.4	
577.48	6849.1	
577.67	6219.7	
577.86	8185	
578.05	8374.1	
578.25	6741.9	
578.44	6795.8	
578.63	8294.3	
578.83	9146.2	
579.02	6320	
579.21	7430.7	
579.4	8441.7	
579.6	8245.1	
579.79	6807.4	
579.98	8329.1	
580.17	8584.4	
580.37	8705.9	
580.56	6384.9	
580.75	7019.1	
580.94	8891.6	
581.14	8916.9	
581.33	7210.2	
581.52	6453.1	
581.71	8486.8	
581.91	9091.6	
582.1	6377.4	
582.29	6782.9	
582.48	8270.4	
582.68	8258.8	
582.87	7026.6	
583.06	6825.2	
583.25	8574.2	
583.45	8033.5	
583.64	7311.9	
583.83	7843.7	
584.02	8295	
584.21	8570.7	
584.41	7249.1	
584.6	6732.4	
584.79	8378.2	
584.98	8831.5	
585.18	6394.4	
585.37	6404.7	
585.56	8139.3	
585.75	8553.7	
585.94	6638.1	
586.14	7094.2	
586.33	8948.9	
586.52	8290.2	
586.71	6898.9	
586.91	6719.4	
587.1	7859.4	
587.29	8520.9	
587.48	6645	
587.67	6588.3	
587.87	8419.9	
588.06	8367.3	
588.25	7425.9	
588.44	6918.7	
588.63	8143.4	
588.83	8583	
589.02	6556.2	
589.21	6402.6	
589.4	8051.9	
589.59	7961.8	
589.78	5816.2	
589.98	6093.4	
590.17	7571.3	
590.36	7948.8	
590.55	5574.6	
590.74	6100.9	
590.94	8730.5	
591.13	7763.2	
591.32	6005.3	
591.51	5539.8	
591.7	8032.1	
591.89	7632.8	
592.09	5696.1	
592.28	6022.4	
592.47	7044.3	
592.66	8483.4	
592.85	5751.4	
593.05	5858.6	
593.24	7643.7	
593.43	8236.9	
593.62	6017.6	
593.81	6276.3	
594	7673.1	
594.19	7764.5	
594.39	5830.6	
594.58	5855.8	
594.77	7869	
594.96	8235.6	
595.15	5847	
595.34	6227.2	
595.54	7860.8	
595.73	7232.1	
595.92	5328.8	
596.11	6130.3	
596.3	8217.1	
596.49	7248.4	
596.68	5961	
596.88	6279.8	
597.07	8000.7	
597.26	7170.6	
597.45	5642.8	
597.64	6505	
597.83	7401.4	
598.02	7844.4	
598.22	5735.7	
598.41	6238.1	
598.6	7669.6	
598.79	7209.5	
598.98	5728.9	
599.17	6380.8	
599.36	7802.8	
599.55	8488.1	
599.74	7183.6	
599.94	7077.8	
600.13	8119.5	
600.32	7197.2	
600.51	5568.4	
600.7	5676.3	
600.89	8514.8	
601.08	8596.7	
601.27	5556.1	
601.47	6202.6	
601.66	7997.3	
601.85	8457.4	
602.04	6016.2	
602.23	6165.1	
602.42	7367.2	
602.61	7828	
602.8	5937.1	
602.99	5739.8	
603.18	7563.1	
603.37	7669.6	
603.57	6187.6	
603.76	6680.5	
603.95	8305.9	
604.14	7970	
604.33	5911.8	
604.52	5981.4	
604.71	7893.6	
604.9	7430	
605.09	6507.1	
605.28	6355.5	
605.47	8181	
605.66	7892.9	
605.86	6292	
606.05	5885.2	
606.24	8148.9	
606.43	7053.9	
606.62	6061.3	
606.81	6626.5	
607	8047.8	
607.19	7494.2	
607.38	5683.8	
607.57	5823.7	
607.76	7377.5	
607.95	6978.8	
608.14	6085.2	
608.33	6522.1	
608.52	7378.1	
608.72	7959.1	
608.91	5580	
609.1	5425.8	
609.29	7435.5	
609.48	7069.6	
609.67	6236.1	
609.86	5555.5	
610.05	7149.5	
610.24	7326.3	
610.43	5434.6	
610.62	5238	
610.81	8255.4	
611	7922.9	
611.19	5571.2	
611.38	6059.9	
611.57	7634.1	
611.76	8455.4	
611.95	5403.2	
612.14	5364.3	
612.33	7378.1	
612.52	7040.2	
612.71	5795.1	
612.9	5249.6	
613.09	6808.1	
613.28	8474.5	
613.47	5703.6	
613.66	6257.9	
613.85	7549.5	
614.04	7124.9	
614.24	5636	
614.43	5104.2	
614.62	7576.8	
614.81	7516.7	
615	5952.1	
615.19	6045.6	
615.38	7108.5	
615.57	7377.5	
615.76	5924.1	
615.95	6662.7	
616.14	7661.5	
616.33	7420.5	
616.52	6170.5	
616.71	6280.4	
616.9	7549.5	
617.09	7486	
617.28	5711.8	
617.47	6498.9	
617.66	7010.2	
617.85	6961.7	
618.04	6309.8	
618.22	5967.8	
618.41	7234.8	
618.6	7897.7	
618.79	5903.6	
618.98	5705	
619.17	8042.4	
619.36	6812.9	
619.55	5823.7	
619.74	5764.3	
619.93	7614.3	
620.12	7074.4	
620.31	6193.1	
620.5	6325.5	
620.69	8084	
620.88	8229.4	
621.07	6847	
621.26	6212.2	
621.45	7800	
621.64	7726.3	
621.83	6193.7	
622.02	5612.8	
622.21	7724.9	
622.4	7591.1	
622.59	6571.2	
622.78	6464.8	
622.97	7346.1	
623.16	8023.3	
623.35	6331	
623.54	5591.6	
623.72	7458	
623.91	7492.2	
624.1	6361.7	
624.29	5455.8	
624.48	8389.8	
624.67	7755.7	
624.86	6299.6	
625.05	5601.2	
625.24	8419.2	
625.43	7294.9	
625.62	7566.6	
625.81	5819.6	
626	7977.5	
626.19	7473.7	
626.38	6378.1	
626.56	5961	
626.75	7372.7	
626.94	7819.8	
627.13	6292	
627.32	5425.1	
627.51	7791.8	
627.7	8619.9	
627.89	5398.4	
628.08	6328.9	
628.27	7134.4	
628.46	7326.9	
628.65	5728.2	
628.83	5455.8	
629.02	7769.3	
629.21	7216.4	
629.4	5982.1	
629.59	6138.4	
629.78	7203.4	
629.97	7842.4	
630.16	6147.3	
630.35	5838.8	
630.54	8224	
630.72	7937.2	
630.91	5815.5	
631.1	6155.5	
631.29	7574.8	
631.48	7596.6	
631.67	6301.6	
631.86	5876.3	
632.05	7360.4	
632.24	7393.2	
632.42	5592.3	
632.61	5962.3	
632.8	7313.3	
632.99	7131.7	
633.18	6052.4	
633.37	6362.4	
633.56	7619.1	
633.75	7471	
633.93	6123.4	
634.12	5897.5	
634.31	8191.2	
634.5	7879.2	
634.69	5834	
634.88	6251.8	
635.07	7434.1	
635.25	7821.9	
635.44	6564.4	
635.63	6575.3	
635.82	7346.1	
636.01	6716	
636.2	6532.3	
636.39	6122.1	
636.57	8279.3	
636.76	7789.8	
636.95	5666	
637.14	6685.9	
637.33	7615.7	
637.52	8275.8	
637.7	5550	
637.89	6347.3	
638.08	7352.2	
638.27	8389.8	
638.46	6333.7	
638.65	6664.1	
638.83	8396	
639.02	7182.9	
639.21	6153.5	
639.4	6589.7	
639.59	7537.2	
639.78	7273.7	
639.96	5738.4	
640.15	5764.3	
640.34	7471.7	
640.53	7474.4	
640.72	5487.2	
640.91	5735.7	
641.09	7039.6	
641.28	7923.6	
641.47	5756.2	
641.66	6324.1	
641.85	7451.2	
642.03	7628.7	
642.22	6106.4	
642.41	5780.7	
642.6	7079.8	
642.79	6606.1	
642.97	5681.1	
643.16	6094.8	
643.35	6993.1	
643.54	6839.5	
643.73	5504.9	
643.91	6046.3	
644.1	6783.6	
644.29	7227.3	
644.48	5642.8	
644.67	5646.2	
644.85	6821.1	
645.04	7195.2	
645.23	5274.9	
645.42	5558.9	
645.6	6826.6	
645.79	7625.3	
645.98	5411.4	
646.17	4819.6	
646.36	6607.4	
646.54	6974.7	
646.73	5999.2	
646.92	5040.1	
647.11	6691.4	
647.29	7421.2	
647.48	5158.2	
647.67	4998.4	
647.86	7576.8	
648.05	7591.1	
648.23	5420.3	
648.42	6352.1	
648.61	7204.1	
648.8	6957.6	
648.98	5137	
649.17	5369.8	
649.36	6689.3	
649.55	6285.2	
649.73	5210.7	
649.92	5697.4	
650.11	6597.9	
650.3	6776	
650.48	5248.9	
650.67	5074.2	
650.86	7047.7	
651.05	6191	
651.23	5208	
651.42	5259.9	
651.61	6669.6	
651.79	6550.8	
651.98	5313.1	
652.17	5012.1	
652.36	6984.9	
652.54	6279.8	
652.73	5164.3	
652.92	5009.3	
653.11	7019.1	
653.29	6987	
653.48	4678.9	
653.67	5335.6	
653.85	6809.5	
654.04	7557	
654.23	5427.8	
654.42	5203.9	
654.6	6488.6	
654.79	6911.9	
654.98	4762.9	
655.16	5156.8	
655.35	6100.2	
655.54	5949.3	
655.73	4834.6	
655.91	4686.4	
656.1	6828.6	
656.29	5983.5	
656.47	4514.4	
656.66	5634.6	
656.85	6199.2	
657.03	6208.1	
657.22	4873.5	
657.41	4903.5	
657.59	6288.6	
657.78	6165.8	
657.97	4594.3	
658.16	5106.3	
658.34	6748.7	
658.53	7075.7	
658.72	5780.1	
658.9	6061.3	
659.09	6383.5	
659.28	6502.3	
659.46	4930.8	
659.65	4893.3	
659.84	6335.7	
660.02	6750.8	
660.21	4939	
660.4	4795	
660.58	6972	
660.77	6527.6	
660.96	5243.5	
661.14	4581.3	
661.33	7333.8	
661.52	7226.6	
661.7	4553.3	
661.89	7038.9	
662.08	6199.9	
662.26	5836.7	
662.45	4737	
662.64	4860.5	
662.82	6728.9	
663.01	6053.1	
663.2	4846.9	
663.38	5350.7	
663.57	6637.5	
663.75	6600.6	
663.94	5123.3	
664.13	5933	
664.31	6229.9	
664.5	6704.4	
664.69	5375.2	
664.87	5668.8	
665.06	6046.3	
665.25	6516.6	
665.43	5789.6	
665.62	5735.7	
665.8	6720.8	
665.99	6242.2	
666.18	5014.1	
666.36	5039.4	
666.55	6720.1	
666.74	6691.4	
666.92	4815.5	
667.11	5944.6	
667.29	6414.2	
667.48	6771.3	
667.67	5588.2	
667.85	4967	
668.04	6327.5	
668.22	6179.4	
668.41	5104.2	
668.6	5216.9	
668.78	6105.7	
668.97	6309.1	
669.15	5313.1	
669.34	4612.7	
669.53	6178.7	
669.71	6392.4	
669.9	4672.8	
670.08	5227.8	
670.27	6013.5	
670.46	6539.2	
670.64	5311.7	
670.83	5487.9	
671.01	5971.2	
671.2	6411.5	
671.38	4810.7	
671.57	4691.9	
671.76	7011.6	
671.94	7333.8	
672.13	4646.8	
672.31	5391.6	
672.5	6712.6	
672.69	6107	
672.87	4733.5	
673.06	5014.8	
673.24	6562.4	
673.43	6193.1	
673.61	5253	
673.8	4902.2	
673.98	6574	
674.17	6673.6	
674.36	5380	
674.54	5233.9	
674.73	6427.9	
674.91	6690.7	
675.1	5049.6	
675.28	4671.4	
675.47	6229.2	
675.65	6736.5	
675.84	5033.9	
676.03	5256.5	
676.21	6141.9	
676.4	5827.2	
676.58	5490.6	
676.77	5307	
676.95	7313.3	
677.14	6128.2	
677.32	4704.2	
677.51	4564.9	
677.69	6739.2	
677.88	5952.8	
678.06	4620.9	
678.25	4704.9	
678.44	6227.2	
678.62	6081.1	
678.81	4549.2	
678.99	5199.1	
679.18	6938.5	
679.36	6569.2	
679.55	4868	
679.73	5339.1	
679.92	6528.2	
680.1	6181.5	
680.29	5720	
680.47	4846.2	
680.66	6111.8	
680.84	6680.5	
681.03	4445.5	
681.21	5224.4	
681.4	6082.5	
681.58	5962.3	
681.77	4778.6	
681.95	4659.8	
682.14	6735.1	
682.32	6905.8	
682.51	5436	
682.69	4543.1	
682.88	6036.7	
683.06	6440.9	
683.25	5180.7	
683.43	5455.1	
683.62	6302.3	
683.8	6518	
683.99	5539.1	
684.17	5040.7	
684.36	7156.3	
684.54	6262.7	
684.73	4547.9	
684.91	4698	
685.1	6462.7	
685.28	5969.1	
685.46	4917.2	
685.65	5033.9	
685.83	6492.1	
686.02	6024.4	
686.2	4586.8	
686.39	4647.5	
686.57	5928.2	
686.76	6933.7	
686.94	4623.6	
687.13	4773.8	
687.31	6367.1	
687.5	6100.2	
687.68	4332.8	
687.86	5157.5	
688.05	7314.7	
688.23	5746.6	
688.42	5205.3	
688.6	4656.4	
688.79	6017.6	
688.97	6045.6	
689.16	4960.9	
689.34	4177.2	
689.52	6476.4	
689.71	6733.7	
689.89	5142.4	
690.08	4708.3	
690.26	6275	
690.45	6051.7	
690.63	5280.3	
690.81	4815.5	
691	6168.5	
691.18	5983.5	
691.37	4907.6	
691.55	6361	
691.74	5937.1	
691.92	7392.5	
692.1	4793.6	
692.29	4457.1	
692.47	6108.4	
692.66	5620.3	
692.84	4651.6	
693.02	5009.3	
693.21	5676.3	
693.39	6150.1	
693.58	5133.6	
693.76	4553.3	
693.94	6892.1	
694.13	6742.6	
694.31	4674.8	
694.5	5450.3	
694.68	5978.7	
694.86	6311.2	
695.05	4965.6	
695.23	5004.6	
695.42	6463.4	
695.6	8134.5	
695.78	5332.2	
695.97	4727.4	
696.15	6618.4	
696.34	6089.3	
696.52	4599.1	
696.7	5169.8	
696.89	6387.6	
697.07	5924.8	
697.25	5148.6	
697.44	6150.7	
697.62	6322.8	
697.81	6562.4	
697.99	4968.4	
698.17	5224.4	
698.36	5827.8	
698.54	6410.1	
698.72	5117.2	
698.91	4456.4	
699.09	6057.9	
699.28	5910.4	
699.46	4892.6	
699.64	4910.3	
699.83	5941.8	
700.01	6696.9	
700.19	5391.6	
700.38	4317.1	
700.56	6741.9	
700.74	6025.1	
700.93	4544.4	
701.11	5159.5	
701.29	6389.7	
701.48	7207.5	
701.66	4638	
701.84	4780.6	
702.03	6168.5	
702.21	6599.2	
702.39	4486.4	
702.58	4938.3	
702.76	6445	
702.94	6479.8	
703.13	4465.9	
703.31	6238.1	
703.49	6025.1	
703.68	6787	
703.86	4599.7	
704.04	5384.1	
704.23	6357.6	
704.41	6597.2	
704.59	4773.8	
704.78	5649	
704.96	7606.8	
705.14	6597.9	
705.33	4650.9	
705.51	5221	
705.69	6219.7	
705.87	6842.9	
706.06	5356.8	
706.24	4619.5	
706.42	6496.8	
706.61	6578.1	
706.79	5397.8	
706.97	4593.6	
707.16	6125.5	
707.34	6481.8	
707.52	5402.5	
707.7	4737.6	
707.89	6111.8	
708.07	5976	
708.25	5341.8	
708.44	5569.1	
708.62	6087.2	
708.8	6887.3	
708.98	5577.3	
709.17	4876.9	
709.35	6368.5	
709.53	6398.5	
709.72	4635.9	
709.9	4874.8	
710.08	6692.1	
710.26	6691.4	
710.45	5821	
710.63	4810.7	
710.81	6323.4	
710.99	6299.6	
711.18	5352.7	
711.36	4958.8	
711.54	6240.2	
711.72	6800.6	
711.91	5025	
712.09	4650.9	
712.27	6427.2	
712.45	7076.4	
712.64	5210.7	
712.82	4466.6	
713	6021.7	
713.18	6146	
713.37	4471.4	
713.55	5408	
713.73	6701	
713.91	5732.3	
714.1	4805.2	
714.28	4437.3	
714.46	6433.4	
714.64	5808.7	
714.83	4013.3	
715.01	4584.7	
715.19	5877.7	
715.37	5362.9	
715.55	4303.5	
715.74	4546.5	
715.92	6480.5	
716.1	4967	
716.28	5350.7	
716.47	4633.9	
716.65	5611.4	
716.83	5567.1	
717.01	4502.1	
717.19	4532.2	
717.38	7077.1	
717.56	5353.4	
717.74	4683	
717.92	4058.4	
718.1	6238.1	
718.29	5659.2	
718.47	3818.1	
718.65	4244.8	
718.83	6207.4	
719.01	6122.1	
719.2	3774.4	
719.38	4592.2	
719.56	5937.1	
719.74	7087.3	
719.92	4296	
720.11	5083.7	
720.29	6030.6	
720.47	5455.1	
720.65	4005.8	
720.83	4620.2	
721.02	5692	
721.2	5494	
721.38	4602.5	
721.56	4086.4	
721.74	5123.3	
721.92	5223.7	
722.11	4984.8	
722.29	4754.7	
722.47	6144.6	
722.65	5522.7	
722.83	4035.9	
723.01	4743.1	
723.2	5569.1	
723.38	5857.9	
723.56	3674.7	
723.74	4564.2	
723.92	5186.8	
724.1	6061.3	
724.29	4052.9	
724.47	4934.2	
724.65	5368.4	
724.83	5171.1	
725.01	4005.8	
725.19	4521.9	
725.37	5244.8	
725.56	5242.1	
725.74	3827.7	
725.92	4029.7	
726.1	5226.4	
726.28	5464	
726.46	4386.1	
726.64	4150.6	
726.83	5496.7	
727.01	5594.4	
727.19	3861.8	
727.37	4462.5	
727.55	5638.7	
727.73	5939.8	
727.91	3814.7	
728.09	3777.8	
728.28	6031.3	
728.46	6075	
728.64	4483.7	
728.82	4538.3	
729	6693.4	
729.18	6156.9	
729.36	3947.1	
729.54	5618.3	
729.72	6919.4	
729.91	5667.4	
730.09	5423.7	
730.27	4434.5	
730.45	5689.9	
730.63	6063.4	
730.81	4820.9	
730.99	4204.5	
731.17	6583.5	
731.35	5409.4	
731.53	4598.4	
731.71	4351.9	
731.9	6279.8	
732.08	6313.9	
732.26	4548.5	
732.44	4257	
732.62	6423.8	
732.8	5971.9	
732.98	4814.8	
733.16	4125.3	
733.34	6098.2	
733.52	5086.5	
733.7	4471.4	
733.88	4664.6	
734.07	5831.2	
734.25	5779.4	
734.43	4089.1	
734.61	5131.5	
734.79	6846.4	
734.97	5670.8	
735.15	4173.8	
735.33	4433.9	
735.51	5949.3	
735.69	5696.8	
735.87	5130.2	
736.05	4586.1	
736.23	5831.9	
736.41	5527.5	
736.59	4352.6	
736.77	4456.4	
736.95	6050.4	
737.13	5657.9	
737.32	4190.1	
737.5	4323.3	
737.68	6492.7	
737.86	5573.2	
738.04	4018.1	
738.22	5420.3	
738.4	5515.2	
738.58	5733.6	
738.76	4483	
738.94	3725.9	
739.12	5546.6	
739.3	5489.2	
739.48	4893.3	
739.66	4627.7	
739.84	5743.9	
740.02	5685.2	
740.2	3810.6	
740.38	3950.5	
740.56	5967.8	
740.74	5113.8	
740.92	4543.8	
741.1	4409.3	
741.28	5584.8	
741.46	5382.1	
741.64	4193.6	
741.82	4619.5	
742	5615.5	
742.18	5565	
742.36	4351.9	
742.54	4034.5	
742.72	6087.2	
742.9	5000.5	
743.08	4576.5	
743.26	3639.2	
743.44	6087.9	
743.62	6015.6	
743.8	4726	
743.98	4002.4	
744.16	5801.9	
744.34	5493.3	
744.52	4616.8	
744.7	4530.1	
744.88	5933	
745.06	5506.3	
745.24	4584.7	
745.42	4752.7	
745.6	5989.6	
745.78	5827.2	
745.96	3764.8	
746.14	3971.7	
746.32	6498.9	
746.5	5868.1	
746.68	4422.9	
746.86	3944.4	
747.03	6175.3	
747.21	5013.4	
747.39	4412	
747.57	3986.7	
747.75	5601.9	
747.93	5844.2	
748.11	3978.5	
748.29	3932.1	
748.47	6850.5	
748.65	5431.2	
748.83	4503.5	
749.01	4246.8	
749.19	5728.2	
749.37	5078.3	
749.55	4231.8	
749.73	4298	
749.91	5563	
750.09	5360.9	
750.26	4252.3	
750.44	3800.3	
750.62	5547.3	
750.8	5385.5	
750.98	3782.6	
751.16	3947.1	
751.34	5603.9	
751.52	5089.9	
751.7	4528.1	
751.88	3685.7	
752.06	5978	
752.24	5687.2	
752.42	3654.9	
752.59	3963.5	
752.77	5444.2	
752.95	6425.2	
753.13	4564.2	
753.31	4063.2	
753.49	5262.6	
753.67	5513.8	
753.85	4269.3	
754.03	3904.1	
754.21	5827.8	
754.38	5919.3	
754.56	4000.4	
754.74	3362.8	
754.92	5137	
755.1	5719.3	
755.28	3335.5	
755.46	3374.4	
755.64	6196.5	
755.82	6328.9	
755.99	3580.5	
756.17	3524.6	
756.35	4446.1	
756.53	5587.5	
756.71	2739.5	
756.89	3465.2	
757.07	5252.4	
757.25	4627.7	
757.42	3833.8	
757.6	4473.4	
757.78	5287.9	
757.96	4580.6	
758.14	3605.8	
758.32	3236.5	
758.5	4258.4	
758.67	4873.5	
758.85	3493.2	
759.03	3579.8	
759.21	5063.3	
759.39	4572.4	
759.57	3187.3	
759.75	4022.2	
759.92	5475.6	
760.1	5032.5	
760.28	4309.6	
760.46	4508.3	
760.64	4777.2	
760.82	4684.4	
760.99	4128	
761.17	3536.2	
761.35	5440.1	
761.53	4581.3	
761.71	3719.1	
761.89	4185.4	
762.06	5341.1	
762.24	4936.3	
762.42	3733.4	
762.6	3550.5	
762.78	4928.8	
762.96	5365.7	
763.13	3962.1	
763.31	3740.3	
763.49	5474.2	
763.67	4934.2	
763.85	4394.3	
764.02	4745.8	
764.2	5735.7	
764.38	5021.6	
764.56	3685	
764.74	4317.8	
764.91	5731.6	
765.09	4915.8	
765.27	3497.2	
765.45	3346.4	
765.63	5859.9	
765.8	5666.7	
765.98	3145	
766.16	3289	
766.34	4647.5	
766.52	4483	
766.69	4067.9	
766.87	3247.4	
767.05	4969.1	
767.23	5540.4	
767.41	3459	
767.58	3616.7	
767.76	5373.2	
767.94	5407.3	
768.12	3551.2	
768.29	4009.2	
768.47	4920.6	
768.65	5601.2	
768.83	3255.6	
769	4102.1	
769.18	4672.8	
769.36	5214.8	
769.54	4056.3	
769.72	3243.3	
769.89	5415.5	
770.07	5482.4	
770.25	3565.5	
770.43	4476.2	
770.6	6036	
770.78	6189.6	
770.96	3700.7	
771.14	3523.9	
771.31	5401.2	
771.49	4898.1	
771.67	3031.7	
771.85	3186	
772.02	4385.4	
772.2	4828.4	
772.38	3803.1	
772.55	3426.9	
772.73	5104.9	
772.91	4814.8	
773.09	3672	
773.26	3765.5	
773.44	5066.7	
773.62	4800.4	
773.8	3351.2	
773.97	3149.8	
774.15	5113.1	
774.33	4828.4	
774.5	3237.8	
774.68	3479.5	
774.86	5274.9	
775.04	4834.6	
775.21	3341.6	
775.39	3259.7	
775.57	5023.7	
775.74	5250.3	
775.92	3147.7	
776.1	3034.4	
776.27	4982	
776.45	5935.7	
776.63	3297.9	
776.81	2992.1	
776.98	4771.8	
777.16	5457.8	
777.34	3323.9	
777.51	3658.4	
777.69	4721.3	
777.87	4599.7	
778.04	3472	
778.22	3850.2	
778.4	4635.9	
778.57	5122	
778.75	2917	
778.93	3080.8	
779.1	4499.4	
779.28	4320.5	
779.46	2902	
779.64	3270.6	
779.81	5225.1	
779.99	5796.4	
780.17	3804.4	
780.34	3928	
780.52	4786.8	
780.69	4954.7	
780.87	3508.9	
781.05	3222.1	
781.22	4876.9	
781.4	4861.2	
781.58	3297.9	
781.75	2713.6	
781.93	4894	
782.11	4392.9	
782.28	3949.2	
782.46	3274.7	
782.64	4296.6	
782.81	4960.9	
782.99	3381.2	
783.17	3305.4	
783.34	4855.1	
783.52	4446.8	
783.69	3435.8	
783.87	4070.7	
784.05	4471.4	
784.22	4416.8	
784.4	4010.6	
784.58	3521.1	
784.75	5123.3	
784.93	4541.7	
785.1	3264.5	
785.28	3710.9	
785.46	4896.7	
785.63	4390.8	
785.81	3288.4	
785.99	3125.9	
786.16	4577.2	
786.34	4741	
786.51	3124.5	
786.69	3480.9	
786.87	4211.3	
787.04	4590.9	
787.22	3116.3	
787.39	3738.2	
787.57	4436.6	
787.75	5240.1	
787.92	3928.7	
788.1	3831.1	
788.27	4420.2	
788.45	4225.6	
788.63	3663.8	
788.8	2717	
788.98	4720.6	
789.15	4140.3	
789.33	2859.6	
789.5	3282.2	
789.68	5046.9	
789.86	5146.5	
790.03	3524.6	
790.21	3166.2	
790.38	5130.8	
790.56	4518.5	
790.73	3159.3	
790.91	3039.2	
791.09	4456.4	
791.26	4956.1	
791.44	3300	
791.61	2857.6	
791.79	4444.1	
791.96	4414.1	
792.14	2949.1	
792.32	2681.5	
792.49	4432.5	
792.67	4519.9	
792.84	3076	
793.02	2833.7	
793.19	4799.1	
793.37	5311.7	
793.54	2651.4	
793.72	2931.3	
793.89	5350	
794.07	4362.9	
794.25	3252.9	
794.42	2734.7	
794.6	5195	
794.77	4918.5	
794.95	3535.5	
795.12	3129.3	
795.3	4422.2	
795.47	4833.9	
795.65	3415.3	
795.82	3224.9	
796	4316.4	
796.17	5713.8	
796.35	3225.6	
796.52	3758	
796.7	4805.2	
796.87	4910.3	
797.05	3196.2	
797.22	3805.1	
797.4	4880.3	
797.57	5606.7	
797.75	3340.9	
797.92	3130.7	
798.1	5111.7	
798.27	4334.2	
798.45	2745	
798.62	2945.7	
798.8	4657.1	
798.97	5022.3	
799.15	3444.7	
799.32	3359.4	
799.5	4072.7	
799.67	4689.8	
799.85	3590.8	
800.02	2707.4	
800.2	4410.6	
800.37	4592.9	
800.55	3622.2	
800.72	3073.3	
800.9	4990.9	
801.07	5272.2	
801.25	4149.2	
801.42	3401.7	
801.6	5032.5	
801.77	4678.2	
801.95	3209.2	
802.12	3064.4	
802.29	4806.6	
802.47	4731.5	
802.64	3373	
802.82	2682.2	
802.99	4420.2	
803.17	5051.7	
803.34	3349.1	
803.52	3008.5	
803.69	5533.6	
803.87	4154	
804.04	3254.2	
804.21	3349.1	
804.39	5202.5	
804.56	4534.2	
804.74	2865.8	
804.91	3396.9	
805.09	4368.3	
805.26	4431.1	
805.44	2871.9	
805.61	3151.1	
805.78	4897.4	
805.96	4840.7	
806.13	3396.9	
806.31	3640.6	
806.48	4048.2	
806.66	4453	
806.83	3407.1	
807	3363.4	
807.18	4371	
807.35	4674.8	
807.53	3327.3	
807.7	2762.7	
807.87	5225.7	
808.05	4393.6	
808.22	3592.1	
808.4	2755.2	
808.57	4378.6	
808.74	4111	
808.92	3080.1	
809.09	3804.4	
809.27	4409.3	
809.44	4810	
809.61	2740.2	
809.79	3031	
809.96	5305.6	
810.14	4894.6	
810.31	2676.7	
810.48	3244.7	
810.66	4478.2	
810.83	5016.2	
811.01	3057.6	
811.18	3368.2	
811.35	4988.9	
811.53	3972.4	
811.7	3656.3	
811.87	3413.3	
812.05	4521.9	
812.22	4370.4	
812.39	3001	
812.57	2949.8	
812.74	4487.8	
812.92	5568.4	
813.09	3248.1	
813.26	3433.1	
813.44	5437.4	
813.61	4307.6	
813.78	2739.5	
813.96	3504.1	
814.13	4516.5	
814.3	4244.1	
814.48	3771	
814.65	3138.9	
814.82	5248.9	
815	4205.8	
815.17	3293.1	
815.34	3858.4	
815.52	4339	
815.69	4367	
815.87	3264.5	
816.04	3229	
816.21	4399.7	
816.38	4016.7	
816.56	3144.3	
816.73	2953.2	
816.9	5471.5	
817.08	4971.1	
817.25	3015.3	
817.42	3624.9	
817.6	4074.1	
817.77	4429.1	
817.94	3310.9	
818.12	2983.9	
818.29	4248.9	
818.46	6112.5	
818.64	3107.5	
818.81	2879.4	
818.98	4191.5	
819.16	5726.8	
819.33	3488.4	
819.5	3293.1	
819.67	4711.7	
819.85	5118.6	
820.02	3224.9	
820.19	3364.8	
820.37	4604.5	
820.54	4314.4	
820.71	3350.5	
820.88	4073.4	
821.06	4612.7	
821.23	4230.4	
821.4	3306.1	
821.58	3290.4	
821.75	4874.8	
821.92	4592.9	
822.09	2781.1	
822.27	2865.8	
822.44	4388.8	
822.61	4392.2	
822.79	2741.5	
822.96	4952.7	
823.13	4684.4	
823.3	4194.2	
823.48	3125.9	
823.65	2815.3	
823.82	4992.3	
823.99	4102.8	
824.17	3862.5	
824.34	2851.5	
824.51	5598.5	
824.68	4452.3	
824.86	3012.6	
825.03	3330	
825.2	4449.6	
825.37	5149.3	
825.55	3007.8	
825.72	3269.2	
825.89	5611.4	
826.06	5302.2	
826.24	3209.8	
826.41	3236.5	
826.58	5242.1	
826.75	4646.2	
826.92	2635.1	
827.1	2866.5	
827.27	6883.2	
827.44	5541.8	
827.61	3085.6	
827.79	3658.4	
827.96	4261.1	
828.13	4410	
828.3	3175.7	
828.47	2737.5	
828.65	4723.3	
828.82	4575.8	
828.99	3964.9	
829.16	3497.9	
829.34	4988.9	
829.51	4795.7	
829.68	3253.5	
829.85	3370.3	
830.02	5227.8	
830.2	4981.3	
830.37	2583.9	
830.54	3859.7	
830.71	5492.7	
830.88	4485.1	
831.05	2651.4	
831.23	2994.1	
831.4	5445.5	
831.57	5836.7	
831.74	3033.7	
831.91	2717	
832.09	4719.2	
832.26	4939.7	
832.43	3087.7	
832.6	3480.2	
832.77	4622.3	
832.94	5288.5	
833.12	2602.3	
833.29	3067.9	
833.46	4768.4	
833.63	5917.9	
833.8	3366.2	
833.97	3105.4	
834.15	4979.3	
834.32	4825	
834.49	3253.5	
834.66	3311.6	
834.83	5024.3	
835	4341.7	
835.17	3026.9	
835.35	3036.5	
835.52	4891.2	
835.69	4771.1	
835.86	3201.7	
836.03	2627.5	
836.2	4933.6	
836.37	4639.3	
836.55	3098.6	
836.72	2979.1	
836.89	4606.6	
837.06	5038.7	
837.23	3127.9	
837.4	3393.5	
837.57	5519.3	
837.75	5994.4	
837.92	2859.6	
838.09	3020.8	
838.26	4592.2	
838.43	5152	
838.6	3263.8	
838.77	2972.3	
838.94	5672.2	
839.11	5551.4	
839.29	3155.2	
839.46	2547	
839.63	4984.8	
839.8	4672.1	
839.97	3030.3	
840.14	3024.8	
840.31	4790.9	
840.48	5003.2	
840.65	2588.6	
840.82	3000.3	
841	4859.8	
841.17	4810.7	
841.34	2775	
841.51	2881.5	
841.68	4881	
841.85	4649.6	
842.02	2921.8	
842.19	2510.1	
842.36	4765.6	
842.53	4747.9	
842.7	2834.4	
842.87	3353.2	
843.05	6017.6	
843.22	4661.9	
843.39	2749.7	
843.56	2908.8	
843.73	4548.5	
843.9	4995.7	
844.07	4389.5	
844.24	3628.3	
844.41	6686.6	
844.58	4403.8	
844.75	2701.3	
844.92	2966.1	
845.09	4868.7	
845.26	4931.5	
845.43	2804.4	
845.6	3027.6	
845.77	4965.6	
845.94	4739.7	
846.12	3132	
846.29	3166.2	
846.46	5103.5	
846.63	4876.9	
846.8	2809.1	
846.97	3293.8	
847.14	5223.7	
847.31	4829.8	
847.48	3092.4	
847.65	3361.4	
847.82	5127.4	
847.99	5066.7	
848.16	3670.6	
848.33	3356.6	
848.5	4545.1	
848.67	5259.9	
848.84	2792.1	
849.01	2880.8	
849.18	4541	
849.35	4265.2	
849.52	3422.2	
849.69	2773.6	
849.86	5042.8	
850.03	5182	
850.2	2835.1	
850.37	3299.3	
850.54	5145.2	
850.71	4693.3	
850.88	3293.8	
851.05	2719	
851.22	4831.2	
851.39	5368.4	
851.56	2664.4	
851.73	3150.5	
851.9	4388.8	
852.07	5082.4	
852.24	3059.7	
852.41	2769.5	
852.58	4818.2	
852.75	4454.3	
852.92	3123.8	
853.09	2785.9	
853.26	4524	
853.43	5201.8	
853.6	2777	
853.77	2443.9	
853.94	5352	
854.11	4383.3	
854.28	3984.7	
854.44	3045.3	
854.61	5623	
854.78	5103.5	
854.95	2781.8	
855.12	3395.5	
855.29	4053.6	
855.46	5322.7	
855.63	2822.8	
855.8	3734.1	
855.97	4535.6	
856.14	5134.9	
856.31	3820.8	
856.48	3087	
856.65	4655.7	
856.82	4381.3	
856.99	2665.1	
857.16	2966.1	
857.33	5769.1	
857.49	4672.8	
857.66	2996.2	
857.83	3160	
858	4660.5	
858.17	4809.3	
858.34	2712.9	
858.51	2805.7	
858.68	5353.4	
858.85	5364.3	
859.02	3217.4	
859.19	3412.6	
859.36	4341	
859.52	4361.5	
859.69	2816.6	
859.86	3282.9	
860.03	4432.5	
860.2	5275.6	
860.37	2669.2	
860.54	2834.4	
860.71	5078.3	
860.88	5332.9	
861.05	3059	
861.21	3486.3	
861.38	5289.9	
861.55	4237.9	
861.72	2572.9	
861.89	3089	
862.06	5081	
862.23	5402.5	
862.4	2750.4	
862.56	2914.9	
862.73	5029.8	
862.9	4724	
863.07	3216	
863.24	2539.5	
863.41	4300.1	
863.58	4405.9	
863.75	2822.8	
863.91	3173	
864.08	5235.3	
864.25	5051.7	
864.42	3367.5	
864.59	3755.3	
864.76	5547.9	
864.93	4389.5	
865.09	2708.8	
865.26	2973	
865.43	5273.5	
865.6	5528.8	
865.77	2499.2	
865.94	2762.7	
866.1	5229.8	
866.27	5048.9	
866.44	4085	
866.61	2665.1	
866.78	4676.2	
866.95	4991.6	
867.11	2760.7	
867.28	2514.9	
867.45	5192.3	
867.62	4369.7	
867.79	3138.2	
867.96	2816.6	
868.12	4355.3	
868.29	5067.4	
868.46	2800.3	
868.63	3598.3	
868.8	5159.5	
868.97	4977.2	
869.13	2904	
869.3	2938.2	
869.47	4944.5	
869.64	5075.5	
869.81	2783.9	
869.97	2760	
870.14	4833.9	
870.31	5367.7	
870.48	2692.4	
870.65	3510.2	
870.81	4634.6	
870.98	4681.7	
871.15	3147.7	
871.32	2934.7	
871.48	4954.7	
871.65	5489.2	
871.82	2794.8	
871.99	3067.9	
872.16	5725.4	
872.32	5225.1	
872.49	2856.2	
872.66	2831	
872.83	5067.4	
872.99	4484.4	
873.16	3198.9	
873.33	2815.3	
873.5	4769.7	
873.67	4795	
873.83	2927.2	
874	3655.6	
874.17	4898.7	
874.34	5556.8	
874.5	3556	
874.67	3418.7	
874.84	5286.5	
875.01	4283	
875.17	3820.8	
875.34	2788.7	
875.51	4800.4	
875.68	5735.7	
875.84	3297.2	
876.01	3943.7	
876.18	5046.9	
876.34	5013.4	
876.51	2788	
876.68	2747	
876.85	4661.9	
877.01	5248.9	
877.18	3857	
877.35	2781.8	
877.52	4814.1	
877.68	4313	
877.85	2807.1	
878.02	2753.2	
878.18	4651.6	
878.35	4493.2	
878.52	2291	
878.69	3137.5	
878.85	5131.5	
879.02	4965	
879.19	3857	
879.35	2970.9	
879.52	5026.4	
879.69	5113.1	
879.86	2506	
880.02	3063.8	
880.19	4759.5	
880.36	5583.4	
880.52	3142.9	
880.69	3297.9	
880.86	5069.4	
881.02	5103.5	
881.19	3022.1	
881.36	3039.9	
881.52	5035.3	
881.69	4461.2	
881.86	2996.2	
882.02	2960	
882.19	5173.9	
882.36	5889.3	
882.52	2841.2	
882.69	3799	
882.86	4844.1	
883.02	4795.7	
883.19	3339.6	
883.36	3156.6	
883.52	5108.3	
883.69	5685.2	
883.86	2838.5	
884.02	2527.9	
884.19	5035.3	
884.36	4760.8	
884.52	3098.6	
884.69	3016	
884.86	4582	
885.02	5405.3	
885.19	3099.3	
885.36	3185.3	
885.52	4685.8	
885.69	4911	
885.86	3959.4	
886.02	3494.5	
886.19	5077.6	
886.35	4610	
886.52	3088.3	
886.69	3838.6	
886.85	4373.1	
887.02	5324.7	
887.19	5324.7	
887.35	5324.7	
887.52	5324.7	
887.68	5324.7	
887.85	5324.7	
888.02	5324.7	
888.18	5324.7	
888.35	5324.7	
888.51	5324.7	
888.68	5324.7	
888.85	5324.7	
889.01	5324.7	
889.18	5324.7	
889.35	5324.7	
889.51	5324.7	
889.68	5324.7	
889.84	5324.7	
890.01	5324.7	
890.17	5324.7	
890.34	5324.7	
890.51	5324.7	
890.67	5324.7	
890.84	5324.7	
891	5324.7	
891.17	5324.7	
891.34	5324.7	
891.5	5324.7	
891.67	5324.7	
891.83	5324.7	
892	5324.7	
892.16	5324.7	
892.33	5324.7	
892.5	5324.7	
892.66	5324.7	
892.83	5324.7	
892.99	5324.7	
893.16	5324.7	
893.32	5324.7	
893.49	5324.7	
893.65	5324.7	
893.82	5324.7	
893.99	5324.7	
894.15	5324.7	
894.32	5324.7	
894.48	5324.7	
894.65	5324.7	
894.81	5324.7	
894.98	5324.7	
895.14	5324.7	
895.31	5324.7	
895.47	5324.7	
895.64	5324.7	
895.81	5324.7	
895.97	5324.7	
896.14	5324.7	
896.3	5324.7	
896.47	5324.7	
896.63	5324.7	
896.8	5324.7	
896.96	5324.7	
897.13	5324.7	
897.29	5324.7	
897.46	5324.7	
897.62	5324.7	
897.79	5324.7	
897.95	5324.7	
898.12	5324.7	
898.28	5324.7	
898.45	5324.7	
898.61	5324.7	
898.78	5324.7	
898.94	5324.7	
899.11	5324.7	
899.27	5324.7	
899.44	5324.7	
899.6	5324.7	
899.77	5324.7	
899.93	5324.7	
900.1	5324.7	
900.26	5324.7	
900.43	5324.7	
900.59	5324.7	
900.76	5324.7	
900.92	5324.7	
901.09	5324.7	
901.25	5324.7	
901.42	5324.7	
901.58	5324.7	
901.75	5324.7	
901.91	5324.7	
902.07	5324.7	
902.24	5324.7	
902.4	5324.7	
902.57	5324.7	
902.73	5324.7	
902.9	5324.7	
903.06	5324.7	
903.23	5324.7	
903.39	5324.7	
903.56	5324.7	
903.72	5324.7	
903.88	5324.7	
904.05	5324.7	
904.21	5324.7	
904.38	5324.7	
904.54	5324.7	
904.71	5324.7	
904.87	5324.7	
905.03	5324.7	
905.2	5324.7	
905.36	5324.7	
905.53	5324.7	
905.69	5324.7	
905.86	5324.7	
906.02	5324.7	
906.18	5324.7	
906.35	5324.7	
906.51	5324.7	
906.68	5324.7	
906.84	5324.7	
907.01	5324.7	
907.17	5324.7	
907.33	5324.7	
907.5	5324.7	
907.66	5324.7	
907.83	5324.7	
907.99	5324.7	
908.15	5324.7	
908.32	5324.7	
908.48	5324.7	
908.65	5324.7	
908.81	5324.7	
908.97	5324.7	
909.14	5324.7	
909.3	5324.7	
909.47	5324.7	
909.63	5324.7	
909.79	5324.7	
909.96	5324.7	
910.12	5324.7	
910.28	5324.7	
910.45	5324.7	
910.61	5324.7	
910.78	5324.7	
910.94	5324.7	
911.1	5324.7	
911.27	5324.7	
911.43	5324.7	
911.59	5324.7	
911.76	5324.7	
911.92	5324.7	
912.08	5324.7	
912.25	5324.7	
912.41	5324.7	
912.57	5324.7	
912.74	5324.7	
912.9	5324.7	
913.07	5324.7	
913.23	5324.7	
913.39	5324.7	
913.56	5324.7	
913.72	5324.7	
913.88	5324.7	
914.05	5324.7	
914.21	5324.7	
914.37	5324.7	
914.54	5324.7	
914.7	5324.7	
914.86	5324.7	
915.03	5324.7	
915.19	5324.7	
