Wavelength	Intensities	
nm	a.u.	
179.22	1706.3	
179.44	1711.4	
179.65	1701.2	
179.86	1721.7	
180.08	1749.6	
180.29	3962.1	
180.51	3050.1	
180.72	5012.7	
180.94	5599.1	
181.15	2802.3	
181.37	2664.4	
181.58	4917.9	
181.79	5060.5	
182.01	2894.5	
182.22	3089	
182.44	5099.4	
182.65	4386.1	
182.87	3665.9	
183.08	3269.9	
183.29	5302.2	
183.51	4420.9	
183.72	2997.5	
183.94	4257.7	
184.15	4726.7	
184.37	4730.1	
184.58	2719.7	
184.79	3568.2	
185.01	4547.2	
185.22	5133.6	
185.44	3727.3	
185.65	3254.2	
185.86	4780.6	
186.08	4384	
186.29	2672.6	
186.51	2833.7	
186.72	4584.7	
186.94	5205.3	
187.15	3184.6	
187.36	3356.6	
187.58	6492.7	
187.79	4831.8	
188.01	3385.3	
188.22	5190.2	
188.43	5716.6	
188.65	5063.3	
188.86	2889	
189.08	3296.5	
189.29	4612.7	
189.5	4555.4	
189.72	3045.3	
189.93	3160.7	
190.15	5222.3	
190.36	6000.5	
190.57	3407.1	
190.79	3232.4	
191	5251	
191.22	5172.5	
191.43	3444.7	
191.64	2884.9	
191.86	5407.3	
192.07	5154.7	
192.29	2971.6	
192.5	3044.6	
192.71	5192.3	
192.93	4625	
193.14	3026.2	
193.35	3160.7	
193.57	4591.5	
193.78	5187.5	
194	2544.3	
194.21	3010.5	
194.42	4412	
194.64	4771.1	
194.85	3313.6	
195.07	3820.1	
195.28	4794.3	
195.49	4306.9	
195.71	3986	
195.92	2908.1	
196.13	4941.1	
196.35	5030.5	
196.56	4217.5	
196.78	3324.5	
196.99	5995.1	
197.2	5603.9	
197.42	3657.7	
197.63	3362.1	
197.84	4357.4	
198.06	4922.6	
198.27	3141.6	
198.48	3954.6	
198.7	4571.1	
198.91	4735.6	
199.13	3392.1	
199.34	3332.7	
199.55	5164.3	
199.77	4197	
199.98	2985.3	
200.19	3386	
200.41	4735.6	
200.62	4489.8	
200.83	3422.8	
201.05	3730	
201.26	4760.2	
201.47	4566.3	
201.69	3035.1	
201.9	2891	
202.11	4788.2	
202.33	5536.3	
202.54	3166.8	
202.76	3529.3	
202.97	4818.9	
203.18	4881	
203.4	3429.7	
203.61	3492.5	
203.82	4844.1	
204.04	4530.8	
204.25	3384.6	
204.46	3305.4	
204.68	4799.8	
204.89	4966.3	
205.1	3214.6	
205.32	2841.2	
205.53	5059.8	
205.74	5216.2	
205.96	2523.8	
206.17	3374.4	
206.38	5061.2	
206.6	5154.1	
206.81	3821.5	
207.02	3157.3	
207.24	5007.3	
207.45	5267.4	
207.66	3211.2	
207.88	2814.6	
208.09	4926	
208.3	4767.7	
208.52	2993.4	
208.73	3267.9	
208.94	4786.8	
209.15	5293.3	
209.37	3206.4	
209.58	3579.8	
209.79	5191.6	
210.01	4700.1	
210.22	2649.4	
210.43	2766.1	
210.65	4773.8	
210.86	5063.3	
211.07	3151.1	
211.29	2951.8	
211.5	4995	
211.71	4728.8	
211.93	2977.1	
212.14	2932	
212.35	4747.2	
212.56	4846.9	
212.78	3385.3	
212.99	2796.2	
213.2	5525.4	
213.42	4641.4	
213.63	3044	
213.84	3195.5	
214.06	4358.1	
214.27	4397.7	
214.48	3177.1	
214.69	3384.6	
214.91	5321.3	
215.12	5361.6	
215.33	3409.2	
215.55	3698.6	
215.76	5656.5	
215.97	5063.9	
216.18	3267.9	
216.4	3220.8	
216.61	4506.9	
216.82	5134.9	
217.04	3003.7	
217.25	3065.8	
217.46	5244.8	
217.67	5066	
217.89	2731.3	
218.1	2827.6	
218.31	4847.5	
218.53	4919.9	
218.74	3132	
218.95	3022.1	
219.16	4758.8	
219.38	5451	
219.59	3011.2	
219.8	3558	
220.01	5880.4	
220.23	4816.8	
220.44	3822.9	
220.65	2880.1	
220.87	4872.1	
221.08	5284.4	
221.29	2803	
221.5	3595.6	
221.72	6198.5	
221.93	4538.3	
222.14	3355.9	
222.35	3915.7	
222.57	4765.6	
222.78	5073.5	
222.99	3209.2	
223.2	3418.7	
223.42	5032.5	
223.63	5133.6	
223.84	2534	
224.05	2499.2	
224.27	5820.3	
224.48	5424.4	
224.69	3869.3	
224.9	3351.2	
225.12	4881	
225.33	4741	
225.54	2768.9	
225.75	3052.8	
225.97	4457.7	
226.18	4731.5	
226.39	3178.4	
226.6	3027.6	
226.82	4590.2	
227.03	4455.7	
227.24	3341.6	
227.45	2837.8	
227.67	5088.5	
227.88	5416.2	
228.09	3687.7	
228.3	3723.2	
228.52	5125.4	
228.73	4753.3	
228.94	3082.2	
229.15	2843.9	
229.36	4758.8	
229.58	4686.4	
229.79	3119.7	
230	3642.7	
230.21	5567.7	
230.43	4832.5	
230.64	3349.8	
230.85	3399.6	
231.06	5126.7	
231.28	5156.1	
231.49	2826.9	
231.7	3251.5	
231.91	5086.5	
232.12	4813.4	
232.34	2874.7	
232.55	3211.2	
232.76	5274.9	
232.97	4889.9	
233.18	2966.8	
233.4	3297.2	
233.61	4945.2	
233.82	4565.6	
234.03	3141.6	
234.25	3102	
234.46	6307.7	
234.67	4784.1	
234.88	3394.2	
235.09	3033	
235.31	4964.3	
235.52	4665.3	
235.73	3323.2	
235.94	2904.7	
236.15	4535.6	
236.37	5635.3	
236.58	3005.7	
236.79	3224.2	
237	5025.7	
237.21	4375.1	
237.43	3412.6	
237.64	2759.3	
237.85	7881.9	
238.06	4507.6	
238.27	3454.9	
238.48	2877.4	
238.7	5054.4	
238.91	4681	
239.12	3142.9	
239.33	3284.3	
239.54	4534.9	
239.76	4777.2	
239.97	3187.3	
240.18	3248.8	
240.39	5714.5	
240.6	4927.4	
240.82	3355.3	
241.03	2816.6	
241.24	4760.2	
241.45	5364.3	
241.66	2938.2	
241.87	3424.2	
242.09	5365	
242.3	5604.6	
242.51	3536.8	
242.72	3218	
242.93	5143.8	
243.14	4739	
243.36	3682.2	
243.57	3915	
243.78	5403.2	
243.99	5028.4	
244.2	3198.2	
244.41	2899.9	
244.63	4471.4	
244.84	4978.6	
245.05	3422.2	
245.26	3194.1	
245.47	5044.1	
245.68	5159.5	
245.9	4133.5	
246.11	3363.4	
246.32	4577.2	
246.53	4989.5	
246.74	5068.7	
246.95	2792.1	
247.16	4486.4	
247.38	4784.1	
247.59	2770.2	
247.8	3241.3	
248.01	4470	
248.22	4733.5	
248.43	2937.5	
248.64	3167.5	
248.86	4361.5	
249.07	4546.5	
249.28	2914.3	
249.49	3284.3	
249.7	5171.8	
249.91	5210.7	
250.12	2805	
250.34	2762	
250.55	4932.9	
250.76	4780	
250.97	3351.2	
251.18	3297.2	
251.39	5251.7	
251.6	4901.5	
251.81	3373	
252.03	3375.7	
252.24	4592.9	
252.45	5123.3	
252.66	2847.4	
252.87	3520.5	
253.08	4795.7	
253.29	5997.8	
253.5	2885.6	
253.72	3863.8	
253.93	4665.3	
254.14	5514.5	
254.35	3094.5	
254.56	3128.6	
254.77	4995	
254.98	4515.1	
255.19	3069.9	
255.41	3820.1	
255.62	4928.8	
255.83	5218.2	
256.04	3420.8	
256.25	3265.1	
256.46	5689.9	
256.67	4539	
256.88	3280.8	
257.09	3660.4	
257.31	4452.3	
257.52	4547.2	
257.73	4042	
257.94	3090.4	
258.15	4704.2	
258.36	4767	
258.57	3756.7	
258.78	2528.6	
258.99	5129.5	
259.2	4616.8	
259.41	3052.8	
259.63	3166.8	
259.84	5420.3	
260.05	5644.9	
260.26	3904.8	
260.47	3036.5	
260.68	5171.8	
260.89	4704.2	
261.1	3648.8	
261.31	2992.1	
261.52	5272.8	
261.73	5492	
261.95	3877.5	
262.16	3385.3	
262.37	5292.6	
262.58	5371.1	
262.79	3949.8	
263	3127.9	
263.21	4778.6	
263.42	4644.8	
263.63	3373.7	
263.84	3126.6	
264.05	5196.4	
264.26	5438	
264.47	3765.5	
264.69	3351.8	
264.9	5287.2	
265.11	4889.9	
265.32	3007.8	
265.53	3005.7	
265.74	4862.6	
265.95	4300.7	
266.16	3263.1	
266.37	3569.6	
266.58	4892.6	
266.79	4618.9	
267	3058.3	
267.21	2859.6	
267.42	4448.2	
267.63	4799.1	
267.84	3186	
268.06	2802.3	
268.27	5137	
268.48	5279.7	
268.69	3169.6	
268.9	3627	
269.11	5342.5	
269.32	4382	
269.53	3226.2	
269.74	2945.7	
269.95	4960.9	
270.16	4278.9	
270.37	3222.1	
270.58	3695.9	
270.79	4709.6	
271	5144.5	
271.21	3383.9	
271.42	3262.4	
271.63	4939	
271.84	4422.9	
272.05	2674.6	
272.26	2904	
272.47	4844.8	
272.68	4887.8	
272.89	3147	
273.11	3556	
273.32	4594.3	
273.53	5492.7	
273.74	3478.1	
273.95	3354.6	
274.16	5103.5	
274.37	4792.9	
274.58	3562.1	
274.79	2868.5	
275	4945.2	
275.21	5263.3	
275.42	4142.4	
275.63	3568.9	
275.84	5022.3	
276.05	6094.1	
276.26	3372.3	
276.47	3118.4	
276.68	4730.8	
276.89	5558.2	
277.1	3637.9	
277.31	2857.6	
277.52	4894	
277.73	5223.7	
277.94	2822.1	
278.15	3071.3	
278.36	4972.5	
278.57	4498.7	
278.78	3111.5	
278.99	3493.2	
279.2	4571.7	
279.41	4461.2	
279.62	3994.2	
279.83	2917	
280.04	5676.3	
280.25	4519.9	
280.46	3958	
280.67	3192.1	
280.88	4541.7	
281.09	5282.4	
281.3	3361.4	
281.51	4188.8	
281.72	4552.6	
281.93	5132.2	
282.14	3050.1	
282.35	3276.8	
282.56	5190.9	
282.77	5123.3	
282.98	3154.6	
283.19	3760.8	
283.4	6123.4	
283.61	4723.3	
283.82	2938.8	
284.03	3931.4	
284.24	4919.2	
284.45	5174.5	
284.66	3959.4	
284.87	3781.2	
285.08	5235.3	
285.29	5338.4	
285.5	2839.2	
285.71	3174.4	
285.92	5214.8	
286.12	5709.7	
286.33	3908.2	
286.54	3153.9	
286.75	5133.6	
286.96	4720.6	
287.17	2955.2	
287.38	3785.3	
287.59	4603.8	
287.8	4489.8	
288.01	3162.1	
288.22	3547.8	
288.43	5145.2	
288.64	4361.5	
288.85	3726.6	
289.06	3530.7	
289.27	5384.8	
289.48	5470.8	
289.69	3971	
289.9	3569.6	
290.11	5319.9	
290.32	4586.1	
290.53	3687.7	
290.74	3418.1	
290.94	5059.8	
291.15	5128.1	
291.36	3041.9	
291.57	3555.3	
291.78	4693.9	
291.99	4346.5	
292.2	2971.6	
292.41	3433.1	
292.62	5190.2	
292.83	5051	
293.04	4143	
293.25	3018	
293.46	4685.8	
293.67	5244.2	
293.88	3014.6	
294.09	2945	
294.29	4482.3	
294.5	4881.7	
294.71	3247.4	
294.92	3097.2	
295.13	4646.8	
295.34	5599.8	
295.55	2816.6	
295.76	2780.5	
295.97	5085.8	
296.18	5626.5	
296.39	2916.3	
296.6	3052.2	
296.81	4820.9	
297.01	5057.1	
297.22	3149.1	
297.43	3058.3	
297.64	4579.3	
297.85	4526.7	
298.06	2575	
298.27	2834.4	
298.48	4813.4	
298.69	4528.7	
298.9	3251.5	
299.11	2969.6	
299.31	4422.9	
299.52	4463.2	
299.73	3457	
299.94	3426.3	
300.15	4830.5	
300.36	4516.5	
300.57	3459	
300.78	3432.4	
300.99	4683.7	
301.2	4914.4	
301.4	3044.6	
301.61	3231.7	
301.82	5055.1	
302.03	5116.5	
302.24	3634.5	
302.45	2912.9	
302.66	5020.9	
302.87	5236.7	
303.08	3041.2	
303.29	4067.3	
303.49	4686.4	
303.7	4728.1	
303.91	2779.8	
304.12	3861.8	
304.33	4419.5	
304.54	4864.6	
304.75	3087.7	
304.96	3018	
305.16	5061.2	
305.37	5606	
305.58	2760.7	
305.79	2800.3	
306	5028.4	
306.21	4336.9	
306.42	3092.4	
306.63	4492.6	
306.83	4652.3	
307.04	5075.5	
307.25	3351.8	
307.46	3291.8	
307.67	4225.6	
307.88	5009.3	
308.09	3068.5	
308.29	3108.8	
308.5	4863.2	
308.71	5253.7	
308.92	3233.7	
309.13	2947.7	
309.34	4747.9	
309.55	4735.6	
309.75	3747.8	
309.96	3442.6	
310.17	5091.9	
310.38	4599.7	
310.59	3596.9	
310.8	3403.7	
311.01	4646.2	
311.21	4697.4	
311.42	2977.7	
311.63	3015.3	
311.84	4582	
312.05	4869.4	
312.26	3364.8	
312.46	3614	
312.67	4647.5	
312.88	4458.4	
313.09	2958.6	
313.3	2901.3	
313.51	5382.1	
313.71	5625.1	
313.92	2955.9	
314.13	3091.8	
314.34	4969.7	
314.55	4756.7	
314.76	3738.9	
314.96	3300	
315.17	4901.5	
315.38	5142.4	
315.59	2978.4	
315.8	2864.4	
316.01	5372.5	
316.21	5470.1	
316.42	2912.2	
316.63	3229	
316.84	4714.4	
317.05	5251.7	
317.26	3467.9	
317.46	3147.7	
317.67	4771.8	
317.88	5018.2	
318.09	3654.9	
318.3	2814.6	
318.5	4638.6	
318.71	5009.3	
318.92	4613.4	
319.13	3414	
319.34	5195.7	
319.54	5253	
319.75	2755.2	
319.96	2680.8	
320.17	5056.4	
320.38	5179.3	
320.58	2748.4	
320.79	3147.7	
321	5246.9	
321.21	5335.6	
321.42	3259	
321.62	2747	
321.83	4565.6	
322.04	4839.4	
322.25	3161.4	
322.46	3056.3	
322.66	4918.5	
322.87	5039.4	
323.08	3575.8	
323.29	2854.9	
323.5	5598.5	
323.7	4440	
323.91	3904.8	
324.12	3581.9	
324.33	4941.1	
324.53	5063.9	
324.74	3398.3	
324.95	3558	
325.16	4401.1	
325.37	4717.8	
325.57	2962	
325.78	3033.7	
325.99	4934.2	
326.2	4384	
326.4	4051.6	
326.61	2769.5	
326.82	4781.3	
327.03	4851.6	
327.24	4035.2	
327.44	3817.4	
327.65	5079.6	
327.86	4154	
328.07	3455.6	
328.27	2939.5	
328.48	5333.6	
328.69	4463.2	
328.9	4079.6	
329.1	3115.6	
329.31	4684.4	
329.52	5315.2	
329.73	3018.7	
329.93	3218.7	
330.14	4861.2	
330.35	4969.7	
330.56	4634.6	
330.76	3573	
330.97	4660.5	
331.18	4896.7	
331.39	3256.3	
331.59	2738.8	
331.8	5238.7	
332.01	5315.2	
332.22	3036.5	
332.42	3435.8	
332.63	4906.3	
332.84	4494.6	
333.05	3337.5	
333.25	3056.3	
333.46	4643.4	
333.67	4736.3	
333.88	3130.7	
334.08	3396.2	
334.29	6096.1	
334.5	5229.8	
334.7	2947.7	
334.91	4038.6	
335.12	4435.2	
335.33	5072.8	
335.53	3267.2	
335.74	4599.7	
335.95	4659.1	
336.16	4462.5	
336.36	3194.8	
336.57	3746.4	
336.78	4418.2	
336.98	5173.2	
337.19	3928.7	
337.4	3175	
337.61	5688.6	
337.81	4448.9	
338.02	3032.4	
338.23	3804.4	
338.43	5358.2	
338.64	4528.7	
338.85	3025.5	
339.05	3859.1	
339.26	5436.7	
339.47	4391.5	
339.68	2996.9	
339.88	4220.2	
340.09	5009.3	
340.3	5188.9	
340.5	3414	
340.71	2721.1	
340.92	4368.3	
341.13	5293.3	
341.33	2874.7	
341.54	3414.6	
341.75	5018.9	
341.95	4680.3	
342.16	3336.1	
342.37	3613.3	
342.57	4483.7	
342.78	4708.3	
342.99	3639.2	
343.19	2793.4	
343.4	5189.6	
343.61	4980	
343.81	3205.1	
344.02	2904	
344.23	5094	
344.43	5412.1	
344.64	3601	
344.85	3508.2	
345.06	5056.4	
345.26	5254.4	
345.47	3429	
345.68	3942.3	
345.88	4375.8	
346.09	5156.8	
346.3	3507.5	
346.5	2691.7	
346.71	4790.2	
346.92	4584.7	
347.12	2823.5	
347.33	3421.5	
347.54	5210.7	
347.74	5473.5	
347.95	3429	
348.16	2658.9	
348.36	4630.5	
348.57	4526.7	
348.78	3444	
348.98	3629.7	
349.19	4803.9	
349.39	4416.8	
349.6	2850.8	
349.81	3080.8	
350.01	5098.8	
350.22	4612.7	
350.43	3350.5	
350.63	3915	
350.84	4832.5	
351.05	4670.1	
351.25	3072.6	
351.46	2759.3	
351.67	5252.4	
351.87	4624.3	
352.08	3230.3	
352.29	3656.3	
352.49	5199.8	
352.7	5244.8	
352.9	3031.7	
353.11	3641.3	
353.32	5748.6	
353.52	4760.2	
353.73	3026.2	
353.94	3733.4	
354.14	5125.4	
354.35	4914.4	
354.55	3132.7	
354.76	3387.3	
354.97	5134.3	
355.17	4898.1	
355.38	2967.5	
355.59	3943	
355.79	4706.2	
356	4973.2	
356.2	3429	
356.41	3116.3	
356.62	4504.2	
356.82	4928.1	
357.03	3736.9	
357.24	3388	
357.44	4713.1	
357.65	4840	
357.85	4331.5	
358.06	3519.1	
358.27	4549.9	
358.47	4764.3	
358.68	3046	
358.88	3693.2	
359.09	5204.6	
359.3	5469.4	
359.5	4249.5	
359.71	3902.7	
359.91	5814.2	
360.12	5375.9	
360.33	3791.5	
360.53	4140.3	
360.74	4863.2	
360.94	4912.4	
361.15	3944.4	
361.36	3352.5	
361.56	5490.6	
361.77	5113.1	
361.97	4257	
362.18	3545	
362.38	5566.4	
362.59	4836.6	
362.8	3372.3	
363	3222.8	
363.21	4696	
363.41	5230.5	
363.62	3816	
363.83	4546.5	
364.03	5362.9	
364.24	5996.5	
364.44	4711.7	
364.65	4534.9	
364.85	5229.8	
365.06	4892.6	
365.27	3536.2	
365.47	3570.3	
365.68	5879.7	
365.88	5162.9	
366.09	3919.1	
366.29	3604.4	
366.5	5390.9	
366.71	5637.4	
366.91	4629.8	
367.12	4070.7	
367.32	6232.7	
367.53	5599.1	
367.73	4121.2	
367.94	4772.4	
368.14	5621.7	
368.35	6266.1	
368.56	4022.2	
368.76	3563.5	
368.97	5660.6	
369.17	6901	
369.38	3622.2	
369.58	3878.9	
369.79	4869.4	
369.99	5943.2	
370.2	4603.8	
370.4	3907.5	
370.61	5442.1	
370.82	6381.5	
371.02	3856.3	
371.23	3366.9	
371.43	4892.6	
371.64	5982.1	
371.84	3952.6	
372.05	4816.8	
372.25	6872.3	
372.46	5780.7	
372.66	4007.2	
372.87	4042	
373.07	5818.3	
373.28	7078.5	
373.48	4764.3	
373.69	4552	
373.9	5552.7	
374.1	5527.5	
374.31	4883.7	
374.51	4415.4	
374.72	6204.7	
374.92	5323.4	
375.13	5004.6	
375.33	4458.4	
375.54	5952.1	
375.74	5549.3	
375.95	4571.1	
376.15	5484.5	
376.36	6040.1	
376.56	5880.4	
376.77	4686.4	
376.97	4926	
377.18	6978.1	
377.38	6167.8	
377.59	5218.2	
377.79	4394.9	
378	6042.2	
378.2	6397.9	
378.41	4500.1	
378.61	4359.4	
378.82	6574.7	
379.02	5899.5	
379.23	4685.8	
379.43	5383.4	
379.64	6654.5	
379.84	6351.4	
380.05	4484.4	
380.25	4446.8	
380.46	6339.8	
380.66	6042.2	
380.87	5424.4	
381.07	5639.4	
381.28	6781.5	
381.48	6290.7	
381.69	4420.9	
381.89	4532.8	
382.1	5509	
382.3	6313.2	
382.51	5264	
382.71	5958.2	
382.91	6132.3	
383.12	6633.4	
383.32	4695.3	
383.53	4724.7	
383.73	6092	
383.94	5997.8	
384.14	4829.8	
384.35	4118.5	
384.55	5794.4	
384.76	6146.6	
384.96	4592.9	
385.17	4802.5	
385.37	6180.1	
385.58	5497.4	
385.78	4803.9	
385.98	3988.8	
386.19	5724.8	
386.39	6096.8	
386.6	4440	
386.8	4548.5	
387.01	6182.8	
387.21	6249.7	
387.42	4941.1	
387.62	5292.6	
387.83	5776.6	
388.03	6233.3	
388.23	4760.8	
388.44	5358.9	
388.64	5698.1	
388.85	5807.4	
389.05	5087.8	
389.26	5607.3	
389.46	7334.5	
389.67	6827.2	
389.87	5233.9	
390.07	5221.6	
390.28	6195.1	
390.48	5871.5	
390.69	4625	
390.89	4844.1	
391.1	5979.4	
391.3	6677.1	
391.5	5670.1	
391.71	6153.5	
391.91	6532.3	
392.12	7224.6	
392.32	5851	
392.53	5173.9	
392.73	6152.8	
392.93	6296.1	
393.14	4983.4	
393.34	5478.3	
393.55	6455.9	
393.75	6035.4	
393.95	4833.9	
394.16	4728.1	
394.36	5910.4	
394.57	6371.2	
394.77	4496.7	
394.98	4743.1	
395.18	5950.7	
395.38	6098.9	
395.59	5568.4	
395.79	4837.3	
396	6309.8	
396.2	6623.8	
396.4	5576.6	
396.61	5512.4	
396.81	6803.4	
397.02	6338.5	
397.22	5914.5	
397.42	5832.6	
397.63	6903.7	
397.83	6414.2	
398.04	5033.9	
398.24	5515.9	
398.44	6769.9	
398.65	6051.7	
398.85	5035.3	
399.05	5015.5	
399.26	6392.4	
399.46	7720.8	
399.67	5386.2	
399.87	5122.7	
400.07	6794.5	
400.28	7025.2	
400.48	5275.6	
400.69	6195.8	
400.89	7372.7	
401.09	7590.5	
401.3	5378.6	
401.5	6166.4	
401.7	7892.9	
401.91	8137.9	
402.11	5705	
402.32	5758.2	
402.52	7428.7	
402.72	7228.6	
402.93	5910.4	
403.13	4928.1	
403.33	7705.1	
403.54	6541.9	
403.74	5398.4	
403.94	5893.4	
404.15	6426.5	
404.35	7265.5	
404.56	5034.6	
404.76	6475	
404.96	6918.7	
405.17	6767.2	
405.37	5961	
405.57	5778.7	
405.78	7287.4	
405.98	6743.3	
406.18	5520	
406.39	6148.7	
406.59	7286.7	
406.79	6797.2	
407	5219.6	
407.2	5186.1	
407.4	7073	
407.61	7166.5	
407.81	5171.8	
408.01	6760.3	
408.22	6442.2	
408.42	8056.7	
408.62	6523.5	
408.83	6239.5	
409.03	7371.3	
409.23	7432.8	
409.44	6550.8	
409.64	6726.2	
409.84	8356.4	
410.05	8360.5	
410.25	6782.2	
410.45	6571.9	
410.66	8350.3	
410.86	10003	
411.06	7234.1	
411.27	7045	
411.47	10083	
411.67	8435.6	
411.88	7265.5	
412.08	7664.2	
412.28	9056.1	
412.49	9532.6	
412.69	7377.5	
412.89	7469.6	
413.09	9323.7	
413.3	9321	
413.5	7567.2	
413.7	7348.8	
413.91	8741.4	
414.11	9443.9	
414.31	7466.9	
414.52	7924.3	
414.72	9205.6	
414.92	9296.4	
415.12	7422.5	
415.33	7990.5	
415.53	9584.5	
415.73	9657.5	
415.94	8152.3	
416.14	7749.5	
416.34	8882	
416.55	8589.9	
416.75	8776.2	
416.95	8358.4	
417.15	9852.1	
417.36	10122	
417.56	9069.8	
417.76	8356.4	
417.97	10077	
418.17	9818.6	
418.37	8019.2	
418.57	8210.3	
418.78	9787.2	
418.98	9465	
419.18	8791.9	
419.38	8658.8	
419.59	9374.9	
419.79	8992.6	
419.99	7897	
420.2	8073.8	
420.4	9705.3	
420.6	9704	
420.8	7836.9	
421.01	7615.7	
421.21	9807	
421.41	9838.4	
421.61	8173.4	
421.82	7933.1	
422.02	9328.5	
422.22	9979.1	
422.42	8561.2	
422.63	7999.4	
422.83	9410.4	
423.03	10284	
423.23	8045.8	
423.44	7391.8	
423.64	9362.6	
423.84	8972.8	
424.04	7704.5	
424.25	7432.1	
424.45	9868.5	
424.65	9785.9	
424.85	7172.7	
425.06	7630	
425.26	10017	
425.46	9060.2	
425.66	7998.7	
425.87	7660.1	
426.07	9652.8	
426.27	9462.3	
426.47	7841.7	
426.67	7251.2	
426.88	9767.4	
427.08	9354.4	
427.28	7974.8	
427.48	7152.9	
427.69	8437.6	
427.89	8991.9	
428.09	7922.9	
428.29	7212.9	
428.5	9521	
428.7	9164	
428.9	7186.3	
429.1	7527.7	
429.3	9140.1	
429.51	9458.9	
429.71	7320.1	
429.91	8097	
430.11	9488.2	
430.31	9954.5	
430.52	7773.4	
430.72	8076.5	
430.92	10028	
431.12	9482.1	
431.32	7608.2	
431.53	7828	
431.73	8800.1	
431.93	9954.5	
432.13	7466.9	
432.33	7471.7	
432.54	9051.3	
432.74	9342.8	
432.94	7500.3	
433.14	8148.2	
433.34	9708.1	
433.55	9372.9	
433.75	8210.3	
433.95	9700.5	
434.15	9503.9	
434.35	9278	
434.56	7627.3	
434.76	7489.4	
434.96	9523.7	
435.16	9865.1	
435.36	7646.4	
435.56	8670.4	
435.77	9459.6	
435.97	9675.3	
436.17	9255.5	
436.37	8638.3	
436.57	9490.3	
436.78	9546.3	
436.98	9776.3	
437.18	9059.5	
437.38	10166	
437.58	9605.7	
437.78	9086.8	
437.99	8100.4	
438.19	9957.2	
438.39	11001	
438.59	8042.4	
438.79	7464.2	
438.99	10239	
439.2	9294.4	
439.4	7360.4	
439.6	7406.8	
439.8	9551	
440	10398	
440.2	8494.3	
440.4	8619.9	
440.61	10291	
440.81	10708	
441.01	8155	
441.21	9088.9	
441.41	10989	
441.61	10355	
441.81	9293	
442.02	9996.1	
442.22	11126	
442.42	10466	
442.62	8386.4	
442.82	8228.7	
443.02	10888	
443.22	10212	
443.43	8697	
443.63	8322.9	
443.83	9936.7	
444.03	9951.1	
444.23	9656.9	
444.43	9222.7	
444.63	10524	
444.83	11281	
445.04	8815.8	
445.24	9620	
445.44	10621	
445.64	10741	
445.84	9040.4	
446.04	9115.5	
446.24	9962	
446.44	10618	
446.65	8237.6	
446.85	8695	
447.05	9791.3	
447.25	10544	
447.45	8600.8	
447.65	8111.3	
447.85	10129	
448.05	9680.7	
448.25	9116.9	
448.46	8796.7	
448.66	10107	
448.86	9822.1	
449.06	8058.8	
449.26	8858.1	
449.46	10376	
449.66	9521.7	
449.86	8862.9	
450.06	8566.7	
450.26	9997.5	
450.47	10401	
450.67	8719.6	
450.87	9223.4	
451.07	10456	
451.27	10308	
451.47	8290.2	
451.67	8915.5	
451.87	10077	
452.07	10678	
452.27	8510	
452.47	8434.2	
452.67	10264	
452.88	10596	
453.08	7961.8	
453.28	9527.8	
453.48	11312	
453.68	10053	
453.88	8544.8	
454.08	8594.6	
454.28	10624	
454.48	10260	
454.68	9084.8	
454.88	9428.8	
455.08	10703	
455.28	10549	
455.48	8390.5	
455.68	9187.2	
455.89	11262	
456.09	10914	
456.29	8837.7	
456.49	9125.7	
456.69	11228	
456.89	10520	
457.09	9466.4	
457.29	9868.5	
457.49	11015	
457.69	11110	
457.89	9546.9	
458.09	9028.8	
458.29	10925	
458.49	11622	
458.69	9878.7	
458.89	9564.7	
459.09	11871	
459.29	11826	
459.49	9449.3	
459.69	10137	
459.9	11390	
460.1	11316	
460.3	9275.9	
460.5	9184.5	
460.7	11370	
460.9	11110	
461.1	8981.7	
461.3	10107	
461.5	12169	
461.7	11706	
461.9	9697.1	
462.1	9876	
462.3	11460	
462.5	11885	
462.7	9826.2	
462.9	9939.5	
463.1	12809	
463.3	12641	
463.5	10079	
463.7	11006	
463.9	11994	
464.1	12282	
464.3	10727	
464.5	10537	
464.7	12615	
464.9	12576	
465.1	11709	
465.3	11021	
465.5	12842	
465.7	13005	
465.9	11303	
466.1	10836	
466.3	12988	
466.5	12370	
466.7	11954	
466.9	10961	
467.1	12762	
467.3	13499	
467.5	12033	
467.7	11073	
467.9	13601	
468.1	14313	
468.3	11557	
468.5	12096	
468.7	12826	
468.9	12798	
469.1	11475	
469.3	12020	
469.5	14455	
469.7	12766	
469.9	11594	
470.1	11391	
470.3	13115	
470.5	13016	
470.7	12338	
470.9	11249	
471.1	12820	
471.3	12886	
471.5	11228	
471.69	12580	
471.89	12509	
472.09	12026	
472.29	11718	
472.49	11762	
472.69	12273	
472.89	12863	
473.09	11107	
473.29	10873	
473.49	12504	
473.69	12413	
473.89	11542	
474.09	10904	
474.29	13304	
474.49	12990	
474.69	11541	
474.89	10965	
475.09	12349	
475.29	12398	
475.49	10462	
475.69	10905	
475.88	13470	
476.08	12662	
476.28	10610	
476.48	10638	
476.68	12762	
476.88	12553	
477.08	10528	
477.28	10811	
477.48	12066	
477.68	12455	
477.88	10293	
478.08	10477	
478.28	12887	
478.48	12232	
478.67	10694	
478.87	10062	
479.07	12770	
479.27	12263	
479.47	10795	
479.67	10839	
479.87	12611	
480.07	13031	
480.27	10251	
480.47	11374	
480.67	12266	
480.87	12871	
481.06	10479	
481.26	11189	
481.46	12402	
481.66	12167	
481.86	10886	
482.06	11540	
482.26	12045	
482.46	12874	
482.66	10705	
482.86	10393	
483.05	12447	
483.25	11839	
483.45	12555	
483.65	10755	
483.85	12049	
484.05	12337	
484.25	11110	
484.45	11609	
484.65	12907	
484.84	13162	
485.04	10821	
485.24	10828	
485.44	13281	
485.64	11935	
485.84	10426	
486.04	11513	
486.24	12326	
486.44	12581	
486.63	10411	
486.83	11115	
487.03	12357	
487.23	12625	
487.43	10477	
487.63	12386	
487.83	12750	
488.02	13293	
488.22	11447	
488.42	11889	
488.62	13377	
488.82	12502	
489.02	11119	
489.22	11256	
489.41	13213	
489.61	13140	
489.81	11028	
490.01	10891	
490.21	13235	
490.41	13857	
490.61	11131	
490.8	11108	
491	13003	
491.2	12360	
491.4	11435	
491.6	10811	
491.8	12702	
491.99	12657	
492.19	10511	
492.39	10599	
492.59	12953	
492.79	13100	
492.99	11492	
493.18	10950	
493.38	13297	
493.58	14144	
493.78	11710	
493.98	11327	
494.18	13357	
494.37	13158	
494.57	12129	
494.77	12089	
494.97	13780	
495.17	14078	
495.37	11885	
495.56	12199	
495.76	14405	
495.96	14199	
496.16	13136	
496.36	12282	
496.55	14565	
496.75	14037	
496.95	12564	
497.15	12459	
497.35	14237	
497.54	14335	
497.74	12246	
497.94	13639	
498.14	14798	
498.34	14706	
498.53	12238	
498.73	12755	
498.93	13954	
499.13	14508	
499.33	12827	
499.52	12957	
499.72	14698	
499.92	14613	
500.12	12622	
500.32	12790	
500.51	14730	
500.71	14683	
500.91	13459	
501.11	13089	
501.31	14742	
501.5	15000	
501.7	13658	
501.9	12833	
502.1	14446	
502.29	14786	
502.49	13226	
502.69	13465	
502.89	14697	
503.09	14541	
503.28	12091	
503.48	12277	
503.68	13928	
503.88	13821	
504.07	12978	
504.27	12428	
504.47	14084	
504.67	14108	
504.86	12924	
505.06	12496	
505.26	13909	
505.46	15065	
505.65	12370	
505.85	12453	
506.05	13655	
506.25	13926	
506.44	11675	
506.64	12316	
506.84	13371	
507.04	13947	
507.23	11718	
507.43	12062	
507.63	14764	
507.83	13388	
508.02	12070	
508.22	11792	
508.42	14960	
508.62	13179	
508.81	11949	
509.01	12352	
509.21	12976	
509.4	13255	
509.6	12063	
509.8	11432	
510	13121	
510.19	14188	
510.39	11427	
510.59	11594	
510.79	13132	
510.98	14323	
511.18	11871	
511.38	11888	
511.57	13833	
511.77	13648	
511.97	12185	
512.17	11613	
512.36	13688	
512.56	13421	
512.76	11378	
512.95	11190	
513.15	13772	
513.35	12580	
513.55	12008	
513.74	11402	
513.94	13621	
514.14	13151	
514.33	12291	
514.53	12099	
514.73	13347	
514.92	13383	
515.12	11579	
515.32	11585	
515.51	13461	
515.71	13765	
515.91	12846	
516.11	11469	
516.3	14738	
516.5	13091	
516.7	12081	
516.89	12441	
517.09	13213	
517.29	13361	
517.48	12373	
517.68	11758	
517.88	12925	
518.07	13519	
518.27	12171	
518.47	11387	
518.66	13845	
518.86	12729	
519.06	11168	
519.25	11592	
519.45	13063	
519.65	14229	
519.84	12174	
520.04	12807	
520.24	14581	
520.43	13527	
520.63	11874	
520.83	11728	
521.02	12978	
521.22	13327	
521.42	11800	
521.61	12297	
521.81	12969	
522.01	12957	
522.2	11575	
522.4	11491	
522.6	13485	
522.79	12493	
522.99	11609	
523.18	11236	
523.38	13475	
523.58	13478	
523.77	12921	
523.97	11486	
524.17	15015	
524.36	14477	
524.56	12656	
524.76	12461	
524.95	13842	
525.15	13487	
525.34	12215	
525.54	12485	
525.74	14285	
525.93	13464	
526.13	13457	
526.33	12596	
526.52	14686	
526.72	14276	
526.91	13443	
527.11	12968	
527.31	14564	
527.5	14916	
527.7	12920	
527.89	12338	
528.09	14030	
528.29	14526	
528.48	13213	
528.68	12910	
528.87	14711	
529.07	14702	
529.27	12874	
529.46	12683	
529.66	14615	
529.85	14894	
530.05	12620	
530.25	13157	
530.44	15694	
530.64	14379	
530.83	12751	
531.03	12884	
531.23	14717	
531.42	14541	
531.62	13519	
531.81	12867	
532.01	14943	
532.21	15256	
532.4	12989	
532.6	13338	
532.79	15819	
532.99	15266	
533.18	13434	
533.38	14356	
533.58	15162	
533.77	15471	
533.97	13665	
534.16	14222	
534.36	15881	
534.55	15224	
534.75	14277	
534.95	13715	
535.14	15914	
535.34	15194	
535.53	13394	
535.73	14994	
535.92	16335	
536.12	15161	
536.31	13426	
536.51	14300	
536.71	15255	
536.9	14980	
537.1	13353	
537.29	13448	
537.49	15616	
537.68	14993	
537.88	13746	
538.07	13203	
538.27	15191	
538.46	15907	
538.66	13114	
538.86	13583	
539.05	15197	
539.25	15530	
539.44	13901	
539.64	13460	
539.83	15088	
540.03	15842	
540.22	13403	
540.42	13409	
540.61	15028	
540.81	15156	
541	13403	
541.2	14042	
541.39	14616	
541.59	14795	
541.78	14038	
541.98	12957	
542.18	14474	
542.37	14456	
542.57	13267	
542.76	13831	
542.96	14427	
543.15	14682	
543.35	13215	
543.54	12643	
543.74	14715	
543.93	14541	
544.13	12930	
544.32	13724	
544.52	14547	
544.71	14060	
544.91	12194	
545.1	13062	
545.3	13975	
545.49	14521	
545.69	12231	
545.88	12576	
546.08	15282	
546.27	14804	
546.47	12918	
546.66	12323	
546.86	14545	
547.05	15003	
547.24	12613	
547.44	12490	
547.63	13753	
547.83	14591	
548.02	12690	
548.22	12836	
548.41	13611	
548.61	14620	
548.8	12122	
549	12269	
549.19	14044	
549.39	14207	
549.58	11964	
549.78	12438	
549.97	14287	
550.17	13839	
550.36	12988	
550.55	13665	
550.75	13650	
550.94	14369	
551.14	11966	
551.33	12188	
551.53	13265	
551.72	13929	
551.92	12248	
552.11	12166	
552.31	13989	
552.5	14003	
552.69	13179	
552.89	11574	
553.08	14038	
553.28	13648	
553.47	11959	
553.67	12850	
553.86	14280	
554.06	12906	
554.25	11218	
554.44	11675	
554.64	14723	
554.83	14474	
555.03	11718	
555.22	11996	
555.42	13841	
555.61	13653	
555.8	11719	
556	11923	
556.19	12979	
556.39	13855	
556.58	11714	
556.78	11671	
556.97	13491	
557.16	13244	
557.36	12609	
557.55	11464	
557.75	12736	
557.94	14189	
558.13	11546	
558.33	11421	
558.52	13938	
558.72	12895	
558.91	11387	
559.1	11604	
559.3	12773	
559.49	12504	
559.69	10914	
559.88	11816	
560.07	13248	
560.27	13636	
560.46	11757	
560.66	11935	
560.85	13145	
561.04	12394	
561.24	11157	
561.43	11226	
561.63	12637	
561.82	12811	
562.01	12179	
562.21	11572	
562.4	13007	
562.59	13888	
562.79	11484	
562.98	11245	
563.18	13162	
563.37	14151	
563.56	11831	
563.76	11383	
563.95	12817	
564.14	12763	
564.34	11502	
564.53	11227	
564.73	13213	
564.92	13371	
565.11	11651	
565.31	11211	
565.5	13671	
565.69	12721	
565.89	11344	
566.08	11630	
566.27	13534	
566.47	13904	
566.66	12179	
566.85	11102	
567.05	13357	
567.24	12823	
567.44	11226	
567.63	12353	
567.82	13453	
568.02	13081	
568.21	11398	
568.4	11572	
568.6	13211	
568.79	13100	
568.98	11223	
569.18	11383	
569.37	13257	
569.56	14687	
569.76	11795	
569.95	12397	
570.14	13519	
570.34	13319	
570.53	11345	
570.72	11245	
570.91	13781	
571.11	13040	
571.3	11695	
571.49	12256	
571.69	13310	
571.88	12738	
572.07	12012	
572.27	11958	
572.46	12897	
572.65	13491	
572.85	11472	
573.04	11741	
573.23	13792	
573.43	13233	
573.62	11360	
573.81	11779	
574	13353	
574.2	13146	
574.39	11744	
574.58	11749	
574.78	14192	
574.97	13581	
575.16	12284	
575.36	12264	
575.55	13803	
575.74	14034	
575.93	11430	
576.13	12435	
576.32	13376	
576.51	13857	
576.71	11894	
576.9	12900	
577.09	14184	
577.28	13632	
577.48	12273	
577.67	11628	
577.86	13483	
578.05	13800	
578.25	11885	
578.44	12134	
578.63	13596	
578.83	14520	
579.02	11505	
579.21	12776	
579.4	13703	
579.6	13542	
579.79	12133	
579.98	13745	
580.17	14085	
580.37	14098	
580.56	11661	
580.75	12338	
580.94	14203	
581.14	14309	
581.33	12673	
581.52	11854	
581.71	14015	
581.91	14522	
582.1	11709	
582.29	12208	
582.48	13617	
582.68	13640	
582.87	12560	
583.06	12359	
583.25	13913	
583.45	13479	
583.64	12755	
583.83	13340	
584.02	13605	
584.21	14110	
584.41	12570	
584.6	12280	
584.79	13822	
584.98	14377	
585.18	11740	
585.37	11977	
585.56	13447	
585.75	14063	
585.94	11935	
586.14	12491	
586.33	14310	
586.52	13615	
586.71	12142	
586.91	11996	
587.1	13004	
587.29	13850	
587.48	11628	
587.67	11678	
587.87	13517	
588.06	13490	
588.25	12578	
588.44	12018	
588.63	13136	
588.83	13620	
589.02	11551	
589.21	11459	
589.4	12964	
589.59	12921	
589.78	10606	
589.98	10839	
590.17	12150	
590.36	12400	
590.55	9962	
590.74	10296	
590.94	13108	
591.13	11897	
591.32	10170	
591.51	9747	
591.7	12187	
591.89	12039	
592.09	10013	
592.28	10458	
592.47	11563	
592.66	13121	
592.85	10256	
593.05	10334	
593.24	12037	
593.43	12700	
593.62	10335	
593.81	10649	
594	12055	
594.19	12214	
594.39	10306	
594.58	10196	
594.77	12388	
594.96	12665	
595.15	10279	
595.34	10785	
595.54	12203	
595.73	11600	
595.92	9631.6	
596.11	10336	
596.3	12500	
596.49	11509	
596.68	10232	
596.88	10522	
597.07	12405	
597.26	11535	
597.45	9842.5	
597.64	10916	
597.83	11594	
598.02	12160	
598.22	9995.5	
598.41	10436	
598.6	11945	
598.79	11511	
598.98	10094	
599.17	10583	
599.36	11979	
599.55	12645	
599.74	11481	
599.94	11293	
600.13	12328	
600.32	11411	
600.51	9752.4	
600.7	9782.5	
600.89	12831	
601.08	12845	
601.27	9630.9	
601.47	10416	
601.66	12267	
601.85	12696	
602.04	10288	
602.23	10352	
602.42	11430	
602.61	11888	
602.8	10157	
602.99	9942.2	
603.18	11725	
603.37	11804	
603.57	10340	
603.76	10753	
603.95	12450	
604.14	12119	
604.33	9959.3	
604.52	10225	
604.71	11977	
604.9	11592	
605.09	10535	
605.28	10610	
605.47	12349	
605.66	11990	
605.86	10353	
606.05	9897.2	
606.24	12256	
606.43	11179	
606.62	10205	
606.81	10656	
607	12023	
607.19	11611	
607.38	9678	
607.57	9899.9	
607.76	11406	
607.95	10974	
608.14	10170	
608.33	10671	
608.52	11307	
608.72	12081	
608.91	9586.5	
609.1	9550.4	
609.29	11443	
609.48	11110	
609.67	10120	
609.86	9527.2	
610.05	11193	
610.24	11198	
610.43	9471.2	
610.62	9121	
610.81	12140	
611	12002	
611.19	9485.5	
611.38	9906	
611.57	11492	
611.76	12467	
611.95	9271.2	
612.14	9157.2	
612.33	11378	
612.52	10972	
612.71	9671.2	
612.9	9029.5	
613.09	10806	
613.28	12446	
613.47	9549	
613.66	10145	
613.85	11493	
614.04	11046	
614.24	9500.5	
614.43	8885.5	
614.62	11515	
614.81	11475	
615	9792	
615.19	9870.5	
615.38	11027	
615.57	11354	
615.76	9710.1	
615.95	10534	
616.14	11660	
616.33	11316	
616.52	10115	
616.71	10260	
616.9	11469	
617.09	11348	
617.28	9551	
617.47	10533	
617.66	10787	
617.85	10879	
618.04	10327	
618.22	9787.9	
618.41	11259	
618.6	12063	
618.79	9966.1	
618.98	9812.5	
619.17	12230	
619.36	10851	
619.55	9767.4	
619.74	9979.8	
619.93	11679	
620.12	11226	
620.31	10314	
620.5	10538	
620.69	12097	
620.88	12541	
621.07	11076	
621.26	10396	
621.45	11996	
621.64	11966	
621.83	10496	
622.02	9925.8	
622.21	11928	
622.4	11764	
622.59	10953	
622.78	10722	
622.97	11537	
623.16	12256	
623.35	10546	
623.54	9954.5	
623.72	11627	
623.91	11774	
624.1	10658	
624.29	9591.3	
624.48	12543	
624.67	12050	
624.86	10458	
625.05	9854.1	
625.24	12775	
625.43	11477	
625.62	11774	
625.81	10056	
626	12153	
626.19	11690	
626.38	10609	
626.56	10141	
626.75	11524	
626.94	12198	
627.13	10584	
627.32	9626.8	
627.51	12158	
627.7	12962	
627.89	9739.5	
628.08	10577	
628.27	11397	
628.46	11402	
628.65	9880.8	
628.83	9605.7	
629.02	11882	
629.21	11318	
629.4	10096	
629.59	10447	
629.78	11286	
629.97	11965	
630.16	10314	
630.35	10001	
630.54	12472	
630.72	12272	
630.91	9943.6	
631.1	10358	
631.29	11691	
631.48	11897	
631.67	10350	
631.86	9994.1	
632.05	11531	
632.24	11499	
632.42	9749.7	
632.61	10135	
632.8	11593	
632.99	11327	
633.18	10144	
633.37	10471	
633.56	11749	
633.75	11688	
633.93	10230	
634.12	9979.8	
634.31	12342	
634.5	12020	
634.69	9984.5	
634.88	10322	
635.07	11623	
635.25	11948	
635.44	10615	
635.63	10774	
635.82	11363	
636.01	10896	
636.2	10490	
636.39	10327	
636.57	12303	
636.76	11815	
636.95	9731.9	
637.14	10734	
637.33	11815	
637.52	12306	
637.7	9495.1	
637.89	10363	
638.08	11492	
638.27	12346	
638.46	10323	
638.65	10557	
638.83	12273	
639.02	11168	
639.21	10124	
639.4	10430	
639.59	11510	
639.78	11175	
639.96	9449.3	
640.15	9484.1	
640.34	11333	
640.53	11320	
640.72	9320.3	
640.91	9524.4	
641.09	10800	
641.28	11837	
641.47	9557.2	
641.66	10122	
641.85	11302	
642.03	11463	
642.22	9826.2	
642.41	9634.3	
642.6	10849	
642.79	10428	
642.97	9334.6	
643.16	9830.9	
643.35	10716	
643.54	10555	
643.73	9150.3	
643.91	9727.2	
644.1	10351	
644.29	10905	
644.48	9128.5	
644.67	9198.1	
644.85	10477	
645.04	10754	
645.23	8721.6	
645.42	8988.5	
645.6	10292	
645.79	11158	
645.98	8832.9	
646.17	8052.6	
646.36	9941.5	
646.54	10271	
646.73	9226.1	
646.92	8452	
647.11	9946.3	
647.29	10654	
647.48	8417.2	
647.67	8183	
647.86	10925	
648.05	10940	
648.23	8555	
648.42	9521	
648.61	10251	
648.8	10239	
648.98	8289.5	
649.17	8461.5	
649.36	9821.4	
649.55	9458.9	
649.73	8267.6	
649.92	8882.7	
650.11	9751.7	
650.3	10082	
650.48	8494.3	
650.67	8243.8	
650.86	10181	
651.05	9368.1	
651.23	8409.6	
651.42	8292.2	
651.61	9706	
651.79	9622	
651.98	8542.8	
652.17	8098.4	
652.36	10006	
652.54	9321.7	
652.73	8161.2	
652.92	8021.9	
653.11	10120	
653.29	10040	
653.48	7658.7	
653.67	8316.8	
653.85	9775.6	
654.04	10593	
654.23	8383.7	
654.42	8023.9	
654.6	9269.1	
654.79	9787.9	
654.98	7607.5	
655.16	7978.2	
655.35	8845.2	
655.54	8662.9	
655.73	7444.4	
655.91	7322.9	
656.1	9402.2	
656.29	8548.2	
656.47	7029.3	
656.66	8380.3	
656.85	8973.5	
657.03	8983.8	
657.22	7645.1	
657.41	7642.3	
657.59	9178.3	
657.78	9058.2	
657.97	7481.2	
658.16	8000	
658.34	9669.8	
658.53	9999.5	
658.72	8714.8	
658.9	9125.1	
659.09	9383.8	
659.28	9406.3	
659.46	7875.1	
659.65	7701	
659.84	9133.9	
660.02	9615.9	
660.21	7864.9	
660.4	7724.3	
660.58	9850	
660.77	9376.3	
660.96	8200.7	
661.14	7468.9	
661.33	10316	
661.52	10193	
661.7	7403.4	
661.89	9951.1	
662.08	9095.7	
662.26	8745.5	
662.45	7562.5	
662.64	7623.9	
662.82	9628.9	
663.01	8947.6	
663.2	7681.2	
663.38	8156.4	
663.57	9415.9	
663.75	9346.2	
663.94	7870.3	
664.13	8783.7	
664.31	8919.6	
664.5	9525.1	
664.69	7991.2	
664.87	8477.2	
665.06	8824	
665.25	9370.1	
665.43	8654.7	
665.62	8609.7	
665.8	9558.6	
665.99	9020.6	
666.18	7826.7	
666.36	7781.6	
666.55	9538.8	
666.74	9441.8	
666.92	7557.7	
667.11	8692.9	
667.29	9113.5	
667.48	9516.9	
667.67	8400.8	
667.85	7718.8	
668.04	9037.7	
668.22	9028.8	
668.41	7793.2	
668.6	8062.9	
668.78	8920.3	
668.97	9024	
669.15	8120.9	
669.34	7222.5	
669.53	8882	
669.71	9125.1	
669.9	7414.3	
670.08	7918.8	
670.27	8806.9	
670.46	9301.9	
670.64	7953.6	
670.83	8256.7	
671.01	8669.1	
671.2	9138.7	
671.38	7466.9	
671.57	7346.1	
671.76	9608.4	
671.94	10133	
672.13	7389.1	
672.31	8068.3	
672.5	9368.8	
672.69	8830.8	
672.87	7484.6	
673.06	7780.2	
673.24	9211.8	
673.43	8882	
673.61	7859.4	
673.8	7557.7	
673.98	9298.5	
674.17	9480.7	
674.36	8126.3	
674.54	8027.4	
674.73	9063.6	
674.91	9385.8	
675.1	7730.4	
675.28	7400	
675.47	8959.2	
675.65	9483.5	
675.84	7640.3	
676.03	7832.1	
676.21	8888.2	
676.4	8407.6	
676.58	8243.8	
676.77	8110	
676.95	9862.3	
677.14	8798.8	
677.32	7330.4	
677.51	7258	
677.69	9310.7	
677.88	8539.3	
678.06	7339.2	
678.25	7359.7	
678.44	8965.3	
678.62	8688.8	
678.81	7185	
678.99	7892.9	
679.18	9562.6	
679.36	9304.6	
679.55	7589.1	
679.73	7979.6	
679.92	9241.8	
680.1	8791.2	
680.29	8475.9	
680.47	7477.8	
680.66	8660.9	
680.84	9313.5	
681.03	7110.5	
681.21	7866.9	
681.4	8720.9	
681.58	8610.3	
681.77	7316.7	
681.95	7311.2	
682.14	9316.9	
682.32	9527.8	
682.51	7973.4	
682.69	7075	
682.88	8541.4	
683.06	9012.4	
683.25	7719.5	
683.43	8094.3	
683.62	8911.4	
683.8	9207.7	
683.99	8127	
684.17	7565.9	
684.36	9686.2	
684.54	8710	
684.73	6910.5	
684.91	7088.7	
685.1	8834.3	
685.28	8181.6	
685.46	7136.5	
685.65	7102.4	
685.83	8571.4	
686.02	8135.2	
686.2	6631.3	
686.39	6805.4	
686.57	8130.4	
686.76	9218.6	
686.94	6776	
687.13	6976.1	
687.31	8655.4	
687.5	8396.7	
687.68	6527.6	
687.86	7350.2	
688.05	9739.5	
688.23	7965.2	
688.42	7585.7	
688.6	6963.8	
688.79	8346.8	
688.97	8331.8	
689.16	7269.6	
689.34	6489.3	
689.52	8845.2	
689.71	9142.8	
689.89	7467.6	
690.08	7083.2	
690.26	8667.7	
690.45	8476.5	
690.63	7688.1	
690.81	7089.4	
691	8421.2	
691.18	8351.6	
691.37	7193.1	
691.55	8761.2	
691.74	8192.6	
691.92	9731.9	
692.1	7163.1	
692.29	6656.6	
692.47	8310.7	
692.66	7916.1	
692.84	6799.9	
693.02	7232.1	
693.21	7890.8	
693.39	8320.9	
693.58	7318.8	
693.76	6926.2	
693.94	9269.8	
694.13	9140.1	
694.31	7025.9	
694.5	7831.4	
694.68	8316.1	
694.86	8626.7	
695.05	7347.4	
695.23	7408.2	
695.42	8898.4	
695.6	10525	
695.78	7879.9	
695.97	7153.6	
696.15	9009	
696.34	8482	
696.52	6949.4	
696.7	7572	
696.89	8649.3	
697.07	8245.8	
697.25	7398.6	
697.44	8490.9	
697.62	8648.6	
697.81	8898.4	
697.99	7038.9	
698.17	7466.9	
698.36	8157.7	
698.54	8622.6	
698.72	7415.7	
698.91	6640.2	
699.09	8272.4	
699.28	8117.5	
699.46	7182.9	
699.64	6986.3	
699.83	8106.5	
700.01	8851.3	
700.19	7656	
700.38	6420.4	
700.56	8920.3	
700.74	8175.5	
700.93	6700.3	
701.11	7376.1	
701.29	8645.8	
701.48	9474.6	
701.66	6885.3	
701.84	7025.2	
702.03	8392.6	
702.21	8936	
702.39	6630.6	
702.58	7135.8	
702.76	8717.5	
702.94	8722.3	
703.13	6544.6	
703.31	8519.5	
703.49	8275.2	
703.68	9143.5	
703.86	6752.8	
704.04	7512.6	
704.23	8447.2	
704.41	8838.4	
704.59	6912.6	
704.78	7816.4	
704.96	9743.6	
705.14	8869.1	
705.33	6873.7	
705.51	7272.3	
705.69	8285.4	
705.87	8993.3	
706.06	7558.4	
706.24	6690	
706.42	8619.2	
706.61	8967.4	
706.79	7617.8	
706.97	6749.4	
707.16	8209.6	
707.34	8553	
707.52	7426.6	
707.7	6850.5	
707.89	8181.6	
708.07	8097	
708.25	7524.9	
708.44	7572.7	
708.62	8191.9	
708.8	9047.2	
708.98	7705.1	
709.17	6887.3	
709.35	8490.2	
709.53	8520.9	
709.72	6713.2	
709.9	6942.6	
710.08	8729.1	
710.26	8705.9	
710.45	7823.9	
710.63	6817.7	
710.81	8286.1	
710.99	8304.5	
711.18	7273.7	
711.36	6954.9	
711.54	8088.1	
711.72	8723	
711.91	6966.5	
712.09	6535.1	
712.27	8243.1	
712.45	8629.5	
712.64	7017.7	
712.82	6232.7	
713	7720.2	
713.18	7881.9	
713.37	6285.2	
713.55	7208.2	
713.73	8423.3	
713.91	7287.4	
714.1	6316.6	
714.28	5930.2	
714.46	7937.2	
714.64	7177.4	
714.83	5300.1	
715.01	5780.7	
715.19	7073	
715.37	6496.2	
715.55	5477	
715.74	5612.8	
715.92	7589.8	
716.1	6102.9	
716.28	6571.9	
716.47	5743.9	
716.65	6638.8	
716.83	6767.9	
717.01	5619.6	
717.19	5599.8	
717.38	8249.9	
717.56	6372.6	
717.74	5785.5	
717.92	5105.6	
718.1	7377.5	
718.29	6724.8	
718.47	4906.9	
718.65	5431.2	
718.83	7460.8	
719.01	7421.2	
719.2	5100.1	
719.38	5929.6	
719.56	7253.2	
719.74	8497	
719.92	5664.7	
720.11	6343.2	
720.29	7351.5	
720.47	6741.9	
720.65	5237.3	
720.83	5717.9	
721.02	6819.7	
721.2	6526.2	
721.38	5608.7	
721.56	5105.6	
721.74	6152.1	
721.92	6171.9	
722.11	6031.3	
722.29	5749.3	
722.47	7191.8	
722.65	6528.9	
722.83	5113.1	
723.01	5650.3	
723.2	6535.1	
723.38	6806.8	
723.56	4672.1	
723.74	5535.7	
723.92	6178	
724.1	7049.1	
724.29	5077.6	
724.47	5835.3	
724.65	6333	
724.83	6201.9	
725.01	4942.4	
725.19	5515.9	
725.37	6116.6	
725.56	6172.6	
725.74	4870.8	
725.92	5072.8	
726.1	6143.2	
726.28	6475	
726.46	5286.5	
726.64	5053.7	
726.83	6379.4	
727.01	6485.2	
727.19	4787.5	
727.37	5398.4	
727.55	6514.6	
727.73	6901.7	
727.91	4796.3	
728.09	4616.8	
728.28	6874.3	
728.46	7117.4	
728.64	5418.9	
728.82	5423	
729	7615	
729.18	7263.5	
729.36	4904.2	
729.54	6519.4	
729.72	7967.3	
729.91	6640.2	
730.09	6371.9	
730.27	5451.7	
730.45	6596.5	
730.63	7033.4	
730.81	5904.3	
730.99	5224.4	
731.17	7589.1	
731.35	6432	
731.53	5636.7	
731.71	5277.6	
731.9	7270.3	
732.08	7409.6	
732.26	5438	
732.44	5252.4	
732.62	7389.8	
732.8	6970.6	
732.98	5864.7	
733.16	5062.6	
733.34	7012.9	
733.52	5988.3	
733.7	5393	
733.88	5565	
734.07	6775.4	
734.25	6633.4	
734.43	4940.4	
734.61	6072.2	
734.79	7800	
734.97	6595.8	
735.15	5094	
735.33	5371.8	
735.51	6824.5	
735.69	6599.2	
735.87	6141.2	
736.05	5414.1	
736.23	6722.8	
736.41	6431.3	
736.59	5285.8	
736.77	5441.5	
736.95	6959	
737.13	6551.5	
737.32	5072.8	
737.5	5225.1	
737.68	7493.5	
737.86	6484.6	
738.04	4896.7	
738.22	6303.6	
738.4	6380.8	
738.58	6608.1	
738.76	5311.1	
738.94	4558.8	
739.12	6481.1	
739.3	6356.2	
739.48	5787.6	
739.66	5554.8	
739.84	6582.2	
740.02	6523.5	
740.2	4681.7	
740.38	4846.9	
740.56	6923.5	
740.74	5991.7	
740.92	5446.2	
741.1	5223.7	
741.28	6383.5	
741.46	6227.9	
741.64	4970.4	
741.82	5326.1	
742	6446.3	
742.18	6358.9	
742.36	5178.6	
742.54	4797.7	
742.72	6847.7	
742.9	5793	
743.08	5369.1	
743.26	4492.6	
743.44	6901	
743.62	6740.5	
743.8	5459.2	
743.98	4796.3	
744.16	6541.2	
744.34	6286.6	
744.52	5347.9	
744.7	5253	
744.88	6668.9	
745.06	6195.1	
745.24	5283.8	
745.42	5378.6	
745.6	6707.1	
745.78	6479.8	
745.96	4391.5	
746.14	4657.8	
746.32	7168.6	
746.5	6563.7	
746.68	5102.2	
746.86	4610.7	
747.03	6825.9	
747.21	5658.5	
747.39	5025.7	
747.57	4619.5	
747.75	6259.3	
747.93	6551.5	
748.11	4597	
748.29	4528.1	
748.47	7453.2	
748.65	6017.6	
748.83	5207.3	
749.01	4944.5	
749.19	6417	
749.37	5719.3	
749.55	4812	
749.73	4937	
749.91	6190.3	
750.09	5988.9	
750.26	4932.9	
750.44	4433.2	
750.62	6165.8	
750.8	6109.1	
750.98	4399	
751.16	4577.9	
751.34	6208.1	
751.52	5660.6	
751.7	5134.3	
751.88	4308.2	
752.06	6537.1	
752.24	6315.3	
752.42	4268	
752.59	4520.5	
752.77	6056.5	
752.95	7000	
753.13	5054.4	
753.31	4596.3	
753.49	5829.9	
753.67	6191	
753.85	4853.7	
754.03	4500.1	
754.21	6294.1	
754.38	6576	
754.56	4532.8	
754.74	3828.3	
754.92	5679.7	
755.1	6122.1	
755.28	3775.1	
755.46	3794.9	
755.64	6683.2	
755.82	6715.3	
755.99	3928.7	
756.17	3934.1	
756.35	4681.7	
756.53	5843.5	
756.71	3046.7	
756.89	3690.4	
757.07	5461.9	
757.25	4828.4	
757.42	4111	
757.6	4818.2	
757.78	5598.5	
757.96	4851.6	
758.14	3938.2	
758.32	3551.2	
758.5	4528.7	
758.67	5229.1	
758.85	3784	
759.03	3840.6	
759.21	5319.9	
759.39	4890.5	
759.57	3457.7	
759.75	4313.7	
759.92	5812.8	
760.1	5343.2	
760.28	4564.2	
760.46	4786.8	
760.64	5090.6	
760.82	5008	
760.99	4510.3	
761.17	3894.6	
761.35	5844.9	
761.53	4980	
761.71	3975.8	
761.89	4455.7	
762.06	5631.9	
762.24	5285.1	
762.42	4099.4	
762.6	3923.2	
762.78	5309	
762.96	5830.6	
763.13	4452.3	
763.31	4085.7	
763.49	5825.1	
763.67	5249.6	
763.85	4797.7	
764.02	5143.1	
764.2	6158.9	
764.38	5432.6	
764.56	3988.8	
764.74	4689.2	
764.91	6139.1	
765.09	5273.5	
765.27	3811.3	
765.45	3685	
765.63	6244.9	
765.8	6048.3	
765.98	3557.3	
766.16	3690.4	
766.34	5055.8	
766.52	4831.2	
766.69	4405.9	
766.87	3600.3	
767.05	5347.9	
767.23	5859.9	
767.41	3824.9	
767.58	3990.8	
767.76	5756.2	
767.94	5791	
768.12	3898.6	
768.29	4338.3	
768.47	5312.4	
768.65	5863.3	
768.83	3523.2	
769	4386.1	
769.18	5022.3	
769.36	5489.9	
769.54	4371	
769.72	3521.8	
769.89	5769.8	
770.07	5729.5	
770.25	3846.1	
770.43	4785.4	
770.6	6268.8	
770.78	6552.8	
770.96	3930.1	
771.14	4412	
771.31	5638.7	
771.49	5107.6	
771.67	3333.4	
771.85	3498.6	
772.02	4568.3	
772.2	5098.1	
772.38	4026.3	
772.55	3629.7	
772.73	5341.1	
772.91	5117.9	
773.09	3913	
773.26	3997	
773.44	5333.6	
773.62	5051.7	
773.8	3570.3	
773.97	3361.4	
774.15	5355.4	
774.33	5044.8	
774.5	3435.8	
774.68	3766.2	
774.86	5401.2	
775.04	5052.3	
775.21	3514.3	
775.39	3489.1	
775.57	5253	
775.74	5480.4	
775.92	3409.9	
776.1	3269.9	
776.27	5188.9	
776.45	6174.6	
776.63	3524.6	
776.81	3205.1	
776.98	5019.6	
777.16	5692.7	
777.34	3602.4	
777.51	3832.4	
777.69	4965.6	
777.87	4781.3	
778.04	3654.3	
778.22	4063.2	
778.4	4780	
778.57	5300.1	
778.75	3126.6	
778.93	3291.8	
779.1	4658.4	
779.28	4513	
779.46	3118.4	
779.64	3437.2	
779.81	5416.9	
779.99	6070.9	
780.17	4007.9	
780.34	4054.3	
780.52	5019.6	
780.69	5122	
780.87	3689.1	
781.05	3337.5	
781.22	5062.6	
781.4	5076.2	
781.58	3420.1	
781.75	2790	
781.93	5086.5	
782.11	4530.8	
782.28	4149.9	
782.46	3476.1	
782.64	4451.6	
782.81	5169.1	
782.99	3501.3	
783.17	3493.8	
783.34	5053	
783.52	4517.1	
783.69	3580.5	
783.87	4203.8	
784.05	4656.4	
784.22	4577.9	
784.4	4207.2	
784.58	3667.2	
784.75	5277.6	
784.93	4661.2	
785.1	3443.3	
785.28	3911.6	
785.46	5049.6	
785.63	4517.1	
785.81	3351.8	
785.99	3264.5	
786.16	4704.2	
786.34	4973.8	
786.51	3327.9	
786.69	3644	
786.87	4388.1	
787.04	4686.4	
787.22	3254.9	
787.39	3917.1	
787.57	4567.7	
787.75	5388.2	
787.92	4094.6	
788.1	3986.7	
788.27	4593.6	
788.45	4372.4	
788.63	3835.8	
788.8	2877.4	
788.98	4894	
789.15	4246.8	
789.33	2999.6	
789.5	3437.9	
789.68	5235.3	
789.86	5350.7	
790.03	3719.8	
790.21	3295.2	
790.38	5284.4	
790.56	4687.1	
790.73	3244	
790.91	3149.1	
791.09	4553.3	
791.26	5130.8	
791.44	3465.2	
791.61	2985.3	
791.79	4564.9	
791.96	4557.4	
792.14	3068.5	
792.32	2785.9	
792.49	4545.1	
792.67	4613.4	
792.84	3128.6	
793.02	2938.8	
793.19	4896.7	
793.37	5475.6	
793.54	2766.1	
793.72	3081.5	
793.89	5486.5	
794.07	4470	
794.25	3327.3	
794.42	2832.3	
794.6	5326.8	
794.77	5017.5	
794.95	3713	
795.12	3200.3	
795.3	4558.8	
795.47	4922	
795.65	3582.6	
795.82	3357.3	
796	4412	
796.17	5797.8	
796.35	3319.8	
796.52	3887	
796.7	4928.1	
796.87	5027.1	
797.05	3295.2	
797.22	3937.6	
797.4	5020.3	
797.57	5775.3	
797.75	3500	
797.92	3244.7	
798.1	5233.9	
798.27	4485.7	
798.45	2919.7	
798.62	3008.5	
798.8	4798.4	
798.97	5188.9	
799.15	3628.3	
799.32	3419.4	
799.5	4183.3	
799.67	4774.5	
799.85	3736.2	
800.02	2754.5	
800.2	4513.7	
800.37	4676.9	
800.55	3869.3	
800.72	3240.6	
800.9	5125.4	
801.07	5390.3	
801.25	4178.5	
801.42	3534.1	
801.6	5184.8	
801.77	4820.9	
801.95	3343	
802.12	3228.3	
802.29	4880.3	
802.47	4821.6	
802.64	3509.5	
802.82	2794.8	
802.99	4492.6	
803.17	5215.5	
803.34	3428.3	
803.52	3123.2	
803.69	5740.5	
803.87	4276.8	
804.04	3422.2	
804.21	3467.9	
804.39	5353.4	
804.56	4629.1	
804.74	2940.9	
804.91	3512.3	
805.09	4504.2	
805.26	4577.2	
805.44	2974.3	
805.61	3282.2	
805.78	5051	
805.96	5025.7	
806.13	3514.3	
806.31	3715.7	
806.48	4124.6	
806.66	4567	
806.83	3510.9	
807	3452.2	
807.18	4489.1	
807.35	4770.4	
807.53	3439.9	
807.7	2818	
807.87	5351.3	
808.05	4547.9	
808.22	3698.6	
808.4	2806.4	
808.57	4440.7	
808.74	4237.9	
808.92	3206.4	
809.09	3902.1	
809.27	4530.1	
809.44	4829.8	
809.61	2831.7	
809.79	3093.1	
809.96	5443.5	
810.14	4969.1	
810.31	2764.8	
810.48	3338.9	
810.66	4569	
810.83	5067.4	
811.01	3115.6	
811.18	3513.6	
811.35	5068.7	
811.53	4073.4	
811.7	3772.4	
811.87	3484.3	
812.05	4536.3	
812.22	4454.3	
812.39	3035.1	
812.57	3026.2	
812.74	4587.4	
812.92	5791	
813.09	3337.5	
813.26	3580.5	
813.44	5605.3	
813.61	4390.8	
813.78	2809.1	
813.96	3611.9	
814.13	4567.7	
814.3	4304.1	
814.48	3940.3	
814.65	3281.5	
814.82	5367	
815	4289.1	
815.17	3393.5	
815.34	4038.6	
815.52	4483	
815.69	4438.6	
815.87	3282.2	
816.04	3220.1	
816.21	4513	
816.38	4100.7	
816.56	3307.5	
816.73	3064.4	
816.9	5614.2	
817.08	5042.1	
817.25	3100.6	
817.42	3741	
817.6	4175.1	
817.77	4452.3	
817.94	3410.6	
818.12	3073.3	
818.29	4341	
818.46	6214.2	
818.64	3203.7	
818.81	2932.7	
818.98	4320.5	
819.16	5880.4	
819.33	3601	
819.5	3380.5	
819.67	4837.3	
819.85	5304.9	
820.02	3281.5	
820.19	3467.9	
820.37	4676.2	
820.54	4375.1	
820.71	3439.9	
820.88	4176.5	
821.06	4633.2	
821.23	4356.7	
821.4	3454.9	
821.58	3381.9	
821.75	5026.4	
821.92	4624.3	
822.09	2794.8	
822.27	2888.3	
822.44	4528.7	
822.61	4471.4	
822.79	2840.5	
822.96	5137.7	
823.13	4816.1	
823.3	4272.1	
823.48	3207.1	
823.65	2878.1	
823.82	5063.3	
823.99	4177.2	
824.17	4027.7	
824.34	2993.4	
824.51	5753.4	
824.68	4546.5	
824.86	3110.2	
825.03	3410.6	
825.2	4512.4	
825.37	5307.7	
825.55	3022.8	
825.72	3341.6	
825.89	5741.1	
826.06	5400.5	
826.24	3267.9	
826.41	3324.5	
826.58	5393.7	
826.75	4668	
826.92	2695.1	
827.1	2910.2	
827.27	7013.6	
827.44	5660.6	
827.61	3139.5	
827.79	3739.6	
827.96	4359.4	
828.13	4465.3	
828.3	3280.2	
828.47	2786.6	
828.65	4752.7	
828.82	4726	
828.99	4089.1	
829.16	3601.7	
829.34	5025.7	
829.51	4870.1	
829.68	3355.3	
829.85	3418.7	
830.02	5338.4	
830.2	5087.8	
830.37	2600.9	
830.54	4013.3	
830.71	5686.5	
830.88	4545.1	
831.05	2689	
831.23	3087	
831.4	5452.4	
831.57	5898.8	
831.74	3136.1	
831.91	2794.8	
832.09	4825	
832.26	5033.2	
832.43	3195.5	
832.6	3620.1	
832.77	4731.5	
832.94	5364.3	
833.12	2585.2	
833.29	3152.5	
833.46	4455	
833.63	6056.5	
833.8	3475.4	
833.97	3147	
834.15	5066.7	
834.32	4883	
834.49	3302.7	
834.66	3340.9	
834.83	5188.2	
835	4372.4	
835.17	3106.1	
835.35	3128.6	
835.52	4988.2	
835.69	4869.4	
835.86	3188	
836.03	2726.5	
836.2	5005.2	
836.37	4716.5	
836.55	3203.7	
836.72	3017.3	
836.89	4661.9	
837.06	5117.9	
837.23	3260.4	
837.4	3470.6	
837.57	5713.2	
837.75	6132.3	
837.92	2959.3	
838.09	3116.3	
838.26	4681	
838.43	5185.5	
838.6	3357.3	
838.77	3035.1	
838.94	5810.1	
839.11	5597.1	
839.29	3207.8	
839.46	2598.2	
839.63	5027.1	
839.8	4783.4	
839.97	3123.2	
840.14	3104	
840.31	4872.1	
840.48	5068	
840.65	2666.5	
840.82	3064.4	
841	4956.8	
841.17	4863.2	
841.34	2876.7	
841.51	2949.8	
841.68	4937.7	
841.85	4754.7	
842.02	2973	
842.19	2538.1	
842.36	4859.1	
842.53	4809.3	
842.7	2846	
842.87	3476.8	
843.05	6112.5	
843.22	4727.4	
843.39	2796.8	
843.56	3021.4	
843.73	4607.9	
843.9	5109	
844.07	4506.9	
844.24	3773.7	
844.41	6890.7	
844.58	4439.3	
844.75	2805.7	
844.92	3037.8	
845.09	4996.4	
845.26	4954.7	
845.43	2859.6	
845.6	3022.8	
845.77	5059.2	
845.94	4833.2	
846.12	3167.5	
846.29	3357.3	
846.46	5201.2	
846.63	4975.2	
846.8	2927.2	
846.97	3386.7	
847.14	5331.5	
847.31	4918.5	
847.48	3230.3	
847.65	3560.1	
847.82	5184.8	
847.99	5173.9	
848.16	3756.7	
848.33	3525.2	
848.5	4618.9	
848.67	5345.2	
848.84	2867.2	
849.01	2985.3	
849.18	4572.4	
849.35	4343.7	
849.52	3523.9	
849.69	2878.8	
849.86	5170.4	
850.03	5302.9	
850.2	2891.7	
850.37	3439.9	
850.54	5231.2	
850.71	4732.2	
850.88	3425.6	
851.05	2825.5	
851.22	4846.2	
851.39	5367.7	
851.56	2682.2	
851.73	3298.6	
851.9	4448.2	
852.07	5170.4	
852.24	3181.9	
852.41	2839.8	
852.58	4897.4	
852.75	4491.9	
852.92	3192.8	
853.09	2807.8	
853.26	4599.7	
853.43	5320.6	
853.6	2920.4	
853.77	2504	
853.94	5399.8	
854.11	4404.5	
854.28	4143	
854.44	3150.5	
854.61	5709.1	
854.78	5212.8	
854.95	2857.6	
855.12	3564.1	
855.29	4162.8	
855.46	5433.9	
855.63	2933.4	
855.8	3835.2	
855.97	4614.8	
856.14	5230.5	
856.31	3930.7	
856.48	3092.4	
856.65	4672.8	
856.82	4378.6	
856.99	2768.2	
857.16	3056.3	
857.33	5879.7	
857.49	4735.6	
857.66	3061	
857.83	3322.5	
858	4747.2	
858.17	4900.8	
858.34	2709.5	
858.51	2891.7	
858.68	5513.8	
858.85	5482.4	
859.02	3263.8	
859.19	3521.1	
859.36	4427	
859.52	4425.7	
859.69	2931.3	
859.86	3368.9	
860.03	4508.3	
860.2	5401.9	
860.37	2632.3	
860.54	2890.4	
860.71	5104.2	
860.88	5447.6	
861.05	3175.7	
861.21	3551.2	
861.38	5457.8	
861.55	4268	
861.72	2621.4	
861.89	3244	
862.06	5171.8	
862.23	5578.7	
862.4	2805	
862.56	2955.9	
862.73	5021.6	
862.9	4808.6	
863.07	3366.2	
863.24	2641.2	
863.41	4360.8	
863.58	4482.3	
863.75	2949.8	
863.91	3310.9	
864.08	5332.9	
864.25	5072.8	
864.42	3488.4	
864.59	3932.1	
864.76	5682.4	
864.93	4401.8	
865.09	2763.4	
865.26	3047.4	
865.43	5408	
865.6	5612.8	
865.77	2558.6	
865.94	2847.4	
866.1	5341.8	
866.27	5089.2	
866.44	4159.4	
866.61	2746.3	
866.78	4719.2	
866.95	5083.1	
867.11	2822.1	
867.28	2571.6	
867.45	5297.4	
867.62	4478.2	
867.79	3273.3	
867.96	2888.3	
868.12	4427	
868.29	5150.6	
868.46	2884.9	
868.63	3787.4	
868.8	5216.9	
868.97	5070.1	
869.13	2994.8	
869.3	2990	
869.47	5023	
869.64	5221.6	
869.81	2818	
869.97	2888.3	
870.14	4977.2	
870.31	5373.9	
870.48	2788.7	
870.65	3556	
870.81	4735.6	
870.98	4755.4	
871.15	3263.1	
871.32	2990	
871.48	4984.8	
871.65	5532.9	
871.82	2839.8	
871.99	3179.1	
872.16	5861.3	
872.32	5334.3	
872.49	2927.9	
872.66	2883.5	
872.83	5109.7	
872.99	4556	
873.16	3274.7	
873.33	2836.4	
873.5	4881.7	
873.67	4851.6	
873.83	3012.6	
874	3718.4	
874.17	4974.5	
874.34	5707	
874.5	3625.6	
874.67	3534.8	
874.84	5406	
875.01	4326	
875.17	3910.3	
875.34	2857.6	
875.51	4863.2	
875.68	5806.7	
875.84	3408.5	
876.01	4091.2	
876.18	5124	
876.34	5016.2	
876.51	2888.3	
876.68	2820.7	
876.85	4691.9	
877.01	5364.3	
877.18	4006.5	
877.35	2835.1	
877.52	4889.9	
877.68	4392.2	
877.85	2866.5	
878.02	2846.7	
878.18	4752	
878.35	4592.2	
878.52	2315.6	
878.69	3170.9	
878.85	5246.9	
879.02	5083.1	
879.19	3969.6	
879.35	3030.3	
879.52	5142.4	
879.69	5227.1	
879.86	2526.5	
880.02	3170.3	
880.19	4770.4	
880.36	5657.9	
880.52	3274.7	
880.69	3355.9	
880.86	5143.1	
881.02	5248.9	
881.19	3138.9	
881.36	3046	
881.52	5109.7	
881.69	4507.6	
881.86	3069.9	
882.02	3028.9	
882.19	5261.9	
882.36	6072.2	
882.52	2914.9	
882.69	3939.6	
882.86	4904.9	
883.02	4907.6	
883.19	3379.8	
883.36	3248.8	
883.52	5244.8	
883.69	5769.1	
883.86	2962.7	
884.02	2623.4	
884.19	5178.6	
884.36	4819.6	
884.52	3201	
884.69	3048.1	
884.86	4630.5	
885.02	5587.5	
885.19	3143.6	
885.36	3306.1	
885.52	4797.7	
885.69	4942.4	
885.86	4043.4	
886.02	3579.8	
886.19	5182.7	
886.35	4662.5	
886.52	3154.6	
886.69	3899.3	
886.85	4440.7	
887.02	5342.5	
887.19	5342.5	
887.35	5342.5	
887.52	5342.5	
887.68	5342.5	
887.85	5342.5	
888.02	5342.5	
888.18	5342.5	
888.35	5342.5	
888.51	5342.5	
888.68	5342.5	
888.85	5342.5	
889.01	5342.5	
889.18	5342.5	
889.35	5342.5	
889.51	5342.5	
889.68	5342.5	
889.84	5342.5	
890.01	5342.5	
890.17	5342.5	
890.34	5342.5	
890.51	5342.5	
890.67	5342.5	
890.84	5342.5	
891	5342.5	
891.17	5342.5	
891.34	5342.5	
891.5	5342.5	
891.67	5342.5	
891.83	5342.5	
892	5342.5	
892.16	5342.5	
892.33	5342.5	
892.5	5342.5	
892.66	5342.5	
892.83	5342.5	
892.99	5342.5	
893.16	5342.5	
893.32	5342.5	
893.49	5342.5	
893.65	5342.5	
893.82	5342.5	
893.99	5342.5	
894.15	5342.5	
894.32	5342.5	
894.48	5342.5	
894.65	5342.5	
894.81	5342.5	
894.98	5342.5	
895.14	5342.5	
895.31	5342.5	
895.47	5342.5	
895.64	5342.5	
895.81	5342.5	
895.97	5342.5	
896.14	5342.5	
896.3	5342.5	
896.47	5342.5	
896.63	5342.5	
896.8	5342.5	
896.96	5342.5	
897.13	5342.5	
897.29	5342.5	
897.46	5342.5	
897.62	5342.5	
897.79	5342.5	
897.95	5342.5	
898.12	5342.5	
898.28	5342.5	
898.45	5342.5	
898.61	5342.5	
898.78	5342.5	
898.94	5342.5	
899.11	5342.5	
899.27	5342.5	
899.44	5342.5	
899.6	5342.5	
899.77	5342.5	
899.93	5342.5	
900.1	5342.5	
900.26	5342.5	
900.43	5342.5	
900.59	5342.5	
900.76	5342.5	
900.92	5342.5	
901.09	5342.5	
901.25	5342.5	
901.42	5342.5	
901.58	5342.5	
901.75	5342.5	
901.91	5342.5	
902.07	5342.5	
902.24	5342.5	
902.4	5342.5	
902.57	5342.5	
902.73	5342.5	
902.9	5342.5	
903.06	5342.5	
903.23	5342.5	
903.39	5342.5	
903.56	5342.5	
903.72	5342.5	
903.88	5342.5	
904.05	5342.5	
904.21	5342.5	
904.38	5342.5	
904.54	5342.5	
904.71	5342.5	
904.87	5342.5	
905.03	5342.5	
905.2	5342.5	
905.36	5342.5	
905.53	5342.5	
905.69	5342.5	
905.86	5342.5	
906.02	5342.5	
906.18	5342.5	
906.35	5342.5	
906.51	5342.5	
906.68	5342.5	
906.84	5342.5	
907.01	5342.5	
907.17	5342.5	
907.33	5342.5	
907.5	5342.5	
907.66	5342.5	
907.83	5342.5	
907.99	5342.5	
908.15	5342.5	
908.32	5342.5	
908.48	5342.5	
908.65	5342.5	
908.81	5342.5	
908.97	5342.5	
909.14	5342.5	
909.3	5342.5	
909.47	5342.5	
909.63	5342.5	
909.79	5342.5	
909.96	5342.5	
910.12	5342.5	
910.28	5342.5	
910.45	5342.5	
910.61	5342.5	
910.78	5342.5	
910.94	5342.5	
911.1	5342.5	
911.27	5342.5	
911.43	5342.5	
911.59	5342.5	
911.76	5342.5	
911.92	5342.5	
912.08	5342.5	
912.25	5342.5	
912.41	5342.5	
912.57	5342.5	
912.74	5342.5	
912.9	5342.5	
913.07	5342.5	
913.23	5342.5	
913.39	5342.5	
913.56	5342.5	
913.72	5342.5	
913.88	5342.5	
914.05	5342.5	
914.21	5342.5	
914.37	5342.5	
914.54	5342.5	
914.7	5342.5	
914.86	5342.5	
915.03	5342.5	
915.19	5342.5	
