Wavelength	Intensities	
nm	a.u.	
179.22	1705.3	
179.44	1713.5	
179.65	1697.1	
179.86	1729.9	
180.08	1740.1	
180.29	4228.4	
180.51	3158.7	
180.72	5177.3	
180.94	5855.8	
181.15	2877.4	
181.37	2826.9	
181.58	5003.2	
181.79	5206.6	
182.01	2946.3	
182.22	3168.9	
182.44	5222.3	
182.65	4487.8	
182.87	3870.7	
183.08	3400.3	
183.29	5459.9	
183.51	4552	
183.72	3134.1	
183.94	4434.5	
184.15	4899.4	
184.37	4843.4	
184.58	2790	
184.79	3703.4	
185.01	4591.5	
185.22	5275.6	
185.44	3879.5	
185.65	3377.8	
185.86	4838	
186.08	4461.2	
186.29	2741.5	
186.51	2965.5	
186.72	4631.8	
186.94	5316.5	
187.15	3325.9	
187.36	3430.3	
187.58	6689.3	
187.79	4949.3	
188.01	3585.3	
188.22	5444.9	
188.43	5900.9	
188.65	5144.5	
188.86	2947.7	
189.08	3476.8	
189.29	4709.6	
189.5	4748.6	
189.72	3158	
189.93	3311.6	
190.15	5375.2	
190.36	6257.2	
190.57	3361.4	
190.79	3360	
191	5395.7	
191.22	5417.6	
191.43	3494.5	
191.64	3014.6	
191.86	5581.4	
192.07	5347.2	
192.29	3071.3	
192.5	3217.4	
192.71	5319.9	
192.93	4685.8	
193.14	3152.5	
193.35	3279.5	
193.57	4676.9	
193.78	5277.6	
194	2620.7	
194.21	3143.6	
194.42	4541.7	
194.64	4892.6	
194.85	3447.4	
195.07	3944.4	
195.28	4883.7	
195.49	4312.3	
195.71	4179.2	
195.92	3010.5	
196.13	5094	
196.35	5113.1	
196.56	4414.7	
196.78	3474	
196.99	6152.8	
197.2	5780.7	
197.42	3883.6	
197.63	3444	
197.84	4429.8	
198.06	5082.4	
198.27	3171.6	
198.48	4156.7	
198.7	4718.5	
198.91	4833.2	
199.13	3476.1	
199.34	3429	
199.55	5304.9	
199.77	4221.5	
199.98	3082.9	
200.19	3540.9	
200.41	4891.9	
200.62	4586.1	
200.83	3556	
201.05	3859.1	
201.26	4848.2	
201.47	4659.1	
201.69	3062.4	
201.9	3044.6	
202.11	4846.2	
202.33	5606	
202.54	3280.2	
202.76	3626.3	
202.97	4900.1	
203.18	4993.6	
203.4	3619.4	
203.61	3617.4	
203.82	4978.6	
204.04	4607.9	
204.25	3502	
204.46	3384.6	
204.68	4860.5	
204.89	5040.7	
205.1	3393.5	
205.32	2959.3	
205.53	5229.1	
205.74	5325.4	
205.96	2626.9	
206.17	3512.9	
206.38	5177.9	
206.6	5326.1	
206.81	3965.6	
207.02	3231.7	
207.24	5053	
207.45	5466.7	
207.66	3343	
207.88	2864.4	
208.09	4979.3	
208.3	4932.2	
208.52	3056.3	
208.73	3390.8	
208.94	4902.8	
209.15	5457.8	
209.37	3345.7	
209.58	3689.1	
209.79	5314.5	
210.01	4730.8	
210.22	2745.6	
210.43	2850.8	
210.65	4831.8	
210.86	5216.9	
211.07	3343.7	
211.29	3033.7	
211.5	5148.6	
211.71	4839.4	
211.93	3140.9	
212.14	3060.3	
212.35	4896.7	
212.56	4975.9	
212.78	3458.3	
212.99	2879.4	
213.2	5643.5	
213.42	4676.2	
213.63	3153.9	
213.84	3373.7	
214.06	4407.2	
214.27	4422.9	
214.48	3265.1	
214.69	3536.8	
214.91	5442.8	
215.12	5440.8	
215.33	3588.7	
215.55	3852.9	
215.76	5865.4	
215.97	5180.7	
216.18	3374.4	
216.4	3336.8	
216.61	4575.2	
216.82	5327.4	
217.04	3118.4	
217.25	3181.9	
217.46	5431.2	
217.67	5165	
217.89	2792.7	
218.1	2901.3	
218.31	4975.9	
218.53	5035.3	
218.74	3258.3	
218.95	3156.6	
219.16	4903.5	
219.38	5614.8	
219.59	3120.4	
219.8	3637.9	
220.01	6064	
220.23	4938.3	
220.44	4040	
220.65	3073.3	
220.87	4962.9	
221.08	5406	
221.29	2854.9	
221.5	3722.5	
221.72	6511.2	
221.93	4643.4	
222.14	3523.2	
222.35	4083	
222.57	4906.9	
222.78	5200.5	
222.99	3317.7	
223.2	3596.9	
223.42	5109	
223.63	5194.3	
223.84	2600.2	
224.05	2609.1	
224.27	6072.2	
224.48	5642.8	
224.69	4022.9	
224.9	3451.5	
225.12	5042.1	
225.33	4833.2	
225.54	2803.7	
225.75	3188	
225.97	4553.3	
226.18	4809.3	
226.39	3356.6	
226.6	3117	
226.82	4689.8	
227.03	4507.6	
227.24	3470.6	
227.45	2889.7	
227.67	5225.7	
227.88	5592.3	
228.09	3836.5	
228.3	3820.1	
228.52	5174.5	
228.73	4820.2	
228.94	3177.8	
229.15	2961.4	
229.36	4857.8	
229.58	4836.6	
229.79	3274.7	
230	3744.4	
230.21	5720.7	
230.43	4949.3	
230.64	3494.5	
230.85	3603.7	
231.06	5263.3	
231.28	5201.8	
231.49	2883.5	
231.7	3405.8	
231.91	5165	
232.12	4914.4	
232.34	3026.9	
232.55	3354.6	
232.76	5412.8	
232.97	5009.3	
233.18	3069.2	
233.4	3437.2	
233.61	5063.3	
233.82	4672.8	
234.03	3257.6	
234.25	3200.3	
234.46	6587.6	
234.67	4852.3	
234.88	3599	
235.09	3117	
235.31	5115.1	
235.52	4778.6	
235.73	3467.2	
235.94	2969.6	
236.15	4656.4	
236.37	5763	
236.58	3070.6	
236.79	3315.7	
237	5160.2	
237.21	4445.5	
237.43	3603.7	
237.64	2857.6	
237.85	8258.1	
238.06	4540.3	
238.27	3586.7	
238.48	2938.2	
238.7	5191.6	
238.91	4771.8	
239.12	3258.3	
239.33	3411.9	
239.54	4605.2	
239.76	4791.6	
239.97	3333.4	
240.18	3293.8	
240.39	5879	
240.6	5065.3	
240.82	3452.9	
241.03	2885.6	
241.24	4876.2	
241.45	5562.3	
241.66	3087.7	
241.87	3626.3	
242.09	5480.4	
242.3	5786.9	
242.51	3642	
242.72	3334.8	
242.93	5275.6	
243.14	4840	
243.36	3865.2	
243.57	4113.7	
243.78	5578.7	
243.99	5098.1	
244.2	3350.5	
244.41	3050.1	
244.63	4532.8	
244.84	5079.6	
245.05	3516.4	
245.26	3336.1	
245.47	5134.3	
245.68	5301.5	
245.9	4335.5	
246.11	3469.3	
246.32	4733.5	
246.53	5122.7	
246.74	5237.3	
246.95	2858.3	
247.16	4486.4	
247.38	4906.9	
247.59	2880.8	
247.8	3310.2	
248.01	4629.1	
248.22	4822.3	
248.43	3118.4	
248.64	3241.9	
248.86	4433.9	
249.07	4718.5	
249.28	2971.6	
249.49	3420.1	
249.7	5305.6	
249.91	5433.9	
250.12	2841.9	
250.34	2889.7	
250.55	5036.6	
250.76	4906.9	
250.97	3475.4	
251.18	3512.3	
251.39	5378.6	
251.6	5054.4	
251.81	3467.9	
252.03	3499.3	
252.24	4650.9	
252.45	5294.7	
252.66	2915.6	
252.87	3618.8	
253.08	4895.3	
253.29	6201.9	
253.5	2978.4	
253.72	3955.3	
253.93	4771.1	
254.14	5633.3	
254.35	3181.9	
254.56	3295.2	
254.77	5078.3	
254.98	4559.5	
255.19	3177.1	
255.41	3994.9	
255.62	5036	
255.83	5440.8	
256.04	3586.7	
256.25	3459.7	
256.46	5869.5	
256.67	4676.9	
256.88	3429	
257.09	3809.9	
257.31	4536.3	
257.52	4624.3	
257.73	4241.3	
257.94	3164.8	
258.15	4780.6	
258.36	4834.6	
258.57	3934.1	
258.78	2588.6	
258.99	5278.3	
259.2	4730.8	
259.41	3205.8	
259.63	3289.7	
259.84	5572.5	
260.05	5911.1	
260.26	4108.2	
260.47	3094.5	
260.68	5358.2	
260.89	4808.6	
261.1	3827	
261.31	3022.1	
261.52	5423	
261.73	5697.4	
261.95	4095.3	
262.16	3563.5	
262.37	5454.4	
262.58	5557.5	
262.79	4069.3	
263	3255.6	
263.21	4929.5	
263.42	4770.4	
263.63	3330	
263.84	3232.4	
264.05	5338.4	
264.26	5580.7	
264.47	3872.7	
264.69	3614.7	
264.9	5483.1	
265.11	5066	
265.32	3177.1	
265.53	3129.3	
265.74	4986.8	
265.95	4377.2	
266.16	3335.5	
266.37	3717.7	
266.58	5059.8	
266.79	4717.8	
267	3184.6	
267.21	2972.3	
267.42	4527.4	
267.63	4895.3	
267.84	3329.3	
268.06	2914.3	
268.27	5322.7	
268.48	5465.3	
268.69	3295.2	
268.9	3816.7	
269.11	5449	
269.32	4470	
269.53	3358.7	
269.74	3113.6	
269.95	5104.9	
270.16	4396.3	
270.37	3319.1	
270.58	3819.5	
270.79	4730.8	
271	5277.6	
271.21	3519.1	
271.42	3332	
271.63	5020.3	
271.84	4540.3	
272.05	2740.9	
272.26	3020.1	
272.47	4911	
272.68	5071.5	
272.89	3239.9	
273.11	3652.9	
273.32	4642.1	
273.53	5583.4	
273.74	3558	
273.95	3502.7	
274.16	5363.6	
274.37	4879.6	
274.58	3610.6	
274.79	3003.7	
275	5061.9	
275.21	5444.9	
275.42	4336.9	
275.63	3731.4	
275.84	5145.9	
276.05	6299.6	
276.26	3443.3	
276.47	3263.8	
276.68	4799.8	
276.89	5752.1	
277.1	3690.4	
277.31	2981.8	
277.52	5049.6	
277.73	5341.8	
277.94	2862.4	
278.15	3207.1	
278.36	5048.2	
278.57	4592.2	
278.78	3232.4	
278.99	3603.7	
279.2	4631.8	
279.41	4577.9	
279.62	4189.5	
279.83	2979.1	
280.04	5840.8	
280.25	4601.1	
280.46	4177.9	
280.67	3384.6	
280.88	4600.4	
281.09	5413.5	
281.3	3476.8	
281.51	4351.3	
281.72	4653.7	
281.93	5256.5	
282.14	3151.1	
282.35	3404.4	
282.56	5378.6	
282.77	5212.8	
282.98	3222.8	
283.19	3895.2	
283.4	6341.2	
283.61	4857.8	
283.82	3014.6	
284.03	4045.4	
284.24	5055.8	
284.45	5425.8	
284.66	4087.7	
284.87	3925.3	
285.08	5330.9	
285.29	5497.4	
285.5	2879.4	
285.71	3297.9	
285.92	5395.7	
286.12	5896.8	
286.33	4039.3	
286.54	3347.7	
286.75	5270.1	
286.96	4809.3	
287.17	3044	
287.38	3941.7	
287.59	4664.6	
287.8	4619.5	
288.01	3304.1	
288.22	3710.9	
288.43	5236	
288.64	4445.5	
288.85	3841.3	
289.06	3672	
289.27	5249.6	
289.48	5629.9	
289.69	4121.9	
289.9	3755.3	
290.11	5431.2	
290.32	4687.8	
290.53	3880.9	
290.74	3591.5	
290.94	5266.7	
291.15	5225.1	
291.36	3231	
291.57	3659	
291.78	4761.5	
291.99	4446.1	
292.2	3061.7	
292.41	3605.1	
292.62	5341.1	
292.83	5135.6	
293.04	4378.6	
293.25	3088.3	
293.46	4779.3	
293.67	5393	
293.88	3177.8	
294.09	3054.9	
294.29	4607.9	
294.5	4992.9	
294.71	3349.8	
294.92	3209.8	
295.13	4726.7	
295.34	5809.4	
295.55	2845.3	
295.76	2843.3	
295.97	5232.6	
296.18	5786.2	
296.39	2970.9	
296.6	3183.9	
296.81	4986.8	
297.01	5289.2	
297.22	3297.2	
297.43	3156.6	
297.64	4719.9	
297.85	4530.8	
298.06	2648.7	
298.27	2818.7	
298.48	4874.8	
298.69	4652.3	
298.9	3404.4	
299.11	3106.8	
299.31	4529.4	
299.52	4507.6	
299.73	3580.5	
299.94	3529.3	
300.15	4921.3	
300.36	4618.9	
300.57	3516.4	
300.78	3558.7	
300.99	4754.7	
301.2	4995	
301.4	3153.9	
301.61	3362.1	
301.82	5211.4	
302.03	5258.5	
302.24	3784.6	
302.45	2992.8	
302.66	5168.4	
302.87	5440.1	
303.08	3196.2	
303.29	4216.1	
303.49	4746.5	
303.7	4897.4	
303.91	2868.5	
304.12	4027.7	
304.33	4511	
304.54	5042.8	
304.75	3190.1	
304.96	3101.3	
305.16	5193	
305.37	5730.9	
305.58	2816	
305.79	2854.9	
306	5193.6	
306.21	4401.8	
306.42	3112.2	
306.63	4709.6	
306.83	4787.5	
307.04	5285.8	
307.25	3451.5	
307.46	3407.8	
307.67	4289.1	
307.88	5214.1	
308.09	3142.3	
308.29	3189.4	
308.5	4958.8	
308.71	5345.9	
308.92	3390.1	
309.13	3061.7	
309.34	4814.1	
309.55	4833.2	
309.75	3863.2	
309.96	3550.5	
310.17	5238	
310.38	4584	
310.59	3731.4	
310.8	2953.2	
311.01	5632.6	
311.21	4809.3	
311.42	3056.9	
311.63	3118.4	
311.84	4708.3	
312.05	4967	
312.26	3439.2	
312.46	3781.9	
312.67	4804.5	
312.88	4508.9	
313.09	3041.9	
313.3	2947.7	
313.51	5515.9	
313.71	5781.4	
313.92	3023.5	
314.13	3196.9	
314.34	5051.7	
314.55	4863.9	
314.76	3846.8	
314.96	3376.4	
315.17	5031.2	
315.38	5227.8	
315.59	3118.4	
315.8	2893.1	
316.01	5540.4	
316.21	5636	
316.42	2992.8	
316.63	3347.7	
316.84	4763.6	
317.05	5395.7	
317.26	3601.7	
317.46	3209.2	
317.67	4814.8	
317.88	5216.9	
318.09	3804.4	
318.3	2872.6	
318.5	4729.4	
318.71	5102.2	
318.92	4757.4	
319.13	3548.4	
319.34	5279	
319.54	5421.7	
319.75	2876.7	
319.96	2708.8	
320.17	5167	
320.38	5350	
320.58	2782.5	
320.79	3394.2	
321	5380	
321.21	5429.8	
321.42	3400.3	
321.62	2849.4	
321.83	4659.1	
322.04	4924	
322.25	3251.5	
322.46	3079.5	
322.66	4977.2	
322.87	5126.1	
323.08	3698.6	
323.29	2975	
323.5	5788.2	
323.7	4512.4	
323.91	4036.5	
324.12	3632.4	
324.33	4999.8	
324.53	5199.1	
324.74	3545	
324.95	3751.9	
325.16	4462.5	
325.37	4749.9	
325.57	3088.3	
325.78	3172.3	
325.99	5004.6	
326.2	4471.4	
326.4	4343.1	
326.61	2817.3	
326.82	4855.7	
327.03	5026.4	
327.24	4283	
327.44	4007.2	
327.65	5160.2	
327.86	4270.7	
328.07	3533.4	
328.27	2948.4	
328.48	5517.2	
328.69	4545.8	
328.9	4259.1	
329.1	3282.2	
329.31	4855.1	
329.52	5518.6	
329.73	3113.6	
329.93	3420.1	
330.14	4922	
330.35	5119.2	
330.56	4842.8	
330.76	3728.7	
330.97	4794.3	
331.18	4975.9	
331.39	3423.5	
331.59	2850.1	
331.8	5408	
332.01	5502.9	
332.22	3163.4	
332.42	3579.8	
332.63	5014.8	
332.84	4627.7	
333.05	3416.7	
333.25	3080.8	
333.46	4672.1	
333.67	4911	
333.88	3168.9	
334.08	3541.6	
334.29	6417.7	
334.5	5390.3	
334.7	3009.8	
334.91	4258.4	
335.12	4569.7	
335.33	5203.9	
335.53	3387.3	
335.74	4788.2	
335.95	4758.8	
336.16	4557.4	
336.36	3371.6	
336.57	3850.2	
336.78	4531.5	
336.98	5361.6	
337.19	4084.3	
337.4	3312.9	
337.61	5779.4	
337.81	4532.2	
338.02	3151.8	
338.23	3922.5	
338.43	5522	
338.64	4609.3	
338.85	3067.2	
339.05	3929.4	
339.26	5616.2	
339.47	4448.9	
339.68	3091.1	
339.88	4403.8	
340.09	5134.9	
340.3	5285.1	
340.5	3516.4	
340.71	2785.9	
340.92	4539	
341.13	5453.1	
341.33	2962.7	
341.54	3607.2	
341.75	5058.5	
341.95	4808.6	
342.16	3410.6	
342.37	3678.8	
342.57	4532.8	
342.78	4857.1	
342.99	3720.5	
343.19	2791.4	
343.4	5243.5	
343.61	5122.7	
343.81	3275.4	
344.02	3011.9	
344.23	5233.2	
344.43	5550.7	
344.64	3731.4	
344.85	3735.5	
345.06	5147.9	
345.26	5372.5	
345.47	3561.4	
345.68	4094.6	
345.88	4433.9	
346.09	5253.7	
346.3	3547.8	
346.5	2792.7	
346.71	4872.1	
346.92	4709	
347.12	2888.3	
347.33	3482.2	
347.54	5354.8	
347.74	5617.6	
347.95	3499.3	
348.16	2680.8	
348.36	4709	
348.57	4581.3	
348.78	3501.3	
348.98	3704.1	
349.19	4870.8	
349.39	4455	
349.6	2891.7	
349.81	3122.5	
350.01	5115.1	
350.22	4597	
350.43	3386	
350.63	3952.6	
350.84	4910.3	
351.05	4716.5	
351.25	3077.4	
351.46	2788.7	
351.67	5283.8	
351.87	4632.5	
352.08	3258.3	
352.29	3717.7	
352.49	5310.4	
352.7	5330.9	
352.9	2987.3	
353.11	3672	
353.32	5814.9	
353.52	4804.5	
353.73	2931.3	
353.94	3694.5	
354.14	5083.7	
354.35	4968.4	
354.55	3050.8	
354.76	3405.8	
354.97	5079	
355.17	4871.4	
355.38	2914.3	
355.59	3957.4	
355.79	4616.8	
356	4883.7	
356.2	3390.1	
356.41	2921.8	
356.62	4432.5	
356.82	4788.8	
357.03	3624.2	
357.24	3234.4	
357.44	4599.7	
357.65	4695.3	
357.85	4181.3	
358.06	3398.9	
358.27	4389.5	
358.47	4581.3	
358.68	2856.2	
358.88	3506.1	
359.09	5014.1	
359.3	5344.5	
359.5	4089.1	
359.71	3689.8	
359.91	5683.1	
360.12	5079.6	
360.33	3508.9	
360.53	3950.5	
360.74	4607.9	
360.94	4663.9	
361.15	3747.8	
361.36	3104.7	
361.56	5279.7	
361.77	4782.7	
361.97	4076.1	
362.18	3265.8	
362.38	5275.6	
362.59	4390.2	
362.8	3052.8	
363	2914.9	
363.21	4330.1	
363.41	4827.7	
363.62	3479.5	
363.83	4252.9	
364.03	4977.2	
364.24	5629.9	
364.44	4357.4	
364.65	4330.8	
364.85	4775.9	
365.06	4465.3	
365.27	3116.3	
365.47	3221.5	
365.68	5504.3	
365.88	4734.2	
366.09	3525.9	
366.29	3198.2	
366.5	4885.1	
366.71	5239.4	
366.91	4265.2	
367.12	3639.2	
367.32	5767.8	
367.53	5115.8	
367.73	3635.8	
367.94	4360.1	
368.14	5109.7	
368.35	5818.3	
368.56	3581.2	
368.76	3044.6	
368.97	5215.5	
369.17	6477	
369.38	3142.9	
369.58	3351.2	
369.79	4428.4	
369.99	5501.5	
370.2	4218.1	
370.4	3482.2	
370.61	4930.1	
370.82	5913.9	
371.02	3392.1	
371.23	2841.9	
371.43	4392.9	
371.64	5455.8	
371.84	3371	
372.05	4360.1	
372.25	6410.8	
372.46	5119.9	
372.66	3390.8	
372.87	3392.1	
373.07	5248.9	
373.28	6537.8	
373.48	4213.4	
373.69	3860.4	
373.9	4806.6	
374.1	4793.6	
374.31	4147.8	
374.51	3642.7	
374.72	5448.3	
374.92	4592.2	
375.13	4269.3	
375.33	3570.3	
375.54	5112.4	
375.74	4653.7	
375.95	3667.9	
376.15	4646.8	
376.36	5166.3	
376.56	4992.3	
376.77	3651.5	
376.97	3969	
377.18	5942.5	
377.38	5179.3	
377.59	4235.2	
377.79	3237.8	
378	4941.7	
378.2	5295.4	
378.41	3280.2	
378.61	3268.6	
378.82	5399.1	
379.02	4698	
379.23	3411.9	
379.43	4280.9	
379.64	5524.7	
379.84	5138.4	
380.05	3310.2	
380.25	3259.7	
380.46	5215.5	
380.66	4883	
380.87	4364.9	
381.07	4630.5	
381.28	5706.3	
381.48	5266	
381.69	3388.7	
381.89	3446	
382.1	4374.5	
382.3	5310.4	
382.51	4268	
382.71	4843.4	
382.91	5102.9	
383.12	5634.6	
383.32	3581.2	
383.53	3810.6	
383.73	5096	
383.94	4984.8	
384.14	3839.9	
384.35	3067.9	
384.55	4826.4	
384.76	5246.9	
384.96	3651.5	
385.17	3873.4	
385.37	5289.9	
385.58	4625.7	
385.78	3840.6	
385.98	3011.2	
386.19	4833.2	
386.39	5189.6	
386.6	3418.1	
386.8	3627	
387.01	5175.2	
387.21	5169.8	
387.42	3950.5	
387.62	4392.2	
387.83	4679.6	
388.03	5081	
388.23	3674.1	
388.44	4292.5	
388.64	4476.9	
388.85	4526.7	
389.05	3861.8	
389.26	4360.8	
389.46	6110.5	
389.67	5551.4	
389.87	3881.6	
390.07	3990.8	
390.28	4924.7	
390.48	4528.1	
390.69	3285.6	
390.89	3505.4	
391.1	4745.8	
391.3	5459.2	
391.5	4519.2	
391.71	4929.5	
391.91	5298.1	
392.12	5976	
392.32	4562.2	
392.53	3836.5	
392.73	4846.2	
392.93	4953.4	
393.14	3715.7	
393.34	4278.2	
393.55	5335.6	
393.75	4913.8	
393.95	3700	
394.16	3568.2	
394.36	4689.8	
394.57	5283.1	
394.77	3248.1	
394.98	3561.4	
395.18	4603.8	
395.38	4811.4	
395.59	4225	
395.79	3428.3	
396	4792.9	
396.2	5227.1	
396.4	4071.4	
396.61	4066.6	
396.81	5273.5	
397.02	4665.3	
397.22	4285	
397.42	4250.2	
397.63	5356.8	
397.83	4646.2	
398.04	3371	
398.24	3768.9	
398.44	5144.5	
398.65	4726.7	
398.85	3287.7	
399.05	3359.4	
399.26	4631.8	
399.46	5981.4	
399.67	3661.1	
399.87	3378.5	
400.07	4917.2	
400.28	5184.8	
400.48	3440.6	
400.69	4326	
400.89	5362.3	
401.09	5731.6	
401.3	3396.2	
401.5	4255	
401.7	5839.4	
401.91	6076.3	
402.11	3775.8	
402.32	3850.2	
402.52	5405.3	
402.72	5401.2	
402.93	4087.1	
403.13	3162.7	
403.33	6081.8	
403.54	5012.1	
403.74	3803.1	
403.94	4505.5	
404.15	5119.2	
404.35	5982.1	
404.56	3589.4	
404.76	5036.6	
404.96	5373.9	
405.17	5192.3	
405.37	4507.6	
405.57	3986.7	
405.78	5412.1	
405.98	4965.6	
406.18	3582.6	
406.39	4312.3	
406.59	5453.7	
406.79	5051	
407	3456.3	
407.2	3558.7	
407.4	5513.8	
407.61	5541.8	
407.81	3502	
408.01	4891.9	
408.22	4416.8	
408.42	6047.7	
408.62	4392.2	
408.83	3913	
409.03	4950.6	
409.23	4869.4	
409.44	3952.6	
409.64	4131.4	
409.84	5764.3	
410.05	5651.7	
410.25	4059.8	
410.45	3837.9	
410.66	5275.6	
410.86	7209.5	
411.06	4198.3	
411.27	4100	
411.47	6992.4	
411.67	5362.3	
411.88	4235.2	
412.08	4411.3	
412.28	5806	
412.49	6249.7	
412.69	4074.1	
412.89	4055	
413.09	6185.5	
413.3	6006.7	
413.5	4158.1	
413.7	3862.5	
413.91	5508.4	
414.11	6114.6	
414.31	3997.6	
414.52	4332.8	
414.72	5843.5	
414.92	5762.3	
415.12	4058.4	
415.33	4474.1	
415.53	6018.3	
415.73	6182.8	
415.94	4753.3	
416.14	4245.4	
416.34	5330.9	
416.55	5095.3	
416.75	5221.6	
416.95	4730.1	
417.15	6036.7	
417.36	6636.1	
417.56	5303.6	
417.76	4660.5	
417.97	6338.5	
418.17	6079.7	
418.37	4369	
418.57	4321.2	
418.78	5954.1	
418.98	5685.2	
419.18	5049.6	
419.38	5023	
419.59	5687.9	
419.79	5409.4	
419.99	4231.8	
420.2	4528.7	
420.4	6091.3	
420.6	6178.7	
420.8	4134.2	
421.01	4022.9	
421.21	5920.7	
421.41	6101.6	
421.61	4503.5	
421.82	4251.6	
422.02	5561.6	
422.22	6307.7	
422.42	4818.9	
422.63	4670.1	
422.83	5661.3	
423.03	6626.5	
423.23	4703.5	
423.44	3785.3	
423.64	5713.2	
423.84	5484.5	
424.04	4234.5	
424.25	3863.8	
424.45	6478.4	
424.65	6391	
424.85	3807.2	
425.06	4257.7	
425.26	6490.7	
425.46	5565.7	
425.66	4622.9	
425.87	4343.7	
426.07	6295.5	
426.27	6124.1	
426.47	4442	
426.67	4037.2	
426.88	6571.2	
427.08	6069.5	
427.28	4633.2	
427.48	3881.6	
427.69	5242.1	
427.89	5758.9	
428.09	4635.2	
428.29	3932.8	
428.5	6207.4	
428.7	5915.2	
428.9	3838.6	
429.1	4247.5	
429.3	5890	
429.51	6135.7	
429.71	4119.1	
429.91	4780.6	
430.11	6085.2	
430.31	6163.7	
430.52	4335.5	
430.72	4551.3	
430.92	6536.4	
431.12	6049.7	
431.32	4087.1	
431.53	4449.6	
431.73	5252.4	
431.93	6518.7	
432.13	3980.6	
432.33	3983.3	
432.54	5613.5	
432.74	5847.6	
432.94	3778.5	
433.14	4718.5	
433.34	6139.1	
433.55	5634.6	
433.75	4666	
433.95	6060.6	
434.15	5821	
434.35	5597.8	
434.56	4022.2	
434.76	3649.5	
434.96	5806	
435.16	5983.5	
435.36	3981.3	
435.56	4868	
435.77	5530.9	
435.97	5775.3	
436.17	5312.4	
436.37	4762.2	
436.57	5537.7	
436.78	5428.5	
436.98	4717.8	
437.18	5285.1	
437.38	6040.1	
437.58	5700.9	
437.78	5352.7	
437.99	4255	
438.19	6160.3	
438.39	6725.5	
438.59	4260.5	
438.79	3851.5	
438.99	6627.9	
439.2	5626.5	
439.4	3910.9	
439.6	3850.2	
439.8	5894.7	
440	6664.8	
440.2	4688.5	
440.4	4799.8	
440.61	6228.6	
440.81	6576.7	
441.01	4067.3	
441.21	4812.7	
441.41	6581.5	
441.61	6257.9	
441.81	5010	
442.02	5771.9	
442.22	6906.4	
442.42	6342.6	
442.62	4087.7	
442.82	4159.4	
443.02	6550.8	
443.22	5877.7	
443.43	4493.2	
443.63	4063.2	
443.83	5705.6	
444.03	5677	
444.23	5109	
444.43	4753.3	
444.63	6001.9	
444.83	6894.1	
445.04	4226.3	
445.24	5234.6	
445.44	6326.9	
445.64	6414.2	
445.84	4880.3	
446.04	4878.9	
446.24	5810.8	
446.44	6595.1	
446.65	4240.7	
446.85	4487.1	
447.05	5899.5	
447.25	6462.7	
447.45	4597	
447.65	4101.4	
447.85	6023.1	
448.05	5745.2	
448.25	4900.8	
448.46	4771.8	
448.66	5998.5	
448.86	5731.6	
449.06	3963.5	
449.26	4933.6	
449.46	6298.9	
449.66	5516.5	
449.86	4529.4	
450.06	4396.3	
450.26	5731.6	
450.47	6205.3	
450.67	4691.2	
450.87	4924.7	
451.07	6294.8	
451.27	6006.7	
451.47	4164.2	
451.67	4567.7	
451.87	5764.3	
452.07	6711.9	
452.27	4368.3	
452.47	4252.9	
452.67	6095.4	
452.88	6449.1	
453.08	3904.1	
453.28	5483.8	
453.48	6991.8	
453.68	6001.2	
453.88	4243.4	
454.08	4416.1	
454.28	6289.3	
454.48	6034	
454.68	4866	
454.88	5221.6	
455.08	6413.6	
455.28	6184.9	
455.48	4182.6	
455.68	4592.2	
455.89	6771.9	
456.09	6435.4	
456.29	4395.6	
456.49	4513	
456.69	6625.9	
456.89	6078.4	
457.09	4883	
457.29	5170.4	
457.49	6318	
457.69	6294.8	
457.89	4703.5	
458.09	4209.3	
458.29	6107	
458.49	6688.7	
458.69	5087.2	
458.89	4554	
459.09	6924.2	
459.29	6877.1	
459.49	4685.1	
459.69	5269.4	
459.9	6520.7	
460.1	6105.7	
460.3	4592.9	
460.5	4443.4	
460.7	6500.3	
460.9	6090.7	
461.1	4146.5	
461.3	5114.5	
461.5	6950.8	
461.7	6604	
461.9	4420.2	
462.1	4777.9	
462.3	6330.3	
462.5	6660	
462.7	4556	
462.9	4562.2	
463.1	7517.4	
463.3	7218.4	
463.5	4739.7	
463.7	5420.3	
463.9	6398.5	
464.1	6777.4	
464.3	4816.1	
464.5	5040.7	
464.7	6910.5	
464.9	6559	
465.1	5993.7	
465.3	5282.4	
465.5	7157.7	
465.7	7143.3	
465.9	5410.1	
466.1	5302.2	
466.3	6936.5	
466.5	6853.9	
466.7	5961.6	
466.9	5124	
467.1	6869.6	
467.3	7546.1	
467.5	5945.9	
467.7	5018.2	
467.9	7758.4	
468.1	8447.9	
468.3	5706.3	
468.5	6021	
468.7	6767.9	
468.9	6750.8	
469.1	5313.8	
469.3	5907.7	
469.5	8344.8	
469.7	6428.6	
469.9	5739.1	
470.1	5109.7	
470.3	6799.9	
470.5	6750.8	
470.7	6150.1	
470.9	5255.1	
471.1	6608.8	
471.3	6995.9	
471.5	5040.7	
471.69	6558.3	
471.89	6556.9	
472.09	6125.5	
472.29	5580.7	
472.49	6049.7	
472.69	6402.6	
472.89	7036.8	
473.09	4892.6	
473.29	5133.6	
473.49	6536.4	
473.69	6593.8	
473.89	5823.1	
474.09	5289.2	
474.29	7578.2	
474.49	7386.3	
474.69	5800.5	
474.89	5326.1	
475.09	6621.1	
475.29	6657.9	
475.49	4866.7	
475.69	5111	
475.88	7942	
476.08	6995.2	
476.28	4816.8	
476.48	5214.1	
476.68	7310.6	
476.88	7030.7	
477.08	5084.4	
477.28	5296.7	
477.48	6771.3	
477.68	7195.2	
477.88	4930.1	
478.08	5155.4	
478.28	7497.6	
478.48	6861.4	
478.67	5193.6	
478.87	4780	
479.07	7289.4	
479.27	6960.4	
479.47	5398.4	
479.67	5455.8	
479.87	7211.6	
480.07	7681.2	
480.27	4823.6	
480.47	6051.7	
480.67	6842.3	
480.87	7467.6	
481.06	5053	
481.26	5753.4	
481.46	6919.4	
481.66	6808.1	
481.86	5453.1	
482.06	6233.3	
482.26	6632.7	
482.46	7346.7	
482.66	5332.2	
482.86	5005.2	
483.05	7017.7	
483.25	6415.6	
483.45	7334.5	
483.65	5310.4	
483.85	6509.1	
484.05	6779.5	
484.25	5715.2	
484.45	6038.8	
484.65	7494.2	
484.84	7507.9	
485.04	5252.4	
485.24	5261.2	
485.44	7745.4	
485.64	6398.5	
485.84	4786.1	
486.04	5891.3	
486.24	6737.8	
486.44	7007.5	
486.63	4672.1	
486.83	5378	
487.03	6617.7	
487.23	6737.1	
487.43	4816.1	
487.63	6554.2	
487.83	6855.2	
488.02	7566.6	
488.22	5485.8	
488.42	6058.6	
488.62	7496.9	
488.82	6615.6	
489.02	5304.2	
489.22	5262.6	
489.41	7422.5	
489.61	7186.3	
489.81	5096	
490.01	5039.4	
490.21	7343.3	
490.41	7913.4	
490.61	5151.3	
490.8	5255.1	
491	7030	
491.2	6460	
491.4	5704.3	
491.6	5020.9	
491.8	7005.4	
491.99	7105.1	
492.19	4760.8	
492.39	5057.8	
492.59	7311.9	
492.79	7407.5	
492.99	5782.1	
493.18	5078.3	
493.38	7449.1	
493.58	7976.8	
493.78	5578	
493.98	5241.4	
494.18	7214.3	
494.37	6750.1	
494.57	5721.3	
494.77	5637.4	
494.97	7362.4	
495.17	7600	
495.37	5378	
495.56	5677.7	
495.76	7753.6	
495.96	7406.8	
496.16	6425.2	
496.36	5552	
496.55	7622.5	
496.75	7152.9	
496.95	5797.8	
497.15	5715.2	
497.35	7557	
497.54	7451.2	
497.74	5537	
497.94	6906.4	
498.14	8105.9	
498.34	7899.7	
498.53	5276.3	
498.73	5941.8	
498.93	7007.5	
499.13	7547.4	
499.33	5759.6	
499.52	6064.7	
499.72	7524.2	
499.92	7688.1	
500.12	5553.4	
500.32	5816.9	
500.51	7676.5	
500.71	7505.1	
500.91	6348.7	
501.11	6073.6	
501.31	7619.8	
501.5	8066.9	
501.7	6567.8	
501.9	5809.4	
502.1	7529	
502.29	7746.8	
502.49	6179.4	
502.69	6485.9	
502.89	7740	
503.09	7686	
503.28	5414.1	
503.48	5472.9	
503.68	7068.9	
503.88	7098.3	
504.07	6268.8	
504.27	5843.5	
504.47	7389.8	
504.67	7533.8	
504.86	6195.8	
505.06	6040.1	
505.26	7246.4	
505.46	8519.6	
505.65	5821	
505.85	6097.5	
506.05	7219.1	
506.25	7615.7	
506.44	5389.6	
506.64	6053.8	
506.84	7053.2	
507.04	7778.9	
507.23	5487.9	
507.43	5946.6	
507.63	8622.6	
507.83	7212.3	
508.02	5916.6	
508.22	5684.5	
508.42	8826.1	
508.62	7096.2	
508.81	5881.8	
509.01	6228.6	
509.21	6887.3	
509.4	7286.7	
509.6	6014.9	
509.8	5513.8	
510	7145.4	
510.19	8246.5	
510.39	5539.8	
510.59	5685.8	
510.79	7045	
510.98	8116.1	
511.18	5715.2	
511.38	5739.1	
511.57	7834.2	
511.77	7487.4	
511.97	6228.6	
512.17	5532.2	
512.36	7748.1	
512.56	7623.9	
512.76	5498.8	
512.95	5318.6	
513.15	7796.6	
513.35	6651.1	
513.55	6150.1	
513.74	5544.5	
513.94	7707.9	
514.14	7209.5	
514.33	6269.5	
514.53	6083.1	
514.73	7221.8	
514.92	7351.5	
515.12	5598.5	
515.32	5523.4	
515.51	7401.4	
515.71	7743.4	
515.91	7003.4	
516.11	5577.3	
516.3	8677.9	
516.5	7060	
516.7	6040.8	
516.89	6489.3	
517.09	7207.5	
517.29	7172	
517.48	6276.3	
517.68	5722.7	
517.88	6910.5	
518.07	7532.4	
518.27	6127.5	
518.47	5276.3	
518.66	7950.9	
518.86	6802.7	
519.06	5302.2	
519.25	5637.4	
519.45	7140.6	
519.65	8282	
519.84	6183.5	
520.04	6714.6	
520.24	8654	
520.43	7647.8	
520.63	5913.2	
520.83	5700.2	
521.02	7090.8	
521.22	7561.8	
521.42	6079.7	
521.61	6653.9	
521.81	7217.7	
522.01	7414.3	
522.2	5991	
522.4	5825.1	
522.6	7729.7	
522.79	6748.1	
522.99	5951.4	
523.18	5362.3	
523.38	7465.5	
523.58	7422.5	
523.77	6916.7	
523.97	5350.7	
524.17	8995.4	
524.36	8322.9	
524.56	6375.3	
524.76	6109.1	
524.95	7436.2	
525.15	7193.8	
525.34	6004	
525.54	5929.6	
525.74	7755	
525.93	6995.2	
526.13	6998.6	
526.33	5919.3	
526.52	8118.1	
526.72	7630.7	
526.91	6978.1	
527.11	6393.8	
527.31	8094.3	
527.5	8445.1	
527.7	6280.4	
527.89	5477.6	
528.09	7267.6	
528.29	7590.5	
528.48	6660.7	
528.68	6271.6	
528.87	7964.6	
529.07	8064.2	
529.27	6328.9	
529.46	5922.7	
529.66	7714.7	
529.85	8136.6	
530.05	5890.6	
530.25	6479.1	
530.44	8843.1	
530.64	7571.3	
530.83	6128.2	
531.03	6232	
531.23	7987.1	
531.42	7837.6	
531.62	6749.4	
531.81	6187.6	
532.01	8112.7	
532.21	8338	
532.4	6032.6	
532.6	6335	
532.79	8812.4	
532.99	8164.6	
533.18	6427.9	
533.38	7197.2	
533.58	7807.5	
533.77	8384.4	
533.97	6292.7	
534.16	7002.7	
534.36	8604.9	
534.55	7735.9	
534.75	7041.6	
534.95	6376	
535.14	8542.1	
535.34	7805.5	
535.53	6159.6	
535.73	7722.9	
535.92	8911.4	
536.12	7856.7	
536.31	6318	
536.51	7197.2	
536.71	8211	
536.9	7858.7	
537.1	6311.8	
537.29	6500.3	
537.49	8535.9	
537.68	7716.7	
537.88	6765.8	
538.07	5969.1	
538.27	7974.1	
538.46	8758.5	
538.66	6054.5	
538.86	6390.3	
539.05	8063.5	
539.25	8429.4	
539.44	6699.6	
539.64	6299.6	
539.83	7922.9	
540.03	8728.4	
540.22	6174.6	
540.42	6340.5	
540.61	8092.2	
540.81	8219.9	
541	6632	
541.2	7193.1	
541.39	7732.4	
541.59	7986.4	
541.78	6948.1	
541.98	6165.8	
542.18	7470.3	
542.37	7522.9	
542.57	6496.8	
542.76	6976.7	
542.96	7610.3	
543.15	8084.7	
543.35	6608.8	
543.54	6068.1	
543.74	8297	
543.93	7988.4	
544.13	6505	
544.32	7302.4	
544.52	8267.6	
544.71	7546.1	
544.91	5774.6	
545.1	6841.6	
545.3	7714	
545.49	8116.8	
545.69	5725.4	
545.88	6283.2	
546.08	8875.9	
546.27	8520.9	
546.47	6729.6	
546.66	6079.1	
546.86	8400.1	
547.05	8774.2	
547.24	6287.9	
547.44	6126.8	
547.63	7464.8	
547.83	8384.4	
548.02	6516	
548.22	6591	
548.41	7283.3	
548.61	8338.6	
548.8	6099.5	
549	6029.2	
549.19	7925.6	
549.39	8146.8	
549.58	5901.6	
549.78	6429.3	
549.97	8202.1	
550.17	7753.6	
550.36	6961	
550.55	7864.9	
550.75	7788.4	
550.94	8495	
551.14	6097.5	
551.33	6339.8	
551.53	7187	
551.72	7980.3	
551.92	6347.3	
552.11	6080.4	
552.31	8137.9	
552.5	8056.7	
552.69	7535.2	
552.89	5890	
553.08	8071	
553.28	7855.3	
553.47	6237.4	
553.67	7041.6	
553.86	8637.6	
554.06	7185.6	
554.25	5619.6	
554.44	5991	
554.64	9195.4	
554.83	8729.8	
555.03	5941.8	
555.22	6315.3	
555.42	8278.6	
555.61	7974.8	
555.8	6151.4	
556	6348.7	
556.19	7360.4	
556.39	8307.2	
556.58	6141.2	
556.78	6195.1	
556.97	7930.4	
557.16	7579.5	
557.36	7198.6	
557.55	5903.6	
557.75	7027.3	
557.94	8512	
558.13	5933	
558.33	5788.2	
558.52	8381.7	
558.72	7405.5	
558.91	5889.3	
559.1	6046.3	
559.3	7247.1	
559.49	6990.4	
559.69	5553.4	
559.88	6296.8	
560.07	7891.5	
560.27	8189.1	
560.46	6462.7	
560.66	6530.3	
560.85	7754.3	
561.04	7007.5	
561.24	5812.8	
561.43	6001.9	
561.63	7236.2	
561.82	7528.3	
562.01	6980.2	
562.21	6234	
562.4	7815	
562.59	8543.4	
562.79	6096.8	
562.98	5833.3	
563.18	7778.2	
563.37	8837	
563.56	6508.4	
563.76	5835.3	
563.95	7315.3	
564.14	7335.8	
564.34	6157.6	
564.53	5954.8	
564.73	7759.8	
564.92	7961.8	
565.11	6251.8	
565.31	5774.6	
565.5	8187.1	
565.69	7346.1	
565.89	5917.3	
566.08	6078.4	
566.27	8051.9	
566.47	8458.1	
566.66	6639.5	
566.85	5604.6	
567.05	7837.6	
567.24	7408.2	
567.44	5840.1	
567.63	6977.4	
567.82	8006.9	
568.02	7749.5	
568.21	5900.2	
568.4	6141.9	
568.6	7660.1	
568.79	7599.3	
568.98	5779.4	
569.18	5896.8	
569.37	7697.6	
569.56	9340.1	
569.76	6130.9	
569.95	6883.2	
570.14	8041	
570.34	7873.8	
570.53	5804.6	
570.72	5831.9	
570.91	8359.1	
571.11	7706.5	
571.3	6226.5	
571.49	7016.3	
571.69	7776.1	
571.88	7318.8	
572.07	6585.6	
572.27	6616.3	
572.46	7274.4	
572.65	8110.6	
572.85	5951.4	
573.04	6231.3	
573.23	8372.8	
573.43	7756.3	
573.62	5841.5	
573.81	6324.8	
574	7823.9	
574.2	7565.9	
574.39	6112.5	
574.58	6182.1	
574.78	8478.6	
574.97	7883.3	
575.16	6571.2	
575.36	6655.2	
575.55	8185	
575.74	8256	
575.93	5840.1	
576.13	6700.3	
576.32	7725.6	
576.51	8184.4	
576.71	6130.3	
576.9	7254.6	
577.09	8484.7	
577.28	8084.7	
577.48	6536.4	
577.67	5838.1	
577.86	7789.8	
578.05	8056.7	
578.25	6311.8	
578.44	6399.2	
578.63	7853.3	
578.83	8845.9	
579.02	5909.8	
579.21	7122.8	
579.4	8003.5	
579.6	7824.6	
579.79	6492.1	
579.98	8092.9	
580.17	8282.7	
580.37	8293.6	
580.56	6008.1	
580.75	6582.9	
580.94	8634.9	
581.14	8580.3	
581.33	6948.8	
581.52	6162.3	
581.71	8185.7	
581.91	8783.7	
582.1	5881.1	
582.29	6321.4	
582.48	7903.8	
582.68	7835.5	
582.87	6638.1	
583.06	6382.2	
583.25	8165.3	
583.45	7632.8	
583.64	7031.4	
583.83	7544.7	
584.02	7854	
584.21	8104.5	
584.41	6910.5	
584.6	6348.7	
584.79	7953.6	
584.98	8418.5	
585.18	6021.7	
585.37	5949.3	
585.56	7644.4	
585.75	8148.2	
585.94	6108.4	
586.14	6660	
586.33	8699.8	
586.52	7890.8	
586.71	6541.2	
586.91	6339.1	
587.1	7443.7	
587.29	8312.7	
587.48	6271.6	
587.67	6189.6	
587.87	8134.5	
588.06	8104.5	
588.25	7249.1	
588.44	6689.3	
588.63	7898.3	
588.83	8336.6	
589.02	6376.7	
589.21	6236.1	
589.4	7844.4	
589.59	7666.9	
589.78	5624.4	
589.98	5900.9	
590.17	7257.3	
590.36	7660.8	
590.55	5346.6	
590.74	6042.9	
590.94	8707.3	
591.13	7653.3	
591.32	5827.2	
591.51	5410.1	
591.7	7909.3	
591.89	7553.6	
592.09	5517.9	
592.28	5898.2	
592.47	6983.6	
592.66	8488.8	
592.85	5526.1	
593.05	5680.4	
593.24	7495.6	
593.43	8105.2	
593.62	5865.4	
593.81	6115.9	
594	7536.5	
594.19	7652.6	
594.39	5803.3	
594.58	5640.1	
594.77	7779.6	
594.96	8291.5	
595.15	5624.4	
595.34	6185.5	
595.54	7668.3	
595.73	6972	
595.92	5131.5	
596.11	6074.3	
596.3	8175.5	
596.49	7191.1	
596.68	5848.3	
596.88	6239.5	
597.07	7919.5	
597.26	7052.5	
597.45	5485.8	
597.64	6408.8	
597.83	7238.9	
598.02	7669.6	
598.22	5589.6	
598.41	6060.6	
598.6	7492.8	
598.79	7081.9	
598.98	5545.9	
599.17	6343.2	
599.36	7580.9	
599.55	8413.1	
599.74	7124.2	
599.94	6961.7	
600.13	8052.6	
600.32	7015.7	
600.51	5266	
600.7	5485.8	
600.89	8452	
601.08	8544.1	
601.27	5305.6	
601.47	6037.4	
601.66	7771.4	
601.85	8352.3	
602.04	5874.3	
602.23	5933.6	
602.42	7114	
602.61	7678.5	
602.8	5777.3	
602.99	5609.4	
603.18	7457.3	
603.37	7514.7	
603.57	6128.9	
603.76	6505.7	
603.95	8249.9	
604.14	7827.3	
604.33	5722.7	
604.52	5893.4	
604.71	7537.2	
604.9	7137.2	
605.09	6359.6	
605.28	6331.6	
605.47	8141.4	
605.66	7714	
605.86	6094.1	
606.05	5679.7	
606.24	8131.8	
606.43	6869.6	
606.62	5923.4	
606.81	6425.2	
607	7925.6	
607.19	7264.8	
607.38	5520	
607.57	5673.6	
607.76	7136.5	
607.95	6696.9	
608.14	6014.9	
608.33	6473.6	
608.52	7167.9	
608.72	7888.8	
608.91	5434.6	
609.1	5221.6	
609.29	7262.1	
609.48	6838.9	
609.67	6101.6	
609.86	5372.5	
610.05	6961.7	
610.24	7264.1	
610.43	5262.6	
610.62	4952.7	
610.81	8155	
611	7890.1	
611.19	5313.1	
611.38	5876.3	
611.57	7436.9	
611.76	8402.8	
611.95	5195.7	
612.14	5088.5	
612.33	7283.9	
612.52	6931.7	
612.71	5646.2	
612.9	5023.7	
613.09	6629.3	
613.28	8418.5	
613.47	5527.5	
613.66	6183.5	
613.85	7423.2	
614.04	6968.6	
614.24	5479.7	
614.43	4933.6	
614.62	7447.8	
614.81	7401.4	
615	5901.6	
615.19	5898.1	
615.38	6928.3	
615.57	7231.4	
615.76	5845.6	
615.95	6621.8	
616.14	7519.5	
616.33	7269.6	
616.52	6051.7	
616.71	6211.5	
616.9	7407.5	
617.09	7310.6	
617.28	5564.3	
617.47	6464.1	
617.66	6707.1	
617.85	6822.5	
618.04	6239.5	
618.22	5808.7	
618.41	7096.9	
618.6	7772	
618.79	5728.9	
618.98	5526.1	
619.17	7951.6	
619.36	6616.3	
619.55	5659.9	
619.74	5755.5	
619.93	7425.3	
620.12	6933.1	
620.31	6187.6	
620.5	6251.1	
620.69	8182.3	
620.88	8191.2	
621.07	6823.1	
621.26	6104.3	
621.45	7565.2	
621.64	7552.2	
621.83	6122.7	
622.02	5527.5	
622.21	7611.6	
622.4	7415.7	
622.59	6520	
622.78	6379.4	
622.97	7128.3	
623.16	7953.6	
623.35	6088.6	
623.54	5402.5	
623.72	7316	
623.91	7374.7	
624.1	6268.1	
624.29	5290.6	
624.48	8338.6	
624.67	7686.7	
624.86	6294.1	
625.05	5502.2	
625.24	8292.2	
625.43	7127.6	
625.62	7554.3	
625.81	5618.9	
626	7867.6	
626.19	7268.9	
626.38	6331	
626.56	5784.8	
626.75	7187.7	
626.94	7820.5	
627.13	6367.1	
627.32	5257.8	
627.51	7708.6	
627.7	8701.8	
627.89	5401.2	
628.08	6334.4	
628.27	7101.7	
628.46	7266.2	
628.65	5571.2	
628.83	5336.3	
629.02	7633.5	
629.21	7072.3	
629.4	5988.9	
629.59	6106.4	
629.78	7079.1	
629.97	7848.5	
630.16	6143.2	
630.35	5746.6	
630.54	8273.1	
630.72	7972.7	
630.91	5723.4	
631.1	6116.6	
631.29	7582.3	
631.48	7645.1	
631.67	6233.3	
631.86	5789.6	
632.05	7211.6	
632.24	7287.4	
632.42	5533.6	
632.61	5999.9	
632.8	7272.3	
632.99	7027.3	
633.18	6034.7	
633.37	6309.1	
633.56	7542	
633.75	7401.4	
633.93	5982.8	
634.12	5764.3	
634.31	8181	
634.5	7789.1	
634.69	5775.3	
634.88	6197.8	
635.07	7314.7	
635.25	7809.6	
635.44	6466.8	
635.63	6632	
635.82	7237.5	
636.01	6746	
636.2	6395.8	
636.39	6095.4	
636.57	8172.1	
636.76	7753.6	
636.95	5622.4	
637.14	6672.3	
637.33	7654.6	
637.52	8310	
637.7	5463.3	
637.89	6249.7	
638.08	7309.2	
638.27	8423.3	
638.46	6252.4	
638.65	6587	
638.83	8334.6	
639.02	7163.8	
639.21	6228.6	
639.4	6643.6	
639.59	7469.6	
639.78	7160.4	
639.96	5670.1	
640.15	5684.5	
640.34	7437.5	
640.53	7432.1	
640.72	5412.1	
640.91	5717.9	
641.09	6913.3	
641.28	8037.6	
641.47	5754.8	
641.66	6380.1	
641.85	7493.5	
642.03	7628.7	
642.22	6130.9	
642.41	5705.6	
642.6	7034.8	
642.79	6506.4	
642.97	5627.8	
643.16	6232.7	
643.35	6995.2	
643.54	6864.1	
643.73	5477.6	
643.91	6093.4	
644.1	6747.4	
644.29	7256.6	
644.48	5559.6	
644.67	5610.8	
644.85	6904.4	
645.04	7259.4	
645.23	5258.5	
645.42	5518.6	
645.6	6843.6	
645.79	7707.9	
645.98	5513.1	
646.17	4760.8	
646.36	6624.5	
646.54	7073	
646.73	6149.4	
646.92	5213.4	
647.11	6708.5	
647.29	7545.4	
647.48	5258.5	
647.67	5074.9	
647.86	7720.8	
648.05	7770	
648.23	5400.5	
648.42	6517.3	
648.61	7346.7	
648.8	7042.3	
648.98	5193.6	
649.17	5425.1	
649.36	6721.4	
649.55	6391.7	
649.73	5245.5	
649.92	5789.6	
650.11	6617	
650.3	6946	
650.48	5390.3	
650.67	5237.3	
650.86	7167.2	
651.05	6289.3	
651.23	5373.9	
651.42	5276.9	
651.61	6623.1	
651.79	6698.2	
651.98	5504.9	
652.17	5126.7	
652.36	7059.3	
652.54	6295.5	
652.73	5245.5	
652.92	5072.8	
653.11	7047.1	
653.29	7136.5	
653.48	4691.9	
653.67	5425.8	
653.85	6858	
654.04	7660.1	
654.23	5550	
654.42	5268.1	
654.6	6532.3	
654.79	7015	
654.98	4761.5	
655.16	5246.9	
655.35	6197.8	
655.54	6055.8	
655.73	4839.4	
655.91	4788.8	
656.1	6916.7	
656.29	6089.3	
656.47	4539	
656.66	5763.7	
656.85	6308.4	
657.03	6371.9	
657.22	4835.3	
657.41	4994.3	
657.59	6479.1	
657.78	6265.4	
657.97	4657.1	
658.16	5258.5	
658.34	7044.3	
658.53	7267.6	
658.72	5930.9	
658.9	6388.3	
659.09	6634.7	
659.28	6615.6	
659.46	4998.4	
659.65	4977.9	
659.84	6358.3	
660.02	6752.2	
660.21	5023	
660.4	4884.4	
660.58	7045	
660.77	6585.6	
660.96	5364.3	
661.14	4564.2	
661.33	7538.6	
661.52	7324.9	
661.7	4515.1	
661.89	7426.6	
662.08	6226.5	
662.26	5920.7	
662.45	4782	
662.64	4941.7	
662.82	6870.9	
663.01	6210.8	
663.2	4915.1	
663.38	5504.3	
663.57	6797.9	
663.75	6670.9	
663.94	5163.6	
664.13	6178.7	
664.31	6257.2	
664.5	6810.2	
664.69	5459.2	
664.87	5824.4	
665.06	6067.4	
665.25	6647	
665.43	5926.8	
665.62	6004	
665.8	6873	
665.99	6389.7	
666.18	5063.9	
666.36	5228.5	
666.55	6875	
666.74	6787.7	
666.92	4896	
667.11	6143.9	
667.29	6392.4	
667.48	6897.6	
667.67	5809.4	
667.85	5023.7	
668.04	6406	
668.22	6346	
668.41	5216.2	
668.6	5403.2	
668.78	6233.3	
668.97	6442.2	
669.15	5492.7	
669.34	4664.6	
669.53	6244.3	
669.71	6499.6	
669.9	4787.5	
670.08	5262.6	
670.27	6157.6	
670.46	6790.4	
670.64	5471.5	
670.83	5670.8	
671.01	6166.4	
671.2	6589.7	
671.38	4866.7	
671.57	4804.5	
671.76	7117.4	
671.94	7595.2	
672.13	4617.5	
672.31	5576.6	
672.5	6820.4	
672.69	6200.6	
672.87	4803.9	
673.06	5083.1	
673.24	6700.3	
673.43	6296.8	
673.61	5481.7	
673.8	5086.5	
673.98	6807.4	
674.17	6870.9	
674.36	5616.9	
674.54	5451	
674.73	6585.6	
674.91	6772.6	
675.1	5194.3	
675.28	4932.2	
675.47	6396.5	
675.65	6850.5	
675.84	5076.2	
676.03	5357.5	
676.21	6287.3	
676.4	5821.7	
676.58	5748	
676.77	5518.6	
676.95	7463.5	
677.14	6248.4	
677.32	4768.4	
677.51	4739	
677.69	6862.1	
677.88	5982.1	
678.06	4764.3	
678.25	4861.2	
678.44	6414.9	
678.62	6185.5	
678.81	4652.3	
678.99	5381.4	
679.18	7085.3	
679.36	6707.1	
679.55	5039.4	
679.73	5461.2	
679.92	6669.6	
680.1	6225.8	
680.29	6027.9	
680.47	4990.2	
680.66	6288.6	
680.84	6866.2	
681.03	4555.4	
681.21	5470.1	
681.4	6261.3	
681.58	6096.1	
681.77	4837.3	
681.95	4808.6	
682.14	6939.2	
682.32	7177.4	
682.51	5603.9	
682.69	4672.8	
682.88	6110.5	
683.06	6580.8	
683.25	5292.6	
683.43	5664	
683.62	6481.1	
683.8	6733	
683.99	5722	
684.17	5245.5	
684.36	7442.3	
684.54	6379.4	
684.73	4616.1	
684.91	4733.5	
685.1	6612.2	
685.28	6158.9	
685.46	5229.8	
685.65	5214.8	
685.83	6754.9	
686.02	6296.8	
686.2	4764.9	
686.39	4917.9	
686.57	5989.6	
686.76	7262.1	
686.94	4784.7	
687.13	4879.6	
687.31	6681.2	
687.5	6294.8	
687.68	4476.2	
687.86	5470.1	
688.05	7649.2	
688.23	5844.9	
688.42	5524.1	
688.6	4831.8	
688.79	6178	
688.97	6227.2	
689.16	5196.4	
689.34	4362.9	
689.52	6756.2	
689.71	6892.1	
689.89	5375.2	
690.08	4786.8	
690.26	6420.4	
690.45	6264.7	
690.63	5510.4	
690.81	4977.9	
691	6240.2	
691.18	6107	
691.37	5043.5	
691.55	6859.3	
691.74	6089.3	
691.92	7758.4	
692.1	5111.7	
692.29	4656.4	
692.47	6224.5	
692.66	5758.9	
692.84	4829.8	
693.02	5166.3	
693.21	5840.1	
693.39	6182.1	
693.58	5247.6	
693.76	4782	
693.94	7173.4	
694.13	7031.4	
694.31	4840	
694.5	5662.6	
694.68	6045.6	
694.86	6424.5	
695.05	5085.1	
695.23	5462.6	
695.42	6646.3	
695.6	8516.1	
695.78	5597.8	
695.97	4887.8	
696.15	6688.7	
696.34	6149.4	
696.52	4712.4	
696.7	5394.3	
696.89	6541.9	
697.07	5942.5	
697.25	5271.5	
697.44	6464.1	
697.62	6440.9	
697.81	6735.1	
697.99	5010.7	
698.17	5408.7	
698.36	5952.8	
698.54	6495.5	
698.72	5269.4	
698.91	4499.4	
699.09	6128.9	
699.28	6012.8	
699.46	5079.6	
699.64	4925.4	
699.83	5945.9	
700.01	6945.3	
700.19	5502.9	
700.38	4248.9	
700.56	6936.5	
700.74	6042.2	
700.93	4597	
701.11	5296.7	
701.29	6535.8	
701.48	7337.2	
701.66	4758.1	
701.84	4823	
702.03	6159.6	
702.21	6711.2	
702.39	4422.9	
702.58	4928.8	
702.76	6606.1	
702.94	6515.3	
703.13	4477.5	
703.31	6389.7	
703.49	5942.5	
703.68	6692.8	
703.86	4607.2	
704.04	5361.6	
704.23	6273.6	
704.41	6599.9	
704.59	4730.8	
704.78	5695.4	
704.96	7219.1	
705.14	6599.9	
705.33	4559.5	
705.51	5223	
705.69	6092	
705.87	6842.3	
706.06	5360.2	
706.24	4507.6	
706.42	6357.6	
706.61	6573.3	
706.79	5370.5	
706.97	4554	
707.16	5916.6	
707.34	6450.4	
707.52	5403.9	
707.7	4733.5	
707.89	6105.7	
708.07	5818.3	
708.25	5386.2	
708.44	5476.3	
708.62	6007.4	
708.8	6886	
708.98	5516.5	
709.17	4752	
709.35	6356.2	
709.53	6325.5	
709.72	4457.1	
709.9	4956.8	
710.08	6625.2	
710.26	6561	
710.45	5772.5	
710.63	4772.4	
710.81	6262	
710.99	6247.7	
711.18	5264.6	
711.36	4870.1	
711.54	6164.4	
711.72	6746.7	
711.91	4930.1	
712.09	4459.1	
712.27	6315.3	
712.45	6722.1	
712.64	5076.9	
712.82	4317.1	
713	5836	
713.18	5888.6	
713.37	4465.9	
713.55	5496.1	
713.73	6681.8	
713.91	5636.7	
714.1	4724	
714.28	4335.5	
714.46	6444.3	
714.64	5788.9	
714.83	3976.5	
715.01	4587.4	
715.19	5855.8	
715.37	5240.1	
715.55	4341.7	
715.74	4491.2	
715.92	6631.3	
716.1	4889.2	
716.28	5472.9	
716.47	4750.6	
716.65	5615.5	
716.83	5551.4	
717.01	4597.7	
717.19	4554	
717.38	7262.1	
717.56	5386.8	
717.74	4717.2	
717.92	4046.1	
718.1	6285.2	
718.29	5614.2	
718.47	3790.8	
718.65	4286.4	
718.83	6218.3	
719.01	6077	
719.2	3703.4	
719.38	4527.4	
719.56	5850.4	
719.74	7150.8	
719.92	4247.5	
720.11	4986.1	
720.29	6014.2	
720.47	5323.4	
720.65	3845.4	
720.83	4561.5	
721.02	5568.4	
721.2	5375.2	
721.38	4543.8	
721.56	3979.2	
721.74	5015.5	
721.92	5125.4	
722.11	4971.1	
722.29	4632.5	
722.47	6087.2	
722.65	5442.8	
722.83	3940.3	
723.01	4699.4	
723.2	5503.6	
723.38	5763	
723.56	3595.6	
723.74	4485.7	
723.92	5126.1	
724.1	6039.5	
724.29	3979.9	
724.47	4870.1	
724.65	5220.3	
724.83	5107.6	
725.01	3836.5	
725.19	4573.8	
725.37	5144.5	
725.56	5162.2	
725.74	3757.3	
725.92	3953.9	
726.1	5126.7	
726.28	5346.6	
726.46	4229.1	
726.64	4132.1	
726.83	5377.3	
727.01	5576.6	
727.19	3758.7	
727.37	4363.5	
727.55	5483.1	
727.73	5852.4	
727.91	3673.4	
728.09	3581.9	
728.28	5860.6	
728.46	6164.4	
728.64	4435.9	
728.82	4388.1	
729	6675.7	
729.18	6081.8	
729.36	3732.8	
729.54	5586.2	
729.72	6892.8	
729.91	5500.8	
730.09	5315.2	
730.27	4317.8	
730.45	5429.8	
730.63	5906.3	
730.81	4680.3	
730.99	4000.4	
731.17	6360.3	
731.35	5247.6	
731.53	4444.1	
731.71	4100.7	
731.9	6088.6	
732.08	6224.5	
732.26	4313	
732.44	3996.3	
732.62	6249	
732.8	5971.9	
732.98	4627	
733.16	3842	
733.34	5945.3	
733.52	4853.7	
733.7	4266.6	
733.88	4499.4	
734.07	5730.9	
734.25	5556.1	
734.43	3893.9	
734.61	5083.7	
734.79	6756.2	
734.97	5462.6	
735.15	3936.9	
735.33	4233.2	
735.51	5825.8	
735.69	5489.9	
735.87	5084.4	
736.05	4399.7	
736.23	5624.4	
736.41	5385.5	
736.59	4216.8	
736.77	4319.2	
736.95	5939.1	
737.13	5483.1	
737.32	3956.7	
737.5	4115.7	
737.68	6397.9	
737.86	5381.4	
738.04	3788.1	
738.22	5317.2	
738.4	5274.2	
738.58	5464	
738.76	4294.6	
738.94	3531.4	
739.12	5375.2	
739.3	5258.5	
739.48	4747.9	
739.66	4559.5	
739.84	5557.5	
740.02	5545.2	
740.2	3627	
740.38	3841.3	
740.56	5841.5	
740.74	4896.7	
740.92	4381.3	
741.1	4280.9	
741.28	5421	
741.46	5267.4	
741.64	4048.2	
741.82	4496.7	
742	5500.8	
742.18	5375.2	
742.36	4239.3	
742.54	3842	
742.72	5917.3	
742.9	4872.8	
743.08	4496.7	
743.26	3496.6	
743.44	6001.2	
743.62	5904.3	
743.8	4621.6	
743.98	3857	
744.16	5705	
744.34	5434.6	
744.52	4528.1	
744.7	4509.6	
744.88	5791.7	
745.06	5399.8	
745.24	4561.5	
745.42	4720.6	
745.6	5925.5	
745.78	5685.8	
745.96	3650.2	
746.14	3906.2	
746.32	6474.3	
746.5	5939.1	
746.68	4343.7	
746.86	3914.4	
747.03	6200.6	
747.21	4898.1	
747.39	4352.6	
747.57	3936.2	
747.75	5534.3	
747.93	5849.7	
748.11	3875.4	
748.29	3846.8	
748.47	6816.3	
748.65	5414.1	
748.83	4487.8	
749.01	4282.3	
749.19	5765	
749.37	5012.1	
749.55	4148.5	
749.73	4274.1	
749.91	5508.4	
750.09	5381.4	
750.26	4300.7	
750.44	3734.1	
750.62	5481.7	
750.8	5418.9	
750.98	3683.6	
751.16	3952.6	
751.34	5589.6	
751.52	4972.5	
751.7	4580.6	
751.88	3632.4	
752.06	5929.6	
752.24	5682.4	
752.42	3606.5	
752.59	3844.7	
752.77	5472.2	
752.95	6429.3	
753.13	4587.4	
753.31	3988.1	
753.49	5167.7	
753.67	5480.4	
753.85	4277.5	
754.03	3899.3	
754.21	5840.1	
754.38	6094.8	
754.56	3992.2	
754.74	3319.8	
754.92	5145.9	
755.1	5700.2	
755.28	3360.7	
755.46	3377.1	
755.64	6431.3	
755.82	6490.7	
755.99	3704.1	
756.17	3773	
756.35	4510.3	
756.53	5797.1	
756.71	2880.8	
756.89	3587.4	
757.07	5431.9	
757.25	4730.1	
757.42	4042	
757.6	4756.1	
757.78	5530.2	
757.96	4680.3	
758.14	3768.9	
758.32	3412.6	
758.5	4264.6	
758.67	4977.2	
758.85	3646.1	
759.03	3742.3	
759.21	5147.9	
759.39	4634.6	
759.57	3252.2	
759.75	4233.2	
759.92	5689.3	
760.1	5171.1	
760.28	4457.1	
760.46	4690.5	
760.64	4896.7	
760.82	4672.1	
760.99	4195.6	
761.17	3677.5	
761.35	5553.4	
761.53	4661.2	
761.71	3829.7	
761.89	4328	
762.06	5411.4	
762.24	4977.9	
762.42	3871.3	
762.6	3669.3	
762.78	4928.1	
762.96	5529.5	
763.13	4107.5	
763.31	3831.7	
763.49	5588.2	
763.67	4926.7	
763.85	4535.6	
764.02	4980.7	
764.2	5915.2	
764.38	5140.4	
764.56	3741	
764.74	4445.5	
764.91	5926.8	
765.09	5021.6	
765.27	3562.8	
765.45	3376.4	
765.63	5984.2	
765.8	5765	
765.98	3168.9	
766.16	3349.1	
766.34	4733.5	
766.52	4506.2	
766.69	4173.1	
766.87	3276.8	
767.05	5012.1	
767.23	5686.5	
767.41	3583.9	
767.58	3769.6	
767.76	5534.3	
767.94	5556.8	
768.12	3618.1	
768.29	4206.5	
768.47	5059.8	
768.65	5657.9	
768.83	3313.6	
769	4220.2	
769.18	4767	
769.36	5321.3	
769.54	4240	
769.72	3314.3	
769.89	5603.2	
770.07	5558.9	
770.25	3659.7	
770.43	4609.3	
770.6	6244.9	
770.78	6550.1	
770.96	3764.2	
771.14	4272.1	
771.31	5500.2	
771.49	4931.5	
771.67	3110.2	
771.85	3265.1	
772.02	4386.7	
772.2	4953.4	
772.38	3928.7	
772.55	3523.2	
772.73	5215.5	
772.91	4939.7	
773.09	3799	
773.26	3852.2	
773.44	5195	
773.62	4927.4	
773.8	3394.2	
773.97	3174.4	
774.15	5218.9	
774.33	4903.5	
774.5	3353.2	
774.68	3601.7	
774.86	5351.3	
775.04	4936.3	
775.21	3426.9	
775.39	3380.5	
775.57	5205.3	
775.74	5499.5	
775.92	3243.3	
776.1	3183.2	
776.27	5186.8	
776.45	6141.2	
776.63	3352.5	
776.81	3053.5	
776.98	4844.8	
777.16	5668.1	
777.34	3536.8	
777.51	3740.3	
777.69	4879.6	
777.87	4649.6	
778.04	3609.2	
778.22	4007.2	
778.4	4653	
778.57	5279	
778.75	2947	
778.93	3198.2	
779.1	4545.1	
779.28	4407.2	
779.46	2951.1	
779.64	3332	
779.81	5425.8	
779.99	6049	
780.17	4027	
780.34	4193.6	
780.52	4967.7	
780.69	5055.8	
780.87	3654.3	
781.05	3269.9	
781.22	5016.8	
781.4	5089.2	
781.58	3418.1	
781.75	2758.6	
781.93	5046.9	
782.11	4492.6	
782.28	4211.3	
782.46	3416	
782.64	4397	
782.81	5190.2	
782.99	3493.2	
783.17	3406.5	
783.34	5080.3	
783.52	4434.5	
783.69	3627	
783.87	4313.7	
784.05	4589.5	
784.22	4502.8	
784.4	4235.2	
784.58	3725.3	
784.75	5253	
784.93	4600.4	
785.1	3473.4	
785.28	3951.2	
785.46	5061.2	
785.63	4532.8	
785.81	3368.9	
785.99	3242.6	
786.16	4715.1	
786.34	4986.1	
786.51	3337.5	
786.69	3633.1	
786.87	4354	
787.04	4747.2	
787.22	3209.8	
787.39	3976.5	
787.57	4560.1	
787.75	5411.4	
787.92	4183.3	
788.1	4102.8	
788.27	4559.5	
788.45	4320.5	
788.63	3881.6	
788.8	2857.6	
788.98	4986.1	
789.15	4213.4	
789.33	2953.9	
789.5	3451.5	
789.68	5292	
789.86	5350.7	
790.03	3821.5	
790.21	3330.7	
790.38	5311.7	
790.56	4773.1	
790.73	3214.6	
790.91	3234.4	
791.09	4587.4	
791.26	5182.7	
791.44	3493.2	
791.61	2971.6	
791.79	4517.8	
791.96	4532.2	
792.14	3088.3	
792.32	2801.6	
792.49	4579.9	
792.67	4687.1	
792.84	3240.6	
793.02	2983.9	
793.19	4991.6	
793.37	5478.3	
793.54	2772.3	
793.72	3080.1	
793.89	5548.6	
794.07	4579.3	
794.25	3457.7	
794.42	2803	
794.6	5468.8	
794.77	5098.1	
794.95	3758.7	
795.12	3278.1	
795.3	4619.5	
795.47	5085.8	
795.65	3645.4	
795.82	3439.9	
796	4447.5	
796.17	5924.1	
796.35	3444	
796.52	3963.5	
796.7	5014.8	
796.87	5055.1	
797.05	3363.4	
797.22	4049.5	
797.4	5048.9	
797.57	5855.1	
797.75	3475.4	
797.92	3358.7	
798.1	5356.1	
798.27	4499.4	
798.45	2876.7	
798.62	3022.8	
798.8	4871.4	
798.97	5182	
799.15	3659.7	
799.32	3515	
799.5	4201.7	
799.67	4846.9	
799.85	3835.2	
800.02	2785.2	
800.2	4541	
800.37	4777.2	
800.55	3933.5	
800.72	3273.3	
800.9	5181.4	
801.07	5528.2	
801.25	4394.3	
801.42	3663.1	
801.6	5260.5	
801.77	4887.8	
801.95	3338.9	
802.12	3227.6	
802.29	4955.4	
802.47	4901.5	
802.64	3637.9	
802.82	2771.6	
802.99	4557.4	
803.17	5296	
803.34	3487.7	
803.52	3190.7	
803.69	5841.5	
803.87	4386.7	
804.04	3496.6	
804.21	3577.1	
804.39	5441.5	
804.56	4665.3	
804.74	2980.5	
804.91	3635.1	
805.09	4574.5	
805.26	4641.4	
805.44	3009.1	
805.61	3310.2	
805.78	5142.4	
805.96	5134.3	
806.13	3587.4	
806.31	3860.4	
806.48	4189.5	
806.66	4612.7	
806.83	3586.7	
807	3512.3	
807.18	4593.6	
807.35	4865.3	
807.53	3506.1	
807.7	2879.4	
807.87	5479	
808.05	4629.8	
808.22	3860.4	
808.4	2886.3	
808.57	4552.6	
808.74	4324.6	
808.92	3274	
809.09	4091.8	
809.27	4515.1	
809.44	5007.3	
809.61	2887.6	
809.79	3221.5	
809.96	5571.8	
810.14	5205.3	
810.31	2837.8	
810.48	3432.4	
810.66	4663.9	
810.83	5226.4	
811.01	3235.1	
811.18	3512.9	
811.35	5202.5	
811.53	4101.4	
811.7	3926	
811.87	3692.5	
812.05	4625.7	
812.22	4543.8	
812.39	3157.3	
812.57	3092.4	
812.74	4631.8	
812.92	5970.5	
813.09	3445.4	
813.26	3657	
813.44	5705.6	
813.61	4472.1	
813.78	2848.7	
813.96	3814	
814.13	4627.7	
814.3	4317.8	
814.48	4061.8	
814.65	3412.6	
814.82	5553.4	
815	4322.6	
815.17	3541.6	
815.34	4214	
815.52	4507.6	
815.69	4523.3	
815.87	3409.2	
816.04	3371.6	
816.21	4590.2	
816.38	4150.6	
816.56	3366.2	
816.73	3126.6	
816.9	5748	
817.08	5122	
817.25	3167.5	
817.42	3905.5	
817.6	4226.3	
817.77	4569.7	
817.94	3581.2	
818.12	3114.3	
818.29	4351.3	
818.46	6479.1	
818.64	3257.6	
818.81	3071.3	
818.98	4326.7	
819.16	6055.2	
819.33	3732.1	
819.5	3472	
819.67	4867.3	
819.85	5434.6	
820.02	3480.9	
820.19	3661.8	
820.37	4762.9	
820.54	4515.8	
820.71	3536.2	
820.88	4332.8	
821.06	4747.9	
821.23	4382	
821.4	3565.5	
821.58	3523.9	
821.75	5166.3	
821.92	4719.9	
822.09	2922.5	
822.27	2943.6	
822.44	4596.3	
822.61	4504.8	
822.79	2927.9	
822.96	5397.1	
823.13	4972.5	
823.3	4290.5	
823.48	3340.2	
823.65	3028.9	
823.82	5198.4	
823.99	4267.3	
824.17	4200.4	
824.34	3052.8	
824.51	5939.8	
824.68	4734.2	
824.86	3180.5	
825.03	3517	
825.2	4613.4	
825.37	5492.7	
825.55	3204.4	
825.72	3458.3	
825.89	5892	
826.06	5506.3	
826.24	3453.6	
826.41	3446.7	
826.58	5501.5	
826.75	4859.8	
826.92	2779.8	
827.1	3065.8	
827.27	7275.1	
827.44	5835.3	
827.61	3237.2	
827.79	3884.3	
827.96	4420.9	
828.13	4618.9	
828.3	3379.1	
828.47	2890.4	
828.65	4868.7	
828.82	4785.4	
828.99	4262.5	
829.16	3757.3	
829.34	5190.2	
829.51	4989.5	
829.68	3486.3	
829.85	3610.6	
830.02	5439.4	
830.2	5171.1	
830.37	2753.8	
830.54	4131.4	
830.71	5806	
830.88	4631.8	
831.05	2734	
831.23	3166.8	
831.4	5609.4	
831.57	6137.8	
831.74	3301.3	
831.91	2888.3	
832.09	4873.5	
832.26	5153.4	
832.43	3347.1	
832.6	3781.2	
832.77	4864.6	
832.94	5461.9	
833.12	2677.4	
833.29	3259	
833.46	4573.8	
833.63	6268.8	
833.8	3644.7	
833.97	3361.4	
834.15	5178.6	
834.32	5013.4	
834.49	3465.2	
834.66	3512.9	
834.83	5300.8	
835	4394.3	
835.17	3233.7	
835.35	3175	
835.52	5088.5	
835.69	4934.9	
835.86	3398.9	
836.03	2811.9	
836.2	5119.9	
836.37	4801.1	
836.55	3302.7	
836.72	3117	
836.89	4747.9	
837.06	5216.9	
837.23	3445.4	
837.4	3678.8	
837.57	5827.8	
837.75	6356.2	
837.92	3044.6	
838.09	3299.3	
838.26	4802.5	
838.43	5369.1	
838.6	3480.9	
838.77	3100.6	
838.94	6027.9	
839.11	5823.1	
839.29	3304.1	
839.46	2670.6	
839.63	5136.3	
839.8	4889.2	
839.97	3237.8	
840.14	3218	
840.31	5001.8	
840.48	5152.7	
840.65	2683.5	
840.82	3196.2	
841	5068.7	
841.17	5008.6	
841.34	2987.3	
841.51	3063.8	
841.68	5052.3	
841.85	4829.1	
842.02	3101.3	
842.19	2618	
842.36	4984.1	
842.53	4956.1	
842.7	3011.2	
842.87	3577.8	
843.05	6243.6	
843.22	4843.4	
843.39	2891	
843.56	3142.9	
843.73	4721.9	
843.9	5158.8	
844.07	4747.9	
844.24	3973.7	
844.41	7118.7	
844.58	4518.5	
844.75	2942.2	
844.92	3144.3	
845.09	5086.5	
845.26	5066.7	
845.43	2971.6	
845.6	3169.6	
845.77	5115.8	
845.94	4828.4	
846.12	3309.5	
846.29	3463.1	
846.46	5336.3	
846.63	5083.1	
846.8	3013.2	
846.97	3504.1	
847.14	5556.8	
847.31	5094	
847.48	3351.8	
847.65	3648.1	
847.82	5347.9	
847.99	5258.5	
848.16	3913.7	
848.33	3669.3	
848.5	4767.7	
848.67	5494.7	
848.84	2934.1	
849.01	3074	
849.18	4625	
849.35	4365.6	
849.52	3702	
849.69	2943.6	
849.86	5227.8	
850.03	5409.4	
850.2	2988.7	
850.37	3607.8	
850.54	5397.8	
850.71	4878.9	
850.88	3567.6	
851.05	2936.1	
851.22	5055.8	
851.39	5560.9	
851.56	2832.3	
851.73	3427.6	
851.9	4488.5	
852.07	5283.1	
852.24	3280.8	
852.41	2981.2	
852.58	5072.8	
852.75	4560.1	
852.92	3297.2	
853.09	2945	
853.26	4746.5	
853.43	5485.1	
853.6	3001.6	
853.77	2584.5	
853.94	5565	
854.11	4536.3	
854.28	4370.4	
854.44	3213.3	
854.61	5895.4	
854.78	5325.4	
854.95	2946.3	
855.12	3663.8	
855.29	4177.9	
855.46	5630.5	
855.63	3016	
855.8	4084.3	
855.97	4776.5	
856.14	5386.8	
856.31	4182	
856.48	3268.6	
856.65	4827.7	
856.82	4506.9	
856.99	2839.2	
857.16	3250.1	
857.33	6079.7	
857.49	4815.5	
857.66	3173	
857.83	3401.7	
858	4855.1	
858.17	4968.4	
858.34	2854.9	
858.51	2987.3	
858.68	5625.1	
858.85	5685.8	
859.02	3409.2	
859.19	3625.6	
859.36	4562.9	
859.52	4531.5	
859.69	2974.3	
859.86	3479.5	
860.03	4565.6	
860.2	5556.8	
860.37	2745.6	
860.54	3054.2	
860.71	5294	
860.88	5608	
861.05	3360	
861.21	3642.7	
861.38	5582.1	
861.55	4411.3	
861.72	2755.2	
861.89	3344.3	
862.06	5307	
862.23	5704.3	
862.4	2912.2	
862.56	3080.8	
862.73	5209.3	
862.9	4873.5	
863.07	3390.1	
863.24	2697.2	
863.41	4419.5	
863.58	4554	
863.75	3006.4	
863.91	3452.2	
864.08	5511.8	
864.25	5249.6	
864.42	3686.3	
864.59	4115.7	
864.76	5857.9	
864.93	4501.4	
865.09	2914.3	
865.26	3166.8	
865.43	5509.7	
865.6	5808.7	
865.77	2627.5	
865.94	2996.9	
866.1	5517.2	
866.27	5263.3	
866.44	4440.7	
866.61	2853.5	
866.78	4874.8	
866.95	5148.6	
867.11	2912.9	
867.28	2684.2	
867.45	5414.8	
867.62	4578.6	
867.79	3426.9	
867.96	2970.9	
868.12	4493.9	
868.29	5309.7	
868.46	2985.3	
868.63	3902.1	
868.8	5407.3	
868.97	5211.4	
869.13	3111.5	
869.3	3080.1	
869.47	5190.9	
869.64	5348.6	
869.81	2960.7	
869.97	2983.9	
870.14	5085.1	
870.31	5606.7	
870.48	2894.5	
870.65	3765.5	
870.81	4840.7	
870.98	4880.3	
871.15	3315	
871.32	3097.9	
871.48	5231.9	
871.65	5653.8	
871.82	2948.4	
871.99	3266.5	
872.16	6067.4	
872.32	5449	
872.49	3030.3	
872.66	2981.8	
872.83	5278.3	
872.99	4693.9	
873.16	3365.5	
873.33	2940.9	
873.5	4956.8	
873.67	5037.3	
873.83	3149.8	
874	3872.7	
874.17	5138.4	
874.34	5841.5	
874.5	3818.1	
874.67	3705.5	
874.84	5565	
875.01	4439.3	
875.17	4082.3	
875.34	2955.9	
875.51	5084.4	
875.68	5993.7	
875.84	3616.7	
876.01	4283	
876.18	5237.3	
876.34	5189.6	
876.51	3001	
876.68	2882.2	
876.85	4811.4	
877.01	5515.9	
877.18	4147.1	
877.35	2974.3	
877.52	5014.8	
877.68	4515.1	
877.85	2940.9	
878.02	2907.4	
878.18	4846.9	
878.35	4677.6	
878.52	2415.2	
878.69	3349.8	
878.85	5384.8	
879.02	5197.1	
879.19	4156	
879.35	3158	
879.52	5275.6	
879.69	5383.4	
879.86	2622.1	
880.02	3318.4	
880.19	4877.6	
880.36	5877	
880.52	3405.1	
880.69	3528.7	
880.86	5403.2	
881.02	5369.8	
881.19	3292.5	
881.36	3248.8	
881.52	5227.1	
881.69	4678.2	
881.86	3203.7	
882.02	3160	
882.19	5422.3	
882.36	6300.9	
882.52	3071.3	
882.69	4123.2	
882.86	5050.3	
883.02	5014.1	
883.19	3618.1	
883.36	3371.6	
883.52	5322.7	
883.69	5989.6	
883.86	2987.3	
884.02	2736.1	
884.19	5284.4	
884.36	4986.8	
884.52	3356.6	
884.69	3165.5	
884.86	4685.8	
885.02	5739.1	
885.19	3304.1	
885.36	3402.4	
885.52	4917.9	
885.69	5098.1	
885.86	4214	
886.02	3753.2	
886.19	5324.7	
886.35	4805.9	
886.52	3329.3	
886.69	4138.3	
886.85	4573.1	
887.02	5533.6	
887.19	5533.6	
887.35	5533.6	
887.52	5533.6	
887.68	5533.6	
887.85	5533.6	
888.02	5533.6	
888.18	5533.6	
888.35	5533.6	
888.51	5533.6	
888.68	5533.6	
888.85	5533.6	
889.01	5533.6	
889.18	5533.6	
889.35	5533.6	
889.51	5533.6	
889.68	5533.6	
889.84	5533.6	
890.01	5533.6	
890.17	5533.6	
890.34	5533.6	
890.51	5533.6	
890.67	5533.6	
890.84	5533.6	
891	5533.6	
891.17	5533.6	
891.34	5533.6	
891.5	5533.6	
891.67	5533.6	
891.83	5533.6	
892	5533.6	
892.16	5533.6	
892.33	5533.6	
892.5	5533.6	
892.66	5533.6	
892.83	5533.6	
892.99	5533.6	
893.16	5533.6	
893.32	5533.6	
893.49	5533.6	
893.65	5533.6	
893.82	5533.6	
893.99	5533.6	
894.15	5533.6	
894.32	5533.6	
894.48	5533.6	
894.65	5533.6	
894.81	5533.6	
894.98	5533.6	
895.14	5533.6	
895.31	5533.6	
895.47	5533.6	
895.64	5533.6	
895.81	5533.6	
895.97	5533.6	
896.14	5533.6	
896.3	5533.6	
896.47	5533.6	
896.63	5533.6	
896.8	5533.6	
896.96	5533.6	
897.13	5533.6	
897.29	5533.6	
897.46	5533.6	
897.62	5533.6	
897.79	5533.6	
897.95	5533.6	
898.12	5533.6	
898.28	5533.6	
898.45	5533.6	
898.61	5533.6	
898.78	5533.6	
898.94	5533.6	
899.11	5533.6	
899.27	5533.6	
899.44	5533.6	
899.6	5533.6	
899.77	5533.6	
899.93	5533.6	
900.1	5533.6	
900.26	5533.6	
900.43	5533.6	
900.59	5533.6	
900.76	5533.6	
900.92	5533.6	
901.09	5533.6	
901.25	5533.6	
901.42	5533.6	
901.58	5533.6	
901.75	5533.6	
901.91	5533.6	
902.07	5533.6	
902.24	5533.6	
902.4	5533.6	
902.57	5533.6	
902.73	5533.6	
902.9	5533.6	
903.06	5533.6	
903.23	5533.6	
903.39	5533.6	
903.56	5533.6	
903.72	5533.6	
903.88	5533.6	
904.05	5533.6	
904.21	5533.6	
904.38	5533.6	
904.54	5533.6	
904.71	5533.6	
904.87	5533.6	
905.03	5533.6	
905.2	5533.6	
905.36	5533.6	
905.53	5533.6	
905.69	5533.6	
905.86	5533.6	
906.02	5533.6	
906.18	5533.6	
906.35	5533.6	
906.51	5533.6	
906.68	5533.6	
906.84	5533.6	
907.01	5533.6	
907.17	5533.6	
907.33	5533.6	
907.5	5533.6	
907.66	5533.6	
907.83	5533.6	
907.99	5533.6	
908.15	5533.6	
908.32	5533.6	
908.48	5533.6	
908.65	5533.6	
908.81	5533.6	
908.97	5533.6	
909.14	5533.6	
909.3	5533.6	
909.47	5533.6	
909.63	5533.6	
909.79	5533.6	
909.96	5533.6	
910.12	5533.6	
910.28	5533.6	
910.45	5533.6	
910.61	5533.6	
910.78	5533.6	
910.94	5533.6	
911.1	5533.6	
911.27	5533.6	
911.43	5533.6	
911.59	5533.6	
911.76	5533.6	
911.92	5533.6	
912.08	5533.6	
912.25	5533.6	
912.41	5533.6	
912.57	5533.6	
912.74	5533.6	
912.9	5533.6	
913.07	5533.6	
913.23	5533.6	
913.39	5533.6	
913.56	5533.6	
913.72	5533.6	
913.88	5533.6	
914.05	5533.6	
914.21	5533.6	
914.37	5533.6	
914.54	5533.6	
914.7	5533.6	
914.86	5533.6	
915.03	5533.6	
915.19	5533.6	
