Wavelength	Intensities	
nm	a.u.	
179.22	1705.6	
179.44	1703.2	
179.65	1708	
179.86	1698.4	
180.08	1695.7	
180.29	3926	
180.51	3048.1	
180.72	5004.6	
180.94	5621	
181.15	2787.3	
181.37	2723.8	
181.58	4829.8	
181.79	5035.3	
182.01	2820.7	
182.22	3006.4	
182.44	5038.7	
182.65	4325.3	
182.87	3683.6	
183.08	3295.9	
183.29	5296	
183.51	4450.2	
183.72	2997.5	
183.94	4169.7	
184.15	4764.9	
184.37	4665.3	
184.58	2738.8	
184.79	3521.8	
185.01	4514.4	
185.22	5055.1	
185.44	3691.8	
185.65	3205.1	
185.86	4732.9	
186.08	4375.1	
186.29	2685.6	
186.51	2831.7	
186.72	4502.8	
186.94	5108.3	
187.15	3218.7	
187.36	3282.2	
187.58	6441.5	
187.79	4856.4	
188.01	3394.2	
188.22	5043.5	
188.43	5592.3	
188.65	5025	
188.86	2843.9	
189.08	3347.1	
189.29	4626.4	
189.5	4577.2	
189.72	3004.4	
189.93	3069.9	
190.15	5150.6	
190.36	5993	
190.57	3334.8	
190.79	3213.3	
191	5199.1	
191.22	5188.2	
191.43	3369.6	
191.64	2815.3	
191.86	5349.3	
192.07	5188.9	
192.29	2984.6	
192.5	3027.6	
192.71	5157.5	
192.93	4602.5	
193.14	3074	
193.35	3097.9	
193.57	4566.3	
193.78	5175.9	
194	2536.8	
194.21	3019.4	
194.42	4399.7	
194.64	4747.2	
194.85	3259	
195.07	3758.7	
195.28	4719.9	
195.49	4254.3	
195.71	3943.7	
195.92	2906.1	
196.13	4993.6	
196.35	4954.7	
196.56	4169	
196.78	3291.8	
196.99	5988.3	
197.2	5562.3	
197.42	3622.9	
197.63	3313.6	
197.84	4362.9	
198.06	4908.3	
198.27	3072	
198.48	3930.7	
198.7	4548.5	
198.91	4765.6	
199.13	3345	
199.34	3338.2	
199.55	5156.1	
199.77	4145.1	
199.98	2922.5	
200.19	3377.1	
200.41	4701.5	
200.62	4435.9	
200.83	3402.4	
201.05	3589.4	
201.26	4727.4	
201.47	4546.5	
201.69	2946.3	
201.9	2896.5	
202.11	4785.4	
202.33	5507	
202.54	3123.8	
202.76	3421.5	
202.97	4696	
203.18	4831.2	
203.4	3485	
203.61	3432.4	
203.82	4814.8	
204.04	4491.9	
204.25	3352.5	
204.46	3225.6	
204.68	4762.9	
204.89	4870.1	
205.1	3233.1	
205.32	2897.9	
205.53	5038.7	
205.74	5195.7	
205.96	2549.7	
206.17	3325.9	
206.38	5055.8	
206.6	5115.1	
206.81	3773.7	
207.02	3115.6	
207.24	4889.2	
207.45	5252.4	
207.66	3148.4	
207.88	2800.9	
208.09	4927.4	
208.3	4789.5	
208.52	2927.9	
208.73	3221.5	
208.94	4770.4	
209.15	5246.9	
209.37	3142.9	
209.58	3540.9	
209.79	5190.9	
210.01	4614.8	
210.22	2658.3	
210.43	2753.2	
210.65	4704.2	
210.86	4983.4	
211.07	3188	
211.29	2931.3	
211.5	4967	
211.71	4750.6	
211.93	2942.9	
212.14	2963.4	
212.35	4732.2	
212.56	4810	
212.78	3323.2	
212.99	2795.5	
213.2	5410.1	
213.42	4617.5	
213.63	3058.3	
213.84	3211.2	
214.06	4356.7	
214.27	4383.3	
214.48	3178.4	
214.69	3381.2	
214.91	5299.5	
215.12	5306.3	
215.33	3439.9	
215.55	3648.8	
215.76	5668.1	
215.97	4999.1	
216.18	3192.8	
216.4	3295.9	
216.61	4487.8	
216.82	5068.7	
217.04	2975	
217.25	3090.4	
217.46	5242.8	
217.67	5066	
217.89	2669.9	
218.1	2760	
218.31	4787.5	
218.53	4911.7	
218.74	3119.1	
218.95	3015.3	
219.16	4734.2	
219.38	5425.8	
219.59	3012.6	
219.8	3426.9	
220.01	5856.5	
220.23	4792.9	
220.44	3791.5	
220.65	2931.3	
220.87	4807.9	
221.08	5286.5	
221.29	2752.5	
221.5	3538.9	
221.72	6163	
221.93	4565.6	
222.14	3372.3	
222.35	3817.4	
222.57	4733.5	
222.78	5121.3	
222.99	3219.4	
223.2	3360.7	
223.42	4980.7	
223.63	5058.5	
223.84	2525.1	
224.05	2551.8	
224.27	5718.6	
224.48	5330.9	
224.69	3889.1	
224.9	3345.7	
225.12	4848.9	
225.33	4701.5	
225.54	2742.9	
225.75	3007.1	
225.97	4458.4	
226.18	4733.5	
226.39	3133.4	
226.6	3005.7	
226.82	4554	
227.03	4447.5	
227.24	3300	
227.45	2811.2	
227.67	5065.3	
227.88	5390.9	
228.09	3667.2	
228.3	3679.5	
228.52	5047.6	
228.73	4749.2	
228.94	3104	
229.15	2820.1	
229.36	4755.4	
229.58	4687.8	
229.79	3155.2	
230	3588.7	
230.21	5474.2	
230.43	4815.5	
230.64	3300.6	
230.85	3341.6	
231.06	5096.7	
231.28	5104.2	
231.49	2831.7	
231.7	3257.6	
231.91	5025.7	
232.12	4764.9	
232.34	2935.4	
232.55	3209.8	
232.76	5219.6	
232.97	4819.6	
233.18	2963.4	
233.4	3284.3	
233.61	4839.4	
233.82	4537.6	
234.03	3093.8	
234.25	3098.6	
234.46	6290	
234.67	4763.6	
234.88	3355.3	
235.09	3047.4	
235.31	4919.2	
235.52	4648.9	
235.73	3283.6	
235.94	2861.7	
236.15	4539	
236.37	5557.5	
236.58	2966.8	
236.79	3210.5	
237	5033.2	
237.21	4384.7	
237.43	3396.2	
237.64	2732.7	
237.85	7847.8	
238.06	4466.6	
238.27	3389.4	
238.48	2854.2	
238.7	5029.8	
238.91	4678.9	
239.12	3140.2	
239.33	3250.8	
239.54	4460.5	
239.76	4697.4	
239.97	3151.1	
240.18	3207.1	
240.39	5596.4	
240.6	4852.3	
240.82	3321.8	
241.03	2807.1	
241.24	4728.8	
241.45	5281	
241.66	2954.5	
241.87	3442	
242.09	5261.2	
242.3	5507.7	
242.51	3451.5	
242.72	3171.6	
242.93	5060.5	
243.14	4727.4	
243.36	3560.1	
243.57	3867.9	
243.78	5378.6	
243.99	5015.5	
244.2	3169.6	
244.41	2908.8	
244.63	4422.2	
244.84	4992.9	
245.05	3383.2	
245.26	3173.7	
245.47	5001.1	
245.68	5070.8	
245.9	4038.6	
246.11	3340.2	
246.32	4565.6	
246.53	4919.9	
246.74	4969.1	
246.95	2761.3	
247.16	4493.9	
247.38	4752	
247.59	2797.5	
247.8	3234.4	
248.01	4442	
248.22	4763.6	
248.43	2960	
248.64	3145	
248.86	4347.2	
249.07	4554.7	
249.28	2915.6	
249.49	3233.7	
249.7	5126.7	
249.91	5165.7	
250.12	2783.2	
250.34	2783.9	
250.55	4823.6	
250.76	4807.3	
250.97	3288.4	
251.18	3316.3	
251.39	5217.5	
251.6	4885.8	
251.81	3308.2	
252.03	3306.1	
252.24	4579.3	
252.45	5107.6	
252.66	2870.6	
252.87	3470.6	
253.08	4723.3	
253.29	5933.6	
253.5	2882.9	
253.72	3820.8	
253.93	4649.6	
254.14	5465.3	
254.35	3084.2	
254.56	3134.1	
254.77	4943.8	
254.98	4478.2	
255.19	3061.7	
255.41	3715	
255.62	4896.7	
255.83	5172.5	
256.04	3349.1	
256.25	3279.5	
256.46	5636	
256.67	4541	
256.88	3262.4	
257.09	3608.5	
257.31	4450.9	
257.52	4523.3	
257.73	4007.2	
257.94	3030.3	
258.15	4690.5	
258.36	4803.2	
258.57	3748.5	
258.78	2498.5	
258.99	5117.9	
259.2	4634.6	
259.41	3068.5	
259.63	3192.1	
259.84	5353.4	
260.05	5635.3	
260.26	3915	
260.47	3048.7	
260.68	5171.8	
260.89	4654.4	
261.1	3638.6	
261.31	2941.6	
261.52	5238.7	
261.73	5464	
261.95	3830.4	
262.16	3368.2	
262.37	5253.7	
262.58	5355.4	
262.79	3771.7	
263	3103.4	
263.21	4839.4	
263.42	4379.2	
263.63	3368.9	
263.84	3091.1	
264.05	5128.1	
264.26	5409.4	
264.47	3700	
264.69	3289.7	
264.9	5327.4	
265.11	4919.9	
265.32	3001.6	
265.53	3024.2	
265.74	4797	
265.95	4314.4	
266.16	3227.6	
266.37	3527.3	
266.58	4879.6	
266.79	4636.6	
267	3018.7	
267.21	2890.4	
267.42	4445.5	
267.63	4737.6	
267.84	3195.5	
268.06	2828.9	
268.27	5143.8	
268.48	5279.7	
268.69	3130	
268.9	3528.7	
269.11	5311.7	
269.32	4295.3	
269.53	3213.9	
269.74	2975.7	
269.95	4910.3	
270.16	4288.4	
270.37	3207.8	
270.58	3642.7	
270.79	4666	
271	5119.2	
271.21	3345	
271.42	3232.4	
271.63	4954	
271.84	4411.3	
272.05	2658.3	
272.26	2889.7	
272.47	4777.9	
272.68	4877.6	
272.89	3103.4	
273.11	3472.7	
273.32	4622.3	
273.53	5408.7	
273.74	3418.7	
273.95	3319.8	
274.16	5102.9	
274.37	4745.8	
274.58	3483.6	
274.79	2849.4	
275	4917.2	
275.21	5199.8	
275.42	4099.4	
275.63	3532.7	
275.84	5039.4	
276.05	6030.6	
276.26	3358.7	
276.47	3160.7	
276.68	4693.9	
276.89	5497.4	
277.1	3545.7	
277.31	2825.5	
277.52	4977.9	
277.73	5162.2	
277.94	2831.7	
278.15	3082.9	
278.36	4885.1	
278.57	4565.6	
278.78	3067.9	
278.99	3425.6	
279.2	4596.3	
279.41	4425	
279.62	3965.6	
279.83	2916.3	
280.04	5588.2	
280.25	4463.2	
280.46	3851.5	
280.67	3211.9	
280.88	4475.5	
281.09	5256.5	
281.3	3371	
281.51	4094.6	
281.72	4625.7	
281.93	5092.6	
282.14	3046	
282.35	3201.7	
282.56	5185.5	
282.77	5094	
282.98	3124.5	
283.19	3695.2	
283.4	6021	
283.61	4728.1	
283.82	2936.1	
284.03	3850.2	
284.24	4870.1	
284.45	5173.2	
284.66	3868.6	
284.87	3716.4	
285.08	5173.2	
285.29	5311.1	
285.5	2794.8	
285.71	3166.2	
285.92	5149.3	
286.12	5700.9	
286.33	3872.7	
286.54	3145.7	
286.75	5151.3	
286.96	4655	
287.17	2925.2	
287.38	3767.6	
287.59	4529.4	
287.8	4528.1	
288.01	3125.2	
288.22	3491.1	
288.43	5029.1	
288.64	4394.9	
288.85	3618.1	
289.06	3443.3	
289.27	5085.8	
289.48	5421.7	
289.69	3879.5	
289.9	3525.2	
290.11	5287.2	
290.32	4573.8	
290.53	3666.5	
290.74	3394.8	
290.94	5127.4	
291.15	5141.8	
291.36	3040.6	
291.57	3525.9	
291.78	4605.2	
291.99	4328.7	
292.2	2942.9	
292.41	3446	
292.62	5168.4	
292.83	5071.5	
293.04	4134.2	
293.25	2983.2	
293.46	4676.2	
293.67	5183.4	
293.88	3015.3	
294.09	2956.6	
294.29	4450.9	
294.5	4831.2	
294.71	3206.4	
294.92	3080.1	
295.13	4621.6	
295.34	5584.8	
295.55	2812.5	
295.76	2777	
295.97	5048.9	
296.18	5533.6	
296.39	2879.4	
296.6	2993.4	
296.81	4835.9	
297.01	5066.7	
297.22	3160	
297.43	2995.5	
297.64	4603.2	
297.85	4450.2	
298.06	2616.6	
298.27	2736.8	
298.48	4735.6	
298.69	4551.3	
298.9	3230.3	
299.11	2996.2	
299.31	4443.4	
299.52	4482.3	
299.73	3437.2	
299.94	3423.5	
300.15	4780.6	
300.36	4539.7	
300.57	3444	
300.78	3351.8	
300.99	4639.3	
301.2	4851	
301.4	3056.3	
301.61	3237.2	
301.82	4986.8	
302.03	5095.3	
302.24	3532.1	
302.45	2927.9	
302.66	4949.9	
302.87	5255.8	
303.08	3061	
303.29	4057.7	
303.49	4640.7	
303.7	4750.6	
303.91	2818	
304.12	3799	
304.33	4388.1	
304.54	4904.2	
304.75	3018.7	
304.96	2934.1	
305.16	5038.7	
305.37	5461.2	
305.58	2737.5	
305.79	2772.9	
306	4999.1	
306.21	4307.6	
306.42	3056.9	
306.63	4388.1	
306.83	4657.8	
307.04	5054.4	
307.25	3317.7	
307.46	3295.9	
307.67	4264.6	
307.88	5040.1	
308.09	3010.5	
308.29	3117	
308.5	4842.1	
308.71	5184.1	
308.92	3194.1	
309.13	2965.5	
309.34	4759.5	
309.55	4715.8	
309.75	3693.9	
309.96	3384.6	
310.17	5062.6	
310.38	4525.3	
310.59	3540.3	
310.8	2831.7	
311.01	5529.5	
311.21	4728.8	
311.42	2982.5	
311.63	2983.9	
311.84	4620.9	
312.05	4795.7	
312.26	3362.8	
312.46	3562.8	
312.67	4650.9	
312.88	4435.9	
313.09	2902	
313.3	2881.5	
313.51	5365.7	
313.71	5622.4	
313.92	2970.2	
314.13	3059.7	
314.34	4934.9	
314.55	4721.3	
314.76	3679.5	
314.96	3278.1	
315.17	4914.4	
315.38	5102.2	
315.59	2923.1	
315.8	2801.6	
316.01	5315.8	
316.21	5486.5	
316.42	2914.9	
316.63	3215.3	
316.84	4635.9	
317.05	5201.2	
317.26	3439.9	
317.46	3079.5	
317.67	4734.2	
317.88	5033.9	
318.09	3604.4	
318.3	2764.1	
318.5	4642.1	
318.71	4962.9	
318.92	4498.7	
319.13	3444	
319.34	5150.6	
319.54	5190.9	
319.75	2782.5	
319.96	2710.1	
320.17	4976.6	
320.38	5159.5	
320.58	2703.3	
320.79	3160	
321	5222.3	
321.21	5251	
321.42	3231	
321.62	2712.2	
321.83	4496.7	
322.04	4825.7	
322.25	3134.1	
322.46	2892.4	
322.66	4839.4	
322.87	5005.9	
323.08	3553.2	
323.29	2893.1	
323.5	5529.5	
323.7	4402.5	
323.91	3824.9	
324.12	3512.9	
324.33	4900.8	
324.53	5006.6	
324.74	3383.2	
324.95	3558.7	
325.16	4408.6	
325.37	4618.9	
325.57	2959.3	
325.78	2983.9	
325.99	4861.2	
326.2	4350.6	
326.4	4031.8	
326.61	2772.3	
326.82	4735.6	
327.03	4802.5	
327.24	3984	
327.44	3760.1	
327.65	5001.8	
327.86	4145.1	
328.07	3372.3	
328.27	2859	
328.48	5300.1	
328.69	4416.1	
328.9	4039.3	
329.1	3115	
329.31	4698.7	
329.52	5389.6	
329.73	3009.8	
329.93	3249.4	
330.14	4873.5	
330.35	4936.3	
330.56	4627.7	
330.76	3524.6	
330.97	4720.6	
331.18	4883	
331.39	3287	
331.59	2718.3	
331.8	5260.5	
332.01	5313.8	
332.22	3074	
332.42	3390.1	
332.63	4864.6	
332.84	4504.8	
333.05	3269.9	
333.25	3004.4	
333.46	4616.1	
333.67	4790.2	
333.88	3114.3	
334.08	3383.9	
334.29	6118.6	
334.5	5183.4	
334.7	2868.5	
334.91	4001.7	
335.12	4405.2	
335.33	5061.9	
335.53	3276.8	
335.74	4513.7	
335.95	4629.1	
336.16	4435.9	
336.36	3219.4	
336.57	3667.2	
336.78	4446.8	
336.98	5213.4	
337.19	3893.2	
337.4	3178.4	
337.61	5626.5	
337.81	4411.3	
338.02	3054.9	
338.23	3691.8	
338.43	5354.1	
338.64	4549.2	
338.85	2971.6	
339.05	3787.4	
339.26	5429.2	
339.47	4355.3	
339.68	3016.7	
339.88	4182.6	
340.09	5009.3	
340.3	5165.7	
340.5	3444.7	
340.71	2739.5	
340.92	4460.5	
341.13	5285.8	
341.33	2850.8	
341.54	3358.7	
341.75	4966.3	
341.95	4645.5	
342.16	3336.1	
342.37	3521.8	
342.57	4448.2	
342.78	4726	
342.99	3585.3	
343.19	2750.4	
343.4	5126.1	
343.61	4984.8	
343.81	3148.4	
344.02	2906.1	
344.23	5068.7	
344.43	5345.2	
344.64	3597.6	
344.85	3474	
345.06	4983.4	
345.26	5229.8	
345.47	3397.6	
345.68	3858.4	
345.88	4354	
346.09	5121.3	
346.3	3420.1	
346.5	2682.2	
346.71	4730.1	
346.92	4545.1	
347.12	2840.5	
347.33	3355.3	
347.54	5120.6	
347.74	5430.5	
347.95	3283.6	
348.16	2658.9	
348.36	4600.4	
348.57	4494.6	
348.78	3424.9	
348.98	3601	
349.19	4801.8	
349.39	4405.2	
349.6	2786.6	
349.81	3033	
350.01	4989.5	
350.22	4579.3	
350.43	3317.7	
350.63	3906.8	
350.84	4798.4	
351.05	4619.5	
351.25	3020.8	
351.46	2820.1	
351.67	5154.1	
351.87	4548.5	
352.08	3215.3	
352.29	3586	
352.49	5127.4	
352.7	5171.1	
352.9	2932	
353.11	3504.1	
353.32	5620.3	
353.52	4697.4	
353.73	2940.9	
353.94	3672.7	
354.14	4997.7	
354.35	4878.9	
354.55	3005.7	
354.76	3295.2	
354.97	4968.4	
355.17	4838.7	
355.38	2910.8	
355.59	3799	
355.79	4610.7	
356	4798.4	
356.2	3245.3	
356.41	3011.2	
356.62	4463.9	
356.82	4781.3	
357.03	3512.9	
357.24	3202.3	
357.44	4612	
357.65	4743.1	
357.85	4075.5	
358.06	3365.5	
358.27	4409.3	
358.47	4579.3	
358.68	2955.2	
358.88	3567.6	
359.09	5018.2	
359.3	5287.2	
359.5	4033.1	
359.71	3648.8	
359.91	5610.1	
360.12	5110.4	
360.33	3595.6	
360.53	3925.3	
360.74	4674.1	
360.94	4712.4	
361.15	3771.7	
361.36	3203.7	
361.56	5307	
361.77	4906.3	
361.97	4061.8	
362.18	3321.8	
362.38	5304.2	
362.59	4649.6	
362.8	3174.4	
363	3102	
363.21	4425	
363.41	4962.2	
363.62	3502	
363.83	4221.5	
364.03	5147.2	
364.24	5677.7	
364.44	4365.6	
364.65	4306.2	
364.85	4901.5	
365.06	4711	
365.27	3293.8	
365.47	3402.4	
365.68	5564.3	
365.88	4923.3	
366.09	3690.4	
366.29	3442	
366.5	5048.2	
366.71	5347.9	
366.91	4308.9	
367.12	3781.9	
367.32	5814.9	
367.53	5390.9	
367.73	3736.2	
367.94	4530.8	
368.14	5332.9	
368.35	5797.8	
368.56	3698.6	
368.76	3287	
368.97	5438.7	
369.17	6480.5	
369.38	3321.1	
369.58	3608.5	
369.79	4668.7	
369.99	5686.5	
370.2	4297.3	
370.4	3661.8	
370.61	5117.9	
370.82	6098.9	
371.02	3586.7	
371.23	3135.4	
371.43	4705.5	
371.64	5657.9	
371.84	3670	
372.05	4459.8	
372.25	6442.9	
372.46	5350.7	
372.66	3634.5	
372.87	3655.6	
373.07	5401.2	
373.28	6628.6	
373.48	4431.8	
373.69	4182.6	
373.9	5190.2	
374.1	5186.1	
374.31	4412.7	
374.51	4016.7	
374.72	5722.7	
374.92	5014.8	
375.13	4525.3	
375.33	3889.8	
375.54	5466.7	
375.74	5124	
375.95	4063.2	
376.15	4936.3	
376.36	5595.1	
376.56	5450.3	
376.77	4069.3	
376.97	4377.2	
377.18	6399.2	
377.38	5660.6	
377.59	4615.4	
377.79	3868.6	
378	5491.3	
378.2	5823.7	
378.41	3875.4	
378.61	3864.5	
378.82	5898.1	
379.02	5433.9	
379.23	4076.1	
379.43	4732.2	
379.64	5975.3	
379.84	5760.3	
380.05	3973.1	
380.25	3870	
380.46	5766.4	
380.66	5461.9	
380.87	4828.4	
381.07	5051.7	
381.28	6152.1	
381.48	5733.6	
381.69	3887	
381.89	3982.6	
382.1	5026.4	
382.3	5829.9	
382.51	4733.5	
382.71	5332.9	
382.91	5625.8	
383.12	6053.8	
383.32	4151.9	
383.53	4275.5	
383.73	5634.6	
383.94	5554.8	
384.14	4251.6	
384.35	3697.9	
384.55	5362.9	
384.76	5679.7	
384.96	4173.1	
385.17	4359.4	
385.37	5719.3	
385.58	5213.4	
385.78	4362.9	
385.98	3665.9	
386.19	5296.7	
386.39	5610.8	
386.6	3976.5	
386.8	4124.6	
387.01	5666.7	
387.21	5756.2	
387.42	4457.1	
387.62	4820.2	
387.83	5310.4	
388.03	5632.6	
388.23	4280.3	
388.44	4827.7	
388.64	5071.5	
388.85	5196.4	
389.05	4444.1	
389.26	4930.1	
389.46	6714.6	
389.67	6198.5	
389.87	4609.3	
390.07	4579.3	
390.28	5607.3	
390.48	5327.4	
390.69	4115.1	
390.89	4315.8	
391.1	5527.5	
391.3	6105	
391.5	5141.1	
391.71	5509.7	
391.91	6015.6	
392.12	6608.8	
392.32	5212.8	
392.53	4644.1	
392.73	5662.6	
392.93	5722.7	
393.14	4433.2	
393.34	4952	
393.55	5990.3	
393.75	5658.5	
393.95	4399.7	
394.16	4316.4	
394.36	5584.8	
394.57	6063.4	
394.77	4053.6	
394.98	4291.2	
395.18	5520	
395.38	5567.7	
395.59	4974.5	
395.79	4287.1	
396	5706.3	
396.2	6050.4	
396.4	4928.1	
396.61	4853	
396.81	6199.9	
397.02	5725.4	
397.22	5143.8	
397.42	5153.4	
397.63	6330.3	
397.83	5784.8	
398.04	4416.1	
398.24	4848.2	
398.44	6139.1	
398.65	5397.8	
398.85	4288.4	
399.05	4408.6	
399.26	5887.9	
399.46	6978.1	
399.67	4676.9	
399.87	4617.5	
400.07	6098.2	
400.28	6305	
400.48	4597	
400.69	5417.6	
400.89	6550.1	
401.09	6836.1	
401.3	4581.3	
401.5	5430.5	
401.7	7090.8	
401.91	7283.3	
402.11	5029.8	
402.32	5073.5	
402.52	6691.4	
402.72	6554.9	
402.93	5281.7	
403.13	4491.9	
403.33	7166.5	
403.54	6105	
403.74	4957.4	
403.94	5486.5	
404.15	6119.3	
404.35	6972.7	
404.56	4706.2	
404.76	5933.6	
404.96	6461.3	
405.17	6248.4	
405.37	5620.3	
405.57	5107	
405.78	6524.8	
405.98	6230.6	
406.18	4919.9	
406.39	5547.9	
406.59	6687.3	
406.79	6371.2	
407	4743.8	
407.2	4746.5	
407.4	6917.4	
407.61	6753.5	
407.81	4779.3	
408.01	6496.8	
408.22	5951.4	
408.42	7391.1	
408.62	5772.5	
408.83	5441.5	
409.03	6594.5	
409.23	6614.3	
409.44	5659.2	
409.64	5831.9	
409.84	7501.7	
410.05	7549.5	
410.25	5962.3	
410.45	5791.7	
410.66	7379.5	
410.86	9114.8	
411.06	6313.2	
411.27	6195.1	
411.47	9034.3	
411.67	7515.4	
411.88	6378.1	
412.08	6703.7	
412.28	8090.8	
412.49	8466.3	
412.69	6481.1	
412.89	6475	
413.09	8454.7	
413.3	8464.3	
413.5	6651.8	
413.7	6426.5	
413.91	7851.2	
414.11	8491.6	
414.31	6547.4	
414.52	7066.2	
414.72	8325.7	
414.92	8269.7	
415.12	6609.5	
415.33	7085.3	
415.53	8662.9	
415.73	8839	
415.94	7338.6	
416.14	6910.5	
416.34	8083.3	
416.55	7798	
416.75	7752.9	
416.95	7415	
417.15	8854.7	
417.36	9181.7	
417.56	8093.6	
417.76	7395.9	
417.97	9062.9	
418.17	8939.4	
418.37	7133.8	
418.57	7133.8	
418.78	8824	
418.98	8505.9	
419.18	7849.2	
419.38	7806.9	
419.59	8611.7	
419.79	8219.9	
419.99	7115.3	
420.2	7365.2	
420.4	8931.2	
420.6	8966.7	
420.8	7048.4	
421.01	6948.8	
421.21	8838.4	
421.41	8902.5	
421.61	7271	
421.82	7133.8	
422.02	8559.8	
422.22	9183.8	
422.42	7823.9	
422.63	7293.5	
422.83	8557.8	
423.03	9559.2	
423.23	7431.4	
423.44	6630	
423.64	8590.5	
423.84	8193.9	
424.04	7071	
424.25	6849.1	
424.45	9158.5	
424.65	9140.1	
424.85	6574.7	
425.06	7045	
425.26	9334.6	
425.46	8403.5	
425.66	7328.3	
425.87	7141.9	
426.07	8985.8	
426.27	8841.8	
426.47	7259.4	
426.67	6763.8	
426.88	9244.5	
427.08	8832.2	
427.28	7421.8	
427.48	6697.5	
427.69	8022.6	
427.89	8568.7	
428.09	7340.6	
428.29	6742.6	
428.5	8946.9	
428.7	8746.2	
428.9	6713.9	
429.1	7049.8	
429.3	8677.9	
429.51	8844.5	
429.71	6894.1	
429.91	7535.8	
430.11	9006.3	
430.31	9189.9	
430.52	7308.5	
430.72	7601.4	
430.92	9470.5	
431.12	9016.5	
431.32	7111.9	
431.53	7374.1	
431.73	8355.7	
431.93	9561.3	
432.13	7060.7	
432.33	6949.4	
432.54	8697.7	
432.74	8920.3	
432.94	7031.4	
433.14	7692.2	
433.34	9189.9	
433.55	8936.7	
433.75	7729.7	
433.95	9191.3	
434.15	9071.1	
434.35	8873.2	
434.56	7322.9	
434.76	7044.3	
434.96	9095	
435.16	9452.1	
435.36	7268.2	
435.56	8129.8	
435.77	9008.3	
435.97	9221.3	
436.17	8752.3	
436.37	8200.1	
436.57	9034.3	
436.78	9129.2	
436.98	9358.5	
437.18	8647.2	
437.38	9665.7	
437.58	9258.9	
437.78	8721.6	
437.99	7723.6	
438.19	9579	
438.39	10664	
438.59	7813.7	
438.79	7395.2	
438.99	10066	
439.2	9157.2	
439.4	7190.4	
439.6	7174	
439.8	9286.2	
440	10082	
440.2	8111.3	
440.4	8202.8	
440.61	9753.1	
440.81	10118	
441.01	7757	
441.21	8585.1	
441.41	10449	
441.61	10068	
441.81	8947.6	
442.02	9637.7	
442.22	10820	
442.42	10210	
442.62	8180.3	
442.82	8086.7	
443.02	10574	
443.22	9910.8	
443.43	8460.2	
443.63	7998	
443.83	9622.7	
444.03	9732.6	
444.23	9111.4	
444.43	8814.5	
444.63	10176	
444.83	11049	
445.04	8533.9	
445.24	9396.1	
445.44	10343	
445.64	10600	
445.84	8819.9	
446.04	9007	
446.24	9873.9	
446.44	10622	
446.65	8149.6	
446.85	8672.5	
447.05	9904	
447.25	10574	
447.45	8570.7	
447.65	8108.6	
447.85	10040	
448.05	9594.1	
448.25	8991.9	
448.46	8759.2	
448.66	10129	
448.86	9716.2	
449.06	8200.1	
449.26	8867	
449.46	10435	
449.66	9583.8	
449.86	8776.9	
450.06	8621.3	
450.26	9878	
450.47	10344	
450.67	8720.3	
450.87	9169.4	
451.07	10578	
451.27	10392	
451.47	8365.3	
451.67	8924.4	
451.87	10181	
452.07	10835	
452.27	8755.1	
452.47	8588.5	
452.67	10388	
452.88	10817	
453.08	8144.8	
453.28	9695.8	
453.48	11460	
453.68	10284	
453.88	8758.5	
454.08	8791.2	
454.28	10789	
454.48	10384	
454.68	9166.7	
454.88	9484.8	
455.08	10850	
455.28	10792	
455.48	8551.6	
455.68	9247.3	
455.89	11385	
456.09	11098	
456.29	9103.2	
456.49	9295.7	
456.69	11482	
456.89	10645	
457.09	9745.6	
457.29	10130	
457.49	11140	
457.69	11363	
457.89	9732.6	
458.09	9185.8	
458.29	11250	
458.49	11824	
458.69	10200	
458.89	9854.8	
459.09	12196	
459.29	12226	
459.49	9901.9	
459.69	10583	
459.9	11803	
460.1	11665	
460.3	9783.8	
460.5	9654.1	
460.7	11904	
460.9	11564	
461.1	9465.7	
461.3	10531	
461.5	12492	
461.7	12101	
461.9	10106	
462.1	10305	
462.3	11999	
462.5	12372	
462.7	10297	
462.9	10499	
463.1	13272	
463.3	13203	
463.5	10639	
463.7	11582	
463.9	12482	
464.1	12698	
464.3	11244	
464.5	11114	
464.7	13088	
464.9	13163	
465.1	12418	
465.3	11771	
465.5	13416	
465.7	13663	
465.9	12091	
466.1	11514	
466.3	13672	
466.5	13226	
466.7	12715	
466.9	11689	
467.1	13538	
467.3	14104	
467.5	12723	
467.7	11828	
467.9	14442	
468.1	15083	
468.3	12293	
468.5	12884	
468.7	13685	
468.9	13582	
469.1	12402	
469.3	12855	
469.5	15439	
469.7	13650	
469.9	12580	
470.1	12308	
470.3	14018	
470.5	13863	
470.7	13263	
470.9	12396	
471.1	13889	
471.3	13899	
471.5	12482	
471.69	13590	
471.89	13665	
472.09	13164	
472.29	12860	
472.49	12723	
472.69	13530	
472.89	13933	
473.09	12083	
473.29	11914	
473.49	13575	
473.69	13452	
473.89	12623	
474.09	12017	
474.29	14534	
474.49	14093	
474.69	12723	
474.89	12256	
475.09	13491	
475.29	13624	
475.49	11759	
475.69	12172	
475.88	14571	
476.08	13877	
476.28	11718	
476.48	11867	
476.68	13972	
476.88	13781	
477.08	11801	
477.28	12140	
477.48	13334	
477.68	13824	
477.88	11673	
478.08	11766	
478.28	14190	
478.48	13475	
478.67	11986	
478.87	11348	
479.07	14269	
479.27	13544	
479.47	12170	
479.67	12319	
479.87	14098	
480.07	14399	
480.27	11604	
480.47	12717	
480.67	13594	
480.87	14278	
481.06	11921	
481.26	12668	
481.46	13773	
481.66	13699	
481.86	12326	
482.06	12980	
482.26	13571	
482.46	14110	
482.66	12258	
482.86	12011	
483.05	13942	
483.25	13381	
483.45	14014	
483.65	12281	
483.85	13532	
484.05	13804	
484.25	12575	
484.45	13228	
484.65	14365	
484.84	14795	
485.04	12318	
485.24	12520	
485.44	14963	
485.64	13714	
485.84	12286	
486.04	13195	
486.24	14007	
486.44	14240	
486.63	12108	
486.83	12773	
487.03	14068	
487.23	14367	
487.43	12156	
487.63	14142	
487.83	14459	
488.02	15065	
488.22	13259	
488.42	13773	
488.62	15197	
488.82	14316	
489.02	12934	
489.22	13282	
489.41	15027	
489.61	15046	
489.81	12876	
490.01	12957	
490.21	15283	
490.41	15882	
490.61	13110	
490.8	13097	
491	15079	
491.2	14364	
491.4	13629	
491.6	13010	
491.8	15026	
491.99	14764	
492.19	12652	
492.39	12785	
492.59	15154	
492.79	15149	
492.99	13474	
493.18	12811	
493.38	15339	
493.58	16066	
493.78	13744	
493.98	13415	
494.18	15396	
494.37	15177	
494.57	14321	
494.77	14142	
494.97	15909	
495.17	16206	
495.37	14143	
495.56	14362	
495.76	16550	
495.96	16289	
496.16	15453	
496.36	14767	
496.55	16861	
496.75	16499	
496.95	15083	
497.15	15077	
497.35	16819	
497.54	16914	
497.74	14859	
497.94	16219	
498.14	17496	
498.34	17329	
498.53	14918	
498.73	15302	
498.93	16436	
499.13	16976	
499.33	15280	
499.52	15417	
499.72	17365	
499.92	17195	
500.12	15219	
500.32	15582	
500.51	17396	
500.71	17446	
500.91	16089	
501.11	15919	
501.31	17563	
501.5	17694	
501.7	16432	
501.9	15709	
502.1	17193	
502.29	17498	
502.49	16090	
502.69	16337	
502.89	17563	
503.09	17494	
503.28	15123	
503.48	15304	
503.68	16750	
503.88	16860	
504.07	15765	
504.27	15345	
504.47	17071	
504.67	16932	
504.86	15738	
505.06	15435	
505.26	16706	
505.46	17926	
505.65	15347	
505.85	15326	
506.05	16595	
506.25	16933	
506.44	14601	
506.64	15196	
506.84	16199	
507.04	16817	
507.23	14644	
507.43	14887	
507.63	17420	
507.83	16152	
508.02	14949	
508.22	14656	
508.42	17733	
508.62	16225	
508.81	14831	
509.01	15378	
509.21	16010	
509.4	16224	
509.6	14962	
509.8	14472	
510	16156	
510.19	17135	
510.39	14395	
510.59	14556	
510.79	16013	
510.98	17232	
511.18	14702	
511.38	14890	
511.57	16854	
511.77	16660	
511.97	15382	
512.17	14625	
512.36	16965	
512.56	16458	
512.76	14537	
512.95	14238	
513.15	16664	
513.35	15726	
513.55	15098	
513.74	14519	
513.94	16745	
514.14	16319	
514.33	15395	
514.53	15102	
514.73	16329	
514.92	16616	
515.12	14679	
515.32	14622	
515.51	16649	
515.71	16754	
515.91	15771	
516.11	14723	
516.3	17963	
516.5	16312	
516.7	15142	
516.89	15763	
517.09	16496	
517.29	16562	
517.48	15450	
517.68	14962	
517.88	16311	
518.07	16883	
518.27	15421	
518.47	14688	
518.66	17053	
518.86	16148	
519.06	14515	
519.25	14863	
519.45	16328	
519.65	17608	
519.84	15288	
520.04	16029	
520.24	17951	
520.43	16870	
520.63	15346	
520.83	15207	
521.02	16559	
521.22	16802	
521.42	15297	
521.61	15742	
521.81	16337	
522.01	16532	
522.2	15053	
522.4	14766	
522.6	16821	
522.79	16014	
522.99	14975	
523.18	14679	
523.38	16927	
523.58	16901	
523.77	16315	
523.97	15007	
524.17	18531	
524.36	18037	
524.56	16156	
524.76	16004	
524.95	17679	
525.15	17393	
525.34	15984	
525.54	16332	
525.74	18001	
525.93	17595	
526.13	17310	
526.33	16606	
526.52	18791	
526.72	18357	
526.91	17607	
527.11	16963	
527.31	18773	
527.5	19110	
527.7	17071	
527.89	16429	
528.09	17957	
528.29	18613	
528.48	17195	
528.68	16912	
528.87	18875	
529.07	18758	
529.27	17160	
529.46	17067	
529.66	19027	
529.85	19375	
530.05	16987	
530.25	17470	
530.44	20216	
530.64	18801	
530.83	17195	
531.03	17520	
531.23	19174	
531.42	18729	
531.62	17890	
531.81	17174	
532.01	19187	
532.21	19461	
532.4	17587	
532.6	17769	
532.79	20165	
532.99	19831	
533.18	18054	
533.38	18759	
533.58	19670	
533.77	20109	
533.97	18350	
534.16	18947	
534.36	20426	
534.55	19989	
534.75	19022	
534.95	18481	
535.14	20897	
535.34	19954	
535.53	18310	
535.73	19760	
535.92	21130	
536.12	20043	
536.31	18501	
536.51	19324	
536.71	20420	
536.9	19835	
537.1	18301	
537.29	18402	
537.49	20352	
537.68	19679	
537.88	18844	
538.07	18199	
538.27	20004	
538.46	20758	
538.66	18048	
538.86	18549	
539.05	20093	
539.25	20531	
539.44	18910	
539.64	18385	
539.83	20208	
540.03	20794	
540.22	18389	
540.42	18346	
540.61	20082	
540.81	20280	
541	18507	
541.2	19207	
541.39	19499	
541.59	20000	
541.78	18877	
541.98	18051	
542.18	19324	
542.37	19265	
542.57	18333	
542.76	19011	
542.96	19249	
543.15	19936	
543.35	18145	
543.54	17724	
543.74	19760	
543.93	19422	
544.13	17789	
544.32	18588	
544.52	19520	
544.71	18890	
544.91	17071	
545.1	17969	
545.3	18782	
545.49	19390	
545.69	16919	
545.88	17406	
546.08	20317	
546.27	19665	
546.47	17602	
546.66	17262	
546.86	19322	
547.05	19759	
547.24	17309	
547.44	17420	
547.63	18630	
547.83	19463	
548.02	17684	
548.22	17530	
548.41	18576	
548.61	19471	
548.8	17038	
549	17169	
549.19	18766	
549.39	19226	
549.58	16704	
549.78	17173	
549.97	19116	
550.17	18515	
550.36	17711	
550.55	18520	
550.75	18609	
550.94	19160	
551.14	16789	
551.33	16847	
551.53	18041	
551.72	18789	
551.92	16848	
552.11	16743	
552.31	18830	
552.5	18566	
552.69	17949	
552.89	16421	
553.08	18719	
553.28	18541	
553.47	16793	
553.67	17413	
553.86	19029	
554.06	17751	
554.25	15939	
554.44	16589	
554.64	19430	
554.83	19022	
555.03	16511	
555.22	16736	
555.42	18582	
555.61	18224	
555.8	16503	
556	16576	
556.19	17693	
556.39	18363	
556.58	16408	
556.78	16386	
556.97	18122	
557.16	18070	
557.36	17262	
557.55	16205	
557.75	17335	
557.94	18842	
558.13	16208	
558.33	16081	
558.52	18604	
558.72	17631	
558.91	16133	
559.1	16101	
559.3	17619	
559.49	17075	
559.69	15876	
559.88	16502	
560.07	17856	
560.27	18264	
560.46	16540	
560.66	16584	
560.85	17720	
561.04	17079	
561.24	15941	
561.43	15849	
561.63	17140	
561.82	17428	
562.01	16831	
562.21	16272	
562.4	17620	
562.59	18514	
562.79	16070	
562.98	15894	
563.18	17635	
563.37	18830	
563.56	16451	
563.76	15967	
563.95	17529	
564.14	17452	
564.34	16430	
564.53	16186	
564.73	18032	
564.92	18199	
565.11	16488	
565.31	15974	
565.5	18436	
565.69	17596	
565.89	16223	
566.08	16425	
566.27	18405	
566.47	18861	
566.66	16942	
566.85	16189	
567.05	18329	
567.24	17754	
567.44	16324	
567.63	17332	
567.82	18545	
568.02	18131	
568.21	16389	
568.4	16618	
568.6	18104	
568.79	18105	
568.98	16218	
569.18	16516	
569.37	18398	
569.56	19731	
569.76	16889	
569.95	17585	
570.14	18695	
570.34	18566	
570.53	16497	
570.72	16503	
570.91	19098	
571.11	18437	
571.3	16918	
571.49	17580	
571.69	18497	
571.88	17957	
572.07	17477	
572.27	17199	
572.46	18196	
572.65	18954	
572.85	16980	
573.04	17054	
573.23	19271	
573.43	18641	
573.62	16778	
573.81	17137	
574	18873	
574.2	18571	
574.39	17202	
574.58	17247	
574.78	19631	
574.97	19121	
575.16	17758	
575.36	17858	
575.55	19533	
575.74	19469	
575.93	17159	
576.13	18110	
576.32	19018	
576.51	19484	
576.71	17733	
576.9	18727	
577.09	19928	
577.28	19389	
577.48	17920	
577.67	17211	
577.86	19160	
578.05	19565	
578.25	17759	
578.44	17813	
578.63	19250	
578.83	20250	
579.02	17400	
579.21	18791	
579.4	19529	
579.6	19531	
579.79	17834	
579.98	19683	
580.17	19782	
580.37	20005	
580.56	17514	
580.75	18228	
580.94	20112	
581.14	20147	
581.33	18521	
581.52	17711	
581.71	19703	
581.91	20183	
582.1	17757	
582.29	17996	
582.48	19460	
582.68	19564	
582.87	18267	
583.06	18164	
583.25	19883	
583.45	19425	
583.64	18827	
583.83	19310	
584.02	19617	
584.21	20068	
584.41	18532	
584.6	18385	
584.79	19926	
584.98	20430	
585.18	17686	
585.37	17957	
585.56	19476	
585.75	20064	
585.94	17894	
586.14	18462	
586.33	20299	
586.52	19602	
586.71	18183	
586.91	17999	
587.1	18841	
587.29	19912	
587.48	17467	
587.67	17766	
587.87	19473	
588.06	19272	
588.25	18445	
588.44	17832	
588.63	19075	
588.83	19615	
589.02	17503	
589.21	17207	
589.4	18753	
589.59	18766	
589.78	16402	
589.98	16576	
590.17	17950	
590.36	18346	
590.55	15692	
590.74	15998	
590.94	18717	
591.13	17563	
591.32	15513	
591.51	15081	
591.7	17580	
591.89	17231	
592.09	15264	
592.28	15807	
592.47	16735	
592.66	18546	
592.85	15521	
593.05	15705	
593.24	17400	
593.43	18133	
593.62	15825	
593.81	16018	
594	17677	
594.19	17591	
594.39	15700	
594.58	15708	
594.77	17647	
594.96	17996	
595.15	15732	
595.34	16096	
595.54	17531	
595.73	16898	
595.92	14922	
596.11	15719	
596.3	17841	
596.49	16836	
596.68	15515	
596.88	15843	
597.07	17431	
597.26	16627	
597.45	15082	
597.64	16090	
597.83	16943	
598.02	17550	
598.22	15289	
598.41	15657	
598.6	17238	
598.79	16750	
598.98	15246	
599.17	15891	
599.36	17166	
599.55	17869	
599.74	16671	
599.94	16521	
600.13	17476	
600.32	16569	
600.51	14977	
600.7	15035	
600.89	17793	
601.08	17924	
601.27	14796	
601.47	15612	
601.66	17315	
601.85	17721	
602.04	15371	
602.23	15388	
602.42	16565	
602.61	17093	
602.8	15223	
602.99	14914	
603.18	16739	
603.37	16982	
603.57	15261	
603.76	15767	
603.95	17462	
604.14	17070	
604.33	15066	
604.52	15229	
604.71	17184	
604.9	16559	
605.09	15742	
605.28	15642	
605.47	17486	
605.66	17147	
605.86	15588	
606.05	15063	
606.24	17390	
606.43	16395	
606.62	15400	
606.81	15900	
607	17182	
607.19	16657	
607.38	14789	
607.57	14911	
607.76	16427	
607.95	15958	
608.14	15164	
608.33	15502	
608.52	16461	
608.72	17182	
608.91	14696	
609.1	14586	
609.29	16649	
609.48	16026	
609.67	15153	
609.86	14390	
610.05	16139	
610.24	16419	
610.43	14424	
610.62	14117	
610.81	17102	
611	17023	
611.19	14422	
611.38	14938	
611.57	16586	
611.76	17447	
611.95	14273	
612.14	14174	
612.33	16324	
612.52	15997	
612.71	14714	
612.9	14078	
613.09	15750	
613.28	17426	
613.47	14449	
613.66	15190	
613.85	16323	
614.04	15981	
614.24	14610	
614.43	13998	
614.62	16492	
614.81	16338	
615	14749	
615.19	14844	
615.38	15926	
615.57	16266	
615.76	14911	
615.95	15595	
616.14	16683	
616.33	16260	
616.52	15186	
616.71	15285	
616.9	16419	
617.09	16309	
617.28	14597	
617.47	15413	
617.66	15872	
617.85	15951	
618.04	15388	
618.22	14881	
618.41	16244	
618.6	17116	
618.79	15141	
618.98	14997	
619.17	17519	
619.36	16092	
619.55	15324	
619.74	15261	
619.93	16952	
620.12	16629	
620.31	15806	
620.5	15928	
620.69	17676	
620.88	18005	
621.07	16490	
621.26	15844	
621.45	17494	
621.64	17555	
621.83	16040	
622.02	15425	
622.21	17477	
622.4	17384	
622.59	16374	
622.78	16236	
622.97	17081	
623.16	17916	
623.35	16013	
623.54	15399	
623.72	17329	
623.91	17479	
624.1	16213	
624.29	15384	
624.48	18372	
624.67	17704	
624.86	16319	
625.05	15578	
625.24	18433	
625.43	17309	
625.62	17492	
625.81	15758	
626	17793	
626.19	17469	
626.38	16341	
626.56	15801	
626.75	17231	
626.94	18144	
627.13	16292	
627.32	15444	
627.51	17890	
627.7	18709	
627.89	15441	
628.08	16344	
628.27	17090	
628.46	17187	
628.65	15636	
628.83	15360	
629.02	17622	
629.21	17243	
629.4	15953	
629.59	16005	
629.78	17108	
629.97	17694	
630.16	16098	
630.35	15636	
630.54	18110	
630.72	17663	
630.91	15745	
631.1	16027	
631.29	17578	
631.48	17686	
631.67	16160	
631.86	15605	
632.05	17158	
632.24	17352	
632.42	15333	
632.61	15858	
632.8	17088	
632.99	17000	
633.18	16025	
633.37	16076	
633.56	17512	
633.75	17261	
633.93	15944	
634.12	15753	
634.31	18095	
634.5	17916	
634.69	15855	
634.88	15990	
635.07	17325	
635.25	17619	
635.44	16477	
635.63	16599	
635.82	17214	
636.01	16640	
636.2	16212	
636.39	15773	
636.57	18026	
636.76	17423	
636.95	15416	
637.14	16418	
637.33	17484	
637.52	18094	
637.7	15322	
637.89	16017	
638.08	17174	
638.27	18152	
638.46	16104	
638.65	16239	
638.83	18071	
639.02	16974	
639.21	15901	
639.4	16340	
639.59	17133	
639.78	16749	
639.96	15228	
640.15	15205	
640.34	17041	
640.53	17030	
640.72	14742	
640.91	15055	
641.09	16333	
641.28	17336	
641.47	14957	
641.66	15769	
641.85	16889	
642.03	16879	
642.22	15433	
642.41	15073	
642.6	16287	
642.79	15927	
642.97	14702	
643.16	15373	
643.35	16309	
643.54	16055	
643.73	14633	
643.91	15196	
644.1	15797	
644.29	16431	
644.48	14487	
644.67	14582	
644.85	15971	
645.04	16108	
645.23	14108	
645.42	14302	
645.6	15520	
645.79	16303	
645.98	13992	
646.17	13133	
646.36	14974	
646.54	15277	
646.73	14289	
646.92	13571	
647.11	15015	
647.29	15774	
647.48	13504	
647.67	13072	
647.86	15787	
648.05	15857	
648.23	13530	
648.42	14374	
648.61	15358	
648.8	15337	
648.98	13119	
649.17	13370	
649.36	14581	
649.55	14442	
649.73	13092	
649.92	13703	
650.11	14827	
650.3	15119	
650.48	13201	
650.67	13192	
650.86	15093	
651.05	14390	
651.23	13246	
651.42	13194	
651.61	14653	
651.79	14443	
651.98	13371	
652.17	12850	
652.36	14711	
652.54	14178	
652.73	13001	
652.92	12848	
653.11	14750	
653.29	14971	
653.48	12323	
653.67	13083	
653.85	14640	
654.04	15423	
654.23	13323	
654.42	12869	
654.6	13911	
654.79	14306	
654.98	12149	
655.16	12444	
655.35	13360	
655.54	13157	
655.73	11736	
655.91	11514	
656.1	13663	
656.29	12864	
656.47	11200	
656.66	12547	
656.85	13172	
657.03	13354	
657.22	11894	
657.41	12123	
657.59	13654	
657.78	13490	
657.97	11931	
658.16	12482	
658.34	14158	
658.53	14541	
658.72	13226	
658.9	13541	
659.09	13979	
659.28	13931	
659.46	12421	
659.65	12349	
659.84	13760	
660.02	14234	
660.21	12500	
660.4	12233	
660.58	14371	
660.77	13921	
660.96	12747	
661.14	12005	
661.33	14899	
661.52	14687	
661.7	12016	
661.89	14543	
662.08	13669	
662.26	13292	
662.45	12273	
662.64	12256	
662.82	14134	
663.01	13488	
663.2	12207	
663.38	12716	
663.57	13949	
663.75	13848	
663.94	12364	
664.13	13213	
664.31	13523	
664.5	13932	
664.69	12458	
664.87	12910	
665.06	13227	
665.25	13876	
665.43	13084	
665.62	12970	
665.8	14029	
665.99	13489	
666.18	12304	
666.36	12405	
666.55	14061	
666.74	13995	
666.92	11983	
667.11	13003	
667.29	13663	
667.48	13855	
667.67	12750	
667.85	12123	
668.04	13431	
668.22	13573	
668.41	12138	
668.6	12408	
668.78	13274	
668.97	13386	
669.15	12395	
669.34	11712	
669.53	13275	
669.71	13583	
669.9	11774	
670.08	12201	
670.27	13261	
670.46	13702	
670.64	12404	
670.83	12579	
671.01	13050	
671.2	13506	
671.38	11863	
671.57	11717	
671.76	14013	
671.94	14532	
672.13	11698	
672.31	12463	
672.5	13863	
672.69	13215	
672.87	11925	
673.06	12073	
673.24	13735	
673.43	13336	
673.61	12318	
673.8	11963	
673.98	13525	
674.17	13777	
674.36	12398	
674.54	12291	
674.73	13416	
674.91	13742	
675.1	12091	
675.28	11691	
675.47	13396	
675.65	13797	
675.84	11951	
676.03	12254	
676.21	13232	
676.4	12828	
676.58	12509	
676.77	12424	
676.95	14331	
677.14	13046	
677.32	11699	
677.51	11629	
677.69	13735	
677.88	13127	
678.06	11708	
678.25	11795	
678.44	13422	
678.62	13069	
678.81	11508	
678.99	12263	
679.18	13867	
679.36	13581	
679.55	11951	
679.73	12360	
679.92	13465	
680.1	13005	
680.29	12861	
680.47	11876	
680.66	13175	
680.84	13663	
681.03	11472	
681.21	12122	
681.4	13185	
681.58	12833	
681.77	11750	
681.95	11652	
682.14	13682	
682.32	13898	
682.51	12240	
682.69	11375	
682.88	12966	
683.06	13252	
683.25	11962	
683.43	12196	
683.62	13202	
683.8	13392	
683.99	12400	
684.17	11871	
684.36	14042	
684.54	12992	
684.73	11097	
684.91	11233	
685.1	12920	
685.28	12357	
685.46	11099	
685.65	10975	
685.83	12383	
686.02	11887	
686.2	10248	
686.39	10359	
686.57	11462	
686.76	12706	
686.94	10505	
687.13	10738	
687.31	12179	
687.5	12012	
687.68	10360	
687.86	11221	
688.05	13489	
688.23	11755	
688.42	11234	
688.6	10856	
688.79	12120	
688.97	12144	
689.16	11218	
689.34	10349	
689.52	12798	
689.71	12919	
689.89	11477	
690.08	10986	
690.26	12546	
690.45	12517	
690.63	11530	
690.81	11157	
691	12467	
691.18	12378	
691.37	11169	
691.55	12710	
691.74	12209	
691.92	13573	
692.1	11131	
692.29	10600	
692.47	12300	
692.66	11767	
692.84	10755	
693.02	11201	
693.21	11992	
693.39	12203	
693.58	11364	
693.76	10882	
693.94	13145	
694.13	13031	
694.31	10978	
694.5	11721	
694.68	12126	
694.86	12781	
695.05	11322	
695.23	11488	
695.42	13102	
695.6	14652	
695.78	12005	
695.97	11265	
696.15	13269	
696.34	12672	
696.52	11158	
696.7	11778	
696.89	12850	
697.07	12324	
697.25	11582	
697.44	12542	
697.62	12711	
697.81	12863	
697.99	11185	
698.17	11613	
698.36	12012	
698.54	12553	
698.72	11323	
698.91	10615	
699.09	12385	
699.28	12088	
699.46	10984	
699.64	10859	
699.83	12071	
700.01	12833	
700.19	11474	
700.38	10380	
700.56	12828	
700.74	12126	
700.93	10502	
701.11	11242	
701.29	12404	
701.48	13425	
701.66	10785	
701.84	10879	
702.03	12339	
702.21	12912	
702.39	10600	
702.58	11172	
702.76	12670	
702.94	12633	
703.13	10585	
703.31	12425	
703.49	12110	
703.68	13219	
703.86	10604	
704.04	11463	
704.23	12400	
704.41	12634	
704.59	10757	
704.78	11468	
704.96	13645	
705.14	12630	
705.33	10705	
705.51	11123	
705.69	12137	
705.87	12779	
706.06	11370	
706.24	10382	
706.42	12353	
706.61	12512	
706.79	11239	
706.97	10316	
707.16	11850	
707.34	12304	
707.52	11037	
707.7	10505	
707.89	11962	
708.07	11690	
708.25	11260	
708.44	11244	
708.62	11678	
708.8	12651	
708.98	11241	
709.17	10625	
709.35	12067	
709.53	11985	
709.72	10243	
709.9	10486	
710.08	12207	
710.26	12237	
710.45	11319	
710.63	10287	
710.81	11869	
710.99	11800	
711.18	10681	
711.36	10219	
711.54	11546	
711.72	12128	
711.91	10262	
712.09	9886.2	
712.27	11584	
712.45	12141	
712.64	10109	
712.82	9373.6	
713	10862	
713.18	10860	
713.37	9340.1	
713.55	10191	
713.73	11361	
713.91	10300	
714.1	9329.2	
714.28	8810.4	
714.46	10733	
714.64	9867.1	
714.83	7925.6	
715.01	8282.7	
715.19	9562	
715.37	8844.5	
715.55	7684	
715.74	7888.1	
715.92	9749	
716.1	8227.4	
716.28	8638.3	
716.47	7790.5	
716.65	8740	
716.83	8731.2	
717.01	7669	
717.19	7632.8	
717.38	10273	
717.56	8426.7	
717.74	7714.7	
717.92	7197.9	
718.1	9284.8	
718.29	8747.6	
718.47	6881.9	
718.65	7544.7	
718.83	9579.7	
719.01	9585.2	
719.2	7286	
719.38	8254.7	
719.56	9589.3	
719.74	10673	
719.92	7956.4	
720.11	8688.8	
720.29	9574.3	
720.47	8895.7	
720.65	7419.1	
720.83	7825.3	
721.02	8941.4	
721.2	8750.3	
721.38	7617.8	
721.56	7107.8	
721.74	8076.5	
721.92	8144.8	
722.11	7862.8	
722.29	7594.6	
722.47	9044.5	
722.65	8421.9	
722.83	6935.1	
723.01	7504.4	
723.2	8387.8	
723.38	8676.6	
723.56	6513.9	
723.74	7274.4	
723.92	7989.8	
724.1	8943.5	
724.29	6870.3	
724.47	7677.8	
724.65	8142.7	
724.83	7932.5	
725.01	6710.5	
725.19	7282.6	
725.37	7860.8	
725.56	7939.3	
725.74	6477	
725.92	6723.5	
726.1	7942	
726.28	8206.2	
726.46	6970.6	
726.64	6685.3	
726.83	8029.4	
727.01	8131.8	
727.19	6458.6	
727.37	6987.7	
727.55	8249.9	
727.73	8531.8	
727.91	6347.3	
728.09	6292	
728.28	8551	
728.46	8648.6	
728.64	7043	
728.82	7034.8	
729	9243.2	
729.18	8781	
729.36	6380.1	
729.54	8133.2	
729.72	9527.2	
729.91	8435.6	
730.09	8013	
730.27	7109.2	
730.45	8322.9	
730.63	8742.8	
730.81	7528.3	
730.99	6917.4	
731.17	9164	
731.35	8130.4	
731.53	7181.5	
731.71	6961	
731.9	8857.5	
732.08	8952.4	
732.26	7068.2	
732.44	6810.9	
732.62	8984.4	
732.8	8587.8	
732.98	7289.4	
733.16	6599.2	
733.34	8510.7	
733.52	7563.1	
733.7	6825.9	
733.88	6989.7	
734.07	8224	
734.25	8200.7	
734.43	6377.4	
734.61	7534.5	
734.79	9116.9	
734.97	8019.8	
735.15	6497.5	
735.33	6836.8	
735.51	8146.1	
735.69	7966.6	
735.87	7397.3	
736.05	6794.5	
736.23	8013.7	
736.41	7715.4	
736.59	6638.1	
736.77	6754.2	
736.95	8335.2	
737.13	7811.6	
737.32	6389	
737.5	6513.2	
737.68	8765.3	
737.86	7790.5	
738.04	6081.1	
738.22	7461.4	
738.4	7651.9	
738.58	7774.8	
738.76	6537.1	
738.94	5826.5	
739.12	7658.7	
739.3	7529	
739.48	6981.5	
739.66	6727.6	
739.84	7741.3	
740.02	7716.7	
740.2	5825.8	
740.38	5995.1	
740.56	8007.6	
740.74	7098.9	
740.92	6484.6	
741.1	6298.2	
741.28	7542.7	
741.46	7206.1	
741.64	6047.7	
741.82	6397.2	
742	7489.4	
742.18	7397.3	
742.36	6136.4	
742.54	5870.8	
742.72	7764.5	
742.9	6806.8	
743.08	6361	
743.26	5385.5	
743.44	7793.9	
743.62	7707.2	
743.8	6441.5	
743.98	5747.3	
744.16	7393.2	
744.34	7139.9	
744.52	6236.7	
744.7	6182.1	
744.88	7566.6	
745.06	7118.1	
745.24	6196.5	
745.42	6319.3	
745.6	7406.8	
745.78	7342.7	
745.96	5284.4	
746.14	5449.6	
746.32	8043.1	
746.5	7304.4	
746.68	5736.4	
746.86	5416.9	
747.03	7606.8	
747.21	6469.5	
747.39	5861.3	
747.57	5482.4	
747.75	6925.5	
747.93	7268.2	
748.11	5347.2	
748.29	5285.8	
748.47	8194.6	
748.65	6701.6	
748.83	5832.6	
749.01	5681.7	
749.19	7032.7	
749.37	6473.6	
749.55	5551.4	
749.73	5542.5	
749.91	6890	
750.09	6674.3	
750.26	5580	
750.44	5154.7	
750.62	6789.7	
750.8	6682.5	
750.98	5092.6	
751.16	5188.9	
751.34	6860	
751.52	6338.5	
751.7	5825.8	
751.88	4925.4	
752.06	7159	
752.24	6899.6	
752.42	4887.1	
752.59	5111	
752.77	6688.7	
752.95	7550.2	
753.13	5689.9	
753.31	5158.8	
753.49	6504.3	
753.67	6669.6	
753.85	5345.2	
754.03	4958.1	
754.21	6776.7	
754.38	7020.4	
754.56	5023	
754.74	4264.6	
754.92	6074.3	
755.1	6505.7	
755.28	4103.4	
755.46	4133.5	
755.64	6928.3	
755.82	6976.1	
755.99	4097.3	
756.17	4147.8	
756.35	4941.7	
756.53	5985.5	
756.71	3287.7	
756.89	3816.7	
757.07	5666	
757.25	5048.9	
757.42	4279.6	
757.6	4900.1	
757.78	5757.5	
757.96	5111	
758.14	4171	
758.32	3826.3	
758.5	4835.9	
758.67	5442.8	
758.85	4068.6	
759.03	4107.5	
759.21	5592.3	
759.39	5128.1	
759.57	3710.2	
759.75	4574.5	
759.92	6057.2	
760.1	5639.4	
760.28	4838	
760.46	5019.6	
760.64	5402.5	
760.82	5362.3	
760.99	4755.4	
761.17	4209.9	
761.35	6024.4	
761.53	5270.1	
761.71	4320.5	
761.89	4798.4	
762.06	6017.6	
762.24	5636	
762.42	4456.4	
762.6	4194.9	
762.78	5612.8	
762.96	6064	
763.13	4665.3	
763.31	4386.1	
763.49	6135.7	
763.67	5574.6	
763.85	5082.4	
764.02	5442.8	
764.2	6451.1	
764.38	5721.3	
764.56	4383.3	
764.74	5013.4	
764.91	6423.1	
765.09	5637.4	
765.27	4179.2	
765.45	3975.1	
765.63	6518	
765.8	6231.3	
765.98	3847.5	
766.16	4047.5	
766.34	5309	
766.52	5100.1	
766.69	4607.9	
766.87	3846.1	
767.05	5558.2	
767.23	6066.8	
767.41	4065.2	
767.58	4265.2	
767.76	5978	
767.94	5968.5	
768.12	4143.7	
768.29	4621.6	
768.47	5588.9	
768.65	6075.6	
768.83	3781.9	
769	4620.2	
769.18	5209.3	
769.36	5683.8	
769.54	4520.5	
769.72	3789.4	
769.89	5967.1	
770.07	5988.3	
770.25	4052.9	
770.43	4971.8	
770.6	6472.3	
770.78	6752.2	
770.96	4146.5	
771.14	4023.6	
771.31	5900.9	
771.49	5356.1	
771.67	3549.1	
771.85	3673.4	
772.02	4861.9	
772.2	5307	
772.38	4175.8	
772.55	3794.9	
772.73	5534.3	
772.91	5362.9	
773.09	4067.3	
773.26	4179.9	
773.44	5540.4	
773.62	5259.9	
773.8	3768.9	
773.97	3619.4	
774.15	5474.9	
774.33	5197.1	
774.5	3644	
774.68	3941.7	
774.86	5537	
775.04	5233.9	
775.21	3724.6	
775.39	3640.6	
775.57	5390.9	
775.74	5644.9	
775.92	3518.4	
776.1	3390.1	
776.27	5334.3	
776.45	6273.6	
776.63	3679.5	
776.81	3370.3	
776.98	5173.2	
777.16	5841.5	
777.34	3750.5	
777.51	3965.6	
777.69	5112.4	
777.87	4898.7	
778.04	3841.3	
778.22	4186.7	
778.4	4984.1	
778.57	5455.1	
778.75	3272	
778.93	3488.4	
779.1	4814.1	
779.28	4663.2	
779.46	3233.1	
779.64	3591.5	
779.81	5511.1	
779.99	6075	
780.17	4160.8	
780.34	4239.3	
780.52	5113.8	
780.69	5208	
780.87	3745.7	
781.05	3492.5	
781.22	5159.5	
781.4	5119.9	
781.58	3635.1	
781.75	2901.3	
781.93	5147.2	
782.11	4684.4	
782.28	4177.9	
782.46	3569.6	
782.64	4569.7	
782.81	5276.3	
782.99	3663.1	
783.17	3534.8	
783.34	5132.2	
783.52	4716.5	
783.69	3695.2	
783.87	4264.6	
784.05	4765.6	
784.22	4724.7	
784.4	4302.1	
784.58	3760.8	
784.75	5393.7	
784.93	4784.1	
785.1	3536.8	
785.28	3988.1	
785.46	5145.9	
785.63	4597.7	
785.81	3549.8	
785.99	3400.3	
786.16	4866.7	
786.34	5072.8	
786.51	3405.8	
786.69	3768.9	
786.87	4470.7	
787.04	4859.1	
787.22	3347.7	
787.39	4022.9	
787.57	4663.2	
787.75	5462.6	
787.92	4166.9	
788.1	4028.4	
788.27	4642.1	
788.45	4451.6	
788.63	3912.3	
788.8	2911.5	
788.98	5111.7	
789.15	4399.7	
789.33	3065.1	
789.5	3467.9	
789.68	5304.2	
789.86	5429.8	
790.03	3822.2	
790.21	3393.5	
790.38	5370.5	
790.56	4757.4	
790.73	3276.8	
790.91	3308.8	
791.09	4656.4	
791.26	5153.4	
791.44	3454.2	
791.61	3084.2	
791.79	4685.1	
791.96	4637.3	
792.14	3121.8	
792.32	2851.5	
792.49	4599.7	
792.67	4702.8	
792.84	3244.7	
793.02	3068.5	
793.19	5031.9	
793.37	5439.4	
793.54	2862.4	
793.72	3153.2	
793.89	5479	
794.07	4603.8	
794.25	3421.5	
794.42	2931.3	
794.6	5436.7	
794.77	5034.6	
794.95	3731.4	
795.12	3266.5	
795.3	4668	
795.47	5002.5	
795.65	3605.8	
795.82	3480.9	
796	4473.4	
796.17	5869.5	
796.35	3382.6	
796.52	3901.4	
796.7	4995.7	
796.87	5079.6	
797.05	3358	
797.22	4007.2	
797.4	5051.7	
797.57	5722	
797.75	3494.5	
797.92	3313.6	
798.1	5277.6	
798.27	4484.4	
798.45	2942.2	
798.62	3102.7	
798.8	4866.7	
798.97	5169.1	
799.15	3667.2	
799.32	3513.6	
799.5	4292.5	
799.67	4840.7	
799.85	3746.4	
800.02	2863.1	
800.2	4579.9	
800.37	4741	
800.55	3787.4	
800.72	3309.5	
800.9	5144.5	
801.07	5427.1	
801.25	4220.9	
801.42	3608.5	
801.6	5115.8	
801.77	4789.5	
801.95	3336.8	
802.12	3187.3	
802.29	4945.8	
802.47	4852.3	
802.64	3493.2	
802.82	2823.5	
802.99	4552	
803.17	5192.3	
803.34	3470.6	
803.52	3100.6	
803.69	5680.4	
803.87	4306.2	
804.04	3414.6	
804.21	3479.5	
804.39	5377.3	
804.56	4606.6	
804.74	2988.7	
804.91	3543	
805.09	4517.8	
805.26	4632.5	
805.44	3046	
805.61	3294.5	
805.78	5051	
805.96	5006.6	
806.13	3493.2	
806.31	3815.4	
806.48	4203.8	
806.66	4511.7	
806.83	3493.2	
807	3472.7	
807.18	4597	
807.35	4803.2	
807.53	3472.7	
807.7	2897.2	
807.87	5365	
808.05	4530.1	
808.22	3687.7	
808.4	2780.5	
808.57	4488.5	
808.74	4250.9	
808.92	3141.6	
809.09	3872	
809.27	4474.8	
809.44	4859.1	
809.61	2859	
809.79	3056.3	
809.96	5427.8	
810.14	5016.2	
810.31	2788	
810.48	3379.1	
810.66	4554.7	
810.83	5081.7	
811.01	3201	
811.18	3523.9	
811.35	5070.8	
811.53	4059.1	
811.7	3739.6	
811.87	3523.2	
812.05	4577.2	
812.22	4483.7	
812.39	3063.8	
812.57	2956.6	
812.74	4547.9	
812.92	5797.8	
813.09	3330.7	
813.26	3474.7	
813.44	5494	
813.61	4409.3	
813.78	2798.9	
813.96	3595.6	
814.13	4516.5	
814.3	4347.8	
814.48	3908.9	
814.65	3282.9	
814.82	5410.1	
815	4262.5	
815.17	3360.7	
815.34	3989.4	
815.52	4488.5	
815.69	4448.2	
815.87	3351.8	
816.04	3275.4	
816.21	4486.4	
816.38	4091.2	
816.56	3299.3	
816.73	3049.4	
816.9	5569.8	
817.08	5065.3	
817.25	3104	
817.42	3773.7	
817.6	4185.4	
817.77	4464.6	
817.94	3406.5	
818.12	3035.8	
818.29	4384.7	
818.46	6189	
818.64	3237.2	
818.81	3024.8	
818.98	4319.8	
819.16	5859.9	
819.33	3601	
819.5	3375.1	
819.67	4806.6	
819.85	5238	
820.02	3323.9	
820.19	3467.2	
820.37	4657.1	
820.54	4424.3	
820.71	3397.6	
820.88	4123.9	
821.06	4655	
821.23	4361.5	
821.4	3439.2	
821.58	3409.2	
821.75	5066.7	
821.92	4634.6	
822.09	2809.8	
822.27	2864.4	
822.44	4541	
822.61	4419.5	
822.79	2786.6	
822.96	5103.5	
823.13	4793.6	
823.3	4262.5	
823.48	3246	
823.65	2948.4	
823.82	5070.8	
823.99	4163.5	
824.17	4028.4	
824.34	2962	
824.51	5695.4	
824.68	4558.1	
824.86	3110.2	
825.03	3418.7	
825.2	4448.2	
825.37	5261.2	
825.55	3052.2	
825.72	3347.7	
825.89	5700.2	
826.06	5343.8	
826.24	3303.4	
826.41	3284.9	
826.58	5322.7	
826.75	4669.4	
826.92	2702	
827.1	2923.1	
827.27	6966.5	
827.44	5588.9	
827.61	3095.8	
827.79	3670	
827.96	4360.8	
828.13	4515.8	
828.3	3262.4	
828.47	2841.2	
828.65	4764.9	
828.82	4679.6	
828.99	4065.2	
829.16	3584.6	
829.34	4969.1	
829.51	4827.7	
829.68	3342.3	
829.85	3443.3	
830.02	5268.1	
830.2	5037.3	
830.37	2675.3	
830.54	3971	
830.71	5593	
830.88	4511.7	
831.05	2639.8	
831.23	3032.4	
831.4	5418.2	
831.57	5879	
831.74	3137.5	
831.91	2805	
832.09	4790.2	
832.26	5017.5	
832.43	3201.7	
832.6	3561.4	
832.77	4795.7	
832.94	5339.1	
833.12	2651.4	
833.29	3188.7	
833.46	4843.4	
833.63	6058.6	
833.8	3431.7	
833.97	3201	
834.15	5083.7	
834.32	4887.1	
834.49	3302.7	
834.66	3376.4	
834.83	5125.4	
835	4340.3	
835.17	3138.9	
835.35	3102.7	
835.52	4935.6	
835.69	4858.5	
835.86	3224.2	
836.03	2719	
836.2	5005.9	
836.37	4715.1	
836.55	3149.1	
836.72	3037.1	
836.89	4706.9	
837.06	5105.6	
837.23	3234.4	
837.4	3454.9	
837.57	5620.3	
837.75	6062	
837.92	2941.6	
838.09	3159.3	
838.26	4676.2	
838.43	5115.8	
838.6	3321.1	
838.77	3060.3	
838.94	5766.4	
839.11	5629.2	
839.29	3185.3	
839.46	2580.4	
839.63	5018.9	
839.8	4759.5	
839.97	3110.9	
840.14	3050.1	
840.31	4888.5	
840.48	5042.8	
840.65	2674	
840.82	3069.9	
841	4973.2	
841.17	4878.9	
841.34	2892.4	
841.51	2995.5	
841.68	4924.7	
841.85	4810	
842.02	2998.2	
842.19	2518.3	
842.36	4819.6	
842.53	4773.1	
842.7	2899.9	
842.87	3409.9	
843.05	6033.3	
843.22	4700.1	
843.39	2714.2	
843.56	3003.7	
843.73	4595.6	
843.9	5082.4	
844.07	4442.7	
844.24	3736.2	
844.41	6752.8	
844.58	4416.1	
844.75	2830.3	
844.92	2983.2	
845.09	4934.2	
845.26	4881	
845.43	2920.4	
845.6	3049.4	
845.77	5008	
845.94	4777.2	
846.12	3149.1	
846.29	3377.8	
846.46	5134.3	
846.63	4942.4	
846.8	2891.7	
846.97	3335.5	
847.14	5335	
847.31	4925.4	
847.48	3153.2	
847.65	3477.5	
847.82	5160.9	
847.99	5082.4	
848.16	3760.8	
848.33	3500	
848.5	4668.7	
848.67	5306.3	
848.84	2824.8	
849.01	2942.9	
849.18	4584	
849.35	4308.9	
849.52	3500.7	
849.69	2809.8	
849.86	5187.5	
850.03	5183.4	
850.2	2867.2	
850.37	3380.5	
850.54	5160.2	
850.71	4668.7	
850.88	3391.4	
851.05	2745	
851.22	4870.8	
851.39	5324	
851.56	2669.9	
851.73	3251.5	
851.9	4459.1	
852.07	5113.1	
852.24	3183.2	
852.41	2833	
852.58	4921.3	
852.75	4465.9	
852.92	3140.2	
853.09	2796.8	
853.26	4641.4	
853.43	5275.6	
853.6	2893.8	
853.77	2550.4	
853.94	5401.9	
854.11	4405.9	
854.28	4056.3	
854.44	3041.9	
854.61	5682.4	
854.78	5208.7	
854.95	2808.4	
855.12	3493.2	
855.29	4122.6	
855.46	5383.4	
855.63	2880.1	
855.8	3827	
855.97	4605.2	
856.14	5231.2	
856.31	3893.2	
856.48	3067.9	
856.65	4619.5	
856.82	4453	
856.99	2738.1	
857.16	3095.2	
857.33	5928.9	
857.49	4705.5	
857.66	3003.7	
857.83	3273.3	
858	4752.7	
858.17	4842.8	
858.34	2675.3	
858.51	2924.5	
858.68	5413.5	
858.85	5403.9	
859.02	3234.4	
859.19	3432.4	
859.36	4456.4	
859.52	4411.3	
859.69	2837.1	
859.86	3223.5	
860.03	4460.5	
860.2	5380.7	
860.37	2644.6	
860.54	2880.8	
860.71	5117.2	
860.88	5392.3	
861.05	3078.1	
861.21	3526.6	
861.38	5414.8	
861.55	4305.5	
861.72	2627.5	
861.89	3132.7	
862.06	5181.4	
862.23	5494	
862.4	2811.9	
862.56	2927.9	
862.73	4974.5	
862.9	4782.7	
863.07	3274	
863.24	2639.8	
863.41	4354.7	
863.58	4431.1	
863.75	2899.9	
863.91	3229.6	
864.08	5292.6	
864.25	5080.3	
864.42	3520.5	
864.59	3885.7	
864.76	5644.9	
864.93	4416.8	
865.09	2770.2	
865.26	3016	
865.43	5326.8	
865.6	5546.6	
865.77	2548.4	
865.94	2825.5	
866.1	5302.9	
866.27	5111	
866.44	4140.3	
866.61	2706.7	
866.78	4749.9	
866.95	5023.7	
867.11	2801.6	
867.28	2581.8	
867.45	5266.7	
867.62	4481	
867.79	3219.4	
867.96	2838.5	
868.12	4357.4	
868.29	5111.7	
868.46	2865.8	
868.63	3695.9	
868.8	5178.6	
868.97	5055.8	
869.13	2960	
869.3	2975	
869.47	4914.4	
869.64	5193	
869.81	2858.3	
869.97	2846	
870.14	4919.2	
870.31	5421	
870.48	2784.6	
870.65	3526.6	
870.81	4684.4	
870.98	4706.9	
871.15	3194.1	
871.32	2949.8	
871.48	5002.5	
871.65	5461.9	
871.82	2832.3	
871.99	3082.2	
872.16	5806	
872.32	5323.4	
872.49	2916.3	
872.66	2874.7	
872.83	5149.3	
872.99	4545.1	
873.16	3213.9	
873.33	2833.7	
873.5	4802.5	
873.67	4829.1	
873.83	3003	
874	3676.1	
874.17	4936.3	
874.34	5668.8	
874.5	3609.2	
874.67	3444	
874.84	5345.9	
875.01	4279.6	
875.17	3859.7	
875.34	2826.9	
875.51	4866.7	
875.68	5720.7	
875.84	3338.2	
876.01	3947.1	
876.18	5067.4	
876.34	5010	
876.51	2876.7	
876.68	2777.7	
876.85	4644.8	
877.01	5296.7	
877.18	3895.9	
877.35	2852.1	
877.52	4848.2	
877.68	4347.2	
877.85	2788	
878.02	2803	
878.18	4607.9	
878.35	4597	
878.52	2322.4	
878.69	3088.3	
878.85	5186.1	
879.02	5039.4	
879.19	3874.1	
879.35	3026.2	
879.52	5112.4	
879.69	5159.5	
879.86	2509.4	
880.02	3097.9	
880.19	4792.2	
880.36	5653.1	
880.52	3152.5	
880.69	3304.1	
880.86	5130.2	
881.02	5190.9	
881.19	3123.8	
881.36	3043.3	
881.52	5053	
881.69	4554	
881.86	3021.4	
882.02	2924.5	
882.19	5290.6	
882.36	6006.7	
882.52	2921.1	
882.69	3860.4	
882.86	4905.6	
883.02	4900.8	
883.19	3340.9	
883.36	3155.2	
883.52	5134.9	
883.69	5765	
883.86	2849.4	
884.02	2604.3	
884.19	5087.2	
884.36	4776.5	
884.52	3157.3	
884.69	2998.9	
884.86	4605.2	
885.02	5560.9	
885.19	3170.3	
885.36	3199.6	
885.52	4711	
885.69	4884.4	
885.86	3963.5	
886.02	3512.3	
886.19	5091.3	
886.35	4607.9	
886.52	3098.6	
886.69	3861.8	
886.85	4416.1	
887.02	5332.9	
887.19	5332.9	
887.35	5332.9	
887.52	5332.9	
887.68	5332.9	
887.85	5332.9	
888.02	5332.9	
888.18	5332.9	
888.35	5332.9	
888.51	5332.9	
888.68	5332.9	
888.85	5332.9	
889.01	5332.9	
889.18	5332.9	
889.35	5332.9	
889.51	5332.9	
889.68	5332.9	
889.84	5332.9	
890.01	5332.9	
890.17	5332.9	
890.34	5332.9	
890.51	5332.9	
890.67	5332.9	
890.84	5332.9	
891	5332.9	
891.17	5332.9	
891.34	5332.9	
891.5	5332.9	
891.67	5332.9	
891.83	5332.9	
892	5332.9	
892.16	5332.9	
892.33	5332.9	
892.5	5332.9	
892.66	5332.9	
892.83	5332.9	
892.99	5332.9	
893.16	5332.9	
893.32	5332.9	
893.49	5332.9	
893.65	5332.9	
893.82	5332.9	
893.99	5332.9	
894.15	5332.9	
894.32	5332.9	
894.48	5332.9	
894.65	5332.9	
894.81	5332.9	
894.98	5332.9	
895.14	5332.9	
895.31	5332.9	
895.47	5332.9	
895.64	5332.9	
895.81	5332.9	
895.97	5332.9	
896.14	5332.9	
896.3	5332.9	
896.47	5332.9	
896.63	5332.9	
896.8	5332.9	
896.96	5332.9	
897.13	5332.9	
897.29	5332.9	
897.46	5332.9	
897.62	5332.9	
897.79	5332.9	
897.95	5332.9	
898.12	5332.9	
898.28	5332.9	
898.45	5332.9	
898.61	5332.9	
898.78	5332.9	
898.94	5332.9	
899.11	5332.9	
899.27	5332.9	
899.44	5332.9	
899.6	5332.9	
899.77	5332.9	
899.93	5332.9	
900.1	5332.9	
900.26	5332.9	
900.43	5332.9	
900.59	5332.9	
900.76	5332.9	
900.92	5332.9	
901.09	5332.9	
901.25	5332.9	
901.42	5332.9	
901.58	5332.9	
901.75	5332.9	
901.91	5332.9	
902.07	5332.9	
902.24	5332.9	
902.4	5332.9	
902.57	5332.9	
902.73	5332.9	
902.9	5332.9	
903.06	5332.9	
903.23	5332.9	
903.39	5332.9	
903.56	5332.9	
903.72	5332.9	
903.88	5332.9	
904.05	5332.9	
904.21	5332.9	
904.38	5332.9	
904.54	5332.9	
904.71	5332.9	
904.87	5332.9	
905.03	5332.9	
905.2	5332.9	
905.36	5332.9	
905.53	5332.9	
905.69	5332.9	
905.86	5332.9	
906.02	5332.9	
906.18	5332.9	
906.35	5332.9	
906.51	5332.9	
906.68	5332.9	
906.84	5332.9	
907.01	5332.9	
907.17	5332.9	
907.33	5332.9	
907.5	5332.9	
907.66	5332.9	
907.83	5332.9	
907.99	5332.9	
908.15	5332.9	
908.32	5332.9	
908.48	5332.9	
908.65	5332.9	
908.81	5332.9	
908.97	5332.9	
909.14	5332.9	
909.3	5332.9	
909.47	5332.9	
909.63	5332.9	
909.79	5332.9	
909.96	5332.9	
910.12	5332.9	
910.28	5332.9	
910.45	5332.9	
910.61	5332.9	
910.78	5332.9	
910.94	5332.9	
911.1	5332.9	
911.27	5332.9	
911.43	5332.9	
911.59	5332.9	
911.76	5332.9	
911.92	5332.9	
912.08	5332.9	
912.25	5332.9	
912.41	5332.9	
912.57	5332.9	
912.74	5332.9	
912.9	5332.9	
913.07	5332.9	
913.23	5332.9	
913.39	5332.9	
913.56	5332.9	
913.72	5332.9	
913.88	5332.9	
914.05	5332.9	
914.21	5332.9	
914.37	5332.9	
914.54	5332.9	
914.7	5332.9	
914.86	5332.9	
915.03	5332.9	
915.19	5332.9	
