Wavelength	Intensities	
nm	a.u.	
179.22	1714.5	
179.44	1716.9	
179.65	1712.1	
179.86	1721.7	
180.08	1738	
180.29	4154	
180.51	3039.2	
180.72	5053	
180.94	5738.4	
181.15	2775	
181.37	2791.4	
181.58	4931.5	
181.79	5097.4	
182.01	2891.7	
182.22	3134.1	
182.44	5122.7	
182.65	4403.8	
182.87	3857	
183.08	3360.7	
183.29	5401.2	
183.51	4489.1	
183.72	3076	
183.94	4318.5	
184.15	4859.8	
184.37	4749.9	
184.58	2751.1	
184.79	3619.4	
185.01	4561.5	
185.22	5168.4	
185.44	3863.8	
185.65	3276.1	
185.86	4844.8	
186.08	4425	
186.29	2725.2	
186.51	2906.1	
186.72	4616.1	
186.94	5273.5	
187.15	3287	
187.36	3373.7	
187.58	6616.3	
187.79	4928.8	
188.01	3476.8	
188.22	5319.9	
188.43	5788.9	
188.65	5101.5	
188.86	2865.8	
189.08	3374.4	
189.29	4724	
189.5	4654.4	
189.72	3111.5	
189.93	3213.9	
190.15	5342.5	
190.36	6152.8	
190.57	3406.5	
190.79	3310.9	
191	5330.9	
191.22	5362.3	
191.43	3488.4	
191.64	2937.5	
191.86	5519.3	
192.07	5276.9	
192.29	3044.6	
192.5	3176.4	
192.71	5283.8	
192.93	4681.7	
193.14	3095.2	
193.35	3231.7	
193.57	4656.4	
193.78	5227.1	
194	2628.9	
194.21	3091.8	
194.42	4526	
194.64	4823	
194.85	3310.2	
195.07	3893.2	
195.28	4859.1	
195.49	4295.3	
195.71	4072.7	
195.92	2986.6	
196.13	5000.5	
196.35	5038.7	
196.56	4335.5	
196.78	3409.9	
196.99	6095.4	
197.2	5687.9	
197.42	3751.9	
197.63	3351.2	
197.84	4437.9	
198.06	5003.9	
198.27	3174.4	
198.48	4144.4	
198.7	4663.9	
198.91	4824.3	
199.13	3398.9	
199.34	3347.1	
199.55	5236.7	
199.77	4190.8	
199.98	3052.8	
200.19	3420.8	
200.41	4725.3	
200.62	4534.2	
200.83	3510.2	
201.05	3775.8	
201.26	4809.3	
201.47	4556.7	
201.69	3032.4	
201.9	2958.6	
202.11	4863.2	
202.33	5618.3	
202.54	3209.2	
202.76	3515.7	
202.97	4876.2	
203.18	4972.5	
203.4	3517	
203.61	3519.1	
203.82	4913.1	
204.04	4575.2	
204.25	3384.6	
204.46	3314.3	
204.68	4821.6	
204.89	5057.1	
205.1	3375.1	
205.32	2964.8	
205.53	5100.1	
205.74	5266	
205.96	2546.3	
206.17	3495.2	
206.38	5111.7	
206.6	5241.4	
206.81	3900.7	
207.02	3181.2	
207.24	5019.6	
207.45	5383.4	
207.66	3289	
207.88	2838.5	
208.09	5043.5	
208.3	4841.4	
208.52	3049.4	
208.73	3330.7	
208.94	4850.3	
209.15	5463.3	
209.37	3231	
209.58	3644	
209.79	5248.3	
210.01	4701.5	
210.22	2738.8	
210.43	2783.2	
210.65	4810	
210.86	5115.1	
211.07	3234.4	
211.29	3078.8	
211.5	5088.5	
211.71	4803.9	
211.93	3001.6	
212.14	3000.3	
212.35	4812	
212.56	4919.2	
212.78	3409.2	
212.99	2850.1	
213.2	5561.6	
213.42	4713.1	
213.63	3142.3	
213.84	3301.3	
214.06	4402.5	
214.27	4457.7	
214.48	3238.5	
214.69	3415.3	
214.91	5438.7	
215.12	5428.5	
215.33	3453.6	
215.55	3749.8	
215.76	5809.4	
215.97	5079.6	
216.18	3339.6	
216.4	3297.2	
216.61	4563.6	
216.82	5181.4	
217.04	3108.8	
217.25	3099.9	
217.46	5285.1	
217.67	5101.5	
217.89	2790	
218.1	2894.5	
218.31	4860.5	
218.53	5020.3	
218.74	3203.7	
218.95	3110.9	
219.16	4849.6	
219.38	5610.8	
219.59	3121.8	
219.8	3632.4	
220.01	5954.1	
220.23	4859.1	
220.44	3897.3	
220.65	2957.3	
220.87	4867.3	
221.08	5400.5	
221.29	2860.3	
221.5	3690.4	
221.72	6320.7	
221.93	4614.8	
222.14	3457	
222.35	3937.6	
222.57	4868	
222.78	5162.9	
222.99	3286.3	
223.2	3465.8	
223.42	5066	
223.63	5183.4	
223.84	2560	
224.05	2587.3	
224.27	5954.8	
224.48	5541.1	
224.69	4029	
224.9	3439.9	
225.12	5038.7	
225.33	4836.6	
225.54	2785.2	
225.75	3074	
225.97	4534.9	
226.18	4783.4	
226.39	3226.9	
226.6	3091.1	
226.82	4668	
227.03	4539.7	
227.24	3459	
227.45	2881.5	
227.67	5236	
227.88	5532.9	
228.09	3829.7	
228.3	3763.5	
228.52	5196.4	
228.73	4793.6	
228.94	3201	
229.15	2889	
229.36	4854.4	
229.58	4782	
229.79	3267.2	
230	3708.2	
230.21	5712.5	
230.43	4943.1	
230.64	3412.6	
230.85	3517	
231.06	5195	
231.28	5147.2	
231.49	2912.2	
231.7	3362.1	
231.91	5107	
232.12	4861.9	
232.34	2968.2	
232.55	3312.9	
232.76	5278.3	
232.97	4986.1	
233.18	3035.8	
233.4	3398.9	
233.61	4995.7	
233.82	4656.4	
234.03	3196.9	
234.25	3091.8	
234.46	6518.7	
234.67	4827.7	
234.88	3451.5	
235.09	3056.3	
235.31	5034.6	
235.52	4762.9	
235.73	3415.3	
235.94	2900.6	
236.15	4642.7	
236.37	5717.9	
236.58	2975	
236.79	3310.9	
237	5126.1	
237.21	4469.4	
237.43	3564.8	
237.64	2760	
237.85	8146.1	
238.06	4498.7	
238.27	3510.9	
238.48	2910.8	
238.7	5143.8	
238.91	4737	
239.12	3250.1	
239.33	3332	
239.54	4577.2	
239.76	4715.8	
239.97	3263.1	
240.18	3272	
240.39	5833.3	
240.6	5010.7	
240.82	3408.5	
241.03	2960.7	
241.24	4805.9	
241.45	5496.7	
241.66	3065.8	
241.87	3553.9	
242.09	5462.6	
242.3	5696.8	
242.51	3522.5	
242.72	3295.2	
242.93	5246.2	
243.14	4752	
243.36	3728.7	
243.57	4046.1	
243.78	5528.2	
243.99	5079.6	
244.2	3247.4	
244.41	2983.9	
244.63	4526	
244.84	5043.5	
245.05	3440.6	
245.26	3319.1	
245.47	5128.8	
245.68	5196.4	
245.9	4231.1	
246.11	3405.1	
246.32	4672.1	
246.53	5040.7	
246.74	5177.9	
246.95	2826.2	
247.16	4532.2	
247.38	4876.9	
247.59	2843.3	
247.8	3295.9	
248.01	4546.5	
248.22	4797.7	
248.43	3024.2	
248.64	3302.7	
248.86	4412	
249.07	4614.1	
249.28	2932	
249.49	3388	
249.7	5233.2	
249.91	5335.6	
250.12	2781.1	
250.34	2911.5	
250.55	4934.9	
250.76	4848.9	
250.97	3390.8	
251.18	3428.3	
251.39	5336.3	
251.6	5010.7	
251.81	3424.2	
252.03	3433.1	
252.24	4671.4	
252.45	5209.3	
252.66	2914.3	
252.87	3582.6	
253.08	4863.9	
253.29	6096.8	
253.5	2933.4	
253.72	3930.1	
253.93	4750.6	
254.14	5618.9	
254.35	3098.6	
254.56	3251.5	
254.77	5014.1	
254.98	4552	
255.19	3175.7	
255.41	3958.7	
255.62	4956.8	
255.83	5309.7	
256.04	3478.1	
256.25	3461.7	
256.46	5798.5	
256.67	4597	
256.88	3360	
257.09	3718.4	
257.31	4506.2	
257.52	4538.3	
257.73	4204.5	
257.94	3164.8	
258.15	4789.5	
258.36	4840	
258.57	3829.7	
258.78	2542.2	
258.99	5279.7	
259.2	4677.6	
259.41	3183.2	
259.63	3251.5	
259.84	5500.2	
260.05	5741.8	
260.26	4036.5	
260.47	3070.6	
260.68	5315.2	
260.89	4762.9	
261.1	3792.8	
261.31	3037.1	
261.52	5352	
261.73	5552	
261.95	4024.9	
262.16	3503.4	
262.37	5371.8	
262.58	5449	
262.79	3999	
263	3208.5	
263.21	4877.6	
263.42	4683.7	
263.63	3417.4	
263.84	3168.9	
264.05	5294.7	
264.26	5524.1	
264.47	3867.2	
264.69	3538.2	
264.9	5423.7	
265.11	4955.4	
265.32	3028.3	
265.53	3116.3	
265.74	4949.3	
265.95	4392.2	
266.16	3304.1	
266.37	3601	
266.58	4941.7	
266.79	4698	
267	3143.6	
267.21	2925.9	
267.42	4483.7	
267.63	4817.5	
267.84	3276.1	
268.06	2831.7	
268.27	5193	
268.48	5395	
268.69	3175	
268.9	3692.5	
269.11	5402.5	
269.32	4405.2	
269.53	3272.7	
269.74	3073.3	
269.95	5035.3	
270.16	4394.3	
270.37	3325.9	
270.58	3770.3	
270.79	4767.7	
271	5285.1	
271.21	3475.4	
271.42	3350.5	
271.63	4969.7	
271.84	4485.7	
272.05	2726.5	
272.26	2959.3	
272.47	4861.2	
272.68	4958.8	
272.89	3183.2	
273.11	3596.9	
273.32	4666	
273.53	5584.1	
273.74	3504.8	
273.95	3429.7	
274.16	5266.7	
274.37	4885.8	
274.58	3654.3	
274.79	2932.7	
275	4984.1	
275.21	5289.2	
275.42	4247.5	
275.63	3618.8	
275.84	5070.8	
276.05	6190.3	
276.26	3448.1	
276.47	3183.2	
276.68	4796.3	
276.89	5608	
277.1	3656.3	
277.31	2891	
277.52	5020.3	
277.73	5263.3	
277.94	2880.8	
278.15	3225.6	
278.36	4999.1	
278.57	4591.5	
278.78	3133.4	
278.99	3521.1	
279.2	4616.1	
279.41	4465.9	
279.62	4053.6	
279.83	2949.8	
280.04	5785.5	
280.25	4506.2	
280.46	4060.4	
280.67	3274	
280.88	4597	
281.09	5372.5	
281.3	3474	
281.51	4239.3	
281.72	4659.1	
281.93	5229.8	
282.14	3113.6	
282.35	3346.4	
282.56	5257.8	
282.77	5216.2	
282.98	3213.3	
283.19	3804.4	
283.4	6272.2	
283.61	4788.8	
283.82	2970.2	
284.03	4006.5	
284.24	4983.4	
284.45	5339.7	
284.66	4022.9	
284.87	3867.9	
285.08	5315.2	
285.29	5398.4	
285.5	2899.2	
285.71	3259	
285.92	5281	
286.12	5838.1	
286.33	3974.4	
286.54	3291.1	
286.75	5262.6	
286.96	4762.2	
287.17	3039.2	
287.38	3885.7	
287.59	4619.5	
287.8	4608.6	
288.01	3225.6	
288.22	3639.2	
288.43	5194.3	
288.64	4447.5	
288.85	3745.1	
289.06	3577.8	
289.27	5185.5	
289.48	5552	
289.69	4087.1	
289.9	3689.8	
290.11	5427.1	
290.32	4644.1	
290.53	3814.7	
290.74	3530.7	
290.94	5203.2	
291.15	5267.4	
291.36	3093.8	
291.57	3639.9	
291.78	4756.7	
291.99	4384.7	
292.2	3015.3	
292.41	3564.1	
292.62	5264	
292.83	5121.3	
293.04	4243.4	
293.25	3009.1	
293.46	4730.8	
293.67	5316.5	
293.88	3078.8	
294.09	3020.8	
294.29	4558.8	
294.5	4940.4	
294.71	3340.2	
294.92	3217.4	
295.13	4743.1	
295.34	5730.2	
295.55	2790	
295.76	2760.7	
295.97	5184.1	
296.18	5782.8	
296.39	2966.1	
296.6	3132.7	
296.81	4918.5	
297.01	5189.6	
297.22	3319.8	
297.43	3111.5	
297.64	4631.8	
297.85	4597.7	
298.06	2653.5	
298.27	2850.8	
298.48	4818.2	
298.69	4671.4	
298.9	3354.6	
299.11	3071.3	
299.31	4501.4	
299.52	4549.2	
299.73	3585.3	
299.94	3473.4	
300.15	4898.7	
300.36	4633.2	
300.57	3497.2	
300.78	3482.9	
300.99	4690.5	
301.2	4923.3	
301.4	3114.3	
301.61	3321.8	
301.82	5156.1	
302.03	5162.2	
302.24	3730.7	
302.45	2958.6	
302.66	5126.1	
302.87	5315.8	
303.08	3121.1	
303.29	4145.8	
303.49	4698	
303.7	4902.2	
303.91	2795.5	
304.12	4023.6	
304.33	4455.7	
304.54	4952	
304.75	3132	
304.96	2994.8	
305.16	5117.2	
305.37	5636	
305.58	2721.1	
305.79	2838.5	
306	5162.2	
306.21	4383.3	
306.42	3128.6	
306.63	4593.6	
306.83	4746.5	
307.04	5232.6	
307.25	3396.2	
307.46	3398.3	
307.67	4279.6	
307.88	5140.4	
308.09	3120.4	
308.29	3172.3	
308.5	4910.3	
308.71	5310.4	
308.92	3241.9	
309.13	3015.3	
309.34	4776.5	
309.55	4810	
309.75	3813.3	
309.96	3556	
310.17	5202.5	
310.38	4612.7	
310.59	3600.3	
310.8	2988.7	
311.01	4813.4	
311.21	4771.8	
311.42	2981.2	
311.63	3108.1	
311.84	4717.2	
312.05	4949.9	
312.26	3423.5	
312.46	3722.5	
312.67	4726	
312.88	4514.4	
313.09	2989.4	
313.3	3012.6	
313.51	5468.8	
313.71	5793.7	
313.92	3002.3	
314.13	3213.9	
314.34	5074.2	
314.55	4821.6	
314.76	3714.3	
314.96	3308.8	
315.17	4976.6	
315.38	5238.7	
315.59	3037.8	
315.8	2912.2	
316.01	5502.2	
316.21	5573.9	
316.42	2906.1	
316.63	3320.4	
316.84	4773.1	
317.05	5378.6	
317.26	3533.4	
317.46	3165.5	
317.67	4810.7	
317.88	5152	
318.09	3820.1	
318.3	2848.7	
318.5	4658.4	
318.71	5048.2	
318.92	4679.6	
319.13	3575.8	
319.34	5221.6	
319.54	5350.7	
319.75	2828.2	
319.96	2731.3	
320.17	5096	
320.38	5285.8	
320.58	2794.1	
320.79	3209.8	
321	5345.2	
321.21	5394.3	
321.42	3358	
321.62	2789.3	
321.83	4621.6	
322.04	4868	
322.25	3208.5	
322.46	3026.2	
322.66	4972.5	
322.87	5055.8	
323.08	3631.7	
323.29	2946.3	
323.5	5653.1	
323.7	4467.3	
323.91	3969.6	
324.12	3534.8	
324.33	4985.4	
324.53	5167.7	
324.74	3547.1	
324.95	3657	
325.16	4450.2	
325.37	4710.3	
325.57	3021.4	
325.78	3084.9	
325.99	4965.6	
326.2	4448.9	
326.4	4118.5	
326.61	2865.8	
326.82	4861.9	
327.03	4920.6	
327.24	4182.6	
327.44	3927.3	
327.65	5137	
327.86	4237.2	
328.07	3489.7	
328.27	2998.2	
328.48	5401.9	
328.69	4523.3	
328.9	4188.1	
329.1	3224.9	
329.31	4732.9	
329.52	5447.6	
329.73	3119.1	
329.93	3377.8	
330.14	4893.3	
330.35	5002.5	
330.56	4789.5	
330.76	3635.1	
330.97	4721.3	
331.18	4924	
331.39	3344.3	
331.59	2740.2	
331.8	5335	
332.01	5416.2	
332.22	3159.3	
332.42	3485.6	
332.63	4985.4	
332.84	4649.6	
333.05	3354.6	
333.25	3061	
333.46	4690.5	
333.67	4850.3	
333.88	3182.5	
334.08	3444.7	
334.29	6240.2	
334.5	5336.3	
334.7	2966.8	
334.91	4179.9	
335.12	4516.5	
335.33	5110.4	
335.53	3321.8	
335.74	4688.5	
335.95	4728.1	
336.16	4548.5	
336.36	3297.9	
336.57	3753.9	
336.78	4470.7	
336.98	5290.6	
337.19	4016.7	
337.4	3218.7	
337.61	5790.3	
337.81	4512.4	
338.02	3136.8	
338.23	3843.4	
338.43	5463.3	
338.64	4652.3	
338.85	3063.1	
339.05	3914.4	
339.26	5530.9	
339.47	4447.5	
339.68	3079.5	
339.88	4300.1	
340.09	5074.9	
340.3	5175.9	
340.5	3515.7	
340.71	2776.4	
340.92	4506.2	
341.13	5433.3	
341.33	2954.5	
341.54	3504.8	
341.75	5062.6	
341.95	4757.4	
342.16	3409.2	
342.37	3588.7	
342.57	4546.5	
342.78	4820.2	
342.99	3709.6	
343.19	2804.4	
343.4	5169.8	
343.61	5051	
343.81	3224.2	
344.02	2979.1	
344.23	5137	
344.43	5476.3	
344.64	3704.8	
344.85	3592.1	
345.06	5124	
345.26	5356.8	
345.47	3528	
345.68	3984.7	
345.88	4336.9	
346.09	5229.8	
346.3	3504.8	
346.5	2734	
346.71	4818.9	
346.92	4644.1	
347.12	2871.3	
347.33	3418.1	
347.54	5212.8	
347.74	5634	
347.95	3469.3	
348.16	2684.2	
348.36	4730.8	
348.57	4568.3	
348.78	3508.9	
348.98	3709.6	
349.19	4797	
349.39	4429.8	
349.6	2845.3	
349.81	3084.9	
350.01	5156.8	
350.22	4615.4	
350.43	3415.3	
350.63	3882.9	
350.84	4902.2	
351.05	4624.3	
351.25	3054.9	
351.46	2843.3	
351.67	5279.7	
351.87	4610.7	
352.08	3293.1	
352.29	3734.8	
352.49	5245.5	
352.7	5273.5	
352.9	2933.4	
353.11	3691.8	
353.32	5722	
353.52	4696	
353.73	2975.7	
353.94	3734.1	
354.14	5117.9	
354.35	4923.3	
354.55	3050.1	
354.76	3407.1	
354.97	5108.3	
355.17	4933.6	
355.38	2983.2	
355.59	3933.5	
355.79	4628.4	
356	4958.8	
356.2	3405.8	
356.41	3063.1	
356.62	4541	
356.82	4842.8	
357.03	3616	
357.24	3302	
357.44	4644.8	
357.65	4805.2	
357.85	4291.9	
358.06	3467.2	
358.27	4466.6	
358.47	4640.7	
358.68	2936.1	
358.88	3616	
359.09	5179.3	
359.3	5369.1	
359.5	4137.6	
359.71	3726.6	
359.91	5681.7	
360.12	5251	
360.33	3624.2	
360.53	3981.9	
360.74	4805.9	
360.94	4771.8	
361.15	3834.5	
361.36	3241.3	
361.56	5404.6	
361.77	4970.4	
361.97	4149.9	
362.18	3385.3	
362.38	5433.9	
362.59	4676.2	
362.8	3241.3	
363	3095.2	
363.21	4553.3	
363.41	5051.7	
363.62	3686.3	
363.83	4306.9	
364.03	5185.5	
364.24	5756.2	
364.44	4579.9	
364.65	4406.5	
364.85	4957.4	
365.06	4755.4	
365.27	3350.5	
365.47	3396.2	
365.68	5735.7	
365.88	4940.4	
366.09	3712.3	
366.29	3459	
366.5	5120.6	
366.71	5513.1	
366.91	4477.5	
367.12	3800.3	
367.32	5930.9	
367.53	5381.4	
367.73	3875.4	
367.94	4553.3	
368.14	5383.4	
368.35	5976.7	
368.56	3792.2	
368.76	3371.6	
368.97	5499.5	
369.17	6676.4	
369.38	3454.9	
369.58	3615.3	
369.79	4685.8	
369.99	5693.4	
370.2	4368.3	
370.4	3688.4	
370.61	5161.6	
370.82	6199.2	
371.02	3624.2	
371.23	3171.6	
371.43	4686.4	
371.64	5746.6	
371.84	3709.6	
372.05	4588.1	
372.25	6646.3	
372.46	5447.6	
372.66	3726.6	
372.87	3739.6	
373.07	5483.1	
373.28	6774	
373.48	4538.3	
373.69	4302.8	
373.9	5181.4	
374.1	5252.4	
374.31	4524.6	
374.51	4062.5	
374.72	5863.3	
374.92	5039.4	
375.13	4582	
375.33	4010.6	
375.54	5528.8	
375.74	5162.2	
375.95	4109.6	
376.15	4976.6	
376.36	5623	
376.56	5492.7	
376.77	4260.5	
376.97	4465.9	
377.18	6425.8	
377.38	5722.7	
377.59	4786.1	
377.79	3929.4	
378	5623.7	
378.2	5868.1	
378.41	3956	
378.61	3870	
378.82	5964.4	
379.02	5379.3	
379.23	4106.2	
379.43	4915.1	
379.64	6083.8	
379.84	5801.9	
380.05	3992.9	
380.25	3941	
380.46	5870.8	
380.66	5541.1	
380.87	4943.1	
381.07	5186.8	
381.28	6346	
381.48	5802.6	
381.69	3997.6	
381.89	4003.8	
382.1	4997.7	
382.3	5915.2	
382.51	4859.8	
382.71	5461.9	
382.91	5716.6	
383.12	6199.9	
383.32	4269.3	
383.53	4334.2	
383.73	5656.5	
383.94	5548.6	
384.14	4341	
384.35	3738.9	
384.55	5412.1	
384.76	5773.2	
384.96	4248.2	
385.17	4417.5	
385.37	5759.6	
385.58	5158.2	
385.78	4421.6	
385.98	3605.8	
386.19	5418.2	
386.39	5715.2	
386.6	3987.4	
386.8	4196.3	
387.01	5795.1	
387.21	5850.4	
387.42	4518.5	
387.62	4994.3	
387.83	5314.5	
388.03	5778	
388.23	4394.3	
388.44	4870.8	
388.64	5159.5	
388.85	5305.6	
389.05	4629.8	
389.26	5094.7	
389.46	6776.7	
389.67	6324.1	
389.87	4685.8	
390.07	4689.8	
390.28	5673.6	
390.48	5388.9	
390.69	4145.8	
390.89	4373.8	
391.1	5608.7	
391.3	6251.8	
391.5	5210.7	
391.71	5748.6	
391.91	6118	
392.12	6779.5	
392.32	5345.2	
392.53	4868.7	
392.73	5630.5	
392.93	5784.1	
393.14	4502.8	
393.34	5060.5	
393.55	6072.9	
393.75	5681.7	
393.95	4426.3	
394.16	4357.4	
394.36	5544.5	
394.57	6032	
394.77	4075.5	
394.98	4286.4	
395.18	5541.8	
395.38	5648.3	
395.59	5094	
395.79	4326.7	
396	5735.7	
396.2	6124.1	
396.4	4983.4	
396.61	5037.3	
396.81	6237.4	
397.02	5759.6	
397.22	5279	
397.42	5372.5	
397.63	6346	
397.83	5806.7	
398.04	4421.6	
398.24	4906.3	
398.44	6189.6	
398.65	5500.2	
398.85	4392.9	
399.05	4460.5	
399.26	5879	
399.46	7164.5	
399.67	4804.5	
399.87	4652.3	
400.07	6113.2	
400.28	6399.2	
400.48	4752	
400.69	5505.6	
400.89	6623.1	
401.09	7000.6	
401.3	4703.5	
401.5	5514.5	
401.7	7219.1	
401.91	7402.7	
402.11	5065.3	
402.32	5139	
402.52	6785.6	
402.72	6554.2	
402.93	5278.3	
403.13	4417.5	
403.33	7285.3	
403.54	6078.4	
403.74	4886.5	
403.94	5429.8	
404.15	6094.1	
404.35	7034.1	
404.56	4654.4	
404.76	5958.9	
404.96	6433.4	
405.17	6298.2	
405.37	5445.5	
405.57	5142.4	
405.78	6636.1	
405.98	6221.7	
406.18	4942.4	
406.39	5536.3	
406.59	6614.9	
406.79	6288.6	
407	4642.1	
407.2	4728.1	
407.4	6664.1	
407.61	6727.6	
407.81	4859.1	
408.01	6522.1	
408.22	5856.5	
408.42	7445	
408.62	5765.7	
408.83	5453.7	
409.03	6656.6	
409.23	6657.9	
409.44	5718.6	
409.64	5943.9	
409.84	7623.2	
410.05	7595.2	
410.25	5971.9	
410.45	5905	
410.66	7364.5	
410.86	9186.5	
411.06	6402.6	
411.27	6206	
411.47	9173.5	
411.67	7536.5	
411.88	6450.4	
412.08	6760.3	
412.28	8170.7	
412.49	8466.3	
412.69	6446.3	
412.89	6410.1	
413.09	8446.5	
413.3	8353.7	
413.5	6635.4	
413.7	6378.7	
413.91	7899	
414.11	8613.1	
414.31	6579.4	
414.52	7021.8	
414.72	8370.7	
414.92	8391.9	
415.12	6522.1	
415.33	7075.7	
415.53	8579.6	
415.73	8784.4	
415.94	7290.8	
416.14	6848.4	
416.34	8013.7	
416.55	7730.4	
416.75	7796.6	
416.95	7475.1	
417.15	8850	
417.36	9198.8	
417.56	8227.4	
417.76	7396.6	
417.97	9148.3	
418.17	9002.9	
418.37	7143.3	
418.57	7346.1	
418.78	8922.3	
418.98	8649.9	
419.18	7918.8	
419.38	7826.7	
419.59	8637.6	
419.79	8173.4	
419.99	6980.2	
420.2	7299	
420.4	8972.2	
420.6	8934.6	
420.8	7073.7	
421.01	6893.5	
421.21	8896.4	
421.41	9009	
421.61	7350.2	
421.82	7125.6	
422.02	8572.8	
422.22	9263.6	
422.42	7793.2	
422.63	7280.5	
422.83	8572.1	
423.03	9555.8	
423.23	7443	
423.44	6636.1	
423.64	8609	
423.84	8295.6	
424.04	6993.1	
424.25	6791.7	
424.45	9217.2	
424.65	9140.8	
424.85	6589.7	
425.06	6928.3	
425.26	9382.4	
425.46	8437.6	
425.66	7290.8	
425.87	7086	
426.07	8992.6	
426.27	8789.2	
426.47	7163.1	
426.67	6757.6	
426.88	9242.5	
427.08	8762.6	
427.28	7492.8	
427.48	6630	
427.69	7887.4	
427.89	8443.1	
428.09	7290.8	
428.29	6616.3	
428.5	8998.8	
428.7	8675.9	
428.9	6672.3	
429.1	7012.9	
429.3	8589.9	
429.51	8856.8	
429.71	6863.4	
429.91	7610.9	
430.11	8958.5	
430.31	9259.5	
430.52	7254.6	
430.72	7593.2	
430.92	9441.1	
431.12	9060.2	
431.32	7068.2	
431.53	7284.6	
431.73	8252.6	
431.93	9559.2	
432.13	6964.5	
432.33	6899.6	
432.54	8633.6	
432.74	8804.9	
432.94	6984.3	
433.14	7724.9	
433.34	9168.1	
433.55	8823.3	
433.75	7712.7	
433.95	9334.6	
434.15	9020.6	
434.35	8834.3	
434.56	7215.7	
434.76	6937.8	
434.96	9025.4	
435.16	9329.9	
435.36	7205.4	
435.56	8129.1	
435.77	8956.4	
435.97	9115.5	
436.17	8793.3	
436.37	8054.7	
436.57	9006.3	
436.78	9154.4	
436.98	8050.6	
437.18	8658.8	
437.38	9684.2	
437.58	9161.9	
437.78	8728.4	
437.99	7718.1	
438.19	9424.8	
438.39	10554	
438.59	7623.9	
438.79	7148.8	
438.99	9897.8	
439.2	8881.4	
439.4	6993.1	
439.6	7180.2	
439.8	9209.7	
440	10127	
440.2	8084	
440.4	8169.3	
440.61	9798.2	
440.81	10271	
441.01	7716.7	
441.21	8711.4	
441.41	10583	
441.61	10058	
441.81	8918.2	
442.02	9633.6	
442.22	10831	
442.42	10280	
442.62	8101.1	
442.82	7972.1	
443.02	10585	
443.22	9915.6	
443.43	8476.5	
443.63	8060.1	
443.83	9676.7	
444.03	9695.1	
444.23	9157.2	
444.43	8873.8	
444.63	10202	
444.83	11016	
445.04	8476.5	
445.24	9490.3	
445.44	10329	
445.64	10442	
445.84	8684.1	
446.04	8823.3	
446.24	9730.6	
446.44	10520	
446.65	8017.8	
446.85	8527.7	
447.05	9711.5	
447.25	10408	
447.45	8402.8	
447.65	7955	
447.85	9964.7	
448.05	9478	
448.25	8881.4	
448.46	8605.6	
448.66	9910.8	
448.86	9535.3	
449.06	7943.4	
449.26	8838.4	
449.46	10328	
449.66	9418.6	
449.86	8623.3	
450.06	8485.4	
450.26	9707.4	
450.47	10312	
450.67	8685.4	
450.87	9083.4	
451.07	10448	
451.27	10255	
451.47	8288.8	
451.67	8789.2	
451.87	10057	
452.07	10770	
452.27	8606.9	
452.47	8522.3	
452.67	10173	
452.88	10573	
453.08	7956.4	
453.28	9626.1	
453.48	11290	
453.68	10041	
453.88	8563.9	
454.08	8591.9	
454.28	10604	
454.48	10206	
454.68	9131.9	
454.88	9431.6	
455.08	10690	
455.28	10657	
455.48	8389.8	
455.68	9126.4	
455.89	11241	
456.09	11034	
456.29	8935.3	
456.49	9153.1	
456.69	11274	
456.89	10525	
457.09	9445.9	
457.29	9871.9	
457.49	11050	
457.69	11352	
457.89	9704	
458.09	9093	
458.29	11045	
458.49	11689	
458.69	10097	
458.89	9728.5	
459.09	12202	
459.29	12037	
459.49	9617.9	
459.69	10340	
459.9	11574	
460.1	11366	
460.3	9463	
460.5	9454.1	
460.7	11630	
460.9	11347	
461.1	9167.4	
461.3	10277	
461.5	12323	
461.7	11993	
461.9	9972.9	
462.1	10171	
462.3	11844	
462.5	12248	
462.7	9951.1	
462.9	10184	
463.1	13108	
463.3	13080	
463.5	10408	
463.7	11467	
463.9	12286	
464.1	12604	
464.3	11025	
464.5	10955	
464.7	12970	
464.9	12852	
465.1	12220	
465.3	11331	
465.5	13269	
465.7	13407	
465.9	11794	
466.1	11267	
466.3	13356	
466.5	13070	
466.7	12511	
466.9	11316	
467.1	13208	
467.3	13885	
467.5	12626	
467.7	11645	
467.9	14144	
468.1	14969	
468.3	12111	
468.5	12628	
468.7	13383	
468.9	13353	
469.1	12071	
469.3	12705	
469.5	15058	
469.7	13263	
469.9	12198	
470.1	11933	
470.3	13679	
470.5	13693	
470.7	13017	
470.9	12087	
471.1	13580	
471.3	13614	
471.5	11981	
471.69	13234	
471.89	13327	
472.09	12814	
472.29	12459	
472.49	12395	
472.69	13196	
472.89	13703	
473.09	11763	
473.29	11554	
473.49	13203	
473.69	13080	
473.89	12383	
474.09	11873	
474.29	14152	
474.49	13747	
474.69	12517	
474.89	11854	
475.09	13262	
475.29	13182	
475.49	11403	
475.69	11639	
475.88	14358	
476.08	13609	
476.28	11428	
476.48	11482	
476.68	13603	
476.88	13423	
477.08	11404	
477.28	11859	
477.48	12925	
477.68	13461	
477.88	11345	
478.08	11574	
478.28	13871	
478.48	13125	
478.67	11651	
478.87	11002	
479.07	13812	
479.27	13171	
479.47	11781	
479.67	11792	
479.87	13691	
480.07	14025	
480.27	11400	
480.47	12432	
480.67	13234	
480.87	13864	
481.06	11477	
481.26	12280	
481.46	13371	
481.66	13358	
481.86	11882	
482.06	12670	
482.26	13132	
482.46	13816	
482.66	11831	
482.86	11517	
483.05	13614	
483.25	12977	
483.45	13677	
483.65	11825	
483.85	13254	
484.05	13416	
484.25	12168	
484.45	12874	
484.65	13988	
484.84	14266	
485.04	11976	
485.24	12100	
485.44	14575	
485.64	13165	
485.84	11585	
486.04	12661	
486.24	13581	
486.44	13837	
486.63	11595	
486.83	12357	
487.03	13665	
487.23	13896	
487.43	11789	
487.63	13729	
487.83	14015	
488.02	14670	
488.22	12815	
488.42	13282	
488.62	14613	
488.82	13994	
489.02	12505	
489.22	12755	
489.41	14563	
489.61	14579	
489.81	12423	
490.01	12518	
490.21	14710	
490.41	15251	
490.61	12598	
490.8	12540	
491	14414	
491.2	13786	
491.4	12818	
491.6	12227	
491.8	14173	
491.99	14092	
492.19	11958	
492.39	12261	
492.59	14519	
492.79	14635	
492.99	12962	
493.18	12411	
493.38	14743	
493.58	15593	
493.78	13161	
493.98	12950	
494.18	14819	
494.37	14653	
494.57	13767	
494.77	13678	
494.97	15528	
495.17	15897	
495.37	13651	
495.56	13863	
495.76	16177	
495.96	15900	
496.16	14803	
496.36	14186	
496.55	16303	
496.75	15886	
496.95	14462	
497.15	14367	
497.35	16214	
497.54	16330	
497.74	14171	
497.94	15709	
498.14	16843	
498.34	16643	
498.53	14071	
498.73	14663	
498.93	15933	
499.13	16399	
499.33	14773	
499.52	14993	
499.72	16682	
499.92	16673	
500.12	14743	
500.32	14946	
500.51	16713	
500.71	16744	
500.91	15374	
501.11	15131	
501.31	16708	
501.5	17116	
501.7	15795	
501.9	14915	
502.1	16767	
502.29	17013	
502.49	15326	
502.69	15505	
502.89	16750	
503.09	16747	
503.28	14320	
503.48	14421	
503.68	16001	
503.88	16049	
504.07	15272	
504.27	14519	
504.47	16363	
504.67	16265	
504.86	14992	
505.06	14790	
505.26	15918	
505.46	17321	
505.65	14498	
505.85	14545	
506.05	15776	
506.25	16119	
506.44	13925	
506.64	14343	
506.84	15500	
507.04	16025	
507.23	13917	
507.43	14209	
507.63	16816	
507.83	15620	
508.02	14421	
508.22	13915	
508.42	17300	
508.62	15554	
508.81	14311	
509.01	14801	
509.21	15207	
509.4	15591	
509.6	14306	
509.8	13883	
510	15383	
510.19	16643	
510.39	13755	
510.59	13936	
510.79	15463	
510.98	16599	
511.18	14048	
511.38	14167	
511.57	16264	
511.77	15870	
511.97	14596	
512.17	13900	
512.36	16010	
512.56	15840	
512.76	13749	
512.95	13528	
513.15	16042	
513.35	14857	
513.55	14403	
513.74	13802	
513.94	16056	
514.14	15535	
514.33	14508	
514.53	14476	
514.73	15469	
514.92	15739	
515.12	13993	
515.32	13879	
515.51	15930	
515.71	16150	
515.91	15312	
516.11	13964	
516.3	17236	
516.5	15548	
516.7	14268	
516.89	14915	
517.09	15616	
517.29	15648	
517.48	14624	
517.68	14128	
517.88	15610	
518.07	16016	
518.27	14687	
518.47	13822	
518.66	16320	
518.86	15302	
519.06	13630	
519.25	14062	
519.45	15498	
519.65	16844	
519.84	14643	
520.04	15373	
520.24	17221	
520.43	16059	
520.63	14423	
520.83	14148	
521.02	15461	
521.22	15892	
521.42	14334	
521.61	14868	
521.81	15465	
522.01	15573	
522.2	14362	
522.4	14017	
522.6	16029	
522.79	15072	
522.99	14203	
523.18	13778	
523.38	16009	
523.58	16222	
523.77	15787	
523.97	14195	
524.17	17807	
524.36	17236	
524.56	15550	
524.76	15281	
524.95	16685	
525.15	16341	
525.34	15177	
525.54	15240	
525.74	17231	
525.93	16619	
526.13	16470	
526.33	15689	
526.52	17664	
526.72	17354	
526.91	16638	
527.11	16227	
527.31	17733	
527.5	18221	
527.7	16128	
527.89	15276	
528.09	17111	
528.29	17770	
528.48	16417	
528.68	16225	
528.87	17989	
529.07	17781	
529.27	16313	
529.46	15949	
529.66	17841	
529.85	18232	
530.05	15806	
530.25	16540	
530.44	19044	
530.64	17630	
530.83	15993	
531.03	16294	
531.23	18158	
531.42	17906	
531.62	16937	
531.81	16352	
532.01	18363	
532.21	18771	
532.4	16455	
532.6	16849	
532.79	19381	
532.99	18756	
533.18	17077	
533.38	17915	
533.58	18759	
533.77	19228	
533.97	17393	
534.16	18008	
534.36	19673	
534.55	18867	
534.75	18152	
534.95	17507	
535.14	19774	
535.34	18957	
535.53	17204	
535.73	18673	
535.92	20078	
536.12	18893	
536.31	17221	
536.51	18133	
536.71	19037	
536.9	18828	
537.1	17204	
537.29	17486	
537.49	19335	
537.68	18688	
537.88	17753	
538.07	16987	
538.27	18944	
538.46	19820	
538.66	17010	
538.86	17707	
539.05	19130	
539.25	19377	
539.44	17888	
539.64	17334	
539.83	19050	
540.03	19717	
540.22	17413	
540.42	17092	
540.61	19097	
540.81	19185	
541	17410	
541.2	18112	
541.39	18460	
541.59	18763	
541.78	17800	
541.98	16959	
542.18	18340	
542.37	18277	
542.57	17144	
542.76	17648	
542.96	18215	
543.15	18573	
543.35	17163	
543.54	16420	
543.74	18589	
543.93	18426	
544.13	16550	
544.32	17494	
544.52	18383	
544.71	17904	
544.91	15973	
545.1	16776	
545.3	17908	
545.49	18451	
545.69	15899	
545.88	16346	
546.08	19045	
546.27	18610	
546.47	16692	
546.66	16146	
546.86	18540	
547.05	18824	
547.24	16248	
547.44	16327	
547.63	17510	
547.83	18401	
548.02	16425	
548.22	16516	
548.41	17329	
548.61	18395	
548.8	15994	
549	16009	
549.19	17785	
549.39	18056	
549.58	15621	
549.78	16143	
549.97	18055	
550.17	17464	
550.36	16694	
550.55	17468	
550.75	17514	
550.94	18183	
551.14	15575	
551.33	15629	
551.53	16918	
551.72	17727	
551.92	15737	
552.11	15728	
552.31	17681	
552.5	17438	
552.69	16889	
552.89	15275	
553.08	17656	
553.28	17159	
553.47	15664	
553.67	16533	
553.86	17877	
554.06	16574	
554.25	14951	
554.44	15476	
554.64	18348	
554.83	18015	
555.03	15325	
555.22	15479	
555.42	17454	
555.61	17230	
555.8	15270	
556	15443	
556.19	16661	
556.39	17334	
556.58	15388	
556.78	15266	
556.97	17121	
557.16	16918	
557.36	16274	
557.55	15122	
557.75	16207	
557.94	17601	
558.13	15165	
558.33	14993	
558.52	17434	
558.72	16481	
558.91	14995	
559.1	15095	
559.3	16438	
559.49	15850	
559.69	14640	
559.88	15247	
560.07	16802	
560.27	17133	
560.46	15446	
560.66	15540	
560.85	16796	
561.04	15945	
561.24	14712	
561.43	14792	
561.63	16123	
561.82	16457	
562.01	15803	
562.21	15006	
562.4	16528	
562.59	17405	
562.79	14941	
562.98	14687	
563.18	16604	
563.37	17888	
563.56	15440	
563.76	14962	
563.95	16432	
564.14	16414	
564.34	15214	
564.53	15001	
564.73	16861	
564.92	17186	
565.11	15451	
565.31	14957	
565.5	17443	
565.69	16442	
565.89	15109	
566.08	15370	
566.27	17172	
566.47	17559	
566.66	15819	
566.85	14833	
567.05	17013	
567.24	16655	
567.44	15091	
567.63	16216	
567.82	17204	
568.02	16983	
568.21	15109	
568.4	15347	
568.6	16963	
568.79	16977	
568.98	15111	
569.18	15251	
569.37	17058	
569.56	18572	
569.76	15618	
569.95	16397	
570.14	17444	
570.34	17295	
570.53	15330	
570.72	15195	
570.91	17886	
571.11	17036	
571.3	15565	
571.49	16262	
571.69	17162	
571.88	16628	
572.07	16136	
572.27	16031	
572.46	16794	
572.65	17508	
572.85	15409	
573.04	15786	
573.23	17875	
573.43	17236	
573.62	15319	
573.81	15896	
574	17531	
574.2	17281	
574.39	15980	
574.58	16092	
574.78	18269	
574.97	17810	
575.16	16410	
575.36	16434	
575.55	18280	
575.74	18136	
575.93	15689	
576.13	16755	
576.32	17694	
576.51	18263	
576.71	16221	
576.9	17256	
577.09	18455	
577.28	18043	
577.48	16484	
577.67	15750	
577.86	17821	
578.05	18093	
578.25	16331	
578.44	16488	
578.63	17849	
578.83	18921	
579.02	15808	
579.21	17217	
579.4	18135	
579.6	17874	
579.79	16546	
579.98	18213	
580.17	18360	
580.37	18553	
580.56	16061	
580.75	16825	
580.94	18661	
581.14	18685	
581.33	17002	
581.52	16148	
581.71	18301	
581.91	18848	
582.1	16042	
582.29	16438	
582.48	17943	
582.68	18028	
582.87	16923	
583.06	16556	
583.25	18338	
583.45	17886	
583.64	17212	
583.83	17670	
584.02	18088	
584.21	18396	
584.41	17196	
584.6	16619	
584.79	18249	
584.98	18714	
585.18	16281	
585.37	16307	
585.56	17931	
585.75	18436	
585.94	16139	
586.14	16910	
586.33	18592	
586.52	18119	
586.71	16640	
586.91	16341	
587.1	17212	
587.29	18318	
587.48	15926	
587.67	16044	
587.87	18028	
588.06	17875	
588.25	16885	
588.44	16398	
588.63	17426	
588.83	17982	
589.02	15836	
589.21	15637	
589.4	16979	
589.59	17098	
589.78	14642	
589.98	14756	
590.17	16213	
590.36	16579	
590.55	13928	
590.74	14317	
590.94	17079	
591.13	15830	
591.32	14117	
591.51	13747	
591.7	16249	
591.89	16013	
592.09	13889	
592.28	14341	
592.47	15380	
592.66	17027	
592.85	13934	
593.05	14271	
593.24	15956	
593.43	16619	
593.62	14291	
593.81	14756	
594	16047	
594.19	16187	
594.39	14126	
594.58	14061	
594.77	16270	
594.96	16675	
595.15	14093	
595.34	14568	
595.54	16146	
595.73	15367	
595.92	13508	
596.11	14191	
596.3	16472	
596.49	15386	
596.68	14113	
596.88	14317	
597.07	16059	
597.26	15186	
597.45	13577	
597.64	14568	
597.83	15351	
598.02	15908	
598.22	13704	
598.41	14233	
598.6	15750	
598.79	15115	
598.98	13701	
599.17	14336	
599.36	15660	
599.55	16350	
599.74	15266	
599.94	15028	
600.13	16021	
600.32	15139	
600.51	13416	
600.7	13611	
600.89	16444	
601.08	16505	
601.27	13265	
601.47	14093	
601.66	15781	
601.85	16331	
602.04	13949	
602.23	13981	
602.42	15144	
602.61	15483	
602.8	13623	
602.99	13467	
603.18	15246	
603.37	15431	
603.57	13919	
603.76	14181	
603.95	16109	
604.14	15602	
604.33	13540	
604.52	13689	
604.71	15629	
604.9	15086	
605.09	14272	
605.28	13983	
605.47	15900	
605.66	15525	
605.86	13965	
606.05	13506	
606.24	15849	
606.43	14717	
606.62	13806	
606.81	14236	
607	15607	
607.19	15066	
607.38	13150	
607.57	13387	
607.76	14827	
607.95	14427	
608.14	13648	
608.33	14068	
608.52	14885	
608.72	15726	
608.91	12988	
609.1	12991	
609.29	14896	
609.48	14488	
609.67	13642	
609.86	12906	
610.05	14489	
610.24	14656	
610.43	12890	
610.62	12427	
610.81	15533	
611	15228	
611.19	12868	
611.38	13327	
611.57	14876	
611.76	15823	
611.95	12572	
612.14	12516	
612.33	14865	
612.52	14456	
612.71	13013	
612.9	12546	
613.09	14056	
613.28	15913	
613.47	12981	
613.66	13528	
613.85	14743	
614.04	14375	
614.24	12850	
614.43	12288	
614.62	14980	
614.81	14771	
615	13150	
615.19	13353	
615.38	14263	
615.57	14586	
615.76	13207	
615.95	13855	
616.14	15109	
616.33	14706	
616.52	13494	
616.71	13687	
616.9	14914	
617.09	14744	
617.28	12996	
617.47	13933	
617.66	14241	
617.85	14225	
618.04	13742	
618.22	13263	
618.41	14744	
618.6	15596	
618.79	13331	
618.98	13265	
619.17	15715	
619.36	14323	
619.55	13545	
619.74	13407	
619.93	15301	
620.12	14921	
620.31	14007	
620.5	14136	
620.69	15833	
620.88	16151	
621.07	14788	
621.26	14029	
621.45	15646	
621.64	15748	
621.83	14112	
622.02	13550	
622.21	15640	
622.4	15507	
622.59	14702	
622.78	14524	
622.97	15234	
623.16	16024	
623.35	14228	
623.54	13491	
623.72	15453	
623.91	15575	
624.1	14499	
624.29	13361	
624.48	16398	
624.67	15834	
624.86	14464	
625.05	13698	
625.24	16533	
625.43	15312	
625.62	15694	
625.81	13809	
626	16131	
626.19	15530	
626.38	14444	
626.56	13951	
626.75	15466	
626.94	16056	
627.13	14533	
627.32	13453	
627.51	15958	
627.7	16873	
627.89	13565	
628.08	14468	
628.27	15154	
628.46	15412	
628.65	13704	
628.83	13431	
629.02	15703	
629.21	15172	
629.4	14162	
629.59	14106	
629.78	15195	
629.97	15819	
630.16	14188	
630.35	13807	
630.54	16212	
630.72	16079	
630.91	13773	
631.1	14242	
631.29	15601	
631.48	15709	
631.67	14375	
631.86	13794	
632.05	15423	
632.24	15481	
632.42	13601	
632.61	14067	
632.8	15316	
632.99	15152	
633.18	14123	
633.37	14292	
633.56	15540	
633.75	15655	
633.93	14100	
634.12	13835	
634.31	16251	
634.5	15917	
634.69	13994	
634.88	14177	
635.07	15376	
635.25	15856	
635.44	14427	
635.63	14741	
635.82	15191	
636.01	14772	
636.2	14426	
636.39	14016	
636.57	16062	
636.76	15784	
636.95	13589	
637.14	14580	
637.33	15500	
637.52	16325	
637.7	13426	
637.89	14186	
638.08	15251	
638.27	16202	
638.46	14235	
638.65	14371	
638.83	16118	
639.02	14949	
639.21	13898	
639.4	14308	
639.59	15261	
639.78	14891	
639.96	13193	
640.15	13308	
640.34	15137	
640.53	15098	
640.72	12872	
640.91	13123	
641.09	14418	
641.28	15603	
641.47	13162	
641.66	13707	
641.85	15029	
642.03	15032	
642.22	13491	
642.41	13070	
642.6	14496	
642.79	13933	
642.97	12897	
643.16	13429	
643.35	14332	
643.54	14231	
643.73	12858	
643.91	13409	
644.1	13821	
644.29	14564	
644.48	12609	
644.67	12760	
644.85	13885	
645.04	14203	
645.23	12151	
645.42	12392	
645.6	13724	
645.79	14441	
645.98	12162	
646.17	11372	
646.36	13199	
646.54	13614	
646.73	12540	
646.92	11639	
647.11	13226	
647.29	13953	
647.48	11630	
647.67	11469	
647.86	14160	
648.05	14209	
648.23	11865	
648.42	12739	
648.61	13618	
648.8	13336	
648.98	11383	
649.17	11622	
649.36	12964	
649.55	12658	
649.73	11407	
649.92	12109	
650.11	12997	
650.3	13162	
650.48	11421	
650.67	11392	
650.86	13366	
651.05	12476	
651.23	11387	
651.42	11407	
651.61	12814	
651.79	12715	
651.98	11545	
652.17	11145	
652.36	13052	
652.54	12235	
652.73	11269	
652.92	10983	
653.11	13035	
653.29	13143	
653.48	10598	
653.67	11295	
653.85	12783	
654.04	13589	
654.23	11343	
654.42	10968	
654.6	12217	
654.79	12585	
654.98	10301	
655.16	10511	
655.35	11584	
655.54	11407	
655.73	9992.7	
655.91	9944.3	
656.1	12054	
656.29	11166	
656.47	9704	
656.66	11034	
656.85	11684	
657.03	11628	
657.22	10298	
657.41	10448	
657.59	11851	
657.78	11749	
657.97	10181	
658.16	10782	
658.34	12491	
658.53	12787	
658.72	11493	
658.9	11880	
659.09	12179	
659.28	12144	
659.46	10600	
659.65	10610	
659.84	11926	
660.02	12412	
660.21	10619	
660.4	10344	
660.58	12742	
660.77	12192	
660.96	10946	
661.14	10157	
661.33	13104	
661.52	13044	
661.7	10139	
661.89	12824	
662.08	11834	
662.26	11487	
662.45	10232	
662.64	10316	
662.82	12353	
663.01	11648	
663.2	10334	
663.38	10967	
663.57	12116	
663.75	12091	
663.94	10501	
664.13	11400	
664.31	11617	
664.5	12177	
664.69	10578	
664.87	11105	
665.06	11484	
665.25	11946	
665.43	11337	
665.62	11404	
665.8	12260	
665.99	11682	
666.18	10385	
666.36	10606	
666.55	12164	
666.74	12171	
666.92	10125	
667.11	11293	
667.29	11650	
667.48	12163	
667.67	11061	
667.85	10151	
668.04	11650	
668.22	11688	
668.41	10474	
668.6	10462	
668.78	11497	
668.97	11675	
669.15	10641	
669.34	9902.6	
669.53	11508	
669.71	11760	
669.9	9900.6	
670.08	10452	
670.27	11443	
670.46	11902	
670.64	10662	
670.83	10811	
671.01	11224	
671.2	11589	
671.38	10105	
671.57	9927.9	
671.76	12234	
671.94	12731	
672.13	9787.2	
672.31	10646	
672.5	12012	
672.69	11501	
672.87	10049	
673.06	10335	
673.24	11860	
673.43	11410	
673.61	10546	
673.8	10114	
673.98	11777	
674.17	12006	
674.36	10673	
674.54	10482	
674.73	11665	
674.91	11871	
675.1	10344	
675.28	9983.2	
675.47	11572	
675.65	11918	
675.84	10194	
676.03	10342	
676.21	11351	
676.4	10942	
676.58	10765	
676.77	10651	
676.95	12534	
677.14	11264	
677.32	9895.8	
677.51	9790.7	
677.69	11909	
677.88	11189	
678.06	9865.1	
678.25	9895.8	
678.44	11557	
678.62	11275	
678.81	9564	
678.99	10444	
679.18	12155	
679.36	11817	
679.55	10174	
679.73	10568	
679.92	11712	
680.1	11250	
680.29	11054	
680.47	9994.8	
680.66	11216	
680.84	11973	
681.03	9597.5	
681.21	10361	
681.4	11306	
681.58	11121	
681.77	9871.2	
681.95	9691.7	
682.14	11970	
682.32	12164	
682.51	10546	
682.69	9574.3	
682.88	10981	
683.06	11439	
683.25	10237	
683.43	10562	
683.62	11389	
683.8	11723	
683.99	10668	
684.17	10068	
684.36	12366	
684.54	11067	
684.73	9319.6	
684.91	9436.4	
685.1	11112	
685.28	10562	
685.46	9380.4	
685.65	9381.1	
685.83	10904	
686.02	10462	
686.2	8871.8	
686.39	9110	
686.57	10202	
686.76	11521	
686.94	9128.5	
687.13	9236.3	
687.31	10901	
687.5	10738	
687.68	8767.4	
687.86	9812.5	
688.05	12125	
688.23	10307	
688.42	9823.4	
688.6	9430.9	
688.79	10907	
688.97	10607	
689.16	9663.7	
689.34	8757.8	
689.52	11293	
689.71	11535	
689.89	10021	
690.08	9390.6	
690.26	11183	
690.45	10950	
690.63	10140	
690.81	9601.6	
691	10909	
691.18	10819	
691.37	9601.6	
691.55	11222	
691.74	10616	
691.92	12198	
692.1	9562	
692.29	9110.7	
692.47	10776	
692.66	10235	
692.84	9278.7	
693.02	9633	
693.21	10459	
693.39	10816	
693.58	9794.1	
693.76	9293.7	
693.94	11716	
694.13	11598	
694.31	9500.5	
694.5	10391	
694.68	10832	
694.86	11028	
695.05	9875.3	
695.23	10060	
695.42	11496	
695.6	13229	
695.78	10419	
695.97	9649.3	
696.15	11742	
696.34	10972	
696.52	9610.4	
696.7	10172	
696.89	11308	
697.07	10787	
697.25	9915.6	
697.44	11044	
697.62	11279	
697.81	11292	
697.99	9601.6	
698.17	10062	
698.36	10584	
698.54	11228	
698.72	9944.3	
698.91	9042.5	
699.09	10861	
699.28	10657	
699.46	9667.8	
699.64	9501.9	
699.83	10686	
700.01	11375	
700.19	10083	
700.38	8891.6	
700.56	11474	
700.74	10804	
700.93	9153.1	
701.11	9897.8	
701.29	11189	
701.48	12058	
701.66	9491	
701.84	9596.8	
702.03	11010	
702.21	11515	
702.39	9194	
702.58	9787.2	
702.76	11292	
702.94	11287	
703.13	9264.3	
703.31	11048	
703.49	10764	
703.68	11751	
703.86	9377.6	
704.04	10152	
704.23	11086	
704.41	11376	
704.59	9412.5	
704.78	10234	
704.96	11967	
705.14	11374	
705.33	9336	
705.51	9849.4	
705.69	10956	
705.87	11621	
706.06	10089	
706.24	9193.3	
706.42	11183	
706.61	11493	
706.79	10008	
706.97	9213.1	
707.16	10566	
707.34	11080	
707.52	9942.9	
707.7	9424.1	
707.89	10768	
708.07	10512	
708.25	10084	
708.44	10173	
708.62	10745	
708.8	11427	
708.98	10170	
709.17	9345.6	
709.35	11028	
709.53	10871	
709.72	9072.5	
709.9	9422	
710.08	11167	
710.26	11101	
710.45	10281	
710.63	9272.5	
710.81	10771	
710.99	10666	
711.18	9706.7	
711.36	9291	
711.54	10649	
711.72	11006	
711.91	9206.3	
712.09	8733.2	
712.27	10548	
712.45	11056	
712.64	9279.3	
712.82	8518.9	
713	10067	
713.18	10007	
713.37	8446.5	
713.55	9251.4	
713.73	10512	
713.91	9444.5	
714.1	8359.1	
714.28	7917.4	
714.46	9990.7	
714.64	9134.6	
714.83	7154.9	
715.01	7533.8	
715.19	8937.3	
715.37	8213	
715.55	7066.9	
715.74	7321.5	
715.92	9205.6	
716.1	7628.7	
716.28	8165.3	
716.47	7216.4	
716.65	8164.6	
716.83	8330.5	
717.01	7147.4	
717.19	6944.7	
717.38	9812.5	
717.56	7886	
717.74	7289.4	
717.92	6667.5	
718.1	8840.4	
718.29	8330.5	
718.47	6481.8	
718.65	7116	
718.83	9112.8	
719.01	9097.8	
719.2	6810.2	
719.38	7690.8	
719.56	9035	
719.74	10218	
719.92	7434.1	
720.11	8057.4	
720.29	9047.9	
720.47	8267	
720.65	6804	
720.83	7350.8	
721.02	8305.2	
721.2	8063.5	
721.38	7180.9	
721.56	6552.8	
721.74	7559.1	
721.92	7695.6	
722.11	7494.9	
722.29	7220.5	
722.47	8651.3	
722.65	7899	
722.83	6531.7	
723.01	7147.4	
723.2	8041	
723.38	8269.7	
723.56	6111.1	
723.74	6911.9	
723.92	7621.2	
724.1	8557.8	
724.29	6438.8	
724.47	7314	
724.65	7715.4	
724.83	7601.4	
725.01	6310.5	
725.19	6976.7	
725.37	7474.4	
725.56	7634.8	
725.74	6133.7	
725.92	6458.6	
726.1	7542	
726.28	7748.1	
726.46	6605.4	
726.64	6396.5	
726.83	7794.6	
727.01	7894.2	
727.19	6122.7	
727.37	6783.6	
727.55	7894.9	
727.73	8256	
727.91	6066.1	
728.09	5924.1	
728.28	8263.6	
728.46	8490.9	
728.64	6793.8	
728.82	6741.2	
729	9011.1	
729.18	8632.2	
729.36	6198.5	
729.54	8013	
729.72	9428.8	
729.91	8079.9	
730.09	7858.7	
730.27	6894.8	
730.45	8003.5	
730.63	8572.8	
730.81	7353.6	
730.99	6653.2	
731.17	8980.3	
731.35	7802.1	
731.53	7030.7	
731.71	6743.3	
731.9	8656.8	
732.08	8754.4	
732.26	6819.7	
732.44	6638.1	
732.62	8802.9	
732.8	8492.9	
732.98	7236.2	
733.16	6425.8	
733.34	8332.5	
733.52	7382.9	
733.7	6711.9	
733.88	6902.3	
734.07	8188.5	
734.25	7969.3	
734.43	6306.4	
734.61	7556.3	
734.79	9234.3	
734.97	7958.4	
735.15	6359.6	
735.33	6694.8	
735.51	8124.3	
735.69	7809.6	
735.87	7464.2	
736.05	6729.6	
736.23	7969.3	
736.41	7748.1	
736.59	6579.4	
736.77	6657.9	
736.95	8359.1	
737.13	7859.4	
737.32	6384.2	
737.5	6500.9	
737.68	8758.5	
737.86	7704.5	
738.04	6163	
738.22	7540.6	
738.4	7474.4	
738.58	7761.8	
738.76	6545.3	
738.94	5700.2	
739.12	7652.6	
739.3	7514.7	
739.48	7023.2	
739.66	6797.2	
739.84	7785.7	
740.02	7785.7	
740.2	5868.8	
740.38	6081.1	
740.56	8066.9	
740.74	7073	
740.92	6564.4	
741.1	6374	
741.28	7580.2	
741.46	7378.1	
741.64	6094.1	
741.82	6556.2	
742	7565.2	
742.18	7511.3	
742.36	6206	
742.54	5984.2	
742.72	7988.4	
742.9	6929.6	
743.08	6610.2	
743.26	5583.4	
743.44	8003.5	
743.62	7932.5	
743.8	6561.7	
743.98	5841.5	
744.16	7555.6	
744.34	7383.6	
744.52	6382.2	
744.7	6352.1	
744.88	7701.7	
745.06	7296.2	
745.24	6358.9	
745.42	6420.4	
745.6	7688.8	
745.78	7549.5	
745.96	5459.2	
746.14	5660.6	
746.32	8202.8	
746.5	7505.8	
746.68	6059.9	
746.86	5651	
747.03	7855.3	
747.21	6605.4	
747.39	5971.9	
747.57	5655.1	
747.75	7194.5	
747.93	7472.4	
748.11	5571.2	
748.29	5524.7	
748.47	8461.5	
748.65	6967.9	
748.83	6125.5	
749.01	5879	
749.19	7306.5	
749.37	6600.6	
749.55	5800.5	
749.73	5795.1	
749.91	6980.2	
750.09	6814.3	
750.26	5789.6	
750.44	5348.6	
750.62	7025.2	
750.8	6991.8	
750.98	5277.6	
751.16	5449	
751.34	7066.2	
751.52	6477	
751.7	6018.3	
751.88	5165.7	
752.06	7453.2	
752.24	7124.9	
752.42	5121.3	
752.59	5416.9	
752.77	6946.7	
752.95	7927	
753.13	5986.2	
753.31	5449.6	
753.49	6640.9	
753.67	6946.7	
753.85	5626.5	
754.03	5296.7	
754.21	7139.2	
754.38	7329	
754.56	5228.5	
754.74	4564.9	
754.92	6365.8	
755.1	6857.3	
755.28	4397.7	
755.46	4430.4	
755.64	7281.2	
755.82	7198.6	
755.99	4309.6	
756.17	4336.9	
756.35	5052.3	
756.53	6225.8	
756.71	3338.2	
756.89	4062.5	
757.07	5759.6	
757.25	5165	
757.42	4476.9	
757.6	5235.3	
757.78	6045.6	
757.96	5354.1	
758.14	4412	
758.32	4042	
758.5	4985.4	
758.67	5674.9	
758.85	4257	
759.03	4373.1	
759.21	5744.6	
759.39	5304.2	
759.57	3913.7	
759.75	4783.4	
759.92	6309.8	
760.1	5794.4	
760.28	5137.7	
760.46	5337.7	
760.64	5556.1	
760.82	5435.3	
760.99	4918.5	
761.17	4442.7	
761.35	6336.4	
761.53	5487.2	
761.71	4609.3	
761.89	5131.5	
762.06	6276.3	
762.24	5917.9	
762.42	4729.4	
762.6	4580.6	
762.78	5930.9	
762.96	6371.9	
763.13	5019.6	
763.31	4794.3	
763.49	6429.3	
763.67	5874.3	
763.85	5461.2	
764.02	5849	
764.2	6810.9	
764.38	6099.5	
764.56	4648.9	
764.74	5365.7	
764.91	6740.5	
765.09	5867.4	
765.27	4473.4	
765.45	4242	
765.63	6842.3	
765.8	6679.1	
765.98	4031.8	
766.16	4307.6	
766.34	5601.9	
766.52	5396.4	
766.69	4955.4	
766.87	4168.3	
767.05	5858.6	
767.23	6513.2	
767.41	4272.7	
767.58	4511.7	
767.76	6273.6	
767.94	6380.1	
768.12	4323.3	
768.29	4851	
768.47	5797.8	
768.65	6368.5	
768.83	4106.2	
769	4962.2	
769.18	5474.9	
769.36	5984.8	
769.54	4894.6	
769.72	4080.9	
769.89	6264.1	
770.07	6265.4	
770.25	4279.6	
770.43	5324	
770.6	6824.5	
770.78	7015	
770.96	4436.6	
771.14	4870.8	
771.31	6098.9	
771.49	5577.3	
771.67	3747.8	
771.85	3930.7	
772.02	5047.6	
772.2	5513.8	
772.38	4441.4	
772.55	4028.4	
772.73	5767.8	
772.91	5528.2	
773.09	4296.6	
773.26	4416.1	
773.44	5671.5	
773.62	5472.9	
773.8	3942.3	
773.97	3734.8	
774.15	5679	
774.33	5439.4	
774.5	3863.2	
774.68	4078.2	
774.86	5604.6	
775.04	5413.5	
775.21	3844	
775.39	3814.7	
775.57	5646.9	
775.74	5815.5	
775.92	3725.9	
776.1	3601.7	
776.27	5610.1	
776.45	6509.1	
776.63	3876.8	
776.81	3524.6	
776.98	5298.8	
777.16	6079.7	
777.34	3923.9	
777.51	4184.7	
777.69	5298.1	
777.87	5048.2	
778.04	3980.6	
778.22	4431.8	
778.4	5031.2	
778.57	5615.5	
778.75	3330	
778.93	3569.6	
779.1	4953.4	
779.28	4764.9	
779.46	3320.4	
779.64	3637.2	
779.81	5676.3	
779.99	6358.9	
780.17	4272.1	
780.34	4373.8	
780.52	5258.5	
780.69	5354.1	
780.87	3980.6	
781.05	3598.3	
781.22	5326.8	
781.4	5280.3	
781.58	3679.5	
781.75	3052.2	
781.93	5289.2	
782.11	4777.2	
782.28	4439.3	
782.46	3690.4	
782.64	4670.1	
782.81	5390.9	
782.99	3757.3	
783.17	3660.4	
783.34	5305.6	
783.52	4706.2	
783.69	3866.6	
783.87	4552.6	
784.05	4803.9	
784.22	4778.6	
784.4	4433.9	
784.58	3932.8	
784.75	5554.1	
784.93	4837.3	
785.1	3660.4	
785.28	4095.9	
785.46	5336.3	
785.63	4738.3	
785.81	3596.9	
785.99	3469.3	
786.16	4929.5	
786.34	5202.5	
786.51	3559.4	
786.69	3829	
786.87	4533.5	
787.04	4962.9	
787.22	3357.3	
787.39	4127.3	
787.57	4696.7	
787.75	5557.5	
787.92	4306.9	
788.1	4240.7	
788.27	4713.7	
788.45	4525.3	
788.63	4012.7	
788.8	3023.5	
788.98	5147.9	
789.15	4434.5	
789.33	3136.1	
789.5	3587.4	
789.68	5477.6	
789.86	5535.7	
790.03	3901.4	
790.21	3467.9	
790.38	5508.4	
790.56	4798.4	
790.73	3441.3	
790.91	3356.6	
791.09	4730.8	
791.26	5256.5	
791.44	3605.1	
791.61	3155.9	
791.79	4650.3	
791.96	4724.7	
792.14	3220.8	
792.32	2953.2	
792.49	4742.4	
792.67	4758.8	
792.84	3284.3	
793.02	3162.7	
793.19	5074.9	
793.37	5535.7	
793.54	2947.7	
793.72	3193.5	
793.89	5603.2	
794.07	4663.9	
794.25	3571	
794.42	2917.7	
794.6	5515.2	
794.77	5131.5	
794.95	3863.2	
795.12	3416	
795.3	4682.3	
795.47	5104.2	
795.65	3697.9	
795.82	3562.8	
796	4571.7	
796.17	6001.2	
796.35	3454.2	
796.52	4065.9	
796.7	5120.6	
796.87	5175.9	
797.05	3447.4	
797.22	4124.6	
797.4	5150	
797.57	5902.2	
797.75	3581.2	
797.92	3388	
798.1	5383.4	
798.27	4582	
798.45	2994.1	
798.62	3147.7	
798.8	4906.3	
798.97	5224.4	
799.15	3750.5	
799.32	3532.7	
799.5	4311	
799.67	4891.2	
799.85	3873.4	
800.02	2887.6	
800.2	4620.2	
800.37	4816.1	
800.55	3911.6	
800.72	3384.6	
800.9	5282.4	
801.07	5608.7	
801.25	4425.7	
801.42	3672	
801.6	5268.7	
801.77	5012.1	
801.95	3454.2	
802.12	3247.4	
802.29	4992.9	
802.47	4991.6	
802.64	3701.4	
802.82	2880.8	
802.99	4601.1	
803.17	5362.3	
803.34	3521.1	
803.52	3247.4	
803.69	5882.4	
803.87	4379.9	
804.04	3502.7	
804.21	3627	
804.39	5446.2	
804.56	4771.8	
804.74	3027.6	
804.91	3635.1	
805.09	4568.3	
805.26	4616.8	
805.44	3125.9	
805.61	3373	
805.78	5154.7	
805.96	5090.6	
806.13	3624.2	
806.31	3893.2	
806.48	4242	
806.66	4622.3	
806.83	3663.1	
807	3575.8	
807.18	4646.2	
807.35	4925.4	
807.53	3510.2	
807.7	2883.5	
807.87	5511.8	
808.05	4636.6	
808.22	3850.9	
808.4	2906.8	
808.57	4522.6	
808.74	4323.3	
808.92	3282.2	
809.09	4093.2	
809.27	4536.3	
809.44	4953.4	
809.61	2938.2	
809.79	3127.2	
809.96	5560.2	
810.14	5124.7	
810.31	2852.8	
810.48	3413.3	
810.66	4661.9	
810.83	5130.8	
811.01	3251.5	
811.18	3616.7	
811.35	5184.1	
811.53	4121.2	
811.7	3812	
811.87	3652.9	
812.05	4635.9	
812.22	4486.4	
812.39	3175	
812.57	3100.6	
812.74	4602.5	
812.92	5874.3	
813.09	3412.6	
813.26	3663.1	
813.44	5708.4	
813.61	4494.6	
813.78	2902	
813.96	3784.6	
814.13	4574.5	
814.3	4360.8	
814.48	4020.2	
814.65	3349.1	
814.82	5513.1	
815	4380.6	
815.17	3497.2	
815.34	4185.4	
815.52	4531.5	
815.69	4529.4	
815.87	3407.8	
816.04	3398.9	
816.21	4550.6	
816.38	4192.2	
816.56	3364.1	
816.73	3175	
816.9	5683.1	
817.08	5149.3	
817.25	3189.4	
817.42	3904.8	
817.6	4238.6	
817.77	4600.4	
817.94	3517.7	
818.12	3117	
818.29	4449.6	
818.46	6433.4	
818.64	3336.8	
818.81	3059.7	
818.98	4319.2	
819.16	5976.7	
819.33	3745.7	
819.5	3508.2	
819.67	4822.3	
819.85	5418.9	
820.02	3444.7	
820.19	3648.8	
820.37	4778.6	
820.54	4491.9	
820.71	3506.8	
820.88	4345.1	
821.06	4807.3	
821.23	4377.2	
821.4	3509.5	
821.58	3527.3	
821.75	5111	
821.92	4734.9	
822.09	2910.8	
822.27	3007.1	
822.44	4593.6	
822.61	4517.8	
822.79	2934.1	
822.96	5300.8	
823.13	4898.1	
823.3	4332.8	
823.48	3306.1	
823.65	3011.2	
823.82	5168.4	
823.99	4303.5	
824.17	4201.7	
824.34	3090.4	
824.51	5696.8	
824.68	4651.6	
824.86	3164.8	
825.03	3521.1	
825.2	4607.2	
825.37	5395	
825.55	3150.5	
825.72	3485	
825.89	5857.2	
826.06	5489.2	
826.24	3345.7	
826.41	3424.9	
826.58	5465.3	
826.75	4803.9	
826.92	2779.8	
827.1	3054.2	
827.27	7200.7	
827.44	5776.6	
827.61	3293.1	
827.79	3802.4	
827.96	4411.3	
828.13	4632.5	
828.3	3380.5	
828.47	2860.3	
828.65	4841.4	
828.82	4778.6	
828.99	4234.5	
829.16	3695.9	
829.34	5132.9	
829.51	4898.7	
829.68	3453.6	
829.85	3541.6	
830.02	5448.3	
830.2	5092.6	
830.37	2731.3	
830.54	4016.7	
830.71	5761.6	
830.88	4620.9	
831.05	2770.9	
831.23	3108.1	
831.4	5552.7	
831.57	6051.1	
831.74	3213.3	
831.91	2855.6	
832.09	4887.1	
832.26	5099.4	
832.43	3290.4	
832.6	3687	
832.77	4807.9	
832.94	5431.9	
833.12	2680.1	
833.29	3319.1	
833.46	4906.3	
833.63	6259.3	
833.8	3567.6	
833.97	3292.5	
834.15	5149.3	
834.32	4943.8	
834.49	3478.1	
834.66	3482.2	
834.83	5221	
835	4418.8	
835.17	3182.5	
835.35	3204.4	
835.52	5044.1	
835.69	4957.4	
835.86	3421.5	
836.03	2809.1	
836.2	5127.4	
836.37	4792.9	
836.55	3278.1	
836.72	3094.5	
836.89	4788.2	
837.06	5152	
837.23	3403	
837.4	3633.1	
837.57	5775.3	
837.75	6287.3	
837.92	3080.1	
838.09	3266.5	
838.26	4789.5	
838.43	5257.8	
838.6	3448.8	
838.77	3078.8	
838.94	5937.1	
839.11	5745.2	
839.29	3312.9	
839.46	2640.5	
839.63	5122.7	
839.8	4835.3	
839.97	3262.4	
840.14	3211.9	
840.31	4958.1	
840.48	5063.9	
840.65	2732	
840.82	3165.5	
841	5083.1	
841.17	5025	
841.34	3006.4	
841.51	2994.1	
841.68	5011.4	
841.85	4814.8	
842.02	3132.7	
842.19	2630.3	
842.36	4934.2	
842.53	4899.4	
842.7	3042.6	
842.87	3528.7	
843.05	6225.1	
843.22	4776.5	
843.39	2846.7	
843.56	3035.8	
843.73	4700.1	
843.9	5180	
844.07	4671.4	
844.24	3921.9	
844.41	7009.5	
844.58	4513	
844.75	2885.6	
844.92	3144.3	
845.09	5079	
845.26	5048.9	
845.43	2937.5	
845.6	3104	
845.77	5074.2	
845.94	4855.7	
846.12	3213.3	
846.29	3446	
846.46	5277.6	
846.63	5057.8	
846.8	2960	
846.97	3474	
847.14	5436.7	
847.31	5091.3	
847.48	3310.9	
847.65	3649.5	
847.82	5294	
847.99	5214.8	
848.16	3893.9	
848.33	3632.4	
848.5	4741	
848.67	5473.5	
848.84	2912.9	
849.01	3080.8	
849.18	4644.1	
849.35	4336.2	
849.52	3663.8	
849.69	2932	
849.86	5253.7	
850.03	5360.9	
850.2	2977.7	
850.37	3523.9	
850.54	5353.4	
850.71	4756.1	
850.88	3551.2	
851.05	2916.3	
851.22	5025.7	
851.39	5501.5	
851.56	2760.7	
851.73	3319.8	
851.9	4532.2	
852.07	5268.7	
852.24	3229	
852.41	2911.5	
852.58	4992.9	
852.75	4577.2	
852.92	3259	
853.09	2906.8	
853.26	4720.6	
853.43	5408.7	
853.6	2940.2	
853.77	2553.8	
853.94	5471.5	
854.11	4481	
854.28	4230.4	
854.44	3203	
854.61	5769.1	
854.78	5382.7	
854.95	2902	
855.12	3594.2	
855.29	4184.7	
855.46	5711.1	
855.63	2954.5	
855.8	3906.2	
855.97	4746.5	
856.14	5301.5	
856.31	4080.9	
856.48	3237.8	
856.65	4755.4	
856.82	4448.9	
856.99	2846.7	
857.16	3164.8	
857.33	6000.5	
857.49	4767	
857.66	3156.6	
857.83	3390.8	
858	4769	
858.17	4971.8	
858.34	2796.8	
858.51	2926.5	
858.68	5618.9	
858.85	5550	
859.02	3470.6	
859.19	3603.1	
859.36	4514.4	
859.52	4515.1	
859.69	2942.9	
859.86	3429.7	
860.03	4553.3	
860.2	5536.3	
860.37	2729.9	
860.54	2981.8	
860.71	5248.9	
860.88	5522.7	
861.05	3245.3	
861.21	3713	
861.38	5522.7	
861.55	4388.8	
861.72	2663	
861.89	3233.1	
862.06	5283.8	
862.23	5658.5	
862.4	2833.7	
862.56	3097.9	
862.73	5107.6	
862.9	4901.5	
863.07	3437.2	
863.24	2664.4	
863.41	4431.1	
863.58	4537.6	
863.75	2978.4	
863.91	3381.9	
864.08	5427.1	
864.25	5170.4	
864.42	3622.9	
864.59	4031.8	
864.76	5773.2	
864.93	4536.3	
865.09	2834.4	
865.26	3151.8	
865.43	5383.4	
865.6	5765	
865.77	2593.4	
865.94	2887.6	
866.1	5458.5	
866.27	5202.5	
866.44	4326	
866.61	2825.5	
866.78	4807.3	
866.95	5162.2	
867.11	2869.9	
867.28	2669.2	
867.45	5378	
867.62	4522.6	
867.79	3359.4	
867.96	2953.2	
868.12	4429.1	
868.29	5230.5	
868.46	2980.5	
868.63	3855.6	
868.8	5372.5	
868.97	5162.9	
869.13	3050.1	
869.3	3115.6	
869.47	5071.5	
869.64	5285.8	
869.81	2910.2	
869.97	2974.3	
870.14	5003.9	
870.31	5556.8	
870.48	2844.6	
870.65	3666.5	
870.81	4752	
870.98	4775.2	
871.15	3311.6	
871.32	3126.6	
871.48	5126.1	
871.65	5562.3	
871.82	2931.3	
871.99	3257	
872.16	5948	
872.32	5403.9	
872.49	2990	
872.66	2998.2	
872.83	5203.9	
872.99	4644.1	
873.16	3386	
873.33	2988	
873.5	4896.7	
873.67	4981.3	
873.83	3066.5	
874	3891.8	
874.17	5075.5	
874.34	5763.7	
874.5	3711.6	
874.67	3594.9	
874.84	5558.2	
875.01	4414.7	
875.17	3970.3	
875.34	2918.4	
875.51	5036	
875.68	5879	
875.84	3524.6	
876.01	4167.6	
876.18	5213.4	
876.34	5153.4	
876.51	2966.1	
876.68	2876	
876.85	4764.3	
877.01	5469.4	
877.18	4115.1	
877.35	2905.4	
877.52	4980.7	
877.68	4414.1	
877.85	2895.1	
878.02	2907.4	
878.18	4851	
878.35	4672.8	
878.52	2385.2	
878.69	3242.6	
878.85	5320.6	
879.02	5132.9	
879.19	4059.8	
879.35	3156.6	
879.52	5208	
879.69	5284.4	
879.86	2590.7	
880.02	3238.5	
880.19	4865.3	
880.36	5830.6	
880.52	3292.5	
880.69	3508.9	
880.86	5253.7	
881.02	5257.8	
881.19	3190.1	
881.36	3111.5	
881.52	5195.7	
881.69	4630.5	
881.86	3206.4	
882.02	3083.6	
882.19	5375.9	
882.36	6174.6	
882.52	3005.7	
882.69	4035.9	
882.86	5074.2	
883.02	4982.7	
883.19	3497.9	
883.36	3344.3	
883.52	5261.9	
883.69	5851.7	
883.86	2970.9	
884.02	2755.9	
884.19	5197.7	
884.36	4874.8	
884.52	3223.5	
884.69	3146.4	
884.86	4705.5	
885.02	5610.1	
885.19	3184.6	
885.36	3330.7	
885.52	4847.5	
885.69	5018.2	
885.86	4132.1	
886.02	3684.3	
886.19	5220.3	
886.35	4743.8	
886.52	3263.8	
886.69	3967.6	
886.85	4486.4	
887.02	5490.6	
887.19	5490.6	
887.35	5490.6	
887.52	5490.6	
887.68	5490.6	
887.85	5490.6	
888.02	5490.6	
888.18	5490.6	
888.35	5490.6	
888.51	5490.6	
888.68	5490.6	
888.85	5490.6	
889.01	5490.6	
889.18	5490.6	
889.35	5490.6	
889.51	5490.6	
889.68	5490.6	
889.84	5490.6	
890.01	5490.6	
890.17	5490.6	
890.34	5490.6	
890.51	5490.6	
890.67	5490.6	
890.84	5490.6	
891	5490.6	
891.17	5490.6	
891.34	5490.6	
891.5	5490.6	
891.67	5490.6	
891.83	5490.6	
892	5490.6	
892.16	5490.6	
892.33	5490.6	
892.5	5490.6	
892.66	5490.6	
892.83	5490.6	
892.99	5490.6	
893.16	5490.6	
893.32	5490.6	
893.49	5490.6	
893.65	5490.6	
893.82	5490.6	
893.99	5490.6	
894.15	5490.6	
894.32	5490.6	
894.48	5490.6	
894.65	5490.6	
894.81	5490.6	
894.98	5490.6	
895.14	5490.6	
895.31	5490.6	
895.47	5490.6	
895.64	5490.6	
895.81	5490.6	
895.97	5490.6	
896.14	5490.6	
896.3	5490.6	
896.47	5490.6	
896.63	5490.6	
896.8	5490.6	
896.96	5490.6	
897.13	5490.6	
897.29	5490.6	
897.46	5490.6	
897.62	5490.6	
897.79	5490.6	
897.95	5490.6	
898.12	5490.6	
898.28	5490.6	
898.45	5490.6	
898.61	5490.6	
898.78	5490.6	
898.94	5490.6	
899.11	5490.6	
899.27	5490.6	
899.44	5490.6	
899.6	5490.6	
899.77	5490.6	
899.93	5490.6	
900.1	5490.6	
900.26	5490.6	
900.43	5490.6	
900.59	5490.6	
900.76	5490.6	
900.92	5490.6	
901.09	5490.6	
901.25	5490.6	
901.42	5490.6	
901.58	5490.6	
901.75	5490.6	
901.91	5490.6	
902.07	5490.6	
902.24	5490.6	
902.4	5490.6	
902.57	5490.6	
902.73	5490.6	
902.9	5490.6	
903.06	5490.6	
903.23	5490.6	
903.39	5490.6	
903.56	5490.6	
903.72	5490.6	
903.88	5490.6	
904.05	5490.6	
904.21	5490.6	
904.38	5490.6	
904.54	5490.6	
904.71	5490.6	
904.87	5490.6	
905.03	5490.6	
905.2	5490.6	
905.36	5490.6	
905.53	5490.6	
905.69	5490.6	
905.86	5490.6	
906.02	5490.6	
906.18	5490.6	
906.35	5490.6	
906.51	5490.6	
906.68	5490.6	
906.84	5490.6	
907.01	5490.6	
907.17	5490.6	
907.33	5490.6	
907.5	5490.6	
907.66	5490.6	
907.83	5490.6	
907.99	5490.6	
908.15	5490.6	
908.32	5490.6	
908.48	5490.6	
908.65	5490.6	
908.81	5490.6	
908.97	5490.6	
909.14	5490.6	
909.3	5490.6	
909.47	5490.6	
909.63	5490.6	
909.79	5490.6	
909.96	5490.6	
910.12	5490.6	
910.28	5490.6	
910.45	5490.6	
910.61	5490.6	
910.78	5490.6	
910.94	5490.6	
911.1	5490.6	
911.27	5490.6	
911.43	5490.6	
911.59	5490.6	
911.76	5490.6	
911.92	5490.6	
912.08	5490.6	
912.25	5490.6	
912.41	5490.6	
912.57	5490.6	
912.74	5490.6	
912.9	5490.6	
913.07	5490.6	
913.23	5490.6	
913.39	5490.6	
913.56	5490.6	
913.72	5490.6	
913.88	5490.6	
914.05	5490.6	
914.21	5490.6	
914.37	5490.6	
914.54	5490.6	
914.7	5490.6	
914.86	5490.6	
915.03	5490.6	
915.19	5490.6	
