Wavelength	Intensities	
nm	a.u.	
179.22	1914.5	
179.44	1915.5	
179.65	1913.5	
179.86	1917.6	
180.08	1909.4	
180.29	4945.8	
180.51	3534.8	
180.72	5642.8	
180.94	6653.2	
181.15	3273.3	
181.37	3189.4	
181.58	5545.9	
181.79	5843.5	
182.01	3422.2	
182.22	3710.9	
182.44	5756.8	
182.65	4826.4	
182.87	4661.9	
183.08	4056.3	
183.29	6143.2	
183.51	5016.2	
183.72	3747.8	
183.94	5390.3	
184.15	5413.5	
184.37	5468.8	
184.58	3178.4	
184.79	4452.3	
185.01	4999.1	
185.22	5780.1	
185.44	4683.7	
185.65	3946.4	
185.86	5275.6	
186.08	4930.1	
186.29	3170.9	
186.51	3364.1	
186.72	5049.6	
186.94	5988.3	
187.15	3919.1	
187.36	4073.4	
187.58	7839.6	
187.79	5484.5	
188.01	4242	
188.22	6599.2	
188.43	6634.1	
188.65	5791	
188.86	3368.2	
189.08	4083	
189.29	5251.7	
189.5	5197.7	
189.72	3733.4	
189.93	3795.6	
190.15	5977.3	
190.36	7179.5	
190.57	4149.2	
190.79	3996.3	
191	6074.3	
191.22	6015.6	
191.43	4149.9	
191.64	3365.5	
191.86	6299.6	
192.07	6053.8	
192.29	3505.4	
192.5	3707.5	
192.71	5993.7	
192.93	5132.9	
193.14	3699.3	
193.35	3809.2	
193.57	5157.5	
193.78	6019.7	
194	3007.8	
194.21	3674.7	
194.42	4954	
194.64	5483.8	
194.85	4078.2	
195.07	4827.1	
195.28	5539.8	
195.49	4723.3	
195.71	5027.8	
195.92	3460.4	
196.13	5650.3	
196.35	5745.2	
196.56	5350	
196.78	4008.6	
196.99	7059.3	
197.2	6623.8	
197.42	4622.9	
197.63	4110.3	
197.84	4856.4	
198.06	5610.1	
198.27	3767.6	
198.48	5008.6	
198.7	5207.3	
198.91	5315.8	
199.13	4048.8	
199.34	4035.2	
199.55	5795.8	
199.77	4721.3	
199.98	3567.6	
200.19	4136.9	
200.41	5276.3	
200.62	5007.3	
200.83	4255	
201.05	4570.4	
201.26	5305.6	
201.47	5086.5	
201.69	3588	
201.9	3506.8	
202.11	5414.1	
202.33	6436.8	
202.54	3831.7	
202.76	4329.4	
202.97	5539.1	
203.18	5565	
203.4	4293.9	
203.61	4113.7	
203.82	5502.9	
204.04	5087.2	
204.25	4116.4	
204.46	4053.6	
204.68	5425.8	
204.89	5686.5	
205.1	3960.8	
205.32	3456.3	
205.53	5892.7	
205.74	6021	
205.96	2906.8	
206.17	4178.5	
206.38	5798.5	
206.6	5972.6	
206.81	4625.7	
207.02	3795.6	
207.24	5698.8	
207.45	6133.7	
207.66	3858.4	
207.88	3312.9	
208.09	5681.7	
208.3	5462.6	
208.52	3528	
208.73	3948.5	
208.94	5444.9	
209.15	6146.6	
209.37	3930.1	
209.58	4033.1	
209.79	5952.1	
210.01	5256.5	
210.22	3059.7	
210.43	3213.9	
210.65	5422.3	
210.86	5927.5	
211.07	3940.3	
211.29	3576.4	
211.5	5821	
211.71	5406.6	
211.93	3592.8	
212.14	3540.9	
212.35	5352	
212.56	5620.3	
212.78	4129.4	
212.99	3375.7	
213.2	6415.6	
213.42	5229.8	
213.63	3709.6	
213.84	3979.9	
214.06	4810.7	
214.27	4919.2	
214.48	3884.3	
214.69	4150.6	
214.91	6128.9	
215.12	6193.7	
215.33	4185.4	
215.55	4645.5	
215.76	6736.5	
215.97	5701.5	
216.18	3979.9	
216.4	3938.9	
216.61	5077.6	
216.82	5905.7	
217.04	3601	
217.25	3753.9	
217.46	6161.7	
217.67	5861.3	
217.89	3223.5	
218.1	3321.8	
218.31	5502.9	
218.53	5615.5	
218.74	3758.7	
218.95	3630.4	
219.16	5414.1	
219.38	6320.7	
219.59	3666.5	
219.8	4394.3	
220.01	7092.1	
220.23	5406	
220.44	4732.2	
220.65	3539.6	
220.87	5444.9	
221.08	6040.8	
221.29	3265.1	
221.5	4452.3	
221.72	7473.7	
221.93	5145.2	
222.14	4157.4	
222.35	4856.4	
222.57	5469.4	
222.78	5788.9	
222.99	3898	
223.2	4210.6	
223.42	5709.7	
223.63	5888.6	
223.84	2974.3	
224.05	2975	
224.27	6959	
224.48	6371.2	
224.69	4870.1	
224.9	4064.5	
225.12	5638.7	
225.33	5406.6	
225.54	3255.6	
225.75	3695.2	
225.97	4997	
226.18	5307	
226.39	3925.3	
226.6	3662.5	
226.82	5199.1	
227.03	5010	
227.24	4112.3	
227.45	3387.3	
227.67	5840.8	
227.88	6458.6	
228.09	4596.3	
228.3	4584.7	
228.52	5894.1	
228.73	5371.8	
228.94	3797.6	
229.15	3366.9	
229.36	5375.9	
229.58	5309.7	
229.79	3841.3	
230	4498.7	
230.21	6490.7	
230.43	5568.4	
230.64	4036.5	
230.85	4282.3	
231.06	5790.3	
231.28	5881.1	
231.49	3376.4	
231.7	3977.2	
231.91	5737.7	
232.12	5433.9	
232.34	3435.8	
232.55	4009.9	
232.76	6085.9	
232.97	5728.9	
233.18	3611.3	
233.4	4024.3	
233.61	5658.5	
233.82	5175.9	
234.03	3719.1	
234.25	3693.2	
234.46	7552.2	
234.67	5487.2	
234.88	4237.9	
235.09	3648.1	
235.31	5720.7	
235.52	5304.9	
235.73	4094.6	
235.94	3436.5	
236.15	5162.2	
236.37	6598.6	
236.58	3652.2	
236.79	3924.6	
237	5739.1	
237.21	4934.2	
237.43	4268	
237.64	3285.6	
237.85	9841.9	
238.06	5006.6	
238.27	4288.4	
238.48	3426.9	
238.7	5767.8	
238.91	5250.3	
239.12	3888.4	
239.33	3930.7	
239.54	5003.9	
239.76	5338.4	
239.97	3890.5	
240.18	3988.8	
240.39	6810.9	
240.6	5756.2	
240.82	4035.9	
241.03	3313.6	
241.24	5399.1	
241.45	6323.4	
241.66	3546.4	
241.87	4211.3	
242.09	6237.4	
242.3	6579.4	
242.51	4288.4	
242.72	3882.3	
242.93	5934.3	
243.14	5337	
243.36	4525.3	
243.57	4872.8	
243.78	6343.2	
243.99	5835.3	
244.2	3915.7	
244.41	3604.4	
244.63	4997	
244.84	5752.1	
245.05	4199.7	
245.26	3968.3	
245.47	5714.5	
245.68	5931.6	
245.9	5196.4	
246.11	4103.4	
246.32	5302.2	
246.53	5668.8	
246.74	6414.2	
246.95	3275.4	
247.16	4943.8	
247.38	5457.8	
247.59	3239.9	
247.8	3898	
248.01	5185.5	
248.22	5381.4	
248.43	3534.8	
248.64	3826.3	
248.86	4780.6	
249.07	5174.5	
249.28	3476.8	
249.49	4007.2	
249.7	5985.5	
249.91	6171.9	
250.12	3237.8	
250.34	3323.2	
250.55	5511.1	
250.76	5452.4	
250.97	4050.2	
251.18	4119.8	
251.39	6232	
251.6	5608.7	
251.81	4175.1	
252.03	4135.5	
252.24	5134.3	
252.45	5948	
252.66	3432.4	
252.87	4321.2	
253.08	5475.6	
253.29	7178.1	
253.5	3428.3	
253.72	4792.9	
253.93	5266	
254.14	6460.7	
254.35	3682.9	
254.56	3824.9	
254.77	5721.3	
254.98	5052.3	
255.19	3680.2	
255.41	4774.5	
255.62	5526.1	
255.83	6171.2	
256.04	4265.2	
256.25	4149.9	
256.46	6728.9	
256.67	5112.4	
256.88	4035.2	
257.09	4477.5	
257.31	5102.9	
257.52	5131.5	
257.73	5074.9	
257.94	3722.5	
258.15	5290.6	
258.36	5465.3	
258.57	4725.3	
258.78	2984.6	
258.99	5934.3	
259.2	5304.9	
259.41	3751.2	
259.63	3897.3	
259.84	6263.4	
260.05	6788.3	
260.26	4924.7	
260.47	3623.5	
260.68	6024.4	
260.89	5341.1	
261.1	4463.2	
261.31	3561.4	
261.52	5965.1	
261.73	6402	
261.95	4864.6	
262.16	4207.2	
262.37	6173.3	
262.58	6296.1	
262.79	4851.6	
263	3773	
263.21	5524.7	
263.42	5005.2	
263.63	3857.7	
263.84	3784.6	
264.05	6040.1	
264.26	6373.3	
264.47	4722.6	
264.69	4184.7	
264.9	6152.1	
265.11	5679	
265.32	3687	
265.53	3706.1	
265.74	5600.5	
265.95	4846.2	
266.16	4035.9	
266.37	4448.2	
266.58	5555.5	
266.79	5249.6	
267	3705.5	
267.21	3461.1	
267.42	5061.9	
267.63	5380.7	
267.84	3904.8	
268.06	3349.1	
268.27	5901.6	
268.48	6094.1	
268.69	3818.8	
268.9	4559.5	
269.11	6186.2	
269.32	4908.3	
269.53	3918.4	
269.74	3672	
269.95	5789.6	
270.16	4823	
270.37	3960.8	
270.58	4482.3	
270.79	5229.1	
271	5973.2	
271.21	4258.4	
271.42	4042.7	
271.63	5583.4	
271.84	5085.1	
272.05	3112.9	
272.26	3571.7	
272.47	5450.3	
272.68	5650.3	
272.89	3700.7	
273.11	4318.5	
273.32	5253.7	
273.53	6438.1	
273.74	4274.8	
273.95	4168.3	
274.16	6101.6	
274.37	5460.6	
274.58	4289.1	
274.79	3427.6	
275	5597.8	
275.21	6133.7	
275.42	5175.9	
275.63	4460.5	
275.84	5738.4	
276.05	7178.1	
276.26	4184	
276.47	3861.1	
276.68	5330.9	
276.89	6453.8	
277.1	4434.5	
277.31	3440.6	
277.52	5711.8	
277.73	5918.6	
277.94	3400.3	
278.15	3796.3	
278.36	5652.4	
278.57	5085.8	
278.78	3748.5	
278.99	4268	
279.2	5073.5	
279.41	5073.5	
279.62	4960.9	
279.83	3463.8	
280.04	6789	
280.25	5036	
280.46	4938.3	
280.67	3888.4	
280.88	5034.6	
281.09	6148	
281.3	4158.1	
281.51	5257.1	
281.72	5139	
281.93	5952.1	
282.14	3659.7	
282.35	3971	
282.56	5941.2	
282.77	5913.9	
282.98	3766.9	
283.19	4657.1	
283.4	7286.7	
283.61	5347.9	
283.82	3403	
284.03	4904.2	
284.24	5582.8	
284.45	6144.6	
284.66	4891.9	
284.87	4653.7	
285.08	6012.8	
285.29	6174.6	
285.5	3312.2	
285.71	3860.4	
285.92	6078.4	
286.12	6745.3	
286.33	4827.7	
286.54	3740.3	
286.75	5928.2	
286.96	5352	
287.17	3464.5	
287.38	4751.3	
287.59	5040.1	
287.8	5028.4	
288.01	3876.8	
288.22	4444.8	
288.43	6013.5	
288.64	4939	
288.85	4599.7	
289.06	4343.7	
289.27	5938.4	
289.48	6448.4	
289.69	4884.4	
289.9	4371.7	
290.11	6128.2	
290.32	5151.3	
290.53	4636.6	
290.74	4236.6	
290.94	5873.6	
291.15	5999.9	
291.36	3680.9	
291.57	4388.1	
291.78	5204.6	
291.99	4882.4	
292.2	3544.4	
292.41	4333.5	
292.62	6061.3	
292.83	5773.9	
293.04	5242.8	
293.25	3519.1	
293.46	5197.1	
293.67	6005.3	
293.88	3646.7	
294.09	3588.7	
294.29	5014.1	
294.5	5618.9	
294.71	3986	
294.92	3777.8	
295.13	5253	
295.34	6544.6	
295.55	3333.4	
295.76	3536.2	
295.97	5795.8	
296.18	6675.7	
296.39	3452.9	
296.6	3691.8	
296.81	5556.8	
297.01	5865.4	
297.22	3842	
297.43	3634.5	
297.64	5031.2	
297.85	5117.2	
298.06	3042.6	
298.27	3328.6	
298.48	5481.7	
298.69	5167.7	
298.9	4003.8	
299.11	3596.2	
299.31	4977.9	
299.52	4962.9	
299.73	4308.9	
299.94	4220.9	
300.15	5431.2	
300.36	5058.5	
300.57	4203.8	
300.78	4179.2	
300.99	5354.8	
301.2	5570.5	
301.4	3592.8	
301.61	3923.2	
301.82	5761.6	
302.03	5896.8	
302.24	4491.2	
302.45	3510.9	
302.66	5747.3	
302.87	6223.8	
303.08	3707.5	
303.29	5091.9	
303.49	5135.6	
303.7	5513.8	
303.91	3241.9	
304.12	4763.6	
304.33	4960.9	
304.54	5563	
304.75	3709.6	
304.96	3515	
305.16	5767.8	
305.37	6516.6	
305.58	3194.8	
305.79	3323.2	
306	5751.4	
306.21	4840	
306.42	3681.6	
306.63	5614.2	
306.83	5322.7	
307.04	6044.2	
307.25	4085	
307.46	4064.5	
307.67	4693.9	
307.88	5926.1	
308.09	3620.1	
308.29	3756	
308.5	5477.6	
308.71	6057.9	
308.92	3954.6	
309.13	3567.6	
309.34	5290.6	
309.55	5404.6	
309.75	4605.2	
309.96	4163.5	
310.17	5885.2	
310.38	5150	
310.59	4415.4	
310.8	3435.8	
311.01	5274.2	
311.21	5323.4	
311.42	3516.4	
311.63	3642.7	
311.84	5202.5	
312.05	5591.6	
312.26	4119.1	
312.46	4535.6	
312.67	5303.6	
312.88	5008	
313.09	3587.4	
313.3	3523.2	
313.51	6271.6	
313.71	6622.4	
313.92	3519.8	
314.13	3786.7	
314.34	5669.5	
314.55	5382.1	
314.76	4601.8	
314.96	3986	
315.17	5526.8	
315.38	5924.1	
315.59	3529.3	
315.8	3391.4	
316.01	6326.9	
316.21	6393.1	
316.42	3413.3	
316.63	3874.8	
316.84	5246.9	
317.05	6137.1	
317.26	4209.9	
317.46	3740.3	
317.67	5358.9	
317.88	5842.9	
318.09	4564.9	
318.3	3307.5	
318.5	5156.1	
318.71	5773.2	
318.92	5763	
319.13	4149.9	
319.34	5981.4	
319.54	6107.7	
319.75	3296.5	
319.96	3200.3	
320.17	5797.8	
320.38	5985.5	
320.58	3222.1	
320.79	3932.1	
321	6056.5	
321.21	6252.4	
321.42	3964.2	
321.62	3229	
321.83	5093.3	
322.04	5485.1	
322.25	3794.2	
322.46	3624.9	
322.66	5575.3	
322.87	5735	
323.08	4431.8	
323.29	3515.7	
323.5	6563.1	
323.7	5010	
323.91	4845.5	
324.12	4371	
324.33	5491.3	
324.53	5806	
324.74	4220.2	
324.95	4474.1	
325.16	4814.8	
325.37	5269.4	
325.57	3599	
325.78	3689.1	
325.99	5554.1	
326.2	4930.1	
326.4	5227.8	
326.61	3235.1	
326.82	5406.6	
327.03	5550	
327.24	5105.6	
327.44	4896.7	
327.65	5720.7	
327.86	4629.1	
328.07	4145.1	
328.27	3420.8	
328.48	6115.2	
328.69	5039.4	
328.9	5220.3	
329.1	3877.5	
329.31	5333.6	
329.52	6293.4	
329.73	3602.4	
329.93	4042.7	
330.14	5461.9	
330.35	5743.9	
330.56	5928.2	
330.76	4371.7	
330.97	5246.9	
331.18	5685.8	
331.39	3958	
331.59	3246.7	
331.8	6039.5	
332.01	6188.3	
332.22	3693.9	
332.42	4176.5	
332.63	5531.6	
332.84	5109.7	
333.05	4031.8	
333.25	3644	
333.46	5229.8	
333.67	5451.7	
333.88	3687	
334.08	4129.4	
334.29	7344	
334.5	6211.5	
334.7	3470.6	
334.91	5096	
335.12	4974.5	
335.33	5932.3	
335.53	3899.3	
335.74	5952.1	
335.95	5259.2	
336.16	5089.9	
336.36	3923.9	
336.57	4635.9	
336.78	4989.5	
336.98	6045.6	
337.19	4937.7	
337.4	3909.6	
337.61	6557.6	
337.81	4930.1	
338.02	3629.7	
338.23	4786.1	
338.43	6278.4	
338.64	5100.8	
338.85	3608.5	
339.05	4666	
339.26	6303.6	
339.47	4896	
339.68	3598.3	
339.88	5299.5	
340.09	5715.9	
340.3	5943.2	
340.5	4149.9	
340.71	3201.7	
340.92	4951.3	
341.13	6205.3	
341.33	3466.5	
341.54	4311	
341.75	5713.2	
341.95	5313.1	
342.16	3963.5	
342.37	4301.4	
342.57	5014.1	
342.78	5442.8	
342.99	4477.5	
343.19	3241.9	
343.4	5858.6	
343.61	5719.3	
343.81	3837.2	
344.02	3520.5	
344.23	5845.6	
344.43	6342.6	
344.64	4444.8	
344.85	4323.3	
345.06	5696.1	
345.26	6108.4	
345.47	4102.1	
345.68	4846.2	
345.88	4842.8	
346.09	5997.1	
346.3	4252.3	
346.5	3129.3	
346.71	5459.9	
346.92	5201.2	
347.12	3210.5	
347.33	4086.4	
347.54	5953.4	
347.74	6423.1	
347.95	4039.3	
348.16	3035.8	
348.36	5226.4	
348.57	4988.2	
348.78	4048.8	
348.98	4433.9	
349.19	5390.9	
349.39	4924	
349.6	3288.4	
349.81	3628.3	
350.01	5656.5	
350.22	5120.6	
350.43	3945.1	
350.63	4816.8	
350.84	5463.3	
351.05	5231.2	
351.25	3578.5	
351.46	3196.2	
351.67	6036	
351.87	5186.8	
352.08	3884.3	
352.29	4401.1	
352.49	5874.3	
352.7	6031.3	
352.9	3444.7	
353.11	4379.2	
353.32	6580.1	
353.52	5220.3	
353.73	3374.4	
353.94	4412	
354.14	5758.2	
354.35	5615.5	
354.55	3546.4	
354.76	3962.1	
354.97	5719.3	
355.17	5523.4	
355.38	3306.8	
355.59	4729.4	
355.79	5100.1	
356	5636.7	
356.2	3966.9	
356.41	3433.1	
356.62	4868	
356.82	5292.6	
357.03	4221.5	
357.24	3780.6	
357.44	5145.2	
357.65	5261.2	
357.85	5111.7	
358.06	3984	
358.27	4880.3	
358.47	5125.4	
358.68	3250.8	
358.88	4170.3	
359.09	5632.6	
359.3	6021.7	
359.5	4903.5	
359.71	4335.5	
359.91	6511.2	
360.12	5869.5	
360.33	4126.7	
360.53	4674.1	
360.74	5144.5	
360.94	5178.6	
361.15	4404.5	
361.36	3622.9	
361.56	5891.3	
361.77	5331.5	
361.97	4898.1	
362.18	3811.3	
362.38	5966.4	
362.59	4908.3	
362.8	3549.1	
363	3341.6	
363.21	4734.9	
363.41	5488.6	
363.62	4024.3	
363.83	5182.7	
364.03	5537	
364.24	6593.8	
364.44	5136.3	
364.65	5167	
364.85	5303.6	
365.06	4949.3	
365.27	3665.9	
365.47	3741.6	
365.68	6373.3	
365.88	5256.5	
366.09	4098.7	
366.29	3794.9	
366.5	5559.6	
366.71	5902.9	
366.91	5057.1	
367.12	4293.9	
367.32	6587	
367.53	5815.5	
367.73	4156	
367.94	5201.2	
368.14	5761.6	
368.35	6715.3	
368.56	4144.4	
368.76	3828.3	
368.97	5844.2	
369.17	7643.7	
369.38	3687	
369.58	3973.1	
369.79	4885.1	
369.99	6224.5	
370.2	4995	
370.4	4048.2	
370.61	5550	
370.82	6736.5	
371.02	3952.6	
371.23	3277.4	
371.43	4782	
371.64	6165.8	
371.84	3962.8	
372.05	5248.9	
372.25	7505.8	
372.46	5843.5	
372.66	3956.7	
372.87	3899.3	
373.07	5876.3	
373.28	7561.1	
373.48	4971.8	
373.69	4719.2	
373.9	5321.3	
374.1	5397.8	
374.31	4840	
374.51	4484.4	
374.72	6256.5	
374.92	5050.3	
375.13	5033.2	
375.33	4228.4	
375.54	5758.9	
375.74	5218.9	
375.95	4313.7	
376.15	5625.8	
376.36	5754.1	
376.56	5636.7	
376.77	4404.5	
376.97	4788.2	
377.18	6840.2	
377.38	5827.8	
377.59	5272.8	
377.79	3800.3	
378	5649	
378.2	6126.2	
378.41	3900.7	
378.61	3842	
378.82	6162.3	
379.02	5150	
379.23	3999.7	
379.43	5175.9	
379.64	6236.7	
379.84	5874.9	
380.05	3852.2	
380.25	3855.6	
380.46	5915.9	
380.66	5536.3	
380.87	5309.7	
381.07	5610.8	
381.28	6584.2	
381.48	5946.6	
381.69	3886.4	
381.89	3981.3	
382.1	4883	
382.3	6125.5	
382.51	5076.2	
382.71	5982.1	
382.91	5950	
383.12	6504.3	
383.32	4340.3	
383.53	4503.5	
383.73	5750	
383.94	5631.9	
384.14	4435.9	
384.35	3508.9	
384.55	5455.1	
384.76	5932.3	
384.96	4292.5	
385.17	4603.8	
385.37	5862.7	
385.58	5196.4	
385.78	4664.6	
385.98	3437.2	
386.19	5357.5	
386.39	5754.1	
386.6	3973.7	
386.8	4277.5	
387.01	5930.9	
387.21	5909.8	
387.42	4677.6	
387.62	5254.4	
387.83	5173.9	
388.03	5870.2	
388.23	4242.7	
388.44	5200.5	
388.64	4844.1	
388.85	4992.3	
389.05	4666.6	
389.26	5345.2	
389.46	6884.6	
389.67	6265.4	
389.87	4577.9	
390.07	4704.2	
390.28	5510.4	
390.48	5126.7	
390.69	3819.5	
390.89	4151.2	
391.1	5265.3	
391.3	6217	
391.5	5358.2	
391.71	5950	
391.91	5961	
392.12	7045	
392.32	5414.1	
392.53	4627.7	
392.73	5324.7	
392.93	5575.3	
393.14	4235.9	
393.34	5097.4	
393.55	6066.1	
393.75	5470.1	
393.95	4262.5	
394.16	4259.1	
394.36	5249.6	
394.57	5976	
394.77	3744.4	
394.98	4224.3	
395.18	5187.5	
395.38	5386.8	
395.59	5114.5	
395.79	3981.3	
396	5300.8	
396.2	5864	
396.4	4838.7	
396.61	4812	
396.81	6023.8	
397.02	5237.3	
397.22	5056.4	
397.42	5145.2	
397.63	5995.1	
397.83	5156.8	
398.04	3911.6	
398.24	4445.5	
398.44	5747.3	
398.65	4769	
398.85	3747.1	
399.05	3927.3	
399.26	5119.9	
399.46	6910.5	
399.67	4278.9	
399.87	3953.3	
400.07	5500.2	
400.28	5890	
400.48	4083	
400.69	5160.9	
400.89	6141.9	
401.09	6521.4	
401.3	4004.5	
401.5	5136.3	
401.7	6737.1	
401.91	7036.1	
402.11	4288.4	
402.32	4562.2	
402.52	6108.4	
402.72	6036.7	
402.93	4781.3	
403.13	3544.4	
403.33	6811.5	
403.54	5591.6	
403.74	4397.7	
403.94	5404.6	
404.15	5613.5	
404.35	6798.6	
404.56	4223.6	
404.76	6120.7	
404.96	6083.1	
405.17	5863.3	
405.37	5480.4	
405.57	4677.6	
405.78	6173.9	
405.98	5579.3	
406.18	4199	
406.39	5175.2	
406.59	6064	
406.79	5645.6	
407	3969	
407.2	4102.1	
407.4	6073.6	
407.61	6329.6	
407.81	4108.9	
408.01	6453.1	
408.22	5066	
408.42	7116	
408.62	5201.2	
408.83	4561.5	
409.03	5492.7	
409.23	5400.5	
409.44	4628.4	
409.64	4962.2	
409.84	6526.2	
410.05	6350.8	
410.25	4675.5	
410.45	4508.3	
410.66	5792.3	
410.86	8355.7	
411.06	4906.9	
411.27	4740.4	
411.47	8093.6	
411.67	5966.4	
411.88	5070.8	
412.08	5231.9	
412.28	6652.5	
412.49	7152.2	
412.69	4736.3	
412.89	4760.2	
413.09	6920.8	
413.3	6759.7	
413.5	4797.7	
413.7	4359.4	
413.91	5961	
414.11	6901	
414.31	4607.2	
414.52	4981.3	
414.72	6522.1	
414.92	6384.9	
415.12	4648.9	
415.33	5162.9	
415.53	6785.6	
415.73	6958.3	
415.94	5526.1	
416.14	4960.2	
416.34	5746.6	
416.55	5502.2	
416.75	6142.5	
416.95	5504.9	
417.15	6712.6	
417.36	7501.7	
417.56	6263.4	
417.76	5276.9	
417.97	7187	
418.17	6752.2	
418.37	4954	
418.57	4980	
418.78	6542.6	
418.98	6173.9	
419.18	5806	
419.38	5752.7	
419.59	6269.5	
419.79	5842.9	
419.99	4817.5	
420.2	5257.8	
420.4	6746	
420.6	6893.5	
420.8	4767.7	
421.01	4576.5	
421.21	6544.6	
421.41	6799.3	
421.61	5142.4	
421.82	4770.4	
422.02	6056.5	
422.22	7059.3	
422.42	5629.2	
422.63	5314.5	
422.83	6222.4	
423.03	7402	
423.23	5343.8	
423.44	4293.9	
423.64	6269.5	
423.84	6032.6	
424.04	4720.6	
424.25	4413.4	
424.45	7228.6	
424.65	7226.6	
424.85	4218.1	
425.06	4784.7	
425.26	7135.1	
425.46	6174.6	
425.66	5266.7	
425.87	4928.8	
426.07	6939.2	
426.27	6780.1	
426.47	5084.4	
426.67	4435.9	
426.88	7244.3	
427.08	6727.6	
427.28	5277.6	
427.48	4347.8	
427.69	5550.7	
427.89	6306.4	
428.09	5344.5	
428.29	4432.5	
428.5	6995.9	
428.7	6406	
428.9	4257.7	
429.1	4889.9	
429.3	6408.1	
429.51	6806.8	
429.71	4627.7	
429.91	5367	
430.11	6614.3	
430.31	6907.1	
430.52	4958.1	
430.72	5184.8	
430.92	7252.5	
431.12	6701	
431.32	4541.7	
431.53	5005.2	
431.73	5510.4	
431.93	7296.2	
432.13	4474.8	
432.33	4233.2	
432.54	6050.4	
432.74	6420.4	
432.94	4185.4	
433.14	5375.2	
433.34	6524.1	
433.55	6000.5	
433.75	5239.4	
433.95	7034.1	
434.15	6301.6	
434.35	5942.5	
434.56	4418.2	
434.76	3816.7	
434.96	6213.5	
435.16	6478.4	
435.36	4196.3	
435.56	5427.8	
435.77	5838.1	
435.97	6060.6	
436.17	6097.5	
436.37	5356.8	
436.57	5831.2	
436.78	5674.9	
436.98	5944.6	
437.18	5886.5	
437.38	6545.3	
437.58	6082.5	
437.78	6059.3	
437.99	4604.5	
438.19	6586.3	
438.39	8064.9	
438.59	4536.9	
438.79	4130.8	
438.99	7245	
439.2	6010.8	
439.4	4301.4	
439.6	4205.8	
439.8	6423.8	
440	7453.2	
440.2	5167.7	
440.4	5307.7	
440.61	6713.9	
440.81	7214.3	
441.01	4317.1	
441.21	5194.3	
441.41	7094.8	
441.61	6635.4	
441.81	5431.2	
442.02	6599.2	
442.22	7606.8	
442.42	6789.7	
442.62	4354	
442.82	4368.3	
443.02	7072.3	
443.22	6087.9	
443.43	4845.5	
443.63	4338.3	
443.83	5977.3	
444.03	5922.7	
444.23	5564.3	
444.43	5157.5	
444.63	6199.9	
444.83	7531.7	
445.04	4455	
445.24	5681.1	
445.44	6608.1	
445.64	6709.1	
445.84	5344.5	
446.04	5240.1	
446.24	6016.9	
446.44	7102.4	
446.65	4457.1	
446.85	4851	
447.05	6208.8	
447.25	7020.4	
447.45	4913.1	
447.65	4225.6	
447.85	6300.2	
448.05	5959.6	
448.25	5349.3	
448.46	5086.5	
448.66	6296.8	
448.86	6000.5	
449.06	4044.7	
449.26	5390.9	
449.46	6682.5	
449.66	5611.4	
449.86	4785.4	
450.06	4780	
450.26	5874.3	
450.47	6475.7	
450.67	5102.9	
450.87	5436	
451.07	6498.2	
451.27	6301.6	
451.47	4328.7	
451.67	4855.1	
451.87	5880.4	
452.07	7233.4	
452.27	4520.5	
452.47	4538.3	
452.67	6305	
452.88	6860	
453.08	3870	
453.28	5920.7	
453.48	7413	
453.68	6213.5	
453.88	4361.5	
454.08	4630.5	
454.28	6517.3	
454.48	6165.8	
454.68	5240.8	
454.88	5696.8	
455.08	6636.1	
455.28	6283.9	
455.48	4240	
455.68	4813.4	
455.89	7015.7	
456.09	6685.9	
456.29	4545.8	
456.49	4633.2	
456.69	6939.2	
456.89	6478.4	
457.09	5113.8	
457.29	5334.3	
457.49	6516	
457.69	6620.4	
457.89	4812	
458.09	4220.9	
458.29	6202.6	
458.49	6888	
458.69	5210.7	
458.89	4629.1	
459.09	7105.1	
459.29	7329.7	
459.49	4765.6	
459.69	5519.3	
459.9	6666.1	
460.1	6058.6	
460.3	4659.1	
460.5	4412	
460.7	6568.5	
460.9	6260	
461.1	4069.3	
461.3	5307	
461.5	7242.3	
461.7	6822.5	
461.9	4375.8	
462.1	4902.2	
462.3	6247.7	
462.5	6875.7	
462.7	4440.7	
462.9	4466.6	
463.1	7909.9	
463.3	7432.1	
463.5	4721.3	
463.7	5544.5	
463.9	6315.9	
464.1	6735.8	
464.3	4743.1	
464.5	5003.9	
464.7	7045.7	
464.9	6432	
465.1	6272.9	
465.3	5229.8	
465.5	7322.2	
465.7	7245	
465.9	5495.4	
466.1	5412.1	
466.3	6972.7	
466.5	6908.5	
466.7	6215.6	
466.9	5140.4	
467.1	6737.1	
467.3	7720.2	
467.5	6085.9	
467.7	4967	
467.9	7875.1	
468.1	8819.9	
468.3	5773.9	
468.5	6193.7	
468.7	6648.4	
468.9	6673.6	
469.1	5173.2	
469.3	5894.1	
469.5	8610.3	
469.7	6194.4	
469.9	5786.9	
470.1	4870.8	
470.3	6620.4	
470.5	6641.6	
470.7	6225.1	
470.9	5030.5	
471.1	6355.5	
471.3	6969.9	
471.5	4827.1	
471.69	6841.6	
471.89	6336.4	
472.09	5840.8	
472.29	5630.5	
472.49	6166.4	
472.69	6025.1	
472.89	6964.5	
473.09	4709.6	
473.29	4941.7	
473.49	6182.8	
473.69	6474.3	
473.89	5914.5	
474.09	5068.7	
474.29	7734.5	
474.49	7434.1	
474.69	5909.8	
474.89	5198.4	
475.09	6464.8	
475.29	6320	
475.49	4622.9	
475.69	4809.3	
475.88	8110.6	
476.08	6685.3	
476.28	4530.1	
476.48	5082.4	
476.68	7204.1	
476.88	7046.4	
477.08	4904.2	
477.28	5188.9	
477.48	6537.8	
477.68	7354.9	
477.88	4669.4	
478.08	5062.6	
478.28	7441	
478.48	6650.4	
478.67	5040.7	
478.87	4564.9	
479.07	7308.5	
479.27	6834.1	
479.47	5323.4	
479.67	5317.2	
479.87	7212.3	
480.07	7631.4	
480.27	4507.6	
480.47	6190.3	
480.67	6844.3	
480.87	7380.9	
481.06	4887.8	
481.26	5687.9	
481.46	6690.7	
481.66	6596.5	
481.86	5255.8	
482.06	6323.4	
482.26	6372.6	
482.46	7473	
482.66	5251.7	
482.86	4799.1	
483.05	6746.7	
483.25	6157.6	
483.45	7720.8	
483.65	5123.3	
483.85	6246.3	
484.05	6619.7	
484.25	5645.6	
484.45	6043.6	
484.65	7485.3	
484.84	7331.7	
485.04	5067.4	
485.24	5078.3	
485.44	7721.5	
485.64	5948.7	
485.84	4268	
486.04	5687.2	
486.24	6335.7	
486.44	6813.6	
486.63	4233.8	
486.83	5008.6	
487.03	6163.7	
487.23	6354.2	
487.43	4330.1	
487.63	6733	
487.83	6400.6	
488.02	7348.1	
488.22	5193	
488.42	5907	
488.62	7368.6	
488.82	6154.8	
489.02	4961.5	
489.22	4894	
489.41	7132.4	
489.61	6721.4	
489.81	4627	
490.01	4637.3	
490.21	6992.4	
490.41	7704.5	
490.61	4548.5	
490.8	4731.5	
491	6497.5	
491.2	5831.2	
491.4	5389.6	
491.6	4462.5	
491.8	6509.1	
491.99	6778.1	
492.19	4343.7	
492.39	4750.6	
492.59	7098.9	
492.79	7107.8	
492.99	5506.3	
493.18	4524	
493.38	7099.6	
493.58	7806.2	
493.78	5307	
493.98	4848.9	
494.18	6753.5	
494.37	6110.5	
494.57	5341.8	
494.77	5263.3	
494.97	6904.4	
495.17	7043.6	
495.37	4758.8	
495.56	5143.8	
495.76	7245.7	
495.96	6888.7	
496.16	5943.9	
496.36	4786.8	
496.55	7025.2	
496.75	6488	
496.95	5218.2	
497.15	5113.1	
497.35	7002.7	
497.54	6953.5	
497.74	4943.8	
497.94	6692.1	
498.14	7666.2	
498.34	7501	
498.53	4570.4	
498.73	5362.9	
498.93	6292.7	
499.13	6782.2	
499.33	5109	
499.52	5670.1	
499.72	6696.2	
499.92	7242.3	
500.12	4745.1	
500.32	5050.3	
500.51	7133.1	
500.71	6785.6	
500.91	5834.7	
501.11	5451.7	
501.31	6990.4	
501.5	7453.2	
501.7	6107	
501.9	4961.5	
502.1	6811.5	
502.29	7093.5	
502.49	5425.1	
502.69	6014.2	
502.89	7013.6	
503.09	7042.3	
503.28	4582.7	
503.48	4700.8	
503.68	6283.9	
503.88	6260.6	
504.07	5755.5	
504.27	5281.7	
504.47	6709.8	
504.67	6819.7	
504.86	5624.4	
505.06	5344.5	
505.26	6477	
505.46	8262.9	
505.65	5212.1	
505.85	5444.9	
506.05	6334.4	
506.25	6850.5	
506.44	4595.6	
506.64	5547.9	
506.84	6320.7	
507.04	7256.6	
507.23	4861.2	
507.43	5498.1	
507.63	8327.7	
507.83	6632.7	
508.02	5487.9	
508.22	5018.2	
508.42	8632.9	
508.62	6313.9	
508.81	5350.7	
509.01	5847	
509.21	6276.3	
509.4	6429.9	
509.6	5534.3	
509.8	4853	
510	6453.1	
510.19	7968.6	
510.39	4804.5	
510.59	4842.8	
510.79	6196.5	
510.98	7658.7	
511.18	4906.3	
511.38	5066.7	
511.57	7117.4	
511.77	6968.6	
511.97	5738.4	
512.17	4702.8	
512.36	7076.4	
512.56	7075.7	
512.76	4793.6	
512.95	4531.5	
513.15	7246.4	
513.35	5827.8	
513.55	5683.1	
513.74	4775.9	
513.94	7160.4	
514.14	6414.2	
514.33	5711.1	
514.53	5532.9	
514.73	6425.2	
514.92	6638.8	
515.12	4876.2	
515.32	4773.8	
515.51	6694.8	
515.71	7233.4	
515.91	6449.1	
516.11	4777.2	
516.3	8327.7	
516.5	6232.7	
516.7	5339.1	
516.89	5906.3	
517.09	6510.5	
517.29	6148	
517.48	5629.2	
517.68	5107.6	
517.88	6102.9	
518.07	6679.8	
518.27	5588.2	
518.47	4553.3	
518.66	7374.1	
518.86	5853.8	
519.06	4437.3	
519.25	4850.3	
519.45	6271.6	
519.65	7681.9	
519.84	5568.4	
520.04	6251.8	
520.24	8114.1	
520.43	6941.9	
520.63	5266	
520.83	5057.1	
521.02	6165.8	
521.22	6872.3	
521.42	5573.9	
521.61	6078.4	
521.81	6391.7	
522.01	6576	
522.2	5316.5	
522.4	5122.7	
522.6	6974	
522.79	5815.5	
522.99	5225.7	
523.18	4481.6	
523.38	6649.1	
523.58	6662.7	
523.77	6369.9	
523.97	4300.1	
524.17	8525.7	
524.36	7587	
524.56	5644.9	
524.76	5350.7	
524.95	6520	
525.15	6154.8	
525.34	5001.1	
525.54	5029.8	
525.74	6813.6	
525.93	5776	
526.13	6218.3	
526.33	4949.3	
526.52	7129	
526.72	6559	
526.91	6107	
527.11	5421	
527.31	7107.8	
527.5	7528.3	
527.7	5240.1	
527.89	4249.5	
528.09	5958.2	
528.29	6523.5	
528.48	5679	
528.68	5354.1	
528.87	6894.8	
529.07	7021.8	
529.27	5136.3	
529.46	4707.6	
529.66	6554.9	
529.85	6922.1	
530.05	4527.4	
530.25	5442.8	
530.44	7920.9	
530.64	6511.9	
530.83	4937.7	
531.03	5208	
531.23	6842.9	
531.42	6789	
531.62	5881.8	
531.81	5089.2	
532.01	6998.6	
532.21	7407.5	
532.4	4681	
532.6	5095.3	
532.79	7817.1	
532.99	6892.8	
533.18	5038.7	
533.38	6094.8	
533.58	6417	
533.77	7187.7	
533.97	4897.4	
534.16	5826.5	
534.36	7375.4	
534.55	6399.2	
534.75	5978.7	
534.95	5040.1	
535.14	7122.8	
535.34	6431.3	
535.53	4702.1	
535.73	6760.3	
535.92	7808.2	
536.12	6642.9	
536.31	4823	
536.51	6084.5	
536.71	6920.1	
536.9	6421.1	
537.1	4984.8	
537.29	5123.3	
537.49	7384.3	
537.68	6348.7	
537.88	5514.5	
538.07	4694.6	
538.27	6583.5	
538.46	7650.5	
538.66	4665.3	
538.86	4982.7	
539.05	6613.6	
539.25	7045	
539.44	5280.3	
539.64	4904.2	
539.83	6429.9	
540.03	7463.5	
540.22	4811.4	
540.42	5042.8	
540.61	6743.3	
540.81	6912.6	
541	5481	
541.2	6100.2	
541.39	6321.4	
541.59	6677.7	
541.78	5628.5	
541.98	4926.7	
542.18	5958.9	
542.37	6004.6	
542.57	5306.3	
542.76	5728.9	
542.96	6085.2	
543.15	6875	
543.35	5401.9	
543.54	4671.4	
543.74	7311.9	
543.93	6696.9	
544.13	5395.7	
544.32	6471.6	
544.52	7146.7	
544.71	6319.3	
544.91	4463.2	
545.1	5767.1	
545.3	6280.4	
545.49	7030	
545.69	4547.2	
545.88	5040.7	
546.08	7946.8	
546.27	7543.4	
546.47	5543.2	
546.66	4888.5	
546.86	7283.9	
547.05	7920.9	
547.24	5164.3	
547.44	4917.2	
547.63	6225.8	
547.83	7343.3	
548.02	5378.6	
548.22	5520.6	
548.41	6029.9	
548.61	7371.3	
548.8	4896	
549	4847.5	
549.19	6709.1	
549.39	6975.4	
549.58	4639.3	
549.78	5218.9	
549.97	7195.2	
550.17	6577.4	
550.36	6900.3	
550.55	7154.9	
550.75	6663.4	
550.94	7631.4	
551.14	4863.9	
551.33	5361.6	
551.53	5984.8	
551.72	6944	
551.92	5285.8	
552.11	4998.4	
552.31	7039.6	
552.5	7169.3	
552.69	6804.7	
552.89	4717.2	
553.08	6959.7	
553.28	6705.7	
553.47	5079.6	
553.67	6236.1	
553.86	7789.1	
554.06	5987.6	
554.25	4305.5	
554.44	4926.7	
554.64	8530.5	
554.83	7981.6	
555.03	4811.4	
555.22	5283.8	
555.42	7247.1	
555.61	7002.7	
555.8	5038.7	
556	5439.4	
556.19	6117.3	
556.39	7391.8	
556.58	5168.4	
556.78	5193	
556.97	6827.2	
557.16	6452.5	
557.36	6404	
557.55	4797	
557.75	5806	
557.94	7614.3	
558.13	4956.1	
558.33	4606.6	
558.52	7385.7	
558.72	6367.1	
558.91	4790.2	
559.1	5082.4	
559.3	5997.1	
559.49	5732.3	
559.69	4332.8	
559.88	5434.6	
560.07	6836.8	
560.27	7253.2	
560.46	5591	
560.66	5751.4	
560.85	6642.2	
561.04	5868.1	
561.24	4758.1	
561.43	5019.6	
561.63	6093.4	
561.82	6389	
562.01	6273.6	
562.21	5332.2	
562.4	6744	
562.59	7746.1	
562.79	5063.9	
562.98	4721.3	
563.18	6751.5	
563.37	8220.5	
563.56	5630.5	
563.76	4669.4	
563.95	6157.6	
564.14	6013.5	
564.34	4956.1	
564.53	4868.7	
564.73	6629.3	
564.92	7012.2	
565.11	5184.1	
565.31	4524.6	
565.5	7287.4	
565.69	6169.2	
565.89	4836.6	
566.08	5023.7	
566.27	7162.4	
566.47	7479.2	
566.66	5653.8	
566.85	4248.2	
567.05	6614.3	
567.24	6044.9	
567.44	4673.5	
567.63	6111.8	
567.82	6941.2	
568.02	6654.5	
568.21	4668	
568.4	5081	
568.6	6498.9	
568.79	6463.4	
568.98	4503.5	
569.18	4674.8	
569.37	6431.3	
569.56	8563.2	
569.76	4973.8	
569.95	5950	
570.14	6932.4	
570.34	6752.2	
570.53	4521.9	
570.72	4469.4	
570.91	7334.5	
571.11	6353.5	
571.3	5057.1	
571.49	5892.7	
571.69	6437.4	
571.88	6054.5	
572.07	5554.1	
572.27	5517.9	
572.46	6001.2	
572.65	7139.9	
572.85	4722.6	
573.04	5033.9	
573.23	7280.5	
573.43	6509.1	
573.62	4391.5	
573.81	5153.4	
574	6500.9	
574.2	6222.4	
574.39	4749.9	
574.58	4956.1	
574.78	7333.8	
574.97	6503.7	
575.16	5274.2	
575.36	5470.8	
575.55	6913.9	
575.74	7079.8	
575.93	4459.8	
576.13	5357.5	
576.32	6282.5	
576.51	6841.6	
576.71	4830.5	
576.9	6182.1	
577.09	7222.5	
577.28	6724.2	
577.48	5383.4	
577.67	4200.4	
577.86	6339.8	
578.05	6682.5	
578.25	4933.6	
578.44	5018.2	
578.63	6548	
578.83	7628	
579.02	4311.7	
579.21	5867.4	
579.4	6654.5	
579.6	6257.2	
579.79	5122	
579.98	7220.5	
580.17	6994.5	
580.37	6951.5	
580.56	4545.8	
580.75	5296.7	
580.94	7510.6	
581.14	7351.5	
581.33	5688.6	
581.52	4633.2	
581.71	6830	
581.91	7512.6	
582.1	4235.2	
582.29	4975.9	
582.48	6432.7	
582.68	6373.3	
582.87	5418.2	
583.06	4930.8	
583.25	6706.4	
583.45	6255.9	
583.64	5677	
583.83	6424.5	
584.02	6206.7	
584.21	6666.1	
584.41	5635.3	
584.6	4850.3	
584.79	6432	
584.98	7165.8	
585.18	4347.2	
585.37	4373.8	
585.56	5911.1	
585.75	6770.6	
585.94	4726.7	
586.14	5399.8	
586.33	7425.3	
586.52	6392.4	
586.71	5203.9	
586.91	5021.6	
587.1	5849	
587.29	7021.8	
587.48	4932.2	
587.67	4778.6	
587.87	6790.4	
588.06	6905.8	
588.25	6322.1	
588.44	5446.2	
588.63	6545.3	
588.83	7090.1	
589.02	5036	
589.21	4896	
589.4	6481.8	
589.59	6250.4	
589.78	4270	
589.98	4535.6	
590.17	6062	
590.36	6598.6	
590.55	4085.7	
590.74	5011.4	
590.94	8057.4	
591.13	6617	
591.32	4695.3	
591.51	4261.1	
591.7	7094.8	
591.89	6518.7	
592.09	4362.9	
592.28	4801.8	
592.47	5769.1	
592.66	7620.5	
592.85	4256.4	
593.05	4502.8	
593.24	6360.3	
593.43	7066.9	
593.62	4525.3	
593.81	5084.4	
594	6365.1	
594.19	6614.9	
594.39	4512.4	
594.58	4420.9	
594.77	6699.6	
594.96	7325.6	
595.15	4462.5	
595.34	5113.8	
595.54	6791.7	
595.73	5871.5	
595.92	3857	
596.11	5094	
596.3	7351.5	
596.49	5997.8	
596.68	4764.3	
596.88	5296.7	
597.07	6989	
597.26	5733.6	
597.45	4334.9	
597.64	5567.1	
597.83	6054.5	
598.02	6718.7	
598.22	4396.3	
598.41	5095.3	
598.6	6510.5	
598.79	5836.7	
598.98	4399	
599.17	5401.9	
599.36	6484.6	
599.55	7708.6	
599.74	6481.1	
599.94	6271.6	
600.13	7090.8	
600.32	5849	
600.51	4173.8	
600.7	4339	
600.89	7716.1	
601.08	7723.6	
601.27	4107.5	
601.47	5090.6	
601.66	7010.9	
601.85	7621.9	
602.04	4814.8	
602.23	5061.2	
602.42	5999.9	
602.61	6664.1	
602.8	4727.4	
602.99	4455	
603.18	6371.2	
603.37	6551.5	
603.57	5223	
603.76	5770.5	
603.95	7374.7	
604.14	6929.6	
604.33	4517.8	
604.52	4849.6	
604.71	6644.3	
604.9	6212.9	
605.09	5578	
605.28	5309	
605.47	7170.6	
605.66	6793.8	
605.86	5186.8	
606.05	4567.7	
606.24	7133.1	
606.43	5686.5	
606.62	4992.3	
606.81	5673.6	
607	7083.9	
607.19	6266.8	
607.38	4313	
607.57	4576.5	
607.76	6100.2	
607.95	5543.2	
608.14	5036	
608.33	5678.3	
608.52	6124.8	
608.72	6996.5	
608.91	4208.6	
609.1	4163.5	
609.29	6225.8	
609.48	5689.9	
609.67	5253.7	
609.86	4263.2	
610.05	5862.7	
610.24	6208.8	
610.43	4103.4	
610.62	3742.3	
610.81	7318.1	
611	7140.6	
611.19	4272.1	
611.38	5054.4	
611.57	6541.2	
611.76	7899.7	
611.95	4030.4	
612.14	3930.7	
612.33	6369.2	
612.52	5864	
612.71	4592.9	
612.9	3781.2	
613.09	5399.8	
613.28	7869	
613.47	4341	
613.66	5360.2	
613.85	6399.9	
614.04	5909.8	
614.24	4485.7	
614.43	3577.1	
614.62	6542.6	
614.81	6525.5	
615	5059.2	
615.19	5066	
615.38	5847	
615.57	6133	
615.76	4824.3	
615.95	5828.5	
616.14	6635.4	
616.33	6225.1	
616.52	5234.6	
616.71	5428.5	
616.9	6580.1	
617.09	6336.4	
617.28	4488.5	
617.47	5872.9	
617.66	5599.8	
617.85	5713.2	
618.04	5375.2	
618.22	4851	
618.41	5867.4	
618.6	6796.5	
618.79	4730.8	
618.98	4405.2	
619.17	7126.9	
619.36	5406.6	
619.55	4472.8	
619.74	4620.9	
619.93	6360.3	
620.12	5763.7	
620.31	5101.5	
620.5	5259.9	
620.69	6873.7	
620.88	7268.2	
621.07	5980.8	
621.26	4920.6	
621.45	6438.8	
621.64	6302.3	
621.83	5115.8	
622.02	4218.1	
622.21	6541.2	
622.4	6234.7	
622.59	5644.2	
622.78	5347.9	
622.97	5835.3	
623.16	6871.6	
623.35	4926.7	
623.54	4136.9	
623.72	5988.3	
623.91	6215.6	
624.1	5190.9	
624.29	3828.3	
624.48	7299.6	
624.67	6477	
624.86	5151.3	
625.05	4122.6	
625.24	7326.9	
625.43	5706.3	
625.62	6860	
625.81	4313	
626	6744	
626.19	6027.9	
626.38	5125.4	
626.56	4567.7	
626.75	5842.2	
626.94	6645.7	
627.13	5202.5	
627.32	3869.3	
627.51	6543.9	
627.7	7935.9	
627.89	4050.2	
628.08	5156.8	
628.27	5702.2	
628.46	5956.2	
628.65	4339	
628.83	3947.8	
629.02	6528.2	
629.21	5864.7	
629.4	4801.1	
629.59	4917.2	
629.78	5707	
629.97	6746.7	
630.16	5010.7	
630.35	4429.8	
630.54	7183.6	
630.72	6884.6	
630.91	4453	
631.1	5082.4	
631.29	6358.9	
631.48	6516	
631.67	5141.1	
631.86	4599.7	
632.05	5893.4	
632.24	5967.8	
632.42	4218.8	
632.61	4823	
632.8	6102.9	
632.99	5715.2	
633.18	4829.8	
633.37	5337.7	
633.56	6322.1	
633.75	6173.9	
633.93	4861.2	
634.12	4456.4	
634.31	7184.3	
634.5	6789	
634.69	4490.5	
634.88	5109	
635.07	6104.3	
635.25	6711.9	
635.44	5496.1	
635.63	5672.9	
635.82	5952.8	
636.01	5406	
636.2	5462.6	
636.39	5001.1	
636.57	7089.4	
636.76	6810.9	
636.95	4295.3	
637.14	5844.2	
637.33	6388.3	
637.52	7400	
637.7	4230.4	
637.89	5197.7	
638.08	5957.5	
638.27	7443.7	
638.46	5294	
638.65	5708.4	
638.83	7580.2	
639.02	5854.5	
639.21	5094.7	
639.4	5701.5	
639.59	6357.6	
639.78	5912.5	
639.96	4494.6	
640.15	4517.1	
640.34	6241.5	
640.53	6525.5	
640.72	4225.6	
640.91	4577.2	
641.09	5741.8	
641.28	7081.2	
641.47	4838.7	
641.66	5408	
641.85	6431.3	
642.03	6746.7	
642.22	5182	
642.41	4739	
642.6	5819.6	
642.79	5259.9	
642.97	4454.3	
643.16	5289.2	
643.35	5830.6	
643.54	5694	
643.73	4425.7	
643.91	5286.5	
644.1	5627.1	
644.29	6195.8	
644.48	4548.5	
644.67	4615.4	
644.85	5864.7	
645.04	6165.8	
645.23	4205.8	
645.42	4483.7	
645.6	5763	
645.79	6991.8	
645.98	4554	
646.17	3583.9	
646.36	5562.3	
646.54	6206.7	
646.73	5488.6	
646.92	4218.8	
647.11	5882.4	
647.29	6963.1	
647.48	4335.5	
647.67	4192.2	
647.86	7208.8	
648.05	7182.2	
648.23	4697.4	
648.42	6046.3	
648.61	6571.2	
648.8	6261.3	
648.98	4328.7	
649.17	4621.6	
649.36	5815.5	
649.55	5303.6	
649.73	4365.6	
649.92	5115.8	
650.11	5670.8	
650.3	6083.8	
650.48	4543.8	
650.67	4291.9	
650.86	6423.8	
651.05	5301.5	
651.23	4480.3	
651.42	4502.1	
651.61	5841.5	
651.79	5997.8	
651.98	4711	
652.17	4306.9	
652.36	6336.4	
652.54	5360.2	
652.73	4287.1	
652.92	4150.6	
653.11	6427.2	
653.29	6457.2	
653.48	3655.6	
653.67	4718.5	
653.85	6216.3	
654.04	7279.2	
654.23	4992.9	
654.42	4524.6	
654.6	5779.4	
654.79	6453.1	
654.98	4026.3	
655.16	4597	
655.35	5456.5	
655.54	5395	
655.73	4118.5	
655.91	3999.7	
656.1	6582.2	
656.29	5295.4	
656.47	3602.4	
656.66	5360.9	
656.85	5568.4	
657.03	5618.9	
657.22	4102.8	
657.41	4181.3	
657.59	5750.7	
657.78	5440.1	
657.97	3740.3	
658.16	4616.1	
658.34	6360.3	
658.53	6652.5	
658.72	5477	
658.9	6033.3	
659.09	5654.4	
659.28	5816.9	
659.46	4250.9	
659.65	4269.3	
659.84	5573.9	
660.02	6027.2	
660.21	4063.9	
660.4	4015.4	
660.58	6507.1	
660.77	5838.8	
660.96	4681.7	
661.14	3680.2	
661.33	7013.6	
661.52	6944.7	
661.7	3648.8	
661.89	7534.5	
662.08	5431.9	
662.26	5023.7	
662.45	4024.9	
662.64	4123.9	
662.82	6191	
663.01	5339.7	
663.2	4138.9	
663.38	4947.2	
663.57	6112.5	
663.75	5938.4	
663.94	4437.9	
664.13	5829.2	
664.31	5444.9	
664.5	6247	
664.69	4837.3	
664.87	5286.5	
665.06	5288.5	
665.25	5986.2	
665.43	5552.7	
665.62	5651	
665.8	6333.7	
665.99	5608	
666.18	4444.1	
666.36	4523.3	
666.55	6357.6	
666.74	6219	
666.92	4070	
667.11	5872.2	
667.29	5681.1	
667.48	6279.1	
667.67	5363.6	
667.85	4567.7	
668.04	5744.6	
668.22	5690.6	
668.41	4540.3	
668.6	4749.9	
668.78	5421	
668.97	5752.7	
669.15	4973.2	
669.34	3872.7	
669.53	5530.2	
669.71	5889.3	
669.9	4095.9	
670.08	4715.1	
670.27	5489.9	
670.46	6092	
670.64	4942.4	
670.83	5238.7	
671.01	5358.9	
671.2	6059.3	
671.38	4073.4	
671.57	4024.3	
671.76	6711.2	
671.94	7210.9	
672.13	3999	
672.31	5203.2	
672.5	6251.8	
672.69	5460.6	
672.87	4134.2	
673.06	4444.8	
673.24	6072.9	
673.43	5496.1	
673.61	4898.7	
673.8	4420.2	
673.98	6307.1	
674.17	6398.5	
674.36	5069.4	
674.54	4825.7	
674.73	6068.8	
674.91	6314.6	
675.1	4571.7	
675.28	4186.7	
675.47	5767.8	
675.65	6361.7	
675.84	4434.5	
676.03	4848.9	
676.21	5556.1	
676.4	5081	
676.58	5296	
676.77	4997.7	
676.95	7034.8	
677.14	5506.3	
677.32	4160.1	
677.51	3839.9	
677.69	6280.4	
677.88	5145.9	
678.06	4050.9	
678.25	4110.3	
678.44	5769.1	
678.62	5492	
678.81	3837.9	
678.99	4821.6	
679.18	6640.9	
679.36	6191.7	
679.55	4435.2	
679.73	5136.3	
679.92	6142.5	
680.1	5541.1	
680.29	5705.6	
680.47	4420.2	
680.66	5455.8	
680.84	6255.9	
681.03	3682.2	
681.21	4904.9	
681.4	5539.8	
681.58	5444.9	
681.77	4234.5	
681.95	4132.1	
682.14	6407.4	
682.32	6791.1	
682.51	5110.4	
682.69	3873.4	
682.88	5485.8	
683.06	6185.5	
683.25	4817.5	
683.43	5308.3	
683.62	5722.7	
683.8	6185.5	
683.99	5411.4	
684.17	4760.8	
684.36	7116.7	
684.54	5759.6	
684.73	3947.8	
684.91	4149.2	
685.1	6163	
685.28	5649.7	
685.46	4810.7	
685.65	4964.3	
685.83	6460.7	
686.02	5811.5	
686.2	4337.6	
686.39	4463.2	
686.57	5481.7	
686.76	7146.7	
686.94	4300.7	
687.13	4482.3	
687.31	6328.2	
687.5	5819.6	
687.68	3817.4	
687.86	5180	
688.05	7514	
688.23	5201.8	
688.42	5250.3	
688.6	4305.5	
688.79	5635.3	
688.97	5640.1	
689.16	4711.7	
689.34	3627	
689.52	6409.5	
689.71	6650.4	
689.89	4962.9	
690.08	4292.5	
690.26	5938.4	
690.45	5773.9	
690.63	5261.9	
690.81	4422.2	
691	5687.2	
691.18	5566.4	
691.37	4625.7	
691.55	6890	
691.74	5543.2	
691.92	7662.1	
692.1	4672.1	
692.29	4049.5	
692.47	5815.5	
692.66	5081	
692.84	4246.8	
693.02	4903.5	
693.21	5134.9	
693.39	5717.2	
693.58	4929.5	
693.76	4328.7	
693.94	6967.2	
694.13	6716.7	
694.31	4222.2	
694.5	5311.7	
694.68	5520.6	
694.86	5787.6	
695.05	4609.3	
695.23	4710.3	
695.42	6167.8	
695.6	8544.8	
695.78	5214.8	
695.97	4328	
696.15	6199.2	
696.34	5572.5	
696.52	4061.8	
696.7	4982	
696.89	6048.3	
697.07	5496.1	
697.25	4894	
697.44	6525.5	
697.62	6052.4	
697.81	6358.9	
697.99	4588.8	
698.17	5071.5	
698.36	5354.8	
698.54	6083.8	
698.72	4965.6	
698.91	3926	
699.09	5594.4	
699.28	5522.7	
699.46	4626.4	
699.64	4496	
699.83	5418.2	
700.01	6827.9	
700.19	5304.9	
700.38	3634.5	
700.56	6716	
700.74	5509.7	
700.93	4015.4	
701.11	4877.6	
701.29	6118	
701.48	7192.5	
701.66	4330.1	
701.84	4260.5	
702.03	5599.1	
702.21	6262	
702.39	3891.8	
702.58	4454.3	
702.76	6042.2	
702.94	6125.5	
703.13	3896.6	
703.31	6400.6	
703.49	5332.2	
703.68	6809.5	
703.86	4057	
704.04	5060.5	
704.23	5861.3	
704.41	6325.5	
704.59	4158.1	
704.78	5644.9	
704.96	6984.3	
705.14	6300.9	
705.33	3959.4	
705.51	4915.1	
705.69	5714.5	
705.87	6546.7	
706.06	5130.8	
706.24	3922.5	
706.42	6012.8	
706.61	6260	
706.79	5230.5	
706.97	4046.8	
707.16	5442.8	
707.34	6062	
707.52	5197.1	
707.7	4194.2	
707.89	5719.3	
708.07	5291.3	
708.25	5214.8	
708.44	5221	
708.62	5552	
708.8	6753.5	
708.98	5469.4	
709.17	4349.9	
709.35	6042.2	
709.53	6040.1	
709.72	4001	
709.9	4246.8	
710.08	6285.2	
710.26	6341.9	
710.45	5754.8	
710.63	4397	
710.81	5987.6	
710.99	5965.7	
711.18	5115.1	
711.36	4552	
711.54	5776.6	
711.72	6567.8	
711.91	4683	
712.09	4097.3	
712.27	6016.9	
712.45	7142.6	
712.64	5039.4	
712.82	3944.4	
713	5483.8	
713.18	5694	
713.37	4177.2	
713.55	5465.3	
713.73	6653.9	
713.91	5223.7	
714.1	4708.3	
714.28	4173.1	
714.46	6494.8	
714.64	5670.8	
714.83	3764.8	
715.01	4633.2	
715.19	5915.9	
715.37	5292	
715.55	4322.6	
715.74	4672.1	
715.92	6889.4	
716.1	4810.7	
716.28	5861.3	
716.47	4902.8	
716.65	5506.3	
716.83	5639.4	
717.01	4693.9	
717.19	4828.4	
717.38	7751.6	
717.56	5355.4	
717.74	5042.1	
717.92	4045.4	
718.1	6543.3	
718.29	5720.7	
718.47	3551.2	
718.65	4323.9	
718.83	6305	
719.01	6201.2	
719.2	3362.8	
719.38	4470.7	
719.56	5950.7	
719.74	7519.5	
719.92	4114.4	
720.11	5181.4	
720.29	6027.9	
720.47	5072.8	
720.65	3735.5	
720.83	4715.1	
721.02	5567.1	
721.2	5293.3	
721.38	4785.4	
721.56	3998.3	
721.74	4834.6	
721.92	5043.5	
722.11	5306.3	
722.29	4988.9	
722.47	6393.1	
722.65	5527.5	
722.83	4035.9	
723.01	5050.3	
723.2	5623	
723.38	5821.7	
723.56	3429.7	
723.74	4645.5	
723.92	5102.2	
724.1	6323.4	
724.29	3986.7	
724.47	5199.8	
724.65	5109.7	
724.83	5031.9	
725.01	3898	
725.19	4790.2	
725.37	5141.8	
725.56	5182	
725.74	3689.1	
725.92	3984	
726.1	5033.2	
726.28	5369.1	
726.46	4465.3	
726.64	4222.2	
726.83	5371.8	
727.01	5664.7	
727.19	3725.9	
727.37	4614.8	
727.55	5486.5	
727.73	6073.6	
727.91	3689.8	
728.09	3503.4	
728.28	6029.2	
728.46	6765.8	
728.64	4674.1	
728.82	4607.2	
729	7103.7	
729.18	6369.9	
729.36	3775.8	
729.54	6222.4	
729.72	7397.3	
729.91	5527.5	
730.09	5727.5	
730.27	4400.4	
730.45	5412.8	
730.63	6082.5	
730.81	5045.5	
730.99	4034.5	
731.17	6647.7	
731.35	5167.7	
731.53	4638.6	
731.71	4191.5	
731.9	6328.2	
732.08	6565.1	
732.26	4555.4	
732.44	4069.3	
732.62	6627.2	
732.8	6070.9	
732.98	4946.5	
733.16	3913.7	
733.34	6120.7	
733.52	4884.4	
733.7	4470	
733.88	4771.1	
734.07	5940.5	
734.25	5641.5	
734.43	3878.2	
734.61	5513.1	
734.79	7107.1	
734.97	5520.6	
735.15	4046.1	
735.33	4461.2	
735.51	5948.7	
735.69	5581.4	
735.87	5556.8	
736.05	4724.7	
736.23	5763.7	
736.41	5513.8	
736.59	4494.6	
736.77	4582.7	
736.95	6156.2	
737.13	5668.8	
737.32	4115.1	
737.5	4323.3	
737.68	6754.2	
737.86	5487.2	
738.04	3884.3	
738.22	5866.1	
738.4	5329.5	
738.58	5647.6	
738.76	4619.5	
738.94	3451.5	
739.12	5492	
739.3	5347.2	
739.48	5281	
739.66	4894	
739.84	5752.1	
740.02	5701.5	
740.2	3592.1	
740.38	3960.1	
740.56	6173.9	
740.74	4952	
740.92	4646.8	
741.1	4591.5	
741.28	5568.4	
741.46	5378	
741.64	4219.5	
741.82	4788.2	
742	5646.9	
742.18	5614.2	
742.36	4440.7	
742.54	4008.6	
742.72	6209.4	
742.9	4882.4	
743.08	4812	
743.26	3605.8	
743.44	6387.6	
743.62	6277	
743.8	5089.2	
743.98	4018.8	
744.16	5983.5	
744.34	5640.1	
744.52	4941.7	
744.7	4910.3	
744.88	6169.2	
745.06	5681.7	
745.24	4984.1	
745.42	5124	
745.6	6203.3	
745.78	5948.7	
745.96	3780.6	
746.14	4168.3	
746.32	7066.2	
746.5	6352.8	
746.68	4771.1	
746.86	4207.2	
747.03	6784.9	
747.21	4986.1	
747.39	4786.8	
747.57	4158.1	
747.75	5824.4	
747.93	6267.5	
748.11	4176.5	
748.29	4067.9	
748.47	7531.1	
748.65	5593.7	
748.83	4897.4	
749.01	4532.8	
749.19	6119.3	
749.37	5193.6	
749.55	4498	
749.73	4646.8	
749.91	5750	
750.09	5472.2	
750.26	4683	
750.44	4066.6	
750.62	5790.3	
750.8	5807.4	
750.98	3866.6	
751.16	4240.7	
751.34	5894.7	
751.52	5110.4	
751.7	5048.9	
751.88	3854.3	
752.06	6371.2	
752.24	6214.2	
752.42	3824.9	
752.59	4205.8	
752.77	5726.8	
752.95	7011.6	
753.13	4999.8	
753.31	4366.3	
753.49	5407.3	
753.67	5947.3	
753.85	4668	
754.03	4268.6	
754.21	6195.8	
754.38	6569.2	
754.56	4499.4	
754.74	3429	
754.92	5457.8	
755.1	6309.8	
755.28	3590.8	
755.46	3711.6	
755.64	7169.3	
755.82	7359	
755.99	4108.9	
756.17	4292.5	
756.35	4844.8	
756.53	6494.1	
756.71	3124.5	
756.89	4158.7	
757.07	6028.5	
757.25	5122	
757.42	4592.2	
757.6	5562.3	
757.78	6032	
757.96	4940.4	
758.14	4296.6	
758.32	3758.7	
758.5	4515.8	
758.67	5364.3	
758.85	4122.6	
759.03	4210.6	
759.21	5560.2	
759.39	5074.9	
759.57	3671.3	
759.75	4874.2	
759.92	6209.4	
760.1	5466.7	
760.28	5239.4	
760.46	5436.7	
760.64	5200.5	
760.82	4956.1	
760.99	5005.9	
761.17	4169.7	
761.35	5992.4	
761.53	4991.6	
761.71	4220.9	
761.89	4915.8	
762.06	5933	
762.24	5339.1	
762.42	4317.1	
762.6	4092.5	
762.78	5312.4	
762.96	5260.5	
763.13	4618.9	
763.31	4346.5	
763.49	6184.9	
763.67	5279.7	
763.85	5216.2	
764.02	5792.3	
764.2	6472.9	
764.38	5593.7	
764.56	4200.4	
764.74	5070.1	
764.91	6623.1	
765.09	5423.7	
765.27	3910.9	
765.45	3679.5	
765.63	6567.2	
765.8	6452.5	
765.98	3376.4	
766.16	3753.2	
766.34	4982	
766.52	4713.7	
766.69	4737	
766.87	3563.5	
767.05	5444.2	
767.23	6222.4	
767.41	3974.4	
767.58	4242	
767.76	6071.5	
767.94	6123.4	
768.12	4041.3	
768.29	4902.8	
768.47	5533.6	
768.65	6244.3	
768.83	3665.9	
769	4905.6	
769.18	5082.4	
769.36	5838.1	
769.54	4876.2	
769.72	3738.9	
769.89	6154.8	
770.07	6283.9	
770.25	4106.2	
770.43	5438.7	
770.6	6934.4	
770.78	7400	
770.96	4327.4	
771.14	4945.8	
771.31	6105	
771.49	5381.4	
771.67	3442.6	
771.85	3697.9	
772.02	4652.3	
772.2	5497.4	
772.38	4545.1	
772.55	3937.6	
772.73	5696.1	
772.91	5475.6	
773.09	4429.1	
773.26	4421.6	
773.44	5683.8	
773.62	5386.2	
773.8	3814.7	
773.97	3605.8	
774.15	5805.3	
774.33	5406.6	
774.5	3766.9	
774.68	4160.1	
774.86	6017.6	
775.04	5441.5	
775.21	3878.2	
775.39	3921.2	
775.57	5736.4	
775.74	6109.8	
775.92	3729.4	
776.1	3592.8	
776.27	5663.3	
776.45	7031.4	
776.63	3886.4	
776.81	3390.8	
776.98	5285.1	
777.16	6505	
777.34	4143	
777.51	4019.5	
777.69	5342.5	
777.87	5147.9	
778.04	4112.3	
778.22	4832.5	
778.4	5136.3	
778.57	5851.7	
778.75	3353.9	
778.93	3646.1	
779.1	4976.6	
779.28	4760.2	
779.46	3407.8	
779.64	3917.8	
779.81	5988.3	
779.99	6929.6	
780.17	4724.7	
780.34	4963.6	
780.52	5404.6	
780.69	5647.6	
780.87	4162.2	
781.05	3768.3	
781.22	5467.4	
781.4	5558.9	
781.58	3933.5	
781.75	3063.8	
781.93	5468.1	
782.11	5018.9	
782.28	4961.5	
782.46	3967.6	
782.64	4803.9	
782.81	5808	
782.99	4047.5	
783.17	4084.3	
783.34	5674.9	
783.52	4816.1	
783.69	4234.5	
783.87	5103.5	
784.05	4994.3	
784.22	4930.8	
784.4	5153.4	
784.58	4314.4	
784.75	5961	
784.93	4986.8	
785.1	4052.9	
785.28	4651.6	
785.46	5674.2	
785.63	5012.1	
785.81	3953.9	
785.99	3850.9	
786.16	5168.4	
786.34	5540.4	
786.51	3874.1	
786.69	4289.1	
786.87	4720.6	
787.04	5268.7	
787.22	3715	
787.39	4782	
787.57	4967	
787.75	6160.3	
787.92	4956.8	
788.1	4823.6	
788.27	5038	
788.45	4756.1	
788.63	4604.5	
788.8	3216.7	
788.98	5534.3	
789.15	4711	
789.33	3425.6	
789.5	4106.9	
789.68	5954.8	
789.86	6109.8	
790.03	4528.7	
790.21	3906.2	
790.38	5926.8	
790.56	5117.9	
790.73	3740.3	
790.91	3808.5	
791.09	5013.4	
791.26	5793	
791.44	4003.8	
791.61	3467.2	
791.79	5020.3	
791.96	5088.5	
792.14	3573.7	
792.32	3133.4	
792.49	5041.4	
792.67	5143.8	
792.84	3672.7	
793.02	3450.1	
793.19	5459.9	
793.37	6283.2	
793.54	3183.9	
793.72	3532.1	
793.89	6485.2	
794.07	5079	
794.25	4246.8	
794.42	3278.1	
794.6	6139.8	
794.77	5803.3	
794.95	4456.4	
795.12	3857	
795.3	5018.2	
795.47	5742.5	
795.65	4246.1	
795.82	4132.1	
796	4838.7	
796.17	6860	
796.35	3961.5	
796.52	4671.4	
796.7	5577.3	
796.87	5713.8	
797.05	4977.2	
797.22	4836.6	
797.4	5698.1	
797.57	6720.8	
797.75	4123.2	
797.92	3889.1	
798.1	5958.9	
798.27	5114.5	
798.45	3328.6	
798.62	3532.7	
798.8	5386.8	
798.97	5883.1	
799.15	4352.6	
799.32	4126.7	
799.5	4648.9	
799.67	5394.3	
799.85	4474.8	
800.02	3177.1	
800.2	5010.7	
800.37	5401.2	
800.55	4688.5	
800.72	3894.6	
800.9	5834.7	
801.07	6296.1	
801.25	5284.4	
801.42	4283.7	
801.6	5862	
801.77	5651.7	
801.95	3897.3	
802.12	3777.1	
802.29	5595.1	
802.47	5551.4	
802.64	4238.6	
802.82	3142.3	
802.99	5005.2	
803.17	6075	
803.34	4117.1	
803.52	3653.6	
803.69	6787.7	
803.87	4799.8	
804.04	4083	
804.21	4221.5	
804.39	6135	
804.56	5259.2	
804.74	3450.1	
804.91	4310.3	
805.09	5039.4	
805.26	5203.9	
805.44	3510.9	
805.61	3915.7	
805.78	5769.1	
805.96	5810.8	
806.13	4275.5	
806.31	4588.1	
806.48	4582.7	
806.66	5167.7	
806.83	4252.9	
807	4228.4	
807.18	5040.1	
807.35	5494.7	
807.53	4186	
807.7	3330.7	
807.87	6279.8	
808.05	5112.4	
808.22	4638	
808.4	3317.7	
808.57	5083.7	
808.74	4655.7	
808.92	3816.7	
809.09	4879.6	
809.27	4940.4	
809.44	5638.1	
809.61	3375.1	
809.79	3781.9	
809.96	6298.9	
810.14	5866.7	
810.31	3246.7	
810.48	4037.9	
810.66	5226.4	
810.83	5894.7	
811.01	3836.5	
811.18	4241.3	
811.35	5872.2	
811.53	4539.7	
811.7	4642.7	
811.87	4371.7	
812.05	5098.1	
812.22	5018.2	
812.39	3669.3	
812.57	3603.1	
812.74	5146.5	
812.92	6909.2	
813.09	4009.2	
813.26	4400.4	
813.44	6608.1	
813.61	5001.1	
813.78	3311.6	
813.96	4511.7	
814.13	5083.7	
814.3	4784.1	
814.48	4801.1	
814.65	3986.7	
814.82	6376.7	
815	4871.4	
815.17	4143.7	
815.34	5025	
815.52	5051.7	
815.69	5060.5	
815.87	4095.3	
816.04	3532.7	
816.21	5168.4	
816.38	4477.5	
816.56	3947.1	
816.73	3680.2	
816.9	6500.9	
817.08	5907	
817.25	3715	
817.42	4710.3	
817.6	4659.8	
817.77	5138.4	
817.94	4289.1	
818.12	3670	
818.29	4846.9	
818.46	7666.9	
818.64	3815.4	
818.81	3643.3	
818.98	4750.6	
819.16	6975.4	
819.33	4461.2	
819.5	4132.8	
819.67	5558.2	
819.85	6178.7	
820.02	4029	
820.19	4305.5	
820.37	5390.3	
820.54	4878.9	
820.71	4184.7	
820.88	5200.5	
821.06	5376.6	
821.23	4891.9	
821.4	4204.5	
821.58	4130.1	
821.75	5860.6	
821.92	5274.9	
822.09	3364.8	
822.27	3456.3	
822.44	5146.5	
822.61	4971.8	
822.79	3339.6	
822.96	6520	
823.13	5612.8	
823.3	4851	
823.48	3898	
823.65	3561.4	
823.82	5810.1	
823.99	4649.6	
824.17	4965	
824.34	3615.3	
824.51	6745.3	
824.68	5162.9	
824.86	3767.6	
825.03	4161.5	
825.2	5112.4	
825.37	6218.3	
825.55	3688.4	
825.72	4201.7	
825.89	6891.4	
826.06	6384.2	
826.24	4055.7	
826.41	4141.7	
826.58	6267.5	
826.75	5442.1	
826.92	3164.1	
827.1	3543.7	
827.27	8589.2	
827.44	6774	
827.61	3823.6	
827.79	4654.4	
827.96	4854.4	
828.13	5226.4	
828.3	4003.8	
828.47	3357.3	
828.65	5264.6	
828.82	5281	
828.99	5278.3	
829.16	4569.7	
829.34	5781.4	
829.51	5485.8	
829.68	4133.5	
829.85	4335.5	
830.02	6023.8	
830.2	5805.3	
830.37	3190.7	
830.54	5067.4	
830.71	6612.9	
830.88	5027.8	
831.05	3253.5	
831.23	3722.5	
831.4	6234.7	
831.57	7012.9	
831.74	3855.6	
831.91	3383.2	
832.09	5362.9	
832.26	5782.8	
832.43	3941.7	
832.6	4525.3	
832.77	5380	
832.94	6137.8	
833.12	3097.2	
833.29	3939.6	
833.46	5346.6	
833.63	7330.4	
833.8	4381.3	
833.97	4029	
834.15	5769.1	
834.32	5511.8	
834.49	4098.7	
834.66	4261.8	
834.83	6047	
835	4805.2	
835.17	3860.4	
835.35	3822.2	
835.52	5609.4	
835.69	5551.4	
835.86	3988.8	
836.03	3319.8	
836.2	5708.4	
836.37	5299.5	
836.55	4046.8	
836.72	3749.8	
836.89	5354.1	
837.06	5834.7	
837.23	4090.5	
837.4	4467.3	
837.57	6590.4	
837.75	7320.1	
837.92	3667.9	
838.09	3872.7	
838.26	5264.6	
838.43	6044.2	
838.6	4226.3	
838.77	3705.5	
838.94	6923.5	
839.11	6636.8	
839.29	3971.7	
839.46	3101.3	
839.63	5721.3	
839.8	5410.1	
839.97	3898.6	
840.14	3894.6	
840.31	5539.1	
840.48	5764.3	
840.65	3186	
840.82	3786.7	
841	5754.1	
841.17	5690.6	
841.34	3549.8	
841.51	3606.5	
841.68	5640.8	
841.85	5424.4	
842.02	3758	
842.19	3051.5	
842.36	5472.2	
842.53	5496.1	
842.7	3587.4	
842.87	4420.2	
843.05	7263.5	
843.22	5389.6	
843.39	3405.1	
843.56	3660.4	
843.73	5223.7	
843.9	5787.6	
844.07	5853.1	
844.24	4863.9	
844.41	8590.5	
844.58	4946.5	
844.75	3414.6	
844.92	3768.3	
845.09	5710.4	
845.26	5750.7	
845.43	3549.8	
845.6	3835.8	
845.77	5737.7	
845.94	5425.8	
846.12	3945.8	
846.29	4172.4	
846.46	5950	
846.63	5782.8	
846.8	3566.2	
846.97	4182.6	
847.14	6193.7	
847.31	5710.4	
847.48	3969.6	
847.65	4372.4	
847.82	6086.6	
847.99	5942.5	
848.16	4785.4	
848.33	4427	
848.5	5239.4	
848.67	6219.7	
848.84	3539.6	
849.01	3693.2	
849.18	5134.3	
849.35	4797	
849.52	4394.3	
849.69	3508.2	
849.86	5940.5	
850.03	6155.5	
850.2	3598.3	
850.37	4371.7	
850.54	6045.6	
850.71	5393.7	
850.88	4282.3	
851.05	3468.6	
851.22	5664	
851.39	6265.4	
851.56	3333.4	
851.73	4100.7	
851.9	5001.1	
852.07	6004	
852.24	3957.4	
852.41	3414	
852.58	5574.6	
852.75	5109	
852.92	4021.5	
853.09	3476.1	
853.26	5319.3	
853.43	6200.6	
853.6	3458.3	
853.77	3044.6	
853.94	6284.5	
854.11	5713.2	
854.28	5294.7	
854.44	3839.9	
854.61	6766.5	
854.78	6113.9	
854.95	3469.3	
855.12	4474.8	
855.29	4602.5	
855.46	6462.7	
855.63	3541.6	
855.8	4881	
855.97	5274.9	
856.14	6041.5	
856.31	5048.2	
856.48	3838.6	
856.65	5248.3	
856.82	5010	
856.99	3405.8	
857.16	3790.8	
857.33	7039.6	
857.49	5384.8	
857.66	3806.5	
857.83	4135.5	
858	5346.6	
858.17	5609.4	
858.34	3319.1	
858.51	3536.8	
858.68	6509.8	
858.85	6490	
859.02	4200.4	
859.19	4390.2	
859.36	5021.6	
859.52	4993.6	
859.69	3564.8	
859.86	4209.3	
860.03	5115.1	
860.2	6343.9	
860.37	3197.6	
860.54	3539.6	
860.71	5932.3	
860.88	6385.6	
861.05	4011.3	
861.21	4425.7	
861.38	6417.7	
861.55	4912.4	
861.72	3231.7	
861.89	3938.9	
862.06	6008.7	
862.23	6559.6	
862.4	3478.8	
862.56	3639.9	
862.73	5895.4	
862.9	5466.7	
863.07	4137.6	
863.24	3199.6	
863.41	4908.3	
863.58	5014.8	
863.75	3616.7	
863.91	4104.8	
864.08	6340.5	
864.25	5877	
864.42	4453	
864.59	4997	
864.76	6648.4	
864.93	5029.8	
865.09	3437.2	
865.26	3778.5	
865.43	6260	
865.6	6639.5	
865.77	3108.8	
865.94	3517.7	
866.1	6300.2	
866.27	6016.9	
866.44	5368.4	
866.61	3315.7	
866.78	5412.1	
866.95	5932.3	
867.11	3381.2	
867.28	3140.2	
867.45	6098.9	
867.62	5101.5	
867.79	4163.5	
867.96	3535.5	
868.12	5006.6	
868.29	5995.1	
868.46	3530.7	
868.63	4764.9	
868.8	6203.3	
868.97	5937.1	
869.13	3663.1	
869.3	3738.2	
869.47	5858.6	
869.64	6126.2	
869.81	3578.5	
869.97	3556	
870.14	5753.4	
870.31	6466.1	
870.48	3396.9	
870.65	4448.2	
870.81	5371.1	
870.98	5297.4	
871.15	4020.2	
871.32	3605.8	
871.48	5894.1	
871.65	6500.3	
871.82	3570.3	
871.99	3920.5	
872.16	6917.4	
872.32	6330.3	
872.49	3558	
872.66	3538.2	
872.83	5903.6	
872.99	5273.5	
873.16	4104.1	
873.33	3510.2	
873.5	5547.9	
873.67	5593	
873.83	3760.8	
874	4776.5	
874.17	5702.2	
874.34	6896.2	
874.5	4609.3	
874.67	4444.8	
874.84	6392.4	
875.01	4992.9	
875.17	5001.1	
875.34	3547.8	
875.51	5652.4	
875.68	6855.9	
875.84	4263.2	
876.01	5218.9	
876.18	5918.6	
876.34	5856.5	
876.51	3586.7	
876.68	3493.8	
876.85	5363.6	
877.01	6209.4	
877.18	5053.7	
877.35	3516.4	
877.52	5461.9	
877.68	4965	
877.85	3450.8	
878.02	3492.5	
878.18	5519.3	
878.35	5214.1	
878.52	2889.7	
878.69	4264.6	
878.85	5951.4	
879.02	5904.3	
879.19	5010	
879.35	3824.9	
879.52	5883.8	
879.69	6172.6	
879.86	3025.5	
880.02	3952.6	
880.19	5445.5	
880.36	6697.5	
880.52	4087.7	
880.69	4204.5	
880.86	6024.4	
881.02	6149.4	
881.19	3887.7	
881.36	3887	
881.52	5863.3	
881.69	5231.9	
881.86	3824.9	
882.02	3749.8	
882.19	6199.9	
882.36	7292.1	
882.52	3635.8	
882.69	4957.4	
882.86	5722	
883.02	5535.7	
883.19	4308.9	
883.36	4067.9	
883.52	6015.6	
883.69	6876.4	
883.86	3518.4	
884.02	3170.9	
884.19	6038.1	
884.36	5516.5	
884.52	4028.4	
884.69	3762.1	
884.86	5237.3	
885.02	6623.1	
885.19	3970.3	
885.36	4046.1	
885.52	5518.6	
885.69	5659.2	
885.86	5225.7	
886.02	4498.7	
886.19	5943.2	
886.35	5435.3	
886.52	3928.7	
886.69	5036.6	
886.85	5094	
887.02	6438.8	
887.19	6438.8	
887.35	6438.8	
887.52	6438.8	
887.68	6438.8	
887.85	6438.8	
888.02	6438.8	
888.18	6438.8	
888.35	6438.8	
888.51	6438.8	
888.68	6438.8	
888.85	6438.8	
889.01	6438.8	
889.18	6438.8	
889.35	6438.8	
889.51	6438.8	
889.68	6438.8	
889.84	6438.8	
890.01	6438.8	
890.17	6438.8	
890.34	6438.8	
890.51	6438.8	
890.67	6438.8	
890.84	6438.8	
891	6438.8	
891.17	6438.8	
891.34	6438.8	
891.5	6438.8	
891.67	6438.8	
891.83	6438.8	
892	6438.8	
892.16	6438.8	
892.33	6438.8	
892.5	6438.8	
892.66	6438.8	
892.83	6438.8	
892.99	6438.8	
893.16	6438.8	
893.32	6438.8	
893.49	6438.8	
893.65	6438.8	
893.82	6438.8	
893.99	6438.8	
894.15	6438.8	
894.32	6438.8	
894.48	6438.8	
894.65	6438.8	
894.81	6438.8	
894.98	6438.8	
895.14	6438.8	
895.31	6438.8	
895.47	6438.8	
895.64	6438.8	
895.81	6438.8	
895.97	6438.8	
896.14	6438.8	
896.3	6438.8	
896.47	6438.8	
896.63	6438.8	
896.8	6438.8	
896.96	6438.8	
897.13	6438.8	
897.29	6438.8	
897.46	6438.8	
897.62	6438.8	
897.79	6438.8	
897.95	6438.8	
898.12	6438.8	
898.28	6438.8	
898.45	6438.8	
898.61	6438.8	
898.78	6438.8	
898.94	6438.8	
899.11	6438.8	
899.27	6438.8	
899.44	6438.8	
899.6	6438.8	
899.77	6438.8	
899.93	6438.8	
900.1	6438.8	
900.26	6438.8	
900.43	6438.8	
900.59	6438.8	
900.76	6438.8	
900.92	6438.8	
901.09	6438.8	
901.25	6438.8	
901.42	6438.8	
901.58	6438.8	
901.75	6438.8	
901.91	6438.8	
902.07	6438.8	
902.24	6438.8	
902.4	6438.8	
902.57	6438.8	
902.73	6438.8	
902.9	6438.8	
903.06	6438.8	
903.23	6438.8	
903.39	6438.8	
903.56	6438.8	
903.72	6438.8	
903.88	6438.8	
904.05	6438.8	
904.21	6438.8	
904.38	6438.8	
904.54	6438.8	
904.71	6438.8	
904.87	6438.8	
905.03	6438.8	
905.2	6438.8	
905.36	6438.8	
905.53	6438.8	
905.69	6438.8	
905.86	6438.8	
906.02	6438.8	
906.18	6438.8	
906.35	6438.8	
906.51	6438.8	
906.68	6438.8	
906.84	6438.8	
907.01	6438.8	
907.17	6438.8	
907.33	6438.8	
907.5	6438.8	
907.66	6438.8	
907.83	6438.8	
907.99	6438.8	
908.15	6438.8	
908.32	6438.8	
908.48	6438.8	
908.65	6438.8	
908.81	6438.8	
908.97	6438.8	
909.14	6438.8	
909.3	6438.8	
909.47	6438.8	
909.63	6438.8	
909.79	6438.8	
909.96	6438.8	
910.12	6438.8	
910.28	6438.8	
910.45	6438.8	
910.61	6438.8	
910.78	6438.8	
910.94	6438.8	
911.1	6438.8	
911.27	6438.8	
911.43	6438.8	
911.59	6438.8	
911.76	6438.8	
911.92	6438.8	
912.08	6438.8	
912.25	6438.8	
912.41	6438.8	
912.57	6438.8	
912.74	6438.8	
912.9	6438.8	
913.07	6438.8	
913.23	6438.8	
913.39	6438.8	
913.56	6438.8	
913.72	6438.8	
913.88	6438.8	
914.05	6438.8	
914.21	6438.8	
914.37	6438.8	
914.54	6438.8	
914.7	6438.8	
914.86	6438.8	
915.03	6438.8	
915.19	6438.8	
