Wavelength	Intensities	
nm	a.u.	
179.22	1865	
179.44	1863.7	
179.65	1866.4	
179.86	1860.9	
180.08	1844.5	
180.29	4630.5	
180.51	3355.9	
180.72	5431.9	
180.94	6275	
181.15	3019.4	
181.37	3015.3	
181.58	5294.7	
181.79	5538.4	
182.01	3224.2	
182.22	3417.4	
182.44	5501.5	
182.65	4653	
182.87	4270	
183.08	3744.4	
183.29	5758.9	
183.51	4856.4	
183.72	3447.4	
183.94	4966.3	
184.15	5213.4	
184.37	5236	
184.58	3039.9	
184.79	4109.6	
185.01	4843.4	
185.22	5565.7	
185.44	4328.7	
185.65	3693.9	
185.86	5084.4	
186.08	4750.6	
186.29	3023.5	
186.51	3197.6	
186.72	4874.2	
186.94	5670.1	
187.15	3629.7	
187.36	3736.2	
187.58	7288.7	
187.79	5325.4	
188.01	3951.2	
188.22	6096.8	
188.43	6311.2	
188.65	5485.1	
188.86	3136.1	
189.08	3794.2	
189.29	5046.2	
189.5	5042.8	
189.72	3538.9	
189.93	3614	
190.15	5702.9	
190.36	6782.2	
190.57	3864.5	
190.79	3778.5	
191	5785.5	
191.22	5750	
191.43	3865.2	
191.64	3153.2	
191.86	5949.3	
192.07	5751.4	
192.29	3371.6	
192.5	3555.3	
192.71	5737.7	
192.93	5002.5	
193.14	3480.2	
193.35	3561.4	
193.57	4936.3	
193.78	5675.6	
194	2819.4	
194.21	3460.4	
194.42	4737.6	
194.64	5194.3	
194.85	3790.8	
195.07	4388.8	
195.28	5223	
195.49	4599.1	
195.71	4629.8	
195.92	3267.9	
196.13	5439.4	
196.35	5497.4	
196.56	4966.3	
196.78	3751.9	
196.99	6676.4	
197.2	6271.6	
197.42	4317.1	
197.63	3812	
197.84	4728.8	
198.06	5388.9	
198.27	3540.3	
198.48	4674.1	
198.7	4983.4	
198.91	5180.7	
199.13	3833.8	
199.34	3844	
199.55	5610.8	
199.77	4476.9	
199.98	3339.6	
200.19	3837.2	
200.41	5118.6	
200.62	4824.3	
200.83	3953.9	
201.05	4274.8	
201.26	5177.9	
201.47	4840.7	
201.69	3343.7	
201.9	3293.8	
202.11	5216.2	
202.33	6177.4	
202.54	3637.9	
202.76	4096.6	
202.97	5280.3	
203.18	5287.2	
203.4	3988.8	
203.61	3907.5	
203.82	5266.7	
204.04	4889.9	
204.25	3877.5	
204.46	3781.2	
204.68	5188.2	
204.89	5459.9	
205.1	3719.8	
205.32	3240.6	
205.53	5581.4	
205.74	5725.4	
205.96	2833	
206.17	3880.2	
206.38	5582.8	
206.6	5628.5	
206.81	4284.4	
207.02	3601.7	
207.24	5416.9	
207.45	5854.5	
207.66	3669.3	
207.88	3163.4	
208.09	5393.7	
208.3	5229.1	
208.52	3319.1	
208.73	3687.7	
208.94	5176.6	
209.15	5840.1	
209.37	3658.4	
209.58	3809.9	
209.79	5696.8	
210.01	5050.3	
210.22	2891.7	
210.43	3080.1	
210.65	5212.1	
210.86	5625.8	
211.07	3632.4	
211.29	3332.7	
211.5	5530.9	
211.71	5074.2	
211.93	3364.1	
212.14	3375.1	
212.35	5119.2	
212.56	5362.9	
212.78	3814.7	
212.99	3177.8	
213.2	6051.7	
213.42	5032.5	
213.63	3424.2	
213.84	3732.8	
214.06	4615.4	
214.27	4737.6	
214.48	3661.8	
214.69	3867.2	
214.91	5851	
215.12	5924.1	
215.33	3917.8	
215.55	4319.8	
215.76	6384.2	
215.97	5571.8	
216.18	3775.1	
216.4	3689.1	
216.61	4899.4	
216.82	5644.9	
217.04	3345.7	
217.25	3486.3	
217.46	5824.4	
217.67	5594.4	
217.89	3019.4	
218.1	3131.3	
218.31	5229.8	
218.53	5401.2	
218.74	3607.8	
218.95	3461.1	
219.16	5156.1	
219.38	6067.4	
219.59	3469.9	
219.8	4027	
220.01	6640.9	
220.23	5257.1	
220.44	4491.9	
220.65	3340.2	
220.87	5248.3	
221.08	5732.9	
221.29	3158	
221.5	4158.7	
221.72	7014.3	
221.93	4934.2	
222.14	3879.5	
222.35	4458.4	
222.57	5184.1	
222.78	5509	
222.99	3666.5	
223.2	3938.9	
223.42	5533.6	
223.63	5632.6	
223.84	2839.2	
224.05	2820.7	
224.27	6541.2	
224.48	6070.9	
224.69	4476.9	
224.9	3859.1	
225.12	5359.5	
225.33	5136.3	
225.54	3098.6	
225.75	3481.5	
225.97	4778.6	
226.18	5117.9	
226.39	3689.1	
226.6	3459	
226.82	4967	
227.03	4818.9	
227.24	3805.8	
227.45	3207.8	
227.67	5542.5	
227.88	6009.4	
228.09	4267.3	
228.3	4287.8	
228.52	5615.5	
228.73	5151.3	
228.94	3567.6	
229.15	3186	
229.36	5152	
229.58	5066	
229.79	3608.5	
230	4196.3	
230.21	6219.7	
230.43	5268.7	
230.64	3799	
230.85	3980.6	
231.06	5558.2	
231.28	5608.7	
231.49	3152.5	
231.7	3712.3	
231.91	5510.4	
232.12	5253	
232.34	3302	
232.55	3696.6	
232.76	5730.9	
232.97	5344.5	
233.18	3341.6	
233.4	3774.4	
233.61	5380.7	
233.82	4949.3	
234.03	3547.1	
234.25	3500	
234.46	7196.6	
234.67	5247.6	
234.88	3902.7	
235.09	3415.3	
235.31	5524.1	
235.52	5083.7	
235.73	3742.3	
235.94	3233.7	
236.15	4954.7	
236.37	6283.2	
236.58	3351.8	
236.79	3742.3	
237	5530.9	
237.21	4747.9	
237.43	3953.3	
237.64	3130.7	
237.85	9174.2	
238.06	4812	
238.27	3988.8	
238.48	3213.9	
238.7	5585.5	
238.91	5076.2	
239.12	3672	
239.33	3686.3	
239.54	4820.2	
239.76	5176.6	
239.97	3599.6	
240.18	3687	
240.39	6455.9	
240.6	5453.1	
240.82	3756.7	
241.03	3172.3	
241.24	5227.8	
241.45	6005.3	
241.66	3342.3	
241.87	4001	
242.09	5849.7	
242.3	6236.1	
242.51	3993.5	
242.72	3674.1	
242.93	5639.4	
243.14	5154.1	
243.36	4247.5	
243.57	4555.4	
243.78	5982.1	
243.99	5470.8	
244.2	3665.2	
244.41	3317.7	
244.63	4788.2	
244.84	5481.7	
245.05	3887.7	
245.26	3663.1	
245.47	5441.5	
245.68	5737.7	
245.9	4833.2	
246.11	3878.9	
246.32	5036	
246.53	5376.6	
246.74	5858.6	
246.95	3118.4	
247.16	4773.8	
247.38	5229.1	
247.59	3136.8	
247.8	3707.5	
248.01	4908.3	
248.22	5108.3	
248.43	3362.8	
248.64	3541.6	
248.86	4658.4	
249.07	4980.7	
249.28	3245.3	
249.49	3794.2	
249.7	5679	
249.91	5827.2	
250.12	3097.9	
250.34	3149.8	
250.55	5341.1	
250.76	5214.1	
250.97	3796.3	
251.18	3835.2	
251.39	5831.9	
251.6	5365.7	
251.81	3912.3	
252.03	3813.3	
252.24	4983.4	
252.45	5614.2	
252.66	3198.2	
252.87	4069.3	
253.08	5230.5	
253.29	6697.5	
253.5	3263.8	
253.72	4485.7	
253.93	5072.1	
254.14	6130.9	
254.35	3473.4	
254.56	3639.2	
254.77	5380	
254.98	4834.6	
255.19	3472.7	
255.41	4433.9	
255.62	5260.5	
255.83	5814.9	
256.04	3910.9	
256.25	3824.2	
256.46	6350.8	
256.67	4941.1	
256.88	3837.2	
257.09	4227	
257.31	4873.5	
257.52	4939.7	
257.73	4716.5	
257.94	3487	
258.15	5109	
258.36	5239.4	
258.57	4388.8	
258.78	2826.2	
258.99	5706.3	
259.2	5098.1	
259.41	3557.3	
259.63	3646.7	
259.84	5984.2	
260.05	6283.9	
260.26	4584	
260.47	3411.2	
260.68	5721.3	
260.89	5091.9	
261.1	4207.9	
261.31	3400.3	
261.52	5731.6	
261.73	6118.6	
261.95	4547.2	
262.16	3962.8	
262.37	5867.4	
262.58	5943.2	
262.79	4453.6	
263	3585.3	
263.21	5276.3	
263.42	5141.8	
263.63	3648.1	
263.84	3574.4	
264.05	5752.1	
264.26	6027.9	
264.47	4395.6	
264.69	3929.4	
264.9	5848.3	
265.11	5383.4	
265.32	3394.2	
265.53	3512.3	
265.74	5315.8	
265.95	4672.1	
266.16	3730.7	
266.37	4142.4	
266.58	5338.4	
266.79	5004.6	
267	3390.8	
267.21	3221.5	
267.42	4794.3	
267.63	5173.9	
267.84	3648.8	
268.06	3161.4	
268.27	5616.2	
268.48	5855.8	
268.69	3580.5	
268.9	4215.4	
269.11	5859.9	
269.32	4728.1	
269.53	3695.9	
269.74	3388	
269.95	5498.8	
270.16	4629.8	
270.37	3678.2	
270.58	4316.4	
270.79	5057.8	
271	5674.2	
271.21	3953.3	
271.42	3697.9	
271.63	5385.5	
271.84	4891.2	
272.05	2998.2	
272.26	3298.6	
272.47	5171.8	
272.68	5412.8	
272.89	3523.9	
273.11	4061.8	
273.32	5014.8	
273.53	6051.7	
273.74	3962.8	
273.95	3877.5	
274.16	5770.5	
274.37	5270.8	
274.58	4017.4	
274.79	3237.8	
275	5352.7	
275.21	5865.4	
275.42	4848.9	
275.63	4115.1	
275.84	5476.3	
276.05	6737.8	
276.26	3873.4	
276.47	3631	
276.68	5029.1	
276.89	6087.9	
277.1	4096.6	
277.31	3247.4	
277.52	5432.6	
277.73	5662	
277.94	3220.1	
278.15	3548.4	
278.36	5380.7	
278.57	4905.6	
278.78	3521.8	
278.99	3986	
279.2	4901.5	
279.41	4841.4	
279.62	4651.6	
279.83	3330.7	
280.04	6294.8	
280.25	4766.3	
280.46	4582	
280.67	3689.1	
280.88	4855.7	
281.09	5791	
281.3	3865.9	
281.51	4829.1	
281.72	4938.3	
281.93	5652.4	
282.14	3470.6	
282.35	3652.2	
282.56	5674.9	
282.77	5613.5	
282.98	3556.6	
283.19	4353.3	
283.4	6930.3	
283.61	5158.8	
283.82	3273.3	
284.03	4582	
284.24	5349.3	
284.45	5784.8	
284.66	4570.4	
284.87	4358.1	
285.08	5717.2	
285.29	5922.7	
285.5	3138.9	
285.71	3658.4	
285.92	5839.4	
286.12	6389.7	
286.33	4504.8	
286.54	3577.1	
286.75	5642.8	
286.96	5130.8	
287.17	3313.6	
287.38	4453	
287.59	4891.2	
287.8	4885.8	
288.01	3646.7	
288.22	4125.3	
288.43	5625.8	
288.64	4754	
288.85	4275.5	
289.06	3996.3	
289.27	5706.3	
289.48	6066.1	
289.69	4551.3	
289.9	4083.6	
290.11	5825.1	
290.32	4957.4	
290.53	4341.7	
290.74	3974.4	
290.94	5650.3	
291.15	5662.6	
291.36	3485	
291.57	4023.6	
291.78	4982	
291.99	4696	
292.2	3319.1	
292.41	3971.7	
292.62	5706.3	
292.83	5567.7	
293.04	4889.9	
293.25	3377.8	
293.46	4990.2	
293.67	5768.4	
293.88	3437.2	
294.09	3330	
294.29	4832.5	
294.5	5332.2	
294.71	3659.7	
294.92	3516.4	
295.13	5027.8	
295.34	6225.1	
295.55	3132	
295.76	3181.2	
295.97	5613.5	
296.18	6251.8	
296.39	3281.5	
296.6	3404.4	
296.81	5293.3	
297.01	5550.7	
297.22	3589.4	
297.43	3450.8	
297.64	4910.3	
297.85	4847.5	
298.06	2919.7	
298.27	3119.1	
298.48	5274.9	
298.69	5005.2	
298.9	3732.8	
299.11	3390.8	
299.31	4815.5	
299.52	4851.6	
299.73	3989.4	
299.94	3861.1	
300.15	5247.6	
300.36	4835.9	
300.57	3926	
300.78	3906.2	
300.99	5107	
301.2	5315.2	
301.4	3469.3	
301.61	3732.1	
301.82	5536.3	
302.03	5611.4	
302.24	4211.3	
302.45	3311.6	
302.66	5511.8	
302.87	5913.2	
303.08	3419.4	
303.29	4657.8	
303.49	5018.2	
303.7	5259.2	
303.91	3105.4	
304.12	4445.5	
304.33	4728.1	
304.54	5361.6	
304.75	3463.8	
304.96	3326.6	
305.16	5540.4	
305.37	6214.9	
305.58	3039.2	
305.79	3162.7	
306	5566.4	
306.21	4697.4	
306.42	3429.7	
306.63	5214.8	
306.83	5053.7	
307.04	5750.7	
307.25	3805.8	
307.46	3752.6	
307.67	4494.6	
307.88	5669.5	
308.09	3467.9	
308.29	3512.3	
308.5	5324.7	
308.71	5778.7	
308.92	3715	
309.13	3355.3	
309.34	5111	
309.55	5146.5	
309.75	4290.5	
309.96	3904.8	
310.17	5608.7	
310.38	4967.7	
310.59	4102.8	
310.8	3259	
311.01	5071.5	
311.21	5063.9	
311.42	3290.4	
311.63	3379.1	
311.84	4962.9	
312.05	5294	
312.26	3878.2	
312.46	4252.3	
312.67	5115.8	
312.88	4752	
313.09	3381.9	
313.3	3274.7	
313.51	5892	
313.71	6337.1	
313.92	3314.3	
314.13	3469.3	
314.34	5413.5	
314.55	5126.7	
314.76	4241.3	
314.96	3760.8	
315.17	5365.7	
315.38	5739.8	
315.59	3369.6	
315.8	3207.1	
316.01	5979.4	
316.21	6026.5	
316.42	3222.1	
316.63	3700.7	
316.84	5063.9	
317.05	5864	
317.26	3893.2	
317.46	3575.1	
317.67	5147.2	
317.88	5598.5	
318.09	4218.1	
318.3	3120.4	
318.5	4932.9	
318.71	5492.7	
318.92	5343.2	
319.13	3881.6	
319.34	5747.3	
319.54	5868.8	
319.75	3121.1	
319.96	3007.8	
320.17	5572.5	
320.38	5714.5	
320.58	3057.6	
320.79	3670.6	
321	5810.8	
321.21	5788.2	
321.42	3656.3	
321.62	3069.9	
321.83	4859.8	
322.04	5317.9	
322.25	3530	
322.46	3366.9	
322.66	5366.4	
322.87	5438.7	
323.08	4140.3	
323.29	3286.3	
323.5	6231.3	
323.7	4814.1	
323.91	4556	
324.12	4093.2	
324.33	5311.1	
324.53	5599.1	
324.74	3894.6	
324.95	4121.2	
325.16	4658.4	
325.37	5088.5	
325.57	3364.1	
325.78	3424.2	
325.99	5296	
326.2	4787.5	
326.4	4782.7	
326.61	3092.4	
326.82	5165	
327.03	5335.6	
327.24	4689.8	
327.44	4465.9	
327.65	5441.5	
327.86	4485.7	
328.07	3957.4	
328.27	3212.6	
328.48	5905.7	
328.69	4852.3	
328.9	4788.8	
329.1	3583.9	
329.31	5109.7	
329.52	5911.8	
329.73	3318.4	
329.93	3744.4	
330.14	5220.3	
330.35	5468.1	
330.56	5445.5	
330.76	4127.3	
330.97	5054.4	
331.18	5366.4	
331.39	3762.1	
331.59	3048.7	
331.8	5764.3	
332.01	5879.7	
332.22	3460.4	
332.42	4003.8	
332.63	5372.5	
332.84	4932.2	
333.05	3775.8	
333.25	3409.2	
333.46	5051.7	
333.67	5162.9	
333.88	3495.9	
334.08	3911.6	
334.29	6875.7	
334.5	5896.1	
334.7	3297.2	
334.91	4733.5	
335.12	4775.2	
335.33	5593	
335.53	3766.9	
335.74	5451.7	
335.95	5059.2	
336.16	4857.8	
336.36	3700	
336.57	4238.6	
336.78	4805.2	
336.98	5776.6	
337.19	4542.4	
337.4	3660.4	
337.61	6287.3	
337.81	4814.8	
338.02	3493.8	
338.23	4451.6	
338.43	5912.5	
338.64	4985.4	
338.85	3351.8	
339.05	4444.8	
339.26	6037.4	
339.47	4719.9	
339.68	3359.4	
339.88	4942.4	
340.09	5440.8	
340.3	5759.6	
340.5	3932.8	
340.71	3050.8	
340.92	4773.8	
341.13	5875.6	
341.33	3222.1	
341.54	3969	
341.75	5434.6	
341.95	5139.7	
342.16	3790.8	
342.37	4115.1	
342.57	4831.2	
342.78	5185.5	
342.99	4187.4	
343.19	3066.5	
343.4	5625.1	
343.61	5431.2	
343.81	3591.5	
344.02	3235.8	
344.23	5606	
344.43	6019	
344.64	4167.6	
344.85	4074.1	
345.06	5507	
345.26	5771.9	
345.47	3901.4	
345.68	4572.4	
345.88	4639.3	
346.09	5653.1	
346.3	3951.9	
346.5	2977.7	
346.71	5199.8	
346.92	5001.1	
347.12	3102	
347.33	3859.7	
347.54	5725.4	
347.74	6133	
347.95	3840.6	
348.16	2921.1	
348.36	5074.9	
348.57	4919.2	
348.78	3855.6	
348.98	4098.7	
349.19	5230.5	
349.39	4747.2	
349.6	3132.7	
349.81	3461.1	
350.01	5456.5	
350.22	4967.7	
350.43	3728.7	
350.63	4523.3	
350.84	5296	
351.05	5017.5	
351.25	3438.5	
351.46	3105.4	
351.67	5770.5	
351.87	4935.6	
352.08	3624.2	
352.29	4115.1	
352.49	5713.2	
352.7	5812.1	
352.9	3315.7	
353.11	4102.8	
353.32	6298.2	
353.52	5116.5	
353.73	3272.7	
353.94	4155.3	
354.14	5591.6	
354.35	5373.2	
354.55	3418.7	
354.76	3713	
354.97	5479	
355.17	5275.6	
355.38	3207.1	
355.59	4421.6	
355.79	5026.4	
356	5350.7	
356.2	3763.5	
356.41	3336.1	
356.62	4731.5	
356.82	5175.9	
357.03	4042.7	
357.24	3643.3	
357.44	5020.9	
357.65	5101.5	
357.85	4870.8	
358.06	3826.3	
358.27	4775.9	
358.47	4997.7	
358.68	3237.2	
358.88	4081.6	
359.09	5601.9	
359.3	5922	
359.5	4681	
359.71	4173.1	
359.91	6337.8	
360.12	5655.1	
360.33	4035.9	
360.53	4513	
360.74	5030.5	
360.94	5113.8	
361.15	4236.6	
361.36	3548.4	
361.56	5866.7	
361.77	5266	
361.97	4699.4	
362.18	3743	
362.38	5819.6	
362.59	4911	
362.8	3517.7	
363	3374.4	
363.21	4754.7	
363.41	5484.5	
363.62	4016.1	
363.83	4977.2	
364.03	5585.5	
364.24	6381.5	
364.44	5057.1	
364.65	5055.1	
364.85	5261.9	
365.06	4968.4	
365.27	3675.4	
365.47	3712.3	
365.68	6244.3	
365.88	5251	
366.09	4099.4	
366.29	3737.5	
366.5	5554.1	
366.71	5919.3	
366.91	5002.5	
367.12	4269.3	
367.32	6500.3	
367.53	5842.2	
367.73	4220.2	
367.94	5134.9	
368.14	5801.9	
368.35	6593.8	
368.56	4302.8	
368.76	3839.9	
368.97	5898.8	
369.17	7420.5	
369.38	3747.1	
369.58	4014.7	
369.79	5009.3	
369.99	6200.6	
370.2	4937	
370.4	4016.1	
370.61	5624.4	
370.82	6714.6	
371.02	3969	
371.23	3305.4	
371.43	4884.4	
371.64	6237.4	
371.84	4074.1	
372.05	5215.5	
372.25	7410.2	
372.46	5987.6	
372.66	4162.8	
372.87	3989.4	
373.07	6061.3	
373.28	7560.4	
373.48	4982.7	
373.69	4768.4	
373.9	5500.8	
374.1	5569.1	
374.31	5012.1	
374.51	4584	
374.72	6334.4	
374.92	5249.6	
375.13	5241.4	
375.33	4434.5	
375.54	5984.8	
375.74	5500.2	
375.95	4577.2	
376.15	5691.3	
376.36	6121.4	
376.56	5878.4	
376.77	4688.5	
376.97	5064.6	
377.18	7132.4	
377.38	6226.5	
377.59	5401.2	
377.79	4224.3	
378	6053.1	
378.2	6427.9	
378.41	4397	
378.61	4239.3	
378.82	6485.9	
379.02	5664.7	
379.23	4482.3	
379.43	5595.7	
379.64	6644.3	
379.84	6305.7	
380.05	4369.7	
380.25	4272.1	
380.46	6323.4	
380.66	5941.8	
380.87	5588.9	
381.07	5923.4	
381.28	6885.3	
381.48	6354.8	
381.69	4373.8	
381.89	4417.5	
382.1	5356.1	
382.3	6468.9	
382.51	5436.7	
382.71	6195.8	
382.91	6308.4	
383.12	6838.2	
383.32	4696	
383.53	4882.4	
383.73	6172.6	
383.94	5937.7	
384.14	4807.3	
384.35	3948.5	
384.55	5905	
384.76	6227.2	
384.96	4679.6	
385.17	4935.6	
385.37	6275.7	
385.58	5567.1	
385.78	4960.9	
385.98	3818.1	
386.19	5737.7	
386.39	6190.3	
386.6	4387.4	
386.8	4613.4	
387.01	6280.4	
387.21	6397.2	
387.42	5083.1	
387.62	5625.8	
387.83	5702.9	
388.03	6331	
388.23	4754.7	
388.44	5565	
388.64	5431.2	
388.85	5606.7	
389.05	5169.1	
389.26	5801.2	
389.46	7473	
389.67	6900.3	
389.87	5250.3	
390.07	5272.2	
390.28	6169.2	
390.48	5714.5	
390.69	4448.2	
390.89	4741	
391.1	5917.3	
391.3	6842.3	
391.5	5896.1	
391.71	6526.9	
391.91	6676.4	
392.12	7516	
392.32	5987.6	
392.53	5332.9	
392.73	6036.7	
392.93	6254.5	
393.14	4943.8	
393.34	5659.9	
393.55	6574	
393.75	6125.5	
393.95	4815.5	
394.16	4866	
394.36	5875.6	
394.57	6477.7	
394.77	4404.5	
394.98	4741	
395.18	5885.2	
395.38	6200.6	
395.59	5777.3	
395.79	4841.4	
396	6201.9	
396.2	6651.8	
396.4	5666	
396.61	5598.5	
396.81	6918.7	
397.02	6261.3	
397.22	5945.9	
397.42	6016.2	
397.63	6924.9	
397.83	6251.8	
398.04	4937	
398.24	5510.4	
398.44	6671.6	
398.65	6434	
398.85	4790.9	
399.05	4937.7	
399.26	6275.7	
399.46	7825.3	
399.67	5299.5	
399.87	5076.2	
400.07	6682.5	
400.28	7004.7	
400.48	5223	
400.69	6242.9	
400.89	7777.5	
401.09	7670.3	
401.3	5116.5	
401.5	6294.1	
401.7	8054.7	
401.91	8216.5	
402.11	5618.3	
402.32	5777.3	
402.52	7383.6	
402.72	7094.2	
402.93	5881.1	
403.13	4737.6	
403.33	7806.2	
403.54	6546.7	
403.74	5380.7	
403.94	6147.3	
404.15	6568.5	
404.35	7688.8	
404.56	5130.2	
404.76	6941.2	
404.96	7118.1	
405.17	6916.7	
405.37	6578.1	
405.57	5827.2	
405.78	7415.7	
405.98	6709.1	
406.18	5543.9	
406.39	6200.6	
406.59	7184.3	
406.79	6815	
407	5141.1	
407.2	5128.1	
407.4	7217.7	
407.61	7332.4	
407.81	5332.2	
408.01	7547.4	
408.22	6397.9	
408.42	8372.1	
408.62	6680.5	
408.83	6255.9	
409.03	7368.6	
409.23	7189.7	
409.44	6527.6	
409.64	6793.1	
409.84	8463.6	
410.05	8424.7	
410.25	6780.1	
410.45	6625.9	
410.66	8149.6	
410.86	10322	
411.06	7249.1	
411.27	7006.1	
411.47	10331	
411.67	8348.2	
411.88	7393.8	
412.08	7718.8	
412.28	9096.4	
412.49	9564.7	
412.69	7286	
412.89	7332.4	
413.09	9446.6	
413.3	9273.9	
413.5	7522.9	
413.7	7175.4	
413.91	8746.2	
414.11	9599.5	
414.31	7491.5	
414.52	7931.1	
414.72	9271.8	
414.92	9333.3	
415.12	7454.6	
415.33	7996	
415.53	9785.2	
415.73	9893.7	
415.94	8415.8	
416.14	7864.9	
416.34	8807.6	
416.55	8399.4	
416.75	9004.2	
416.95	8531.2	
417.15	9876	
417.36	10398	
417.56	9329.9	
417.76	8471.1	
417.97	10237	
418.17	10060	
418.37	8151.6	
418.57	8286.8	
418.78	9898.5	
418.98	9448	
419.18	9008.3	
419.38	8862.9	
419.59	9460.9	
419.79	8961.2	
419.99	7970	
420.2	8351.6	
420.4	9986.6	
420.6	10103	
420.8	8069.7	
421.01	7853.3	
421.21	9934.7	
421.41	10131	
421.61	8378.2	
421.82	8127	
422.02	9482.1	
422.22	10277	
422.42	8860.9	
422.63	8340	
422.83	9547.6	
423.03	10700	
423.23	8407.6	
423.44	7460.1	
423.64	9567.4	
423.84	9199.5	
424.04	7998	
424.25	7600	
424.45	10305	
424.65	10226	
424.85	7372	
425.06	7989.1	
425.26	10335	
425.46	9359.2	
425.66	8400.1	
425.87	8144.8	
426.07	10087	
426.27	9858.2	
426.47	8255.4	
426.67	7544	
426.88	10269	
427.08	9811.8	
427.28	8424	
427.48	7509.2	
427.69	8748.9	
427.89	9299.8	
428.09	8381.7	
428.29	7480.5	
428.5	9999.5	
428.7	9569.5	
428.9	7544.7	
429.1	8073.1	
429.3	9546.3	
429.51	9886.9	
429.71	7771.4	
429.91	8701.8	
430.11	10045	
430.31	10365	
430.52	8297.7	
430.72	8650.6	
430.92	10607	
431.12	10084	
431.32	8024.6	
431.53	8288.1	
431.73	9090.9	
431.93	10648	
432.13	7856.7	
432.33	7847.1	
432.54	9566.1	
432.74	9923.1	
432.94	7893.6	
433.14	8858.1	
433.34	10192	
433.55	9927.2	
433.75	8867	
433.95	10663	
434.15	10124	
434.35	9950.4	
434.56	8189.8	
434.76	7969.3	
434.96	10176	
435.16	10511	
435.36	8212.4	
435.56	9310.7	
435.77	9983.2	
435.97	10215	
436.17	10054	
436.37	9399.5	
436.57	10031	
436.78	10072	
436.98	10342	
437.18	9904	
437.38	11037	
437.58	10229	
437.78	10059	
437.99	8709.3	
438.19	10537	
438.39	11312	
438.59	8560.5	
438.79	7980.3	
438.99	11033	
439.2	9858.2	
439.4	8030.1	
439.6	8115.4	
439.8	10499	
440	11496	
440.2	9475.3	
440.4	9580.4	
440.61	11226	
440.81	11660	
441.01	8976.2	
441.21	9850.7	
441.41	11875	
441.61	11303	
441.81	10367	
442.02	11138	
442.22	12234	
442.42	11422	
442.62	9110.7	
442.82	9153.1	
443.02	11765	
443.22	11164	
443.43	9789.3	
443.63	9327.8	
443.83	10823	
444.03	10850	
444.23	10699	
444.43	10181	
444.63	11420	
444.83	12433	
445.04	9585.9	
445.24	10845	
445.44	11570	
445.64	11823	
445.84	9966.8	
446.04	10172	
446.24	10802	
446.44	11724	
446.65	9043.8	
446.85	9643.9	
447.05	10660	
447.25	11729	
447.45	9623.4	
447.65	9150.3	
447.85	11100	
448.05	10694	
448.25	10185	
448.46	9965.4	
448.66	11249	
448.86	10814	
449.06	9037	
449.26	10238	
449.46	11638	
449.66	10632	
449.86	9901.2	
450.06	9810.5	
450.26	10941	
450.47	11587	
450.67	9884.2	
450.87	10520	
451.07	11581	
451.27	11578	
451.47	9444.5	
451.67	10163	
451.87	11168	
452.07	12220	
452.27	9804.3	
452.47	9650.7	
452.67	11493	
452.88	11839	
453.08	8948.9	
453.28	11009	
453.48	12766	
453.68	11150	
453.88	9678.7	
454.08	9810.5	
454.28	11936	
454.48	11572	
454.68	10411	
454.88	10986	
455.08	11948	
455.28	12068	
455.48	9637.1	
455.68	10507	
455.89	12760	
456.09	12427	
456.29	10207	
456.49	10444	
456.69	12843	
456.89	11952	
457.09	11002	
457.29	11437	
457.49	12383	
457.69	12859	
457.89	11128	
458.09	10498	
458.29	12479	
458.49	13274	
458.69	11645	
458.89	11080	
459.09	13680	
459.29	13684	
459.49	11113	
459.69	11870	
459.9	13069	
460.1	12821	
460.3	11032	
460.5	10712	
460.7	13076	
460.9	12792	
461.1	10648	
461.3	11998	
461.5	14073	
461.7	13553	
461.9	11389	
462.1	11628	
462.3	13296	
462.5	13883	
462.7	11558	
462.9	11725	
463.1	14812	
463.3	14942	
463.5	11997	
463.7	13202	
463.9	13948	
464.1	14315	
464.3	12677	
464.5	12607	
464.7	14788	
464.9	14661	
465.1	14051	
465.3	13130	
465.5	14932	
465.7	15126	
465.9	13655	
466.1	13072	
466.3	15188	
466.5	14696	
466.7	14456	
466.9	13174	
467.1	15019	
467.3	15926	
467.5	14535	
467.7	13495	
467.9	16182	
468.1	17193	
468.3	14199	
468.5	14666	
468.7	15304	
468.9	15256	
469.1	13786	
469.3	14757	
469.5	17310	
469.7	15148	
469.9	14227	
470.1	13778	
470.3	15500	
470.5	15517	
470.7	14945	
470.9	13850	
471.1	15286	
471.3	15307	
471.5	13609	
471.69	15386	
471.89	14943	
472.09	14403	
472.29	14337	
472.49	14365	
472.69	14788	
472.89	15513	
473.09	13600	
473.29	13350	
473.49	14871	
473.69	14762	
473.89	14303	
474.09	13565	
474.29	15989	
474.49	15646	
474.69	14495	
474.89	13424	
475.09	14857	
475.29	15027	
475.49	13044	
475.69	13446	
475.88	16278	
476.08	15081	
476.28	13170	
476.48	13222	
476.68	15285	
476.88	15200	
477.08	13072	
477.28	13398	
477.48	14607	
477.68	15129	
477.88	13111	
478.08	13229	
478.28	15772	
478.48	14875	
478.67	13557	
478.87	12661	
479.07	15776	
479.27	14869	
479.47	13607	
479.67	13650	
479.87	15479	
480.07	15958	
480.27	12996	
480.47	14405	
480.67	15171	
480.87	15796	
481.06	13287	
481.26	14023	
481.46	15163	
481.66	15055	
481.86	13619	
482.06	14621	
482.26	14810	
482.46	15575	
482.66	13596	
482.86	13263	
483.05	15358	
483.25	14584	
483.45	15972	
483.65	13687	
483.85	14964	
484.05	15271	
484.25	14308	
484.45	14831	
484.65	16061	
484.84	16337	
485.04	13768	
485.24	13794	
485.44	16536	
485.64	15014	
485.84	13374	
486.04	14772	
486.24	15311	
486.44	15698	
486.63	13380	
486.83	14364	
487.03	15388	
487.23	15778	
487.43	13474	
487.63	15922	
487.83	15853	
488.02	16847	
488.22	14685	
488.42	15335	
488.62	16707	
488.82	15760	
489.02	14272	
489.22	14682	
489.41	16566	
489.61	16361	
489.81	14329	
490.01	14248	
490.21	16746	
490.41	17232	
490.61	14330	
490.8	14482	
491	16236	
491.2	15359	
491.4	14756	
491.6	13829	
491.8	15922	
491.99	15879	
492.19	13555	
492.39	13949	
492.59	16341	
492.79	16519	
492.99	15067	
493.18	14231	
493.38	16924	
493.58	17899	
493.78	15350	
493.98	15048	
494.18	16929	
494.37	16721	
494.57	15995	
494.77	15784	
494.97	17720	
495.17	18068	
495.37	15815	
495.56	16115	
495.76	18548	
495.96	18226	
496.16	17215	
496.36	16440	
496.55	18474	
496.75	18018	
496.95	16505	
497.15	16423	
497.35	18178	
497.54	18422	
497.74	16218	
497.94	17941	
498.14	19195	
498.34	18962	
498.53	16382	
498.73	17007	
498.93	18023	
499.13	18629	
499.33	16914	
499.52	17340	
499.72	18998	
499.92	18999	
500.12	16858	
500.32	17084	
500.51	19061	
500.71	19050	
500.91	17868	
501.11	17503	
501.31	19067	
501.5	19436	
501.7	18013	
501.9	17299	
502.1	18846	
502.29	19303	
502.49	17741	
502.69	17965	
502.89	18927	
503.09	19017	
503.28	16358	
503.48	16436	
503.68	17961	
503.88	18142	
504.07	17384	
504.27	16868	
504.47	18548	
504.67	18445	
504.86	17264	
505.06	16735	
505.26	17821	
505.46	19637	
505.65	16731	
505.85	16704	
506.05	17643	
506.25	18096	
506.44	15694	
506.64	16588	
506.84	17524	
507.04	18230	
507.23	15840	
507.43	16414	
507.63	19155	
507.83	17592	
508.02	16501	
508.22	16098	
508.42	19518	
508.62	17506	
508.81	16169	
509.01	16977	
509.21	17275	
509.4	17557	
509.6	16439	
509.8	16040	
510	17561	
510.19	19068	
510.39	15898	
510.59	16072	
510.79	17630	
510.98	18768	
511.18	16320	
511.38	16524	
511.57	18266	
511.77	18119	
511.97	16710	
512.17	15773	
512.36	18210	
512.56	18023	
512.76	15798	
512.95	15464	
513.15	18269	
513.35	17011	
513.55	16803	
513.74	15986	
513.94	18348	
514.14	17586	
514.33	16847	
514.53	16608	
514.73	17701	
514.92	17662	
515.12	16140	
515.32	16062	
515.51	17973	
515.71	18507	
515.91	17777	
516.11	16195	
516.3	19726	
516.5	17714	
516.7	16711	
516.89	17279	
517.09	17832	
517.29	17819	
517.48	17060	
517.68	16347	
517.88	17591	
518.07	18208	
518.27	16954	
518.47	16075	
518.66	18695	
518.86	17423	
519.06	15765	
519.25	16337	
519.45	17679	
519.65	19363	
519.84	17088	
520.04	17756	
520.24	19634	
520.43	18473	
520.63	16563	
520.83	16299	
521.02	17418	
521.22	17956	
521.42	16486	
521.61	17082	
521.81	17597	
522.01	17714	
522.2	16633	
522.4	16320	
522.6	18451	
522.79	17307	
522.99	16614	
523.18	16146	
523.38	18482	
523.58	18602	
523.77	18431	
523.97	16581	
524.17	20756	
524.36	19944	
524.56	18247	
524.76	17753	
524.95	19338	
525.15	18884	
525.34	17765	
525.54	18092	
525.74	19942	
525.93	19043	
526.13	19334	
526.33	18336	
526.52	20387	
526.72	19942	
526.91	19581	
527.11	18989	
527.31	20568	
527.5	21175	
527.7	18974	
527.89	18146	
528.09	19948	
528.29	20787	
528.48	19572	
528.68	19092	
528.87	20865	
529.07	20682	
529.27	18923	
529.46	18679	
529.66	20686	
529.85	20970	
530.05	18725	
530.25	19364	
530.44	21902	
530.64	20255	
530.83	18701	
531.03	19097	
531.23	20859	
531.42	20714	
531.62	20124	
531.81	19337	
532.01	21486	
532.21	22046	
532.4	19605	
532.6	20074	
532.79	22724	
532.99	22186	
533.18	20452	
533.38	21154	
533.58	21847	
533.77	22491	
533.97	20620	
534.16	21335	
534.36	22974	
534.55	22133	
534.75	21949	
534.95	20783	
535.14	23137	
535.34	22151	
535.53	20391	
535.73	22144	
535.92	23416	
536.12	22031	
536.31	20323	
536.51	21353	
536.71	22227	
536.9	21710	
537.1	20361	
537.29	20689	
537.49	22799	
537.68	21838	
537.88	21076	
538.07	20330	
538.27	22298	
538.46	23268	
538.66	20243	
538.86	20917	
539.05	22503	
539.25	22910	
539.44	21329	
539.64	20698	
539.83	22274	
540.03	22947	
540.22	20642	
540.42	20354	
540.61	22109	
540.81	22317	
541	20624	
541.2	21467	
541.39	21695	
541.59	22132	
541.78	21203	
541.98	20104	
542.18	21366	
542.37	21308	
542.57	20211	
542.76	21011	
542.96	21094	
543.15	21872	
543.35	20225	
543.54	19424	
543.74	21715	
543.93	21441	
544.13	19686	
544.32	20715	
544.52	21597	
544.71	20715	
544.91	18944	
545.1	20046	
545.3	20971	
545.49	21502	
545.69	18920	
545.88	19572	
546.08	22486	
546.27	21964	
546.47	19940	
546.66	19256	
546.86	21515	
547.05	22203	
547.24	19493	
547.44	19403	
547.63	20482	
547.83	21647	
548.02	19644	
548.22	19716	
548.41	20226	
548.61	21572	
548.8	18959	
549	19045	
549.19	20775	
549.39	21196	
549.58	18697	
549.78	19236	
549.97	21137	
550.17	20520	
550.36	19696	
550.55	20744	
550.75	20371	
550.94	21189	
551.14	18685	
551.33	18729	
551.53	19856	
551.72	20660	
551.92	18857	
552.11	18888	
552.31	20798	
552.5	20675	
552.69	20179	
552.89	18150	
553.08	20590	
553.28	20084	
553.47	18653	
553.67	19678	
553.86	21067	
554.06	19439	
554.25	17778	
554.44	18303	
554.64	21625	
554.83	21154	
555.03	18290	
555.22	18464	
555.42	20733	
555.61	20171	
555.8	18183	
556	18607	
556.19	19294	
556.39	20531	
556.58	18256	
556.78	18241	
556.97	20095	
557.16	19749	
557.36	19479	
557.55	18091	
557.75	19009	
557.94	20665	
558.13	17980	
558.33	17761	
558.52	20459	
558.72	19314	
558.91	17881	
559.1	17889	
559.3	19031	
559.49	18650	
559.69	17283	
559.88	18241	
560.07	19715	
560.27	20149	
560.46	18380	
560.66	18489	
560.85	19561	
561.04	18603	
561.24	17484	
561.43	17569	
561.63	18879	
561.82	18989	
562.01	18843	
562.21	17921	
562.4	19441	
562.59	20695	
562.79	17819	
562.98	17609	
563.18	19424	
563.37	20926	
563.56	18374	
563.76	17781	
563.95	19229	
564.14	19056	
564.34	18079	
564.53	17675	
564.73	19692	
564.92	20049	
565.11	18189	
565.31	17646	
565.5	20289	
565.69	19402	
565.89	17995	
566.08	18301	
566.27	20081	
566.47	20724	
566.66	18813	
566.85	17606	
567.05	19929	
567.24	19282	
567.44	18036	
567.63	19269	
567.82	20053	
568.02	19783	
568.21	17861	
568.4	18361	
568.6	19793	
568.79	19817	
568.98	17829	
569.18	18199	
569.37	19929	
569.56	21764	
569.76	18610	
569.95	19525	
570.14	20237	
570.34	20308	
570.53	17951	
570.72	17905	
570.91	20751	
571.11	19781	
571.3	18511	
571.49	19274	
571.69	20131	
571.88	19542	
572.07	19014	
572.27	18827	
572.46	19477	
572.65	20459	
572.85	18228	
573.04	18647	
573.23	20817	
573.43	20028	
573.62	18176	
573.81	18701	
574	20446	
574.2	20278	
574.39	18844	
574.58	18942	
574.78	21448	
574.97	20779	
575.16	19259	
575.36	19506	
575.55	21119	
575.74	21216	
575.93	18488	
576.13	19768	
576.32	20494	
576.51	21117	
576.71	19065	
576.9	20158	
577.09	21449	
577.28	20801	
577.48	19396	
577.67	18562	
577.86	20522	
578.05	20990	
578.25	19079	
578.44	19349	
578.63	20652	
578.83	21945	
579.02	18688	
579.21	20195	
579.4	21072	
579.6	20695	
579.79	19385	
579.98	21318	
580.17	21234	
580.37	21313	
580.56	18802	
580.75	19521	
580.94	21751	
581.14	21498	
581.33	20088	
581.52	19118	
581.71	21255	
581.91	21813	
582.1	18845	
582.29	19192	
582.48	20883	
582.68	20856	
582.87	19600	
583.06	19460	
583.25	21136	
583.45	20476	
583.64	20040	
583.83	20838	
584.02	20705	
584.21	21115	
584.41	19799	
584.6	19350	
584.79	21031	
584.98	21684	
585.18	18849	
585.37	18863	
585.56	20383	
585.75	21259	
585.94	18877	
586.14	19620	
586.33	21478	
586.52	20710	
586.71	19198	
586.91	19048	
587.1	19708	
587.29	20846	
587.48	18553	
587.67	18651	
587.87	20538	
588.06	20471	
588.25	19604	
588.44	18827	
588.63	20045	
588.83	20582	
589.02	18281	
589.21	18069	
589.4	19459	
589.59	19435	
589.78	16890	
589.98	16985	
590.17	18337	
590.36	18774	
590.55	16007	
590.74	16395	
590.94	19606	
591.13	18200	
591.32	16314	
591.51	15885	
591.7	18682	
591.89	18409	
592.09	16137	
592.28	16694	
592.47	17653	
592.66	19650	
592.85	16247	
593.05	16494	
593.24	18270	
593.43	18959	
593.62	16649	
593.81	17021	
594	18213	
594.19	18527	
594.39	16390	
594.58	16281	
594.77	18497	
594.96	18999	
595.15	16233	
595.34	16894	
595.54	18288	
595.73	17478	
595.92	15406	
596.11	16404	
596.3	18810	
596.49	17563	
596.68	16223	
596.88	16619	
597.07	18342	
597.26	17251	
597.45	15600	
597.64	16826	
597.83	17638	
598.02	18320	
598.22	15784	
598.41	16432	
598.6	17875	
598.79	17304	
598.98	15660	
599.17	16591	
599.36	17877	
599.55	18806	
599.74	17593	
599.94	17401	
600.13	18132	
600.32	17111	
600.51	15373	
600.7	15666	
600.89	18759	
601.08	18785	
601.27	15414	
601.47	16206	
601.66	17976	
601.85	18624	
602.04	15920	
602.23	15945	
602.42	17077	
602.61	17637	
602.8	15713	
602.99	15414	
603.18	17400	
603.37	17573	
603.57	15944	
603.76	16552	
603.95	18279	
604.14	17837	
604.33	15512	
604.52	15962	
604.71	17574	
604.9	17316	
605.09	16618	
605.28	16221	
605.47	18161	
605.66	17613	
605.86	16040	
606.05	15513	
606.24	17980	
606.43	16579	
606.62	15832	
606.81	16376	
607	17694	
607.19	17162	
607.38	15046	
607.57	15360	
607.76	16703	
607.95	16266	
608.14	15625	
608.33	16139	
608.52	16826	
608.72	17720	
608.91	14804	
609.1	14852	
609.29	16759	
609.48	16186	
609.67	15621	
609.86	14716	
610.05	16286	
610.24	16826	
610.43	14587	
610.62	14244	
610.81	17566	
611	17364	
611.19	14575	
611.38	15338	
611.57	16892	
611.76	18054	
611.95	14428	
612.14	14246	
612.33	16690	
612.52	16173	
612.71	14869	
612.9	14208	
613.09	15838	
613.28	17999	
613.47	14662	
613.66	15561	
613.85	16721	
614.04	16153	
614.24	14729	
614.43	13901	
614.62	16769	
614.81	16647	
615	15185	
615.19	15300	
615.38	16113	
615.57	16463	
615.76	15086	
615.95	15939	
616.14	16877	
616.33	16539	
616.52	15443	
616.71	15578	
616.9	16771	
617.09	16675	
617.28	14764	
617.47	15913	
617.66	16074	
617.85	16047	
618.04	15851	
618.22	15354	
618.41	16492	
618.6	17484	
618.79	15302	
618.98	15166	
619.17	17912	
619.36	16161	
619.55	15293	
619.74	15458	
619.93	17211	
620.12	16752	
620.31	16021	
620.5	16251	
620.69	17897	
620.88	18413	
621.07	16964	
621.26	16048	
621.45	17610	
621.64	17561	
621.83	16089	
622.02	15352	
622.21	17630	
622.4	17583	
622.59	16747	
622.78	16496	
622.97	17122	
623.16	18048	
623.35	16333	
623.54	15337	
623.72	17393	
623.91	17503	
624.1	16585	
624.29	15302	
624.48	18587	
624.67	17905	
624.86	16429	
625.05	15564	
625.24	18709	
625.43	17181	
625.62	17952	
625.81	15823	
626	18073	
626.19	17335	
626.38	16701	
626.56	15907	
626.75	17486	
626.94	18274	
627.13	16530	
627.32	15429	
627.51	17922	
627.7	19099	
627.89	15233	
628.08	16561	
628.27	17090	
628.46	17359	
628.65	15681	
628.83	15341	
629.02	17828	
629.21	17239	
629.4	16141	
629.59	16287	
629.78	17150	
629.97	17781	
630.16	16213	
630.35	15816	
630.54	18451	
630.72	18075	
630.91	15679	
631.1	16150	
631.29	17660	
631.48	17768	
631.67	16331	
631.86	15735	
632.05	17308	
632.24	17389	
632.42	15512	
632.61	16066	
632.8	17294	
632.99	17038	
633.18	16090	
633.37	16337	
633.56	17555	
633.75	17329	
633.93	16011	
634.12	15782	
634.31	18275	
634.5	18023	
634.69	15862	
634.88	16024	
635.07	17344	
635.25	17949	
635.44	16556	
635.63	16857	
635.82	17139	
636.01	16563	
636.2	16304	
636.39	15977	
636.57	18066	
636.76	17671	
636.95	15406	
637.14	16707	
637.33	17497	
637.52	18271	
637.7	15134	
637.89	15924	
638.08	17049	
638.27	18230	
638.46	16175	
638.65	16464	
638.83	18170	
639.02	16780	
639.21	15692	
639.4	16241	
639.59	17043	
639.78	16619	
639.96	15068	
640.15	14963	
640.34	16870	
640.53	16818	
640.72	14649	
640.91	14874	
641.09	16032	
641.28	17344	
641.47	14848	
641.66	15651	
641.85	16627	
642.03	16819	
642.22	15255	
642.41	14787	
642.6	16098	
642.79	15429	
642.97	14407	
643.16	15125	
643.35	16109	
643.54	15700	
643.73	14430	
643.91	14952	
644.1	15392	
644.29	16090	
644.48	14183	
644.67	14212	
644.85	15389	
645.04	15769	
645.23	13568	
645.42	13916	
645.6	15171	
645.79	16097	
645.98	13686	
646.17	12689	
646.36	14464	
646.54	14997	
646.73	14086	
646.92	12995	
647.11	14513	
647.29	15449	
647.48	12888	
647.67	12627	
647.86	15694	
648.05	15743	
648.23	13177	
648.42	14464	
648.61	15082	
648.8	14858	
648.98	12712	
649.17	13121	
649.36	14212	
649.55	13891	
649.73	12786	
649.92	13445	
650.11	14400	
650.3	14598	
650.48	12837	
650.67	12719	
650.86	14845	
651.05	13698	
651.23	12768	
651.42	12736	
651.61	14100	
651.79	14179	
651.98	12950	
652.17	12485	
652.36	14403	
652.54	13457	
652.73	12332	
652.92	12220	
653.11	14248	
653.29	14453	
653.48	11658	
653.67	12525	
653.85	14001	
654.04	14825	
654.23	12639	
654.42	12022	
654.6	13125	
654.79	13616	
654.98	11163	
655.16	11558	
655.35	12448	
655.54	12254	
655.73	11060	
655.91	10884	
656.1	13373	
656.29	12506	
656.47	10795	
656.66	12405	
656.85	12964	
657.03	12850	
657.22	11514	
657.41	11615	
657.59	13121	
657.78	13013	
657.97	11286	
658.16	11996	
658.34	13665	
658.53	14155	
658.72	12683	
658.9	13147	
659.09	13211	
659.28	13254	
659.46	11797	
659.65	11632	
659.84	12968	
660.02	13489	
660.21	11538	
660.4	11482	
660.58	13757	
660.77	13298	
660.96	12126	
661.14	11055	
661.33	14240	
661.52	14151	
661.7	10994	
661.89	14506	
662.08	12827	
662.26	12381	
662.45	11191	
662.64	11425	
662.82	13372	
663.01	12721	
663.2	11346	
663.38	12086	
663.57	13188	
663.75	13054	
663.94	11609	
664.13	12757	
664.31	12680	
664.5	13282	
664.69	11737	
664.87	12430	
665.06	12288	
665.25	13070	
665.43	12512	
665.62	12522	
665.8	13376	
665.99	12641	
666.18	11446	
666.36	11609	
666.55	13285	
666.74	13204	
666.92	11154	
667.11	12583	
667.29	12684	
667.48	13114	
667.67	12273	
667.85	11231	
668.04	12609	
668.22	12689	
668.41	11542	
668.6	11549	
668.78	12397	
668.97	12628	
669.15	11811	
669.34	10702	
669.53	12498	
669.71	12736	
669.9	10839	
670.08	11456	
670.27	12299	
670.46	12784	
670.64	11572	
670.83	11964	
671.01	12341	
671.2	12734	
671.38	11009	
671.57	10825	
671.76	13309	
671.94	13988	
672.13	10712	
672.31	11691	
672.5	13099	
672.69	12409	
672.87	11016	
673.06	11200	
673.24	12874	
673.43	12370	
673.61	11457	
673.8	11183	
673.98	12972	
674.17	13179	
674.36	11774	
674.54	11523	
674.73	12724	
674.91	12893	
675.1	11309	
675.28	10974	
675.47	12491	
675.65	13024	
675.84	11147	
676.03	11480	
676.21	12282	
676.4	11814	
676.58	11872	
676.77	11572	
676.95	13667	
677.14	12125	
677.32	10754	
677.51	10667	
677.69	12941	
677.88	11916	
678.06	10703	
678.25	10840	
678.44	12522	
678.62	12160	
678.81	10506	
678.99	11444	
679.18	13254	
679.36	12886	
679.55	10997	
679.73	11760	
679.92	12702	
680.1	12316	
680.29	12320	
680.47	11125	
680.66	12155	
680.84	13014	
681.03	10470	
681.21	11440	
681.4	12244	
681.58	12146	
681.77	10832	
681.95	10666	
682.14	12940	
682.32	13250	
682.51	11643	
682.69	10428	
682.88	12023	
683.06	12575	
683.25	11249	
683.43	11751	
683.62	12355	
683.8	12738	
683.99	11785	
684.17	11099	
684.36	13448	
684.54	12136	
684.73	10119	
684.91	10195	
685.1	11948	
685.28	11357	
685.46	10417	
685.65	10440	
685.83	12036	
686.02	11476	
686.2	10009	
686.39	10108	
686.57	11466	
686.76	12854	
686.94	10101	
687.13	10355	
687.31	12208	
687.5	11792	
687.68	9830.2	
687.86	11150	
688.05	13452	
688.23	11387	
688.42	11209	
688.6	10537	
688.79	11940	
688.97	11881	
689.16	10959	
689.34	9872.6	
689.52	12627	
689.71	12789	
689.89	11219	
690.08	10585	
690.26	12202	
690.45	12225	
690.63	11351	
690.81	10832	
691	11906	
691.18	11960	
691.37	10751	
691.55	12824	
691.74	11733	
691.92	13840	
692.1	10840	
692.29	10288	
692.47	11968	
692.66	11378	
692.84	10557	
693.02	10972	
693.21	11570	
693.39	12039	
693.58	11247	
693.76	10805	
693.94	13271	
694.13	13141	
694.31	10824	
694.5	11925	
694.68	12250	
694.86	12680	
695.05	11441	
695.23	11625	
695.42	13079	
695.6	15171	
695.78	12121	
695.97	11155	
696.15	13176	
696.34	12527	
696.52	10928	
696.7	11759	
696.89	12739	
697.07	12325	
697.25	11560	
697.44	12887	
697.62	12872	
697.81	12977	
697.99	11249	
698.17	11843	
698.36	12092	
698.54	12775	
698.72	11644	
698.91	10550	
699.09	12457	
699.28	12303	
699.46	11298	
699.64	11147	
699.83	12182	
700.01	13310	
700.19	11931	
700.38	10509	
700.56	13406	
700.74	12506	
700.93	10968	
701.11	11655	
701.29	12897	
701.48	14076	
701.66	11295	
701.84	11472	
702.03	12724	
702.21	13520	
702.39	10869	
702.58	11562	
702.76	13163	
702.94	13302	
703.13	10998	
703.31	13288	
703.49	12511	
703.68	13603	
703.86	11209	
704.04	12172	
704.23	13026	
704.41	13341	
704.59	11350	
704.78	12405	
704.96	14136	
705.14	13531	
705.33	11318	
705.51	11929	
705.69	12925	
705.87	13684	
706.06	12275	
706.24	11206	
706.42	13238	
706.61	13558	
706.79	12274	
706.97	11241	
707.16	12635	
707.34	13243	
707.52	12134	
707.7	11499	
707.89	12788	
708.07	12526	
708.25	12354	
708.44	12403	
708.62	12775	
708.8	13866	
708.98	12408	
709.17	11431	
709.35	13164	
709.53	13105	
709.72	11368	
709.9	11606	
710.08	13334	
710.26	13412	
710.45	12700	
710.63	11366	
710.81	13001	
710.99	13009	
711.18	12091	
711.36	11559	
711.54	12877	
711.72	13362	
711.91	11503	
712.09	11012	
712.27	12697	
712.45	13285	
712.64	11508	
712.82	10662	
713	11975	
713.18	12109	
713.37	10569	
713.55	11464	
713.73	12680	
713.91	11201	
714.1	10355	
714.28	9807	
714.46	11885	
714.64	10891	
714.83	8740.7	
715.01	9291.6	
715.19	10482	
715.37	9809.8	
715.55	8859.5	
715.74	9172.9	
715.92	11088	
716.1	9257.5	
716.28	10047	
716.47	8963.3	
716.65	9767.4	
716.83	9917.6	
717.01	8877.9	
717.19	8844.5	
717.38	11789	
717.56	9582.4	
717.74	9154.4	
717.92	8443.8	
718.1	10838	
718.29	10220	
718.47	8282.7	
718.65	9046.6	
718.83	11179	
719.01	11135	
719.2	8668.4	
719.38	9750.4	
719.56	11132	
719.74	12572	
719.92	9336.7	
720.11	10236	
720.29	11003	
720.47	10079	
720.65	8560.5	
720.83	9287.5	
721.02	10096	
721.2	9807	
721.38	9066.4	
721.56	8294.3	
721.74	9312.1	
721.92	9367.4	
722.11	9422	
722.29	9142.8	
722.47	10593	
722.65	9725.8	
722.83	8226	
723.01	9073.9	
723.2	9830.9	
723.38	10115	
723.56	7791.2	
723.74	8844.5	
723.92	9383.1	
724.1	10488	
724.29	8220.5	
724.47	9323	
724.65	9350.3	
724.83	9278.7	
725.01	7957.7	
725.19	8871.1	
725.37	9286.2	
725.56	9370.1	
725.74	7864.2	
725.92	8299.1	
726.1	9337.4	
726.28	9552.4	
726.46	8379.6	
726.64	8231.5	
726.83	9364	
727.01	9738.8	
727.19	7872.4	
727.37	8597.4	
727.55	9610.4	
727.73	10142	
727.91	7760.4	
728.09	7646.4	
728.28	10120	
728.46	10696	
728.64	8755.1	
728.82	8727.8	
729	11213	
729.18	10583	
729.36	8169.3	
729.54	10185	
729.72	11746	
729.91	10126	
730.09	10062	
730.27	8881.4	
730.45	9994.8	
730.63	10681	
730.81	9577.7	
730.99	8686.1	
731.17	11198	
731.35	9866.4	
731.53	9192	
731.71	8796.7	
731.9	10791	
732.08	10920	
732.26	8890.9	
732.44	8641.7	
732.62	10989	
732.8	10563	
732.98	9256.1	
733.16	8480.6	
733.34	10447	
733.52	9175.6	
733.7	8771.5	
733.88	9021.3	
734.07	10153	
734.25	10157	
734.43	8118.8	
734.61	9714.9	
734.79	11454	
734.97	9858.2	
735.15	8355.7	
735.33	8602.8	
735.51	10174	
735.69	9754.5	
735.87	9755.8	
736.05	8828.1	
736.23	10046	
736.41	9716.2	
736.59	8543.4	
736.77	8724.3	
736.95	10376	
737.13	9770.9	
737.32	8163.2	
737.5	8490.9	
737.68	10914	
737.86	9635	
738.04	8040.3	
738.22	9753.1	
738.4	9379	
738.58	9704	
738.76	8601.5	
738.94	7542	
739.12	9557.2	
739.3	9403.6	
739.48	9118.9	
739.66	8818.6	
739.84	9714.2	
740.02	9797.5	
740.2	7673.7	
740.38	7880.6	
740.56	10074	
740.74	8910	
740.92	8596.7	
741.1	8383.7	
741.28	9340.8	
741.46	9158.5	
741.64	7912	
741.82	8421.9	
742	9368.8	
742.18	9278	
742.36	8006.2	
742.54	7740	
742.72	9865.1	
742.9	8544.8	
743.08	8446.5	
743.26	7280.5	
743.44	9936.7	
743.62	9777.7	
743.8	8477.2	
743.98	7539.3	
744.16	9389.3	
744.34	9183.8	
744.52	8380.3	
744.7	8137.9	
744.88	9472.5	
745.06	9021.3	
745.24	8243.1	
745.42	8257.4	
745.6	9432.9	
745.78	8916.9	
745.96	7068.2	
746.14	7269.6	
746.32	10116	
746.5	9374.2	
746.68	7832.1	
746.86	7149.5	
747.03	9688.9	
747.21	8110	
747.39	7708.6	
747.57	7162.4	
747.75	8918.2	
747.93	9182.4	
748.11	7178.8	
748.29	7089.4	
748.47	10301	
748.65	8604.2	
748.83	7854	
749.01	7546.8	
749.19	8980.3	
749.37	8142.7	
749.55	7344	
749.73	7428	
749.91	8615.8	
750.09	8402.1	
750.26	7511.3	
750.44	6907.1	
750.62	8625.4	
750.8	8563.2	
750.98	6782.2	
751.16	6948.8	
751.34	8632.9	
751.52	8039	
751.7	7749.5	
751.88	6613.6	
752.06	9086.8	
752.24	8791.9	
752.42	6566.5	
752.59	6887.3	
752.77	8426.7	
752.95	9607.7	
753.13	7686.7	
753.31	6959	
753.49	8239.7	
753.67	8502.5	
753.85	7225.9	
754.03	6823.8	
754.21	8698.4	
754.38	8996.7	
754.56	6853.9	
754.74	5819.6	
754.92	7704.5	
755.1	8329.1	
755.28	5626.5	
755.46	5494	
755.64	8619.9	
755.82	8543.4	
755.99	5285.8	
756.17	5246.2	
756.35	5818.3	
756.53	7200	
756.71	3998.3	
756.89	4850.3	
757.07	6763.8	
757.25	5935	
757.42	5485.8	
757.6	6370.5	
757.78	7099.6	
757.96	6261.3	
758.14	5520.6	
758.32	5050.3	
758.5	5855.1	
758.67	6615.6	
758.85	5231.9	
759.03	5299.5	
759.21	6677.7	
759.39	6104.3	
759.57	4823	
759.75	5883.1	
759.92	7372	
760.1	6677.7	
760.28	6333	
760.46	6536.4	
760.64	6574	
760.82	6402	
760.99	6359.6	
761.17	5583.4	
761.35	7405.5	
761.53	6538.5	
761.71	5700.2	
761.89	6454.5	
762.06	7382.2	
762.24	6922.8	
762.42	5864	
762.6	5718.6	
762.78	6960.4	
762.96	7595.2	
763.13	6333	
763.31	6049	
763.49	7816.4	
763.67	6969.2	
763.85	6851.8	
764.02	7299.6	
764.2	8061.5	
764.38	7320.1	
764.56	5882.4	
764.74	6620.4	
764.91	8199.4	
765.09	7041.6	
765.27	5495.4	
765.45	5373.2	
765.63	8073.8	
765.8	8011	
765.98	5033.9	
766.16	5243.5	
766.34	6524.8	
766.52	6361	
766.69	6173.9	
766.87	5141.1	
767.05	6893.5	
767.23	7679.9	
767.41	5393	
767.58	5567.1	
767.76	7378.8	
767.94	7393.2	
768.12	5324	
768.29	6016.9	
768.47	6759	
768.65	7530.4	
768.83	4957.4	
769	5995.1	
769.18	6393.8	
769.36	7069.6	
769.54	6051.1	
769.72	4940.4	
769.89	7257.3	
770.07	7302.4	
770.25	5280.3	
770.43	6382.8	
770.6	7950.2	
770.78	8325.7	
770.96	5336.3	
771.14	5925.5	
771.31	7078.5	
771.49	6516	
771.67	4474.1	
771.85	4742.4	
772.02	5736.4	
772.2	6384.9	
772.38	5361.6	
772.55	4979.3	
772.73	6607.4	
772.91	6380.1	
773.09	5264	
773.26	5285.8	
773.44	6522.1	
773.62	6175.3	
773.8	4766.3	
773.97	4501.4	
774.15	6538.5	
774.33	6206.7	
774.5	4544.4	
774.68	4881	
774.86	6683.2	
775.04	6155.5	
775.21	4616.1	
775.39	4625	
775.57	6388.3	
775.74	6780.8	
775.92	4473.4	
776.1	4401.8	
776.27	6352.8	
776.45	7501	
776.63	4541	
776.81	4104.8	
776.98	6016.2	
777.16	6965.1	
777.34	4703.5	
777.51	4927.4	
777.69	5911.8	
777.87	5737	
778.04	4615.4	
778.22	5216.2	
778.4	5672.9	
778.57	6276.3	
778.75	3955.3	
778.93	4171	
779.1	5430.5	
779.28	5354.8	
779.46	3909.6	
779.64	4341	
779.81	6428.6	
779.99	7180.2	
780.17	5104.2	
780.34	5179.3	
780.52	5907.7	
780.69	6050.4	
780.87	4689.2	
781.05	4252.9	
781.22	5888.6	
781.4	5926.1	
781.58	4373.1	
781.75	3522.5	
781.93	5945.3	
782.11	5338.4	
782.28	5193.6	
782.46	4376.5	
782.64	5191.6	
782.81	6062	
782.99	4407.2	
783.17	4286.4	
783.34	5953.4	
783.52	5188.2	
783.69	4491.9	
783.87	5194.3	
784.05	5212.1	
784.22	5321.3	
784.4	5236	
784.58	4633.9	
784.75	6107	
784.93	5253.7	
785.1	4173.8	
785.28	4852.3	
785.46	5896.1	
785.63	5256.5	
785.81	4190.8	
785.99	4027.7	
786.16	5387.5	
786.34	5763	
786.51	4067.3	
786.69	4442	
786.87	4972.5	
787.04	5465.3	
787.22	3933.5	
787.39	4841.4	
787.57	5150.6	
787.75	6321.4	
787.92	4997	
788.1	4980	
788.27	5226.4	
788.45	4992.3	
788.63	4652.3	
788.8	3394.8	
788.98	5709.1	
789.15	4849.6	
789.33	3538.2	
789.5	4103.4	
789.68	6014.9	
789.86	6176	
790.03	4530.1	
790.21	4003.1	
790.38	5996.5	
790.56	5235.3	
790.73	3847.5	
790.91	3882.9	
791.09	5176.6	
791.26	5806.7	
791.44	4149.2	
791.61	3573	
791.79	5136.3	
791.96	5206.6	
792.14	3644	
792.32	3280.8	
792.49	5149.3	
792.67	5240.1	
792.84	3782.6	
793.02	3549.1	
793.19	5551.4	
793.37	6194.4	
793.54	3265.1	
793.72	3619.4	
793.89	6352.8	
794.07	5137.7	
794.25	4094.6	
794.42	3318.4	
794.6	6060.6	
794.77	5779.4	
794.95	4401.1	
795.12	3935.5	
795.3	5170.4	
795.47	5699.5	
795.65	4218.1	
795.82	4091.2	
796	4893.3	
796.17	6636.1	
796.35	3992.2	
796.52	4610.7	
796.7	5618.3	
796.87	5661.3	
797.05	4836.6	
797.22	4685.8	
797.4	5629.2	
797.57	6592.4	
797.75	4126.7	
797.92	3847.5	
798.1	5941.2	
798.27	5015.5	
798.45	3347.7	
798.62	3587.4	
798.8	5351.3	
798.97	5777.3	
799.15	4291.2	
799.32	4034.5	
799.5	4660.5	
799.67	5384.1	
799.85	4383.3	
800.02	3314.3	
800.2	5010	
800.37	5276.9	
800.55	4557.4	
800.72	3827.7	
800.9	5755.5	
801.07	6207.4	
801.25	5098.8	
801.42	4220.9	
801.6	5782.8	
801.77	5463.3	
801.95	3962.1	
802.12	3715.7	
802.29	5512.4	
802.47	5500.2	
802.64	4046.1	
802.82	3187.3	
802.99	4956.8	
803.17	5948	
803.34	4018.8	
803.52	3676.1	
803.69	6584.9	
803.87	4730.8	
804.04	4054.3	
804.21	4111	
804.39	5937.1	
804.56	5172.5	
804.74	3475.4	
804.91	4187.4	
805.09	4984.8	
805.26	5063.9	
805.44	3537.5	
805.61	3786.7	
805.78	5693.4	
805.96	5675.6	
806.13	4183.3	
806.31	4429.1	
806.48	4545.1	
806.66	5054.4	
806.83	4108.2	
807	4052.9	
807.18	4962.2	
807.35	5360.2	
807.53	3850.9	
807.7	3244.7	
807.87	6087.9	
808.05	5041.4	
808.22	4435.2	
808.4	3288.4	
808.57	5053.7	
808.74	4696	
808.92	3674.7	
809.09	4611.3	
809.27	4881	
809.44	5407.3	
809.61	3280.2	
809.79	3605.8	
809.96	6068.1	
810.14	5670.8	
810.31	3181.9	
810.48	3844.7	
810.66	5100.8	
810.83	5703.6	
811.01	3708.2	
811.18	4054.3	
811.35	5741.1	
811.53	4477.5	
811.7	4452.3	
811.87	4117.8	
812.05	4991.6	
812.22	4884.4	
812.39	3631	
812.57	3401	
812.74	4999.8	
812.92	6504.3	
813.09	3843.4	
813.26	4156.7	
813.44	6341.2	
813.61	4863.2	
813.78	3212.6	
813.96	4287.1	
814.13	4975.9	
814.3	4687.1	
814.48	4577.2	
814.65	3861.1	
814.82	6358.9	
815	4758.8	
815.17	3973.7	
815.34	4709.6	
815.52	4956.1	
815.69	4909.7	
815.87	3878.9	
816.04	3386.7	
816.21	4999.8	
816.38	4423.6	
816.56	3794.9	
816.73	3556.6	
816.9	6201.9	
817.08	5653.8	
817.25	3556	
817.42	4487.8	
817.6	4498	
817.77	5010	
817.94	3994.9	
818.12	3521.1	
818.29	4785.4	
818.46	7244.3	
818.64	3743	
818.81	3455.6	
818.98	4710.3	
819.16	6717.3	
819.33	4220.9	
819.5	3860.4	
819.67	5302.9	
819.85	5924.1	
820.02	3868.6	
820.19	4142.4	
820.37	5189.6	
820.54	4777.9	
820.71	4008.6	
820.88	4867.3	
821.06	5247.6	
821.23	4776.5	
821.4	4024.9	
821.58	3967.6	
821.75	5687.9	
821.92	5145.2	
822.09	3252.9	
822.27	3346.4	
822.44	4977.9	
822.61	4900.8	
822.79	3287.7	
822.96	6159.6	
823.13	5366.4	
823.3	4696.7	
823.48	3775.1	
823.65	3424.2	
823.82	5623.7	
823.99	4543.8	
824.17	4684.4	
824.34	3467.2	
824.51	6488.6	
824.68	5024.3	
824.86	3614.7	
825.03	4005.8	
825.2	4969.1	
825.37	5986.2	
825.55	3511.6	
825.72	3964.9	
825.89	6485.9	
826.06	6036.7	
826.24	3852.2	
826.41	3902.7	
826.58	6044.2	
826.75	5236	
826.92	3025.5	
827.1	3371	
827.27	8114.1	
827.44	6435.4	
827.61	3603.1	
827.79	4375.1	
827.96	4762.9	
828.13	5033.2	
828.3	3813.3	
828.47	3163.4	
828.65	5204.6	
828.82	5119.9	
828.99	4901.5	
829.16	4255	
829.34	5623	
829.51	5339.7	
829.68	3926	
829.85	4122.6	
830.02	5851	
830.2	5561.6	
830.37	3074.7	
830.54	4702.8	
830.71	6277.7	
830.88	4956.1	
831.05	3084.2	
831.23	3553.9	
831.4	6042.9	
831.57	6752.2	
831.74	3672	
831.91	3246	
832.09	5235.3	
832.26	5552.7	
832.43	3713.7	
832.6	4225.6	
832.77	5255.8	
832.94	5913.9	
833.12	3007.8	
833.29	3738.9	
833.46	4868.7	
833.63	6956.9	
833.8	4053.6	
833.97	3762.8	
834.15	5555.5	
834.32	5365	
834.49	4006.5	
834.66	3953.3	
834.83	5737	
835	4743.1	
835.17	3692.5	
835.35	3713	
835.52	5515.2	
835.69	5338.4	
835.86	3821.5	
836.03	3223.5	
836.2	5508.4	
836.37	5213.4	
836.55	3764.8	
836.72	3519.8	
836.89	5169.1	
837.06	5603.2	
837.23	3862.5	
837.4	4124.6	
837.57	6287.9	
837.75	6858.6	
837.92	3442	
838.09	3667.2	
838.26	5085.1	
838.43	5827.8	
838.6	3984	
838.77	3536.8	
838.94	6627.2	
839.11	6318	
839.29	3730	
839.46	3056.3	
839.63	5595.1	
839.8	5283.1	
839.97	3588.7	
840.14	3609.2	
840.31	5366.4	
840.48	5542.5	
840.65	3030.3	
840.82	3568.9	
841	5500.2	
841.17	5436.7	
841.34	3386.7	
841.51	3464.5	
841.68	5440.8	
841.85	5211.4	
842.02	3556.6	
842.19	2880.8	
842.36	5288.5	
842.53	5233.2	
842.7	3368.9	
842.87	4057	
843.05	6866.2	
843.22	5227.1	
843.39	3259	
843.56	3464.5	
843.73	5025.7	
843.9	5582.8	
844.07	5419.6	
844.24	4507.6	
844.41	7983.7	
844.58	4815.5	
844.75	3224.2	
844.92	3543	
845.09	5477	
845.26	5472.9	
845.43	3328.6	
845.6	3527.3	
845.77	5564.3	
845.94	5283.8	
846.12	3719.1	
846.29	3936.9	
846.46	5684.5	
846.63	5494.7	
846.8	3393.5	
846.97	3976.5	
847.14	5898.2	
847.31	5446.2	
847.48	3727.3	
847.65	4085.7	
847.82	5717.2	
847.99	5730.9	
848.16	4483.7	
848.33	4140.3	
848.5	5101.5	
848.67	5931.6	
848.84	3334.1	
849.01	3484.3	
849.18	4977.2	
849.35	4629.8	
849.52	4141	
849.69	3302.7	
849.86	5653.8	
850.03	5886.5	
850.2	3405.8	
850.37	4107.5	
850.54	5812.8	
850.71	5205.3	
850.88	4016.7	
851.05	3303.4	
851.22	5427.1	
851.39	5983.5	
851.56	3168.9	
851.73	3803.8	
851.9	4870.1	
852.07	5707	
852.24	3722.5	
852.41	3268.6	
852.58	5367	
852.75	4942.4	
852.92	3766.9	
853.09	3233.7	
853.26	5117.9	
853.43	5920	
853.6	3312.2	
853.77	2902	
853.94	6007.4	
854.11	5500.2	
854.28	4810	
854.44	3599	
854.61	6408.1	
854.78	5779.4	
854.95	3355.3	
855.12	4220.2	
855.29	4466.6	
855.46	6359.6	
855.63	3286.3	
855.8	4619.5	
855.97	5041.4	
856.14	5784.1	
856.31	4659.8	
856.48	3614.7	
856.65	5069.4	
856.82	4774.5	
856.99	3242.6	
857.16	3617.4	
857.33	6640.9	
857.49	5137.7	
857.66	3547.1	
857.83	3835.2	
858	5132.2	
858.17	5352.7	
858.34	3171.6	
858.51	3307.5	
858.68	6156.9	
858.85	6162.3	
859.02	3818.1	
859.19	4103.4	
859.36	4874.8	
859.52	4922.6	
859.69	3352.5	
859.86	3913	
860.03	4886.5	
860.2	6045.6	
860.37	3048.1	
860.54	3383.9	
860.71	5691.3	
860.88	6118.6	
861.05	3745.7	
861.21	4151.2	
861.38	6121.4	
861.55	4771.8	
861.72	3106.8	
861.89	3682.9	
862.06	5759.6	
862.23	6245.6	
862.4	3268.6	
862.56	3482.9	
862.73	5614.2	
862.9	5334.3	
863.07	3890.5	
863.24	3013.9	
863.41	4766.3	
863.58	4852.3	
863.75	3380.5	
863.91	3853.6	
864.08	6071.5	
864.25	5614.8	
864.42	4127.3	
864.59	4597	
864.76	6346	
864.93	4828.4	
865.09	3273.3	
865.26	3492.5	
865.43	5926.1	
865.6	6310.5	
865.77	2920.4	
865.94	3273.3	
866.1	5995.8	
866.27	5763	
866.44	4977.2	
866.61	3162.7	
866.78	5186.8	
866.95	5599.8	
867.11	3227.6	
867.28	2964.1	
867.45	5797.8	
867.62	4921.3	
867.79	3820.1	
867.96	3334.8	
868.12	4834.6	
868.29	5753.4	
868.46	2901.3	
868.63	4396.3	
868.8	5865.4	
868.97	5629.9	
869.13	3486.3	
869.3	3467.2	
869.47	5587.5	
869.64	5752.7	
869.81	3343	
869.97	3340.9	
870.14	5464	
870.31	6108.4	
870.48	3239.2	
870.65	4197	
870.81	5124.7	
870.98	5209.3	
871.15	3715	
871.32	3445.4	
871.48	5532.2	
871.65	6061.3	
871.82	3355.9	
871.99	3656.3	
872.16	6489.3	
872.32	5959.6	
872.49	3363.4	
872.66	3428.3	
872.83	5700.2	
872.99	5036.6	
873.16	3796.9	
873.33	3314.3	
873.5	5314.5	
873.67	5406	
873.83	3457.7	
874	4384.7	
874.17	5498.1	
874.34	6464.8	
874.5	4268	
874.67	4103.4	
874.84	6042.9	
875.01	4784.1	
875.17	4648.9	
875.34	3295.2	
875.51	5377.3	
875.68	6470.2	
875.84	4041.3	
876.01	4845.5	
876.18	5627.1	
876.34	5595.7	
876.51	3323.9	
876.68	3229.6	
876.85	5168.4	
877.01	5995.8	
877.18	4702.1	
877.35	3309.5	
877.52	5310.4	
877.68	4749.2	
877.85	3196.2	
878.02	3295.9	
878.18	5278.3	
878.35	5006.6	
878.52	2670.6	
878.69	3718.4	
878.85	5690.6	
879.02	5605.3	
879.19	4682.3	
879.35	3528.7	
879.52	5572.5	
879.69	5841.5	
879.86	2859	
880.02	3703.4	
880.19	5286.5	
880.36	6311.8	
880.52	3762.8	
880.69	3905.5	
880.86	5696.1	
881.02	5814.9	
881.19	3631.7	
881.36	3618.1	
881.52	5584.8	
881.69	4954.7	
881.86	3570.3	
882.02	3467.9	
882.19	5903.6	
882.36	6834.8	
882.52	3424.9	
882.69	4635.9	
882.86	5453.7	
883.02	5368.4	
883.19	4017.4	
883.36	3767.6	
883.52	5749.3	
883.69	6523.5	
883.86	3361.4	
884.02	3039.2	
884.19	5672.9	
884.36	5272.2	
884.52	3734.8	
884.69	3516.4	
884.86	5044.1	
885.02	6201.2	
885.19	3661.8	
885.36	3808.5	
885.52	5322.7	
885.69	5432.6	
885.86	4788.8	
886.02	4227	
886.19	5701.5	
886.35	5136.3	
886.52	3687	
886.69	4555.4	
886.85	4865.3	
887.02	6087.9	
887.19	6087.9	
887.35	6087.9	
887.52	6087.9	
887.68	6087.9	
887.85	6087.9	
888.02	6087.9	
888.18	6087.9	
888.35	6087.9	
888.51	6087.9	
888.68	6087.9	
888.85	6087.9	
889.01	6087.9	
889.18	6087.9	
889.35	6087.9	
889.51	6087.9	
889.68	6087.9	
889.84	6087.9	
890.01	6087.9	
890.17	6087.9	
890.34	6087.9	
890.51	6087.9	
890.67	6087.9	
890.84	6087.9	
891	6087.9	
891.17	6087.9	
891.34	6087.9	
891.5	6087.9	
891.67	6087.9	
891.83	6087.9	
892	6087.9	
892.16	6087.9	
892.33	6087.9	
892.5	6087.9	
892.66	6087.9	
892.83	6087.9	
892.99	6087.9	
893.16	6087.9	
893.32	6087.9	
893.49	6087.9	
893.65	6087.9	
893.82	6087.9	
893.99	6087.9	
894.15	6087.9	
894.32	6087.9	
894.48	6087.9	
894.65	6087.9	
894.81	6087.9	
894.98	6087.9	
895.14	6087.9	
895.31	6087.9	
895.47	6087.9	
895.64	6087.9	
895.81	6087.9	
895.97	6087.9	
896.14	6087.9	
896.3	6087.9	
896.47	6087.9	
896.63	6087.9	
896.8	6087.9	
896.96	6087.9	
897.13	6087.9	
897.29	6087.9	
897.46	6087.9	
897.62	6087.9	
897.79	6087.9	
897.95	6087.9	
898.12	6087.9	
898.28	6087.9	
898.45	6087.9	
898.61	6087.9	
898.78	6087.9	
898.94	6087.9	
899.11	6087.9	
899.27	6087.9	
899.44	6087.9	
899.6	6087.9	
899.77	6087.9	
899.93	6087.9	
900.1	6087.9	
900.26	6087.9	
900.43	6087.9	
900.59	6087.9	
900.76	6087.9	
900.92	6087.9	
901.09	6087.9	
901.25	6087.9	
901.42	6087.9	
901.58	6087.9	
901.75	6087.9	
901.91	6087.9	
902.07	6087.9	
902.24	6087.9	
902.4	6087.9	
902.57	6087.9	
902.73	6087.9	
902.9	6087.9	
903.06	6087.9	
903.23	6087.9	
903.39	6087.9	
903.56	6087.9	
903.72	6087.9	
903.88	6087.9	
904.05	6087.9	
904.21	6087.9	
904.38	6087.9	
904.54	6087.9	
904.71	6087.9	
904.87	6087.9	
905.03	6087.9	
905.2	6087.9	
905.36	6087.9	
905.53	6087.9	
905.69	6087.9	
905.86	6087.9	
906.02	6087.9	
906.18	6087.9	
906.35	6087.9	
906.51	6087.9	
906.68	6087.9	
906.84	6087.9	
907.01	6087.9	
907.17	6087.9	
907.33	6087.9	
907.5	6087.9	
907.66	6087.9	
907.83	6087.9	
907.99	6087.9	
908.15	6087.9	
908.32	6087.9	
908.48	6087.9	
908.65	6087.9	
908.81	6087.9	
908.97	6087.9	
909.14	6087.9	
909.3	6087.9	
909.47	6087.9	
909.63	6087.9	
909.79	6087.9	
909.96	6087.9	
910.12	6087.9	
910.28	6087.9	
910.45	6087.9	
910.61	6087.9	
910.78	6087.9	
910.94	6087.9	
911.1	6087.9	
911.27	6087.9	
911.43	6087.9	
911.59	6087.9	
911.76	6087.9	
911.92	6087.9	
912.08	6087.9	
912.25	6087.9	
912.41	6087.9	
912.57	6087.9	
912.74	6087.9	
912.9	6087.9	
913.07	6087.9	
913.23	6087.9	
913.39	6087.9	
913.56	6087.9	
913.72	6087.9	
913.88	6087.9	
914.05	6087.9	
914.21	6087.9	
914.37	6087.9	
914.54	6087.9	
914.7	6087.9	
914.86	6087.9	
915.03	6087.9	
915.19	6087.9	
