Wavelength	Intensities	
nm	a.u.	
179.22	1776.8	
179.44	1774.6	
179.65	1779	
179.86	1770.1	
180.08	1769.4	
180.29	4313.7	
180.51	3211.9	
180.72	5248.3	
180.94	6026.5	
181.15	2938.2	
181.37	2930.6	
181.58	5099.4	
181.79	5345.2	
182.01	3081.5	
182.22	3317	
182.44	5344.5	
182.65	4622.9	
182.87	4044.7	
183.08	3593.5	
183.29	5557.5	
183.51	4664.6	
183.72	3264.5	
183.94	4707.6	
184.15	5066.7	
184.37	5027.8	
184.58	2861	
184.79	3855	
185.01	4641.4	
185.22	5356.1	
185.44	4033.8	
185.65	3494.5	
185.86	4976.6	
186.08	4571.1	
186.29	2823.5	
186.51	3107.5	
186.72	4724.7	
186.94	5480.4	
187.15	3501.3	
187.36	3566.2	
187.58	7041.6	
187.79	5117.9	
188.01	3674.1	
188.22	5610.1	
188.43	6067.4	
188.65	5310.4	
188.86	3028.9	
189.08	3596.2	
189.29	4852.3	
189.5	4866	
189.72	3304.1	
189.93	3442.6	
190.15	5478.3	
190.36	6470.2	
190.57	3661.1	
190.79	3525.9	
191	5566.4	
191.22	5552.7	
191.43	3688.4	
191.64	3083.6	
191.86	5729.5	
192.07	5481.7	
192.29	3207.8	
192.5	3316.3	
192.71	5539.8	
192.93	4812.7	
193.14	3340.9	
193.35	3405.8	
193.57	4857.1	
193.78	5481.7	
194	2749.1	
194.21	3259	
194.42	4664.6	
194.64	5029.8	
194.85	3586	
195.07	4129.4	
195.28	5000.5	
195.49	4443.4	
195.71	4386.7	
195.92	3139.5	
196.13	5201.8	
196.35	5288.5	
196.56	4581.3	
196.78	3582.6	
196.99	6460.7	
197.2	5969.1	
197.42	3581.9	
197.63	3591.5	
197.84	4552	
198.06	5186.1	
198.27	3364.8	
198.48	4377.9	
198.7	4816.8	
198.91	4997.7	
199.13	3616	
199.34	3624.9	
199.55	5466	
199.77	4384.7	
199.98	3198.9	
200.19	3734.1	
200.41	4934.9	
200.62	4696	
200.83	3773	
201.05	4068.6	
201.26	5022.3	
201.47	4735.6	
201.69	3225.6	
201.9	3108.1	
202.11	5035.3	
202.33	5839.4	
202.54	3463.1	
202.76	3822.9	
202.97	5113.1	
203.18	5135.6	
203.4	3740.3	
203.61	3691.1	
203.82	5046.9	
204.04	4821.6	
204.25	3656.3	
204.46	3592.1	
204.68	5005.9	
204.89	5247.6	
205.1	3529.3	
205.32	3110.9	
205.53	5322.7	
205.74	5504.3	
205.96	2668.5	
206.17	3652.9	
206.38	5285.8	
206.6	5455.1	
206.81	4114.4	
207.02	3375.7	
207.24	5255.1	
207.45	5558.2	
207.66	3409.2	
207.88	3027.6	
208.09	5233.2	
208.3	5037.3	
208.52	3192.1	
208.73	3561.4	
208.94	5068	
209.15	5618.9	
209.37	3448.8	
209.58	3605.8	
209.79	5502.9	
210.01	4869.4	
210.22	2792.1	
210.43	2953.9	
210.65	5001.8	
210.86	5360.2	
211.07	3476.8	
211.29	3192.1	
211.5	5297.4	
211.71	4977.9	
211.93	3167.5	
212.14	3182.5	
212.35	4934.2	
212.56	5158.2	
212.78	3619.4	
212.99	2988	
213.2	5905	
213.42	4829.8	
213.63	3282.9	
213.84	3506.8	
214.06	4517.1	
214.27	4546.5	
214.48	3472.7	
214.69	3674.1	
214.91	5578	
215.12	5704.3	
215.33	3751.2	
215.55	4092.5	
215.76	6108.4	
215.97	5334.3	
216.18	3528.7	
216.4	3514.3	
216.61	4732.2	
216.82	5470.1	
217.04	3201	
217.25	3311.6	
217.46	5588.2	
217.67	5319.9	
217.89	2939.5	
218.1	2983.2	
218.31	5083.1	
218.53	5226.4	
218.74	3379.8	
218.95	3259.7	
219.16	5001.1	
219.38	5807.4	
219.59	3226.2	
219.8	3871.3	
220.01	6352.8	
220.23	5023	
220.44	4160.1	
220.65	3196.9	
220.87	5081.7	
221.08	5584.1	
221.29	3031.7	
221.5	3893.9	
221.72	6629.3	
221.93	4755.4	
222.14	3667.2	
222.35	4315.1	
222.57	5008	
222.78	5393.7	
222.99	3437.9	
223.2	3758.7	
223.42	5304.9	
223.63	5382.7	
223.84	2757.9	
224.05	2732.7	
224.27	6271.6	
224.48	5811.5	
224.69	4276.2	
224.9	3654.9	
225.12	5233.9	
225.33	5021.6	
225.54	2938.2	
225.75	3332	
225.97	4665.3	
226.18	4958.1	
226.39	3495.2	
226.6	3269.2	
226.82	4814.1	
227.03	4668	
227.24	3607.2	
227.45	3065.8	
227.67	5359.5	
227.88	5771.9	
228.09	4027.7	
228.3	4003.1	
228.52	5354.1	
228.73	4944.5	
228.94	3347.7	
229.15	3043.3	
229.36	4998.4	
229.58	4892.6	
229.79	3463.1	
230	3942.3	
230.21	5905	
230.43	5106.3	
230.64	3620.8	
230.85	3731.4	
231.06	5438.7	
231.28	5393	
231.49	3005.1	
231.7	3506.1	
231.91	5337	
232.12	5065.3	
232.34	3124.5	
232.55	3437.9	
232.76	5563	
232.97	5098.1	
233.18	3177.8	
233.4	3619.4	
233.61	5178.6	
233.82	4823	
234.03	3405.8	
234.25	3312.2	
234.46	6749.4	
234.67	5043.5	
234.88	3672	
235.09	3272.7	
235.31	5283.8	
235.52	4891.9	
235.73	3539.6	
235.94	3099.9	
236.15	4791.6	
236.37	6028.5	
236.58	3185.3	
236.79	3497.9	
237	5255.1	
237.21	4588.8	
237.43	3740.3	
237.64	2981.8	
237.85	8674.5	
238.06	4674.8	
238.27	3737.5	
238.48	3080.1	
238.7	5339.7	
238.91	4887.8	
239.12	3426.9	
239.33	3517.7	
239.54	4678.9	
239.76	4917.2	
239.97	3437.9	
240.18	3484.3	
240.39	6131.6	
240.6	5234.6	
240.82	3594.9	
241.03	3013.9	
241.24	4975.9	
241.45	5726.8	
241.66	3186	
241.87	3723.2	
242.09	5636	
242.3	5962.3	
242.51	3822.2	
242.72	3480.2	
242.93	5369.1	
243.14	5003.2	
243.36	3992.2	
243.57	4345.8	
243.78	5696.8	
243.99	5311.1	
244.2	3494.5	
244.41	3156.6	
244.63	4627	
244.84	5231.2	
245.05	3710.9	
245.26	3449.5	
245.47	5309.7	
245.68	5468.1	
245.9	4535.6	
246.11	3653.6	
246.32	4851	
246.53	5238.7	
246.74	5586.9	
246.95	2988	
247.16	4609.3	
247.38	4987.5	
247.59	2925.9	
247.8	3544.4	
248.01	4698	
248.22	4992.3	
248.43	3186.6	
248.64	3399.6	
248.86	4530.1	
249.07	4844.1	
249.28	3115.6	
249.49	3586.7	
249.7	5517.9	
249.91	5572.5	
250.12	2922.5	
250.34	3024.8	
250.55	5115.8	
250.76	5068.7	
250.97	3597.6	
251.18	3604.4	
251.39	5663.3	
251.6	5159.5	
251.81	3667.2	
252.03	3667.9	
252.24	4838	
252.45	5412.1	
252.66	3017.3	
252.87	3857.7	
253.08	5055.1	
253.29	6415.6	
253.5	3123.2	
253.72	4220.2	
253.93	4898.7	
254.14	5874.3	
254.35	3341.6	
254.56	3420.8	
254.77	5231.9	
254.98	4715.8	
255.19	3338.9	
255.41	4126.7	
255.62	5125.4	
255.83	5615.5	
256.04	3754.6	
256.25	3657	
256.46	6139.1	
256.67	4769.7	
256.88	3609.2	
257.09	3924.6	
257.31	4723.3	
257.52	4801.8	
257.73	4390.2	
257.94	3381.9	
258.15	4947.9	
258.36	4981.3	
258.57	4121.9	
258.78	2651.4	
258.99	5414.8	
259.2	4889.9	
259.41	3353.2	
259.63	3458.3	
259.84	5712.5	
260.05	6143.2	
260.26	4274.8	
260.47	3231.7	
260.68	5517.2	
260.89	4954	
261.1	4002.4	
261.31	3153.9	
261.52	5489.2	
261.73	5821	
261.95	4313.7	
262.16	3734.1	
262.37	5610.1	
262.58	5743.2	
262.79	4252.3	
263	3400.3	
263.21	5021.6	
263.42	4979.3	
263.63	3409.2	
263.84	3331.4	
264.05	5504.3	
264.26	5833.3	
264.47	4108.9	
264.69	3712.3	
264.9	5657.2	
265.11	5227.8	
265.32	3198.2	
265.53	3295.2	
265.74	5126.7	
265.95	4558.8	
266.16	3581.9	
266.37	3857	
266.58	5127.4	
266.79	4890.5	
267	3323.2	
267.21	3099.3	
267.42	4616.8	
267.63	5038	
267.84	3453.6	
268.06	3067.9	
268.27	5437.4	
268.48	5637.4	
268.69	3428.3	
268.9	4033.8	
269.11	5611.4	
269.32	4562.9	
269.53	3483.6	
269.74	3256.3	
269.95	5279.7	
270.16	4500.8	
270.37	3517	
270.58	4016.1	
270.79	4866	
271	5437.4	
271.21	3682.9	
271.42	3511.6	
271.63	5177.9	
271.84	4692.6	
272.05	2805	
272.26	3132.7	
272.47	5087.8	
272.68	5182	
272.89	3335.5	
273.11	3834.5	
273.32	4814.8	
273.53	5765.7	
273.74	3770.3	
273.95	3674.7	
274.16	5527.5	
274.37	5052.3	
274.58	3792.2	
274.79	3082.9	
275	5227.1	
275.21	5640.1	
275.42	4566.3	
275.63	3933.5	
275.84	5248.9	
276.05	6511.2	
276.26	3670	
276.47	3485	
276.68	4927.4	
276.89	5928.9	
277.1	3944.4	
277.31	3115	
277.52	5224.4	
277.73	5412.8	
277.94	3044.6	
278.15	3360.7	
278.36	5225.7	
278.57	4726	
278.78	3394.8	
278.99	3754.6	
279.2	4790.2	
279.41	4704.2	
279.62	4369.7	
279.83	3151.1	
280.04	6077	
280.25	4670.1	
280.46	4343.1	
280.67	3454.9	
280.88	4758.8	
281.09	5636	
281.3	3680.9	
281.51	4539	
281.72	4822.3	
281.93	5498.1	
282.14	3267.2	
282.35	3543	
282.56	5478.3	
282.77	5402.5	
282.98	3444	
283.19	4095.3	
283.4	6557.6	
283.61	4973.2	
283.82	3123.2	
284.03	4263.2	
284.24	5145.2	
284.45	5584.1	
284.66	4292.5	
284.87	4077.5	
285.08	5539.8	
285.29	5601.9	
285.5	2981.2	
285.71	3384.6	
285.92	5515.9	
286.12	6141.9	
286.33	4253.6	
286.54	3414	
286.75	5403.9	
286.96	4919.9	
287.17	3138.2	
287.38	4201.1	
287.59	4769.7	
287.8	4668	
288.01	3480.2	
288.22	3957.4	
288.43	5416.2	
288.64	4637.3	
288.85	4035.9	
289.06	3853.6	
289.27	5430.5	
289.48	5780.7	
289.69	4350.6	
289.9	3912.3	
290.11	5631.2	
290.32	4823	
290.53	4046.8	
290.74	3775.1	
290.94	5438	
291.15	5567.1	
291.36	3256.3	
291.57	3876.8	
291.78	4831.8	
291.99	4560.1	
292.2	3203.7	
292.41	3824.2	
292.62	5509.7	
292.83	5337	
293.04	4623.6	
293.25	3219.4	
293.46	4919.9	
293.67	5479	
293.88	3240.6	
294.09	3218.7	
294.29	4679.6	
294.5	5162.9	
294.71	3529.3	
294.92	3396.2	
295.13	4904.2	
295.34	5991.7	
295.55	2949.8	
295.76	3097.9	
295.97	5434.6	
296.18	6006.7	
296.39	3097.2	
296.6	3244.7	
296.81	5066	
297.01	5350	
297.22	3412.6	
297.43	3248.1	
297.64	4783.4	
297.85	4728.8	
298.06	2759.3	
298.27	3000.3	
298.48	5038	
298.69	4790.2	
298.9	3559.4	
299.11	3212.6	
299.31	4645.5	
299.52	4675.5	
299.73	3774.4	
299.94	3735.5	
300.15	5023	
300.36	4715.1	
300.57	3702.7	
300.78	3706.1	
300.99	4903.5	
301.2	5091.9	
301.4	3244.7	
301.61	3523.9	
301.82	5353.4	
302.03	5444.9	
302.24	3941	
302.45	3184.6	
302.66	5301.5	
302.87	5683.1	
303.08	3313.6	
303.29	4464.6	
303.49	4898.7	
303.7	5021.6	
303.91	2949.8	
304.12	4263.2	
304.33	4584.7	
304.54	5131.5	
304.75	3332	
304.96	3191.4	
305.16	5264	
305.37	5893.4	
305.58	2945	
305.79	2979.8	
306	5356.8	
306.21	4479.6	
306.42	3334.1	
306.63	4970.4	
306.83	4959.5	
307.04	5492	
307.25	3595.6	
307.46	3562.8	
307.67	4406.5	
307.88	5401.2	
308.09	3280.2	
308.29	3324.5	
308.5	5110.4	
308.71	5575.9	
308.92	3528.7	
309.13	3200.3	
309.34	4963.6	
309.55	4974.5	
309.75	4078.2	
309.96	3710.9	
310.17	5436.7	
310.38	4801.8	
310.59	3826.3	
310.8	3110.2	
311.01	4846.2	
311.21	4910.3	
311.42	3156.6	
311.63	3236.5	
311.84	4843.4	
312.05	5120.6	
312.26	3600.3	
312.46	4018.8	
312.67	4884.4	
312.88	4630.5	
313.09	3159.3	
313.3	3125.2	
313.51	5720	
313.71	5980.8	
313.92	3186	
314.13	3364.8	
314.34	5297.4	
314.55	4988.2	
314.76	3973.1	
314.96	3534.8	
315.17	5156.1	
315.38	5319.3	
315.59	3216.7	
315.8	3011.9	
316.01	5769.8	
316.21	5810.8	
316.42	3118.4	
316.63	3562.8	
316.84	4927.4	
317.05	5634.6	
317.26	3736.2	
317.46	3348.4	
317.67	4980	
317.88	5388.2	
318.09	4037.2	
318.3	2998.2	
318.5	4823	
318.71	5307.7	
318.92	5075.5	
319.13	3719.1	
319.34	5498.8	
319.54	5646.2	
319.75	3005.1	
319.96	2837.1	
320.17	5401.9	
320.38	5494.7	
320.58	2915.6	
320.79	3454.2	
321	5552.7	
321.21	5600.5	
321.42	3551.2	
321.62	2935.4	
321.83	4802.5	
322.04	5094	
322.25	3347.1	
322.46	3243.3	
322.66	5123.3	
322.87	5328.1	
323.08	3850.9	
323.29	3110.2	
323.5	5938.4	
323.7	4650.9	
323.91	4296	
324.12	3885	
324.33	5169.8	
324.53	5311.7	
324.74	3758	
324.95	3938.9	
325.16	4546.5	
325.37	4911.7	
325.57	3202.3	
325.78	3236.5	
325.99	5175.9	
326.2	4567.7	
326.4	4509.6	
326.61	2935.4	
326.82	5036.6	
327.03	5142.4	
327.24	4519.9	
327.44	4205.2	
327.65	5275.6	
327.86	4352.6	
328.07	3747.1	
328.27	3051.5	
328.48	5601.2	
328.69	4715.1	
328.9	4504.8	
329.1	3432.4	
329.31	4981.3	
329.52	5700.9	
329.73	3213.3	
329.93	3578.5	
330.14	5057.1	
330.35	5233.9	
330.56	5117.2	
330.76	3820.8	
330.97	4922	
331.18	5162.9	
331.39	3519.1	
331.59	2940.9	
331.8	5583.4	
332.01	5700.9	
332.22	3308.2	
332.42	3723.9	
332.63	5128.1	
332.84	4754	
333.05	3544.4	
333.25	3254.9	
333.46	4857.1	
333.67	5070.8	
333.88	3321.1	
334.08	3642.7	
334.29	6612.2	
334.5	5584.8	
334.7	3116.3	
334.91	4415.4	
335.12	4665.3	
335.33	5387.5	
335.53	3471.3	
335.74	5024.3	
335.95	4864.6	
336.16	4694.6	
336.36	3544.4	
336.57	4059.1	
336.78	4610.7	
336.98	5576.6	
337.19	4294.6	
337.4	3446.7	
337.61	5975.3	
337.81	4659.1	
338.02	3300.6	
338.23	4093.2	
338.43	5681.1	
338.64	4757.4	
338.85	3206.4	
339.05	4126	
339.26	5748.6	
339.47	4534.9	
339.68	3217.4	
339.88	4661.9	
340.09	5313.8	
340.3	5471.5	
340.5	3692.5	
340.71	2923.8	
340.92	4614.1	
341.13	5663.3	
341.33	3097.9	
341.54	3736.2	
341.75	5257.1	
341.95	4928.8	
342.16	3645.4	
342.37	3829.7	
342.57	4707.6	
342.78	4981.3	
342.99	3996.3	
343.19	2914.9	
343.4	5412.8	
343.61	5293.3	
343.81	3468.6	
344.02	3145.7	
344.23	5436	
344.43	5706.3	
344.64	3989.4	
344.85	3855	
345.06	5317.2	
345.26	5572.5	
345.47	3657.7	
345.68	4276.8	
345.88	4548.5	
346.09	5488.6	
346.3	3752.6	
346.5	2882.9	
346.71	4997.7	
346.92	4812	
347.12	3050.8	
347.33	3706.8	
347.54	5588.9	
347.74	5858.6	
347.95	3627.6	
348.16	2792.1	
348.36	4885.8	
348.57	4705.5	
348.78	3648.1	
348.98	3937.6	
349.19	4962.9	
349.39	4631.1	
349.6	3016	
349.81	3320.4	
350.01	5262.6	
350.22	4853	
350.43	3571	
350.63	4192.9	
350.84	5139.7	
351.05	4909.7	
351.25	3260.4	
351.46	2952.5	
351.67	5585.5	
351.87	4715.8	
352.08	3455.6	
352.29	3908.2	
352.49	5452.4	
352.7	5532.2	
352.9	3166.8	
353.11	3872.7	
353.32	6088.6	
353.52	4942.4	
353.73	3145	
353.94	3989.4	
354.14	5380.7	
354.35	5167.7	
354.55	3252.9	
354.76	3616.7	
354.97	5311.7	
355.17	5075.5	
355.38	3064.4	
355.59	4158.1	
355.79	4821.6	
356	5179.3	
356.2	3591.5	
356.41	3148.4	
356.62	4682.3	
356.82	5048.2	
357.03	3912.3	
357.24	3437.9	
357.44	4818.2	
357.65	4962.9	
357.85	4493.2	
358.06	3650.2	
358.27	4640	
358.47	4793.6	
358.68	3080.1	
358.88	3808.5	
359.09	5353.4	
359.3	5657.9	
359.5	4464.6	
359.71	3977.2	
359.91	5956.2	
360.12	5458.5	
360.33	3870.7	
360.53	4258.4	
360.74	4885.1	
360.94	4937.7	
361.15	4023.6	
361.36	3407.8	
361.56	5644.2	
361.77	5147.9	
361.97	4437.3	
362.18	3588	
362.38	5586.9	
362.59	4739.7	
362.8	3302	
363	3183.2	
363.21	4638	
363.41	5196.4	
363.62	3771	
363.83	4660.5	
364.03	5305.6	
364.24	6145.3	
364.44	4674.8	
364.65	4658.4	
364.85	5072.8	
365.06	4762.2	
365.27	3521.8	
365.47	3502	
365.68	5947.3	
365.88	5081	
366.09	3826.3	
366.29	3563.5	
366.5	5345.9	
366.71	5675.6	
366.91	4672.1	
367.12	4048.2	
367.32	6232.7	
367.53	5564.3	
367.73	3986.7	
367.94	4883	
368.14	5558.2	
368.35	6269.5	
368.56	3967.6	
368.76	3433.8	
368.97	5655.1	
369.17	7003.4	
369.38	3499.3	
369.58	3702	
369.79	4794.3	
369.99	5971.9	
370.2	4606.6	
370.4	3859.7	
370.61	5365.7	
370.82	6469.5	
371.02	3770.3	
371.23	3160.7	
371.43	4685.1	
371.64	5935.7	
371.84	3839.3	
372.05	4867.3	
372.25	6952.2	
372.46	5636	
372.66	3860.4	
372.87	3794.2	
373.07	5747.3	
373.28	7115.3	
373.48	4712.4	
373.69	4502.1	
373.9	5322.7	
374.1	5334.3	
374.31	4658.4	
374.51	4225	
374.72	6010.8	
374.92	5039.4	
375.13	4846.9	
375.33	4136.2	
375.54	5688.6	
375.74	5205.3	
375.95	4232.5	
376.15	5331.5	
376.36	5687.2	
376.56	5560.2	
376.77	4300.1	
376.97	4650.3	
377.18	6668.2	
377.38	5834.7	
377.59	4997.7	
377.79	3916.4	
378	5698.8	
378.2	6014.2	
378.41	3998.3	
378.61	3853.6	
378.82	6080.4	
379.02	5300.1	
379.23	4158.1	
379.43	5079.6	
379.64	6165.1	
379.84	5765.7	
380.05	3979.9	
380.25	3855.6	
380.46	5880.4	
380.66	5556.1	
380.87	5126.7	
381.07	5436	
381.28	6449.1	
381.48	5938.4	
381.69	3900.7	
381.89	3958	
382.1	5001.8	
382.3	6040.1	
382.51	4881.7	
382.71	5670.1	
382.91	5858.6	
383.12	6393.1	
383.32	4300.1	
383.53	4465.9	
383.73	5759.6	
383.94	5599.1	
384.14	4459.8	
384.35	3603.1	
384.55	5498.1	
384.76	5866.7	
384.96	4244.8	
385.17	4478.2	
385.37	5819	
385.58	5221	
385.78	4505.5	
385.98	3502	
386.19	5583.4	
386.39	5763.7	
386.6	4102.8	
386.8	4284.4	
387.01	5820.3	
387.21	5895.4	
387.42	4633.9	
387.62	5083.7	
387.83	5302.2	
388.03	5776.6	
388.23	4271.4	
388.44	5079	
388.64	5120.6	
388.85	5208	
389.05	4728.1	
389.26	5201.2	
389.46	6867.5	
389.67	6358.9	
389.87	4633.2	
390.07	4721.9	
390.28	5606.7	
390.48	5221	
390.69	4009.9	
390.89	4247.5	
391.1	5416.9	
391.3	6298.2	
391.5	5316.5	
391.71	5808	
391.91	6060.6	
392.12	6834.8	
392.32	5309.7	
392.53	4846.2	
392.73	5488.6	
392.93	5626.5	
393.14	4381.3	
393.34	5104.9	
393.55	6148.7	
393.75	5550	
393.95	4375.8	
394.16	4320.5	
394.36	5446.2	
394.57	5973.9	
394.77	3916.4	
394.98	4322.6	
395.18	5404.6	
395.38	5627.8	
395.59	5150.6	
395.79	4242	
396	5631.2	
396.2	6038.1	
396.4	4960.2	
396.61	4887.8	
396.81	6162.3	
397.02	5546.6	
397.22	5237.3	
397.42	5198.4	
397.63	6186.2	
397.83	5508.4	
398.04	4223.6	
398.24	4707.6	
398.44	6012.2	
398.65	5177.3	
398.85	4100	
399.05	4169	
399.26	5520.6	
399.46	6977.4	
399.67	4480.3	
399.87	4349.2	
400.07	5906.3	
400.28	6142.5	
400.48	4403.1	
400.69	5334.3	
400.89	6371.2	
401.09	6781.5	
401.3	4344.4	
401.5	5316.5	
401.7	7001.3	
401.91	7157.7	
402.11	4682.3	
402.32	4891.2	
402.52	6417	
402.72	6254.5	
402.93	5004.6	
403.13	3951.9	
403.33	6953.5	
403.54	5844.9	
403.74	4558.8	
403.94	5348.6	
404.15	5928.9	
404.35	6961	
404.56	4459.1	
404.76	6127.5	
404.96	6397.2	
405.17	6197.8	
405.37	5598.5	
405.57	5044.1	
405.78	6466.8	
405.98	5895.4	
406.18	4677.6	
406.39	5373.9	
406.59	6304.3	
406.79	5976	
407	4302.8	
407.2	4371	
407.4	6371.9	
407.61	6551.5	
407.81	4550.6	
408.01	6440.9	
408.22	5629.9	
408.42	7353.6	
408.62	5573.2	
408.83	5165.7	
409.03	6262	
409.23	6094.1	
409.44	5271.5	
409.64	5482.4	
409.84	7133.1	
410.05	6908.5	
410.25	5393	
410.45	5177.9	
410.66	6693.4	
410.86	8714.8	
411.06	5720.7	
411.27	5539.8	
411.47	8643.1	
411.67	6854.6	
411.88	5771.2	
412.08	6090.7	
412.28	7430.7	
412.49	7843	
412.69	5670.8	
412.89	5666	
413.09	7717.4	
413.3	7682.6	
413.5	5734.3	
413.7	5520	
413.91	7000	
414.11	7794.6	
414.31	5712.5	
414.52	6055.2	
414.72	7493.5	
414.92	7416.4	
415.12	5673.6	
415.33	6144.6	
415.53	7808.9	
415.73	7961.1	
415.94	6439.5	
416.14	5940.5	
416.34	7000.6	
416.55	6730.3	
416.75	7001.3	
416.95	6534.4	
417.15	7855.3	
417.36	8418.5	
417.56	7193.1	
417.76	6376.7	
417.97	8154.3	
418.17	7972.1	
418.37	6088.6	
418.57	6131.6	
418.78	7733.1	
418.98	7378.8	
419.18	6815	
419.38	6693.4	
419.59	7351.5	
419.79	7025.9	
419.99	5943.2	
420.2	6223.8	
420.4	7949.5	
420.6	7959.1	
420.8	5902.2	
421.01	5781.4	
421.21	7780.2	
421.41	7878.5	
421.61	6214.9	
421.82	6032.6	
422.02	7366.5	
422.22	8041	
422.42	6679.8	
422.63	6305	
422.83	7397.9	
423.03	8383.7	
423.23	6346	
423.44	5390.3	
423.64	7412.3	
423.84	7083.2	
424.04	5845.6	
424.25	5507	
424.45	8171.4	
424.65	8121.6	
424.85	5311.7	
425.06	5849.7	
425.26	8243.8	
425.46	7253.9	
425.66	6310.5	
425.87	5986.2	
426.07	7951.6	
426.27	7748.8	
426.47	6171.9	
426.67	5513.1	
426.88	8151.6	
427.08	7666.9	
427.28	6408.8	
427.48	5391.6	
427.69	6719.4	
427.89	7326.3	
428.09	6252.4	
428.29	5521.3	
428.5	7976.2	
428.7	7525.6	
428.9	5481.7	
429.1	5965.1	
429.3	7405.5	
429.51	7838.3	
429.71	5791.7	
429.91	6438.8	
430.11	7783.6	
430.31	7931.8	
430.52	6014.2	
430.72	6247	
430.92	8277.2	
431.12	7771.4	
431.32	5730.9	
431.53	6092.7	
431.73	6817.7	
431.93	8313.4	
432.13	5691.3	
432.33	5610.8	
432.54	7339.2	
432.74	7637.6	
432.94	5593.7	
433.14	6459.3	
433.34	7785.7	
433.55	7422.5	
433.75	6510.5	
433.95	7965.9	
434.15	7626.6	
434.35	7451.9	
434.56	5791.7	
434.76	5451.7	
434.96	7586.4	
435.16	7957.7	
435.36	5742.5	
435.56	6720.8	
435.77	7378.1	
435.97	7610.9	
436.17	7351.5	
436.37	6666.1	
436.57	7372.7	
436.78	7354.9	
436.98	6556.2	
437.18	7073	
437.38	8021.2	
437.58	7463.5	
437.78	7197.2	
437.99	6056.5	
438.19	7854.6	
438.39	9110.7	
438.59	5981.4	
438.79	5451	
438.99	8460.2	
439.2	7415.7	
439.4	5536.3	
439.6	5601.9	
439.8	7761.8	
440	8785.8	
440.2	6666.8	
440.4	6785.6	
440.61	8299.7	
440.81	8617.9	
441.01	5943.9	
441.21	6739.9	
441.41	8638.3	
441.61	8141.4	
441.81	7014.3	
442.02	7828.7	
442.22	8945.5	
442.42	8256.7	
442.62	6093.4	
442.82	6006	
443.02	8661.5	
443.22	7927.7	
443.43	6497.5	
443.63	6113.2	
443.83	7686	
444.03	7688.1	
444.23	7217	
444.43	6884.6	
444.63	8062.2	
444.83	9010.4	
445.04	6263.4	
445.24	7350.2	
445.44	8275.8	
445.64	8305.2	
445.84	6791.1	
446.04	6840.9	
446.24	7638.9	
446.44	8665.6	
446.65	6059.9	
446.85	6556.9	
447.05	7942.7	
447.25	8564.6	
447.45	6568.5	
447.65	6016.9	
447.85	8015.7	
448.05	7614.3	
448.25	6855.9	
448.46	6724.2	
448.66	8018.5	
448.86	7705.8	
449.06	5933.6	
449.26	7032.7	
449.46	8295.6	
449.66	7374.7	
449.86	6543.3	
450.06	6524.1	
450.26	7764.5	
450.47	8147.5	
450.67	6683.2	
450.87	6987	
451.07	8273.1	
451.27	8060.1	
451.47	6081.1	
451.67	6634.1	
451.87	7806.9	
452.07	8750.3	
452.27	6334.4	
452.47	6309.1	
452.67	7896.3	
452.88	8467.7	
453.08	5751.4	
453.28	7494.2	
453.48	9158.5	
453.68	7948.2	
453.88	6332.3	
454.08	6470.2	
454.28	8333.9	
454.48	8172.8	
454.68	6954.2	
454.88	7387.7	
455.08	8511.4	
455.28	8292.2	
455.48	6158.9	
455.68	6776	
455.89	8991.9	
456.09	8649.3	
456.29	6550.1	
456.49	6635.4	
456.69	8894.3	
456.89	8150.2	
457.09	6961	
457.29	7366.5	
457.49	8598.1	
457.69	8694.3	
457.89	7037.5	
458.09	6432.7	
458.29	8434.2	
458.49	9054.8	
458.69	7382.9	
458.89	6901	
459.09	9339.4	
459.29	9357.2	
459.49	6867.5	
459.69	7577.5	
459.9	8751.7	
460.1	8488.1	
460.3	6705.7	
460.5	6705.7	
460.7	8830.2	
460.9	8570.7	
461.1	6473.6	
461.3	7677.2	
461.5	9462.3	
461.7	9097.1	
461.9	6831.3	
462.1	7262.1	
462.3	8734.6	
462.5	9282.1	
462.7	6921.5	
462.9	7055.9	
463.1	10135	
463.3	9923.1	
463.5	7259.4	
463.7	8123.6	
463.9	9086.8	
464.1	9348.3	
464.3	7551.5	
464.5	7577.5	
464.7	9510.8	
464.9	9407.7	
465.1	8862.9	
465.3	7965.2	
465.5	9851.4	
465.7	9902.6	
465.9	8215.1	
466.1	7913.4	
466.3	9870.5	
466.5	9567.4	
466.7	8916.2	
466.9	7831.4	
467.1	9605	
467.3	10292	
467.5	8886.8	
467.7	7968	
467.9	10661	
468.1	11385	
468.3	8525.7	
468.5	8987.9	
468.7	9636.4	
468.9	9506	
469.1	8149.6	
469.3	8798.8	
469.5	11325	
469.7	9328.5	
469.9	8524.3	
470.1	8047.2	
470.3	9649.3	
470.5	9699.2	
470.7	8987.2	
470.9	7976.2	
471.1	9452.7	
471.3	9763.3	
471.5	7897.7	
471.69	9523.7	
471.89	9376.3	
472.09	8985.8	
472.29	8625.4	
472.49	8764.6	
472.69	9030.2	
472.89	9729.2	
473.09	7754.3	
473.29	7804.8	
473.49	9233.6	
473.69	9254.8	
473.89	8594.6	
474.09	7976.2	
474.29	10514	
474.49	10127	
474.69	8632.9	
474.89	8085.4	
475.09	9291	
475.29	9320.3	
475.49	7582.3	
475.69	7694.2	
475.88	10661	
476.08	9662.3	
476.28	7461.4	
476.48	7811.6	
476.68	9901.9	
476.88	9770.9	
477.08	7647.1	
477.28	7948.8	
477.48	9306.7	
477.68	9813.2	
477.88	7576.1	
478.08	7813	
478.28	10150	
478.48	9479.4	
478.67	7891.5	
478.87	7398.6	
479.07	9966.8	
479.27	9493.7	
479.47	8022.6	
479.67	8054.7	
479.87	9816.6	
480.07	10273	
480.27	7428.7	
480.47	8741.4	
480.67	9484.1	
480.87	10183	
481.06	7746.1	
481.26	8397.4	
481.46	9455.5	
481.66	9393.3	
481.86	8084	
482.06	8867	
482.26	9231.6	
482.46	10023	
482.66	7972.1	
482.86	7599.3	
483.05	9693	
483.25	9067.7	
483.45	10099	
483.65	8039	
483.85	9248.6	
484.05	9519	
484.25	8475.2	
484.45	8891.6	
484.65	10282	
484.84	10318	
485.04	7915.4	
485.24	7960.5	
485.44	10596	
485.64	9070.5	
485.84	7476.5	
486.04	8631.5	
486.24	9403.6	
486.44	9765.4	
486.63	7505.1	
486.83	8159.8	
487.03	9347.6	
487.23	9638.4	
487.43	7626.6	
487.63	9569.5	
487.83	9702.6	
488.02	10492	
488.22	8459.5	
488.42	8992.6	
488.62	10456	
488.82	9387.9	
489.02	8143.4	
489.22	8183	
489.41	10383	
489.61	10045	
489.81	7840.3	
490.01	7901.7	
490.21	10233	
490.41	10864	
490.61	7915.4	
490.8	7983	
491	9847.3	
491.2	9116.2	
491.4	8474.5	
491.6	7681.9	
491.8	9712.2	
491.99	9705.3	
492.19	7602.1	
492.39	7843.7	
492.59	10301	
492.79	10495	
492.99	8800.8	
493.18	8006.9	
493.38	10495	
493.58	11236	
493.78	8675.9	
493.98	8253.3	
494.18	10264	
494.37	9758.6	
494.57	8897.1	
494.77	8776.9	
494.97	10497	
495.17	10802	
495.37	8576.9	
495.56	8909.3	
495.76	11060	
495.96	10721	
496.16	9622	
496.36	8694.3	
496.55	10887	
496.75	10350	
496.95	9068.4	
497.15	8883.4	
497.35	10878	
497.54	10800	
497.74	8738	
497.94	10239	
498.14	11542	
498.34	11285	
498.53	8567.3	
498.73	9325.1	
498.93	10360	
499.13	10865	
499.33	9172.9	
499.52	9340.8	
499.72	10991	
499.92	11082	
500.12	8918.2	
500.32	9197.4	
500.51	11135	
500.71	10916	
500.91	9714.2	
501.11	9398.8	
501.31	11016	
501.5	11370	
501.7	10062	
501.9	9237.7	
502.1	10976	
502.29	11230	
502.49	9601.6	
502.69	9894.4	
502.89	10982	
503.09	11075	
503.28	8604.2	
503.48	8744.1	
503.68	10340	
503.88	10318	
504.07	9585.2	
504.27	9127.8	
504.47	10742	
504.67	10767	
504.86	9568.8	
505.06	9110	
505.26	10348	
505.46	11842	
505.65	9038.4	
505.85	9215.9	
506.05	10316	
506.25	10671	
506.44	8461.5	
506.64	9181	
506.84	10092	
507.04	10890	
507.23	8621.3	
507.43	9059.5	
507.63	11768	
507.83	10303	
508.02	8968.7	
508.22	8716.8	
508.42	11939	
508.62	9990.7	
508.81	8869.8	
509.01	9402.9	
509.21	9921	
509.4	10260	
509.6	9049.3	
509.8	8540.7	
510	10148	
510.19	11445	
510.39	8506.6	
510.59	8474.5	
510.79	10006	
510.98	11257	
511.18	8619.9	
511.38	8719.6	
511.57	10764	
511.77	10553	
511.97	9219.3	
512.17	8419.2	
512.36	10651	
512.56	10572	
512.76	8473.1	
512.95	8181.6	
513.15	10824	
513.35	9602.2	
513.55	9271.8	
513.74	8452	
513.94	10685	
514.14	10233	
514.33	9348.3	
514.53	9043.8	
514.73	10202	
514.92	10421	
515.12	8514.1	
515.32	8463.6	
515.51	10503	
515.71	10931	
515.91	9891	
516.11	8541.4	
516.3	11870	
516.5	10082	
516.7	9100.5	
516.89	9560.6	
517.09	10115	
517.29	10167	
517.48	9418.6	
517.68	8738.7	
517.88	9824.1	
518.07	10505	
518.27	9166	
518.47	8394.6	
518.66	10933	
518.86	9759.3	
519.06	8303.8	
519.25	8565.3	
519.45	10131	
519.65	11407	
519.84	9251.4	
520.04	9901.2	
520.24	11803	
520.43	10572	
520.63	8815.1	
520.83	8699.8	
521.02	9908.8	
521.22	10469	
521.42	8996.7	
521.61	9592.7	
521.81	10129	
522.01	10352	
522.2	9086.2	
522.4	8778.3	
522.6	10761	
522.79	9634.3	
522.99	8902.5	
523.18	8230.1	
523.38	10513	
523.58	10602	
523.77	10137	
523.97	8360.5	
524.17	12192	
524.36	11516	
524.56	9590.6	
524.76	9291	
524.95	10630	
525.15	10348	
525.34	9189.9	
525.54	9247.3	
525.74	11048	
525.93	10163	
526.13	10327	
526.33	9271.8	
526.52	11368	
526.72	10922	
526.91	10318	
527.11	9752.4	
527.31	11372	
527.5	11869	
527.7	9634.3	
527.89	8875.2	
528.09	10547	
528.29	11124	
528.48	10122	
528.68	9610.4	
528.87	11383	
529.07	11275	
529.27	9614.5	
529.46	9304.6	
529.66	11060	
529.85	11532	
530.05	9054.1	
530.25	9759.3	
530.44	12342	
530.64	11030	
530.83	9418.6	
531.03	9651.4	
531.23	11526	
531.42	11273	
531.62	10501	
531.81	9626.1	
532.01	11755	
532.21	11997	
532.4	9612.5	
532.6	9876	
532.79	12362	
532.99	11824	
533.18	10006	
533.38	10777	
533.58	11415	
533.77	12047	
533.97	9905.3	
534.16	10688	
534.36	12291	
534.55	11512	
534.75	10916	
534.95	10113	
535.14	12265	
535.34	11461	
535.53	9779.7	
535.73	11584	
535.92	12706	
536.12	11484	
536.31	9740.1	
536.51	10847	
536.71	11850	
536.9	11589	
537.1	9963.4	
537.29	10149	
537.49	12256	
537.68	11521	
537.88	10484	
538.07	9652.1	
538.27	11611	
538.46	12426	
538.66	9630.9	
538.86	10000	
539.05	11761	
539.25	12008	
539.44	10334	
539.64	9977	
539.83	11532	
540.03	12377	
540.22	9789.3	
540.42	9894.4	
540.61	11622	
540.81	11861	
541	10263	
541.2	10794	
541.39	11267	
541.59	11733	
541.78	10509	
541.98	9773.6	
542.18	11028	
542.37	10888	
542.57	10029	
542.76	10522	
542.96	10946	
543.15	11503	
543.35	9978.4	
543.54	9343.5	
543.74	11643	
543.93	11358	
544.13	9813.9	
544.32	10822	
544.52	11587	
544.71	11002	
544.91	9164	
545.1	10216	
545.3	10911	
545.49	11491	
545.69	9002.9	
545.88	9554.5	
546.08	12330	
546.27	11859	
546.47	9973.6	
546.66	9418.6	
546.86	11705	
547.05	12168	
547.24	9446.6	
547.44	9456.8	
547.63	10685	
547.83	11681	
548.02	9779.1	
548.22	9887.6	
548.41	10514	
548.61	11746	
548.8	9220.6	
549	9243.8	
549.19	11185	
549.39	11481	
549.58	8944.2	
549.78	9493	
549.97	11394	
550.17	10963	
550.36	10208	
550.55	11119	
550.75	10899	
550.94	11708	
551.14	9153.1	
551.33	9497.1	
551.53	10386	
551.72	11235	
551.92	9580.4	
552.11	9325.1	
552.31	11239	
552.5	11344	
552.69	10840	
552.89	8957.8	
553.08	11057	
553.28	10884	
553.47	9358.5	
553.67	10124	
553.86	11726	
554.06	10223	
554.25	8587.1	
554.44	9000.8	
554.64	12149	
554.83	11871	
555.03	9026.8	
555.22	9386.5	
555.42	11303	
555.61	11018	
555.8	9170.1	
556	9389.3	
556.19	10256	
556.39	11385	
556.58	9126.4	
556.78	9115.5	
556.97	11004	
557.16	10619	
557.36	10316	
557.55	8957.1	
557.75	10004	
557.94	11555	
558.13	8902.5	
558.33	8767.4	
558.52	11299	
558.72	10307	
558.91	8850.6	
559.1	9100.5	
559.3	10111	
559.49	9879.4	
559.69	8464.3	
559.88	9370.8	
560.07	10789	
560.27	11162	
560.46	9445.9	
560.66	9632.3	
560.85	10675	
561.04	9856.9	
561.24	8783.1	
561.43	8897.7	
561.63	10077	
561.82	10477	
562.01	9919.7	
562.21	9196.7	
562.4	10789	
562.59	11541	
562.79	9058.8	
562.98	8774.2	
563.18	10778	
563.37	11994	
563.56	9524.4	
563.76	8812.4	
563.95	10248	
564.14	10102	
564.34	9074.5	
564.53	8863.6	
564.73	10772	
564.92	10898	
565.11	9176.3	
565.31	8768.7	
565.5	11288	
565.69	10286	
565.89	8841.1	
566.08	9153.7	
566.27	11209	
566.47	11536	
566.66	9712.8	
566.85	8516.8	
567.05	10903	
567.24	10317	
567.44	8844.5	
567.63	10023	
567.82	10997	
568.02	10747	
568.21	8817.9	
568.4	9228.8	
568.6	10720	
568.79	10690	
568.98	8733.2	
569.18	8959.9	
569.37	10654	
569.56	12398	
569.76	9222	
569.95	10032	
570.14	11025	
570.34	10931	
570.53	8816.5	
570.72	8725	
570.91	11391	
571.11	10569	
571.3	9196.1	
571.49	9998.2	
571.69	10814	
571.88	10350	
572.07	9787.2	
572.27	9699.2	
572.46	10374	
572.65	11189	
572.85	9071.8	
573.04	9287.5	
573.23	11432	
573.43	10843	
573.62	8857.5	
573.81	9357.9	
574	10884	
574.2	10725	
574.39	9249.3	
574.58	9363.3	
574.78	11643	
574.97	11072	
575.16	9622	
575.36	9744.9	
575.55	11491	
575.74	11539	
575.93	8882	
576.13	9874.6	
576.32	10830	
576.51	11302	
576.71	9232.9	
576.9	10572	
577.09	11738	
577.28	11185	
577.48	9715.6	
577.67	8951.7	
577.86	10888	
578.05	11204	
578.25	9482.8	
578.44	9556.5	
578.63	11034	
578.83	11985	
579.02	8921.6	
579.21	10319	
579.4	11116	
579.6	11018	
579.79	9681.4	
579.98	11555	
580.17	11515	
580.37	11591	
580.56	9140.1	
580.75	9885.5	
580.94	11989	
581.14	11946	
581.33	10204	
581.52	9370.1	
581.71	11431	
581.91	11951	
582.1	8953	
582.29	9570.2	
582.48	11163	
582.68	11094	
582.87	9980.4	
583.06	9661	
583.25	11394	
583.45	10832	
583.64	10259	
583.83	10815	
584.02	11053	
584.21	11474	
584.41	10204	
584.6	9597.5	
584.79	11181	
584.98	11700	
585.18	9173.5	
585.37	9131.2	
585.56	10800	
585.75	11395	
585.94	9336	
586.14	9866.4	
586.33	11946	
586.52	10977	
586.71	9757.9	
586.91	9416.6	
587.1	10408	
587.29	11317	
587.48	9354.4	
587.67	9299.1	
587.87	11226	
588.06	11200	
588.25	10389	
588.44	9792.7	
588.63	10869	
588.83	11357	
589.02	9148.3	
589.21	9069.1	
589.4	10615	
589.59	10414	
589.78	8258.8	
589.98	8449.9	
590.17	9927.2	
590.36	10387	
590.55	7865.6	
590.74	8552.3	
590.94	11495	
591.13	10223	
591.32	8383	
591.51	8082.6	
591.7	10625	
591.89	10224	
592.09	8128.4	
592.28	8495.7	
592.47	9532.6	
592.66	11189	
592.85	8039.6	
593.05	8363.2	
593.24	10040	
593.43	10808	
593.62	8421.9	
593.81	8767.4	
594	10177	
594.19	10361	
594.39	8333.2	
594.58	8287.4	
594.77	10413	
594.96	10883	
595.15	8191.9	
595.34	8666.3	
595.54	10353	
595.73	9542.2	
595.92	7646.4	
596.11	8491.6	
596.3	10774	
596.49	9757.2	
596.68	8417.2	
596.88	8866.3	
597.07	10551	
597.26	9480	
597.45	8049.2	
597.64	9114.1	
597.83	9766.8	
598.02	10279	
598.22	7974.1	
598.41	8572.1	
598.6	10116	
598.79	9640.5	
598.98	8116.8	
599.17	8892.3	
599.36	10154	
599.55	11102	
599.74	9923.1	
599.94	9670.5	
600.13	10665	
600.32	9568.1	
600.51	7928.4	
600.7	8087.4	
600.89	11112	
601.08	11151	
601.27	7849.9	
601.47	8666.3	
601.66	10514	
601.85	11040	
602.04	8497	
602.23	8660.2	
602.42	9750.4	
602.61	10204	
602.8	8277.2	
602.99	8110.6	
603.18	9944.3	
603.37	10151	
603.57	8687.5	
603.76	9192	
603.95	10802	
604.14	10374	
604.33	8196.7	
604.52	8500.4	
604.71	10139	
604.9	9869.8	
605.09	9176.9	
605.28	8831.5	
605.47	10677	
605.66	10322	
605.86	8639.7	
606.05	8239	
606.24	10655	
606.43	9395.4	
606.62	8490.9	
606.81	9002.9	
607	10439	
607.19	9840.5	
607.38	7938.6	
607.57	8208.3	
607.76	9723.1	
607.95	9198.1	
608.14	8496.3	
608.33	9040.4	
608.52	9620	
608.72	10430	
608.91	7828	
609.1	7776.1	
609.29	9723.1	
609.48	9341.5	
609.67	8602.2	
609.86	7801.4	
610.05	9374.9	
610.24	9568.1	
610.43	7716.1	
610.62	7317.4	
610.81	10633	
611	10388	
611.19	7853.3	
611.38	8497.7	
611.57	9884.2	
611.76	11046	
611.95	7625.3	
612.14	7374.7	
612.33	9684.8	
612.52	9318.3	
612.71	8142	
612.9	7311.9	
613.09	8981	
613.28	11032	
613.47	7938.6	
613.66	8636.3	
613.85	9790.7	
614.04	9424.8	
614.24	7840.3	
614.43	7136.5	
614.62	9962.7	
614.81	9851.4	
615	8425.3	
615.19	8373.5	
615.38	9267.1	
615.57	9633	
615.76	8274.5	
615.95	9063.6	
616.14	9856.2	
616.33	9627.5	
616.52	8490.9	
616.71	8604.2	
616.9	9925.1	
617.09	9719	
617.28	8045.8	
617.47	8985.1	
617.66	9188.6	
617.85	9161.9	
618.04	8675.9	
618.22	8297	
618.41	9521.7	
618.6	10290	
618.79	8217.1	
618.98	7847.8	
619.17	10507	
619.36	8983.8	
619.55	8063.5	
619.74	8178.2	
619.93	9904	
620.12	9342.8	
620.31	8646.5	
620.5	8763.9	
620.69	10417	
620.88	10806	
621.07	9376.3	
621.26	8531.2	
621.45	10099	
621.64	10148	
621.83	8637.6	
622.02	7976.8	
622.21	10144	
622.4	9951.8	
622.59	9228.1	
622.78	9010.4	
622.97	9600.9	
623.16	10556	
623.35	8725	
623.54	7891.5	
623.72	9860.3	
623.91	9951.1	
624.1	8946.9	
624.29	7813.7	
624.48	10852	
624.67	10198	
624.86	8740.7	
625.05	8039.6	
625.24	10934	
625.43	9571.5	
625.62	10264	
625.81	8112.7	
626	10505	
626.19	9872.6	
626.38	8894.3	
626.56	8404.9	
626.75	9586.5	
626.94	10372	
627.13	8880.7	
627.32	7815	
627.51	10271	
627.7	11379	
627.89	7875.1	
628.08	8822	
628.27	9634.3	
628.46	9794.1	
628.65	8121.6	
628.83	7853.3	
629.02	10210	
629.21	9545.6	
629.4	8460.8	
629.59	8602.2	
629.78	9600.9	
629.97	10479	
630.16	8725.7	
630.35	8250.6	
630.54	10845	
630.72	10539	
630.91	8299.1	
631.1	8753	
631.29	10062	
631.48	10161	
631.67	8776.9	
631.86	8295.6	
632.05	9736.7	
632.24	9884.9	
632.42	8087.4	
632.61	8645.8	
632.8	9959.3	
632.99	9580.4	
633.18	8558.5	
633.37	8898.4	
633.56	10122	
633.75	9949.7	
633.93	8597.4	
634.12	8358.4	
634.31	10715	
634.5	10441	
634.69	8391.2	
634.88	8712.1	
635.07	9923.8	
635.25	10507	
635.44	9188.6	
635.63	9295	
635.82	9711.5	
636.01	9392.7	
636.2	9093.7	
636.39	8695.7	
636.57	10732	
636.76	10393	
636.95	8159.1	
637.14	9371.5	
637.33	10214	
637.52	10926	
637.7	8013	
637.89	8771.5	
638.08	9887.6	
638.27	11069	
638.46	8888.2	
638.65	9202.9	
638.83	10986	
639.02	9611.8	
639.21	8771.5	
639.4	9148.3	
639.59	9919.7	
639.78	9620.7	
639.96	8142	
640.15	8102.4	
640.34	9915.6	
640.53	10056	
640.72	7957	
640.91	8077.2	
641.09	9356.5	
641.28	10458	
641.47	8088.1	
641.66	8809	
641.85	9972.2	
642.03	10127	
642.22	8593.3	
642.41	8161.2	
642.6	9503.9	
642.79	8905.9	
642.97	7882.6	
643.16	8572.8	
643.35	9394	
643.54	9136.7	
643.73	7826.7	
643.91	8484.7	
644.1	8975.6	
644.29	9630.2	
644.48	7907.9	
644.67	7887.4	
644.85	9118.9	
645.04	9376.3	
645.23	7467.6	
645.42	7779.6	
645.6	8982.4	
645.79	9880.1	
645.98	7570	
646.17	6739.9	
646.36	8656.8	
646.54	9147.6	
646.73	8245.1	
646.92	7271.7	
647.11	8775.5	
647.29	9768.1	
647.48	7233.4	
647.67	7039.6	
647.86	9901.2	
648.05	9847.3	
648.23	7464.8	
648.42	8632.2	
648.61	9381.7	
648.8	9096.4	
648.98	7225.9	
649.17	7499.7	
649.36	8747.6	
649.55	8245.1	
649.73	7305.8	
649.92	7774.1	
650.11	8612.4	
650.3	8891.6	
650.48	7318.8	
650.67	7161.1	
650.86	9157.8	
651.05	8165.3	
651.23	7170.6	
651.42	7278.5	
651.61	8688.8	
651.79	8687.5	
651.98	7408.9	
652.17	7076.4	
652.36	9104.6	
652.54	8215.1	
652.73	7098.3	
652.92	7000	
653.11	9095.7	
653.29	9181	
653.48	6417.7	
653.67	7355.6	
653.85	8774.2	
654.04	9673.2	
654.23	7458	
654.42	7131.7	
654.6	8343.4	
654.79	8841.8	
654.98	6567.2	
655.16	6903.7	
655.35	7911.3	
655.54	7813	
655.73	6598.6	
655.91	6499.6	
656.1	8882.7	
656.29	7778.9	
656.47	6208.8	
656.66	7618.4	
656.85	8076.5	
657.03	8158.4	
657.22	6651.1	
657.41	6662.7	
657.59	8163.9	
657.78	8021.2	
657.97	6366.5	
658.16	7043	
658.34	8703.2	
658.53	9064.3	
658.72	7789.1	
658.9	8232.8	
659.09	8381.7	
659.28	8430.8	
659.46	6839.5	
659.65	6787	
659.84	8105.2	
660.02	8705.9	
660.21	6754.9	
660.4	6666.1	
660.58	8981.7	
660.77	8386.4	
660.96	7280.5	
661.14	6395.8	
661.33	9378.3	
661.52	9294.4	
661.7	6341.9	
661.89	9464.3	
662.08	8116.1	
662.26	7660.1	
662.45	6660.7	
662.64	6715.3	
662.82	8667.7	
663.01	7991.2	
663.2	6709.1	
663.38	7317.4	
663.57	8551	
663.75	8427.4	
663.94	6892.8	
664.13	7983	
664.31	8092.9	
664.5	8611	
664.69	7310.6	
664.87	7621.2	
665.06	7744.7	
665.25	8551	
665.43	7798	
665.62	7822.6	
665.8	8668.4	
665.99	8114.1	
666.18	6910.5	
666.36	6964.5	
666.55	8700.5	
666.74	8527.1	
666.92	6511.9	
667.11	7970	
667.29	8164.6	
667.48	8578.9	
667.67	7543.4	
667.85	6800.6	
668.04	8172.1	
668.22	8068.3	
668.41	7019.8	
668.6	7111.9	
668.78	7905.8	
668.97	8112.7	
669.15	7217.7	
669.34	6348	
669.53	7957	
669.71	8284	
669.9	6461.3	
670.08	7064.1	
670.27	7973.4	
670.46	8374.8	
670.64	7211.6	
670.83	7497.6	
671.01	7813.7	
671.2	8374.1	
671.38	6568.5	
671.57	6515.3	
671.76	8867	
671.94	9344.9	
672.13	6386.9	
672.31	7286	
672.5	8539.3	
672.69	7959.1	
672.87	6554.2	
673.06	6842.9	
673.24	8378.9	
673.43	7954.3	
673.61	7136.5	
673.8	6745.3	
673.98	8551.6	
674.17	8617.2	
674.36	7299.6	
674.54	7095.5	
674.73	8291.5	
674.91	8544.1	
675.1	6882.5	
675.28	6617	
675.47	8084.7	
675.65	8576.2	
675.84	6797.9	
676.03	7042.3	
676.21	8000.7	
676.4	7461.4	
676.58	7453.9	
676.77	7264.8	
676.95	9174.2	
677.14	7877.2	
677.32	6548.7	
677.51	6341.9	
677.69	8626	
677.88	7649.8	
678.06	6378.1	
678.25	6470.9	
678.44	8135.2	
678.62	7869.7	
678.81	6274.3	
678.99	7092.1	
679.18	8796.7	
679.36	8476.5	
679.55	6713.2	
679.73	7277.1	
679.92	8348.2	
680.1	7950.2	
680.29	7774.1	
680.47	6677.7	
680.66	7842.4	
680.84	8598.1	
681.03	6095.4	
681.21	7022.5	
681.4	7866.9	
681.58	7773.4	
681.77	6422.4	
681.95	6474.3	
682.14	8579.6	
682.32	8881.4	
682.51	7193.1	
682.69	6172.6	
682.88	7792.5	
683.06	8228.1	
683.25	7069.6	
683.43	7338.6	
683.62	8049.2	
683.8	8394.6	
683.99	7468.9	
684.17	6848.4	
684.36	9126.4	
684.54	7911.3	
684.73	6132.3	
684.91	6221.7	
685.1	8106.5	
685.28	7542.7	
685.46	6616.3	
685.65	6666.8	
685.83	8191.9	
686.02	7793.2	
686.2	6173.9	
686.39	6370.5	
686.57	7520.1	
686.76	8768	
686.94	6228.6	
687.13	6333	
687.31	8016.4	
687.5	7657.4	
687.68	5886.5	
687.86	6869.6	
688.05	9218.6	
688.23	7279.2	
688.42	6980.2	
688.6	6238.1	
688.79	7632.8	
688.97	7590.5	
689.16	6660	
689.34	5716.6	
689.52	8331.8	
689.71	8430.8	
689.89	6838.9	
690.08	6287.3	
690.26	7852.6	
690.45	7683.3	
690.63	6935.1	
690.81	6429.3	
691	7645.8	
691.18	7529.7	
691.37	6528.9	
691.55	8338	
691.74	7460.1	
691.92	9240.4	
692.1	6470.2	
692.29	5965.7	
692.47	7684.7	
692.66	7022.5	
692.84	6229.9	
693.02	6621.1	
693.21	7182.9	
693.39	7657.4	
693.58	6717.3	
693.76	6201.2	
693.94	8613.1	
694.13	8419.9	
694.31	6167.8	
694.5	7070.3	
694.68	7555.6	
694.86	7849.9	
695.05	6590.4	
695.23	6877.1	
695.42	8091.5	
695.6	10152	
695.78	7081.9	
695.97	6276.3	
696.15	8255.4	
696.34	7679.9	
696.52	6204	
696.7	6847	
696.89	7929.7	
697.07	7331.7	
697.25	6722.1	
697.44	7883.3	
697.62	7797.3	
697.81	8123.6	
697.99	6360.3	
698.17	6808.1	
698.36	7256.6	
698.54	7892.2	
698.72	6583.5	
698.91	5794.4	
699.09	7510.6	
699.28	7335.1	
699.46	6302.3	
699.64	6261.3	
699.83	7313.3	
700.01	8313.4	
700.19	6926.9	
700.38	5631.9	
700.56	8306.6	
700.74	7355.6	
700.93	5868.8	
701.11	6591	
701.29	7915.4	
701.48	8813.8	
701.66	6046.3	
701.84	6103.6	
702.03	7450.5	
702.21	8017.8	
702.39	5693.4	
702.58	6257.2	
702.76	7776.1	
702.94	7821.2	
703.13	5745.2	
703.31	7893.6	
703.49	7188.4	
703.68	8354.3	
703.86	5939.8	
704.04	6722.8	
704.23	7622.5	
704.41	7939.3	
704.59	6009.4	
704.78	7030	
704.96	8688.8	
705.14	7979.6	
705.33	5844.2	
705.51	6490	
705.69	7367.2	
705.87	8179.6	
706.06	6731.7	
706.24	5797.8	
706.42	7669	
706.61	7865.6	
706.79	6740.5	
706.97	5720	
707.16	7225.2	
707.34	7712.7	
707.52	6610.2	
707.7	6027.2	
707.89	7348.8	
708.07	7102.4	
708.25	6679.1	
708.44	7095.5	
708.62	7187.7	
708.8	8252.6	
708.98	6888.7	
709.17	5896.8	
709.35	7567.9	
709.53	7514	
709.72	5692	
709.9	6034.7	
710.08	7753.6	
710.26	7755	
710.45	7006.8	
710.63	6204	
710.81	7441	
710.99	7447.1	
711.18	6512.5	
711.36	5957.5	
711.54	7243	
711.72	7815	
711.91	6043.6	
712.09	5587.5	
712.27	7352.9	
712.45	7898.3	
712.64	6253.1	
712.82	5284.4	
713	6787.7	
713.18	6963.1	
713.37	5404.6	
713.55	6337.1	
713.73	7642.3	
713.91	6400.6	
714.1	5562.3	
714.28	5032.5	
714.46	7194.5	
714.64	6425.8	
714.83	4563.6	
715.01	5283.1	
715.19	6505.7	
715.37	5973.9	
715.55	4971.8	
715.74	5226.4	
715.92	7249.1	
716.1	5518.6	
716.28	6162.3	
716.47	5295.4	
716.65	6091.3	
716.83	6130.3	
717.01	5162.2	
717.19	5193	
717.38	7928.4	
717.56	5859.2	
717.74	5431.2	
717.92	4645.5	
718.1	6976.1	
718.29	6315.3	
718.47	4404.5	
718.65	4950.6	
718.83	6918	
719.01	6799.9	
719.2	4295.3	
719.38	5231.9	
719.56	6635.4	
719.74	7944.1	
719.92	4893.3	
720.11	5823.1	
720.29	6666.8	
720.47	5876.3	
720.65	4444.8	
720.83	5184.8	
721.02	6098.9	
721.2	5933.6	
721.38	5146.5	
721.56	4501.4	
721.74	5462.6	
721.92	5642.2	
722.11	5594.4	
722.29	5315.2	
722.47	6693.4	
722.65	5933.6	
722.83	4592.2	
723.01	5249.6	
723.2	6077.7	
723.38	6309.1	
723.56	4070.7	
723.74	5038.7	
723.92	5606	
724.1	6708.5	
724.29	4466.6	
724.47	5442.8	
724.65	5686.5	
724.83	5546.6	
725.01	4349.9	
725.19	5099.4	
725.37	5692.7	
725.56	5759.6	
725.74	4212.7	
725.92	4453	
726.1	5554.1	
726.28	5907.7	
726.46	4767	
726.64	4552.6	
726.83	5907	
727.01	6095.4	
727.19	4272.1	
727.37	5000.5	
727.55	5954.1	
727.73	6367.8	
727.91	4156.7	
728.09	4005.8	
728.28	6419.7	
728.46	6794.5	
728.64	4997.7	
728.82	4947.9	
729	7386.3	
729.18	6765.1	
729.36	4307.6	
729.54	6317.3	
729.72	7584.3	
729.91	6111.1	
730.09	6019.7	
730.27	4915.1	
730.45	5993.7	
730.63	6643.6	
730.81	5509	
730.99	4622.3	
731.17	7050.5	
731.35	5786.9	
731.53	5023	
731.71	4778.6	
731.9	6813.6	
732.08	6898.9	
732.26	5027.8	
732.44	4646.8	
732.62	6969.2	
732.8	6452.5	
732.98	5304.9	
733.16	4474.8	
733.34	6604.7	
733.52	5468.8	
733.7	4909	
733.88	5126.7	
734.07	6339.8	
734.25	6057.9	
734.43	4446.8	
734.61	5888.6	
734.79	7492.2	
734.97	6090	
735.15	4545.8	
735.33	4918.5	
735.51	6384.9	
735.69	6039.5	
735.87	5807.4	
736.05	5053	
736.23	6154.8	
736.41	5982.1	
736.59	4912.4	
736.77	4928.8	
736.95	6678.4	
737.13	6075	
737.32	4624.3	
737.5	4764.3	
737.68	7197.2	
737.86	6008.1	
738.04	4475.5	
738.22	6072.2	
738.4	5865.4	
738.58	6149.4	
738.76	5023.7	
738.94	4025.6	
739.12	5963.7	
739.3	5931.6	
739.48	5470.8	
739.66	5318.6	
739.84	6191.7	
740.02	6146	
740.2	4142.4	
740.38	4433.2	
740.56	6580.8	
740.74	5500.8	
740.92	5029.1	
741.1	4986.1	
741.28	6029.9	
741.46	5883.8	
741.64	4588.8	
741.82	5110.4	
742	6062.7	
742.18	5972.6	
742.36	4786.8	
742.54	4428.4	
742.72	6566.5	
742.9	5422.3	
743.08	5146.5	
743.26	4044.1	
743.44	6711.9	
743.62	6508.4	
743.8	5257.8	
743.98	4457.1	
744.16	6376.7	
744.34	6057.2	
744.52	5175.9	
744.7	5153.4	
744.88	6427.9	
745.06	6000.5	
745.24	5197.1	
745.42	5307.7	
745.6	6522.8	
745.78	6271.6	
745.96	4187.4	
746.14	4473.4	
746.32	7174	
746.5	6504.3	
746.68	4941.7	
746.86	4454.3	
747.03	6794.5	
747.21	5442.1	
747.39	4978.6	
747.57	4493.9	
747.75	6130.3	
747.93	6484.6	
748.11	4502.1	
748.29	4393.6	
748.47	7500.3	
748.65	5847.6	
748.83	5123.3	
749.01	4863.2	
749.19	6320.7	
749.37	5541.8	
749.55	4772.4	
749.73	4812.7	
749.91	6038.8	
750.09	5755.5	
750.26	4845.5	
750.44	4374.5	
750.62	6015.6	
750.8	6083.8	
750.98	4181.3	
751.16	4454.3	
751.34	6154.1	
751.52	5522.7	
751.7	5206.6	
751.88	4187.4	
752.06	6456.6	
752.24	6316.6	
752.42	4111	
752.59	4439.3	
752.77	5952.8	
752.95	7103.7	
753.13	5141.8	
753.31	4562.9	
753.49	5741.8	
753.67	6072.2	
753.85	4820.9	
754.03	4475.5	
754.21	6376.7	
754.38	6580.8	
754.56	4575.2	
754.74	3702.7	
754.92	5606	
755.1	6218.3	
755.28	3789.4	
755.46	3734.1	
755.64	6901.7	
755.82	6952.9	
755.99	3951.9	
756.17	4025.6	
756.35	4702.1	
756.53	5956.9	
756.71	3048.1	
756.89	3855.6	
757.07	5713.8	
757.25	4918.5	
757.42	4202.4	
757.6	5092.6	
757.78	5787.6	
757.96	4893.3	
758.14	4141.7	
758.32	3631	
758.5	4521.2	
758.67	5307.7	
758.85	3943.7	
759.03	4036.5	
759.21	5477	
759.39	4915.8	
759.57	3559.4	
759.75	4582	
759.92	6011.5	
760.1	5451	
760.28	4838.7	
760.46	5101.5	
760.64	5167.7	
760.82	4984.1	
760.99	4732.9	
761.17	4042.7	
761.35	5923.4	
761.53	4982.7	
761.71	4156.7	
761.89	4792.9	
762.06	5862.7	
762.24	5313.8	
762.42	4213.4	
762.6	3984.7	
762.78	5373.2	
762.96	5977.3	
763.13	4585.4	
763.31	4265.2	
763.49	6115.2	
763.67	5369.1	
763.85	5016.2	
764.02	5477	
764.2	6347.3	
764.38	5627.8	
764.56	4143.7	
764.74	5025.7	
764.91	6413.6	
765.09	5477	
765.27	3921.2	
765.45	3764.2	
765.63	6486.6	
765.8	6284.5	
765.98	3515	
766.16	3820.1	
766.34	5083.7	
766.52	4920.6	
766.69	4677.6	
766.87	3684.3	
767.05	5492.7	
767.23	6090	
767.41	3947.8	
767.58	4191.5	
767.76	5926.1	
767.94	6051.7	
768.12	3999	
768.29	4631.1	
768.47	5462.6	
768.65	6156.9	
768.83	3688.4	
769	4727.4	
769.18	5094	
769.36	5737	
769.54	4655.7	
769.72	3736.2	
769.89	5948	
770.07	6073.6	
770.25	4039.3	
770.43	5100.8	
770.6	6610.2	
770.78	6934.4	
770.96	4194.2	
771.14	4739.7	
771.31	5919.3	
771.49	5354.1	
771.67	3401.7	
771.85	3633.8	
772.02	4616.8	
772.2	5232.6	
772.38	4361.5	
772.55	3872	
772.73	5485.8	
772.91	5307.7	
773.09	4169.7	
773.26	4266.6	
773.44	5472.9	
773.62	5143.1	
773.8	3730.7	
773.97	3448.8	
774.15	5593	
774.33	5294	
774.5	3624.2	
774.68	3933.5	
774.86	5636	
775.04	5229.8	
775.21	3766.2	
775.39	3716.4	
775.57	5487.2	
775.74	5760.3	
775.92	3551.9	
776.1	3450.1	
776.27	5466	
776.45	6447.7	
776.63	3731.4	
776.81	3301.3	
776.98	5151.3	
777.16	6136.4	
777.34	3816.7	
777.51	4052.9	
777.69	5125.4	
777.87	4885.8	
778.04	3850.2	
778.22	4368.3	
778.4	4906.3	
778.57	5563.6	
778.75	3193.5	
778.93	3478.8	
779.1	4777.9	
779.28	4660.5	
779.46	3226.9	
779.64	3633.8	
779.81	5702.9	
779.99	6415.6	
780.17	4363.5	
780.34	4440	
780.52	5141.1	
780.69	5356.8	
780.87	3921.2	
781.05	3560.1	
781.22	5214.8	
781.4	5265.3	
781.58	3682.9	
781.75	2968.9	
781.93	5314.5	
782.11	4666	
782.28	4483	
782.46	3707.5	
782.64	4552.6	
782.81	5413.5	
782.99	3785.3	
783.17	3638.6	
783.34	5339.1	
783.52	4624.3	
783.69	3807.2	
783.87	4607.2	
784.05	4700.1	
784.22	4743.8	
784.4	4490.5	
784.58	3974.4	
784.75	5591.6	
784.93	4836.6	
785.1	3639.2	
785.28	4222.2	
785.46	5325.4	
785.63	4689.8	
785.81	3641.3	
785.99	3512.3	
786.16	4875.5	
786.34	5210.7	
786.51	3517	
786.69	3885	
786.87	4478.9	
787.04	4970.4	
787.22	3439.9	
787.39	4254.3	
787.57	4666	
787.75	5634.6	
787.92	4432.5	
788.1	4314.4	
788.27	4673.5	
788.45	4522.6	
788.63	4126	
788.8	2981.2	
788.98	5187.5	
789.15	4400.4	
789.33	3010.5	
789.5	3645.4	
789.68	5504.9	
789.86	5601.2	
790.03	3989.4	
790.21	3552.5	
790.38	5581.4	
790.56	4862.6	
790.73	3434.4	
790.91	3451.5	
791.09	4694.6	
791.26	5388.9	
791.44	3648.8	
791.61	3171.6	
791.79	4722.6	
791.96	4736.3	
792.14	3280.2	
792.32	2936.1	
792.49	4785.4	
792.67	4828.4	
792.84	3336.1	
793.02	3108.8	
793.19	5132.2	
793.37	5781.4	
793.54	2902.7	
793.72	3263.1	
793.89	5776	
794.07	4725.3	
794.25	3698.6	
794.42	2907.4	
794.6	5580.7	
794.77	5315.2	
794.95	4001	
795.12	3463.1	
795.3	4711	
795.47	5261.2	
795.65	3833.8	
795.82	3704.1	
796	4569	
796.17	6239.5	
796.35	3556.6	
796.52	4208.6	
796.7	5251.7	
796.87	5281.7	
797.05	3570.3	
797.22	4365.6	
797.4	5248.9	
797.57	6173.3	
797.75	3663.1	
797.92	3477.5	
798.1	5538.4	
798.27	4597.7	
798.45	2985.9	
798.62	3215.3	
798.8	4992.3	
798.97	5417.6	
799.15	3891.1	
799.32	3721.2	
799.5	4348.5	
799.67	5029.8	
799.85	3986	
800.02	2935.4	
800.2	4687.8	
800.37	4960.2	
800.55	4177.9	
800.72	3420.8	
800.9	5371.1	
801.07	5673.6	
801.25	4639.3	
801.42	3775.1	
801.6	5415.5	
801.77	5186.1	
801.95	3538.2	
802.12	3428.3	
802.29	5200.5	
802.47	5072.8	
802.64	3777.8	
802.82	2927.9	
802.99	4685.8	
803.17	5558.2	
803.34	3634.5	
803.52	3324.5	
803.69	6111.1	
803.87	4470.7	
804.04	3647.4	
804.21	3676.8	
804.39	5732.9	
804.56	4883	
804.74	3178.4	
804.91	3799	
805.09	4696.7	
805.26	4790.2	
805.44	3158.7	
805.61	3467.9	
805.78	5294.7	
805.96	5295.4	
806.13	3793.5	
806.31	4033.8	
806.48	4286.4	
806.66	4797.7	
806.83	3792.8	
807	3704.1	
807.18	4698	
807.35	5093.3	
807.53	3658.4	
807.7	2976.4	
807.87	5749.3	
808.05	4741	
808.22	4077.5	
808.4	2979.8	
808.57	4723.3	
808.74	4440	
808.92	3420.8	
809.09	4261.1	
809.27	4655.7	
809.44	5173.2	
809.61	3024.2	
809.79	3330	
809.96	5775.3	
810.14	5333.6	
810.31	2940.2	
810.48	3610.6	
810.66	4785.4	
810.83	5508.4	
811.01	3368.9	
811.18	3784.6	
811.35	5382.1	
811.53	4255.7	
811.7	4122.6	
811.87	3787.4	
812.05	4752.7	
812.22	4669.4	
812.39	3282.2	
812.57	3217.4	
812.74	4736.3	
812.92	6189	
813.09	3620.1	
813.26	3854.3	
813.44	5969.8	
813.61	4573.1	
813.78	3012.6	
813.96	3971	
814.13	4803.9	
814.3	4418.8	
814.48	4292.5	
814.65	3541.6	
814.82	5930.2	
815	4503.5	
815.17	3707.5	
815.34	4457.1	
815.52	4706.2	
815.69	4687.8	
815.87	3639.2	
816.04	3557.3	
816.21	4743.1	
816.38	4262.5	
816.56	3482.9	
816.73	3308.2	
816.9	5935.7	
817.08	5340.4	
817.25	3331.4	
817.42	4164.2	
817.6	4364.9	
817.77	4756.1	
817.94	3760.1	
818.12	3265.1	
818.29	4525.3	
818.46	6785.6	
818.64	3417.4	
818.81	3199.6	
818.98	4483	
819.16	6313.2	
819.33	3914.4	
819.5	3717.1	
819.67	5066.7	
819.85	5618.9	
820.02	3600.3	
820.19	3816	
820.37	4936.3	
820.54	4520.5	
820.71	3706.8	
820.88	4541	
821.06	4901.5	
821.23	4491.2	
821.4	3730.7	
821.58	3691.8	
821.75	5380	
821.92	4799.1	
822.09	3033	
822.27	3110.9	
822.44	4733.5	
822.61	4661.9	
822.79	3083.6	
822.96	5724.1	
823.13	5145.9	
823.3	4431.8	
823.48	3502	
823.65	3200.3	
823.82	5360.2	
823.99	4357.4	
824.17	4384	
824.34	3156.6	
824.51	6154.8	
824.68	4819.6	
824.86	3360.7	
825.03	3696.6	
825.2	4748.6	
825.37	5650.3	
825.55	3309.5	
825.72	3697.9	
825.89	6165.1	
826.06	5678.3	
826.24	3551.2	
826.41	3594.2	
826.58	5688.6	
826.75	5010	
826.92	2897.9	
827.1	3171.6	
827.27	7623.2	
827.44	6094.1	
827.61	3409.2	
827.79	4122.6	
827.96	4588.1	
828.13	4778.6	
828.3	3550.5	
828.47	3022.1	
828.65	5001.1	
828.82	4901.5	
828.99	4594.3	
829.16	3938.2	
829.34	5341.1	
829.51	5097.4	
829.68	3648.1	
829.85	3776.5	
830.02	5625.8	
830.2	5293.3	
830.37	2884.2	
830.54	4347.8	
830.71	6007.4	
830.88	4760.8	
831.05	2896.5	
831.23	3340.2	
831.4	5777.3	
831.57	6344.6	
831.74	3455.6	
831.91	3041.9	
832.09	5031.9	
832.26	5298.1	
832.43	3452.2	
832.6	3908.9	
832.77	4973.8	
832.94	5680.4	
833.12	2828.9	
833.29	3475.4	
833.46	5102.9	
833.63	6573.3	
833.8	3821.5	
833.97	3502.7	
834.15	5317.9	
834.32	5089.9	
834.49	3672.7	
834.66	3710.9	
834.83	5440.8	
835	4540.3	
835.17	3439.2	
835.35	3365.5	
835.52	5242.8	
835.69	5087.2	
835.86	3579.2	
836.03	2985.3	
836.2	5205.9	
836.37	4888.5	
836.55	3428.3	
836.72	3311.6	
836.89	4865.3	
837.06	5374.6	
837.23	3546.4	
837.4	3865.2	
837.57	5961.6	
837.75	6559.6	
837.92	3255.6	
838.09	3446	
838.26	4915.1	
838.43	5522	
838.6	3663.1	
838.77	3355.3	
838.94	6273.6	
839.11	6020.3	
839.29	3540.3	
839.46	2764.8	
839.63	5305.6	
839.8	5034.6	
839.97	3401.7	
840.14	3320.4	
840.31	5100.8	
840.48	5337	
840.65	2842.6	
840.82	3353.9	
841	5264.6	
841.17	5221.6	
841.34	3120.4	
841.51	3165.5	
841.68	5238	
841.85	4973.8	
842.02	3254.9	
842.19	2749.1	
842.36	5076.9	
842.53	5030.5	
842.7	3144.3	
842.87	3815.4	
843.05	6481.1	
843.22	5001.8	
843.39	2977.1	
843.56	3213.9	
843.73	4799.1	
843.9	5322.7	
844.07	5013.4	
844.24	4160.1	
844.41	7475.1	
844.58	4616.1	
844.75	3050.8	
844.92	3327.9	
845.09	5284.4	
845.26	5276.9	
845.43	3145	
845.6	3329.3	
845.77	5284.4	
845.94	5064.6	
846.12	3427.6	
846.29	3659	
846.46	5476.3	
846.63	5276.3	
846.8	3095.2	
846.97	3703.4	
847.14	5648.3	
847.31	5205.3	
847.48	3546.4	
847.65	3866.6	
847.82	5625.8	
847.99	5453.7	
848.16	4200.4	
848.33	3884.3	
848.5	4889.9	
848.67	5677.7	
848.84	3130.7	
849.01	3236.5	
849.18	4810.7	
849.35	4497.3	
849.52	3883.6	
849.69	3077.4	
849.86	5506.3	
850.03	5588.2	
850.2	3177.1	
850.37	3786.7	
850.54	5504.9	
850.71	4993.6	
850.88	3769.6	
851.05	3115.6	
851.22	5216.9	
851.39	5757.5	
851.56	2966.1	
851.73	3567.6	
851.9	4672.8	
852.07	5474.9	
852.24	3449.5	
852.41	3110.9	
852.58	5129.5	
852.75	4736.3	
852.92	3488.4	
853.09	3021.4	
853.26	4875.5	
853.43	5711.1	
853.6	3102	
853.77	2687.6	
853.94	5794.4	
854.11	5174.5	
854.28	4567.7	
854.44	3378.5	
854.61	6101.6	
854.78	5578	
854.95	3072	
855.12	3865.9	
855.29	4308.9	
855.46	6061.3	
855.63	3133.4	
855.8	4286.4	
855.97	4901.5	
856.14	5571.8	
856.31	4382	
856.48	3358.7	
856.65	4881	
856.82	4662.5	
856.99	2955.9	
857.16	3337.5	
857.33	6321.4	
857.49	4980.7	
857.66	3355.9	
857.83	3635.8	
858	4986.8	
858.17	5139	
858.34	2957.3	
858.51	3124.5	
858.68	5808.7	
858.85	5855.1	
859.02	3627	
859.19	3793.5	
859.36	4637.3	
859.52	4657.8	
859.69	3160	
859.86	3670.6	
860.03	4720.6	
860.2	5709.7	
860.37	2945.7	
860.54	3186	
860.71	5440.8	
860.88	5793.7	
861.05	3444.7	
861.21	3891.8	
861.38	5816.2	
861.55	4500.1	
861.72	2820.1	
861.89	3430.3	
862.06	5489.2	
862.23	5890.6	
862.4	3033.7	
862.56	3241.9	
862.73	5353.4	
862.9	5089.2	
863.07	3638.6	
863.24	2826.2	
863.41	4595.6	
863.58	4672.8	
863.75	3173.7	
863.91	3573	
864.08	5784.8	
864.25	5375.9	
864.42	3864.5	
864.59	4300.7	
864.76	6055.2	
864.93	4621.6	
865.09	3058.3	
865.26	3347.1	
865.43	5660.6	
865.6	6017.6	
865.77	2734	
865.94	3114.3	
866.1	5703.6	
866.27	5477.6	
866.44	4657.1	
866.61	2919.7	
866.78	4967.7	
866.95	5385.5	
867.11	3035.8	
867.28	2782.5	
867.45	5623	
867.62	4703.5	
867.79	3571.7	
867.96	3139.5	
868.12	4608.6	
868.29	5515.9	
868.46	2709.5	
868.63	4136.9	
868.8	5606	
868.97	5413.5	
869.13	3244	
869.3	3272.7	
869.47	5285.8	
869.64	5528.2	
869.81	3072.6	
869.97	3170.9	
870.14	5283.1	
870.31	5801.2	
870.48	3049.4	
870.65	3876.1	
870.81	4947.2	
870.98	5000.5	
871.15	3516.4	
871.32	3244.7	
871.48	5319.9	
871.65	5866.1	
871.82	3084.2	
871.99	3381.2	
872.16	6217	
872.32	5679	
872.49	3188.7	
872.66	3128.6	
872.83	5451.7	
872.99	4773.8	
873.16	3558	
873.33	3093.8	
873.5	5165.7	
873.67	5173.9	
873.83	3298.6	
874	4111	
874.17	5274.9	
874.34	6152.1	
874.5	3962.8	
874.67	3808.5	
874.84	5756.2	
875.01	4571.7	
875.17	4396.3	
875.34	3085.6	
875.51	5165.7	
875.68	6220.4	
875.84	3730	
876.01	4495.3	
876.18	5406	
876.34	5354.8	
876.51	3138.2	
876.68	3094.5	
876.85	4949.3	
877.01	5643.5	
877.18	4405.2	
877.35	3073.3	
877.52	5117.2	
877.68	4612	
877.85	3085.6	
878.02	3058.3	
878.18	5055.8	
878.35	4825	
878.52	2506.7	
878.69	3403.7	
878.85	5452.4	
879.02	5388.9	
879.19	4360.8	
879.35	3336.1	
879.52	5414.8	
879.69	5571.8	
879.86	2784.6	
880.02	3447.4	
880.19	5040.7	
880.36	6056.5	
880.52	3565.5	
880.69	3712.3	
880.86	5541.8	
881.02	5537.7	
881.19	3420.8	
881.36	3355.3	
881.52	5402.5	
881.69	4788.8	
881.86	3376.4	
882.02	3257	
882.19	5624.4	
882.36	6573.3	
882.52	3233.1	
882.69	4321.9	
882.86	5223.7	
883.02	5165.7	
883.19	3765.5	
883.36	3547.1	
883.52	5499.5	
883.69	6269.5	
883.86	3137.5	
884.02	2827.6	
884.19	5483.1	
884.36	5068.7	
884.52	3474	
884.69	3338.2	
884.86	4882.4	
885.02	6004	
885.19	3497.9	
885.36	3571	
885.52	5012.1	
885.69	5285.8	
885.86	4516.5	
886.02	3947.1	
886.19	5490.6	
886.35	4892.6	
886.52	3483.6	
886.69	4289.1	
886.85	4679.6	
887.02	5761.6	
887.19	5761.6	
887.35	5761.6	
887.52	5761.6	
887.68	5761.6	
887.85	5761.6	
888.02	5761.6	
888.18	5761.6	
888.35	5761.6	
888.51	5761.6	
888.68	5761.6	
888.85	5761.6	
889.01	5761.6	
889.18	5761.6	
889.35	5761.6	
889.51	5761.6	
889.68	5761.6	
889.84	5761.6	
890.01	5761.6	
890.17	5761.6	
890.34	5761.6	
890.51	5761.6	
890.67	5761.6	
890.84	5761.6	
891	5761.6	
891.17	5761.6	
891.34	5761.6	
891.5	5761.6	
891.67	5761.6	
891.83	5761.6	
892	5761.6	
892.16	5761.6	
892.33	5761.6	
892.5	5761.6	
892.66	5761.6	
892.83	5761.6	
892.99	5761.6	
893.16	5761.6	
893.32	5761.6	
893.49	5761.6	
893.65	5761.6	
893.82	5761.6	
893.99	5761.6	
894.15	5761.6	
894.32	5761.6	
894.48	5761.6	
894.65	5761.6	
894.81	5761.6	
894.98	5761.6	
895.14	5761.6	
895.31	5761.6	
895.47	5761.6	
895.64	5761.6	
895.81	5761.6	
895.97	5761.6	
896.14	5761.6	
896.3	5761.6	
896.47	5761.6	
896.63	5761.6	
896.8	5761.6	
896.96	5761.6	
897.13	5761.6	
897.29	5761.6	
897.46	5761.6	
897.62	5761.6	
897.79	5761.6	
897.95	5761.6	
898.12	5761.6	
898.28	5761.6	
898.45	5761.6	
898.61	5761.6	
898.78	5761.6	
898.94	5761.6	
899.11	5761.6	
899.27	5761.6	
899.44	5761.6	
899.6	5761.6	
899.77	5761.6	
899.93	5761.6	
900.1	5761.6	
900.26	5761.6	
900.43	5761.6	
900.59	5761.6	
900.76	5761.6	
900.92	5761.6	
901.09	5761.6	
901.25	5761.6	
901.42	5761.6	
901.58	5761.6	
901.75	5761.6	
901.91	5761.6	
902.07	5761.6	
902.24	5761.6	
902.4	5761.6	
902.57	5761.6	
902.73	5761.6	
902.9	5761.6	
903.06	5761.6	
903.23	5761.6	
903.39	5761.6	
903.56	5761.6	
903.72	5761.6	
903.88	5761.6	
904.05	5761.6	
904.21	5761.6	
904.38	5761.6	
904.54	5761.6	
904.71	5761.6	
904.87	5761.6	
905.03	5761.6	
905.2	5761.6	
905.36	5761.6	
905.53	5761.6	
905.69	5761.6	
905.86	5761.6	
906.02	5761.6	
906.18	5761.6	
906.35	5761.6	
906.51	5761.6	
906.68	5761.6	
906.84	5761.6	
907.01	5761.6	
907.17	5761.6	
907.33	5761.6	
907.5	5761.6	
907.66	5761.6	
907.83	5761.6	
907.99	5761.6	
908.15	5761.6	
908.32	5761.6	
908.48	5761.6	
908.65	5761.6	
908.81	5761.6	
908.97	5761.6	
909.14	5761.6	
909.3	5761.6	
909.47	5761.6	
909.63	5761.6	
909.79	5761.6	
909.96	5761.6	
910.12	5761.6	
910.28	5761.6	
910.45	5761.6	
910.61	5761.6	
910.78	5761.6	
910.94	5761.6	
911.1	5761.6	
911.27	5761.6	
911.43	5761.6	
911.59	5761.6	
911.76	5761.6	
911.92	5761.6	
912.08	5761.6	
912.25	5761.6	
912.41	5761.6	
912.57	5761.6	
912.74	5761.6	
912.9	5761.6	
913.07	5761.6	
913.23	5761.6	
913.39	5761.6	
913.56	5761.6	
913.72	5761.6	
913.88	5761.6	
914.05	5761.6	
914.21	5761.6	
914.37	5761.6	
914.54	5761.6	
914.7	5761.6	
914.86	5761.6	
915.03	5761.6	
915.19	5761.6	
