Wavelength	Intensities	
nm	a.u.	
179.22	1938.9	
179.44	1934.3	
179.65	1943.5	
179.86	1925.1	
180.08	1967.4	
180.29	5060.5	
180.51	3579.8	
180.72	5780.1	
180.94	6838.9	
181.15	3397.6	
181.37	3279.5	
181.58	5666.7	
181.79	5965.1	
182.01	3442	
182.22	3760.1	
182.44	5910.4	
182.65	4967.7	
182.87	4757.4	
183.08	4169	
183.29	6229.9	
183.51	5105.6	
183.72	3778.5	
183.94	5586.9	
184.15	5538.4	
184.37	5551.4	
184.58	3262.4	
184.79	4579.9	
185.01	5117.9	
185.22	5877	
185.44	4894.6	
185.65	4064.5	
185.86	5425.1	
186.08	5005.2	
186.29	3224.2	
186.51	3449.5	
186.72	5119.2	
186.94	6094.1	
187.15	4011.3	
187.36	4169.7	
187.58	7962.5	
187.79	5614.2	
188.01	4432.5	
188.22	6842.3	
188.43	6835.4	
188.65	5900.2	
188.86	3381.9	
189.08	4148.5	
189.29	5345.2	
189.5	5345.2	
189.72	3850.9	
189.93	3983.3	
190.15	6185.5	
190.36	7363.8	
190.57	4293.2	
190.79	4149.9	
191	6237.4	
191.22	6234	
191.43	4265.2	
191.64	3441.3	
191.86	6399.9	
192.07	6176	
192.29	3665.2	
192.5	3853.6	
192.71	6130.9	
192.93	5260.5	
193.14	3799.7	
193.35	3894.6	
193.57	5307.7	
193.78	6143.9	
194	3027.6	
194.21	3782.6	
194.42	5053	
194.64	5550.7	
194.85	4152.6	
195.07	4920.6	
195.28	5652.4	
195.49	4838.7	
195.71	5140.4	
195.92	3565.5	
196.13	5708.4	
196.35	5857.9	
196.56	5496.7	
196.78	4199	
196.99	7316.7	
197.2	6804	
197.42	4858.5	
197.63	4214	
197.84	4905.6	
198.06	5778	
198.27	3785.3	
198.48	5265.3	
198.7	5296.7	
198.91	5431.9	
199.13	4198.3	
199.34	4249.5	
199.55	5919.3	
199.77	4853.7	
199.98	3656.3	
200.19	4299.4	
200.41	5432.6	
200.62	5100.8	
200.83	4404.5	
201.05	4739.7	
201.26	5403.2	
201.47	5159.5	
201.69	3749.8	
201.9	3560.1	
202.11	5496.7	
202.33	6550.8	
202.54	3999	
202.76	4487.8	
202.97	5696.8	
203.18	5651.7	
203.4	4407.9	
203.61	4299.4	
203.82	5609.4	
204.04	5172.5	
204.25	4237.2	
204.46	4136.9	
204.68	5506.3	
204.89	5829.2	
205.1	4089.1	
205.32	3545	
205.53	5936.4	
205.74	6120	
205.96	2981.2	
206.17	4293.2	
206.38	5918.6	
206.6	6072.9	
206.81	4920.6	
207.02	3926	
207.24	5808	
207.45	6269.5	
207.66	3994.2	
207.88	3402.4	
208.09	5751.4	
208.3	5572.5	
208.52	3689.1	
208.73	4040.6	
208.94	5560.2	
209.15	6288.6	
209.37	4004.5	
209.58	4220.9	
209.79	6105	
210.01	5348.6	
210.22	3173	
210.43	3371.6	
210.65	5551.4	
210.86	6001.2	
211.07	4060.4	
211.29	3697.3	
211.5	5971.2	
211.71	5418.9	
211.93	3721.2	
212.14	3653.6	
212.35	5497.4	
212.56	5761.6	
212.78	4218.8	
212.99	3439.9	
213.2	6601.3	
213.42	5337	
213.63	3836.5	
213.84	4070	
214.06	4906.9	
214.27	4947.2	
214.48	3981.9	
214.69	4259.1	
214.91	6257.2	
215.12	6358.9	
215.33	4316.4	
215.55	4837.3	
215.76	6860.7	
215.97	5971.9	
216.18	4141	
216.4	4022.9	
216.61	5199.8	
216.82	6097.5	
217.04	3692.5	
217.25	3828.3	
217.46	6235.4	
217.67	5940.5	
217.89	3293.1	
218.1	3485.6	
218.31	5651	
218.53	5776.6	
218.74	3882.9	
218.95	3698.6	
219.16	5535	
219.38	6494.8	
219.59	3837.2	
219.8	4495.3	
220.01	7190.4	
220.23	5531.6	
220.44	5011.4	
220.65	3686.3	
220.87	5582.8	
221.08	6251.8	
221.29	3423.5	
221.5	4564.2	
221.72	7681.2	
221.93	5218.2	
222.14	4226.3	
222.35	4953.4	
222.57	5577.3	
222.78	5937.1	
222.99	4001	
223.2	4381.3	
223.42	5881.8	
223.63	6062	
223.84	3065.8	
224.05	3037.8	
224.27	7108.5	
224.48	6476.4	
224.69	4982	
224.9	4216.1	
225.12	5769.8	
225.33	5520.6	
225.54	3386.7	
225.75	3739.6	
225.97	5052.3	
226.18	5388.9	
226.39	4052.2	
226.6	3767.6	
226.82	5314.5	
227.03	5169.8	
227.24	4203.1	
227.45	3439.9	
227.67	5913.2	
227.88	6558.3	
228.09	4776.5	
228.3	4743.1	
228.52	6040.1	
228.73	5533.6	
228.94	3948.5	
229.15	3500	
229.36	5467.4	
229.58	5393	
229.79	3959.4	
230	4665.3	
230.21	6687.3	
230.43	5683.1	
230.64	4151.2	
230.85	4435.9	
231.06	5961	
231.28	5935	
231.49	3437.2	
231.7	4098.7	
231.91	5917.3	
232.12	5559.6	
232.34	3535.5	
232.55	4120.5	
232.76	6238.1	
232.97	5735.7	
233.18	3702.7	
233.4	4126.7	
233.61	5780.7	
233.82	5265.3	
234.03	3889.8	
234.25	3799.7	
234.46	7805.5	
234.67	5586.9	
234.88	4350.6	
235.09	3741	
235.31	5876.3	
235.52	5443.5	
235.73	4177.2	
235.94	3530.7	
236.15	5245.5	
236.37	6745.3	
236.58	3679.5	
236.79	4024.3	
237	5831.2	
237.21	5089.2	
237.43	4306.2	
237.64	3438.5	
237.85	10276	
238.06	5070.8	
238.27	4481	
238.48	3498.6	
238.7	5926.8	
238.91	5428.5	
239.12	4049.5	
239.33	4024.3	
239.54	5142.4	
239.76	5476.3	
239.97	3940.3	
240.18	4022.2	
240.39	6984.3	
240.6	5868.8	
240.82	4172.4	
241.03	3359.4	
241.24	5582.8	
241.45	6491.4	
241.66	3659.7	
241.87	4336.9	
242.09	6336.4	
242.3	6722.8	
242.51	4387.4	
242.72	4080.2	
242.93	5991.7	
243.14	5494.7	
243.36	4668.7	
243.57	5087.2	
243.78	6461.3	
243.99	5991	
244.2	4088.4	
244.41	3701.4	
244.63	5057.1	
244.84	5898.8	
245.05	4412	
245.26	4072	
245.47	5887.2	
245.68	6157.6	
245.9	5422.3	
246.11	4280.3	
246.32	5420.3	
246.53	5821	
246.74	6632	
246.95	3413.3	
247.16	4984.1	
247.38	5590.3	
247.59	3334.8	
247.8	4065.9	
248.01	5221.6	
248.22	5496.1	
248.43	3678.2	
248.64	3923.2	
248.86	4887.1	
249.07	5288.5	
249.28	3517	
249.49	4144.4	
249.7	6137.8	
249.91	6294.1	
250.12	3361.4	
250.34	3390.8	
250.55	5666.7	
250.76	5593.7	
250.97	4173.8	
251.18	4259.8	
251.39	6351.4	
251.6	5751.4	
251.81	4321.9	
252.03	4260.5	
252.24	5237.3	
252.45	6152.1	
252.66	3470.6	
252.87	4528.1	
253.08	5557.5	
253.29	7395.2	
253.5	3520.5	
253.72	4992.9	
253.93	5367.7	
254.14	6614.3	
254.35	3831.1	
254.56	3942.3	
254.77	5793.7	
254.98	5115.1	
255.19	3816.7	
255.41	4957.4	
255.62	5634.6	
255.83	6250.4	
256.04	4363.5	
256.25	4283.7	
256.46	6892.8	
256.67	5260.5	
256.88	4207.9	
257.09	4690.5	
257.31	5176.6	
257.52	5240.1	
257.73	5241.4	
257.94	3776.5	
258.15	5358.2	
258.36	5577.3	
258.57	4876.2	
258.78	3056.9	
258.99	6135.7	
259.2	5387.5	
259.41	3842.7	
259.63	3966.2	
259.84	6412.2	
260.05	7017	
260.26	5147.2	
260.47	3772.4	
260.68	6232.7	
260.89	5524.1	
261.1	4676.2	
261.31	3608.5	
261.52	6185.5	
261.73	6578.1	
261.95	5030.5	
262.16	4378.6	
262.37	6384.2	
262.58	6326.9	
262.79	5022.3	
263	3933.5	
263.21	5578.7	
263.42	5028.4	
263.63	3915.7	
263.84	3940.3	
264.05	6167.1	
264.26	6450.4	
264.47	4857.1	
264.69	4390.2	
264.9	6319.3	
265.11	5814.2	
265.32	3743	
265.53	3848.8	
265.74	5722	
265.95	4986.1	
266.16	4107.5	
266.37	4586.1	
266.58	5720	
266.79	5393	
267	3842	
267.21	3549.1	
267.42	5143.1	
267.63	5554.1	
267.84	4005.8	
268.06	3434.4	
268.27	6079.1	
268.48	6341.2	
268.69	3927.3	
268.9	4698	
269.11	6220.4	
269.32	4999.1	
269.53	4037.2	
269.74	3707.5	
269.95	5876.3	
270.16	4860.5	
270.37	4111	
270.58	4690.5	
270.79	5350	
271	6057.9	
271.21	4395.6	
271.42	4117.8	
271.63	5663.3	
271.84	5216.2	
272.05	3216	
272.26	3603.1	
272.47	5595.7	
272.68	5822.4	
272.89	3885	
273.11	4524	
273.32	5343.8	
273.53	6556.9	
273.74	4378.6	
273.95	4269.3	
274.16	6228.6	
274.37	5677	
274.58	4370.4	
274.79	3515.7	
275	5700.2	
275.21	6305	
275.42	5361.6	
275.63	4590.9	
275.84	5794.4	
276.05	7383.6	
276.26	4264.6	
276.47	3978.5	
276.68	5334.3	
276.89	6648.4	
277.1	4545.8	
277.31	3542.3	
277.52	5887.9	
277.73	5973.9	
277.94	3476.8	
278.15	3895.9	
278.36	5755.5	
278.57	5208	
278.78	3891.8	
278.99	4407.9	
279.2	5139	
279.41	5152	
279.62	5152.7	
279.83	3630.4	
280.04	6833.4	
280.25	5082.4	
280.46	5071.5	
280.67	4048.8	
280.88	5164.3	
281.09	6300.2	
281.3	4263.2	
281.51	5444.2	
281.72	6143.9	
281.93	6113.9	
282.14	3770.3	
282.35	4035.9	
282.56	6085.2	
282.77	6081.1	
282.98	3903.4	
283.19	4825.7	
283.4	7525.6	
283.61	5511.1	
283.82	3546.4	
284.03	5067.4	
284.24	5657.2	
284.45	6311.2	
284.66	5012.1	
284.87	4846.2	
285.08	6137.8	
285.29	6326.2	
285.5	3431.7	
285.71	3975.8	
285.92	6285.2	
286.12	6901.7	
286.33	4993.6	
286.54	3921.9	
286.75	6091.3	
286.96	5387.5	
287.17	3558	
287.38	4989.5	
287.59	5160.9	
287.8	5089.2	
288.01	4026.3	
288.22	4561.5	
288.43	6139.1	
288.64	5033.9	
288.85	4708.3	
289.06	4515.8	
289.27	6338.5	
289.48	6537.8	
289.69	5065.3	
289.9	4522.6	
290.11	6255.2	
290.32	5271.5	
290.53	4853	
290.74	4449.6	
290.94	6070.2	
291.15	6094.8	
291.36	3815.4	
291.57	4513.7	
291.78	5352.7	
291.99	4970.4	
292.2	3651.5	
292.41	4401.1	
292.62	6196.5	
292.83	5926.1	
293.04	5456.5	
293.25	3667.2	
293.46	5287.9	
293.67	6214.9	
293.88	3838.6	
294.09	3599	
294.29	5123.3	
294.5	5705	
294.71	4092.5	
294.92	3930.1	
295.13	5292.6	
295.34	6769.2	
295.55	3381.2	
295.76	3523.9	
295.97	6036.7	
296.18	6784.2	
296.39	3601	
296.6	3782.6	
296.81	5608.7	
297.01	6055.8	
297.22	3923.9	
297.43	3736.2	
297.64	5191.6	
297.85	5194.3	
298.06	3112.9	
298.27	3391.4	
298.48	5631.2	
298.69	5269.4	
298.9	4121.9	
299.11	3711.6	
299.31	5039.4	
299.52	5083.1	
299.73	4409.3	
299.94	4360.1	
300.15	5572.5	
300.36	5138.4	
300.57	4328	
300.78	4261.1	
300.99	5379.3	
301.2	5688.6	
301.4	3783.3	
301.61	4137.6	
301.82	5943.2	
302.03	6005.3	
302.24	4621.6	
302.45	3538.2	
302.66	5884.5	
302.87	6441.5	
303.08	3787.4	
303.29	5244.8	
303.49	5299.5	
303.7	5554.8	
303.91	3386	
304.12	4976.6	
304.33	5079.6	
304.54	5711.8	
304.75	3871.3	
304.96	3618.8	
305.16	5909.1	
305.37	6709.1	
305.58	3280.2	
305.79	3472	
306	5884.5	
306.21	4950.6	
306.42	3695.2	
306.63	5833.3	
306.83	5403.9	
307.04	6260.6	
307.25	4172.4	
307.46	4108.2	
307.67	4727.4	
307.88	6124.8	
308.09	3695.9	
308.29	3886.4	
308.5	5677	
308.71	6232.7	
308.92	4032.5	
309.13	3639.9	
309.34	5367.7	
309.55	5418.9	
309.75	4709	
309.96	4351.3	
310.17	6026.5	
310.38	5265.3	
310.59	4571.7	
310.8	4251.6	
311.01	5371.1	
311.21	5421	
311.42	3590.1	
311.63	3714.3	
311.84	5227.8	
312.05	5735	
312.26	4212.7	
312.46	4643.4	
312.67	5410.1	
312.88	5056.4	
313.09	3646.1	
313.3	3584.6	
313.51	6427.2	
313.71	6832.7	
313.92	3627.6	
314.13	3846.8	
314.34	5778.7	
314.55	5492.7	
314.76	4745.1	
314.96	4093.2	
315.17	5611.4	
315.38	6012.2	
315.59	3654.9	
315.8	3486.3	
316.01	6567.8	
316.21	6553.5	
316.42	3547.1	
316.63	3996.3	
316.84	5403.9	
317.05	6320.7	
317.26	4259.1	
317.46	3885	
317.67	5496.1	
317.88	6012.2	
318.09	4706.2	
318.3	3385.3	
318.5	5310.4	
318.71	5994.4	
318.92	5999.9	
319.13	4324.6	
319.34	6121.4	
319.54	6281.1	
319.75	3386	
319.96	3186.6	
320.17	5970.5	
320.38	6239.5	
320.58	3364.1	
320.79	3971.7	
321	6186.2	
321.21	6260	
321.42	4076.8	
321.62	3330.7	
321.83	5136.3	
322.04	5601.9	
322.25	3847.5	
322.46	3639.2	
322.66	5698.1	
322.87	5847.6	
323.08	4577.2	
323.29	3624.9	
323.5	6670.2	
323.7	5109.7	
323.91	5072.8	
324.12	4504.2	
324.33	5546.6	
324.53	5898.8	
324.74	4302.8	
324.95	4579.3	
325.16	4937.7	
325.37	5423.7	
325.57	3657	
325.78	3751.2	
325.99	5637.4	
326.2	5087.8	
326.4	5233.2	
326.61	3366.2	
326.82	5503.6	
327.03	5717.9	
327.24	5208.7	
327.44	4981.3	
327.65	5856.5	
327.86	4661.9	
328.07	4339	
328.27	3512.3	
328.48	6259.3	
328.69	5145.9	
328.9	5381.4	
329.1	3938.9	
329.31	5459.2	
329.52	6481.8	
329.73	3611.9	
329.93	4208.6	
330.14	5572.5	
330.35	5826.5	
330.56	6078.4	
330.76	4500.8	
330.97	5394.3	
331.18	5816.9	
331.39	4069.3	
331.59	3261.7	
331.8	6184.2	
332.01	6347.3	
332.22	3741	
332.42	4430.4	
332.63	5654.4	
332.84	5233.2	
333.05	4111.6	
333.25	3760.1	
333.46	5393	
333.67	5583.4	
333.88	3839.9	
334.08	4273.4	
334.29	7521.5	
334.5	6344.6	
334.7	3576.4	
334.91	5366.4	
335.12	5095.3	
335.33	6062	
335.53	4055	
335.74	6141.2	
335.95	5294.7	
336.16	5175.9	
336.36	4188.8	
336.57	4742.4	
336.78	5102.2	
336.98	6165.8	
337.19	5027.8	
337.4	4002.4	
337.61	6733.7	
337.81	5107.6	
338.02	3728.7	
338.23	4897.4	
338.43	6419	
338.64	5226.4	
338.85	3672.7	
339.05	4870.1	
339.26	6434.7	
339.47	5002.5	
339.68	3677.5	
339.88	5516.5	
340.09	5835.3	
340.3	6068.1	
340.5	4286.4	
340.71	3307.5	
340.92	5002.5	
341.13	6371.9	
341.33	3580.5	
341.54	4342.4	
341.75	5825.8	
341.95	5468.1	
342.16	4192.9	
342.37	4493.2	
342.57	5116.5	
342.78	5500.2	
342.99	4678.9	
343.19	3218.7	
343.4	6031.3	
343.61	5877.7	
343.81	3915.7	
344.02	3606.5	
344.23	6021	
344.43	6438.1	
344.64	4609.3	
344.85	4463.2	
345.06	5909.1	
345.26	6238.1	
345.47	4245.4	
345.68	5068.7	
345.88	4936.3	
346.09	6059.9	
346.3	4431.8	
346.5	3243.3	
346.71	5575.9	
346.92	5253	
347.12	3371	
347.33	4308.9	
347.54	6139.8	
347.74	6528.2	
347.95	4277.5	
348.16	3124.5	
348.36	5365.7	
348.57	5181.4	
348.78	4143.7	
348.98	4567.7	
349.19	5546.6	
349.39	4975.2	
349.6	3337.5	
349.81	3745.1	
350.01	5834	
350.22	5264	
350.43	4057.7	
350.63	4928.8	
350.84	5602.6	
351.05	5339.1	
351.25	3739.6	
351.46	3337.5	
351.67	6195.1	
351.87	5303.6	
352.08	3967.6	
352.29	4480.3	
352.49	6080.4	
352.7	5744.6	
352.9	3582.6	
353.11	4485.1	
353.32	6814.3	
353.52	5397.8	
353.73	3517.7	
353.94	4502.8	
354.14	5898.8	
354.35	5702.2	
354.55	3607.2	
354.76	4076.1	
354.97	5795.8	
355.17	5593	
355.38	3359.4	
355.59	4825	
355.79	5272.8	
356	5700.2	
356.2	4048.2	
356.41	3486.3	
356.62	4905.6	
356.82	5388.9	
357.03	4334.9	
357.24	3809.9	
357.44	5229.8	
357.65	5317.2	
357.85	5202.5	
358.06	4059.8	
358.27	4972.5	
358.47	5200.5	
358.68	3308.8	
358.88	4272.7	
359.09	5791.7	
359.3	6249.7	
359.5	4988.2	
359.71	4431.8	
359.91	6673	
360.12	5950	
360.33	4193.6	
360.53	4772.4	
360.74	5218.9	
360.94	5287.2	
361.15	4509.6	
361.36	3657	
361.56	6053.8	
361.77	5445.5	
361.97	4980.7	
362.18	3861.8	
362.38	6002.6	
362.59	5072.8	
362.8	3564.8	
363	3407.1	
363.21	4795	
363.41	5543.9	
363.62	4078.2	
363.83	5257.1	
364.03	5597.1	
364.24	6664.1	
364.44	5286.5	
364.65	5337	
364.85	5362.9	
365.06	4946.5	
365.27	3677.5	
365.47	3762.8	
365.68	6382.2	
365.88	5308.3	
366.09	4180.6	
366.29	3849.5	
366.5	5567.7	
366.71	6132.3	
366.91	5218.9	
367.12	4386.1	
367.32	6662.7	
367.53	5927.5	
367.73	4319.2	
367.94	5272.2	
368.14	5788.9	
368.35	6859.3	
368.56	4173.8	
368.76	3535.5	
368.97	5923.4	
369.17	7802.1	
369.38	3680.9	
369.58	3955.3	
369.79	4999.8	
369.99	6273.6	
370.2	5128.1	
370.4	4084.3	
370.61	5619.6	
370.82	6877.8	
371.02	4005.1	
371.23	3244	
371.43	4822.3	
371.64	6152.8	
371.84	3918.4	
372.05	5289.9	
372.25	7632.1	
372.46	5983.5	
372.66	4012	
372.87	3973.7	
373.07	6016.9	
373.28	7716.7	
373.48	5048.2	
373.69	4717.2	
373.9	5381.4	
374.1	5414.1	
374.31	4986.1	
374.51	4414.7	
374.72	6303.6	
374.92	5042.1	
375.13	5130.2	
375.33	4308.9	
375.54	5848.3	
375.74	5221.6	
375.95	4276.8	
376.15	5611.4	
376.36	5711.8	
376.56	5613.5	
376.77	4431.8	
376.97	4878.9	
377.18	6845.7	
377.38	5863.3	
377.59	5208.7	
377.79	3777.8	
378	5651	
378.2	6079.7	
378.41	3809.9	
378.61	3743	
378.82	6193.1	
379.02	5136.3	
379.23	3960.1	
379.43	5205.3	
379.64	6162.3	
379.84	5808.7	
380.05	3830.4	
380.25	3783.3	
380.46	5846.3	
380.66	5418.9	
380.87	5256.5	
381.07	5668.1	
381.28	6625.9	
381.48	5924.1	
381.69	3864.5	
381.89	3941	
382.1	4796.3	
382.3	6125.5	
382.51	5020.3	
382.71	5965.7	
382.91	5871.5	
383.12	6553.5	
383.32	4286.4	
383.53	4480.3	
383.73	5767.8	
383.94	5545.2	
384.14	4391.5	
384.35	3475.4	
384.55	5479	
384.76	5969.1	
384.96	4285	
385.17	4708.3	
385.37	5894.1	
385.58	5197.7	
385.78	4643.4	
385.98	3393.5	
386.19	5386.8	
386.39	5848.3	
386.6	4015.4	
386.8	4293.2	
387.01	5868.1	
387.21	5961	
387.42	4749.2	
387.62	5367	
387.83	5126.1	
388.03	5931.6	
388.23	4260.5	
388.44	5208	
388.64	4779.3	
388.85	4958.8	
389.05	4657.8	
389.26	5298.1	
389.46	6900.3	
389.67	6362.4	
389.87	4591.5	
390.07	4640.7	
390.28	5511.1	
390.48	5064.6	
390.69	3829.7	
390.89	4138.3	
391.1	5193	
391.3	6242.9	
391.5	5418.2	
391.71	6027.2	
391.91	5922.7	
392.12	7068.9	
392.32	5500.2	
392.53	4674.8	
392.73	5313.8	
392.93	5459.2	
393.14	4329.4	
393.34	5440.8	
393.55	6051.7	
393.75	5533.6	
393.95	4313.7	
394.16	4255.7	
394.36	5176.6	
394.57	5966.4	
394.77	3741.6	
394.98	4194.9	
395.18	5144.5	
395.38	5255.8	
395.59	5102.2	
395.79	3970.3	
396	5291.3	
396.2	5715.2	
396.4	4855.7	
396.61	4780.6	
396.81	6006	
397.02	5158.8	
397.22	5060.5	
397.42	5131.5	
397.63	5996.5	
397.83	5104.2	
398.04	3850.9	
398.24	4355.3	
398.44	5730.9	
398.65	4689.8	
398.85	3682.2	
399.05	3840.6	
399.26	4980.7	
399.46	6907.1	
399.67	4207.9	
399.87	3883.6	
400.07	5485.1	
400.28	5800.5	
400.48	3981.9	
400.69	5061.2	
400.89	6052.4	
401.09	6564.4	
401.3	3776.5	
401.5	5071.5	
401.7	6674.3	
401.91	7011.6	
402.11	4226.3	
402.32	4519.2	
402.52	6077.7	
402.72	6027.9	
402.93	4692.6	
403.13	3482.2	
403.33	6862.1	
403.54	5564.3	
403.74	4444.1	
403.94	5382.1	
404.15	5663.3	
404.35	6840.9	
404.56	4193.6	
404.76	6181.5	
404.96	6073.6	
405.17	5862.7	
405.37	5694.7	
405.57	4693.9	
405.78	6101.6	
405.98	5552	
406.18	4203.1	
406.39	5111	
406.59	6066.8	
406.79	5700.2	
407	3917.1	
407.2	4052.9	
407.4	6051.1	
407.61	6265.4	
407.81	4046.8	
408.01	6278.4	
408.22	4986.8	
408.42	6998.6	
408.62	5141.8	
408.83	4519.9	
409.03	5532.2	
409.23	5283.8	
409.44	4513	
409.64	4842.1	
409.84	6393.8	
410.05	6270.2	
410.25	4683	
410.45	4429.8	
410.66	5701.5	
410.86	8299.7	
411.06	4786.1	
411.27	4627	
411.47	7974.8	
411.67	5890.6	
411.88	4927.4	
412.08	5111	
412.28	6436.1	
412.49	7041.6	
412.69	4551.3	
412.89	4623.6	
413.09	6841.6	
413.3	6583.5	
413.5	4624.3	
413.7	4244.8	
413.91	5870.8	
414.11	6825.2	
414.31	4474.8	
414.52	4872.8	
414.72	6372.6	
414.92	6264.7	
415.12	4558.1	
415.33	5040.7	
415.53	6614.9	
415.73	6920.1	
415.94	5364.3	
416.14	4862.6	
416.34	5579.3	
416.55	5369.8	
416.75	6096.8	
416.95	5399.8	
417.15	6604.7	
417.36	7507.9	
417.56	6255.2	
417.76	5211.4	
417.97	7043.6	
418.17	6679.8	
418.37	4758.8	
418.57	4820.9	
418.78	6355.5	
418.98	6115.2	
419.18	5749.3	
419.38	5806.7	
419.59	6206	
419.79	5773.9	
419.99	4709.6	
420.2	5155.4	
420.4	6705.7	
420.6	6922.8	
420.8	4659.8	
421.01	4437.9	
421.21	6457.9	
421.41	6715.3	
421.61	5130.8	
421.82	4753.3	
422.02	5960.3	
422.22	7055.9	
422.42	5429.8	
422.63	5276.3	
422.83	6160.3	
423.03	7348.8	
423.23	5285.8	
423.44	4169	
423.64	6271.6	
423.84	6029.2	
424.04	4654.4	
424.25	4341	
424.45	7215.7	
424.65	7245.7	
424.85	4072	
425.06	4797.7	
425.26	7118.1	
425.46	5681.1	
425.66	5304.2	
425.87	4931.5	
426.07	6953.5	
426.27	6815	
426.47	5106.3	
426.67	4463.2	
426.88	7380.9	
427.08	6709.1	
427.28	5338.4	
427.48	4377.9	
427.69	5545.9	
427.89	6215.6	
428.09	5315.2	
428.29	4450.2	
428.5	7025.9	
428.7	6465.4	
428.9	4236.6	
429.1	4946.5	
429.3	6383.5	
429.51	6838.9	
429.71	4648.2	
429.91	5418.2	
430.11	6625.9	
430.31	7249.1	
430.52	4887.8	
430.72	5245.5	
430.92	7375.4	
431.12	6825.2	
431.32	4556.7	
431.53	5025.7	
431.73	5584.1	
431.93	7361.8	
432.13	4508.3	
432.33	4319.2	
432.54	6021.7	
432.74	6455.9	
432.94	4269.3	
433.14	5401.9	
433.34	6611.5	
433.55	6000.5	
433.75	5281.7	
433.95	7141.3	
434.15	6372.6	
434.35	6029.2	
434.56	4478.2	
434.76	3923.9	
434.96	6374	
435.16	6599.9	
435.36	4324.6	
435.56	5455.1	
435.77	5922.7	
435.97	6080.4	
436.17	6246.3	
436.37	5404.6	
436.57	5941.8	
436.78	5784.8	
436.98	7324.2	
437.18	6088.6	
437.38	6641.6	
437.58	6168.5	
437.78	6244.9	
437.99	4806.6	
438.19	6837.5	
438.39	7666.9	
438.59	4680.3	
438.79	4192.2	
438.99	7458	
439.2	6154.8	
439.4	4382.7	
439.6	4135.5	
439.8	6494.8	
440	7544	
440.2	5356.1	
440.4	5447.6	
440.61	6822.5	
440.81	7484.6	
441.01	4422.2	
441.21	5309	
441.41	7213.6	
441.61	6792.4	
441.81	5692.7	
442.02	6741.9	
442.22	7847.1	
442.42	6885.3	
442.62	4418.2	
442.82	4597	
443.02	7303.7	
443.22	6318.7	
443.43	4922	
443.63	4482.3	
443.83	6104.3	
444.03	6049	
444.23	5793.7	
444.43	5409.4	
444.63	6381.5	
444.83	7724.9	
445.04	4630.5	
445.24	6098.9	
445.44	6825.2	
445.64	6961	
445.84	5549.3	
446.04	5462.6	
446.24	6152.1	
446.44	7298.3	
446.65	4643.4	
446.85	5045.5	
447.05	6432	
447.25	7204.8	
447.45	5139	
447.65	4439.3	
447.85	6500.9	
448.05	6197.8	
448.25	5601.2	
448.46	5387.5	
448.66	6559.6	
448.86	6243.6	
449.06	4346.5	
449.26	5608.7	
449.46	6946	
449.66	5867.4	
449.86	5000.5	
450.06	5021.6	
450.26	6116.6	
450.47	6736.5	
450.67	5371.1	
450.87	5662.6	
451.07	6823.8	
451.27	6559.6	
451.47	4573.1	
451.67	5188.2	
451.87	6206.7	
452.07	7408.2	
452.27	4775.9	
452.47	4826.4	
452.67	6489.3	
452.88	7131.7	
453.08	4162.2	
453.28	6304.3	
453.48	7821.2	
453.68	6543.3	
453.88	4676.2	
454.08	4976.6	
454.28	6793.8	
454.48	6459.3	
454.68	5495.4	
454.88	6038.1	
455.08	7008.1	
455.28	6619	
455.48	4566.3	
455.68	5139.7	
455.89	7401.4	
456.09	7039.6	
456.29	4907.6	
456.49	4888.5	
456.69	7261.4	
456.89	6484.6	
457.09	5429.2	
457.29	5784.1	
457.49	6841.6	
457.69	6950.8	
457.89	5210	
458.09	4584.7	
458.29	6520.7	
458.49	7235.5	
458.69	5610.8	
458.89	4995	
459.09	7441.6	
459.29	7666.2	
459.49	5148.6	
459.69	5981.4	
459.9	7105.8	
460.1	6543.3	
460.3	5097.4	
460.5	4778.6	
460.7	7005.4	
460.9	6782.9	
461.1	4379.2	
461.3	5813.5	
461.5	7621.2	
461.7	7303.7	
461.9	4822.3	
462.1	5319.9	
462.3	6610.2	
462.5	7296.9	
462.7	4835.9	
462.9	4957.4	
463.1	8441	
463.3	7970	
463.5	5139	
463.7	6094.8	
463.9	6792.4	
464.1	7189.1	
464.3	5190.2	
464.5	5486.5	
464.7	7500.3	
464.9	7053.9	
465.1	6951.5	
465.3	5825.8	
465.5	7863.5	
465.7	7804.1	
465.9	6000.5	
466.1	6006	
466.3	7573.4	
466.5	7434.1	
466.7	6748.1	
466.9	5553.4	
467.1	7342	
467.3	8353.7	
467.5	6703	
467.7	5517.2	
467.9	8531.8	
468.1	9392.7	
468.3	6404	
468.5	6771.3	
468.7	7281.2	
468.9	7192.5	
469.1	5838.8	
469.3	6608.8	
469.5	9394	
469.7	6703	
469.9	6386.2	
470.1	5629.2	
470.3	7171.3	
470.5	7294.9	
470.7	6942.6	
470.9	5683.8	
471.1	7001.3	
471.3	7563.8	
471.5	5440.1	
471.69	7525.6	
471.89	6925.5	
472.09	6453.8	
472.29	6365.8	
472.49	6749.4	
472.69	6674.3	
472.89	7624.6	
473.09	5357.5	
473.29	5573.2	
473.49	6838.9	
473.69	7087.3	
473.89	6626.5	
474.09	5730.2	
474.29	8476.5	
474.49	8082.6	
474.69	6623.1	
474.89	5905	
475.09	7071.6	
475.29	7063.4	
475.49	5275.6	
475.69	5533.6	
475.88	8846.5	
476.08	7370.6	
476.28	5258.5	
476.48	5788.2	
476.68	7922.2	
476.88	7778.2	
477.08	5661.3	
477.28	5884.5	
477.48	7258	
477.68	8030.1	
477.88	5414.1	
478.08	5753.4	
478.28	8212.4	
478.48	7337.9	
478.67	5777.3	
478.87	5159.5	
479.07	8072.4	
479.27	7511.3	
479.47	6024.4	
479.67	5928.2	
479.87	7864.2	
480.07	8357.8	
480.27	5206.6	
480.47	7020.4	
480.67	7500.3	
480.87	8201.4	
481.06	5509.7	
481.26	6432	
481.46	7507.2	
481.66	7354.9	
481.86	5961	
482.06	7144.7	
482.26	7138.5	
482.46	8166.6	
482.66	5902.9	
482.86	5487.9	
483.05	7377.5	
483.25	6842.9	
483.45	8565.3	
483.65	5992.4	
483.85	7047.7	
484.05	7330.4	
484.25	6417	
484.45	6877.8	
484.65	8333.2	
484.84	8191.9	
485.04	5816.2	
485.24	5813.5	
485.44	8647.9	
485.64	6813.6	
485.84	5062.6	
486.04	6550.1	
486.24	7143.3	
486.44	7580.2	
486.63	5022.3	
486.83	5899.5	
487.03	7049.1	
487.23	7262.8	
487.43	5203.9	
487.63	7707.2	
487.83	7254.6	
488.02	8322.3	
488.22	6126.8	
488.42	6851.1	
488.62	8277.2	
488.82	7075.7	
489.02	5822.4	
489.22	5793.7	
489.41	8066.3	
489.61	7736.5	
489.81	5519.3	
490.01	5568.4	
490.21	7966.6	
490.41	8630.1	
490.61	5234.6	
490.8	5679.7	
491	7402	
491.2	6758.3	
491.4	6401.3	
491.6	5337	
491.8	7431.4	
491.99	7626	
492.19	5122.7	
492.39	5549.3	
492.59	7980.3	
492.79	8075.1	
492.99	6449.1	
493.18	5446.2	
493.38	8118.8	
493.58	8809.7	
493.78	6242.2	
493.98	5840.8	
494.18	7748.1	
494.37	7135.1	
494.57	6354.8	
494.77	6281.8	
494.97	7858.1	
495.17	8160.5	
495.37	5786.2	
495.56	6148.7	
495.76	8361.9	
495.96	8000.7	
496.16	7165.8	
496.36	6041.5	
496.55	8217.8	
496.75	7680.6	
496.95	6372.6	
497.15	6215.6	
497.35	8064.2	
497.54	7996.6	
497.74	5943.2	
497.94	7859.4	
498.14	8795.3	
498.34	8617.2	
498.53	5668.1	
498.73	6552.8	
498.93	7395.2	
499.13	8097.7	
499.33	6223.8	
499.52	6880.5	
499.72	8028	
499.92	8385.1	
500.12	5961	
500.32	6268.1	
500.51	8396.7	
500.71	8076.5	
500.91	7031.4	
501.11	6677.7	
501.31	8220.5	
501.5	8653.4	
501.7	7380.2	
501.9	6287.9	
502.1	8114.1	
502.29	8364.6	
502.49	6845.7	
502.69	7410.2	
502.89	8284	
503.09	8316.8	
503.28	5812.1	
503.48	5900.2	
503.68	7465.5	
503.88	7511.3	
504.07	6998.6	
504.27	6484.6	
504.47	7913.4	
504.67	8049.9	
504.86	6927.6	
505.06	6543.9	
505.26	7634.8	
505.46	9576.3	
505.65	6544.6	
505.85	6784.9	
506.05	7516	
506.25	8119.5	
506.44	5806	
506.64	6860	
506.84	7499.7	
507.04	8610.3	
507.23	6066.1	
507.43	6731.7	
507.63	9683.5	
507.83	7789.1	
508.02	6666.8	
508.22	6272.2	
508.42	9946.3	
508.62	7590.5	
508.81	6666.1	
509.01	7143.3	
509.21	7419.1	
509.4	7754.3	
509.6	6686.6	
509.8	6108.4	
510	7764.5	
510.19	9210.4	
510.39	6032.6	
510.59	6173.9	
510.79	7444.4	
510.98	8967.4	
511.18	6167.1	
511.38	6369.9	
511.57	8333.2	
511.77	8357.1	
511.97	7071.6	
512.17	5941.8	
512.36	8424	
512.56	8452	
512.76	6094.1	
512.95	5851.7	
513.15	8490.2	
513.35	7046.4	
513.55	7023.2	
513.74	6186.9	
513.94	8381.7	
514.14	7696.3	
514.33	7064.8	
514.53	6898.2	
514.73	7686	
514.92	7903.8	
515.12	6270.9	
515.32	6038.8	
515.51	8059.4	
515.71	8581.7	
515.91	7899	
516.11	6068.8	
516.3	9901.2	
516.5	7542.7	
516.7	6842.9	
516.89	7415.7	
517.09	7810.3	
517.29	7587.7	
517.48	7137.2	
517.68	6433.4	
517.88	7472.4	
518.07	8113.4	
518.27	7019.1	
518.47	5927.5	
518.66	8713.4	
518.86	7218.4	
519.06	5766.4	
519.25	6277.7	
519.45	7561.1	
519.65	9248.6	
519.84	6965.1	
520.04	7619.8	
520.24	9642.5	
520.43	8432.9	
520.63	6739.9	
520.83	6417	
521.02	7520.1	
521.22	8230.1	
521.42	7019.1	
521.61	7530.4	
521.81	7714	
522.01	7905.8	
522.2	6787	
522.4	6501.6	
522.6	8424	
522.79	7232.1	
522.99	6615.6	
523.18	5855.1	
523.38	8073.1	
523.58	8129.8	
523.77	7963.9	
523.97	5798.5	
524.17	10157	
524.36	9184.5	
524.56	7217.7	
524.76	6941.2	
524.95	8120.2	
525.15	7740	
525.34	6580.8	
525.54	6659.3	
525.74	8522.3	
525.93	7472.4	
526.13	7945.4	
526.33	6657.3	
526.52	8901.8	
526.72	8275.8	
526.91	7827.3	
527.11	7164.5	
527.31	8860.9	
527.5	9344.2	
527.7	6988.4	
527.89	6012.8	
528.09	7736.5	
528.29	8359.1	
528.48	7517.4	
528.68	7146	
528.87	8741.4	
529.07	8844.5	
529.27	7045	
529.46	6507.8	
529.66	8365.3	
529.85	8876.6	
530.05	6346	
530.25	7163.1	
530.44	9928.6	
530.64	8314.8	
530.83	6713.2	
531.03	7083.2	
531.23	8725	
531.42	8649.9	
531.62	7851.2	
531.81	6904.4	
532.01	8815.1	
532.21	9463.7	
532.4	6664.1	
532.6	7048.4	
532.79	10025	
532.99	9010.4	
533.18	7053.9	
533.38	8159.8	
533.58	8416.5	
533.77	9254.1	
533.97	7071	
534.16	7862.8	
534.36	9507.4	
534.55	8403.5	
534.75	8137.3	
534.95	7098.9	
535.14	9396.1	
535.34	8501.8	
535.53	6812.2	
535.73	8980.3	
535.92	9987.3	
536.12	8791.2	
536.31	6909.8	
536.51	8152.3	
536.71	8982.4	
536.9	8564.6	
537.1	7076.4	
537.29	7284.6	
537.49	9445.9	
537.68	8482	
537.88	7668.3	
538.07	6815	
538.27	8654.7	
538.46	9826.8	
538.66	6604.7	
538.86	7232.1	
539.05	8730.5	
539.25	9413.8	
539.44	7468.9	
539.64	7106.5	
539.83	8646.5	
540.03	9783.8	
540.22	7072.3	
540.42	7120.8	
540.61	8910.7	
540.81	9089.6	
541	7657.4	
541.2	8236.9	
541.39	8485.4	
541.59	8866.3	
541.78	7955	
541.98	6952.2	
542.18	8074.5	
542.37	8153	
542.57	7471.7	
542.76	7944.8	
542.96	8242.4	
543.15	9084.8	
543.35	7490.8	
543.54	6737.1	
543.74	9280.7	
543.93	8830.8	
544.13	7445	
544.32	8610.3	
544.52	9172.2	
544.71	8350.3	
544.91	6522.8	
545.1	7946.1	
545.3	8330.5	
545.49	9159.9	
545.69	6481.8	
545.88	7107.8	
546.08	10049	
546.27	9723.1	
546.47	7656.7	
546.66	6856.6	
546.86	9338.7	
547.05	10043	
547.24	7234.8	
547.44	6962.4	
547.63	8245.8	
547.83	9565.4	
548.02	7473.7	
548.22	7718.8	
548.41	8101.8	
548.61	9534	
548.8	7010.2	
549	6879.8	
549.19	8776.9	
549.39	9087.5	
549.58	6694.1	
549.78	7320.1	
549.97	9176.9	
550.17	8656.8	
550.36	8194.6	
550.55	9274.6	
550.75	8751	
550.94	9631.6	
551.14	6845.7	
551.33	7309.2	
551.53	7968.6	
551.72	9144.2	
551.92	7421.8	
552.11	7032.7	
552.31	9121.7	
552.5	9057.5	
552.69	8991.3	
552.89	6788.3	
553.08	9157.2	
553.28	8762.6	
553.47	7175.4	
553.67	8381	
553.86	9811.1	
554.06	7959.8	
554.25	6244.9	
554.44	6885.3	
554.64	10631	
554.83	10052	
555.03	6909.8	
555.22	7294.2	
555.42	9265	
555.61	8978.3	
555.8	7157	
556	7380.2	
556.19	8030.8	
556.39	9455.5	
556.58	7124.2	
556.78	7095.5	
556.97	8821.3	
557.16	8540.7	
557.36	8585.1	
557.55	6760.3	
557.75	7803.4	
557.94	9681.4	
558.13	6995.9	
558.33	6679.1	
558.52	9460.3	
558.72	8243.1	
558.91	6814.3	
559.1	7077.8	
559.3	7933.1	
559.49	7697.6	
559.69	6331	
559.88	7400	
560.07	8875.2	
560.27	9303.9	
560.46	7637.6	
560.66	7732.4	
560.85	8624	
561.04	7783	
561.24	6799.3	
561.43	7004.1	
561.63	7983.7	
561.82	8303.8	
562.01	8258.1	
562.21	7180.2	
562.4	8882	
562.59	9796.1	
562.79	7138.5	
562.98	6757.6	
563.18	8755.7	
563.37	10297	
563.56	7740	
563.76	6658.6	
563.95	8155.7	
564.14	8028.7	
564.34	7075.7	
564.53	6873	
564.73	8709.3	
564.92	9086.8	
565.11	7250.5	
565.31	6636.1	
565.5	9432.3	
565.69	8196	
565.89	6819.1	
566.08	7062.1	
566.27	9204.3	
566.47	9645.3	
566.66	7797.3	
566.85	6352.1	
567.05	8751	
567.24	8152.3	
567.44	6726.2	
567.63	8288.1	
567.82	8935.3	
568.02	8698.4	
568.21	6679.8	
568.4	7140.6	
568.6	8593.3	
568.79	8598.7	
568.98	6499.6	
569.18	6759.7	
569.37	8627.4	
569.56	10782	
569.76	7086	
569.95	8219.9	
570.14	9000.8	
570.34	8938	
570.53	6618.4	
570.72	6600.6	
570.91	9445.2	
571.11	8574.2	
571.3	7080.5	
571.49	8116.1	
571.69	8565.3	
571.88	8100.4	
572.07	7666.2	
572.27	7731.1	
572.46	8082	
572.65	9385.2	
572.85	6883.2	
573.04	7252.5	
573.23	9480	
573.43	8613.1	
573.62	6605.4	
573.81	7314.7	
574	8615.8	
574.2	8482.7	
574.39	7004.7	
574.58	7148.8	
574.78	9632.3	
574.97	8852	
575.16	7509.9	
575.36	7778.2	
575.55	9239.1	
575.74	9329.2	
575.93	6604	
576.13	7793.9	
576.32	8544.1	
576.51	9117.6	
576.71	7012.9	
576.9	8439	
577.09	9525.1	
577.28	9065.7	
577.48	7567.9	
577.67	6494.1	
577.86	8621.3	
578.05	8933.2	
578.25	7214.3	
578.44	7234.1	
578.63	8788.5	
578.83	9996.8	
579.02	6523.5	
579.21	8170.7	
579.4	8968.7	
579.6	8570.1	
579.79	7410.2	
579.98	9727.9	
580.17	9377	
580.37	9339.4	
580.56	6776	
580.75	7555	
580.94	9820.7	
581.14	9628.2	
581.33	8042.4	
581.52	6914.6	
581.71	9159.9	
581.91	9815.2	
582.1	6580.1	
582.29	7278.5	
582.48	8726.4	
582.68	8623.3	
582.87	7746.8	
583.06	7302.4	
583.25	9067.7	
583.45	8942.1	
583.64	7983.7	
583.83	8839	
584.02	8486.8	
584.21	9083.4	
584.41	7991.9	
584.6	7294.2	
584.79	8825.4	
584.98	9608.4	
585.18	6759	
585.37	6645.7	
585.56	8258.1	
585.75	9171.5	
585.94	7010.2	
586.14	7728.4	
586.33	9727.2	
586.52	8759.2	
586.71	7454.6	
586.91	7314	
587.1	8099	
587.29	9279.3	
587.48	7273.7	
587.67	7035.5	
587.87	9123.7	
588.06	9257.5	
588.25	8495.7	
588.44	7654.6	
588.63	8755.7	
588.83	9460.3	
589.02	7136.5	
589.21	7121.5	
589.4	8588.5	
589.59	8477.2	
589.78	6330.3	
589.98	6671.6	
590.17	8073.1	
590.36	8639.7	
590.55	6025.8	
590.74	6949.4	
590.94	10092	
591.13	8542.1	
591.32	6593.1	
591.51	6137.1	
591.7	9097.1	
591.89	8455.4	
592.09	6223.1	
592.28	6806.1	
592.47	7684.7	
592.66	9684.8	
592.85	6268.8	
593.05	6574.7	
593.24	8351.6	
593.43	9139.4	
593.62	6572.6	
593.81	7143.3	
594	8241	
594.19	8642.4	
594.39	6463.4	
594.58	6487.3	
594.77	8751.7	
594.96	9400.9	
595.15	6418.3	
595.34	7108.5	
595.54	8759.2	
595.73	7791.8	
595.92	5781.4	
596.11	7011.6	
596.3	9254.8	
596.49	7878.5	
596.68	6741.9	
596.88	7251.9	
597.07	9003.6	
597.26	7666.9	
597.45	6238.1	
597.64	7561.8	
597.83	7945.4	
598.02	8606.2	
598.22	6305	
598.41	7062.1	
598.6	8472.4	
598.79	7881.9	
598.98	6395.8	
599.17	7370	
599.36	8384.4	
599.55	9689.6	
599.74	8557.8	
599.94	8279.3	
600.13	8972.8	
600.32	7816.4	
600.51	6085.2	
600.7	6287.9	
600.89	9699.9	
601.08	9737.4	
601.27	5961	
601.47	7071	
601.66	8932.6	
601.85	9634.3	
602.04	6768.5	
602.23	7283.3	
602.42	7918.8	
602.61	8615.8	
602.8	6630	
602.99	6432	
603.18	8215.8	
603.37	8563.2	
603.57	7060.7	
603.76	7718.1	
603.95	9316.9	
604.14	8892.3	
604.33	6496.8	
604.52	6898.2	
604.71	8495.7	
604.9	8128.4	
605.09	7491.5	
605.28	7307.2	
605.47	9118.2	
605.66	8733.2	
605.86	7034.1	
606.05	6513.2	
606.24	9097.1	
606.43	7511.9	
606.62	6795.8	
606.81	7716.7	
607	8921.6	
607.19	8243.8	
607.38	6203.3	
607.57	6609.5	
607.76	7987.1	
607.95	7458.7	
608.14	6948.1	
608.33	7592.5	
608.52	8036.9	
608.72	8930.5	
608.91	6163	
609.1	6059.3	
609.29	8093.6	
609.48	7647.8	
609.67	7053.9	
609.86	6085.2	
610.05	7691.5	
610.24	8099.7	
610.43	6039.5	
610.62	5641.5	
610.81	9342.2	
611	9023.4	
611.19	6059.9	
611.38	6937.2	
611.57	8377.6	
611.76	9840.5	
611.95	5865.4	
612.14	5770.5	
612.33	8206.9	
612.52	7666.2	
612.71	6546	
612.9	5606	
613.09	7191.1	
613.28	9704	
613.47	6197.8	
613.66	7242.3	
613.85	8301.8	
614.04	7845.8	
614.24	6269.5	
614.43	5395.7	
614.62	8387.8	
614.81	8344.1	
615	6931.7	
615.19	6871.6	
615.38	7609.6	
615.57	7980.9	
615.76	6709.1	
615.95	7783.6	
616.14	8428.1	
616.33	8120.2	
616.52	7040.2	
616.71	7301.7	
616.9	8410.3	
617.09	8224	
617.28	6382.2	
617.47	7916.8	
617.66	7382.9	
617.85	7496.2	
618.04	7304.4	
618.22	6744.6	
618.41	7759.8	
618.6	8759.8	
618.79	6709.1	
618.98	6328.2	
619.17	9071.1	
619.36	7310.6	
619.55	6450.4	
619.74	6494.8	
619.93	8338	
620.12	7740	
620.31	7080.5	
620.5	7236.2	
620.69	9105.3	
620.88	9355.8	
621.07	8021.9	
621.26	7028.6	
621.45	8591.2	
621.64	8513.4	
621.83	7108.5	
622.02	6272.2	
622.21	8604.9	
622.4	8340.7	
622.59	7673.1	
622.78	7349.5	
622.97	7903.1	
623.16	8951	
623.35	7045.7	
623.54	6220.4	
623.72	8073.1	
623.91	8328.4	
624.1	7290.8	
624.29	5918.6	
624.48	9333.3	
624.67	8588.5	
624.86	7238.2	
625.05	6213.5	
625.24	9494.4	
625.43	7725.6	
625.62	9085.5	
625.81	6386.9	
626	8972.2	
626.19	8071	
626.38	7258	
626.56	6652.5	
626.75	7955.7	
626.94	8531.2	
627.13	7341.3	
627.32	5873.6	
627.51	8632.9	
627.7	10062	
627.89	5931.6	
628.08	7271.7	
628.27	7823.9	
628.46	8033.5	
628.65	6357.6	
628.83	5965.1	
629.02	8648.6	
629.21	7888.1	
629.4	6819.1	
629.59	7113.3	
629.78	7782.3	
629.97	8901.2	
630.16	7090.8	
630.35	6537.8	
630.54	9303.9	
630.72	9026.8	
630.91	6575.3	
631.1	7165.2	
631.29	8442.4	
631.48	8714.8	
631.67	7272.3	
631.86	6582.2	
632.05	7985.7	
632.24	8052.6	
632.42	6225.8	
632.61	6933.1	
632.8	8120.9	
632.99	7802.8	
633.18	6953.5	
633.37	7365.9	
633.56	8406.2	
633.75	8267.6	
633.93	6875.7	
634.12	6564.4	
634.31	9269.1	
634.5	8857.5	
634.69	6602.7	
634.88	7188.4	
635.07	8119.5	
635.25	8881.4	
635.44	7638.9	
635.63	7787.1	
635.82	8089.5	
636.01	7451.2	
636.2	7501.7	
636.39	7059.3	
636.57	9329.9	
636.76	8974.9	
636.95	6389	
637.14	7989.1	
637.33	8449.2	
637.52	9574.9	
637.7	6153.5	
637.89	7258.7	
638.08	8028.7	
638.27	9650	
638.46	7312.6	
638.65	7752.9	
638.83	9623.4	
639.02	7910.6	
639.21	7150.8	
639.4	7757	
639.59	8413.7	
639.78	8015.1	
639.96	6479.8	
640.15	6455.2	
640.34	8259.5	
640.53	8463.6	
640.72	6091.3	
640.91	6598.6	
641.09	7635.5	
641.28	9110	
641.47	6458.6	
641.66	7387.7	
641.85	8335.9	
642.03	8653.4	
642.22	7129.7	
642.41	6587	
642.6	7740	
642.79	7150.1	
642.97	6399.2	
643.16	7124.9	
643.35	7719.5	
643.54	7561.8	
643.73	6311.8	
643.91	7157	
644.1	7416.4	
644.29	8049.9	
644.48	6366.5	
644.67	6397.2	
644.85	7651.9	
645.04	7955.7	
645.23	5960.3	
645.42	6306.4	
645.6	7445.7	
645.79	8762.6	
645.98	6290	
646.17	5282.4	
646.36	7273.7	
646.54	7985	
646.73	7202	
646.92	5920.7	
647.11	7489.4	
647.29	8702.5	
647.48	6047	
647.67	5769.8	
647.86	8887.5	
648.05	8906.6	
648.23	6341.9	
648.42	7729	
648.61	8251.3	
648.8	7905.2	
648.98	5922.7	
649.17	6285.9	
649.36	7432.1	
649.55	6881.2	
649.73	5928.9	
649.92	6813.6	
650.11	7361.1	
650.3	7791.2	
650.48	6146.6	
650.67	5758.9	
650.86	8079.9	
651.05	6896.9	
651.23	6044.2	
651.42	6041.5	
651.61	7430.7	
651.79	7567.2	
651.98	6266.1	
652.17	5938.4	
652.36	7937.2	
652.54	7002.7	
652.73	5953.4	
652.92	5741.8	
653.11	8022.6	
653.29	8070.4	
653.48	5263.3	
653.67	6233.3	
653.85	7796.6	
654.04	8901.8	
654.23	6491.4	
654.42	5928.2	
654.6	7249.1	
654.79	7935.9	
654.98	5509	
655.16	6041.5	
655.35	6834.1	
655.54	6747.4	
655.73	5506.3	
655.91	5466.7	
656.1	8047.2	
656.29	6759.7	
656.47	4986.1	
656.66	6775.4	
656.85	7043.6	
657.03	7129	
657.22	5573.2	
657.41	5709.7	
657.59	7103	
657.78	6902.3	
657.97	5338.4	
658.16	5982.8	
658.34	7873.8	
658.53	8249.9	
658.72	6916.7	
658.9	7525.6	
659.09	7216.4	
659.28	7324.2	
659.46	5740.5	
659.65	5769.8	
659.84	7018.4	
660.02	7529	
660.21	5507.7	
660.4	5545.2	
660.58	8107.2	
660.77	7362.4	
660.96	6197.8	
661.14	5186.1	
661.33	8590.5	
661.52	8484.7	
661.7	5107.6	
661.89	9176.9	
662.08	6979.5	
662.26	6528.2	
662.45	5455.8	
662.64	5545.9	
662.82	7608.2	
663.01	6856.6	
663.2	5580.7	
663.38	6486.6	
663.57	7613	
663.75	7478.5	
663.94	5945.9	
664.13	7292.1	
664.31	6908.5	
664.5	7709.9	
664.69	6171.9	
664.87	6790.4	
665.06	6645	
665.25	7541.3	
665.43	7094.2	
665.62	7182.9	
665.8	7827.3	
665.99	7113.3	
666.18	5873.6	
666.36	6097.5	
666.55	7740.6	
666.74	7688.8	
666.92	5484.5	
667.11	7243	
667.29	7063.4	
667.48	7704.5	
667.67	6929	
667.85	5949.3	
668.04	7248.4	
668.22	7133.1	
668.41	5987.6	
668.6	6212.9	
668.78	6925.5	
668.97	7161.1	
669.15	6402	
669.34	5264	
669.53	6901	
669.71	7307.2	
669.9	5498.1	
670.08	6198.5	
670.27	6913.3	
670.46	7517.4	
670.64	6414.2	
670.83	6726.9	
671.01	6780.8	
671.2	7528.3	
671.38	5554.1	
671.57	5395.7	
671.76	8079.2	
671.94	8805.6	
672.13	5436.7	
672.31	6616.3	
672.5	7584.3	
672.69	6949.4	
672.87	5573.2	
673.06	5901.6	
673.24	7460.8	
673.43	7004.1	
673.61	6419.7	
673.8	5879	
673.98	7718.1	
674.17	7869.7	
674.36	6469.5	
674.54	6238.8	
674.73	7563.1	
674.91	7617.8	
675.1	6067.4	
675.28	5606.7	
675.47	7219.1	
675.65	7770.7	
675.84	5905	
676.03	6206	
676.21	6914.6	
676.4	6465.4	
676.58	6727.6	
676.77	6492.7	
676.95	8483.4	
677.14	6868.2	
677.32	5577.3	
677.51	5256.5	
677.69	7791.8	
677.88	6518.7	
678.06	5346.6	
678.25	5508.4	
678.44	7215.7	
678.62	6900.3	
678.81	5190.2	
678.99	6244.9	
679.18	8094.9	
679.36	7589.8	
679.55	5849.7	
679.73	6503.7	
679.92	7539.9	
680.1	6939.2	
680.29	7169.9	
680.47	5926.8	
680.66	6889.4	
680.84	7809.6	
681.03	5135.6	
681.21	6315.3	
681.4	6924.9	
681.58	6816.3	
681.77	5665.4	
681.95	5563.6	
682.14	7830.1	
682.32	8247.9	
682.51	6525.5	
682.69	5304.2	
682.88	6836.1	
683.06	7562.5	
683.25	6233.3	
683.43	6728.9	
683.62	7260.7	
683.8	7617.8	
683.99	6842.9	
684.17	6103.6	
684.36	8616.5	
684.54	7195.9	
684.73	5294.7	
684.91	5514.5	
685.1	7568.6	
685.28	6937.2	
685.46	6118.6	
685.65	6182.1	
685.83	7808.9	
686.02	7012.2	
686.2	5575.3	
686.39	5621	
686.57	6982.2	
686.76	8440.4	
686.94	5590.3	
687.13	5732.9	
687.31	7641.7	
687.5	7060.7	
687.68	5207.3	
687.86	6580.8	
688.05	8697.7	
688.23	6479.1	
688.42	6600.6	
688.6	5639.4	
688.79	7193.1	
688.97	6997.2	
689.16	6120	
689.34	4949.9	
689.52	7802.1	
689.71	8043.1	
689.89	6425.2	
690.08	5617.6	
690.26	7328.3	
690.45	7178.1	
690.63	6695.5	
690.81	5896.1	
691	7024.5	
691.18	6997.9	
691.37	6098.9	
691.55	8380.3	
691.74	6954.2	
691.92	9098.4	
692.1	6094.1	
692.29	5366.4	
692.47	7248.4	
692.66	6394.4	
692.84	5681.1	
693.02	6266.1	
693.21	6565.8	
693.39	7171.3	
693.58	6268.8	
693.76	5740.5	
693.94	8443.1	
694.13	8149.6	
694.31	5709.1	
694.5	6824.5	
694.68	6969.2	
694.86	7268.9	
695.05	6099.5	
695.23	6574.7	
695.42	7732.4	
695.6	10322	
695.78	6880.5	
695.97	5852.4	
696.15	7813	
696.34	7169.3	
696.52	5625.1	
696.7	6528.2	
696.89	7638.9	
697.07	6988.4	
697.25	6447	
697.44	8187.8	
697.62	7530.4	
697.81	7915.4	
697.99	6043.6	
698.17	6665.5	
698.36	6815.6	
698.54	7580.9	
698.72	6412.9	
698.91	5441.5	
699.09	7167.2	
699.28	7032	
699.46	6178	
699.64	6023.8	
699.83	6940.6	
700.01	8369.4	
700.19	6838.9	
700.38	5201.2	
700.56	8241	
700.74	7043.6	
700.93	5591.6	
701.11	6491.4	
701.29	7730.4	
701.48	8817.2	
701.66	5890.6	
701.84	5882.4	
702.03	7167.2	
702.21	7832.8	
702.39	5414.8	
702.58	6094.1	
702.76	7588.4	
702.94	7826	
703.13	5483.8	
703.31	8150.2	
703.49	6922.1	
703.68	7950.9	
703.86	5692	
704.04	6756.2	
704.23	7505.8	
704.41	7924.3	
704.59	5881.1	
704.78	7221.8	
704.96	8703.9	
705.14	8058.1	
705.33	5574.6	
705.51	6499.6	
705.69	7387.7	
705.87	8262.2	
706.06	6893.5	
706.24	5684.5	
706.42	7717.4	
706.61	8071.7	
706.79	6837.5	
706.97	5689.3	
707.16	7068.9	
707.34	7742	
707.52	6926.2	
707.7	5858.6	
707.89	7405.5	
708.07	6962.4	
708.25	6844.3	
708.44	6991.1	
708.62	7264.8	
708.8	8490.2	
708.98	7239.6	
709.17	5999.9	
709.35	7734.5	
709.53	7712.7	
709.72	5684.5	
709.9	5907.7	
710.08	7922.2	
710.26	8046.5	
710.45	7467.6	
710.63	6382.8	
710.81	7707.2	
710.99	7625.3	
711.18	6746.7	
711.36	6296.1	
711.54	7526.3	
711.72	8320.2	
711.91	6317.3	
712.09	5667.4	
712.27	7633.5	
712.45	8329.1	
712.64	6725.5	
712.82	5502.2	
713	7088	
713.18	7303.1	
713.37	5642.8	
713.55	7151.5	
713.73	8253.3	
713.91	6709.1	
714.1	6180.8	
714.28	5617.6	
714.46	7885.4	
714.64	6922.1	
714.83	4949.9	
715.01	5817.6	
715.19	6982.9	
715.37	6406.7	
715.55	5500.2	
715.74	5877.7	
715.92	8063.5	
716.1	5879	
716.28	7074.4	
716.47	6019	
716.65	6666.1	
716.83	6680.5	
717.01	5824.4	
717.19	5958.2	
717.38	8940.1	
717.56	6405.4	
717.74	6129.6	
717.92	5111.7	
718.1	7625.3	
718.29	6827.9	
718.47	4741	
718.65	5504.3	
718.83	7503.1	
719.01	7503.1	
719.2	4625.7	
719.38	5899.5	
719.56	7265.5	
719.74	8974.2	
719.92	5487.9	
720.11	6580.1	
720.29	7356.3	
720.47	6362.4	
720.65	5023	
720.83	5961	
721.02	6739.9	
721.2	6432.7	
721.38	5976.7	
721.56	5181.4	
721.74	5976	
721.92	6165.1	
722.11	6460.7	
722.29	6141.2	
722.47	7511.3	
722.65	6641.6	
722.83	5160.9	
723.01	6208.8	
723.2	6743.3	
723.38	6943.3	
723.56	4584.7	
723.74	5803.9	
723.92	6097.5	
724.1	7425.9	
724.29	5079	
724.47	6386.9	
724.65	6198.5	
724.83	6158.2	
725.01	4969.7	
725.19	5875.6	
725.37	6228.6	
725.56	6394.4	
725.74	4792.9	
725.92	5167	
726.1	6137.1	
726.28	6509.1	
726.46	5614.2	
726.64	5200.5	
726.83	6513.2	
727.01	6812.9	
727.19	4817.5	
727.37	5756.2	
727.55	6670.2	
727.73	7107.1	
727.91	4693.9	
728.09	4585.4	
728.28	7205.4	
728.46	7879.2	
728.64	5852.4	
728.82	5757.5	
729	8361.9	
729.18	7453.9	
729.36	4903.5	
729.54	7424.6	
729.72	8604.9	
729.91	6813.6	
730.09	6972	
730.27	5670.1	
730.45	6657.3	
730.63	7354.9	
730.81	6310.5	
730.99	5226.4	
731.17	7893.6	
731.35	6357.6	
731.53	5810.8	
731.71	5400.5	
731.9	7590.5	
732.08	7770.7	
732.26	5781.4	
732.44	5352	
732.62	7902.4	
732.8	7337.2	
732.98	6157.6	
733.16	5070.1	
733.34	7324.2	
733.52	5976	
733.7	5688.6	
733.88	6020.3	
734.07	7077.1	
734.25	6834.1	
734.43	5010.7	
734.61	6780.1	
734.79	8505.2	
734.97	6693.4	
735.15	5201.8	
735.33	5601.9	
735.51	7086	
735.69	6703	
735.87	6822.5	
736.05	5818.3	
736.23	6921.5	
736.41	6653.2	
736.59	5670.1	
736.77	5686.5	
736.95	7363.1	
737.13	6802.7	
737.32	5251	
737.5	5534.3	
737.68	7964.6	
737.86	6610.8	
738.04	5005.9	
738.22	7036.8	
738.4	6419	
738.58	6770.6	
738.76	5689.9	
738.94	4576.5	
739.12	6516.6	
739.3	6379.4	
739.48	6399.2	
739.66	6143.9	
739.84	6821.1	
740.02	6781.5	
740.2	4636.6	
740.38	5068	
740.56	7212.9	
740.74	5984.2	
740.92	5752.1	
741.1	5623	
741.28	6607.4	
741.46	6467.5	
741.64	5201.2	
741.82	5780.7	
742	6672.3	
742.18	6626.5	
742.36	5435.3	
742.54	4971.1	
742.72	7248.4	
742.9	5923.4	
743.08	5873.6	
743.26	4500.1	
743.44	7486	
743.62	7312.6	
743.8	5999.9	
743.98	5060.5	
744.16	6978.8	
744.34	6679.8	
744.52	5903.6	
744.7	5857.2	
744.88	7077.1	
745.06	6662	
745.24	6003.3	
745.42	6100.2	
745.6	7206.1	
745.78	6934.4	
745.96	4646.2	
746.14	4964.3	
746.32	7980.9	
746.5	7204.1	
746.68	5603.9	
746.86	5055.1	
747.03	7640.3	
747.21	5771.9	
747.39	5647.6	
747.57	5063.3	
747.75	6675	
747.93	7169.9	
748.11	4988.2	
748.29	4876.2	
748.47	8373.5	
748.65	6384.2	
748.83	5800.5	
749.01	5500.2	
749.19	6915.3	
749.37	5965.1	
749.55	5311.1	
749.73	5479.7	
749.91	6472.9	
750.09	6215.6	
750.26	5451.7	
750.44	4826.4	
750.62	6552.1	
750.8	6608.8	
750.98	4640.7	
751.16	5126.1	
751.34	6638.1	
751.52	5902.9	
751.7	5859.9	
751.88	4629.1	
752.06	7163.8	
752.24	6960.4	
752.42	4574.5	
752.59	4911.7	
752.77	6492.1	
752.95	7787.1	
753.13	5760.9	
753.31	5091.3	
753.49	6113.2	
753.67	6726.9	
753.85	5382.7	
754.03	5023	
754.21	6868.2	
754.38	7376.8	
754.56	5104.2	
754.74	4069.3	
754.92	6071.5	
755.1	6901	
755.28	4162.8	
755.46	4226.3	
755.64	7751.6	
755.82	7899.7	
755.99	4531.5	
756.17	4655.7	
756.35	5165.7	
756.53	6862.7	
756.71	3462.4	
756.89	4450.2	
757.07	6391	
757.25	5388.9	
757.42	5032.5	
757.6	6063.4	
757.78	6439.5	
757.96	5344.5	
758.14	4728.8	
758.32	4201.7	
758.5	4861.9	
758.67	5821.7	
758.85	4462.5	
759.03	4600.4	
759.21	5997.8	
759.39	5388.2	
759.57	4002.4	
759.75	5335.6	
759.92	6659.3	
760.1	5909.1	
760.28	5692	
760.46	5951.4	
760.64	5560.2	
760.82	5287.2	
760.99	5255.1	
761.17	4539	
761.35	6453.1	
761.53	5375.2	
761.71	4701.5	
761.89	5498.1	
762.06	6391.7	
762.24	5782.8	
762.42	4756.1	
762.6	4500.1	
762.78	5808	
762.96	6530.3	
763.13	5165	
763.31	4827.1	
763.49	6754.9	
763.67	5741.1	
763.85	5715.2	
764.02	6377.4	
764.2	6948.1	
764.38	6120	
764.56	4679.6	
764.74	5722	
764.91	7032	
765.09	5879.7	
765.27	4362.9	
765.45	4101.4	
765.63	7135.1	
765.8	6991.1	
765.98	3822.2	
766.16	4212.7	
766.34	5388.9	
766.52	5187.5	
766.69	5274.9	
766.87	4040	
767.05	5885.2	
767.23	6617.7	
767.41	4330.8	
767.58	4687.1	
767.76	6456.6	
767.94	6595.1	
768.12	4465.3	
768.29	5337	
768.47	5988.9	
768.65	6799.3	
768.83	4027.7	
769	5337.7	
769.18	5485.1	
769.36	6223.8	
769.54	5346.6	
769.72	4112.3	
769.89	6514.6	
770.07	6713.2	
770.25	4491.2	
770.43	5826.5	
770.6	7423.9	
770.78	7882.6	
770.96	4680.3	
771.14	5366.4	
771.31	6494.8	
771.49	5714.5	
771.67	3756	
771.85	4100	
772.02	4934.2	
772.2	5803.3	
772.38	4832.5	
772.55	4293.9	
772.73	6100.2	
772.91	5808	
773.09	4770.4	
773.26	4809.3	
773.44	5997.1	
773.62	5647.6	
773.8	4129.4	
773.97	3836.5	
774.15	6100.9	
774.33	5623.7	
774.5	4089.8	
774.68	4514.4	
774.86	6302.3	
775.04	5657.9	
775.21	4205.2	
775.39	4162.8	
775.57	6013.5	
775.74	6438.1	
775.92	4061.1	
776.1	3892.5	
776.27	6025.1	
776.45	7294.2	
776.63	4106.2	
776.81	3693.9	
776.98	5542.5	
777.16	6839.5	
777.34	4394.9	
777.51	4749.2	
777.69	5585.5	
777.87	5343.2	
778.04	4304.1	
778.22	5074.2	
778.4	5391.6	
778.57	6111.8	
778.75	3578.5	
778.93	3913	
779.1	5147.9	
779.28	5049.6	
779.46	3620.1	
779.64	4151.2	
779.81	6317.3	
779.99	7262.1	
780.17	5053.7	
780.34	5208	
780.52	5665.4	
780.69	5887.2	
780.87	4435.9	
781.05	4078.9	
781.22	5737.7	
781.4	5851	
781.58	4186	
781.75	3289.7	
781.93	5759.6	
782.11	5187.5	
782.28	5146.5	
782.46	4212.7	
782.64	4985.4	
782.81	6060.6	
782.99	4313.7	
783.17	4277.5	
783.34	5851.7	
783.52	4996.4	
783.69	4510.3	
783.87	5364.3	
784.05	5241.4	
784.22	5176.6	
784.4	5349.3	
784.58	4587.4	
784.75	6144.6	
784.93	5188.9	
785.1	4250.2	
785.28	4841.4	
785.46	5875.6	
785.63	5104.9	
785.81	4119.8	
785.99	4073.4	
786.16	5367.7	
786.34	5715.9	
786.51	4082.3	
786.69	4505.5	
786.87	4901.5	
787.04	5449.6	
787.22	3931.4	
787.39	4915.1	
787.57	5137	
787.75	6351.4	
787.92	5078.3	
788.1	5114.5	
788.27	5203.9	
788.45	4874.2	
788.63	4819.6	
788.8	3366.9	
788.98	5573.2	
789.15	4883	
789.33	3440.6	
789.5	4276.2	
789.68	6227.9	
789.86	6320	
790.03	4728.1	
790.21	4072	
790.38	6063.4	
790.56	5333.6	
790.73	3925.3	
790.91	4065.9	
791.09	5171.8	
791.26	5986.2	
791.44	4255.7	
791.61	3608.5	
791.79	5185.5	
791.96	5229.1	
792.14	3768.3	
792.32	3300.6	
792.49	5190.9	
792.67	5356.8	
792.84	3835.8	
793.02	3634.5	
793.19	5603.2	
793.37	6479.1	
793.54	3287	
793.72	3734.8	
793.89	6634.1	
794.07	5204.6	
794.25	4386.1	
794.42	3400.3	
794.6	6384.9	
794.77	5952.1	
794.95	4661.2	
795.12	4026.3	
795.3	5131.5	
795.47	5920.7	
795.65	4466.6	
795.82	4281.6	
796	4992.3	
796.17	7154.2	
796.35	4143.7	
796.52	4945.2	
796.7	5836.7	
796.87	5898.2	
797.05	5209.3	
797.22	5077.6	
797.4	5793.7	
797.57	6956.9	
797.75	4254.3	
797.92	4003.1	
798.1	6175.3	
798.27	5209.3	
798.45	3459.7	
798.62	3736.2	
798.8	5509	
798.97	6126.2	
799.15	4558.8	
799.32	4333.5	
799.5	4737.6	
799.67	5651	
799.85	4692.6	
800.02	3373.7	
800.2	5132.2	
800.37	5517.9	
800.55	4849.6	
800.72	4005.1	
800.9	5984.2	
801.07	6519.4	
801.25	5489.2	
801.42	4442	
801.6	6062	
801.77	5805.3	
801.95	4099.4	
802.12	3954.6	
802.29	5745.9	
802.47	5691.3	
802.64	4390.8	
802.82	3308.2	
802.99	5144.5	
803.17	6278.4	
803.34	4288.4	
803.52	3819.5	
803.69	6980.2	
803.87	4977.9	
804.04	4250.9	
804.21	4391.5	
804.39	6376	
804.56	5429.8	
804.74	3600.3	
804.91	4451.6	
805.09	5278.3	
805.26	5315.2	
805.44	3676.1	
805.61	4100	
805.78	5889.3	
805.96	5972.6	
806.13	4478.2	
806.31	4823	
806.48	4700.1	
806.66	5325.4	
806.83	4468.7	
807	4398.4	
807.18	5113.8	
807.35	5526.8	
807.53	4252.9	
807.7	3418.1	
807.87	6438.8	
808.05	5192.3	
808.22	4780	
808.4	3465.2	
808.57	5260.5	
808.74	4833.9	
808.92	3938.9	
809.09	5036.6	
809.27	5096	
809.44	5743.2	
809.61	3440.6	
809.79	3824.2	
809.96	6414.2	
810.14	6079.1	
810.31	3345.7	
810.48	4130.1	
810.66	5348.6	
810.83	6218.3	
811.01	3936.2	
811.18	4416.8	
811.35	6051.1	
811.53	4659.1	
811.7	4829.8	
811.87	4507.6	
812.05	5211.4	
812.22	5109.7	
812.39	3799	
812.57	3710.9	
812.74	5236	
812.92	7047.1	
813.09	4125.3	
813.26	4624.3	
813.44	6728.3	
813.61	5195	
813.78	3486.3	
813.96	4623.6	
814.13	5291.3	
814.3	4896	
814.48	5085.1	
814.65	4149.2	
814.82	6626.5	
815	5033.9	
815.17	4274.8	
815.34	5224.4	
815.52	5160.2	
815.69	5188.2	
815.87	4291.2	
816.04	4192.9	
816.21	5275.6	
816.38	4551.3	
816.56	4117.8	
816.73	3822.2	
816.9	6652.5	
817.08	6129.6	
817.25	3838.6	
817.42	4922	
817.6	4739.7	
817.77	5309.7	
817.94	4386.1	
818.12	3837.9	
818.29	4928.1	
818.46	7966.6	
818.64	3988.8	
818.81	3739.6	
818.98	4829.8	
819.16	7244.3	
819.33	4596.3	
819.5	4343.7	
819.67	5643.5	
819.85	6343.9	
820.02	4208.6	
820.19	4505.5	
820.37	5488.6	
820.54	5037.3	
820.71	4347.2	
820.88	5480.4	
821.06	5511.1	
821.23	4989.5	
821.4	4428.4	
821.58	4352.6	
821.75	6046.3	
821.92	5454.4	
822.09	3478.1	
822.27	3572.3	
822.44	5276.3	
822.61	5150	
822.79	3519.1	
822.96	6849.8	
823.13	5813.5	
823.3	4981.3	
823.48	4087.7	
823.65	3648.1	
823.82	5911.8	
823.99	4770.4	
824.17	5162.9	
824.34	3712.3	
824.51	6993.8	
824.68	5296.7	
824.86	3840.6	
825.03	4323.9	
825.2	5274.9	
825.37	6434	
825.55	3815.4	
825.72	4312.3	
825.89	7124.2	
826.06	6587	
826.24	4141.7	
826.41	4207.9	
826.58	6392.4	
826.75	5582.1	
826.92	3312.9	
827.1	3644.7	
827.27	8908.7	
827.44	7051.8	
827.61	3949.2	
827.79	4838	
827.96	4956.8	
828.13	5406.6	
828.3	4152.6	
828.47	3438.5	
828.65	5443.5	
828.82	5392.3	
828.99	5401.2	
829.16	4743.8	
829.34	5874.3	
829.51	5657.2	
829.68	4263.2	
829.85	4508.9	
830.02	6212.9	
830.2	5908.4	
830.37	3340.2	
830.54	5253.7	
830.71	6739.2	
830.88	5187.5	
831.05	3369.6	
831.23	3902.1	
831.4	6389	
831.57	7290.8	
831.74	3958	
831.91	3498.6	
832.09	5488.6	
832.26	5890.6	
832.43	4122.6	
832.6	4621.6	
832.77	5477	
832.94	6313.2	
833.12	3242.6	
833.29	4064.5	
833.46	5194.3	
833.63	7570.7	
833.8	4526.7	
833.97	4152.6	
834.15	5908.4	
834.32	5646.9	
834.49	4293.2	
834.66	4444.1	
834.83	6148.7	
835	4950.6	
835.17	3949.2	
835.35	4052.9	
835.52	5756.8	
835.69	5700.2	
835.86	4229.1	
836.03	3443.3	
836.2	5868.1	
836.37	5435.3	
836.55	4088.4	
836.72	3855	
836.89	5368.4	
837.06	5960.3	
837.23	4211.3	
837.4	4634.6	
837.57	6761	
837.75	7613.7	
837.92	3792.8	
838.09	4024.3	
838.26	5449.6	
838.43	6257.9	
838.6	4371.7	
838.77	3891.8	
838.94	7105.8	
839.11	6786.3	
839.29	4148.5	
839.46	3267.2	
839.63	5863.3	
839.8	5534.3	
839.97	4009.2	
840.14	4009.9	
840.31	5591.6	
840.48	5928.2	
840.65	3364.1	
840.82	3904.8	
841	5874.9	
841.17	5817.6	
841.34	3738.2	
841.51	3691.1	
841.68	5783.5	
841.85	5537	
842.02	3844	
842.19	3118.4	
842.36	5583.4	
842.53	5598.5	
842.7	3695.2	
842.87	4621.6	
843.05	7414.3	
843.22	5483.8	
843.39	3502.7	
843.56	3818.8	
843.73	5261.2	
843.9	5925.5	
844.07	6033.3	
844.24	5044.8	
844.41	8861.6	
844.58	5091.3	
844.75	3521.8	
844.92	3882.9	
845.09	5867.4	
845.26	5872.9	
845.43	3610.6	
845.6	3816	
845.77	5894.7	
845.94	5562.3	
846.12	4064.5	
846.29	4328.7	
846.46	6053.8	
846.63	5856.5	
846.8	3675.4	
846.97	4398.4	
847.14	6382.2	
847.31	5849.7	
847.48	4178.5	
847.65	4586.8	
847.82	6150.7	
847.99	6140.5	
848.16	4920.6	
848.33	4587.4	
848.5	5433.3	
848.67	6343.2	
848.84	3642.7	
849.01	3856.3	
849.18	5208	
849.35	4898.1	
849.52	4608.6	
849.69	3605.1	
849.86	6118.6	
850.03	6405.4	
850.2	3690.4	
850.37	4506.2	
850.54	6286.6	
850.71	5539.8	
850.88	4419.5	
851.05	3556.6	
851.22	5806.7	
851.39	6503.7	
851.56	3457	
851.73	4248.2	
851.9	5116.5	
852.07	6153.5	
852.24	4085	
852.41	3610.6	
852.58	5687.2	
852.75	5172.5	
852.92	4153.3	
853.09	3556	
853.26	5466.7	
853.43	6367.1	
853.6	3640.6	
853.77	3095.8	
853.94	6429.3	
854.11	5835.3	
854.28	5472.2	
854.44	3940.3	
854.61	6931	
854.78	6206	
854.95	3651.5	
855.12	4603.8	
855.29	4692.6	
855.46	6664.8	
855.63	3639.2	
855.8	5128.8	
855.97	5395	
856.14	6187.6	
856.31	5270.8	
856.48	4029.7	
856.65	5374.6	
856.82	5109	
856.99	3489.7	
857.16	3969	
857.33	7191.1	
857.49	5499.5	
857.66	3933.5	
857.83	4315.8	
858	5468.1	
858.17	5732.3	
858.34	3428.3	
858.51	3654.9	
858.68	6621.8	
858.85	6654.5	
859.02	4334.9	
859.19	4539	
859.36	5121.3	
859.52	5175.2	
859.69	3673.4	
859.86	4276.8	
860.03	5221	
860.2	6458.6	
860.37	3300.6	
860.54	3699.3	
860.71	6072.2	
860.88	6572.6	
861.05	4130.8	
861.21	4620.2	
861.38	6644.3	
861.55	5020.3	
861.72	3295.2	
861.89	4151.9	
862.06	6205.3	
862.23	6729.6	
862.4	3592.1	
862.56	3816	
862.73	5984.8	
862.9	5626.5	
863.07	4336.2	
863.24	3330.7	
863.41	5005.9	
863.58	5119.2	
863.75	3738.9	
863.91	4197	
864.08	6541.2	
864.25	6056.5	
864.42	4670.7	
864.59	5159.5	
864.76	6892.1	
864.93	5117.9	
865.09	3587.4	
865.26	3876.1	
865.43	6388.3	
865.6	6819.7	
865.77	3139.5	
865.94	3653.6	
866.1	6475	
866.27	6148	
866.44	5612.1	
866.61	3432.4	
866.78	5537	
866.95	5998.5	
867.11	3574.4	
867.28	3218	
867.45	6229.2	
867.62	5148.6	
867.79	4231.8	
867.96	3624.9	
868.12	5139.7	
868.29	6119.3	
868.46	3706.1	
868.63	4883.7	
868.8	6290.7	
868.97	6065.4	
869.13	3789.4	
869.3	3773.7	
869.47	5952.8	
869.64	6210.1	
869.81	3700	
869.97	3657	
870.14	5873.6	
870.31	6686.6	
870.48	3586	
870.65	4627	
870.81	5471.5	
870.98	5458.5	
871.15	4173.1	
871.32	3768.9	
871.48	5954.8	
871.65	6613.6	
871.82	3648.1	
871.99	4085.7	
872.16	7113.3	
872.32	6573.3	
872.49	3684.3	
872.66	3670.6	
872.83	6081.8	
872.99	5360.9	
873.16	4165.6	
873.33	3635.8	
873.5	5679	
873.67	5732.3	
873.83	3853.6	
874	4928.1	
874.17	5926.1	
874.34	7047.1	
874.5	4769.7	
874.67	4626.4	
874.84	6555.5	
875.01	5090.6	
875.17	5225.1	
875.34	3616.7	
875.51	5793	
875.68	7006.8	
875.84	4401.1	
876.01	5459.2	
876.18	6067.4	
876.34	6010.1	
876.51	3674.1	
876.68	3548.4	
876.85	5517.9	
877.01	6360.3	
877.18	5236.7	
877.35	3618.1	
877.52	5679.7	
877.68	5007.3	
877.85	3575.8	
878.02	3627	
878.18	5651	
878.35	5336.3	
878.52	2908.1	
878.69	4108.9	
878.85	6106.4	
879.02	6079.7	
879.19	5258.5	
879.35	3974.4	
879.52	5995.8	
879.69	6298.9	
879.86	3173.7	
880.02	4115.1	
880.19	5635.3	
880.36	6942.6	
880.52	4160.1	
880.69	4340.3	
880.86	6183.5	
881.02	6251.1	
881.19	4028.4	
881.36	4027.7	
881.52	5995.8	
881.69	5333.6	
881.86	3971	
882.02	3878.9	
882.19	6305	
882.36	7484.6	
882.52	3702.7	
882.69	5199.1	
882.86	5858.6	
883.02	5746.6	
883.19	4440	
883.36	4250.2	
883.52	6152.1	
883.69	7146.7	
883.86	3732.1	
884.02	3338.9	
884.19	6165.8	
884.36	5632.6	
884.52	4138.3	
884.69	3849.5	
884.86	5341.1	
885.02	6787	
885.19	4100	
885.36	4231.1	
885.52	5655.1	
885.69	5851.7	
885.86	5335	
886.02	4678.2	
886.19	6130.3	
886.35	5595.1	
886.52	4091.8	
886.69	5171.8	
886.85	5164.3	
887.02	6602.7	
887.19	6602.7	
887.35	6602.7	
887.52	6602.7	
887.68	6602.7	
887.85	6602.7	
888.02	6602.7	
888.18	6602.7	
888.35	6602.7	
888.51	6602.7	
888.68	6602.7	
888.85	6602.7	
889.01	6602.7	
889.18	6602.7	
889.35	6602.7	
889.51	6602.7	
889.68	6602.7	
889.84	6602.7	
890.01	6602.7	
890.17	6602.7	
890.34	6602.7	
890.51	6602.7	
890.67	6602.7	
890.84	6602.7	
891	6602.7	
891.17	6602.7	
891.34	6602.7	
891.5	6602.7	
891.67	6602.7	
891.83	6602.7	
892	6602.7	
892.16	6602.7	
892.33	6602.7	
892.5	6602.7	
892.66	6602.7	
892.83	6602.7	
892.99	6602.7	
893.16	6602.7	
893.32	6602.7	
893.49	6602.7	
893.65	6602.7	
893.82	6602.7	
893.99	6602.7	
894.15	6602.7	
894.32	6602.7	
894.48	6602.7	
894.65	6602.7	
894.81	6602.7	
894.98	6602.7	
895.14	6602.7	
895.31	6602.7	
895.47	6602.7	
895.64	6602.7	
895.81	6602.7	
895.97	6602.7	
896.14	6602.7	
896.3	6602.7	
896.47	6602.7	
896.63	6602.7	
896.8	6602.7	
896.96	6602.7	
897.13	6602.7	
897.29	6602.7	
897.46	6602.7	
897.62	6602.7	
897.79	6602.7	
897.95	6602.7	
898.12	6602.7	
898.28	6602.7	
898.45	6602.7	
898.61	6602.7	
898.78	6602.7	
898.94	6602.7	
899.11	6602.7	
899.27	6602.7	
899.44	6602.7	
899.6	6602.7	
899.77	6602.7	
899.93	6602.7	
900.1	6602.7	
900.26	6602.7	
900.43	6602.7	
900.59	6602.7	
900.76	6602.7	
900.92	6602.7	
901.09	6602.7	
901.25	6602.7	
901.42	6602.7	
901.58	6602.7	
901.75	6602.7	
901.91	6602.7	
902.07	6602.7	
902.24	6602.7	
902.4	6602.7	
902.57	6602.7	
902.73	6602.7	
902.9	6602.7	
903.06	6602.7	
903.23	6602.7	
903.39	6602.7	
903.56	6602.7	
903.72	6602.7	
903.88	6602.7	
904.05	6602.7	
904.21	6602.7	
904.38	6602.7	
904.54	6602.7	
904.71	6602.7	
904.87	6602.7	
905.03	6602.7	
905.2	6602.7	
905.36	6602.7	
905.53	6602.7	
905.69	6602.7	
905.86	6602.7	
906.02	6602.7	
906.18	6602.7	
906.35	6602.7	
906.51	6602.7	
906.68	6602.7	
906.84	6602.7	
907.01	6602.7	
907.17	6602.7	
907.33	6602.7	
907.5	6602.7	
907.66	6602.7	
907.83	6602.7	
907.99	6602.7	
908.15	6602.7	
908.32	6602.7	
908.48	6602.7	
908.65	6602.7	
908.81	6602.7	
908.97	6602.7	
909.14	6602.7	
909.3	6602.7	
909.47	6602.7	
909.63	6602.7	
909.79	6602.7	
909.96	6602.7	
910.12	6602.7	
910.28	6602.7	
910.45	6602.7	
910.61	6602.7	
910.78	6602.7	
910.94	6602.7	
911.1	6602.7	
911.27	6602.7	
911.43	6602.7	
911.59	6602.7	
911.76	6602.7	
911.92	6602.7	
912.08	6602.7	
912.25	6602.7	
912.41	6602.7	
912.57	6602.7	
912.74	6602.7	
912.9	6602.7	
913.07	6602.7	
913.23	6602.7	
913.39	6602.7	
913.56	6602.7	
913.72	6602.7	
913.88	6602.7	
914.05	6602.7	
914.21	6602.7	
914.37	6602.7	
914.54	6602.7	
914.7	6602.7	
914.86	6602.7	
915.03	6602.7	
915.19	6602.7	
