Wavelength	Intensities	
nm	a.u.	
179.22	1935	
179.44	1937.4	
179.65	1932.6	
179.86	1942.2	
180.08	1941.5	
180.29	4986.8	
180.51	3581.9	
180.72	5739.8	
180.94	6694.8	
181.15	3270.6	
181.37	3203.7	
181.58	5585.5	
181.79	5806.7	
182.01	3421.5	
182.22	3653.6	
182.44	5834	
182.65	4878.3	
182.87	4668.7	
183.08	4030.4	
183.29	6113.2	
183.51	5027.1	
183.72	3779.9	
183.94	5485.8	
184.15	5446.2	
184.37	5514.5	
184.58	3248.8	
184.79	4528.7	
185.01	5068	
185.22	5906.3	
185.44	4773.8	
185.65	4057	
185.86	5352	
186.08	4953.4	
186.29	3173.7	
186.51	3422.8	
186.72	5129.5	
186.94	5989.6	
187.15	3984	
187.36	4071.4	
187.58	7884.7	
187.79	5582.1	
188.01	4312.3	
188.22	6718.7	
188.43	6688	
188.65	5836.7	
188.86	3346.4	
189.08	4126	
189.29	5296.7	
189.5	5331.5	
189.72	3809.2	
189.93	3879.5	
190.15	6060.6	
190.36	7252.5	
190.57	4233.2	
190.79	4016.1	
191	6132.3	
191.22	6108.4	
191.43	4168.3	
191.64	3465.8	
191.86	6356.2	
192.07	6113.2	
192.29	3600.3	
192.5	3882.3	
192.71	6067.4	
192.93	5224.4	
193.14	3719.1	
193.35	3845.4	
193.57	5267.4	
193.78	6082.5	
194	3028.3	
194.21	3731.4	
194.42	4991.6	
194.64	5507	
194.85	4102.1	
195.07	4874.8	
195.28	5557.5	
195.49	4722.6	
195.71	5101.5	
195.92	3523.2	
196.13	5712.5	
196.35	5787.6	
196.56	5468.1	
196.78	4127.3	
196.99	7080.5	
197.2	6657.9	
197.42	4633.2	
197.63	4134.8	
197.84	4933.6	
198.06	5648.3	
198.27	3753.2	
198.48	5104.2	
198.7	5232.6	
198.91	5375.2	
199.13	4234.5	
199.34	4124.6	
199.55	5937.7	
199.77	4782	
199.98	3617.4	
200.19	4205.2	
200.41	5314.5	
200.62	5081	
200.83	4288.4	
201.05	4666.6	
201.26	5363.6	
201.47	5102.2	
201.69	3669.3	
201.9	3531.4	
202.11	5488.6	
202.33	6445	
202.54	3940.3	
202.76	4375.1	
202.97	5588.2	
203.18	5593.7	
203.4	4323.9	
203.61	4215.4	
203.82	5535	
204.04	5130.8	
204.25	4155.3	
204.46	4030.4	
204.68	5486.5	
204.89	5744.6	
205.1	4021.5	
205.32	3491.1	
205.53	5935.7	
205.74	6064.7	
205.96	2968.9	
206.17	4252.3	
206.38	5867.4	
206.6	6005.3	
206.81	4765.6	
207.02	3838.6	
207.24	5694	
207.45	6195.1	
207.66	3965.6	
207.88	3332.7	
208.09	5740.5	
208.3	5512.4	
208.52	3558.7	
208.73	3892.5	
208.94	5539.1	
209.15	6267.5	
209.37	3921.9	
209.58	4164.9	
209.79	6069.5	
210.01	5289.2	
210.22	3097.2	
210.43	3340.2	
210.65	5492.7	
210.86	5960.3	
211.07	4004.5	
211.29	3599	
211.5	5821	
211.71	5346.6	
211.93	3587.4	
212.14	3607.8	
212.35	5386.2	
212.56	5647.6	
212.78	4185.4	
212.99	3405.8	
213.2	6519.4	
213.42	5242.8	
213.63	3757.3	
213.84	4046.1	
214.06	4850.3	
214.27	4968.4	
214.48	3954.6	
214.69	4244.1	
214.91	6161.7	
215.12	6352.1	
215.33	4284.4	
215.55	4679.6	
215.76	6767.9	
215.97	5864	
216.18	4118.5	
216.4	3936.9	
216.61	5130.8	
216.82	5973.9	
217.04	3625.6	
217.25	3781.9	
217.46	6195.8	
217.67	5857.9	
217.89	3236.5	
218.1	3349.8	
218.31	5561.6	
218.53	5694	
218.74	3824.2	
218.95	3682.9	
219.16	5416.2	
219.38	6427.2	
219.59	3741	
219.8	4437.3	
220.01	7088	
220.23	5475.6	
220.44	4855.7	
220.65	3552.5	
220.87	5593.7	
221.08	6154.1	
221.29	3374.4	
221.5	4525.3	
221.72	7481.2	
221.93	5223	
222.14	4240.7	
222.35	4932.2	
222.57	5507.7	
222.78	5869.5	
222.99	3977.8	
223.2	4236.6	
223.42	5784.1	
223.63	5926.1	
223.84	3014.6	
224.05	2987.3	
224.27	7019.1	
224.48	6485.2	
224.69	4975.2	
224.9	4205.8	
225.12	5687.2	
225.33	5451	
225.54	3335.5	
225.75	3723.2	
225.97	5064.6	
226.18	5330.9	
226.39	3977.8	
226.6	3706.1	
226.82	5170.4	
227.03	5096	
227.24	4117.8	
227.45	3390.8	
227.67	5829.2	
227.88	6528.2	
228.09	4659.8	
228.3	4653	
228.52	5909.8	
228.73	5434.6	
228.94	3845.4	
229.15	3362.1	
229.36	5377.3	
229.58	5324	
229.79	3907.5	
230	4556.7	
230.21	6572.6	
230.43	5557.5	
230.64	4156.7	
230.85	4334.2	
231.06	5886.5	
231.28	5970.5	
231.49	3429	
231.7	4000.4	
231.91	5801.9	
232.12	5484.5	
232.34	3545	
232.55	4005.1	
232.76	6164.4	
232.97	5728.9	
233.18	3647.4	
233.4	4123.9	
233.61	5728.9	
233.82	5228.5	
234.03	3767.6	
234.25	3704.1	
234.46	7651.2	
234.67	5498.1	
234.88	4232.5	
235.09	3679.5	
235.31	5812.8	
235.52	5394.3	
235.73	4108.2	
235.94	3469.3	
236.15	5204.6	
236.37	6702.3	
236.58	3635.8	
236.79	3969.6	
237	5821	
237.21	5002.5	
237.43	4287.8	
237.64	3355.9	
237.85	10052	
238.06	5033.2	
238.27	4347.2	
238.48	3459	
238.7	5823.7	
238.91	5339.7	
239.12	3954.6	
239.33	3941	
239.54	5245.5	
239.76	5439.4	
239.97	3998.3	
240.18	3934.1	
240.39	6931	
240.6	5781.4	
240.82	4075.5	
241.03	3373	
241.24	5500.2	
241.45	6407.4	
241.66	3659	
241.87	4281.6	
242.09	6249	
242.3	6604	
242.51	4272.7	
242.72	4002.4	
242.93	5954.8	
243.14	5423.7	
243.36	4668.7	
243.57	4999.1	
243.78	6341.9	
243.99	5802.6	
244.2	4016.7	
244.41	3624.9	
244.63	5014.8	
244.84	5870.2	
245.05	4259.1	
245.26	3999	
245.47	5795.8	
245.68	6032	
245.9	5327.4	
246.11	4091.8	
246.32	5340.4	
246.53	5740.5	
246.74	6495.5	
246.95	3326.6	
247.16	4941.7	
247.38	5498.1	
247.59	3277.4	
247.8	4029	
248.01	5142.4	
248.22	5465.3	
248.43	3604.4	
248.64	3895.2	
248.86	4904.2	
249.07	5246.2	
249.28	3523.9	
249.49	4126	
249.7	6100.2	
249.91	6234.7	
250.12	3283.6	
250.34	3388.7	
250.55	5644.9	
250.76	5509.7	
250.97	4084.3	
251.18	4142.4	
251.39	6190.3	
251.6	5653.1	
251.81	4229.1	
252.03	4219.5	
252.24	5177.3	
252.45	6080.4	
252.66	3487.7	
252.87	4437.3	
253.08	5553.4	
253.29	7280.5	
253.5	3406.5	
253.72	4853.7	
253.93	5332.9	
254.14	6516	
254.35	3805.8	
254.56	3865.2	
254.77	5733.6	
254.98	5102.9	
255.19	3700.7	
255.41	4906.3	
255.62	5556.1	
255.83	6281.1	
256.04	4314.4	
256.25	4176.5	
256.46	6556.2	
256.67	5203.2	
256.88	4117.8	
257.09	4585.4	
257.31	5167	
257.52	5196.4	
257.73	5150.6	
257.94	3771	
258.15	5311.7	
258.36	5558.2	
258.57	4782.7	
258.78	3007.8	
258.99	5986.9	
259.2	5322.7	
259.41	3827.7	
259.63	3931.4	
259.84	6361.7	
260.05	6865.5	
260.26	5057.1	
260.47	3687	
260.68	6109.1	
260.89	5416.9	
261.1	4564.9	
261.31	3601.7	
261.52	6105	
261.73	6513.2	
261.95	4937	
262.16	4344.4	
262.37	6239.5	
262.58	6328.2	
262.79	4925.4	
263	3910.3	
263.21	5502.9	
263.42	5010	
263.63	3869.3	
263.84	3858.4	
264.05	6034.7	
264.26	6518	
264.47	4766.3	
264.69	4149.2	
264.9	6260.6	
265.11	5707	
265.32	3663.1	
265.53	3788.7	
265.74	5595.7	
265.95	4887.1	
266.16	4057.7	
266.37	4520.5	
266.58	5620.3	
266.79	5324	
267	3723.2	
267.21	3471.3	
267.42	5084.4	
267.63	5512.4	
267.84	3999.7	
268.06	3405.8	
268.27	5912.5	
268.48	6214.9	
268.69	3859.1	
268.9	4585.4	
269.11	6221.7	
269.32	4980.7	
269.53	4001.7	
269.74	3674.1	
269.95	5864.7	
270.16	4829.8	
270.37	4009.2	
270.58	4612.7	
270.79	5365	
271	6047.7	
271.21	4299.4	
271.42	3994.2	
271.63	5670.8	
271.84	5150.6	
272.05	3145.7	
272.26	3566.9	
272.47	5552	
272.68	5717.9	
272.89	3780.6	
273.11	4489.1	
273.32	5280.3	
273.53	6483.2	
273.74	4297.3	
273.95	4264.6	
274.16	6137.1	
274.37	5585.5	
274.58	4397	
274.79	3478.1	
275	5629.9	
275.21	6188.3	
275.42	5150	
275.63	4471.4	
275.84	5737	
276.05	7252.5	
276.26	4175.8	
276.47	3936.2	
276.68	5354.8	
276.89	6532.3	
277.1	4548.5	
277.31	3532.7	
277.52	5744.6	
277.73	5931.6	
277.94	3473.4	
278.15	3778.5	
278.36	5687.2	
278.57	5180	
278.78	3805.8	
278.99	4334.9	
279.2	5102.9	
279.41	5033.2	
279.62	5046.2	
279.83	3554.6	
280.04	6725.5	
280.25	4977.9	
280.46	5020.9	
280.67	4005.8	
280.88	5084.4	
281.09	6219.7	
281.3	4177.2	
281.51	5306.3	
281.72	5242.1	
281.93	6042.9	
282.14	3661.8	
282.35	4038.6	
282.56	6062	
282.77	5980.8	
282.98	3874.1	
283.19	4668	
283.4	7331	
283.61	5427.1	
283.82	3393.5	
284.03	5008.6	
284.24	5560.9	
284.45	6171.9	
284.66	4965	
284.87	4785.4	
285.08	6115.9	
285.29	6246.3	
285.5	3365.5	
285.71	3842	
285.92	6152.1	
286.12	6842.3	
286.33	4930.8	
286.54	3867.2	
286.75	5951.4	
286.96	5388.9	
287.17	3499.3	
287.38	4838	
287.59	5098.8	
287.8	5013.4	
288.01	3911.6	
288.22	4468	
288.43	6034	
288.64	5041.4	
288.85	4634.6	
289.06	4379.2	
289.27	5924.1	
289.48	6504.3	
289.69	4962.2	
289.9	4448.9	
290.11	6179.4	
290.32	5184.1	
290.53	4712.4	
290.74	4388.1	
290.94	5937.1	
291.15	6008.1	
291.36	3671.3	
291.57	4459.1	
291.78	5254.4	
291.99	4906.3	
292.2	3562.8	
292.41	4405.9	
292.62	6158.2	
292.83	5860.6	
293.04	5376.6	
293.25	3591.5	
293.46	5274.2	
293.67	6064.7	
293.88	3796.9	
294.09	3626.3	
294.29	5033.2	
294.5	5601.2	
294.71	4012.7	
294.92	3807.9	
295.13	5335.6	
295.34	6597.9	
295.55	3372.3	
295.76	3460.4	
295.97	5905.7	
296.18	6737.1	
296.39	3545	
296.6	3705.5	
296.81	5599.8	
297.01	5895.4	
297.22	3928.7	
297.43	3695.9	
297.64	5086.5	
297.85	5137.7	
298.06	3119.1	
298.27	3324.5	
298.48	5612.8	
298.69	5229.1	
298.9	4030.4	
299.11	3731.4	
299.31	5016.2	
299.52	5012.1	
299.73	4361.5	
299.94	4259.1	
300.15	5532.9	
300.36	5122	
300.57	4246.8	
300.78	4205.2	
300.99	5421.7	
301.2	5651.7	
301.4	3663.1	
301.61	4065.9	
301.82	5812.8	
302.03	5969.8	
302.24	4592.2	
302.45	3492.5	
302.66	5859.9	
302.87	6246.3	
303.08	3738.9	
303.29	5071.5	
303.49	5246.2	
303.7	5595.7	
303.91	3312.2	
304.12	4868.7	
304.33	5007.3	
304.54	5674.2	
304.75	3816.7	
304.96	3583.9	
305.16	5856.5	
305.37	6604	
305.58	3253.5	
305.79	3405.8	
306	5790.3	
306.21	4903.5	
306.42	3710.9	
306.63	5735	
306.83	5409.4	
307.04	6171.9	
307.25	4119.1	
307.46	4123.9	
307.67	4708.3	
307.88	5986.9	
308.09	3609.9	
308.29	3831.7	
308.5	5641.5	
308.71	6182.1	
308.92	4106.2	
309.13	3583.9	
309.34	5394.3	
309.55	5449.6	
309.75	4654.4	
309.96	4242	
310.17	5993	
310.38	5168.4	
310.59	4542.4	
310.8	3482.9	
311.01	5292	
311.21	5371.8	
311.42	3548.4	
311.63	3678.2	
311.84	5242.1	
312.05	5711.8	
312.26	4146.5	
312.46	4596.3	
312.67	5403.9	
312.88	5041.4	
313.09	3592.8	
313.3	3576.4	
313.51	6419	
313.71	6688.7	
313.92	3639.2	
314.13	3855.6	
314.34	5681.1	
314.55	5457.2	
314.76	4622.9	
314.96	4048.2	
315.17	5569.1	
315.38	5937.7	
315.59	3646.1	
315.8	3398.3	
316.01	6453.1	
316.21	6496.2	
316.42	3469.3	
316.63	3966.2	
316.84	5356.8	
317.05	6240.2	
317.26	4269.3	
317.46	3804.4	
317.67	5414.8	
317.88	5926.1	
318.09	4607.2	
318.3	3352.5	
318.5	5171.1	
318.71	5896.8	
318.92	5919.3	
319.13	4243.4	
319.34	6073.6	
319.54	6174.6	
319.75	3369.6	
319.96	3175.7	
320.17	5895.4	
320.38	6107.7	
320.58	3275.4	
320.79	3943.7	
321	6085.9	
321.21	6268.1	
321.42	4015.4	
321.62	3366.9	
321.83	5059.2	
322.04	5550.7	
322.25	3849.5	
322.46	3662.5	
322.66	5598.5	
322.87	5833.3	
323.08	4448.9	
323.29	3497.9	
323.5	6602.7	
323.7	5059.2	
323.91	4942.4	
324.12	4458.4	
324.33	5595.1	
324.53	5859.9	
324.74	4289.1	
324.95	4508.3	
325.16	4915.8	
325.37	5288.5	
325.57	3654.9	
325.78	3714.3	
325.99	5610.8	
326.2	4995	
326.4	5152.7	
326.61	3373	
326.82	5459.9	
327.03	5680.4	
327.24	5202.5	
327.44	4898.1	
327.65	5839.4	
327.86	4700.8	
328.07	4295.3	
328.27	3458.3	
328.48	6240.8	
328.69	5104.2	
328.9	5254.4	
329.1	3871.3	
329.31	5401.9	
329.52	6382.8	
329.73	3586.7	
329.93	4052.9	
330.14	5524.1	
330.35	5856.5	
330.56	6049	
330.76	4597.7	
330.97	5338.4	
331.18	5726.8	
331.39	4009.9	
331.59	3268.6	
331.8	6135.7	
332.01	6270.2	
332.22	3769.6	
332.42	4275.5	
332.63	5685.8	
332.84	5206.6	
333.05	3992.2	
333.25	3650.2	
333.46	5271.5	
333.67	5501.5	
333.88	3799	
334.08	4259.1	
334.29	7576.8	
334.5	6186.2	
334.7	3523.2	
334.91	5169.8	
335.12	5101.5	
335.33	6012.8	
335.53	4035.9	
335.74	6010.8	
335.95	5249.6	
336.16	5117.9	
336.36	4008.6	
336.57	4656.4	
336.78	5061.9	
336.98	6143.2	
337.19	4990.2	
337.4	3956.7	
337.61	6727.6	
337.81	5033.2	
338.02	3726.6	
338.23	4784.1	
338.43	6326.2	
338.64	5177.9	
338.85	3631	
339.05	4807.9	
339.26	6391.7	
339.47	4917.9	
339.68	3564.1	
339.88	5412.8	
340.09	5801.9	
340.3	6042.2	
340.5	4287.1	
340.71	3244	
340.92	4952	
341.13	6278.4	
341.33	3509.5	
341.54	4276.2	
341.75	5720.7	
341.95	5453.7	
342.16	4102.8	
342.37	4424.3	
342.57	5076.9	
342.78	5481	
342.99	4497.3	
343.19	3250.8	
343.4	5973.2	
343.61	5808	
343.81	3848.8	
344.02	3547.1	
344.23	5972.6	
344.43	6410.1	
344.64	4534.9	
344.85	4441.4	
345.06	5795.8	
345.26	6140.5	
345.47	4214.7	
345.68	4959.5	
345.88	4896.7	
346.09	6020.3	
346.3	4310.3	
346.5	3213.3	
346.71	5610.8	
346.92	5249.6	
347.12	3308.2	
347.33	4171.7	
347.54	6111.8	
347.74	6550.8	
347.95	4149.9	
348.16	3135.4	
348.36	5316.5	
348.57	5031.2	
348.78	4140.3	
348.98	4474.8	
349.19	5455.8	
349.39	4954	
349.6	3354.6	
349.81	3723.9	
350.01	5714.5	
350.22	5253.7	
350.43	4021.5	
350.63	4903.5	
350.84	5588.9	
351.05	5304.2	
351.25	3634.5	
351.46	3287.7	
351.67	6172.6	
351.87	5238.7	
352.08	3897.3	
352.29	4475.5	
352.49	5984.8	
352.7	5646.9	
352.9	3558	
353.11	4403.1	
353.32	6696.2	
353.52	5289.2	
353.73	3439.9	
353.94	4495.3	
354.14	5782.1	
354.35	5679.7	
354.55	3568.9	
354.76	4005.1	
354.97	5772.5	
355.17	5551.4	
355.38	3405.8	
355.59	4771.1	
355.79	5202.5	
356	5657.9	
356.2	3996.3	
356.41	3437.9	
356.62	4888.5	
356.82	5479	
357.03	4263.2	
357.24	3837.9	
357.44	5214.1	
357.65	5380	
357.85	5237.3	
358.06	4093.2	
358.27	4948.6	
358.47	5218.9	
358.68	3354.6	
358.88	4308.9	
359.09	5832.6	
359.3	6201.2	
359.5	5008	
359.71	4421.6	
359.91	6695.5	
360.12	5930.9	
360.33	4259.8	
360.53	4767	
360.74	5214.8	
360.94	5303.6	
361.15	4526	
361.36	3648.8	
361.56	6057.2	
361.77	5467.4	
361.97	5060.5	
362.18	3919.8	
362.38	6047.7	
362.59	5076.9	
362.8	3608.5	
363	3409.9	
363.21	4883	
363.41	5603.9	
363.62	4211.3	
363.83	5267.4	
364.03	5621	
364.24	6699.6	
364.44	5244.8	
364.65	5176.6	
364.85	5381.4	
365.06	5217.5	
365.27	3750.5	
365.47	3827	
365.68	6497.5	
365.88	5324.7	
366.09	4212	
366.29	3866.6	
366.5	5681.1	
366.71	6165.8	
366.91	5254.4	
367.12	4354	
367.32	6691.4	
367.53	5987.6	
367.73	4296	
367.94	5384.1	
368.14	5911.1	
368.35	6883.9	
368.56	4314.4	
368.76	3648.8	
368.97	5973.2	
369.17	7829.4	
369.38	3758.7	
369.58	4038.6	
369.79	5069.4	
369.99	6421.1	
370.2	5171.1	
370.4	4143	
370.61	5785.5	
370.82	7027.3	
371.02	4116.4	
371.23	3319.8	
371.43	4885.1	
371.64	6320.7	
371.84	4106.2	
372.05	5352.7	
372.25	7714.7	
372.46	6113.9	
372.66	4084.3	
372.87	4031.1	
373.07	6163.7	
373.28	7776.1	
373.48	5139	
373.69	4892.6	
373.9	5592.3	
374.1	5560.9	
374.31	5127.4	
374.51	4618.2	
374.72	6428.6	
374.92	5216.9	
375.13	5292	
375.33	4371.7	
375.54	5885.2	
375.74	5380.7	
375.95	4502.1	
376.15	5812.1	
376.36	6004	
376.56	5823.7	
376.77	4558.8	
376.97	5047.6	
377.18	7059.3	
377.38	6017.6	
377.59	5425.8	
377.79	4003.8	
378	5829.9	
378.2	6309.1	
378.41	4068.6	
378.61	3982.6	
378.82	6399.2	
379.02	5378.6	
379.23	4259.8	
379.43	5498.1	
379.64	6383.5	
379.84	6031.3	
380.05	4105.5	
380.25	4030.4	
380.46	6148.7	
380.66	5741.1	
380.87	5535	
381.07	5869.5	
381.28	6830	
381.48	6154.1	
381.69	4100	
381.89	4120.5	
382.1	5014.8	
382.3	6324.8	
382.51	5348.6	
382.71	6240.2	
382.91	6163.7	
383.12	6731.7	
383.32	4454.3	
383.53	4714.4	
383.73	5954.8	
383.94	5777.3	
384.14	4672.1	
384.35	3704.8	
384.55	5736.4	
384.76	6239.5	
384.96	4463.2	
385.17	4808.6	
385.37	6145.3	
385.58	5299.5	
385.78	4880.3	
385.98	3667.2	
386.19	5679	
386.39	6055.8	
386.6	4331.5	
386.8	4552	
387.01	6172.6	
387.21	6199.9	
387.42	4999.1	
387.62	5604.6	
387.83	5498.1	
388.03	6235.4	
388.23	4577.9	
388.44	5504.3	
388.64	5075.5	
388.85	5289.2	
389.05	5012.7	
389.26	5645.6	
389.46	7269.6	
389.67	6666.8	
389.87	4821.6	
390.07	5029.1	
390.28	5911.1	
390.48	5393.7	
390.69	4145.8	
390.89	4470.7	
391.1	5566.4	
391.3	6540.5	
391.5	5773.9	
391.71	6363	
391.91	6281.1	
392.12	7409.6	
392.32	5881.1	
392.53	5076.2	
392.73	5627.8	
392.93	5936.4	
393.14	4625.7	
393.34	5433.9	
393.55	6305.7	
393.75	5859.9	
393.95	4638	
394.16	4611.3	
394.36	5689.3	
394.57	6402.6	
394.77	4143.7	
394.98	4666.6	
395.18	5658.5	
395.38	5711.8	
395.59	5579.3	
395.79	4362.9	
396	5763	
396.2	6263.4	
396.4	5252.4	
396.61	5186.1	
396.81	6452.5	
397.02	5678.3	
397.22	5604.6	
397.42	5655.1	
397.63	6413.6	
397.83	5625.1	
398.04	4379.2	
398.24	4930.1	
398.44	6226.5	
398.65	5253.7	
398.85	4211.3	
399.05	4364.2	
399.26	5620.3	
399.46	7545.4	
399.67	4797	
399.87	4460.5	
400.07	6046.3	
400.28	6389	
400.48	4588.1	
400.69	5674.9	
400.89	6679.8	
401.09	7077.1	
401.3	4423.6	
401.5	5697.4	
401.7	7290.1	
401.91	7520.8	
402.11	4704.9	
402.32	5016.2	
402.52	6574.7	
402.72	6445	
402.93	5272.8	
403.13	3937.6	
403.33	7413.6	
403.54	6058.6	
403.74	5070.8	
403.94	5951.4	
404.15	6232.7	
404.35	7435.5	
404.56	4820.2	
404.76	6759.7	
404.96	6720.8	
405.17	6457.9	
405.37	6119.3	
405.57	5298.8	
405.78	6694.1	
405.98	6049.7	
406.18	4753.3	
406.39	5784.8	
406.59	6696.2	
406.79	6379.4	
407	4730.1	
407.2	4913.8	
407.4	6898.2	
407.61	7114.6	
407.81	4924.7	
408.01	7109.9	
408.22	5839.4	
408.42	8036.9	
408.62	6016.9	
408.83	5455.8	
409.03	6422.4	
409.23	6335.7	
409.44	5547.3	
409.64	5924.8	
409.84	7531.1	
410.05	7453.2	
410.25	5724.8	
410.45	5478.3	
410.66	6870.3	
410.86	9439.8	
411.06	6014.2	
411.27	5855.8	
411.47	9349	
411.67	7079.1	
411.88	6146	
412.08	6386.9	
412.28	7704.5	
412.49	8259.5	
412.69	5950.7	
412.89	5927.5	
413.09	8102.4	
413.3	7911.3	
413.5	5989.6	
413.7	5603.9	
413.91	7178.8	
414.11	8144.1	
414.31	5847.6	
414.52	6358.9	
414.72	7824.6	
414.92	7718.1	
415.12	5896.8	
415.33	6376	
415.53	8121.6	
415.73	8310	
415.94	6922.1	
416.14	6236.7	
416.34	7086.7	
416.55	6804	
416.75	7542.7	
416.95	6896.9	
417.15	8197.3	
417.36	8910.7	
417.56	7796.6	
417.76	6780.8	
417.97	8622.6	
418.17	8268.3	
418.37	6214.9	
418.57	6347.3	
418.78	7853.3	
418.98	7560.4	
419.18	7303.7	
419.38	7182.9	
419.59	7704.5	
419.79	7308.5	
419.99	6363.7	
420.2	6750.8	
420.4	8275.2	
420.6	8485.4	
420.8	6133.7	
421.01	6042.9	
421.21	8155.7	
421.41	8277.2	
421.61	6555.5	
421.82	6275	
422.02	7522.2	
422.22	8551	
422.42	7125.6	
422.63	6683.2	
422.83	7655.3	
423.03	8929.8	
423.23	6782.9	
423.44	5649	
423.64	7756.3	
423.84	7501.7	
424.04	6171.9	
424.25	5844.2	
424.45	8783.1	
424.65	8695.7	
424.85	5616.2	
425.06	6219	
425.26	8634.2	
425.46	7564.5	
425.66	6735.1	
425.87	6374.6	
426.07	8447.2	
426.27	8331.8	
426.47	6591.7	
426.67	5830.6	
426.88	8837	
427.08	8230.1	
427.28	6812.9	
427.48	5831.9	
427.69	7058.7	
427.89	7870.3	
428.09	6922.1	
428.29	5939.1	
428.5	8567.3	
428.7	8066.9	
428.9	5893.4	
429.1	6516	
429.3	8049.2	
429.51	8574.2	
429.71	6184.9	
429.91	7152.2	
430.11	8279.3	
430.31	8624.7	
430.52	6565.8	
430.72	6898.9	
430.92	8953	
431.12	8474.5	
431.32	6341.2	
431.53	6780.8	
431.73	7330.4	
431.93	9106.6	
432.13	6251.1	
432.33	6085.2	
432.54	7758.4	
432.74	8382.3	
432.94	6087.9	
433.14	7221.1	
433.34	8371.4	
433.55	7969.3	
433.75	7120.8	
433.95	9069.1	
434.15	8229.4	
434.35	7976.2	
434.56	6277.7	
434.76	5823.7	
434.96	8284	
435.16	8590.5	
435.36	6257.9	
435.56	7518.8	
435.77	7955	
435.97	8105.9	
436.17	8226	
436.37	7367.2	
436.57	7857.4	
436.78	7808.9	
436.98	7410.9	
437.18	7963.2	
437.38	8680	
437.58	8006.9	
437.78	7989.1	
437.99	6604.7	
438.19	8525.7	
438.39	9385.8	
438.59	6701	
438.79	6191.7	
438.99	9575.6	
439.2	8368	
439.4	6459.3	
439.6	6425.8	
439.8	8660.9	
440	9782.5	
440.2	7643.7	
440.4	7741.3	
440.61	9065.7	
440.81	9610.4	
441.01	6612.9	
441.21	7533.1	
441.41	9455.5	
441.61	9004.2	
441.81	7973.4	
442.02	9073.2	
442.22	10112	
442.42	9241.8	
442.62	6838.9	
442.82	6890	
443.02	9585.9	
443.22	8768	
443.43	7376.1	
443.63	6920.8	
443.83	8428.1	
444.03	8511.4	
444.23	8246.5	
444.43	7643	
444.63	8884.8	
444.83	10019	
445.04	6892.8	
445.24	8285.4	
445.44	9054.8	
445.64	9154.4	
445.84	7757	
446.04	7752.9	
446.24	8537.3	
446.44	9624.8	
446.65	7005.4	
446.85	7368.6	
447.05	8916.2	
447.25	9549.7	
447.45	7466.9	
447.65	6836.1	
447.85	8923	
448.05	8527.7	
448.25	8049.9	
448.46	7770.7	
448.66	8956.4	
448.86	8726.4	
449.06	6790.4	
449.26	7983	
449.46	9374.2	
449.66	8321.6	
449.86	7565.9	
450.06	7447.8	
450.26	8621.9	
450.47	9214.5	
450.67	7660.8	
450.87	8153	
451.07	9265.7	
451.27	9148.3	
451.47	6996.5	
451.67	7825.3	
451.87	8733.2	
452.07	9893.7	
452.27	7366.5	
452.47	7262.8	
452.67	9051.3	
452.88	9737.4	
453.08	6703	
453.28	8966.7	
453.48	10512	
453.68	9138.7	
453.88	7499	
454.08	7718.8	
454.28	9682.1	
454.48	9249.3	
454.68	8295	
454.88	8833.6	
455.08	9701.9	
455.28	9547.6	
455.48	7307.8	
455.68	7992.5	
455.89	10434	
456.09	10056	
456.29	7840.3	
456.49	7962.5	
456.69	10354	
456.89	9549.7	
457.09	8557.8	
457.29	8950.3	
457.49	10030	
457.69	10184	
457.89	8477.9	
458.09	7789.1	
458.29	9788.6	
458.49	10425	
458.69	8921	
458.89	8202.8	
459.09	10851	
459.29	10847	
459.49	8277.9	
459.69	9157.8	
459.9	10430	
460.1	10034	
460.3	8241	
460.5	8211.7	
460.7	10550	
460.9	10186	
461.1	7852.6	
461.3	9236.3	
461.5	11265	
461.7	10921	
461.9	8562.6	
462.1	8946.2	
462.3	10456	
462.5	11157	
462.7	8690.9	
462.9	8817.9	
463.1	12200	
463.3	11899	
463.5	8951.7	
463.7	10130	
463.9	10770	
464.1	11247	
464.3	9290.3	
464.5	9508.7	
464.7	11524	
464.9	11237	
465.1	11118	
465.3	9910.1	
465.5	11918	
465.7	11886	
465.9	10275	
466.1	9924.5	
466.3	11842	
466.5	11619	
466.7	11152	
466.9	9910.8	
467.1	11667	
467.3	12671	
467.5	11193	
467.7	9901.9	
467.9	12893	
468.1	13757	
468.3	10771	
468.5	11305	
468.7	11624	
468.9	11541	
469.1	10165	
469.3	11095	
469.5	13823	
469.7	11258	
469.9	10507	
470.1	10008	
470.3	11568	
470.5	11623	
470.7	11237	
470.9	9934.7	
471.1	11505	
471.3	11798	
471.5	9960	
471.69	11908	
471.89	11280	
472.09	10751	
472.29	10798	
472.49	10957	
472.69	11031	
472.89	11785	
473.09	9714.2	
473.29	9781.1	
473.49	11236	
473.69	11428	
473.89	10859	
474.09	10061	
474.29	12690	
474.49	12403	
474.69	10976	
474.89	10153	
475.09	11412	
475.29	11411	
475.49	9487.6	
475.69	9887.6	
475.88	12850	
476.08	11643	
476.28	9380.4	
476.48	9962	
476.68	12138	
476.88	11929	
477.08	9841.2	
477.28	10347	
477.48	11505	
477.68	12189	
477.88	9821.4	
478.08	10088	
478.28	12530	
478.48	11579	
478.67	10120	
478.87	9303.9	
479.07	12495	
479.27	11703	
479.47	10397	
479.67	10335	
479.87	12125	
480.07	12839	
480.27	9662.3	
480.47	11276	
480.67	11852	
480.87	12560	
481.06	9809.8	
481.26	10780	
481.46	11843	
481.66	11739	
481.86	10476	
482.06	11525	
482.26	11510	
482.46	12753	
482.66	10553	
482.86	10092	
483.05	12123	
483.25	11422	
483.45	13121	
483.65	10497	
483.85	11706	
484.05	12057	
484.25	10986	
484.45	11630	
484.65	12991	
484.84	13109	
485.04	10658	
485.24	10613	
485.44	13296	
485.64	11617	
485.84	9960.6	
486.04	11555	
486.24	12107	
486.44	12542	
486.63	10056	
486.83	10965	
487.03	12178	
487.23	12492	
487.43	10242	
487.63	12796	
487.83	12420	
488.02	13609	
488.22	11319	
488.42	12152	
488.62	13369	
488.82	12278	
489.02	10871	
489.22	11144	
489.41	13321	
489.61	13008	
489.81	10698	
490.01	10686	
490.21	13051	
490.41	13679	
490.61	10482	
490.8	10613	
491	12512	
491.2	11751	
491.4	11454	
491.6	10591	
491.8	12836	
491.99	12977	
492.19	10769	
492.39	11181	
492.59	13726	
492.79	13687	
492.99	12259	
493.18	11232	
493.38	13795	
493.58	14854	
493.78	12155	
493.98	11639	
494.18	13725	
494.37	13320	
494.57	12590	
494.77	12524	
494.97	14128	
495.17	14589	
495.37	12035	
495.56	12378	
495.76	14684	
495.96	14244	
496.16	13230	
496.36	12342	
496.55	14482	
496.75	14170	
496.95	12643	
497.15	12625	
497.35	14464	
497.54	14684	
497.74	12451	
497.94	14425	
498.14	15412	
498.34	15208	
498.53	12336	
498.73	13242	
498.93	14151	
499.13	14902	
499.33	13056	
499.52	13511	
499.72	14823	
499.92	14923	
500.12	12638	
500.32	13096	
500.51	15076	
500.71	14917	
500.91	13913	
501.11	13470	
501.31	14962	
501.5	15421	
501.7	14198	
501.9	13091	
502.1	14693	
502.29	14929	
502.49	13424	
502.69	13779	
502.89	14877	
503.09	14840	
503.28	12190	
503.48	12499	
503.68	13961	
503.88	14081	
504.07	13519	
504.27	12756	
504.47	14317	
504.67	14343	
504.86	13235	
505.06	12862	
505.26	13817	
505.46	15825	
505.65	12534	
505.85	12895	
506.05	13662	
506.25	14269	
506.44	11938	
506.64	12863	
506.84	13636	
507.04	14610	
507.23	12106	
507.43	12537	
507.63	15362	
507.83	13610	
508.02	12480	
508.22	12094	
508.42	15800	
508.62	13475	
508.81	12813	
509.01	13224	
509.21	13408	
509.4	13855	
509.6	12912	
509.8	12242	
510	13809	
510.19	15476	
510.39	12140	
510.59	12170	
510.79	13644	
510.98	15040	
511.18	12252	
511.38	12388	
511.57	14332	
511.77	14345	
511.97	13013	
512.17	11961	
512.36	14578	
512.56	14437	
512.76	12235	
512.95	11962	
513.15	14770	
513.35	13371	
513.55	13245	
513.74	12304	
513.94	14726	
514.14	14042	
514.33	13532	
514.53	13412	
514.73	14118	
514.92	14561	
515.12	12766	
515.32	12628	
515.51	14629	
515.71	15218	
515.91	14370	
516.11	12699	
516.3	16403	
516.5	14180	
516.7	13147	
516.89	13811	
517.09	14225	
517.29	14175	
517.48	13697	
517.68	12961	
517.88	14064	
518.07	14751	
518.27	13559	
518.47	12660	
518.66	15359	
518.86	13997	
519.06	12469	
519.25	12824	
519.45	14217	
519.65	15870	
519.84	13306	
520.04	13982	
520.24	15941	
520.43	14515	
520.63	13007	
520.83	12734	
521.02	13966	
521.22	14775	
521.42	13349	
521.61	14278	
521.81	14416	
522.01	14806	
522.2	13666	
522.4	13371	
522.6	15467	
522.79	14384	
522.99	13563	
523.18	13073	
523.38	15360	
523.58	15443	
523.77	15287	
523.97	13185	
524.17	17419	
524.36	16538	
524.56	14653	
524.76	14465	
524.95	15745	
525.15	15283	
525.34	14129	
525.54	14362	
525.74	15999	
525.93	14894	
526.13	15524	
526.33	14286	
526.52	16480	
526.72	16115	
526.91	15803	
527.11	15061	
527.31	16763	
527.5	17231	
527.7	15010	
527.89	14085	
528.09	15702	
528.29	16477	
528.48	15412	
528.68	15099	
528.87	16840	
529.07	16585	
529.27	14611	
529.46	13965	
529.66	15702	
529.85	16333	
530.05	13804	
530.25	14713	
530.44	17647	
530.64	16250	
530.83	14875	
531.03	15353	
531.23	17040	
531.42	16905	
531.62	16211	
531.81	15292	
532.01	17591	
532.21	17936	
532.4	15117	
532.6	15629	
532.79	18340	
532.99	17542	
533.18	15724	
533.38	16888	
533.58	17165	
533.77	17998	
533.97	15775	
534.16	16655	
534.36	18344	
534.55	17141	
534.75	16692	
534.95	15657	
535.14	17994	
535.34	16901	
535.53	15228	
535.73	17373	
535.92	18530	
536.12	17141	
536.31	15387	
536.51	16941	
536.71	17606	
536.9	17155	
537.1	15682	
537.29	15995	
537.49	18131	
537.68	17300	
537.88	16439	
538.07	15561	
538.27	17566	
538.46	18692	
538.66	15383	
538.86	15912	
539.05	17253	
539.25	17957	
539.44	16230	
539.64	15472	
539.83	17077	
540.03	18243	
540.22	15498	
540.42	15613	
540.61	17418	
540.81	17576	
541	15955	
541.2	16822	
541.39	16849	
541.59	17243	
541.78	16224	
541.98	15130	
542.18	16313	
542.37	16285	
542.57	15330	
542.76	16028	
542.96	16006	
543.15	16976	
543.35	15233	
543.54	14633	
543.74	17257	
543.93	16785	
544.13	15324	
544.32	16490	
544.52	17141	
544.71	16157	
544.91	14362	
545.1	15709	
545.3	16178	
545.49	17074	
545.69	14261	
545.88	14852	
546.08	18029	
546.27	17724	
546.47	15461	
546.66	14650	
546.86	17264	
547.05	17861	
547.24	14955	
547.44	14941	
547.63	15979	
547.83	17206	
548.02	15027	
548.22	15207	
548.41	15783	
548.61	17155	
548.8	14644	
549	14514	
549.19	16267	
549.39	16702	
549.58	14136	
549.78	14833	
549.97	16665	
550.17	16232	
550.36	15697	
550.55	16798	
550.75	16206	
550.94	17260	
551.14	14529	
551.33	14919	
551.53	15620	
551.72	16822	
551.92	14821	
552.11	14650	
552.31	16661	
552.5	16749	
552.69	16394	
552.89	14178	
553.08	16663	
553.28	16388	
553.47	14590	
553.67	15903	
553.86	17223	
554.06	15449	
554.25	13680	
554.44	14396	
554.64	17881	
554.83	17479	
555.03	14347	
555.22	14732	
555.42	16733	
555.61	16472	
555.8	14529	
556	14930	
556.19	15660	
556.39	16836	
556.58	14727	
556.78	14500	
556.97	16398	
557.16	16124	
557.36	15881	
557.55	14377	
557.75	15165	
557.94	17148	
558.13	14242	
558.33	14077	
558.52	16826	
558.72	15739	
558.91	13982	
559.1	14248	
559.3	15406	
559.49	14965	
559.69	13696	
559.88	14682	
560.07	16197	
560.27	16511	
560.46	14808	
560.66	14960	
560.85	15943	
561.04	15153	
561.24	14053	
561.43	14117	
561.63	15376	
561.82	15711	
562.01	15709	
562.21	14767	
562.4	16163	
562.59	17275	
562.79	14541	
562.98	14144	
563.18	16150	
563.37	17795	
563.56	15128	
563.76	14192	
563.95	15797	
564.14	15569	
564.34	14666	
564.53	14436	
564.73	16361	
564.92	16835	
565.11	14788	
565.31	14319	
565.5	16953	
565.69	15885	
565.89	14480	
566.08	14797	
566.27	16845	
566.47	17424	
566.66	15487	
566.85	14012	
567.05	16391	
567.24	15810	
567.44	14372	
567.63	15947	
567.82	16698	
568.02	16432	
568.21	14553	
568.4	14924	
568.6	16391	
568.79	16417	
568.98	14243	
569.18	14502	
569.37	16227	
569.56	18322	
569.76	14621	
569.95	15605	
570.14	16361	
570.34	16368	
570.53	14054	
570.72	14150	
570.91	17040	
571.11	16077	
571.3	14583	
571.49	15597	
571.69	16143	
571.88	15640	
572.07	15305	
572.27	15304	
572.46	15794	
572.65	17027	
572.85	14584	
573.04	15097	
573.23	17378	
573.43	16594	
573.62	14678	
573.81	15247	
574	16685	
574.2	16528	
574.39	14975	
574.58	15144	
574.78	17662	
574.97	16749	
575.16	15564	
575.36	15735	
575.55	17389	
575.74	17502	
575.93	14572	
576.13	15705	
576.32	16482	
576.51	17286	
576.71	15010	
576.9	17131	
577.09	17785	
577.28	17233	
577.48	15790	
577.67	14761	
577.86	16821	
578.05	17185	
578.25	15530	
578.44	15502	
578.63	17011	
578.83	18372	
579.02	14666	
579.21	16580	
579.4	17150	
579.6	17098	
579.79	15702	
579.98	18087	
580.17	17851	
580.37	18008	
580.56	15381	
580.75	16266	
580.94	18538	
581.14	18426	
581.33	16909	
581.52	15628	
581.71	17940	
581.91	18610	
582.1	15516	
582.29	16195	
582.48	17580	
582.68	17598	
582.87	16609	
583.06	16280	
583.25	18079	
583.45	17372	
583.64	17026	
583.83	17940	
584.02	17521	
584.21	18078	
584.41	16902	
584.6	16238	
584.79	17866	
584.98	18380	
585.18	15651	
585.37	15642	
585.56	17123	
585.75	17982	
585.94	15623	
586.14	16488	
586.33	18391	
586.52	17430	
586.71	16006	
586.91	15746	
587.1	16490	
587.29	17516	
587.48	15212	
587.67	15236	
587.87	17051	
588.06	17098	
588.25	16243	
588.44	15268	
588.63	15988	
588.83	16538	
589.02	13878	
589.21	13602	
589.4	14956	
589.59	14716	
589.78	12189	
589.98	12628	
590.17	13934	
590.36	14556	
590.55	12076	
590.74	12904	
590.94	16318	
591.13	14798	
591.32	12979	
591.51	12503	
591.7	15340	
591.89	14764	
592.09	12564	
592.28	13091	
592.47	13991	
592.66	16029	
592.85	12707	
593.05	13067	
593.24	14791	
593.43	15830	
593.62	13290	
593.81	13876	
594	14952	
594.19	15085	
594.39	12950	
594.58	12783	
594.77	15046	
594.96	15612	
595.15	12721	
595.34	13414	
595.54	15018	
595.73	14272	
595.92	12411	
596.11	13648	
596.3	15881	
596.49	14446	
596.68	13461	
596.88	13831	
597.07	15640	
597.26	14352	
597.45	12825	
597.64	14309	
597.83	14759	
598.02	15431	
598.22	13011	
598.41	13833	
598.6	15300	
598.79	14710	
598.98	13180	
599.17	14073	
599.36	15391	
599.55	16596	
599.74	15530	
599.94	15336	
600.13	16093	
600.32	14807	
600.51	13250	
600.7	13459	
600.89	16686	
601.08	16882	
601.27	13287	
601.47	14397	
601.66	16120	
601.85	16921	
602.04	14083	
602.23	14064	
602.42	15323	
602.61	15866	
602.8	14000	
602.99	13740	
603.18	15708	
603.37	16029	
603.57	14558	
603.76	15126	
603.95	16790	
604.14	16425	
604.33	13981	
604.52	14411	
604.71	16022	
604.9	15614	
605.09	14975	
605.28	14802	
605.47	16646	
605.66	16274	
605.86	14562	
606.05	14040	
606.24	16599	
606.43	15118	
606.62	14455	
606.81	15037	
607	16590	
607.19	15790	
607.38	13666	
607.57	13968	
607.76	15611	
607.95	14997	
608.14	14272	
608.33	14920	
608.52	15483	
608.72	16387	
608.91	13634	
609.1	13442	
609.29	15570	
609.48	15011	
609.67	14629	
609.86	13510	
610.05	15175	
610.24	15497	
610.43	13446	
610.62	12984	
610.81	16664	
611	16446	
611.19	13424	
611.38	14371	
611.57	15739	
611.76	17361	
611.95	13342	
612.14	13119	
612.33	15655	
612.52	15100	
612.71	13827	
612.9	13056	
613.09	14763	
613.28	17268	
613.47	13643	
613.66	14605	
613.85	15802	
614.04	15347	
614.24	13680	
614.43	12936	
614.62	15983	
614.81	15888	
615	14462	
615.19	14457	
615.38	15151	
615.57	15585	
615.76	14071	
615.95	15261	
616.14	16098	
616.33	15553	
616.52	14685	
616.71	15150	
616.9	16175	
617.09	16175	
617.28	14050	
617.47	15580	
617.66	15360	
617.85	15388	
618.04	15336	
618.22	14680	
618.41	15806	
618.6	16863	
618.79	14553	
618.98	14409	
619.17	17245	
619.36	15397	
619.55	14645	
619.74	14770	
619.93	16472	
620.12	16025	
620.31	15462	
620.5	15677	
620.69	17327	
620.88	17735	
621.07	16211	
621.26	15276	
621.45	16881	
621.64	16923	
621.83	15527	
622.02	14598	
622.21	16750	
622.4	16710	
622.59	16023	
622.78	15709	
622.97	16318	
623.16	17503	
623.35	15417	
623.54	14704	
623.72	16565	
623.91	16686	
624.1	15748	
624.29	14259	
624.48	17873	
624.67	16925	
624.86	15558	
625.05	14545	
625.24	17925	
625.43	16185	
625.62	17374	
625.81	14772	
626	17345	
626.19	16550	
626.38	15627	
626.56	14788	
626.75	16038	
626.94	16770	
627.13	15163	
627.32	13791	
627.51	16545	
627.7	18084	
627.89	13915	
628.08	15264	
628.27	15730	
628.46	15969	
628.65	14370	
628.83	14093	
629.02	16582	
629.21	15923	
629.4	14941	
629.59	15173	
629.78	16053	
629.97	16959	
630.16	15259	
630.35	14740	
630.54	17313	
630.72	17054	
630.91	14673	
631.1	15277	
631.29	16628	
631.48	16872	
631.67	15367	
631.86	14950	
632.05	16490	
632.24	16503	
632.42	14498	
632.61	15124	
632.8	16450	
632.99	16170	
633.18	15232	
633.37	15678	
633.56	16894	
633.75	16729	
633.93	15311	
634.12	15091	
634.31	17703	
634.5	17281	
634.69	15205	
634.88	15430	
635.07	16567	
635.25	17288	
635.44	15896	
635.63	16231	
635.82	16505	
636.01	15962	
636.2	15984	
636.39	15612	
636.57	17789	
636.76	17328	
636.95	15033	
637.14	16337	
637.33	17067	
637.52	18005	
637.7	14650	
637.89	15592	
638.08	16565	
638.27	17996	
638.46	15629	
638.65	15960	
638.83	17750	
639.02	16189	
639.21	15400	
639.4	16033	
639.59	16758	
639.78	16221	
639.96	14759	
640.15	14672	
640.34	16497	
640.53	16651	
640.72	14263	
640.91	14653	
641.09	15722	
641.28	17210	
641.47	14551	
641.66	15616	
641.85	16503	
642.03	16709	
642.22	15184	
642.41	14522	
642.6	15786	
642.79	15077	
642.97	14128	
643.16	15036	
643.35	15629	
643.54	15328	
643.73	13790	
643.91	14650	
644.1	14834	
644.29	15352	
644.48	13453	
644.67	13504	
644.85	14628	
645.04	14859	
645.23	12661	
645.42	12885	
645.6	14012	
645.79	15105	
645.98	12675	
646.17	11488	
646.36	13409	
646.54	14014	
646.73	13153	
646.92	11785	
647.11	13421	
647.29	14657	
647.48	11957	
647.67	11630	
647.86	14902	
648.05	15141	
648.23	12527	
648.42	13977	
648.61	14685	
648.8	14437	
648.98	12474	
649.17	12832	
649.36	13992	
649.55	13466	
649.73	12213	
649.92	12971	
650.11	13599	
650.3	13892	
650.48	12329	
650.67	12164	
650.86	14362	
651.05	13193	
651.23	12441	
651.42	12314	
651.61	13855	
651.79	13923	
651.98	12669	
652.17	12210	
652.36	14220	
652.54	13209	
652.73	11968	
652.92	11918	
653.11	13978	
653.29	13972	
653.48	10976	
653.67	12151	
653.85	13426	
654.04	14483	
654.23	11940	
654.42	11396	
654.6	12568	
654.79	13300	
654.98	10806	
655.16	11468	
655.35	12411	
655.54	12473	
655.73	11277	
655.91	11237	
656.1	13911	
656.29	12720	
656.47	11058	
656.66	12846	
656.85	13134	
657.03	13253	
657.22	11702	
657.41	11860	
657.59	13287	
657.78	13117	
657.97	11493	
658.16	12295	
658.34	14081	
658.53	14474	
658.72	13155	
658.9	13874	
659.09	13656	
659.28	13828	
659.46	12133	
659.65	12049	
659.84	13472	
660.02	13971	
660.21	11912	
660.4	11989	
660.58	14427	
660.77	13874	
660.96	12531	
661.14	11565	
661.33	14941	
661.52	14797	
661.7	11504	
661.89	15345	
662.08	13263	
662.26	12953	
662.45	11700	
662.64	11823	
662.82	14027	
663.01	13214	
663.2	11791	
663.38	12713	
663.57	13814	
663.75	13730	
663.94	12304	
664.13	13489	
664.31	13237	
664.5	13887	
664.69	12332	
664.87	13065	
665.06	12898	
665.25	13699	
665.43	13180	
665.62	13334	
665.8	14084	
665.99	13308	
666.18	12121	
666.36	12305	
666.55	14033	
666.74	14001	
666.92	11697	
667.11	13462	
667.29	13291	
667.48	13959	
667.67	13008	
667.85	12192	
668.04	13283	
668.22	13365	
668.41	12082	
668.6	12236	
668.78	13082	
668.97	13234	
669.15	12461	
669.34	11305	
669.53	13080	
669.71	13402	
669.9	11621	
670.08	12195	
670.27	12924	
670.46	13579	
670.64	12382	
670.83	12758	
671.01	12976	
671.2	13521	
671.38	11697	
671.57	11432	
671.76	14237	
671.94	14893	
672.13	11453	
672.31	12562	
672.5	13797	
672.69	12772	
672.87	11654	
673.06	11986	
673.24	13631	
673.43	13164	
673.61	12412	
673.8	11961	
673.98	13730	
674.17	14040	
674.36	12618	
674.54	12379	
674.73	13423	
674.91	13742	
675.1	12187	
675.28	11698	
675.47	13222	
675.65	13898	
675.84	11824	
676.03	12345	
676.21	12931	
676.4	12422	
676.58	12776	
676.77	12564	
676.95	14571	
677.14	12896	
677.32	11619	
677.51	11396	
677.69	13771	
677.88	12557	
678.06	11350	
678.25	11612	
678.44	13369	
678.62	13014	
678.81	11188	
678.99	12283	
679.18	14169	
679.36	13681	
679.55	11808	
679.73	12555	
679.92	13681	
680.1	13039	
680.29	13240	
680.47	11791	
680.66	12837	
680.84	13701	
681.03	11106	
681.21	12247	
681.4	12876	
681.58	12749	
681.77	11563	
681.95	11442	
682.14	13749	
682.32	14027	
682.51	12453	
682.69	11079	
682.88	12622	
683.06	13298	
683.25	12042	
683.43	12415	
683.62	12794	
683.8	13080	
683.99	12165	
684.17	11001	
684.36	13183	
684.54	11566	
684.73	9426.8	
684.91	9674.6	
685.1	11566	
685.28	11068	
685.46	10247	
685.65	10424	
685.83	12064	
686.02	11442	
686.2	9942.9	
686.39	10052	
686.57	11076	
686.76	12972	
686.94	10069	
687.13	10210	
687.31	12013	
687.5	11659	
687.68	9779.7	
687.86	11117	
688.05	13509	
688.23	11249	
688.42	11319	
688.6	10398	
688.79	11743	
688.97	11732	
689.16	10821	
689.34	9648.7	
689.52	12497	
689.71	12617	
689.89	10938	
690.08	10064	
690.26	11667	
690.45	11641	
690.63	10885	
690.81	10110	
691	10995	
691.18	11120	
691.37	10123	
691.55	12336	
691.74	11101	
691.92	13192	
692.1	10228	
692.29	9676.7	
692.47	11524	
692.66	10731	
692.84	9959.3	
693.02	10772	
693.21	11077	
693.39	11701	
693.58	11018	
693.76	10587	
693.94	13202	
694.13	13237	
694.31	10722	
694.5	11886	
694.68	11980	
694.86	12473	
695.05	11062	
695.23	11557	
695.42	12680	
695.6	15096	
695.78	11541	
695.97	10449	
696.15	12488	
696.34	11657	
696.52	10163	
696.7	10902	
696.89	11949	
697.07	11392	
697.25	10704	
697.44	12355	
697.62	11740	
697.81	12086	
697.99	10347	
698.17	10737	
698.36	10962	
698.54	11750	
698.72	10725	
698.91	9565.4	
699.09	11312	
699.28	11212	
699.46	10265	
699.64	10230	
699.83	11220	
700.01	12646	
700.19	11240	
700.38	9738.8	
700.56	12897	
700.74	11622	
700.93	10238	
701.11	11067	
701.29	12333	
701.48	13502	
701.66	10426	
701.84	10531	
702.03	11818	
702.21	12487	
702.39	9924.5	
702.58	10663	
702.76	12200	
702.94	12295	
703.13	10009	
703.31	12641	
703.49	11475	
703.68	12474	
703.86	10156	
704.04	11336	
704.23	12091	
704.41	12454	
704.59	10415	
704.78	11663	
704.96	13300	
705.14	12470	
705.33	10241	
705.51	11070	
705.69	12002	
705.87	12841	
706.06	11421	
706.24	10130	
706.42	12268	
706.61	12702	
706.79	11423	
706.97	10209	
707.16	11611	
707.34	12285	
707.52	11311	
707.7	10474	
707.89	11906	
708.07	11554	
708.25	11366	
708.44	11537	
708.62	11810	
708.8	12990	
708.98	11645	
709.17	10536	
709.35	12119	
709.53	12224	
709.72	10147	
709.9	10231	
710.08	12377	
710.26	12379	
710.45	11772	
710.63	10344	
710.81	11927	
710.99	11917	
711.18	10887	
711.36	10221	
711.54	11397	
711.72	12110	
711.91	10096	
712.09	9425.4	
712.27	11290	
712.45	11808	
712.64	10096	
712.82	8825.4	
713	10225	
713.18	10139	
713.37	8398	
713.55	9361.3	
713.73	10433	
713.91	8804.9	
714.1	7978.2	
714.28	7294.2	
714.46	9455.5	
714.64	8533.2	
714.83	6468.9	
715.01	7324.9	
715.19	8396.7	
715.37	7782.3	
715.55	6803.4	
715.74	7174.7	
715.92	9290.3	
716.1	7146	
716.28	8258.1	
716.47	7273.7	
716.65	7793.2	
716.83	8058.8	
717.01	7012.9	
717.19	7171.3	
717.38	10489	
717.56	7948.8	
717.74	7826	
717.92	7023.9	
718.1	9704	
718.29	9050	
718.47	6939.9	
718.65	7737.2	
718.83	9914.2	
719.01	9792.7	
719.2	6951.5	
719.38	8135.2	
719.56	9263.6	
719.74	10896	
719.92	7309.2	
720.11	8359.8	
720.29	9074.5	
720.47	8088.8	
720.65	6625.9	
720.83	7365.2	
721.02	8219.9	
721.2	7881.9	
721.38	7441.6	
721.56	6544.6	
721.74	7382.9	
721.92	7597.3	
722.11	7817.8	
722.29	7508.5	
722.47	8899.1	
722.65	7963.9	
722.83	6540.5	
723.01	7555.6	
723.2	8102.4	
723.38	8411	
723.56	6010.8	
723.74	7206.8	
723.92	7558.4	
724.1	8772.1	
724.29	6460	
724.47	7671.7	
724.65	7727	
724.83	7647.1	
725.01	6452.5	
725.19	7407.5	
725.37	7708.6	
725.56	7842.4	
725.74	6259.3	
725.92	6565.8	
726.1	7610.3	
726.28	7945.4	
726.46	6951.5	
726.64	6668.2	
726.83	7963.9	
727.01	8254	
727.19	6226.5	
727.37	7116.7	
727.55	8023.9	
727.73	8603.5	
727.91	6301.6	
728.09	6193.7	
728.28	8800.1	
728.46	9637.1	
728.64	7681.2	
728.82	7692.9	
729	10354	
729.18	9580.4	
729.36	7067.5	
729.54	9509.4	
729.72	10806	
729.91	9043.1	
730.09	9213.8	
730.27	8026	
730.45	9017.2	
730.63	9782.5	
730.81	8759.8	
730.99	7695.6	
731.17	10355	
731.35	8744.1	
731.53	8198	
731.71	7817.1	
731.9	9934	
732.08	10068	
732.26	7998.7	
732.44	7581.6	
732.62	10016	
732.8	9627.5	
732.98	8384.4	
733.16	7374.7	
733.34	9590	
733.52	8310.7	
733.7	7985.7	
733.88	8436.9	
734.07	9518.3	
734.25	9177.6	
734.43	7486	
734.61	9267.1	
734.79	10886	
734.97	9159.2	
735.15	7662.1	
735.33	7987.1	
735.51	9533.3	
735.69	9295	
735.87	9235.7	
736.05	8374.8	
736.23	9489.6	
736.41	9275.9	
736.59	8218.5	
736.77	8366	
736.95	10069	
737.13	9505.3	
737.32	7903.1	
737.5	8196.7	
737.68	10628	
737.86	9370.8	
738.04	7757.7	
738.22	9685.5	
738.4	9164	
738.58	9443.2	
738.76	8344.1	
738.94	7319.4	
739.12	9288.9	
739.3	9284.1	
739.48	9127.8	
739.66	8954.4	
739.84	9674.6	
740.02	9691.7	
740.2	7509.9	
740.38	7987.1	
740.56	10131	
740.74	8897.1	
740.92	8626.7	
741.1	8513.4	
741.28	9448.6	
741.46	9282.1	
741.64	8004.1	
741.82	8669.7	
742	9448.6	
742.18	9402.2	
742.36	8210.3	
742.54	7814.4	
742.72	10032	
742.9	8722.3	
743.08	8702.5	
743.26	7435.5	
743.44	10292	
743.62	10088	
743.8	8792.6	
743.98	7835.5	
744.16	9725.1	
744.34	9536	
744.52	8803.5	
744.7	8555.7	
744.88	9831.6	
745.06	9351	
745.24	8656.1	
745.42	8804.2	
745.6	9826.8	
745.78	9566.7	
745.96	7354.9	
746.14	7673.1	
746.32	10688	
746.5	9768.1	
746.68	8324.3	
746.86	7751.6	
747.03	10266	
747.21	8432.2	
747.39	8236.9	
747.57	7765.2	
747.75	9346.9	
747.93	9896.5	
748.11	7649.2	
748.29	7652.6	
748.47	11126	
748.65	9018.6	
748.83	8553.7	
749.01	8140.7	
749.19	9643.9	
749.37	8729.1	
749.55	7985	
749.73	8180.3	
749.91	9228.8	
750.09	9013.8	
750.26	8173.4	
750.44	7617.8	
750.62	9294.4	
750.8	9245.9	
750.98	7376.1	
751.16	7740	
751.34	9334	
751.52	8663.6	
751.7	8636.3	
751.88	7412.3	
752.06	9793.4	
752.24	9600.2	
752.42	7283.9	
752.59	7684.7	
752.77	9131.9	
752.95	10535	
753.13	8489.5	
753.31	7795.3	
753.49	8966	
753.67	9383.1	
753.85	8163.9	
754.03	7621.2	
754.21	9570.8	
754.38	9802.9	
754.56	7462.8	
754.74	6498.9	
754.92	8274.5	
755.1	8966.7	
755.28	5736.4	
755.46	5475.6	
755.64	8679.3	
755.82	8507.9	
755.99	5012.1	
756.17	5009.3	
756.35	5386.8	
756.53	7055.9	
756.71	3690.4	
756.89	4659.8	
757.07	6704.4	
757.25	5846.3	
757.42	5533.6	
757.6	6691.4	
757.78	7260.7	
757.96	6171.9	
758.14	5406	
758.32	4902.8	
758.5	5539.1	
758.67	6358.3	
758.85	5125.4	
759.03	5119.9	
759.21	6528.9	
759.39	5917.3	
759.57	4654.4	
759.75	5924.1	
759.92	7339.9	
760.1	6601.3	
760.28	6466.8	
760.46	6911.2	
760.64	6586.3	
760.82	6449.7	
760.99	6675	
761.17	5829.9	
761.35	7798	
761.53	6784.9	
761.71	6143.2	
761.89	7012.9	
762.06	7965.2	
762.24	7508.5	
762.42	6524.1	
762.6	6389.7	
762.78	7718.1	
762.96	8386.4	
763.13	7164.5	
763.31	6840.2	
763.49	8781.7	
763.67	7816.4	
763.85	7868.3	
764.02	8416.5	
764.2	9127.1	
764.38	8235.6	
764.56	6742.6	
764.74	7815	
764.91	9303.9	
765.09	8054.7	
765.27	6479.8	
765.45	6264.7	
765.63	9262.3	
765.8	9216.5	
765.98	5984.2	
766.16	6369.9	
766.34	7590.5	
766.52	7309.2	
766.69	7314.7	
766.87	6159.6	
767.05	7943.4	
767.23	8819.2	
767.41	6501.6	
767.58	6691.4	
767.76	8535.3	
767.94	8563.9	
768.12	6434.7	
768.29	7283.3	
768.47	7963.2	
768.65	8752.3	
768.83	6011.5	
769	7243.7	
769.18	7349.5	
769.36	8091.5	
769.54	6995.2	
769.72	5961	
769.89	8320.2	
770.07	8548.2	
770.25	6275	
770.43	7623.9	
770.6	9144.2	
770.78	9465.7	
770.96	6369.2	
771.14	7174.7	
771.31	8163.9	
771.49	7452.6	
771.67	5496.7	
771.85	5770.5	
772.02	6620.4	
772.2	7346.1	
772.38	6464.1	
772.55	5905	
772.73	7625.3	
772.91	7400	
773.09	6231.3	
773.26	6262.7	
773.44	7501.7	
773.62	7178.8	
773.8	5688.6	
773.97	5305.6	
774.15	7500.3	
774.33	7083.2	
774.5	5495.4	
774.68	5859.2	
774.86	7651.9	
775.04	7044.3	
775.21	5556.8	
775.39	5494.7	
775.57	7344	
775.74	7754.3	
775.92	5377.3	
776.1	5218.2	
776.27	7214.3	
776.45	8711.4	
776.63	5386.8	
776.81	4876.2	
776.98	6782.9	
777.16	7989.1	
777.34	5573.9	
777.51	5866.1	
777.69	6806.8	
777.87	6490	
778.04	5457.8	
778.22	6199.9	
778.4	6492.7	
778.57	7180.9	
778.75	4624.3	
778.93	4971.8	
779.1	6140.5	
779.28	6040.8	
779.46	4640	
779.64	5097.4	
779.81	7202.7	
779.99	8224.6	
780.17	5980.8	
780.34	6096.1	
780.52	6581.5	
780.69	6825.9	
780.87	5443.5	
781.05	4874.8	
781.22	6587	
781.4	6648.4	
781.58	5006.6	
781.75	4113	
781.93	6594.5	
782.11	5872.2	
782.28	5888.6	
782.46	4872.1	
782.64	5756.8	
782.81	6639.5	
782.99	4919.2	
783.17	4924	
783.34	6446.3	
783.52	5724.1	
783.69	5115.8	
783.87	5900.2	
784.05	5687.9	
784.22	5695.4	
784.4	5917.3	
784.58	5067.4	
784.75	6713.9	
784.93	5683.1	
785.1	4788.8	
785.28	5441.5	
785.46	6353.5	
785.63	5689.3	
785.81	4622.9	
785.99	4528.1	
786.16	5829.2	
786.34	6270.9	
786.51	4560.8	
786.69	4924.7	
786.87	5367.7	
787.04	5954.1	
787.22	3887.7	
787.39	5342.5	
787.57	5582.1	
787.75	6819.7	
787.92	5550.7	
788.1	5502.2	
788.27	5624.4	
788.45	5337.7	
788.63	5174.5	
788.8	3811.3	
788.98	6159.6	
789.15	5263.3	
789.33	3961.5	
789.5	4727.4	
789.68	6605.4	
789.86	6546.7	
790.03	5086.5	
790.21	4412	
790.38	6526.2	
790.56	5626.5	
790.73	4270.7	
790.91	4338.3	
791.09	5468.1	
791.26	6307.1	
791.44	4452.3	
791.61	3842	
791.79	5441.5	
791.96	5578	
792.14	4011.3	
792.32	3562.1	
792.49	5461.9	
792.67	5571.2	
792.84	4131.4	
793.02	3882.3	
793.19	5890.6	
793.37	6679.1	
793.54	3643.3	
793.72	4003.1	
793.89	6819.1	
794.07	5429.2	
794.25	4592.2	
794.42	3644.7	
794.6	6565.1	
794.77	6044.9	
794.95	4866	
795.12	4278.2	
795.3	5390.3	
795.47	5996.5	
795.65	4644.8	
795.82	4488.5	
796	5169.8	
796.17	7245.7	
796.35	4250.9	
796.52	5059.8	
796.7	5916.6	
796.87	6015.6	
797.05	5347.2	
797.22	5175.9	
797.4	5997.1	
797.57	7083.9	
797.75	4401.1	
797.92	4128	
798.1	6363.7	
798.27	5319.3	
798.45	3540.9	
798.62	3845.4	
798.8	5684.5	
798.97	6111.1	
799.15	4676.9	
799.32	4403.8	
799.5	4839.4	
799.67	5771.2	
799.85	4828.4	
800.02	3469.9	
800.2	5253	
800.37	5646.2	
800.55	4952	
800.72	4093.2	
800.9	6098.2	
801.07	6614.3	
801.25	5539.8	
801.42	4521.9	
801.6	6135	
801.77	5896.8	
801.95	4086.4	
802.12	3977.2	
802.29	5808.7	
802.47	5765.7	
802.64	4427	
802.82	3433.8	
802.99	5217.5	
803.17	6354.8	
803.34	4300.7	
803.52	3914.4	
803.69	7008.8	
803.87	5036	
804.04	4272.1	
804.21	4432.5	
804.39	6400.6	
804.56	5470.8	
804.74	3632.4	
804.91	4536.3	
805.09	5231.9	
805.26	5361.6	
805.44	3720.5	
805.61	4113.7	
805.78	5946.6	
805.96	5939.1	
806.13	4464.6	
806.31	4773.8	
806.48	4767.7	
806.66	5319.9	
806.83	4390.8	
807	4335.5	
807.18	5182	
807.35	5646.2	
807.53	4291.9	
807.7	3424.2	
807.87	6477.7	
808.05	5207.3	
808.22	4722.6	
808.4	3380.5	
808.57	5286.5	
808.74	4816.1	
808.92	3965.6	
809.09	4999.1	
809.27	5078.3	
809.44	5763.7	
809.61	3466.5	
809.79	3846.1	
809.96	6393.8	
810.14	6044.9	
810.31	3306.1	
810.48	4113.7	
810.66	5264.6	
810.83	6087.2	
811.01	3904.1	
811.18	4721.3	
811.35	6053.1	
811.53	4654.4	
811.7	4757.4	
811.87	4414.7	
812.05	5184.1	
812.22	5132.9	
812.39	3700	
812.57	3654.3	
812.74	5227.1	
812.92	6930.3	
813.09	4136.9	
813.26	4543.8	
813.44	6712.6	
813.61	5147.2	
813.78	3432.4	
813.96	4629.8	
814.13	5265.3	
814.3	4858.5	
814.48	4960.9	
814.65	4168.3	
814.82	6561.7	
815	4930.1	
815.17	4219.5	
815.34	5122	
815.52	5157.5	
815.69	5173.9	
815.87	4276.2	
816.04	3618.1	
816.21	5236	
816.38	4561.5	
816.56	4107.5	
816.73	3743	
816.9	6604	
817.08	5978.7	
817.25	3799	
817.42	4826.4	
817.6	4734.9	
817.77	5275.6	
817.94	4315.1	
818.12	3792.8	
818.29	4935.6	
818.46	7821.2	
818.64	3944.4	
818.81	3660.4	
818.98	4861.9	
819.16	7194.5	
819.33	4524	
819.5	4244.1	
819.67	5623.7	
819.85	6311.8	
820.02	4100	
820.19	4449.6	
820.37	5504.3	
820.54	4965.6	
820.71	4304.1	
820.88	5315.2	
821.06	5481	
821.23	5040.7	
821.4	4384	
821.58	4295.3	
821.75	5951.4	
821.92	5430.5	
822.09	3412.6	
822.27	3725.9	
822.44	5205.9	
822.61	5112.4	
822.79	3461.1	
822.96	6748.7	
823.13	5739.8	
823.3	4926.7	
823.48	4020.8	
823.65	3562.8	
823.82	5898.2	
823.99	4791.6	
824.17	5107.6	
824.34	3651.5	
824.51	6983.6	
824.68	5257.1	
824.86	3835.2	
825.03	4311.7	
825.2	5142.4	
825.37	6382.8	
825.55	3760.1	
825.72	4214.7	
825.89	7071.6	
826.06	6449.7	
826.24	4134.2	
826.41	4194.2	
826.58	6335.1	
826.75	5545.2	
826.92	3276.1	
827.1	3643.3	
827.27	8748.9	
827.44	6958.3	
827.61	3918.4	
827.79	4781.3	
827.96	4940.4	
828.13	5363.6	
828.3	4123.9	
828.47	3496.6	
828.65	5444.9	
828.82	5347.9	
828.99	5351.3	
829.16	4661.9	
829.34	5778	
829.51	5597.8	
829.68	4261.1	
829.85	4436.6	
830.02	6145.3	
830.2	5832.6	
830.37	3244	
830.54	5141.1	
830.71	6761.7	
830.88	5136.3	
831.05	3306.8	
831.23	3843.4	
831.4	6397.2	
831.57	7303.1	
831.74	3960.8	
831.91	3473.4	
832.09	5414.1	
832.26	5855.1	
832.43	4053.6	
832.6	4560.1	
832.77	5430.5	
832.94	6236.1	
833.12	3211.2	
833.29	4061.1	
833.46	5594.4	
833.63	7457.3	
833.8	4459.1	
833.97	4081.6	
834.15	5866.1	
834.32	5572.5	
834.49	4305.5	
834.66	4401.8	
834.83	6086.6	
835	4921.3	
835.17	3901.4	
835.35	3952.6	
835.52	5722	
835.69	5588.2	
835.86	4162.8	
836.03	3382.6	
836.2	5719.3	
836.37	5383.4	
836.55	4065.2	
836.72	3798.3	
836.89	5389.6	
837.06	5877	
837.23	4188.8	
837.4	4571.7	
837.57	6673	
837.75	7464.8	
837.92	3705.5	
838.09	4005.1	
838.26	5318.6	
838.43	6113.2	
838.6	4274.8	
838.77	3880.2	
838.94	7076.4	
839.11	6737.1	
839.29	4083.6	
839.46	3199.6	
839.63	5764.3	
839.8	5515.2	
839.97	3964.2	
840.14	3963.5	
840.31	5539.1	
840.48	5821.7	
840.65	3280.2	
840.82	3871.3	
841	5838.8	
841.17	5756.2	
841.34	3633.1	
841.51	3646.1	
841.68	5717.9	
841.85	5492.7	
842.02	3747.1	
842.19	3147	
842.36	5562.3	
842.53	5531.6	
842.7	3665.9	
842.87	4453.6	
843.05	7355.6	
843.22	5412.8	
843.39	3468.6	
843.56	3759.4	
843.73	5196.4	
843.9	5832.6	
844.07	5877	
844.24	4971.8	
844.41	8739.4	
844.58	4970.4	
844.75	3487.7	
844.92	3717.7	
845.09	5821.7	
845.26	5827.2	
845.43	3654.3	
845.6	3822.9	
845.77	5868.8	
845.94	5508.4	
846.12	3988.8	
846.29	4310.3	
846.46	6045.6	
846.63	5814.9	
846.8	3567.6	
846.97	4308.2	
847.14	6303	
847.31	5729.5	
847.48	4034.5	
847.65	4527.4	
847.82	6091.3	
847.99	6047.7	
848.16	4863.9	
848.33	4450.2	
848.5	5382.7	
848.67	6311.2	
848.84	3569.6	
849.01	3775.1	
849.18	5193	
849.35	4795	
849.52	4491.9	
849.69	3528	
849.86	6048.3	
850.03	6300.2	
850.2	3566.2	
850.37	4467.3	
850.54	6226.5	
850.71	5457.8	
850.88	4368.3	
851.05	3526.6	
851.22	5696.8	
851.39	6410.8	
851.56	3429.7	
851.73	4175.8	
851.9	5100.1	
852.07	6026.5	
852.24	4001	
852.41	3624.2	
852.58	5684.5	
852.75	5145.2	
852.92	4052.2	
853.09	3465.2	
853.26	5438.7	
853.43	6258.6	
853.6	3609.2	
853.77	3072.6	
853.94	6307.1	
854.11	5024.3	
854.28	5329.5	
854.44	3909.6	
854.61	6879.1	
854.78	5886.5	
854.95	3568.2	
855.12	4524.6	
855.29	4676.9	
855.46	6492.1	
855.63	3614	
855.8	5092.6	
855.97	5291.3	
856.14	6127.5	
856.31	5160.2	
856.48	3988.8	
856.65	5310.4	
856.82	5034.6	
856.99	3442	
857.16	3897.3	
857.33	7103	
857.49	5409.4	
857.66	3913.7	
857.83	4205.8	
858	5403.2	
858.17	5623.7	
858.34	3389.4	
858.51	3566.9	
858.68	6506.4	
858.85	6546	
859.02	4225.6	
859.19	4500.8	
859.36	4995.7	
859.52	5109	
859.69	3595.6	
859.86	4270.7	
860.03	5184.8	
860.2	6402	
860.37	3257	
860.54	3605.8	
860.71	6010.1	
860.88	6555.5	
861.05	4076.8	
861.21	4580.6	
861.38	6566.5	
861.55	4982.7	
861.72	3236.5	
861.89	4009.9	
862.06	6079.7	
862.23	6622.4	
862.4	3472.7	
862.56	3759.4	
862.73	5927.5	
862.9	5533.6	
863.07	4212.7	
863.24	3185.3	
863.41	4981.3	
863.58	5110.4	
863.75	3687	
863.91	4166.9	
864.08	6503.7	
864.25	5947.3	
864.42	4567	
864.59	5063.3	
864.76	6772.6	
864.93	5089.2	
865.09	3506.8	
865.26	3861.1	
865.43	6296.8	
865.6	6728.9	
865.77	3130.7	
865.94	3556.6	
866.1	6370.5	
866.27	6065.4	
866.44	5533.6	
866.61	3438.5	
866.78	5520.6	
866.95	5966.4	
867.11	3476.8	
867.28	3181.2	
867.45	6161	
867.62	5173.2	
867.79	4162.2	
867.96	3559.4	
868.12	5074.9	
868.29	6081.8	
868.46	3110.9	
868.63	4829.8	
868.8	6264.1	
868.97	5974.6	
869.13	3792.8	
869.3	3728.7	
869.47	5902.2	
869.64	6133	
869.81	3608.5	
869.97	3607.8	
870.14	5851.7	
870.31	6556.2	
870.48	3539.6	
870.65	4551.3	
870.81	5420.3	
870.98	5350	
871.15	4061.8	
871.32	3762.1	
871.48	5879	
871.65	6552.8	
871.82	3561.4	
871.99	3929.4	
872.16	7018.4	
872.32	6416.3	
872.49	3661.8	
872.66	3619.4	
872.83	6051.1	
872.99	5252.4	
873.16	4123.9	
873.33	3495.9	
873.5	5627.8	
873.67	5662.6	
873.83	3805.1	
874	4848.2	
874.17	5771.2	
874.34	6869.6	
874.5	4654.4	
874.67	4456.4	
874.84	6475.7	
875.01	5045.5	
875.17	5139	
875.34	3605.1	
875.51	5654.4	
875.68	6939.2	
875.84	4336.2	
876.01	5309	
876.18	5983.5	
876.34	5927.5	
876.51	3545.7	
876.68	3528	
876.85	5384.1	
877.01	6260	
877.18	5147.9	
877.35	3584.6	
877.52	5590.3	
877.68	5005.2	
877.85	3472	
878.02	3543.7	
878.18	5541.8	
878.35	5235.3	
878.52	2808.4	
878.69	4041.3	
878.85	6029.9	
879.02	6004.6	
879.19	5175.2	
879.35	3897.3	
879.52	5931.6	
879.69	6229.9	
879.86	3087.7	
880.02	4029	
880.19	5535.7	
880.36	6776.7	
880.52	4136.9	
880.69	4290.5	
880.86	6141.9	
881.02	6158.9	
881.19	3972.4	
881.36	3980.6	
881.52	5952.8	
881.69	5197.1	
881.86	3848.1	
882.02	3767.6	
882.19	6286.6	
882.36	7347.4	
882.52	3740.3	
882.69	5055.8	
882.86	5778.7	
883.02	5644.9	
883.19	4354.7	
883.36	4061.1	
883.52	6114.6	
883.69	6980.2	
883.86	3644	
884.02	3212.6	
884.19	6031.3	
884.36	5526.8	
884.52	4061.1	
884.69	3827.7	
884.86	5309.7	
885.02	6692.1	
885.19	3992.2	
885.36	4149.9	
885.52	5571.2	
885.69	5720	
885.86	5225.7	
886.02	4597.7	
886.19	6002.6	
886.35	5505.6	
886.52	3960.8	
886.69	5111	
886.85	5107	
887.02	6414.9	
887.19	6414.9	
887.35	6414.9	
887.52	6414.9	
887.68	6414.9	
887.85	6414.9	
888.02	6414.9	
888.18	6414.9	
888.35	6414.9	
888.51	6414.9	
888.68	6414.9	
888.85	6414.9	
889.01	6414.9	
889.18	6414.9	
889.35	6414.9	
889.51	6414.9	
889.68	6414.9	
889.84	6414.9	
890.01	6414.9	
890.17	6414.9	
890.34	6414.9	
890.51	6414.9	
890.67	6414.9	
890.84	6414.9	
891	6414.9	
891.17	6414.9	
891.34	6414.9	
891.5	6414.9	
891.67	6414.9	
891.83	6414.9	
892	6414.9	
892.16	6414.9	
892.33	6414.9	
892.5	6414.9	
892.66	6414.9	
892.83	6414.9	
892.99	6414.9	
893.16	6414.9	
893.32	6414.9	
893.49	6414.9	
893.65	6414.9	
893.82	6414.9	
893.99	6414.9	
894.15	6414.9	
894.32	6414.9	
894.48	6414.9	
894.65	6414.9	
894.81	6414.9	
894.98	6414.9	
895.14	6414.9	
895.31	6414.9	
895.47	6414.9	
895.64	6414.9	
895.81	6414.9	
895.97	6414.9	
896.14	6414.9	
896.3	6414.9	
896.47	6414.9	
896.63	6414.9	
896.8	6414.9	
896.96	6414.9	
897.13	6414.9	
897.29	6414.9	
897.46	6414.9	
897.62	6414.9	
897.79	6414.9	
897.95	6414.9	
898.12	6414.9	
898.28	6414.9	
898.45	6414.9	
898.61	6414.9	
898.78	6414.9	
898.94	6414.9	
899.11	6414.9	
899.27	6414.9	
899.44	6414.9	
899.6	6414.9	
899.77	6414.9	
899.93	6414.9	
900.1	6414.9	
900.26	6414.9	
900.43	6414.9	
900.59	6414.9	
900.76	6414.9	
900.92	6414.9	
901.09	6414.9	
901.25	6414.9	
901.42	6414.9	
901.58	6414.9	
901.75	6414.9	
901.91	6414.9	
902.07	6414.9	
902.24	6414.9	
902.4	6414.9	
902.57	6414.9	
902.73	6414.9	
902.9	6414.9	
903.06	6414.9	
903.23	6414.9	
903.39	6414.9	
903.56	6414.9	
903.72	6414.9	
903.88	6414.9	
904.05	6414.9	
904.21	6414.9	
904.38	6414.9	
904.54	6414.9	
904.71	6414.9	
904.87	6414.9	
905.03	6414.9	
905.2	6414.9	
905.36	6414.9	
905.53	6414.9	
905.69	6414.9	
905.86	6414.9	
906.02	6414.9	
906.18	6414.9	
906.35	6414.9	
906.51	6414.9	
906.68	6414.9	
906.84	6414.9	
907.01	6414.9	
907.17	6414.9	
907.33	6414.9	
907.5	6414.9	
907.66	6414.9	
907.83	6414.9	
907.99	6414.9	
908.15	6414.9	
908.32	6414.9	
908.48	6414.9	
908.65	6414.9	
908.81	6414.9	
908.97	6414.9	
909.14	6414.9	
909.3	6414.9	
909.47	6414.9	
909.63	6414.9	
909.79	6414.9	
909.96	6414.9	
910.12	6414.9	
910.28	6414.9	
910.45	6414.9	
910.61	6414.9	
910.78	6414.9	
910.94	6414.9	
911.1	6414.9	
911.27	6414.9	
911.43	6414.9	
911.59	6414.9	
911.76	6414.9	
911.92	6414.9	
912.08	6414.9	
912.25	6414.9	
912.41	6414.9	
912.57	6414.9	
912.74	6414.9	
912.9	6414.9	
913.07	6414.9	
913.23	6414.9	
913.39	6414.9	
913.56	6414.9	
913.72	6414.9	
913.88	6414.9	
914.05	6414.9	
914.21	6414.9	
914.37	6414.9	
914.54	6414.9	
914.7	6414.9	
914.86	6414.9	
915.03	6414.9	
915.19	6414.9	
