Wavelength	Intensities	
nm	a.u.	
179.22	1648.8	
179.44	1642.1	
179.65	1655.4	
179.86	1628.8	
180.08	1607	
180.29	3743	
180.51	2938.2	
180.72	4859.8	
180.94	5279	
181.15	2579.8	
181.37	2591.4	
181.58	4633.9	
181.79	4843.4	
182.01	2666.5	
182.22	2851.5	
182.44	4880.3	
182.65	4236.6	
182.87	3463.8	
183.08	3099.9	
183.29	5066	
183.51	4225.6	
183.72	2818.7	
183.94	3910.9	
184.15	4579.3	
184.37	4529.4	
184.58	2529.2	
184.79	3257.6	
185.01	4356	
185.22	4883.7	
185.44	3414	
185.65	2947.7	
185.86	4582.7	
186.08	4222.9	
186.29	2544.9	
186.51	2689	
186.72	4356.7	
186.94	4944.5	
187.15	3054.2	
187.36	3089	
187.58	6082.5	
187.79	4633.2	
188.01	3167.5	
188.22	4698	
188.43	5365	
188.65	4847.5	
188.86	2637.8	
189.08	3110.9	
189.29	4396.3	
189.5	4368.3	
189.72	2843.3	
189.93	2916.3	
190.15	4960.9	
190.36	5707.7	
190.57	3086.3	
190.79	3005.1	
191	4999.8	
191.22	4917.9	
191.43	3098.6	
191.64	2704	
191.86	5094.7	
192.07	4874.2	
192.29	2783.2	
192.5	2839.8	
192.71	4989.5	
192.93	4441.4	
193.14	2833.7	
193.35	2959.3	
193.57	4398.4	
193.78	4932.9	
194	2387.9	
194.21	2792.1	
194.42	4309.6	
194.64	4552	
194.85	3082.2	
195.07	3487.7	
195.28	4538.3	
195.49	4117.8	
195.71	3674.1	
195.92	2676	
196.13	4733.5	
196.35	4796.3	
196.56	3851.5	
196.78	3110.9	
196.99	5661.3	
197.2	5267.4	
197.42	3375.1	
197.63	3088.3	
197.84	4193.6	
198.06	4739	
198.27	2856.2	
198.48	3673.4	
198.7	4406.5	
198.91	4596.3	
199.13	3155.2	
199.34	3131.3	
199.55	4926	
199.77	3992.9	
199.98	2773.6	
200.19	3169.6	
200.41	4569	
200.62	4302.8	
200.83	3165.5	
201.05	3392.1	
201.26	4564.2	
201.47	4343.1	
201.69	2796.8	
201.9	2733.4	
202.11	4611.3	
202.33	5188.2	
202.54	2939.5	
202.76	3216	
202.97	4626.4	
203.18	4648.9	
203.4	3212.6	
203.61	3194.1	
203.82	4591.5	
204.04	4390.8	
204.25	3126.6	
204.46	3045.3	
204.68	4560.8	
204.89	4707.6	
205.1	3065.8	
205.32	2660.3	
205.53	4832.5	
205.74	4966.3	
205.96	2398.9	
206.17	3100.6	
206.38	4832.5	
206.6	4918.5	
206.81	3487.7	
207.02	2918.4	
207.24	4711.7	
207.45	5023.7	
207.66	2939.5	
207.88	2618.7	
208.09	4690.5	
208.3	4538.3	
208.52	2798.9	
208.73	2986.6	
208.94	4574.5	
209.15	4992.9	
209.37	2922.5	
209.58	3074.7	
209.79	4971.1	
210.01	4460.5	
210.22	2503.3	
210.43	2607.1	
210.65	4550.6	
210.86	4814.1	
211.07	2953.2	
211.29	2717.7	
211.5	4773.8	
211.71	4547.2	
211.93	2757.2	
212.14	2768.2	
212.35	4511	
212.56	4654.4	
212.78	3136.8	
212.99	2620.7	
213.2	5237.3	
213.42	4478.2	
213.63	2881.5	
213.84	2962.7	
214.06	4184	
214.27	4272.7	
214.48	3027.6	
214.69	3154.6	
214.91	5037.3	
215.12	5090.6	
215.33	3089	
215.55	3405.8	
215.76	5387.5	
215.97	4803.2	
216.18	3053.5	
216.4	3065.8	
216.61	4355.3	
216.82	4850.3	
217.04	2804.4	
217.25	2909.5	
217.46	4960.9	
217.67	4801.1	
217.89	2572.2	
218.1	2625.5	
218.31	4581.3	
218.53	4756.1	
218.74	2936.8	
218.95	2781.8	
219.16	4562.2	
219.38	5195.7	
219.59	2767.5	
219.8	3259.7	
220.01	5565	
220.23	4625	
220.44	3502	
220.65	2717.7	
220.87	4639.3	
221.08	4990.9	
221.29	2705.4	
221.5	3340.9	
221.72	5877	
221.93	4372.4	
222.14	3099.3	
222.35	3552.5	
222.57	4602.5	
222.78	4914.4	
222.99	2942.9	
223.2	3153.9	
223.42	4708.3	
223.63	4851	
223.84	2422.1	
224.05	2460.3	
224.27	5472.2	
224.48	5129.5	
224.69	3629.7	
224.9	3122.5	
225.12	4704.9	
225.33	4558.8	
225.54	2585.2	
225.75	2888.3	
225.97	4317.1	
226.18	4491.9	
226.39	2957.3	
226.6	2805.7	
226.82	4459.8	
227.03	4256.4	
227.24	3104.7	
227.45	2696.5	
227.67	4887.8	
227.88	5171.8	
228.09	3450.8	
228.3	3390.1	
228.52	4789.5	
228.73	4478.2	
228.94	2910.2	
229.15	2599.6	
229.36	4562.2	
229.58	4517.1	
229.79	2970.9	
230	3327.3	
230.21	5335	
230.43	4508.3	
230.64	3062.4	
230.85	3141.6	
231.06	4894.6	
231.28	4859.8	
231.49	2592	
231.7	3059.7	
231.91	4805.9	
232.12	4547.9	
232.34	2756.6	
232.55	3005.7	
232.76	4984.8	
232.97	4669.4	
233.18	2783.2	
233.4	3063.8	
233.61	4650.3	
233.82	4420.9	
234.03	2913.6	
234.25	2885.6	
234.46	5938.4	
234.67	4597.7	
234.88	3145	
235.09	2811.9	
235.31	4681	
235.52	4450.9	
235.73	3117	
235.94	2641.2	
236.15	4392.2	
236.37	5350.7	
236.58	2783.9	
236.79	2990	
237	4783.4	
237.21	4213.4	
237.43	3174.4	
237.64	2621.4	
237.85	7316.7	
238.06	4305.5	
238.27	3137.5	
238.48	2663.7	
238.7	4837.3	
238.91	4465.3	
239.12	2915.6	
239.33	3081.5	
239.54	4342.4	
239.76	4480.3	
239.97	2986.6	
240.18	2975.7	
240.39	5375.2	
240.6	4713.1	
240.82	3190.1	
241.03	2611.8	
241.24	4528.1	
241.45	5147.9	
241.66	2754.5	
241.87	3272.7	
242.09	5060.5	
242.3	5249.6	
242.51	3170.9	
242.72	2988.7	
242.93	4851.6	
243.14	4524	
243.36	3397.6	
243.57	3592.1	
243.78	5170.4	
243.99	4796.3	
244.2	2937.5	
244.41	2712.9	
244.63	4265.2	
244.84	4715.1	
245.05	3149.1	
245.26	2950.4	
245.47	4772.4	
245.68	4889.2	
245.9	3794.9	
246.11	3169.6	
246.32	4385.4	
246.53	4726	
246.74	4619.5	
246.95	2565.4	
247.16	4262.5	
247.38	4577.2	
247.59	2598.9	
247.8	3059.7	
248.01	4278.2	
248.22	4515.1	
248.43	2770.2	
248.64	2889.7	
248.86	4193.6	
249.07	4427.7	
249.28	2703.3	
249.49	3067.2	
249.7	4908.3	
249.91	4969.1	
250.12	2635.7	
250.34	2637.8	
250.55	4661.9	
250.76	4588.1	
250.97	3108.8	
251.18	3119.7	
251.39	4927.4	
251.6	4661.2	
251.81	3102	
252.03	3057.6	
252.24	4423.6	
252.45	4837.3	
252.66	2658.9	
252.87	3232.4	
253.08	4601.8	
253.29	5704.3	
253.5	2680.1	
253.72	3561.4	
253.93	4479.6	
254.14	5212.8	
254.35	2886.3	
254.56	2921.8	
254.77	4709	
254.98	4297.3	
255.19	2908.8	
255.41	3524.6	
255.62	4671.4	
255.83	4934.9	
256.04	3131.3	
256.25	3080.1	
256.46	5360.9	
256.67	4313	
256.88	3112.9	
257.09	3358.7	
257.31	4228.4	
257.52	4296.6	
257.73	3761.4	
257.94	2834.4	
258.15	4489.1	
258.36	4564.2	
258.57	3460.4	
258.78	2368.1	
258.99	4845.5	
259.2	4430.4	
259.41	2824.8	
259.63	2944.3	
259.84	5123.3	
260.05	5281.7	
260.26	3649.5	
260.47	2792.1	
260.68	4953.4	
260.89	4489.1	
261.1	3366.9	
261.31	2774.3	
261.52	5027.8	
261.73	5183.4	
261.95	3580.5	
262.16	3158	
262.37	5025	
262.58	5116.5	
262.79	3549.8	
263	2915.6	
263.21	4578.6	
263.42	4172.4	
263.63	3174.4	
263.84	2891	
264.05	4913.1	
264.26	5164.3	
264.47	3459	
264.69	3160.7	
264.9	5083.7	
265.11	4704.2	
265.32	2826.9	
265.53	2809.8	
265.74	4668	
265.95	4143	
266.16	3029.6	
266.37	3295.2	
266.58	4711.7	
266.79	4411.3	
267	2882.2	
267.21	2765.4	
267.42	4291.9	
267.63	4557.4	
267.84	2976.4	
268.06	2633	
268.27	4943.8	
268.48	5006.6	
268.69	2942.2	
268.9	3350.5	
269.11	5016.8	
269.32	4171	
269.53	2972.3	
269.74	2792.7	
269.95	4717.8	
270.16	4111	
270.37	2996.9	
270.58	3411.2	
270.79	4493.9	
271	4930.1	
271.21	3160	
271.42	3022.1	
271.63	4704.9	
271.84	4273.4	
272.05	2504	
272.26	2734	
272.47	4569.7	
272.68	4695.3	
272.89	2937.5	
273.11	3218	
273.32	4406.5	
273.53	5188.2	
273.74	3158	
273.95	3074.7	
274.16	4878.3	
274.37	4569	
274.58	3284.9	
274.79	2711.5	
275	4727.4	
275.21	4942.4	
275.42	3789.4	
275.63	3274.7	
275.84	4810.7	
276.05	5696.8	
276.26	3121.1	
276.47	2937.5	
276.68	4521.2	
276.89	5283.1	
277.1	3299.3	
277.31	2647.3	
277.52	4735.6	
277.73	4962.9	
277.94	2696.5	
278.15	2864.4	
278.36	4702.8	
278.57	4375.8	
278.78	2893.1	
278.99	3213.9	
279.2	4395.6	
279.41	4283	
279.62	3693.9	
279.83	2739.5	
280.04	5393	
280.25	4306.9	
280.46	3692.5	
280.67	3007.8	
280.88	4398.4	
281.09	5005.2	
281.3	3104.7	
281.51	3820.8	
281.72	4397	
281.93	4833.9	
282.14	2818	
282.35	3031	
282.56	4949.3	
282.77	4840	
282.98	2922.5	
283.19	3422.2	
283.4	5806.7	
283.61	4508.9	
283.82	2789.3	
284.03	3642.7	
284.24	4746.5	
284.45	4952.7	
284.66	3612.6	
284.87	3430.3	
285.08	4935.6	
285.29	5049.6	
285.5	2664.4	
285.71	2927.9	
285.92	4957.4	
286.12	5375.9	
286.33	3552.5	
286.54	2981.8	
286.75	4850.3	
286.96	4491.2	
287.17	2803	
287.38	3392.1	
287.59	4412	
287.8	4384	
288.01	2912.2	
288.22	3269.9	
288.43	4750.6	
288.64	4109.6	
288.85	3456.3	
289.06	3246.7	
289.27	5079	
289.48	5134.3	
289.69	3594.9	
289.9	3350.5	
290.11	5070.8	
290.32	4371.7	
290.53	3438.5	
290.74	3161.4	
290.94	4854.4	
291.15	4868.7	
291.36	2876	
291.57	3270.6	
291.78	4510.3	
291.99	4170.3	
292.2	2807.8	
292.41	3222.1	
292.62	4875.5	
292.83	4771.8	
293.04	3822.9	
293.25	2782.5	
293.46	4489.1	
293.67	4932.9	
293.88	2807.8	
294.09	2775	
294.29	4321.9	
294.5	4637.3	
294.71	2959.3	
294.92	2932.7	
295.13	4453.6	
295.34	5295.4	
295.55	2613.9	
295.76	2590.7	
295.97	4831.2	
296.18	5332.2	
296.39	2682.8	
296.6	2835.8	
296.81	4610	
297.01	4864.6	
297.22	2911.5	
297.43	2905.4	
297.64	4457.7	
297.85	4274.8	
298.06	2421.4	
298.27	2597.5	
298.48	4585.4	
298.69	4332.8	
298.9	3024.8	
299.11	2807.1	
299.31	4283.7	
299.52	4270.7	
299.73	3223.5	
299.94	3127.2	
300.15	4641.4	
300.36	4370.4	
300.57	3183.9	
300.78	3163.4	
300.99	4432.5	
301.2	4595.6	
301.4	2883.5	
301.61	2986.6	
301.82	4739.7	
302.03	4837.3	
302.24	3294.5	
302.45	2704.7	
302.66	4761.5	
302.87	4977.9	
303.08	2833	
303.29	3719.8	
303.49	4452.3	
303.7	4493.2	
303.91	2568.2	
304.12	3570.3	
304.33	4234.5	
304.54	4685.8	
304.75	2847.4	
304.96	2756.6	
305.16	4829.1	
305.37	5234.6	
305.58	2595.5	
305.79	2633	
306	4792.9	
306.21	4168.3	
306.42	2902.7	
306.63	4080.9	
306.83	4413.4	
307.04	4823	
307.25	3123.2	
307.46	3054.2	
307.67	4089.8	
307.88	4780	
308.09	2837.8	
308.29	2872.6	
308.5	4662.5	
308.71	4924.7	
308.92	2967.5	
309.13	2790.7	
309.34	4596.3	
309.55	4521.9	
309.75	3476.8	
309.96	3194.1	
310.17	4842.1	
310.38	4341.7	
310.59	3275.4	
310.8	3084.2	
311.01	5250.3	
311.21	4483	
311.42	2782.5	
311.63	2870.6	
311.84	4386.1	
312.05	4633.9	
312.26	3111.5	
312.46	3372.3	
312.67	4482.3	
312.88	4276.8	
313.09	2754.5	
313.3	2741.5	
313.51	5089.9	
313.71	5393.7	
313.92	2756.6	
314.13	2861	
314.34	4687.8	
314.55	4534.2	
314.76	3349.1	
314.96	3008.5	
315.17	4704.2	
315.38	4707.6	
315.59	2816.6	
315.8	2658.9	
316.01	5044.1	
316.21	5188.2	
316.42	2707.4	
316.63	3030.3	
316.84	4498	
317.05	5044.1	
317.26	3220.8	
317.46	2919	
317.67	4504.2	
317.88	4844.1	
318.09	3433.1	
318.3	2587.3	
318.5	4423.6	
318.71	4685.8	
318.92	4165.6	
319.13	3149.8	
319.34	4855.1	
319.54	4973.8	
319.75	2626.2	
319.96	2514.9	
320.17	4791.6	
320.38	4930.1	
320.58	2551.8	
320.79	3018.7	
321	4989.5	
321.21	5051	
321.42	3043.3	
321.62	2600.2	
321.83	4392.2	
322.04	4616.1	
322.25	2904.7	
322.46	2763.4	
322.66	4642.7	
322.87	4797	
323.08	3258.3	
323.29	2704.7	
323.5	5319.9	
323.7	4251.6	
323.91	3558.7	
324.12	3226.2	
324.33	4665.3	
324.53	4787.5	
324.74	3173	
324.95	3304.1	
325.16	4175.8	
325.37	4407.2	
325.57	2752.5	
325.78	2807.1	
325.99	4704.9	
326.2	4225	
326.4	3698.6	
326.61	2583.2	
326.82	4532.8	
327.03	4626.4	
327.24	3714.3	
327.44	3515.7	
327.65	4785.4	
327.86	4020.8	
328.07	3155.2	
328.27	2651.4	
328.48	5068.7	
328.69	4257.7	
328.9	3734.1	
329.1	2848.7	
329.31	4509.6	
329.52	5112.4	
329.73	2775	
329.93	2976.4	
330.14	4643.4	
330.35	4700.8	
330.56	4245.4	
330.76	3287	
330.97	4444.8	
331.18	4610	
331.39	3040.6	
331.59	2524.5	
331.8	4900.8	
332.01	5088.5	
332.22	2852.1	
332.42	3117.7	
332.63	4653.7	
332.84	4311.7	
333.05	3026.9	
333.25	2837.8	
333.46	4378.6	
333.67	4582.7	
333.88	2888.3	
334.08	3154.6	
334.29	5793.7	
334.5	4963.6	
334.7	2677.4	
334.91	3746.4	
335.12	4240	
335.33	4835.9	
335.53	3028.9	
335.74	4171	
335.95	4473.4	
336.16	4201.7	
336.36	3032.4	
336.57	3420.8	
336.78	4215.4	
336.98	4896.7	
337.19	3658.4	
337.4	2967.5	
337.61	5356.8	
337.81	4259.1	
338.02	2834.4	
338.23	3431.7	
338.43	5121.3	
338.64	4331.5	
338.85	2756.6	
339.05	3500.7	
339.26	5144.5	
339.47	4180.6	
339.68	2772.9	
339.88	3839.3	
340.09	4768.4	
340.3	4841.4	
340.5	3179.8	
340.71	2546.3	
340.92	4270.7	
341.13	5061.2	
341.33	2650.8	
341.54	3130.7	
341.75	4719.2	
341.95	4437.9	
342.16	3030.3	
342.37	3267.9	
342.57	4250.9	
342.78	4518.5	
342.99	3323.2	
343.19	2543.6	
343.4	4835.9	
343.61	4741	
343.81	2942.9	
344.02	2729.9	
344.23	4853	
344.43	5120.6	
344.64	3351.8	
344.85	3287	
345.06	4730.1	
345.26	4978.6	
345.47	3201	
345.68	3588.7	
345.88	4176.5	
346.09	4793.6	
346.3	3246	
346.5	2488.3	
346.71	4501.4	
346.92	4364.2	
347.12	2693.1	
347.33	3065.1	
347.54	4940.4	
347.74	5124	
347.95	3141.6	
348.16	2472.6	
348.36	4402.5	
348.57	4293.2	
348.78	3194.8	
348.98	3319.8	
349.19	4542.4	
349.39	4145.1	
349.6	2578.4	
349.81	2829.6	
350.01	4806.6	
350.22	4310.3	
350.43	3051.5	
350.63	3552.5	
350.84	4568.3	
351.05	4363.5	
351.25	2741.5	
351.46	2578.4	
351.67	4868.7	
351.87	4272.1	
352.08	2927.2	
352.29	3312.2	
352.49	4889.2	
352.7	4577.2	
352.9	2685.6	
353.11	3229.6	
353.32	5244.2	
353.52	4361.5	
353.73	2727.9	
353.94	3370.3	
354.14	4739.7	
354.35	4524	
354.55	2771.6	
354.76	3039.9	
354.97	4668.7	
355.17	4523.3	
355.38	2638.5	
355.59	3443.3	
355.79	4302.8	
356	4496.7	
356.2	2987.3	
356.41	2714.2	
356.62	4162.2	
356.82	4457.1	
357.03	3263.1	
357.24	2892.4	
357.44	4293.2	
357.65	4405.9	
357.85	3691.1	
358.06	3067.2	
358.27	4068.6	
358.47	4232.5	
358.68	2615.9	
358.88	3151.8	
359.09	4647.5	
359.3	4910.3	
359.5	3570.3	
359.71	3257.6	
359.91	5126.1	
360.12	4640	
360.33	3177.1	
360.53	3486.3	
360.74	4372.4	
360.94	4300.1	
361.15	3322.5	
361.36	2842.6	
361.56	4799.1	
361.77	4455.7	
361.97	3626.3	
362.18	2910.2	
362.38	4840	
362.59	4182.6	
362.8	2701.3	
363	2657.6	
363.21	4035.9	
363.41	4508.9	
363.62	3067.9	
363.83	3694.5	
364.03	4695.3	
364.24	5117.2	
364.44	3839.3	
364.65	3793.5	
364.85	4448.9	
365.06	4221.5	
365.27	2860.3	
365.47	2931.3	
365.68	5076.2	
365.88	4409.3	
366.09	3101.3	
366.29	2888.3	
366.5	4545.1	
366.71	4881.7	
366.91	3784	
367.12	3225.6	
367.32	5325.4	
367.53	4762.9	
367.73	3258.3	
367.94	3854.3	
368.14	4785.4	
368.35	5223	
368.56	3135.4	
368.76	3038.5	
368.97	4907.6	
369.17	5854.5	
369.38	2843.3	
369.58	3035.8	
369.79	4117.8	
369.99	5060.5	
370.2	3755.3	
370.4	3135.4	
370.61	4539	
370.82	5413.5	
371.02	3078.1	
371.23	2605.7	
371.43	4146.5	
371.64	5068.7	
371.84	3054.9	
372.05	3848.1	
372.25	5805.3	
372.46	4764.9	
372.66	3044	
372.87	3034.4	
373.07	4790.9	
373.28	5905.7	
373.48	3721.2	
373.69	3504.1	
373.9	4515.1	
374.1	4526.7	
374.31	3658.4	
374.51	3306.1	
374.72	5042.8	
374.92	4252.9	
375.13	3779.2	
375.33	3242.6	
375.54	4723.3	
375.74	4407.2	
375.95	3330.7	
376.15	4147.1	
376.36	4803.2	
376.56	4709	
376.77	3351.8	
376.97	3628.3	
377.18	5527.5	
377.38	4923.3	
377.59	3838.6	
377.79	3038.5	
378	4706.2	
378.2	4922.6	
378.41	3044.6	
378.61	2959.3	
378.82	5055.8	
379.02	4445.5	
379.23	3179.8	
379.43	3863.8	
379.64	5124	
379.84	4795	
380.05	3137.5	
380.25	2973.7	
380.46	4888.5	
380.66	4638.6	
380.87	3922.5	
381.07	4191.5	
381.28	5296	
381.48	4866	
381.69	3054.9	
381.89	3086.3	
382.1	4210.6	
382.3	4939	
382.51	3818.8	
382.71	4394.9	
382.91	4846.9	
383.12	5171.8	
383.32	3311.6	
383.53	3407.8	
383.73	4790.2	
383.94	4663.2	
384.14	3467.9	
384.35	2818.7	
384.55	4604.5	
384.76	4853.7	
384.96	3297.2	
385.17	3515	
385.37	4904.2	
385.58	4347.2	
385.78	3479.5	
385.98	2835.1	
386.19	4557.4	
386.39	4765.6	
386.6	3194.1	
386.8	3334.1	
387.01	4874.2	
387.21	4933.6	
387.42	3620.1	
387.62	3993.5	
387.83	4504.2	
388.03	4721.3	
388.23	3396.9	
388.44	3865.2	
388.64	4190.1	
388.85	4270.7	
389.05	3592.1	
389.26	4009.9	
389.46	5666.7	
389.67	5216.9	
389.87	3576.4	
390.07	3570.3	
390.28	4600.4	
390.48	4297.3	
390.69	3058.3	
390.89	3295.9	
391.1	4518.5	
391.3	5113.1	
391.5	4072.7	
391.71	4463.9	
391.91	5020.9	
392.12	5466	
392.32	4130.8	
392.53	3645.4	
392.73	4541.7	
392.93	4713.1	
393.14	3476.8	
393.34	4142.4	
393.55	4945.8	
393.75	4670.7	
393.95	3405.8	
394.16	3340.2	
394.36	4578.6	
394.57	4996.4	
394.77	3069.2	
394.98	3320.4	
395.18	4506.2	
395.38	4651.6	
395.59	3902.1	
395.79	3173	
396	4547.9	
396.2	4932.2	
396.4	3731.4	
396.61	3758.7	
396.81	5029.8	
397.02	4497.3	
397.22	3936.9	
397.42	3912.3	
397.63	5033.9	
397.83	4498.7	
398.04	3230.3	
398.24	3470.6	
398.44	4880.3	
398.65	4173.8	
398.85	3101.3	
399.05	3130.7	
399.26	4579.9	
399.46	5619.6	
399.67	3457.7	
399.87	3232.4	
400.07	4769.7	
400.28	4975.9	
400.48	3302	
400.69	4042.7	
400.89	5085.8	
401.09	5452.4	
401.3	3257.6	
401.5	4014.7	
401.7	5586.9	
401.91	5779.4	
402.11	3586	
402.32	3626.3	
402.52	5184.8	
402.72	5116.5	
402.93	3853.6	
403.13	2976.4	
403.33	5706.3	
403.54	4757.4	
403.74	3581.9	
403.94	4194.2	
404.15	4882.4	
404.35	5671.5	
404.56	3383.9	
404.76	4572.4	
404.96	5162.2	
405.17	5016.2	
405.37	3997.6	
405.57	3804.4	
405.78	5214.8	
405.98	4842.1	
406.18	3457	
406.39	4019.5	
406.59	5188.2	
406.79	4760.8	
407	3298.6	
407.2	3308.8	
407.4	5445.5	
407.61	5327.4	
407.81	3367.5	
408.01	4784.1	
408.22	4410.6	
408.42	5769.1	
408.62	4173.8	
408.83	3788.7	
409.03	4963.6	
409.23	4829.8	
409.44	3811.3	
409.64	3996.3	
409.84	5625.1	
410.05	5477	
410.25	3935.5	
410.45	3833.1	
410.66	5231.2	
410.86	6883.9	
411.06	4160.1	
411.27	4006.5	
411.47	6741.9	
411.67	5281.7	
411.88	4223.6	
412.08	4344.4	
412.28	5775.3	
412.49	6128.2	
412.69	4131.4	
412.89	4041.3	
413.09	5966.4	
413.3	5891.3	
413.5	4192.9	
413.7	3854.3	
413.91	5412.1	
414.11	6037.4	
414.31	4025.6	
414.52	4310.3	
414.72	5849	
414.92	5749.3	
415.12	4044.7	
415.33	4414.1	
415.53	5966.4	
415.73	6117.3	
415.94	4609.3	
416.14	4266.6	
416.34	5377.3	
416.55	5150.6	
416.75	5020.3	
416.95	4684.4	
417.15	6068.8	
417.36	6480.5	
417.56	5317.9	
417.76	4557.4	
417.97	6287.3	
418.17	6064.7	
418.37	4422.2	
418.57	4362.2	
418.78	6081.1	
418.98	5746.6	
419.18	4954.7	
419.38	4896	
419.59	5698.8	
419.79	5432.6	
419.99	4313	
420.2	4481.6	
420.4	6115.9	
420.6	6163.7	
420.8	4214.7	
421.01	4102.1	
421.21	5999.2	
421.41	6004.6	
421.61	4534.2	
421.82	4263.2	
422.02	5763	
422.22	6283.9	
422.42	4829.8	
422.63	4552.6	
422.83	5745.2	
423.03	6609.5	
423.23	4643.4	
423.44	3926	
423.64	5738.4	
423.84	5516.5	
424.04	4270	
424.25	3926	
424.45	6346	
424.65	6348	
424.85	3862.5	
425.06	4261.1	
425.26	6457.2	
425.46	5629.2	
425.66	4611.3	
425.87	4367.6	
426.07	6163	
426.27	6079.7	
426.47	4446.8	
426.67	4048.2	
426.88	6450.4	
427.08	6039.5	
427.28	4611.3	
427.48	3978.5	
427.69	5367.7	
427.89	5790.3	
428.09	4545.1	
428.29	4006.5	
428.5	6135.7	
428.7	5961.6	
428.9	4009.9	
429.1	4263.9	
429.3	5883.1	
429.51	6074.3	
429.71	4227.7	
429.91	4818.2	
430.11	6156.2	
430.31	6277	
430.52	4401.8	
430.72	4571.7	
430.92	6507.1	
431.12	6079.7	
431.32	4205.2	
431.53	4511	
431.73	5370.5	
431.93	6529.6	
432.13	4134.8	
432.33	4067.9	
432.54	5787.6	
432.74	5840.8	
432.94	4139.6	
433.14	4820.9	
433.34	6257.2	
433.55	5865.4	
433.75	4711.7	
433.95	5941.8	
434.15	6068.8	
434.35	5709.1	
434.56	4246.8	
434.76	3857	
434.96	5973.9	
435.16	6139.8	
435.36	4191.5	
435.56	4987.5	
435.77	5818.3	
435.97	5976	
436.17	5404.6	
436.37	4907.6	
436.57	5806.7	
436.78	5722	
436.98	4851.6	
437.18	5290.6	
437.38	6240.8	
437.58	5865.4	
437.78	5450.3	
437.99	4446.1	
438.19	6293.4	
438.39	6857.3	
438.59	4513	
438.79	4113	
438.99	6676.4	
439.2	5846.3	
439.4	4051.6	
439.6	4173.1	
439.8	6094.8	
440	6796.5	
440.2	4898.7	
440.4	4954	
440.61	6483.9	
440.81	6774	
441.01	4397.7	
441.21	4999.8	
441.41	6764.4	
441.61	6453.8	
441.81	5195.7	
442.02	5816.2	
442.22	7040.2	
442.42	6587.6	
442.62	4453	
442.82	4570.4	
443.02	6898.2	
443.22	6222.4	
443.43	4790.2	
443.63	4470.7	
443.83	6062	
444.03	6056.5	
444.23	5283.8	
444.43	5040.1	
444.63	6371.2	
444.83	7114.6	
445.04	4711.7	
445.24	5402.5	
445.44	6609.5	
445.64	6582.9	
445.84	5154.7	
446.04	5046.9	
446.24	6110.5	
446.44	6806.8	
446.65	4493.2	
446.85	4801.8	
447.05	6289.3	
447.25	6832	
447.45	4895.3	
447.65	4448.2	
447.85	6366.5	
448.05	6025.1	
448.25	5167	
448.46	5012.7	
448.66	6380.1	
448.86	6069.5	
449.06	4366.3	
449.26	5110.4	
449.46	6625.2	
449.66	5953.4	
449.86	4977.9	
450.06	4795.7	
450.26	6085.9	
450.47	6503.7	
450.67	5081.7	
450.87	5186.1	
451.07	6685.3	
451.27	6440.2	
451.47	4550.6	
451.67	5164.3	
451.87	6221.7	
452.07	6965.8	
452.27	4801.1	
452.47	4670.7	
452.67	6528.2	
452.88	6750.1	
453.08	4308.9	
453.28	5582.1	
453.48	7172.7	
453.68	6332.3	
453.88	4681.7	
454.08	4812.7	
454.28	6703	
454.48	6447	
454.68	5289.9	
454.88	5487.2	
455.08	6844.3	
455.28	6641.6	
455.48	4625.7	
455.68	5048.2	
455.89	7136.5	
456.09	6913.3	
456.29	4915.8	
456.49	4976.6	
456.69	7114	
456.89	6494.8	
457.09	5299.5	
457.29	5583.4	
457.49	6808.8	
457.69	6833.4	
457.89	5307	
458.09	4853.7	
458.29	6691.4	
458.49	7211.6	
458.69	5509.7	
458.89	5154.1	
459.09	7318.8	
459.29	7409.6	
459.49	5262.6	
459.69	5773.9	
459.9	7007.5	
460.1	6794.5	
460.3	5164.3	
460.5	4996.4	
460.7	7105.8	
460.9	6765.8	
461.1	4827.7	
461.3	5708.4	
461.5	7601.4	
461.7	7304.4	
461.9	5223	
462.1	5451	
462.3	7025.9	
462.5	7336.5	
462.7	5228.5	
462.9	5304.9	
463.1	8058.1	
463.3	7914.7	
463.5	5396.4	
463.7	6139.1	
463.9	7137.2	
464.1	7397.3	
464.3	5610.1	
464.5	5722	
464.7	7606.2	
464.9	7455.3	
465.1	6666.1	
465.3	6028.5	
465.5	7804.1	
465.7	7910.6	
465.9	6264.7	
466.1	5982.1	
466.3	7759.1	
466.5	7643.7	
466.7	6696.2	
466.9	5930.2	
467.1	7750.9	
467.3	8251.9	
467.5	6695.5	
467.7	5950.7	
467.9	8511.4	
468.1	8925.7	
468.3	6389	
468.5	6804	
468.7	7689.4	
468.9	7596.6	
469.1	6280.4	
469.3	6677.7	
469.5	9087.5	
469.7	7399.3	
469.9	6599.9	
470.1	6099.5	
470.3	7854	
470.5	7780.9	
470.7	6962.4	
470.9	6162.3	
471.1	7585.7	
471.3	7874.4	
471.5	6102.3	
471.69	7173.4	
471.89	7504.4	
472.09	7161.1	
472.29	6543.9	
472.49	6746	
472.69	7394.5	
472.89	7915.4	
473.09	5984.2	
473.29	5991	
473.49	7512.6	
473.69	7496.9	
473.89	6606.7	
474.09	6107.7	
474.29	8312.7	
474.49	8176.2	
474.69	6557.6	
474.89	6174.6	
475.09	7589.8	
475.29	7455.3	
475.49	5790.3	
475.69	6040.8	
475.88	8605.6	
476.08	7824.6	
476.28	5740.5	
476.48	6031.3	
476.68	8174.1	
476.88	7909.9	
477.08	5896.1	
477.28	6146	
477.48	7555.6	
477.68	7923.6	
477.88	5828.5	
478.08	6010.1	
478.28	8226.7	
478.48	7608.2	
478.67	6131.6	
478.87	5666	
479.07	8091.5	
479.27	7705.1	
479.47	6161	
479.67	6323.4	
479.87	7976.2	
480.07	8362.5	
480.27	5822.4	
480.47	6713.9	
480.67	7740	
480.87	8193.2	
481.06	5899.5	
481.26	6546	
481.46	7831.4	
481.66	7717.4	
481.86	6279.1	
482.06	6911.9	
482.26	7539.3	
482.46	8228.7	
482.66	6184.2	
482.86	5880.4	
483.05	7994.6	
483.25	7400.7	
483.45	7858.7	
483.65	6277.7	
483.85	7472.4	
484.05	7749.5	
484.25	6546.7	
484.45	6861.4	
484.65	8251.3	
484.84	8364.6	
485.04	6219.7	
485.24	6305	
485.44	8628.1	
485.64	7458.7	
485.84	5839.4	
486.04	6730.3	
486.24	7751.6	
486.44	7963.9	
486.63	5834	
486.83	6431.3	
487.03	7692.9	
487.23	7882.6	
487.43	5932.3	
487.63	7465.5	
487.83	7993.9	
488.02	8413.1	
488.22	6548.7	
488.42	6965.1	
488.62	8585.1	
488.82	7741.3	
489.02	6337.1	
489.22	6382.2	
489.41	8314.8	
489.61	8263.6	
489.81	6217	
490.01	6159.6	
490.21	8433.5	
490.41	8852	
490.61	6207.4	
490.8	6348	
491	8071.7	
491.2	7617.1	
491.4	6737.8	
491.6	6122.7	
491.8	8062.2	
491.99	8033.5	
492.19	6051.1	
492.39	6189	
492.59	8404.2	
492.79	8469.7	
492.99	6845	
493.18	6178.7	
493.38	8610.3	
493.58	9047.9	
493.78	6827.2	
493.98	6493.4	
494.18	8396.7	
494.37	8006.2	
494.57	7015.7	
494.77	6857.3	
494.97	8656.8	
495.17	8805.6	
495.37	6763.8	
495.56	6982.2	
495.76	8932.6	
495.96	8860.9	
496.16	7608.2	
496.36	6965.1	
496.55	8937.3	
496.75	8546.9	
496.95	7034.8	
497.15	7089.4	
497.35	9012.4	
497.54	8843.8	
497.74	6946	
497.94	8288.1	
498.14	9525.1	
498.34	9306	
498.53	6836.1	
498.73	7266.9	
498.93	8525	
499.13	8941.4	
499.33	7371.3	
499.52	7617.1	
499.72	9081.4	
499.92	9204.3	
500.12	6996.5	
500.32	7271.7	
500.51	9196.7	
500.71	9036.3	
500.91	7792.5	
501.11	7501	
501.31	9235.7	
501.5	9503.9	
501.7	8006.2	
501.9	7318.1	
502.1	9011.7	
502.29	9289.6	
502.49	7694.2	
502.69	7899.7	
502.89	9180.4	
503.09	9119.6	
503.28	6927.6	
503.48	7041.6	
503.68	8812.4	
503.88	8574.8	
504.07	7611.6	
504.27	7234.1	
504.47	8876.6	
504.67	8947.6	
504.86	7576.1	
505.06	7310.6	
505.26	8693.6	
505.46	9776.3	
505.65	7281.2	
505.85	7396.6	
506.05	8568	
506.25	8959.9	
506.44	6886.6	
506.64	7301	
506.84	8466.3	
507.04	9058.8	
507.23	6933.1	
507.43	7200.7	
507.63	9757.2	
507.83	8618.5	
508.02	7316	
508.22	7053.2	
508.42	10036	
508.62	8406.9	
508.81	7161.1	
509.01	7559.7	
509.21	8360.5	
509.4	8685.4	
509.6	7293.5	
509.8	6861.4	
510	8628.1	
510.19	9437	
510.39	6855.2	
510.59	6972.7	
510.79	8526.4	
510.98	9443.2	
511.18	7078.5	
511.38	7093.5	
511.57	9097.8	
511.77	8828.1	
511.97	7470.3	
512.17	6889.4	
512.36	9136.7	
512.56	8865	
512.76	6793.1	
512.95	6719.4	
513.15	9273.9	
513.35	8116.8	
513.55	7517.4	
513.74	6925.5	
513.94	9034.3	
514.14	8628.1	
514.33	7608.9	
514.53	7424.6	
514.73	8748.9	
514.92	8761.9	
515.12	6995.2	
515.32	6957.6	
515.51	8826.7	
515.71	9068.4	
515.91	8144.8	
516.11	6935.1	
516.3	9990	
516.5	8617.2	
516.7	7522.9	
516.89	7774.1	
517.09	8641.7	
517.29	8715.5	
517.48	7650.5	
517.68	7216.4	
517.88	8477.9	
518.07	8948.9	
518.27	7565.2	
518.47	6952.9	
518.66	9270.5	
518.86	8499.8	
519.06	6920.8	
519.25	7159	
519.45	8678.6	
519.65	9595.4	
519.84	7604.1	
520.04	8100.4	
520.24	9901.2	
520.43	9150.3	
520.63	7437.5	
520.83	7206.8	
521.02	8662.2	
521.22	8975.6	
521.42	7496.2	
521.61	7909.9	
521.81	8682.7	
522.01	8938	
522.2	7509.2	
522.4	7263.5	
522.6	9244.5	
522.79	8311.3	
522.99	7395.9	
523.18	6925.5	
523.38	9084.1	
523.58	9112.1	
523.77	8274.5	
523.97	7069.6	
524.17	10440	
524.36	9970.2	
524.56	8056	
524.76	7784.3	
524.95	9271.2	
525.15	9089.6	
525.34	7696.9	
525.54	7837.6	
525.74	9717.6	
525.93	8954.4	
526.13	8679.3	
526.33	7845.8	
526.52	9944.3	
526.72	9463	
526.91	8775.5	
527.11	8219.2	
527.31	9952.4	
527.5	10163	
527.7	8168	
527.89	7548.8	
528.09	9379	
528.29	9694.4	
528.48	8507.3	
528.68	8308.6	
528.87	10014	
529.07	9962.7	
529.27	8274.5	
529.46	7885.4	
529.66	9787.9	
529.85	10114	
530.05	7896.3	
530.25	8482	
530.44	10744	
530.64	9716.9	
530.83	8189.1	
531.03	8359.1	
531.23	10119	
531.42	9905.3	
531.62	8849.3	
531.81	8208.3	
532.01	10210	
532.21	10411	
532.4	8307.9	
532.6	8456.7	
532.79	10833	
532.99	10342	
533.18	8596.7	
533.38	9306.7	
533.58	10151	
533.77	10643	
533.97	8748.2	
534.16	9275.3	
534.36	10904	
534.55	10279	
534.75	9282.1	
534.95	8706.6	
535.14	10899	
535.34	10218	
535.53	8534.6	
535.73	9816.6	
535.92	11270	
536.12	10337	
536.31	8673.1	
536.51	9426.1	
536.71	10539	
536.9	10239	
537.1	8753.7	
537.29	8850	
537.49	10776	
537.68	10198	
537.88	9189.9	
538.07	8529.1	
538.27	10417	
538.46	11088	
538.66	8555	
538.86	8890.2	
539.05	10596	
539.25	10752	
539.44	9119.6	
539.64	8766.7	
539.83	10424	
540.03	11092	
540.22	8634.2	
540.42	8670.4	
540.61	10528	
540.81	10642	
541	9087.5	
541.2	9375.6	
541.39	10150	
541.59	10391	
541.78	9303.9	
541.98	8639.7	
542.18	10012	
542.37	9956.5	
542.57	8780.3	
542.76	9151	
542.96	9979.1	
543.15	10395	
543.35	8856.1	
543.54	8400.8	
543.74	10320	
543.93	10199	
544.13	8774.9	
544.32	9469.8	
544.52	10458	
544.71	9951.1	
544.91	8097	
545.1	8920.3	
545.3	10092	
545.49	10249	
545.69	8073.8	
545.88	8505.9	
546.08	11113	
546.27	10650	
546.47	8853.4	
546.66	8342.1	
546.86	10457	
547.05	10766	
547.24	8464.9	
547.44	8389.2	
547.63	9813.2	
547.83	10537	
548.02	8701.1	
548.22	8804.2	
548.41	9697.1	
548.61	10516	
548.8	8321.6	
549	8307.2	
549.19	10140	
549.39	10324	
549.58	8135.2	
549.78	8495.7	
549.97	10208	
550.17	9869.2	
550.36	9028.8	
550.55	9697.1	
550.75	9817.3	
550.94	10524	
551.14	8124.3	
551.33	8374.1	
551.53	9443.2	
551.72	10200	
551.92	8449.9	
552.11	8288.8	
552.31	10216	
552.5	10092	
552.69	9422	
552.89	8055.3	
553.08	10123	
553.28	9854.8	
553.47	8361.2	
553.67	9004.9	
553.86	10568	
554.06	9353.1	
554.25	7691.5	
554.44	8118.1	
554.64	10927	
554.83	10637	
555.03	8118.1	
555.22	8276.5	
555.42	10240	
555.61	9965.4	
555.8	8172.1	
556	8396.7	
556.19	9519	
556.39	10194	
556.58	8131.8	
556.78	8200.1	
556.97	9916.9	
557.16	9748.3	
557.36	9082.7	
557.55	7947.5	
557.75	9158.5	
557.94	10458	
558.13	8000	
558.33	7800.7	
558.52	10182	
558.72	9412.5	
558.91	7798	
559.1	8122.2	
559.3	9381.1	
559.49	9138.7	
559.69	7747.5	
559.88	8189.1	
560.07	9811.1	
560.27	10111	
560.46	8414.4	
560.66	8499.1	
560.85	9704.6	
561.04	9051.3	
561.24	7781.6	
561.43	7874.4	
561.63	9212.4	
561.82	9457.5	
562.01	8680	
562.21	8194.6	
562.4	9801.6	
562.59	10407	
562.79	8123.6	
562.98	7830.1	
563.18	9712.8	
563.37	10619	
563.56	8389.2	
563.76	7884.7	
563.95	9442.5	
564.14	9315.5	
564.34	8092.9	
564.53	7893.6	
564.73	9800.2	
564.92	9881.4	
565.11	8204.2	
565.31	7801.4	
565.5	10134	
565.69	9325.1	
565.89	7973.4	
566.08	8073.1	
566.27	10006	
566.47	10234	
566.66	8660.2	
566.85	7728.4	
567.05	9799.5	
567.24	9428.8	
567.44	7940	
567.63	8789.9	
567.82	9992	
568.02	9601.6	
568.21	7894.2	
568.4	8168	
568.6	9748.3	
568.79	9648	
568.98	7752.9	
569.18	7869.7	
569.37	9775	
569.56	10987	
569.76	8101.1	
569.95	8921.6	
570.14	9979.8	
570.34	9873.9	
570.53	7883.3	
570.72	7843.7	
570.91	10404	
571.11	9785.2	
571.3	8181.6	
571.49	8779	
571.69	9798.2	
571.88	9327.1	
572.07	8531.8	
572.27	8460.2	
572.46	9442.5	
572.65	10054	
572.85	8006.9	
573.04	8211	
573.23	10305	
573.43	9741.5	
573.62	7877.2	
573.81	8303.1	
574	9878.7	
574.2	9684.2	
574.39	8120.2	
574.58	8257.4	
574.78	10444	
574.97	9820	
575.16	8542.1	
575.36	8637.6	
575.55	10240	
575.74	10280	
575.93	7863.5	
576.13	8688.2	
576.32	9737.4	
576.51	10273	
576.71	8274.5	
576.9	9150.3	
577.09	10492	
577.28	10073	
577.48	8452.6	
577.67	7924.3	
577.86	9794.8	
578.05	10105	
578.25	8413.1	
578.44	8346.2	
578.63	9850	
578.83	10723	
579.02	8032.1	
579.21	8970.8	
579.4	10053	
579.6	9915.6	
579.79	8405.5	
579.98	9814.5	
580.17	10286	
580.37	10435	
580.56	8045.8	
580.75	8604.9	
580.94	10462	
581.14	10516	
581.33	8882.7	
581.52	8198.7	
581.71	10118	
581.91	10601	
582.1	8032.1	
582.29	8338	
582.48	10057	
582.68	9939.5	
582.87	8757.1	
583.06	8520.9	
583.25	10243	
583.45	9724.4	
583.64	8938	
583.83	9478.7	
584.02	9942.9	
584.21	10284	
584.41	8817.9	
584.6	8459.5	
584.79	10027	
584.98	10574	
585.18	8130.4	
585.37	8129.8	
585.56	9821.4	
585.75	10260	
585.94	8232.2	
586.14	8636.3	
586.33	10543	
586.52	9913.5	
586.71	8533.9	
586.91	8307.9	
587.1	9544.9	
587.29	10142	
587.48	8156.4	
587.67	8135.9	
587.87	10100	
588.06	9983.2	
588.25	9037	
588.44	8559.8	
588.63	9752.4	
588.83	10056	
589.02	8105.2	
589.21	7999.4	
589.4	9633.6	
589.59	9543.5	
589.78	7418.4	
589.98	7589.8	
590.17	9036.3	
590.36	9269.8	
590.55	7000	
590.74	7471	
590.94	10067	
591.13	9123	
591.32	7346.1	
591.51	6937.8	
591.7	9412.5	
591.89	9051.3	
592.09	7036.8	
592.28	7401.4	
592.47	8600.8	
592.66	9924.5	
592.85	7166.5	
593.05	7323.5	
593.24	8986.5	
593.43	9648	
593.62	7334.5	
593.81	7666.2	
594	9123	
594.19	9132.6	
594.39	7349.5	
594.58	7247.8	
594.77	9299.1	
594.96	9615.2	
595.15	7379.5	
595.34	7684	
595.54	9153.7	
595.73	8600.1	
595.92	6799.3	
596.11	7416.4	
596.3	9519	
596.49	8720.3	
596.68	7400.7	
596.88	7573.4	
597.07	9228.1	
597.26	8639.7	
597.45	7014.3	
597.64	7816.4	
597.83	8774.9	
598.02	9200.2	
598.22	7072.3	
598.41	7542.7	
598.6	9050	
598.79	8657.4	
598.98	7105.1	
599.17	7741.3	
599.36	9127.1	
599.55	9712.2	
599.74	8361.2	
599.94	8275.2	
600.13	9385.2	
600.32	8594.6	
600.51	6931.7	
600.7	6988.4	
600.89	9688.3	
601.08	9744.9	
601.27	6877.8	
601.47	7404.8	
601.66	9303.2	
601.85	9617.3	
602.04	7377.5	
602.23	7367.2	
602.42	8573.5	
602.61	9043.8	
602.8	7219.8	
602.99	6912.6	
603.18	8854.7	
603.37	8908.7	
603.57	7511.3	
603.76	7750.2	
603.95	9546.3	
604.14	9180.4	
604.33	7117.4	
604.52	7293.5	
604.71	9093.7	
604.9	8574.2	
605.09	7688.1	
605.28	7542.7	
605.47	9407	
605.66	9091.6	
605.86	7475.1	
606.05	7135.1	
606.24	9391.3	
606.43	8314.8	
606.62	7243.7	
606.81	7743.4	
607	9186.5	
607.19	8697.7	
607.38	6886	
607.57	7057.3	
607.76	8561.2	
607.95	8274.5	
608.14	7323.5	
608.33	7703.1	
608.52	8551.6	
608.72	9141.4	
608.91	6790.4	
609.1	6675.7	
609.29	8667.7	
609.48	8254	
609.67	7380.2	
609.86	6830.7	
610.05	8346.8	
610.24	8507.9	
610.43	6731.7	
610.62	6447	
610.81	9336.7	
611	9114.8	
611.19	6676.4	
611.38	7305.8	
611.57	8748.2	
611.76	9516.2	
611.95	6607.4	
612.14	6466.1	
612.33	8605.6	
612.52	8345.5	
612.71	6991.8	
612.9	6431.3	
613.09	8000.7	
613.28	9531.9	
613.47	6903.7	
613.66	7422.5	
613.85	8692.3	
614.04	8261.5	
614.24	6896.9	
614.43	6333	
614.62	8756.4	
614.81	8749.6	
615	7107.1	
615.19	7180.9	
615.38	8198	
615.57	8585.1	
615.76	7066.2	
615.95	7767.9	
616.14	8801.5	
616.33	8484.7	
616.52	7285.3	
616.71	7395.9	
616.9	8774.2	
617.09	8630.1	
617.28	6853.2	
617.47	7664.9	
617.66	8250.6	
617.85	8090.2	
618.04	7511.9	
618.22	7007.5	
618.41	8384.4	
618.6	9067.7	
618.79	7124.2	
618.98	7013.6	
619.17	9230.9	
619.36	8069	
619.55	7093.5	
619.74	7062.8	
619.93	8786.5	
620.12	8363.2	
620.31	7460.1	
620.5	7522.9	
620.69	9200.2	
620.88	9525.8	
621.07	7985.7	
621.26	7380.2	
621.45	8991.3	
621.64	8953.7	
621.83	7496.9	
622.02	6963.1	
622.21	9039.7	
622.4	8892.3	
622.59	7793.9	
622.78	7696.3	
622.97	8636.3	
623.16	9220.6	
623.35	7516.7	
623.54	6909.2	
623.72	8696.4	
623.91	8844.5	
624.1	7619.8	
624.29	6782.9	
624.48	9566.1	
624.67	9154.4	
624.86	7557	
625.05	6984.9	
625.24	9702.6	
625.43	8673.8	
625.62	8617.9	
625.81	7103.7	
626	9234.3	
626.19	8770.8	
626.38	7607.5	
626.56	7229.3	
626.75	8643.8	
626.94	9203.6	
627.13	7623.2	
627.32	6784.2	
627.51	9089.6	
627.7	9822.1	
627.89	6819.1	
628.08	7669	
628.27	8530.5	
628.46	8642.4	
628.65	7015.7	
628.83	6727.6	
629.02	9030.2	
629.21	8475.9	
629.4	7299	
629.59	7460.8	
629.78	8471.8	
629.97	9142.8	
630.16	7430	
630.35	7101.7	
630.54	9453.4	
630.72	9239.8	
630.91	7115.3	
631.1	7506.5	
631.29	8952.4	
631.48	8945.5	
631.67	7569.3	
631.86	7096.9	
632.05	8677.2	
632.24	8656.8	
632.42	6871.6	
632.61	7339.9	
632.8	8705.9	
632.99	8522.3	
633.18	7370	
633.37	7560.4	
633.56	8886.1	
633.75	8753.7	
633.93	7373.4	
634.12	7180.9	
634.31	9494.4	
634.5	9085.5	
634.69	7202.7	
634.88	7490.8	
635.07	8751.7	
635.25	9127.1	
635.44	7679.2	
635.63	7928.4	
635.82	8701.8	
636.01	8107.2	
636.2	7694.9	
636.39	7370	
636.57	9426.8	
636.76	9051.3	
636.95	7181.5	
637.14	7986.4	
637.33	8973.5	
637.52	9443.9	
637.7	6875.7	
637.89	7660.8	
638.08	8701.8	
638.27	9532.6	
638.46	7532.4	
638.65	7716.1	
638.83	9477.3	
639.02	8473.8	
639.21	7609.6	
639.4	7699.7	
639.59	8821.3	
639.78	8497	
639.96	6941.9	
640.15	6920.1	
640.34	8700.5	
640.53	8693.6	
640.72	6708.5	
640.91	6989.7	
641.09	8228.7	
641.28	9113.5	
641.47	7004.1	
641.66	7359	
641.85	8779	
642.03	8863.6	
642.22	7207.5	
642.41	7054.6	
642.6	8232.8	
642.79	7841.7	
642.97	6819.1	
643.16	7259.4	
643.35	8228.7	
643.54	8062.9	
643.73	6675.7	
643.91	7210.9	
644.1	8019.2	
644.29	8493.6	
644.48	6716.7	
644.67	6737.8	
644.85	8026	
645.04	8368	
645.23	6352.1	
645.42	6636.1	
645.6	7980.9	
645.79	8714.8	
645.98	6501.6	
646.17	5941.8	
646.36	7648.5	
646.54	8047.2	
646.73	6969.2	
646.92	6250.4	
647.11	7716.1	
647.29	8427.4	
647.48	6202.6	
647.67	6036	
647.86	8600.8	
648.05	8523.6	
648.23	6342.6	
648.42	7256.6	
648.61	8176.2	
648.8	7938.6	
648.98	6072.2	
649.17	6287.3	
649.36	7636.2	
649.55	7337.9	
649.73	6100.9	
649.92	6712.6	
650.11	7535.2	
650.3	7848.5	
650.48	6221	
650.67	6183.5	
650.86	7944.8	
651.05	7208.8	
651.23	6138.4	
651.42	6149.4	
651.61	7628.7	
651.79	7545.4	
651.98	6370.5	
652.17	6023.8	
652.36	7835.5	
652.54	7236.8	
652.73	6122.7	
652.92	5973.2	
653.11	7866.9	
653.29	7908.6	
653.48	5515.9	
653.67	6193.7	
653.85	7594.6	
654.04	8426	
654.23	6287.3	
654.42	6054.5	
654.6	7348.1	
654.79	7718.8	
654.98	5606	
655.16	5947.3	
655.35	6990.4	
655.54	6719.4	
655.73	5489.9	
655.91	5468.8	
656.1	7592.5	
656.29	6819.1	
656.47	5307	
656.66	6419.7	
656.85	6989	
657.03	7078.5	
657.22	5611.4	
657.41	5734.3	
657.59	7182.2	
657.78	7069.6	
657.97	5425.1	
658.16	5906.3	
658.34	7655.3	
658.53	7917.4	
658.72	6513.2	
658.9	6813.6	
659.09	7290.8	
659.28	7350.2	
659.46	5835.3	
659.65	5687.2	
659.84	7129	
660.02	7576.8	
660.21	5757.5	
660.4	5582.8	
660.58	7820.5	
660.77	7376.8	
660.96	6047	
661.14	5487.2	
661.33	8046.5	
661.52	8011	
661.7	5376.6	
661.89	7717.4	
662.08	7047.1	
662.26	6656.6	
662.45	5573.2	
662.64	5670.8	
662.82	7535.8	
663.01	6978.1	
663.2	5634	
663.38	6219	
663.57	7413	
663.75	7303.1	
663.94	5808	
664.13	6627.9	
664.31	7003.4	
664.5	7469.6	
664.69	5993	
664.87	6322.8	
665.06	6825.9	
665.25	7212.3	
665.43	6533	
665.62	6504.3	
665.8	7604.1	
665.99	6987	
666.18	5750	
666.36	5817.6	
666.55	7480.5	
666.74	7409.6	
666.92	5548.6	
667.11	6664.8	
667.29	7146	
667.48	7492.2	
667.67	6348.7	
667.85	5713.2	
668.04	7046.4	
668.22	6978.8	
668.41	5886.5	
668.6	5985.5	
668.78	6881.9	
668.97	7096.9	
669.15	5945.9	
669.34	5395	
669.53	6832.7	
669.71	7126.9	
669.9	5440.1	
670.08	5898.8	
670.27	6782.2	
670.46	7344	
670.64	5970.5	
670.83	6105	
671.01	6698.2	
671.2	7168.6	
671.38	5449	
671.57	5436	
671.76	7677.2	
671.94	7980.9	
672.13	5315.2	
672.31	6077.7	
672.5	7477.8	
672.69	6758.3	
672.87	5515.9	
673.06	5705	
673.24	7292.8	
673.43	6983.6	
673.61	5957.5	
673.8	5679	
673.98	7281.2	
674.17	7415.7	
674.36	6127.5	
674.54	5958.9	
674.73	7113.3	
674.91	7406.8	
675.1	5732.9	
675.28	5498.8	
675.47	7058.7	
675.65	7384.3	
675.84	5709.7	
676.03	5889.3	
676.21	6903	
676.4	6465.4	
676.58	6171.2	
676.77	5952.1	
676.95	7875.1	
677.14	6884.6	
677.32	5410.1	
677.51	5301.5	
677.69	7405.5	
677.88	6674.3	
678.06	5351.3	
678.25	5516.5	
678.44	6999.3	
678.62	6756.9	
678.81	5196.4	
678.99	5830.6	
679.18	7606.2	
679.36	7240.9	
679.55	5644.9	
679.73	6056.5	
679.92	7300.3	
680.1	6836.8	
680.29	6449.1	
680.47	5588.9	
680.66	6840.2	
680.84	7388.4	
681.03	5188.2	
681.21	5980.1	
681.4	6939.2	
681.58	6769.2	
681.77	5532.9	
681.95	5451	
682.14	7424.6	
682.32	7622.5	
682.51	6032	
682.69	5257.1	
682.88	6795.8	
683.06	7165.2	
683.25	5855.1	
683.43	6171.2	
683.62	7090.1	
683.8	7212.3	
683.99	6318.7	
684.17	5750.7	
684.36	7837.6	
684.54	6915.3	
684.73	5156.8	
684.91	5320.6	
685.1	7123.5	
685.28	6582.2	
685.46	5646.2	
685.65	5640.8	
685.83	7107.1	
686.02	6703	
686.2	5172.5	
686.39	5255.1	
686.57	6571.9	
686.76	7424.6	
686.94	5221.6	
687.13	5412.8	
687.31	6996.5	
687.5	6739.9	
687.68	5050.3	
687.86	5801.9	
688.05	7931.8	
688.23	6458.6	
688.42	5847	
688.6	5335	
688.79	6722.1	
688.97	6786.3	
689.16	5648.3	
689.34	4975.2	
689.52	7170.6	
689.71	7452.6	
689.89	5969.8	
690.08	5410.1	
690.26	7032.7	
690.45	6851.1	
690.63	6042.2	
690.81	5605.3	
691	6935.1	
691.18	6800.6	
691.37	5752.1	
691.55	7118.7	
691.74	6777.4	
691.92	8156.4	
692.1	5677	
692.29	5352	
692.47	6944	
692.66	6553.5	
692.84	5458.5	
693.02	5787.6	
693.21	6509.1	
693.39	6969.9	
693.58	5965.1	
693.76	5517.9	
693.94	7772.7	
694.13	7623.9	
694.31	5683.8	
694.5	6346.7	
694.68	7022.5	
694.86	7265.5	
695.05	5923.4	
695.23	5999.2	
695.42	7462.8	
695.6	8964.6	
695.78	6410.1	
695.97	5772.5	
696.15	7639.6	
696.34	7130.3	
696.52	5636	
696.7	6233.3	
696.89	7447.8	
697.07	7025.2	
697.25	6117.3	
697.44	7109.9	
697.62	7388.4	
697.81	7561.8	
697.99	5937.7	
698.17	6279.1	
698.36	6987	
698.54	7354.9	
698.72	6193.1	
698.91	5477	
699.09	7137.2	
699.28	7041.6	
699.46	5971.2	
699.64	5859.2	
699.83	7094.2	
700.01	7806.9	
700.19	6503	
700.38	5427.1	
700.56	7823.2	
700.74	7121.5	
700.93	5772.5	
701.11	6279.8	
701.29	7561.8	
701.48	8247.2	
701.66	5935.7	
701.84	5937.7	
702.03	7363.1	
702.21	7802.8	
702.39	5672.9	
702.58	6104.3	
702.76	7704.5	
702.94	7661.5	
703.13	5691.3	
703.31	7357	
703.49	7248.4	
703.68	7886.7	
703.86	5920	
704.04	6522.1	
704.23	7585	
704.41	7874.4	
704.59	6041.5	
704.78	6707.1	
704.96	8725.7	
705.14	7856	
705.33	5955.5	
705.51	6405.4	
705.69	7406.1	
705.87	8023.3	
706.06	6621.8	
706.24	5910.4	
706.42	7800.7	
706.61	7982.3	
706.79	6735.8	
706.97	5939.1	
707.16	7445.7	
707.34	7776.8	
707.52	6578.1	
707.7	6055.2	
707.89	7430.7	
708.07	7286.7	
708.25	6692.1	
708.44	7013.6	
708.62	7352.2	
708.8	8187.8	
708.98	6790.4	
709.17	6099.5	
709.35	7709.9	
709.53	7696.9	
709.72	5945.3	
709.9	6076.3	
710.08	7945.4	
710.26	7974.1	
710.45	7118.7	
710.63	6131.6	
710.81	7613	
710.99	7695.6	
711.18	6594.5	
711.36	6234	
711.54	7646.4	
711.72	7983.7	
711.91	6287.9	
712.09	5950.7	
712.27	7646.4	
712.45	8277.9	
712.64	6365.8	
712.82	5739.8	
713	7269.6	
713.18	7325.6	
713.37	5849.7	
713.55	6642.9	
713.73	7836.2	
713.91	6898.9	
714.1	5936.4	
714.28	5496.7	
714.46	7395.2	
714.64	6817	
714.83	4969.7	
715.01	5400.5	
715.19	6724.8	
715.37	6288.6	
715.55	5139	
715.74	5315.8	
715.92	7174.7	
716.1	5829.9	
716.28	6117.3	
716.47	5328.8	
716.65	6399.9	
716.83	6346	
717.01	5233.9	
717.19	5214.8	
717.38	7745.4	
717.56	6205.3	
717.74	5414.1	
717.92	4861.2	
718.1	7056.6	
718.29	6467.5	
718.47	4721.9	
718.65	5215.5	
718.83	7161.1	
719.01	7121.5	
719.2	4797.7	
719.38	5584.8	
719.56	6958.3	
719.74	7967.3	
719.92	5360.9	
720.11	5993	
720.29	7054.6	
720.47	6417	
720.65	4963.6	
720.83	5470.1	
721.02	6540.5	
721.2	6366.5	
721.38	5401.9	
721.56	4921.3	
721.74	5948	
721.92	6014.9	
722.11	5677	
722.29	5507	
722.47	6961	
722.65	6350.8	
722.83	4881.7	
723.01	5469.4	
723.2	6393.8	
723.38	6632	
723.56	4532.8	
723.74	5261.2	
723.92	6079.1	
724.1	6791.1	
724.29	4902.8	
724.47	5629.2	
724.65	6229.2	
724.83	6085.2	
725.01	4766.3	
725.19	5263.3	
725.37	6044.9	
725.56	5967.1	
725.74	4663.2	
725.92	4956.1	
726.1	6016.9	
726.28	6342.6	
726.46	5123.3	
726.64	4855.1	
726.83	6250.4	
727.01	6369.2	
727.19	4752	
727.37	5214.1	
727.55	6376.7	
727.73	6630.6	
727.91	4663.9	
728.09	4587.4	
728.28	6668.9	
728.46	6902.3	
728.64	5267.4	
728.82	5289.2	
729	7421.8	
729.18	6976.1	
729.36	4727.4	
729.54	6290.7	
729.72	7712.7	
729.91	6588.3	
730.09	6105	
730.27	5329.5	
730.45	6565.1	
730.63	6972.7	
730.81	5709.1	
730.99	5175.9	
731.17	7380.9	
731.35	6376	
731.53	5469.4	
731.71	5145.2	
731.9	7162.4	
732.08	7141.3	
732.26	5429.2	
732.44	5083.7	
732.62	7262.8	
732.8	6902.3	
732.98	5694	
733.16	5008.6	
733.34	6898.9	
733.52	6033.3	
733.7	5311.7	
733.88	5347.9	
734.07	6742.6	
734.25	6607.4	
734.43	4929.5	
734.61	5953.4	
734.79	7621.9	
734.97	6484.6	
735.15	4987.5	
735.33	5234.6	
735.51	6815	
735.69	6485.9	
735.87	6214.2	
736.05	5332.9	
736.23	6704.4	
736.41	6370.5	
736.59	5243.5	
736.77	5278.3	
736.95	6866.8	
737.13	6500.9	
737.32	4992.9	
737.5	5079	
737.68	7239.6	
737.86	6379.4	
738.04	4835.9	
738.22	5991	
738.4	6311.2	
738.58	6427.9	
738.76	5193	
738.94	4588.1	
739.12	6300.9	
739.3	6312.5	
739.48	5607.3	
739.66	5399.1	
739.84	6483.9	
740.02	6460.7	
740.2	4579.9	
740.38	4826.4	
740.56	6784.9	
740.74	5831.2	
740.92	5285.1	
741.1	5150	
741.28	6334.4	
741.46	6133	
741.64	4853.7	
741.82	5346.6	
742	6341.9	
742.18	6286.6	
742.36	4989.5	
742.54	4731.5	
742.72	6692.8	
742.9	5776.6	
743.08	5169.1	
743.26	4426.3	
743.44	6724.8	
743.62	6671.6	
743.8	5297.4	
743.98	4650.3	
744.16	6477.7	
744.34	6217.6	
744.52	5220.3	
744.7	5157.5	
744.88	6546.7	
745.06	6138.4	
745.24	5227.8	
745.42	5201.2	
745.6	6585.6	
745.78	6413.6	
745.96	4384.7	
746.14	4588.8	
746.32	6995.9	
746.5	6396.5	
746.68	4921.3	
746.86	4583.4	
747.03	6668.9	
747.21	5608.7	
747.39	4937.7	
747.57	4555.4	
747.75	6122.1	
747.93	6384.9	
748.11	4513	
748.29	4489.8	
748.47	7228.6	
748.65	5911.1	
748.83	4947.2	
749.01	4821.6	
749.19	6290	
749.37	5640.1	
749.55	4730.8	
749.73	4762.2	
749.91	6070.2	
750.09	5869.5	
750.26	4754	
750.44	4333.5	
750.62	6042.2	
750.8	5930.9	
750.98	4283.7	
751.16	4488.5	
751.34	6062	
751.52	5631.2	
751.7	4997.7	
751.88	4212	
752.06	6386.2	
752.24	6145.3	
752.42	4213.4	
752.59	4501.4	
752.77	5963.7	
752.95	6824.5	
753.13	4932.2	
753.31	4453.6	
753.49	5728.9	
753.67	6029.2	
753.85	4655	
754.03	4342.4	
754.21	6178	
754.38	6351.4	
754.56	4343.7	
754.74	3798.3	
754.92	5637.4	
755.1	5909.1	
755.28	3637.9	
755.46	3661.8	
755.64	6374	
755.82	6372.6	
755.99	3693.9	
756.17	3673.4	
756.35	4514.4	
756.53	5514.5	
756.71	2816.6	
756.89	3416	
757.07	5130.8	
757.25	4623.6	
757.42	3808.5	
757.6	4476.9	
757.78	5436.7	
757.96	4685.1	
758.14	3775.8	
758.32	3444.7	
758.5	4460.5	
758.67	4999.1	
758.85	3626.3	
759.03	3663.1	
759.21	5116.5	
759.39	4705.5	
759.57	3281.5	
759.75	4040	
759.92	5595.1	
760.1	5159.5	
760.28	4360.8	
760.46	4494.6	
760.64	4982.7	
760.82	4903.5	
760.99	4334.9	
761.17	3700	
761.35	5589.6	
761.53	4803.2	
761.71	3953.9	
761.89	4344.4	
762.06	5492.7	
762.24	5209.3	
762.42	4014.7	
762.6	3784.6	
762.78	5167.7	
762.96	5594.4	
763.13	4250.9	
763.31	4000.4	
763.49	5654.4	
763.67	5142.4	
763.85	4554	
764.02	4922	
764.2	5880.4	
764.38	5295.4	
764.56	3861.8	
764.74	4521.2	
764.91	5950.7	
765.09	5206.6	
765.27	3770.3	
765.45	3590.1	
765.63	6019.7	
765.8	5855.1	
765.98	3474	
766.16	3637.2	
766.34	4960.9	
766.52	4745.1	
766.69	4197.7	
766.87	3519.8	
767.05	5182.7	
767.23	5712.5	
767.41	3690.4	
767.58	3859.7	
767.76	5510.4	
767.94	5640.8	
768.12	3714.3	
768.29	4126.7	
768.47	5160.2	
768.65	5677	
768.83	3437.2	
769	4146.5	
769.18	4900.8	
769.36	5349.3	
769.54	4130.8	
769.72	3489.1	
769.89	5626.5	
770.07	5492	
770.25	3736.9	
770.43	4538.3	
770.6	6070.2	
770.78	6243.6	
770.96	3820.1	
771.14	4149.2	
771.31	5484.5	
771.49	5038.7	
771.67	3176.4	
771.85	3324.5	
772.02	4558.1	
772.2	4925.4	
772.38	3885	
772.55	3525.2	
772.73	5201.2	
772.91	4961.5	
773.09	3755.3	
773.26	3833.8	
773.44	5134.9	
773.62	4976.6	
773.8	3450.8	
773.97	3288.4	
774.15	5182	
774.33	4954	
774.5	3343	
774.68	3519.8	
774.86	5233.9	
775.04	4948.6	
775.21	3362.1	
775.39	3364.8	
775.57	5022.3	
775.74	5246.9	
775.92	3228.3	
776.1	3141.6	
776.27	5059.2	
776.45	5890.6	
776.63	3327.3	
776.81	3085.6	
776.98	4810.7	
777.16	5469.4	
777.34	3389.4	
777.51	3665.9	
777.69	4804.5	
777.87	4653	
778.04	3519.1	
778.22	3818.8	
778.4	4685.1	
778.57	5112.4	
778.75	3005.7	
778.93	3197.6	
779.1	4562.9	
779.28	4374.5	
779.46	2952.5	
779.64	3244	
779.81	5196.4	
779.99	5738.4	
780.17	3750.5	
780.34	3887.7	
780.52	4851	
780.69	4825	
780.87	3491.1	
781.05	3196.2	
781.22	4870.8	
781.4	4874.8	
781.58	3276.8	
781.75	2686.9	
781.93	4822.3	
782.11	4347.8	
782.28	3820.8	
782.46	3274.7	
782.64	4325.3	
782.81	4979.3	
782.99	3373	
783.17	3291.1	
783.34	4834.6	
783.52	4440.7	
783.69	3399.6	
783.87	3927.3	
784.05	4414.1	
784.22	4418.8	
784.4	3915.7	
784.58	3489.7	
784.75	5116.5	
784.93	4486.4	
785.1	3233.1	
785.28	3645.4	
785.46	4928.8	
785.63	4343.1	
785.81	3263.8	
785.99	3109.5	
786.16	4590.9	
786.34	4707.6	
786.51	3114.3	
786.69	3382.6	
786.87	4185.4	
787.04	4562.9	
787.22	3056.9	
787.39	3654.9	
787.57	4387.4	
787.75	5085.8	
787.92	3871.3	
788.1	3674.7	
788.27	4330.1	
788.45	4115.7	
788.63	3617.4	
788.8	2694.4	
788.98	4818.9	
789.15	4076.1	
789.33	2759.3	
789.5	3190.7	
789.68	5029.1	
789.86	5069.4	
790.03	3380.5	
790.21	3109.5	
790.38	5042.1	
790.56	4539.7	
790.73	3012.6	
790.91	2979.8	
791.09	4350.6	
791.26	4782	
791.44	3197.6	
791.61	2833.7	
791.79	4351.3	
791.96	4334.9	
792.14	2908.1	
792.32	2603.7	
792.49	4300.7	
792.67	4420.9	
792.84	2932	
793.02	2817.3	
793.19	4748.6	
793.37	5100.1	
793.54	2613.2	
793.72	2907.4	
793.89	5122.7	
794.07	4374.5	
794.25	3273.3	
794.42	2697.9	
794.6	5077.6	
794.77	4714.4	
794.95	3392.8	
795.12	3031	
795.3	4346.5	
795.47	4737	
795.65	3332.7	
795.82	3212.6	
796	4243.4	
796.17	5395	
796.35	3116.3	
796.52	3547.8	
796.7	4767.7	
796.87	4799.8	
797.05	3093.1	
797.22	3639.9	
797.4	4800.4	
797.57	5356.8	
797.75	3252.2	
797.92	3016	
798.1	4999.1	
798.27	4223.6	
798.45	2693.8	
798.62	2800.3	
798.8	4615.4	
798.97	4852.3	
799.15	3301.3	
799.32	3173	
799.5	4040	
799.67	4539.7	
799.85	3448.1	
800.02	2637.1	
800.2	4358.8	
800.37	4469.4	
800.55	3559.4	
800.72	3040.6	
800.9	4904.9	
801.07	5091.9	
801.25	3861.8	
801.42	3286.3	
801.6	4851.6	
801.77	4598.4	
801.95	3049.4	
802.12	2957.9	
802.29	4614.1	
802.47	4595.6	
802.64	3320.4	
802.82	2603	
802.99	4338.3	
803.17	4941.1	
803.34	3190.1	
803.52	2935.4	
803.69	5349.3	
803.87	4132.8	
804.04	3158.7	
804.21	3196.9	
804.39	5028.4	
804.56	4375.8	
804.74	2804.4	
804.91	3269.9	
805.09	4284.4	
805.26	4352.6	
805.44	2821.4	
805.61	3078.8	
805.78	4775.2	
805.96	4756.1	
806.13	3189.4	
806.31	3463.1	
806.48	4005.8	
806.66	4313.7	
806.83	3280.8	
807	3125.9	
807.18	4354.7	
807.35	4570.4	
807.53	3072.6	
807.7	2684.9	
807.87	5099.4	
808.05	4300.7	
808.22	3422.2	
808.4	2598.9	
808.57	4263.9	
808.74	4055.7	
808.92	2939.5	
809.09	3645.4	
809.27	4290.5	
809.44	4672.8	
809.61	2643.9	
809.79	2867.8	
809.96	5263.3	
810.14	4809.3	
810.31	2641.2	
810.48	3131.3	
810.66	4293.2	
810.83	4836.6	
811.01	3012.6	
811.18	3261	
811.35	4816.1	
811.53	3846.1	
811.7	3508.9	
811.87	3220.8	
812.05	4387.4	
812.22	4285	
812.39	2882.2	
812.57	2773.6	
812.74	4370.4	
812.92	5422.3	
813.09	3129.3	
813.26	3209.2	
813.44	5201.8	
813.61	4235.2	
813.78	2636.4	
813.96	3294.5	
814.13	4353.3	
814.3	4169	
814.48	3618.1	
814.65	3066.5	
814.82	5086.5	
815	4080.9	
815.17	3155.9	
815.34	3710.2	
815.52	4235.9	
815.69	4248.9	
815.87	3101.3	
816.04	3043.3	
816.21	4260.5	
816.38	3887	
816.56	2987.3	
816.73	2871.9	
816.9	5302.2	
817.08	4829.8	
817.25	2946.3	
817.42	3463.1	
817.6	4005.1	
817.77	4269.3	
817.94	3170.3	
818.12	2862.4	
818.29	4133.5	
818.46	5817.6	
818.64	2980.5	
818.81	2766.1	
818.98	4106.2	
819.16	5489.2	
819.33	3367.5	
819.5	3147.7	
819.67	4530.1	
819.85	4995.7	
820.02	3121.8	
820.19	3197.6	
820.37	4473.4	
820.54	4241.3	
820.71	3226.9	
820.88	3874.8	
821.06	4432.5	
821.23	4169	
821.4	3164.1	
821.58	3103.4	
821.75	4760.2	
821.92	4415.4	
822.09	2628.2	
822.27	2734	
822.44	4315.1	
822.61	4239.3	
822.79	2697.2	
822.96	4736.3	
823.13	4582.7	
823.3	4093.9	
823.48	2983.9	
823.65	2737.5	
823.82	4809.3	
823.99	4050.2	
824.17	3652.9	
824.34	2751.1	
824.51	5384.1	
824.68	4334.9	
824.86	2882.9	
825.03	3123.2	
825.2	4371.7	
825.37	4975.2	
825.55	2912.9	
825.72	3084.9	
825.89	5367.7	
826.06	5037.3	
826.24	3080.1	
826.41	3061	
826.58	5072.8	
826.75	4433.2	
826.92	2541.5	
827.1	2726.5	
827.27	6545.3	
827.44	5386.2	
827.61	2942.9	
827.79	3406.5	
827.96	4203.1	
828.13	4293.2	
828.3	3045.3	
828.47	2609.8	
828.65	4642.1	
828.82	4515.1	
828.99	3678.2	
829.16	3312.2	
829.34	4805.2	
829.51	4713.1	
829.68	3114.3	
829.85	3132	
830.02	5070.1	
830.2	4794.3	
830.37	2523.1	
830.54	3708.9	
830.71	5313.8	
830.88	4372.4	
831.05	2491	
831.23	2856.2	
831.4	5193.6	
831.57	5500.2	
831.74	3009.8	
831.91	2605.7	
832.09	4619.5	
832.26	4792.2	
832.43	2975.7	
832.6	3291.8	
832.77	4571.1	
832.94	5046.9	
833.12	2479.4	
833.29	2936.8	
833.46	4686.4	
833.63	5724.8	
833.8	3234.4	
833.97	2968.9	
834.15	4835.9	
834.32	4616.1	
834.49	3037.8	
834.66	3193.5	
834.83	4855.1	
835	4195.6	
835.17	2908.1	
835.35	2892.4	
835.52	4725.3	
835.69	4598.4	
835.86	3065.8	
836.03	2549	
836.2	4815.5	
836.37	4457.7	
836.55	2954.5	
836.72	2827.6	
836.89	4475.5	
837.06	4915.1	
837.23	2985.9	
837.4	3263.8	
837.57	5356.8	
837.75	5722.7	
837.92	2731.3	
838.09	2921.8	
838.26	4561.5	
838.43	4946.5	
838.6	3091.1	
838.77	2853.5	
838.94	5498.1	
839.11	5321.3	
839.29	2996.2	
839.46	2375	
839.63	4847.5	
839.8	4579.3	
839.97	2908.1	
840.14	2891	
840.31	4709	
840.48	4810.7	
840.65	2458.9	
840.82	2890.4	
841	4792.9	
841.17	4681	
841.34	2662.4	
841.51	2727.2	
841.68	4745.1	
841.85	4558.8	
842.02	2824.1	
842.19	2406.4	
842.36	4620.9	
842.53	4635.9	
842.7	2671.2	
842.87	3146.4	
843.05	5727.5	
843.22	4556	
843.39	2587.3	
843.56	2775.7	
843.73	4420.2	
843.9	4859.8	
844.07	4109.6	
844.24	3487.7	
844.41	6356.9	
844.58	4262.5	
844.75	2644.6	
844.92	2818	
845.09	4732.9	
845.26	4735.6	
845.43	2698.5	
845.6	2792.7	
845.77	4777.9	
845.94	4532.8	
846.12	2955.2	
846.29	3061	
846.46	4935.6	
846.63	4706.9	
846.8	2699.9	
846.97	3125.9	
847.14	5072.1	
847.31	4754.7	
847.48	2979.1	
847.65	3261.7	
847.82	4906.9	
847.99	4891.2	
848.16	3391.4	
848.33	3206.4	
848.5	4413.4	
848.67	5096	
848.84	2656.9	
849.01	2747.7	
849.18	4420.2	
849.35	4138.9	
849.52	3187.3	
849.69	2631	
849.86	4891.2	
850.03	4968.4	
850.2	2717	
850.37	3175.7	
850.54	4940.4	
850.71	4525.3	
850.88	3170.3	
851.05	2648.7	
851.22	4635.2	
851.39	5138.4	
851.56	2488.3	
851.73	3031.7	
851.9	4231.1	
852.07	4981.3	
852.24	2947.7	
852.41	2647.3	
852.58	4754.7	
852.75	4296.6	
852.92	2995.5	
853.09	2567.5	
853.26	4419.5	
853.43	5025	
853.6	2636.4	
853.77	2335.4	
853.94	5121.3	
854.11	4231.1	
854.28	3741.6	
854.44	2870.6	
854.61	5360.9	
854.78	4947.2	
854.95	2656.9	
855.12	3220.1	
855.29	3981.9	
855.46	5244.8	
855.63	2719	
855.8	3508.9	
855.97	4437.3	
856.14	4980.7	
856.31	3630.4	
856.48	2860.3	
856.65	4498.7	
856.82	4246.1	
856.99	2586.6	
857.16	2820.1	
857.33	5571.8	
857.49	4498	
857.66	2827.6	
857.83	3011.2	
858	4569.7	
858.17	4645.5	
858.34	2599.6	
858.51	2675.3	
858.68	5116.5	
858.85	5147.9	
859.02	3028.9	
859.19	3198.9	
859.36	4282.3	
859.52	4271.4	
859.69	2679.4	
859.86	3078.8	
860.03	4306.2	
860.2	5092.6	
860.37	2501.3	
860.54	2713.6	
860.71	4926.7	
860.88	5175.9	
861.05	2932	
861.21	3332.7	
861.38	5130.2	
861.55	4132.8	
861.72	2465.1	
861.89	2988	
862.06	4886.5	
862.23	5168.4	
862.4	2569.5	
862.56	2748.4	
862.73	4752	
862.9	4625.7	
863.07	3080.1	
863.24	2455.5	
863.41	4205.2	
863.58	4262.5	
863.75	2686.3	
863.91	3063.8	
864.08	5036.6	
864.25	4825	
864.42	3218.7	
864.59	3592.8	
864.76	5354.1	
864.93	4308.2	
865.09	2609.8	
865.26	2854.9	
865.43	5107	
865.6	5300.1	
865.77	2325.8	
865.94	2657.6	
866.1	5025.7	
866.27	4788.8	
866.44	3860.4	
866.61	2586.6	
866.78	4474.8	
866.95	4797.7	
867.11	2633.7	
867.28	2429.6	
867.45	5016.8	
867.62	4264.6	
867.79	2991.4	
867.96	2620.7	
868.12	4201.1	
868.29	4846.9	
868.46	2652.1	
868.63	3424.2	
868.8	4945.8	
868.97	4824.3	
869.13	2788	
869.3	2742.2	
869.47	4751.3	
869.64	5003.2	
869.81	2641.9	
869.97	2686.3	
870.14	4681	
870.31	5145.9	
870.48	2638.5	
870.65	3254.2	
870.81	4551.3	
870.98	4536.3	
871.15	2939.5	
871.32	2801.6	
871.48	4816.1	
871.65	5171.1	
871.82	2630.3	
871.99	2873.3	
872.16	5496.1	
872.32	5077.6	
872.49	2714.9	
872.66	2708.8	
872.83	4885.8	
872.99	4365.6	
873.16	2976.4	
873.33	2675.3	
873.5	4599.1	
873.67	4649.6	
873.83	2831	
874	3420.1	
874.17	4687.8	
874.34	5315.8	
874.5	3340.2	
874.67	3164.1	
874.84	5051.7	
875.01	4166.9	
875.17	3596.9	
875.34	2682.2	
875.51	4618.2	
875.68	5472.2	
875.84	3131.3	
876.01	3714.3	
876.18	4874.8	
876.34	4758.8	
876.51	2662.4	
876.68	2624.1	
876.85	4446.1	
877.01	5107	
877.18	3634.5	
877.35	2672.6	
877.52	4715.8	
877.68	4238.6	
877.85	2648.7	
878.02	2630.3	
878.18	4469.4	
878.35	4389.5	
878.52	2235.7	
878.69	3093.1	
878.85	4962.9	
879.02	4744.5	
879.19	3689.1	
879.35	2881.5	
879.52	4866	
879.69	4934.9	
879.86	2405	
880.02	2940.2	
880.19	4563.6	
880.36	5347.2	
880.52	2998.2	
880.69	3054.2	
880.86	4917.2	
881.02	4917.2	
881.19	2910.8	
881.36	2820.7	
881.52	4805.9	
881.69	4355.3	
881.86	2850.8	
882.02	2813.9	
882.19	4968.4	
882.36	5707.7	
882.52	2719.7	
882.69	3602.4	
882.86	4659.8	
883.02	4711	
883.19	3136.1	
883.36	3019.4	
883.52	4876.2	
883.69	5453.7	
883.86	2678.7	
884.02	2479.4	
884.19	4845.5	
884.36	4595	
884.52	2923.8	
884.69	2831.7	
884.86	4454.3	
885.02	5218.9	
885.19	2922.5	
885.36	3010.5	
885.52	4553.3	
885.69	4779.3	
885.86	3639.2	
886.02	3325.9	
886.19	4894.6	
886.35	4439.3	
886.52	2890.4	
886.69	3554.6	
886.85	4274.1	
887.02	5058.5	
887.19	5058.5	
887.35	5058.5	
887.52	5058.5	
887.68	5058.5	
887.85	5058.5	
888.02	5058.5	
888.18	5058.5	
888.35	5058.5	
888.51	5058.5	
888.68	5058.5	
888.85	5058.5	
889.01	5058.5	
889.18	5058.5	
889.35	5058.5	
889.51	5058.5	
889.68	5058.5	
889.84	5058.5	
890.01	5058.5	
890.17	5058.5	
890.34	5058.5	
890.51	5058.5	
890.67	5058.5	
890.84	5058.5	
891	5058.5	
891.17	5058.5	
891.34	5058.5	
891.5	5058.5	
891.67	5058.5	
891.83	5058.5	
892	5058.5	
892.16	5058.5	
892.33	5058.5	
892.5	5058.5	
892.66	5058.5	
892.83	5058.5	
892.99	5058.5	
893.16	5058.5	
893.32	5058.5	
893.49	5058.5	
893.65	5058.5	
893.82	5058.5	
893.99	5058.5	
894.15	5058.5	
894.32	5058.5	
894.48	5058.5	
894.65	5058.5	
894.81	5058.5	
894.98	5058.5	
895.14	5058.5	
895.31	5058.5	
895.47	5058.5	
895.64	5058.5	
895.81	5058.5	
895.97	5058.5	
896.14	5058.5	
896.3	5058.5	
896.47	5058.5	
896.63	5058.5	
896.8	5058.5	
896.96	5058.5	
897.13	5058.5	
897.29	5058.5	
897.46	5058.5	
897.62	5058.5	
897.79	5058.5	
897.95	5058.5	
898.12	5058.5	
898.28	5058.5	
898.45	5058.5	
898.61	5058.5	
898.78	5058.5	
898.94	5058.5	
899.11	5058.5	
899.27	5058.5	
899.44	5058.5	
899.6	5058.5	
899.77	5058.5	
899.93	5058.5	
900.1	5058.5	
900.26	5058.5	
900.43	5058.5	
900.59	5058.5	
900.76	5058.5	
900.92	5058.5	
901.09	5058.5	
901.25	5058.5	
901.42	5058.5	
901.58	5058.5	
901.75	5058.5	
901.91	5058.5	
902.07	5058.5	
902.24	5058.5	
902.4	5058.5	
902.57	5058.5	
902.73	5058.5	
902.9	5058.5	
903.06	5058.5	
903.23	5058.5	
903.39	5058.5	
903.56	5058.5	
903.72	5058.5	
903.88	5058.5	
904.05	5058.5	
904.21	5058.5	
904.38	5058.5	
904.54	5058.5	
904.71	5058.5	
904.87	5058.5	
905.03	5058.5	
905.2	5058.5	
905.36	5058.5	
905.53	5058.5	
905.69	5058.5	
905.86	5058.5	
906.02	5058.5	
906.18	5058.5	
906.35	5058.5	
906.51	5058.5	
906.68	5058.5	
906.84	5058.5	
907.01	5058.5	
907.17	5058.5	
907.33	5058.5	
907.5	5058.5	
907.66	5058.5	
907.83	5058.5	
907.99	5058.5	
908.15	5058.5	
908.32	5058.5	
908.48	5058.5	
908.65	5058.5	
908.81	5058.5	
908.97	5058.5	
909.14	5058.5	
909.3	5058.5	
909.47	5058.5	
909.63	5058.5	
909.79	5058.5	
909.96	5058.5	
910.12	5058.5	
910.28	5058.5	
910.45	5058.5	
910.61	5058.5	
910.78	5058.5	
910.94	5058.5	
911.1	5058.5	
911.27	5058.5	
911.43	5058.5	
911.59	5058.5	
911.76	5058.5	
911.92	5058.5	
912.08	5058.5	
912.25	5058.5	
912.41	5058.5	
912.57	5058.5	
912.74	5058.5	
912.9	5058.5	
913.07	5058.5	
913.23	5058.5	
913.39	5058.5	
913.56	5058.5	
913.72	5058.5	
913.88	5058.5	
914.05	5058.5	
914.21	5058.5	
914.37	5058.5	
914.54	5058.5	
914.7	5058.5	
914.86	5058.5	
915.03	5058.5	
915.19	5058.5	
