Wavelength	Intensities	
nm	a.u.	
179.22	1777	
179.44	1786.5	
179.65	1767.4	
179.86	1805.6	
180.08	1781.7	
180.29	4242	
180.51	3190.7	
180.72	5208	
180.94	5898.8	
181.15	2898.6	
181.37	2893.8	
181.58	4980.7	
181.79	5267.4	
182.01	3023.5	
182.22	3256.3	
182.44	5338.4	
182.65	4524	
182.87	3950.5	
183.08	3477.5	
183.29	5516.5	
183.51	4607.2	
183.72	3268.6	
183.94	4556	
184.15	4943.1	
184.37	4877.6	
184.58	2874	
184.79	3769.6	
185.01	4648.9	
185.22	5274.9	
185.44	4010.6	
185.65	3421.5	
185.86	4861.2	
186.08	4502.1	
186.29	2797.5	
186.51	2972.3	
186.72	4646.2	
186.94	5386.8	
187.15	3444	
187.36	3527.3	
187.58	6819.7	
187.79	5072.1	
188.01	3636.5	
188.22	5541.8	
188.43	5982.1	
188.65	5253.7	
188.86	3037.8	
189.08	3515	
189.29	4810.7	
189.5	4747.9	
189.72	3199.6	
189.93	3340.9	
190.15	5410.1	
190.36	6378.1	
190.57	3575.1	
190.79	3472.7	
191	5450.3	
191.22	5445.5	
191.43	3530.7	
191.64	2993.4	
191.86	5636.7	
192.07	5496.7	
192.29	3111.5	
192.5	3267.9	
192.71	5449.6	
192.93	4730.1	
193.14	3251.5	
193.35	3302	
193.57	4742.4	
193.78	5470.1	
194	2677.4	
194.21	3162.1	
194.42	4604.5	
194.64	4957.4	
194.85	3483.6	
195.07	4085	
195.28	4912.4	
195.49	4357.4	
195.71	4263.9	
195.92	3063.1	
196.13	5145.2	
196.35	5160.9	
196.56	4517.8	
196.78	3498.6	
196.99	6296.8	
197.2	5922	
197.42	3958.7	
197.63	3539.6	
197.84	4524.6	
198.06	5111	
198.27	3239.9	
198.48	4237.2	
198.7	4717.8	
198.91	4883	
199.13	3513.6	
199.34	3491.8	
199.55	5365.7	
199.77	4324.6	
199.98	3147.7	
200.19	3580.5	
200.41	4938.3	
200.62	4611.3	
200.83	3707.5	
201.05	3899.3	
201.26	4920.6	
201.47	4698	
201.69	3207.8	
201.9	3075.4	
202.11	4950.6	
202.33	5735	
202.54	3347.7	
202.76	3728.7	
202.97	5009.3	
203.18	5085.8	
203.4	3661.1	
203.61	3705.5	
203.82	5033.2	
204.04	4694.6	
204.25	3645.4	
204.46	3481.5	
204.68	4945.8	
204.89	5159.5	
205.1	3443.3	
205.32	3014.6	
205.53	5313.8	
205.74	5419.6	
205.96	2662.4	
206.17	3609.2	
206.38	5218.2	
206.6	5390.9	
206.81	4073.4	
207.02	3290.4	
207.24	5152.7	
207.45	5487.9	
207.66	3403.7	
207.88	2930.6	
208.09	5094	
208.3	4909.7	
208.52	3149.1	
208.73	3459	
208.94	4925.4	
209.15	5542.5	
209.37	3374.4	
209.58	3812.6	
209.79	5396.4	
210.01	4820.9	
210.22	2775.7	
210.43	2902.7	
210.65	4953.4	
210.86	5246.9	
211.07	3388.7	
211.29	3141.6	
211.5	5235.3	
211.71	4883.7	
211.93	3114.3	
212.14	3161.4	
212.35	4856.4	
212.56	5005.9	
212.78	3560.7	
212.99	2979.1	
213.2	5728.9	
213.42	4753.3	
213.63	3181.2	
213.84	3414	
214.06	4455.7	
214.27	4556	
214.48	3407.1	
214.69	3590.8	
214.91	5552.7	
215.12	5578.7	
215.33	3558.7	
215.55	3969.6	
215.76	5982.8	
215.97	5175.9	
216.18	3488.4	
216.4	3428.3	
216.61	4661.2	
216.82	5380	
217.04	3151.8	
217.25	3287	
217.46	5493.3	
217.67	5283.1	
217.89	2859.6	
218.1	2904	
218.31	5030.5	
218.53	5096.7	
218.74	3304.7	
218.95	3168.9	
219.16	4919.9	
219.38	5683.8	
219.59	3224.9	
219.8	3764.8	
220.01	6146.6	
220.23	5000.5	
220.44	4095.9	
220.65	3106.8	
220.87	5021.6	
221.08	5431.9	
221.29	2946.3	
221.5	3839.9	
221.72	6548.7	
221.93	4715.8	
222.14	3565.5	
222.35	4169	
222.57	4922.6	
222.78	5254.4	
222.99	3448.8	
223.2	3595.6	
223.42	5206.6	
223.63	5306.3	
223.84	2710.1	
224.05	2672.6	
224.27	6151.4	
224.48	5681.1	
224.69	4130.1	
224.9	3598.3	
225.12	5171.1	
225.33	4934.2	
225.54	2930	
225.75	3151.1	
225.97	4632.5	
226.18	4896	
226.39	3375.1	
226.6	3219.4	
226.82	4726.7	
227.03	4598.4	
227.24	3560.1	
227.45	2979.1	
227.67	5304.2	
227.88	5670.1	
228.09	3904.8	
228.3	3923.2	
228.52	5265.3	
228.73	4913.8	
228.94	3253.5	
229.15	2992.8	
229.36	4889.2	
229.58	4868	
229.79	3349.8	
230	3833.8	
230.21	5832.6	
230.43	5012.7	
230.64	3512.9	
230.85	3632.4	
231.06	5384.8	
231.28	5319.3	
231.49	2981.2	
231.7	3486.3	
231.91	5224.4	
232.12	5006.6	
232.34	3089.7	
232.55	3358	
232.76	5489.9	
232.97	5108.3	
233.18	3116.3	
233.4	3522.5	
233.61	5180	
233.82	4727.4	
234.03	3257	
234.25	3264.5	
234.46	6630	
234.67	5033.9	
234.88	3623.5	
235.09	3225.6	
235.31	5174.5	
235.52	4833.9	
235.73	3467.2	
235.94	3021.4	
236.15	4745.1	
236.37	5950	
236.58	3125.9	
236.79	3414	
237	5180	
237.21	4491.9	
237.43	3717.7	
237.64	2858.3	
237.85	8469.7	
238.06	4629.1	
238.27	3668.6	
238.48	2994.1	
238.7	5258.5	
238.91	4895.3	
239.12	3423.5	
239.33	3506.8	
239.54	4603.2	
239.76	4832.5	
239.97	3412.6	
240.18	3343	
240.39	6032	
240.6	5136.3	
240.82	3515.7	
241.03	2935.4	
241.24	4951.3	
241.45	5689.3	
241.66	3126.6	
241.87	3654.3	
242.09	5612.1	
242.3	5842.9	
242.51	3654.3	
242.72	3365.5	
242.93	5321.3	
243.14	4947.2	
243.36	3941	
243.57	4155.3	
243.78	5687.9	
243.99	5255.8	
244.2	3426.9	
244.41	3059.7	
244.63	4567	
244.84	5165	
245.05	3577.8	
245.26	3380.5	
245.47	5141.1	
245.68	5360.2	
245.9	4422.9	
246.11	3585.3	
246.32	4777.9	
246.53	5188.9	
246.74	5384.1	
246.95	2864.4	
247.16	4610.7	
247.38	4975.9	
247.59	2897.2	
247.8	3411.9	
248.01	4648.9	
248.22	4909	
248.43	3134.1	
248.64	3336.8	
248.86	4454.3	
249.07	4781.3	
249.28	3035.1	
249.49	3467.2	
249.7	5372.5	
249.91	5497.4	
250.12	2917.7	
250.34	2957.9	
250.55	5001.1	
250.76	4941.7	
250.97	3532.7	
251.18	3521.1	
251.39	5517.2	
251.6	5106.3	
251.81	3558	
252.03	3586.7	
252.24	4759.5	
252.45	5387.5	
252.66	2985.3	
252.87	3680.9	
253.08	4992.9	
253.29	6308.4	
253.5	2996.9	
253.72	4096.6	
253.93	4842.1	
254.14	5810.1	
254.35	3258.3	
254.56	3311.6	
254.77	5115.8	
254.98	4632.5	
255.19	3249.4	
255.41	4078.2	
255.62	5084.4	
255.83	5524.7	
256.04	3644.7	
256.25	3530.7	
256.46	5944.6	
256.67	4729.4	
256.88	3529.3	
257.09	3915.7	
257.31	4648.9	
257.52	4670.1	
257.73	4294.6	
257.94	3205.1	
258.15	4928.8	
258.36	4968.4	
258.57	3986	
258.78	2654.9	
258.99	5357.5	
259.2	4784.1	
259.41	3188	
259.63	3377.1	
259.84	5657.2	
260.05	5957.5	
260.26	4209.9	
260.47	3220.8	
260.68	5476.3	
260.89	4843.4	
261.1	3913	
261.31	3090.4	
261.52	5480.4	
261.73	5782.1	
261.95	4144.4	
262.16	3626.3	
262.37	5531.6	
262.58	5595.7	
262.79	4118.5	
263	3345.7	
263.21	4977.2	
263.42	4775.2	
263.63	3356.6	
263.84	3315.7	
264.05	5369.8	
264.26	5735.7	
264.47	4006.5	
264.69	3643.3	
264.9	5597.8	
265.11	5122.7	
265.32	3181.9	
265.53	3216.7	
265.74	5057.1	
265.95	4470.7	
266.16	3500.7	
266.37	3808.5	
266.58	5058.5	
266.79	4811.4	
267	3256.3	
267.21	3058.3	
267.42	4573.1	
267.63	4942.4	
267.84	3390.1	
268.06	2936.8	
268.27	5292.6	
268.48	5547.9	
268.69	3335.5	
268.9	3886.4	
269.11	5535.7	
269.32	4519.9	
269.53	3388	
269.74	3169.6	
269.95	5156.1	
270.16	4411.3	
270.37	3403	
270.58	3913	
270.79	4831.2	
271	5365.7	
271.21	3627.6	
271.42	3465.8	
271.63	5094	
271.84	4592.2	
272.05	2759.3	
272.26	3071.3	
272.47	4993.6	
272.68	5115.1	
272.89	3281.5	
273.11	3737.5	
273.32	4750.6	
273.53	5666.7	
273.74	3652.9	
273.95	3553.9	
274.16	5421.7	
274.37	4939	
274.58	3812	
274.79	2983.9	
275	5133.6	
275.21	5450.3	
275.42	4405.9	
275.63	3850.9	
275.84	5208	
276.05	6333.7	
276.26	3529.3	
276.47	3357.3	
276.68	4866.7	
276.89	5773.9	
277.1	3804.4	
277.31	3000.3	
277.52	5116.5	
277.73	5344.5	
277.94	2962	
278.15	3355.3	
278.36	5169.1	
278.57	4671.4	
278.78	3297.2	
278.99	3622.9	
279.2	4706.2	
279.41	4627.7	
279.62	4273.4	
279.83	3044	
280.04	5959.6	
280.25	4605.2	
280.46	4245.4	
280.67	3418.1	
280.88	4640.7	
281.09	5492.7	
281.3	3571	
281.51	4496	
281.72	4730.8	
281.93	5360.9	
282.14	3188	
282.35	3497.9	
282.56	5477.6	
282.77	5301.5	
282.98	3291.1	
283.19	3974.4	
283.4	6535.1	
283.61	4874.8	
283.82	3067.2	
284.03	4153.3	
284.24	5129.5	
284.45	5459.2	
284.66	4223.6	
284.87	3963.5	
285.08	5406.6	
285.29	5556.1	
285.5	2955.2	
285.71	3323.9	
285.92	5431.9	
286.12	6006.7	
286.33	4171	
286.54	3337.5	
286.75	5339.7	
286.96	4899.4	
287.17	3091.8	
287.38	4125.3	
287.59	4670.7	
287.8	4657.8	
288.01	3319.1	
288.22	3785.3	
288.43	5300.1	
288.64	4547.9	
288.85	3951.9	
289.06	3708.9	
289.27	5413.5	
289.48	5698.1	
289.69	4138.9	
289.9	3818.8	
290.11	5582.8	
290.32	4718.5	
290.53	3956	
290.74	3670.6	
290.94	5348.6	
291.15	5342.5	
291.36	3226.9	
291.57	3739.6	
291.78	4780	
291.99	4471.4	
292.2	3095.2	
292.41	3672.7	
292.62	5378	
292.83	5288.5	
293.04	4506.2	
293.25	3152.5	
293.46	4815.5	
293.67	5440.8	
293.88	3207.8	
294.09	3106.1	
294.29	4618.9	
294.5	5061.2	
294.71	3442	
294.92	3314.3	
295.13	4803.2	
295.34	5844.9	
295.55	2975.7	
295.76	2901.3	
295.97	5294	
296.18	5887.2	
296.39	3055.6	
296.6	3239.9	
296.81	5039.4	
297.01	5385.5	
297.22	3342.3	
297.43	3213.3	
297.64	4721.9	
297.85	4682.3	
298.06	2738.1	
298.27	2927.9	
298.48	4965	
298.69	4685.1	
298.9	3457.7	
299.11	3175	
299.31	4601.8	
299.52	4588.1	
299.73	3720.5	
299.94	3560.1	
300.15	5020.9	
300.36	4666	
300.57	3646.1	
300.78	3596.9	
300.99	4848.2	
301.2	5064.6	
301.4	3265.8	
301.61	3463.1	
301.82	5278.3	
302.03	5345.9	
302.24	3809.9	
302.45	3106.1	
302.66	5227.1	
302.87	5534.3	
303.08	3270.6	
303.29	4301.4	
303.49	4774.5	
303.7	4962.9	
303.91	2912.2	
304.12	4181.3	
304.33	4541.7	
304.54	5059.2	
304.75	3267.2	
304.96	3127.9	
305.16	5214.8	
305.37	5863.3	
305.58	2826.2	
305.79	2953.9	
306	5241.4	
306.21	4413.4	
306.42	3202.3	
306.63	4732.2	
306.83	4839.4	
307.04	5293.3	
307.25	3517	
307.46	3561.4	
307.67	4393.6	
307.88	5351.3	
308.09	3197.6	
308.29	3212.6	
308.5	5000.5	
308.71	5482.4	
308.92	3446.7	
309.13	3096.5	
309.34	4910.3	
309.55	4949.3	
309.75	3953.9	
309.96	3607.8	
310.17	5317.2	
310.38	4757.4	
310.59	3834.5	
310.8	3027.6	
311.01	5877.7	
311.21	4827.7	
311.42	3073.3	
311.63	3182.5	
311.84	4820.9	
312.05	5021.6	
312.26	3549.8	
312.46	3896.6	
312.67	4817.5	
312.88	4567.7	
313.09	3123.2	
313.3	3032.4	
313.51	5588.9	
313.71	5924.8	
313.92	3131.3	
314.13	3241.3	
314.34	5152	
314.55	4913.1	
314.76	3882.3	
314.96	3420.1	
315.17	5098.8	
315.38	5248.3	
315.59	3119.1	
315.8	2997.5	
316.01	5666.7	
316.21	5700.9	
316.42	3036.5	
316.63	3464.5	
316.84	4856.4	
317.05	5497.4	
317.26	3621.5	
317.46	3291.1	
317.67	4926.7	
317.88	5267.4	
318.09	3953.9	
318.3	2953.9	
318.5	4780	
318.71	5210.7	
318.92	4908.3	
319.13	3629	
319.34	5375.9	
319.54	5473.5	
319.75	2888.3	
319.96	2796.2	
320.17	5193.6	
320.38	5424.4	
320.58	2828.9	
320.79	3406.5	
321	5425.8	
321.21	5522.7	
321.42	3453.6	
321.62	2897.2	
321.83	4657.8	
322.04	4938.3	
322.25	3317	
322.46	3111.5	
322.66	5061.2	
322.87	5217.5	
323.08	3829.7	
323.29	3090.4	
323.5	5835.3	
323.7	4597.7	
323.91	4134.8	
324.12	3824.9	
324.33	5066	
324.53	5216.2	
324.74	3584.6	
324.95	3766.9	
325.16	4469.4	
325.37	4827.7	
325.57	3135.4	
325.78	3177.8	
325.99	5049.6	
326.2	4530.8	
326.4	4284.4	
326.61	2917.7	
326.82	4898.7	
327.03	5049.6	
327.24	4351.3	
327.44	4079.6	
327.65	5188.9	
327.86	4304.8	
328.07	3658.4	
328.27	3014.6	
328.48	5516.5	
328.69	4573.1	
328.9	4348.5	
329.1	3297.2	
329.31	4878.9	
329.52	5639.4	
329.73	3121.8	
329.93	3454.9	
330.14	4992.9	
330.35	5126.7	
330.56	4955.4	
330.76	3807.9	
330.97	4812	
331.18	5198.4	
331.39	3463.8	
331.59	2809.1	
331.8	5494	
332.01	5505.6	
332.22	3259	
332.42	3642	
332.63	5053.7	
332.84	4687.1	
333.05	3451.5	
333.25	3165.5	
333.46	4726	
333.67	4996.4	
333.88	3271.3	
334.08	3547.1	
334.29	6473.6	
334.5	5479	
334.7	3082.2	
334.91	4391.5	
335.12	4620.2	
335.33	5297.4	
335.53	3440.6	
335.74	4956.8	
335.95	4777.9	
336.16	4635.9	
336.36	3408.5	
336.57	3933.5	
336.78	4557.4	
336.98	5463.3	
337.19	4154	
337.4	3362.8	
337.61	5952.8	
337.81	4556	
338.02	3224.9	
338.23	3965.6	
338.43	5586.9	
338.64	4712.4	
338.85	3158.7	
339.05	4068.6	
339.26	5679	
339.47	4494.6	
339.68	3103.4	
339.88	4524	
340.09	5179.3	
340.3	5400.5	
340.5	3639.9	
340.71	2877.4	
340.92	4574.5	
341.13	5517.2	
341.33	3035.8	
341.54	3665.2	
341.75	5173.2	
341.95	4838.7	
342.16	3461.7	
342.37	3788.7	
342.57	4627.7	
342.78	4895.3	
342.99	3824.9	
343.19	2815.3	
343.4	5328.8	
343.61	5179.3	
343.81	3341.6	
344.02	3003	
344.23	5326.1	
344.43	5585.5	
344.64	3866.6	
344.85	3745.7	
345.06	5212.8	
345.26	5473.5	
345.47	3637.2	
345.68	4113.7	
345.88	4496.7	
346.09	5309	
346.3	3598.3	
346.5	2813.2	
346.71	4941.7	
346.92	4684.4	
347.12	2920.4	
347.33	3570.3	
347.54	5365.7	
347.74	5745.2	
347.95	3537.5	
348.16	2715.6	
348.36	4829.8	
348.57	4655	
348.78	3607.8	
348.98	3755.3	
349.19	4898.1	
349.39	4413.4	
349.6	2909.5	
349.81	3197.6	
350.01	5191.6	
350.22	4653	
350.43	3442	
350.63	4095.3	
350.84	4946.5	
351.05	4730.8	
351.25	3167.5	
351.46	2856.2	
351.67	5379.3	
351.87	4711.7	
352.08	3353.9	
352.29	3758.7	
352.49	5296.7	
352.7	5086.5	
352.9	3035.8	
353.11	3769.6	
353.32	5842.2	
353.52	4773.8	
353.73	3069.2	
353.94	3829	
354.14	5183.4	
354.35	5027.8	
354.55	3122.5	
354.76	3436.5	
354.97	5141.1	
355.17	4982.7	
355.38	2977.7	
355.59	3977.2	
355.79	4653.7	
356	4972.5	
356.2	3438.5	
356.41	3038.5	
356.62	4437.3	
356.82	4844.1	
357.03	3689.1	
357.24	3317.7	
357.44	4659.1	
357.65	4788.2	
357.85	4363.5	
358.06	3517.7	
358.27	4457.1	
358.47	4643.4	
358.68	2924.5	
358.88	3638.6	
359.09	5156.8	
359.3	5369.1	
359.5	4168.3	
359.71	3691.1	
359.91	5788.2	
360.12	5199.1	
360.33	3699.3	
360.53	4016.7	
360.74	4717.8	
360.94	4726.7	
361.15	3742.3	
361.36	3070.6	
361.56	5317.9	
361.77	4834.6	
361.97	4177.2	
362.18	3317.7	
362.38	5322.7	
362.59	4532.2	
362.8	3101.3	
363	3045.3	
363.21	4376.5	
363.41	4903.5	
363.62	3523.2	
363.83	4286.4	
364.03	5102.9	
364.24	5780.7	
364.44	4441.4	
364.65	4381.3	
364.85	4842.8	
365.06	4560.8	
365.27	3263.8	
365.47	3265.1	
365.68	5705	
365.88	4818.2	
366.09	3570.3	
366.29	3302.7	
366.5	4977.9	
366.71	5380.7	
366.91	4308.2	
367.12	3704.8	
367.32	5855.8	
367.53	5181.4	
367.73	3695.2	
367.94	4446.1	
368.14	5216.2	
368.35	5911.1	
368.56	3664.5	
368.76	3087	
368.97	5296.7	
369.17	6637.5	
369.38	3253.5	
369.58	3427.6	
369.79	4469.4	
369.99	5556.1	
370.2	4306.2	
370.4	3542.3	
370.61	5051.7	
370.82	6083.8	
371.02	3424.2	
371.23	2908.1	
371.43	4437.9	
371.64	5535.7	
371.84	3509.5	
372.05	4372.4	
372.25	6564.4	
372.46	5246.9	
372.66	3416.7	
372.87	3423.5	
373.07	5312.4	
373.28	6652.5	
373.48	4257	
373.69	4005.8	
373.9	4863.2	
374.1	4922.6	
374.31	4159.4	
374.51	3814.7	
374.72	5589.6	
374.92	4629.1	
375.13	4304.8	
375.33	3699.3	
375.54	5168.4	
375.74	4760.8	
375.95	3720.5	
376.15	4761.5	
376.36	5238	
376.56	5031.9	
376.77	3783.3	
376.97	4139.6	
377.18	6089.3	
377.38	5236	
377.59	4399	
377.79	3349.1	
378	5060.5	
378.2	5426.4	
378.41	3388.7	
378.61	3324.5	
378.82	5481	
379.02	4790.9	
379.23	3521.8	
379.43	4389.5	
379.64	5568.4	
379.84	5248.9	
380.05	3386.7	
380.25	3333.4	
380.46	5320.6	
380.66	4943.8	
380.87	4474.1	
381.07	4798.4	
381.28	5770.5	
381.48	5323.4	
381.69	3398.9	
381.89	3476.1	
382.1	4444.8	
382.3	5418.9	
382.51	4325.3	
382.71	5015.5	
382.91	5254.4	
383.12	5761.6	
383.32	3695.9	
383.53	3902.1	
383.73	5140.4	
383.94	5068	
384.14	3848.8	
384.35	3147	
384.55	4884.4	
384.76	5339.7	
384.96	3708.2	
385.17	3920.5	
385.37	5264.6	
385.58	4653.7	
385.78	3953.9	
385.98	3073.3	
386.19	4878.3	
386.39	5203.2	
386.6	3541.6	
386.8	3694.5	
387.01	5266	
387.21	5332.2	
387.42	4022.2	
387.62	4448.9	
387.83	4721.9	
388.03	5160.2	
388.23	3695.2	
388.44	4377.2	
388.64	4459.1	
388.85	4601.8	
389.05	3931.4	
389.26	4461.2	
389.46	6187.6	
389.67	5680.4	
389.87	3958	
390.07	4061.8	
390.28	5010.7	
390.48	4625	
390.69	3350.5	
390.89	3641.3	
391.1	4814.8	
391.3	5509	
391.5	4601.1	
391.71	5081	
391.91	5374.6	
392.12	6135	
392.32	4685.1	
392.53	3975.1	
392.73	4845.5	
392.93	4989.5	
393.14	3720.5	
393.34	4388.1	
393.55	5378.6	
393.75	5059.2	
393.95	3753.2	
394.16	3718.4	
394.36	4816.1	
394.57	5391.6	
394.77	3304.1	
394.98	3661.8	
395.18	4726.7	
395.38	4827.1	
395.59	4356	
395.79	3520.5	
396	4874.8	
396.2	5253.7	
396.4	4130.8	
396.61	4134.8	
396.81	5341.8	
397.02	4771.1	
397.22	4358.8	
397.42	4380.6	
397.63	5422.3	
397.83	4696	
398.04	3426.3	
398.24	3902.7	
398.44	5189.6	
398.65	4367.6	
398.85	3350.5	
399.05	3411.9	
399.26	4726	
399.46	6137.1	
399.67	3700	
399.87	3490.4	
400.07	5029.1	
400.28	5294.7	
400.48	3588.7	
400.69	4398.4	
400.89	5455.1	
401.09	5872.9	
401.3	3414	
401.5	4374.5	
401.7	6020.3	
401.91	6200.6	
402.11	3774.4	
402.32	3965.6	
402.52	5522.7	
402.72	5483.8	
402.93	4112.3	
403.13	3176.4	
403.33	6152.1	
403.54	5044.1	
403.74	3881.6	
403.94	4603.2	
404.15	5183.4	
404.35	6065.4	
404.56	3637.2	
404.76	5238	
404.96	5439.4	
405.17	5285.1	
405.37	4891.2	
405.57	4065.2	
405.78	5466.7	
405.98	5023.7	
406.18	3689.1	
406.39	4409.3	
406.59	5472.2	
406.79	5126.1	
407	3482.9	
407.2	3608.5	
407.4	5539.1	
407.61	5629.9	
407.81	3587.4	
408.01	5066.7	
408.22	4532.2	
408.42	6225.1	
408.62	4390.8	
408.83	3998.3	
409.03	5103.5	
409.23	4890.5	
409.44	4031.1	
409.64	4364.9	
409.84	5782.1	
410.05	5698.1	
410.25	4160.8	
410.45	3901.4	
410.66	5224.4	
410.86	7311.9	
411.06	4203.1	
411.27	4154.6	
411.47	7012.2	
411.67	5395	
411.88	4306.9	
412.08	4474.1	
412.28	5939.8	
412.49	6307.7	
412.69	4105.5	
412.89	4102.1	
413.09	6169.8	
413.3	6062	
413.5	4146.5	
413.7	3863.2	
413.91	5491.3	
414.11	6157.6	
414.31	4001	
414.52	4343.1	
414.72	5906.3	
414.92	5732.3	
415.12	4045.4	
415.33	4483.7	
415.53	6036	
415.73	6247	
415.94	4734.9	
416.14	4302.1	
416.34	5279.7	
416.55	5100.1	
416.75	5259.2	
416.95	4779.3	
417.15	6079.7	
417.36	6684.6	
417.56	5435.3	
417.76	4624.3	
417.97	6365.8	
418.17	6111.1	
418.37	4275.5	
418.57	4351.3	
418.78	5946.6	
418.98	5618.3	
419.18	5022.3	
419.38	4979.3	
419.59	5656.5	
419.79	5409.4	
419.99	4269.3	
420.2	4495.3	
420.4	6141.2	
420.6	6246.3	
420.8	4141.7	
421.01	4037.9	
421.21	5958.9	
421.41	6103.6	
421.61	4500.1	
421.82	4229.1	
422.02	5587.5	
422.22	6326.9	
422.42	4847.5	
422.63	4622.3	
422.83	5644.2	
423.03	6617.7	
423.23	4668	
423.44	3851.5	
423.64	5745.2	
423.84	5498.8	
424.04	4128.7	
424.25	3861.8	
424.45	6435.4	
424.65	6472.9	
424.85	3764.2	
425.06	4242.7	
425.26	6503	
425.46	5515.2	
425.66	4620.9	
425.87	4381.3	
426.07	6281.1	
426.27	6040.8	
426.47	4475.5	
426.67	3955.3	
426.88	6552.1	
427.08	6115.9	
427.28	4686.4	
427.48	3925.3	
427.69	5202.5	
427.89	5713.8	
428.09	4622.9	
428.29	3905.5	
428.5	6268.1	
428.7	5925.5	
428.9	3853.6	
429.1	4244.1	
429.3	5894.7	
429.51	6098.9	
429.71	4181.3	
429.91	4752	
430.11	6069.5	
430.31	6225.1	
430.52	4341	
430.72	4577.9	
430.92	6543.9	
431.12	6059.9	
431.32	4024.9	
431.53	4418.8	
431.73	5234.6	
431.93	6634.7	
432.13	3969.6	
432.33	3863.2	
432.54	5565.7	
432.74	5795.8	
432.94	3789.4	
433.14	4749.2	
433.34	6100.2	
433.55	5665.4	
433.75	4666	
433.95	6098.9	
434.15	5879	
434.35	5600.5	
434.56	4045.4	
434.76	3537.5	
434.96	5763.7	
435.16	5909.8	
435.36	3827.7	
435.56	4815.5	
435.77	5490.6	
435.97	5606.7	
436.17	5352.7	
436.37	4740.4	
436.57	5446.2	
436.78	5343.8	
436.98	4930.1	
437.18	5201.8	
437.38	5999.2	
437.58	5677.7	
437.78	5410.1	
437.99	4263.2	
438.19	6107.7	
438.39	6749.4	
438.59	4199	
438.79	3751.2	
438.99	6577.4	
439.2	5643.5	
439.4	3838.6	
439.6	3770.3	
439.8	5851	
440	6661.4	
440.2	4625.7	
440.4	4709.6	
440.61	6154.8	
440.81	6539.2	
441.01	3971.7	
441.21	4642.1	
441.41	6461.3	
441.61	6075.6	
441.81	4971.8	
442.02	5724.1	
442.22	6855.9	
442.42	6244.9	
442.62	4069.3	
442.82	4035.2	
443.02	6516	
443.22	5769.1	
443.43	4413.4	
443.63	3995.6	
443.83	5557.5	
444.03	5606.7	
444.23	4961.5	
444.43	4643.4	
444.63	5880.4	
444.83	6854.6	
445.04	4158.1	
445.24	5203.9	
445.44	6227.9	
445.64	6228.6	
445.84	4753.3	
446.04	4768.4	
446.24	5708.4	
446.44	6533	
446.65	4125.3	
446.85	4415.4	
447.05	5693.4	
447.25	6395.8	
447.45	4513	
447.65	3958	
447.85	5964.4	
448.05	5664	
448.25	4784.7	
448.46	4640.7	
448.66	5970.5	
448.86	5623.7	
449.06	3848.1	
449.26	4825.7	
449.46	6112.5	
449.66	5355.4	
449.86	4387.4	
450.06	4327.4	
450.26	5581.4	
450.47	6043.6	
450.67	4667.3	
450.87	4835.9	
451.07	6228.6	
451.27	5914.5	
451.47	4049.5	
451.67	4468	
451.87	5666.7	
452.07	6651.1	
452.27	4150.6	
452.47	4192.2	
452.67	5920.7	
452.88	6260	
453.08	3693.2	
453.28	5337.7	
453.48	6891.4	
453.68	5817.6	
453.88	4119.8	
454.08	4281.6	
454.28	6165.8	
454.48	5874.3	
454.68	4777.9	
454.88	5099.4	
455.08	6270.9	
455.28	6002.6	
455.48	3980.6	
455.68	4500.8	
455.89	6598.6	
456.09	6258.6	
456.29	4302.1	
456.49	4296.6	
456.69	6526.9	
456.89	5806	
457.09	4666	
457.29	4980.7	
457.49	6099.5	
457.69	6223.8	
457.89	4534.9	
458.09	4004.5	
458.29	5892	
458.49	6585.6	
458.69	4866	
458.89	4423.6	
459.09	6673	
459.29	6782.2	
459.49	4500.1	
459.69	5130.8	
459.9	6278.4	
460.1	5879	
460.3	4396.3	
460.5	4203.1	
460.7	6285.2	
460.9	5986.9	
461.1	3932.8	
461.3	4895.3	
461.5	6792.4	
461.7	6485.9	
461.9	4240.7	
462.1	4607.2	
462.3	6038.1	
462.5	6477	
462.7	4297.3	
462.9	4338.3	
463.1	7330.4	
463.3	7023.9	
463.5	4489.8	
463.7	5209.3	
463.9	6161	
464.1	6457.2	
464.3	4569.7	
464.5	4726.7	
464.7	6660.7	
464.9	6365.8	
465.1	5812.1	
465.3	5027.8	
465.5	6965.1	
465.7	6887.3	
465.9	5272.2	
466.1	5085.1	
466.3	6732.4	
466.5	6668.9	
466.7	5789.6	
466.9	4909.7	
467.1	6625.9	
467.3	7282.6	
467.5	5693.4	
467.7	4799.1	
467.9	7499.7	
468.1	8206.9	
468.3	5431.2	
468.5	5743.9	
468.7	6480.5	
468.9	6429.9	
469.1	5010	
469.3	5675.6	
469.5	8033.5	
469.7	6165.8	
469.9	5412.1	
470.1	4799.1	
470.3	6542.6	
470.5	6504.3	
470.7	5819.6	
470.9	4894.6	
471.1	6309.8	
471.3	6745.3	
471.5	4764.9	
471.69	6314.6	
471.89	6258.6	
472.09	5776	
472.29	5373.9	
472.49	5687.9	
472.69	5971.9	
472.89	6686.6	
473.09	4610	
473.29	4773.1	
473.49	6169.8	
473.69	6311.8	
473.89	5552	
474.09	4915.8	
474.29	7377.5	
474.49	7055.3	
474.69	5541.1	
474.89	5039.4	
475.09	6291.4	
475.29	6238.1	
475.49	4531.5	
475.69	4837.3	
475.88	7694.9	
476.08	6635.4	
476.28	4507.6	
476.48	4845.5	
476.68	6931	
476.88	6821.8	
477.08	4786.8	
477.28	4988.9	
477.48	6503.7	
477.68	6880.5	
477.88	4517.8	
478.08	4846.2	
478.28	7147.4	
478.48	6464.1	
478.67	4896	
478.87	4466.6	
479.07	6905.8	
479.27	6597.2	
479.47	5065.3	
479.67	5052.3	
479.87	6866.2	
480.07	7241.6	
480.27	4494.6	
480.47	5749.3	
480.67	6556.2	
480.87	7090.8	
481.06	4696.7	
481.26	5459.2	
481.46	6564.4	
481.66	6468.2	
481.86	5080.3	
482.06	5969.1	
482.26	6333	
482.46	7174.7	
482.66	5087.8	
482.86	4705.5	
483.05	6683.9	
483.25	6126.8	
483.45	7027.9	
483.65	4959.5	
483.85	6239.5	
484.05	6391	
484.25	5397.1	
484.45	5734.3	
484.65	7192.5	
484.84	7144.7	
485.04	4953.4	
485.24	4814.8	
485.44	7388.4	
485.64	6049	
485.84	4323.9	
486.04	5491.3	
486.24	6300.9	
486.44	6601.3	
486.63	4308.9	
486.83	4985.4	
487.03	6257.9	
487.23	6415.6	
487.43	4395.6	
487.63	6287.9	
487.83	6416.3	
488.02	7250.5	
488.22	5111	
488.42	5599.1	
488.62	7097.6	
488.82	6270.9	
489.02	4872.1	
489.22	4873.5	
489.41	6983.6	
489.61	6723.5	
489.81	4683	
490.01	4713.1	
490.21	6965.1	
490.41	7428.7	
490.61	4660.5	
490.8	4757.4	
491	6636.8	
491.2	6031.3	
491.4	5373.9	
491.6	4605.9	
491.8	6632	
491.99	6623.8	
492.19	4458.4	
492.39	4706.2	
492.59	6924.2	
492.79	6985.6	
492.99	5367.7	
493.18	4587.4	
493.38	7004.1	
493.58	7535.2	
493.78	5200.5	
493.98	4797	
494.18	6726.2	
494.37	6248.4	
494.57	5347.9	
494.77	5197.1	
494.97	6843.6	
495.17	7107.8	
495.37	4879.6	
495.56	5127.4	
495.76	7189.7	
495.96	6881.9	
496.16	5827.2	
496.36	5012.1	
496.55	7181.5	
496.75	6615.6	
496.95	5366.4	
497.15	5245.5	
497.35	7133.1	
497.54	6976.7	
497.74	5044.1	
497.94	6387.6	
498.14	7638.9	
498.34	7359.7	
498.53	4754.7	
498.73	5466.7	
498.93	6440.2	
499.13	6917.4	
499.33	5191.6	
499.52	5571.8	
499.72	6933.7	
499.92	7162.4	
500.12	4843.4	
500.32	5140.4	
500.51	7196.6	
500.71	6953.5	
500.91	5737.7	
501.11	5498.1	
501.31	7067.5	
501.5	7479.9	
501.7	6102.9	
501.9	5286.5	
502.1	6931	
502.29	7294.2	
502.49	5659.9	
502.69	6008.1	
502.89	7114.6	
503.09	7132.4	
503.28	4803.2	
503.48	4977.2	
503.68	6568.5	
503.88	6528.9	
504.07	5771.9	
504.27	5352.7	
504.47	6846.4	
504.67	7009.5	
504.86	5712.5	
505.06	5443.5	
505.26	6645.7	
505.46	8029.4	
505.65	5314.5	
505.85	5499.5	
506.05	6693.4	
506.25	7053.9	
506.44	4867.3	
506.64	5703.6	
506.84	6522.8	
507.04	7311.2	
507.23	5059.2	
507.43	5455.1	
507.63	8090.8	
507.83	6707.8	
508.02	5432.6	
508.22	5111	
508.42	8429.4	
508.62	6513.9	
508.81	5436	
509.01	5797.1	
509.21	6460	
509.4	6627.9	
509.6	5568.4	
509.8	4974.5	
510	6672.3	
510.19	7694.9	
510.39	4915.1	
510.59	5065.3	
510.79	6471.6	
510.98	7614.3	
511.18	5128.1	
511.38	5185.5	
511.57	7244.3	
511.77	6922.1	
511.97	5825.1	
512.17	5003.9	
512.36	7279.8	
512.56	7082.6	
512.76	4995	
512.95	4733.5	
513.15	7402	
513.35	6094.8	
513.55	5607.3	
513.74	4975.2	
513.94	7178.1	
514.14	6608.1	
514.33	5732.3	
514.53	5485.8	
514.73	6645	
514.92	6702.3	
515.12	5109.7	
515.32	4897.4	
515.51	6846.4	
515.71	7257.3	
515.91	6465.4	
516.11	4954.7	
516.3	8161.8	
516.5	6496.2	
516.7	5450.3	
516.89	5937.1	
517.09	6672.3	
517.29	6559.6	
517.48	5754.8	
517.68	5189.6	
517.88	6421.7	
518.07	6927.6	
518.27	5682.4	
518.47	4806.6	
518.66	7376.1	
518.86	6229.9	
519.06	4679.6	
519.25	5049.6	
519.45	6508.4	
519.65	7718.1	
519.84	5637.4	
520.04	6170.5	
520.24	8056.7	
520.43	7082.6	
520.63	5416.2	
520.83	5242.8	
521.02	6494.8	
521.22	7058.7	
521.42	5642.8	
521.61	6093.4	
521.81	6684.6	
522.01	6793.8	
522.2	5438.7	
522.4	5254.4	
522.6	7136.5	
522.79	6100.2	
522.99	5373.2	
523.18	4709.6	
523.38	6901	
523.58	6841.6	
523.77	6217.6	
523.97	4713.1	
524.17	8383	
524.36	7662.8	
524.56	5781.4	
524.76	5458.5	
524.95	6804	
525.15	6560.3	
525.34	5318.6	
525.54	5295.4	
525.74	7090.1	
525.93	6289.3	
526.13	6312.5	
526.33	5244.2	
526.52	7372.7	
526.72	6958.3	
526.91	6270.9	
527.11	5700.2	
527.31	7381.6	
527.5	7718.8	
527.7	5526.8	
527.89	4757.4	
528.09	6426.5	
528.29	6933.7	
528.48	5870.2	
528.68	5616.9	
528.87	7283.9	
529.07	7358.4	
529.27	5626.5	
529.46	5266	
529.66	7079.1	
529.85	7400	
530.05	5137	
530.25	5714.5	
530.44	8207.6	
530.64	6931.7	
530.83	5418.9	
531.03	5622.4	
531.23	7329.7	
531.42	7187.7	
531.62	6130.9	
531.81	5459.2	
532.01	7350.8	
532.21	7671.7	
532.4	5253	
532.6	5504.3	
532.79	8211	
532.99	7416.4	
533.18	5541.1	
533.38	6460	
533.58	7011.6	
533.77	7624.6	
533.97	5496.7	
534.16	6190.3	
534.36	7831.4	
534.55	7002.7	
534.75	6274.3	
534.95	5578	
535.14	7671.7	
535.34	7023.9	
535.53	5313.1	
535.73	6956.9	
535.92	8168.7	
536.12	7136.5	
536.31	5502.9	
536.51	6450.4	
536.71	7477.8	
536.9	7146	
537.1	5543.9	
537.29	5665.4	
537.49	7752.2	
537.68	6958.3	
537.88	5975.3	
538.07	5247.6	
538.27	7205.4	
538.46	7978.9	
538.66	5238.7	
538.86	5653.8	
539.05	7200.7	
539.25	7560.4	
539.44	5828.5	
539.64	5556.8	
539.83	7139.9	
540.03	7952.9	
540.22	5396.4	
540.42	5554.1	
540.61	7359	
540.81	7443	
541	5834.7	
541.2	6372.6	
541.39	6975.4	
541.59	7270.3	
541.78	6195.8	
541.98	5532.2	
542.18	6703.7	
542.37	6744.6	
542.57	5875.6	
542.76	6271.6	
542.96	6807.4	
543.15	7426.6	
543.35	5830.6	
543.54	5319.9	
543.74	7597.3	
543.93	7292.1	
544.13	5836	
544.32	6715.3	
544.52	7586.4	
544.71	6856.6	
544.91	5117.9	
545.1	6089.3	
545.3	6974.7	
545.49	7393.2	
545.69	5038	
545.88	5531.6	
546.08	8265.6	
546.27	7895.6	
546.47	5964.4	
546.66	5327.4	
546.86	7600	
547.05	8101.8	
547.24	5582.8	
547.44	5476.3	
547.63	6864.1	
547.83	7723.6	
548.02	5708.4	
548.22	5893.4	
548.41	6666.1	
548.61	7769.3	
548.8	5391.6	
549	5319.9	
549.19	7264.1	
549.39	7484	
549.58	5190.9	
549.78	5646.9	
549.97	7575.4	
550.17	7122.2	
550.36	6331.6	
550.55	7215.7	
550.75	7157	
550.94	7865.6	
551.14	5358.9	
551.33	5732.9	
551.53	6591	
551.72	7342.7	
551.92	5705	
552.11	5563	
552.31	7529	
552.5	7425.3	
552.69	6915.3	
552.89	5267.4	
553.08	7423.2	
553.28	7217.7	
553.47	5515.2	
553.67	6519.4	
553.86	7985	
554.06	6570.6	
554.25	4914.4	
554.44	5341.1	
554.64	8606.2	
554.83	8099	
555.03	5373.9	
555.22	5604.6	
555.42	7606.2	
555.61	7326.9	
555.8	5494.7	
556	5789.6	
556.19	6635.4	
556.39	7705.1	
556.58	5614.8	
556.78	5522.7	
556.97	7250.5	
557.16	7003.4	
557.36	6560.3	
557.55	5299.5	
557.75	6408.8	
557.94	7934.5	
558.13	5333.6	
558.33	5181.4	
558.52	7744.7	
558.72	6799.3	
558.91	5261.2	
559.1	5445.5	
559.3	6624.5	
559.49	6345.3	
559.69	4922	
559.88	5767.1	
560.07	7296.2	
560.27	7589.1	
560.46	5866.7	
560.66	5989.6	
560.85	7055.3	
561.04	6399.9	
561.24	5254.4	
561.43	5435.3	
561.63	6642.2	
561.82	6886	
562.01	6432	
562.21	5679.7	
562.4	7203.4	
562.59	7964.6	
562.79	5505.6	
562.98	5188.2	
563.18	7156.3	
563.37	8333.2	
563.56	5886.5	
563.76	5128.8	
563.95	6751.5	
564.14	6651.8	
564.34	5477	
564.53	5252.4	
564.73	7217	
564.92	7271	
565.11	5642.2	
565.31	5068.7	
565.5	7532.4	
565.69	6752.2	
565.89	5322	
566.08	5477	
566.27	7421.8	
566.47	7770	
566.66	5982.1	
566.85	4945.8	
567.05	7159	
567.24	6657.9	
567.44	5182.7	
567.63	6297.5	
567.82	7334.5	
568.02	7117.4	
568.21	5200.5	
568.4	5581.4	
568.6	6986.3	
568.79	7025.9	
568.98	5066.7	
569.18	5074.9	
569.37	6982.9	
569.56	8545.5	
569.76	5488.6	
569.95	6260.6	
570.14	7395.2	
570.34	7178.1	
570.53	5091.3	
570.72	4997	
570.91	7761.8	
571.11	6900.3	
571.3	5565	
571.49	6227.9	
571.69	7036.8	
571.88	6606.7	
572.07	5892	
572.27	5911.1	
572.46	6591.7	
572.65	7378.1	
572.85	5270.1	
573.04	5573.2	
573.23	7662.1	
573.43	7019.8	
573.62	5093.3	
573.81	5603.2	
574	7023.2	
574.2	6850.5	
574.39	5304.9	
574.58	5487.2	
574.78	7674.4	
574.97	7098.3	
575.16	5780.7	
575.36	5892	
575.55	7462.1	
575.74	7556.3	
575.93	5053	
576.13	5881.1	
576.32	6931	
576.51	7401.4	
576.71	5377.3	
576.9	6539.8	
577.09	7669	
577.28	7146	
577.48	5757.5	
577.67	4956.1	
577.86	6900.3	
578.05	7181.5	
578.25	5608	
578.44	5528.8	
578.63	6978.8	
578.83	7964.6	
579.02	5061.2	
579.21	6274.3	
579.4	7122.2	
579.6	6953.5	
579.79	5694	
579.98	7418.4	
580.17	7458.7	
580.37	7502.4	
580.56	5254.4	
580.75	5801.2	
580.94	7804.8	
581.14	7841	
581.33	6169.2	
581.52	5287.2	
581.71	7371.3	
581.91	7936.6	
582.1	5035.3	
582.29	5456.5	
582.48	7114	
582.68	6963.1	
582.87	5873.6	
583.06	5629.2	
583.25	7361.8	
583.45	6834.8	
583.64	6193.1	
583.83	6802	
584.02	6954.9	
584.21	7256.6	
584.41	6042.2	
584.6	5555.5	
584.79	7083.2	
584.98	7615.7	
585.18	5169.8	
585.37	5022.3	
585.56	6675	
585.75	7379.5	
585.94	5335.6	
586.14	5823.1	
586.33	7853.3	
586.52	7090.1	
586.71	5744.6	
586.91	5544.5	
587.1	6591.7	
587.29	7466.9	
587.48	5483.1	
587.67	5414.8	
587.87	7424.6	
588.06	7335.1	
588.25	6544.6	
588.44	5934.3	
588.63	7035.5	
588.83	7560.4	
589.02	5487.2	
589.21	5409.4	
589.4	7089.4	
589.59	6881.9	
589.78	4827.1	
589.98	5098.1	
590.17	6650.4	
590.36	7087.3	
590.55	4693.9	
590.74	5418.9	
590.94	8163.2	
591.13	6987.7	
591.32	5109	
591.51	4771.8	
591.7	7165.8	
591.89	6771.9	
592.09	4743.1	
592.28	5160.9	
592.47	6185.5	
592.66	7806.9	
592.85	4760.2	
593.05	4974.5	
593.24	6836.1	
593.43	7384.3	
593.62	5029.8	
593.81	5492	
594	6784.9	
594.19	6906.4	
594.39	4884.4	
594.58	4849.6	
594.77	7048.4	
594.96	7497.6	
595.15	4937	
595.34	5454.4	
595.54	7077.1	
595.73	6384.9	
595.92	4382	
596.11	5292	
596.3	7501.7	
596.49	6421.1	
596.68	5185.5	
596.88	5531.6	
597.07	7269.6	
597.26	6221.7	
597.45	4829.1	
597.64	5780.7	
597.83	6477	
598.02	6967.9	
598.22	4831.2	
598.41	5367.7	
598.6	6853.2	
598.79	6283.2	
598.98	4890.5	
599.17	5698.1	
599.36	6893.5	
599.55	7808.2	
599.74	6558.3	
599.94	6395.8	
600.13	7329	
600.32	6314.6	
600.51	4679.6	
600.7	4733.5	
600.89	7793.9	
601.08	7881.3	
601.27	4691.2	
601.47	5438.7	
601.66	7283.9	
601.85	7743.4	
602.04	5193.6	
602.23	5407.3	
602.42	6426.5	
602.61	6935.8	
602.8	5096.7	
602.99	4945.2	
603.18	6728.9	
603.37	6898.9	
603.57	5427.8	
603.76	5868.8	
603.95	7552.9	
604.14	7102.4	
604.33	5034.6	
604.52	5225.1	
604.71	6835.4	
604.9	6470.9	
605.09	5803.3	
605.28	5608.7	
605.47	7363.8	
605.66	7051.2	
605.86	5348.6	
606.05	4984.8	
606.24	7389.8	
606.43	6201.9	
606.62	5273.5	
606.81	5926.8	
607	7322.2	
607.19	6707.8	
607.38	4778.6	
607.57	4977.9	
607.76	6482.5	
607.95	6125.5	
608.14	5397.8	
608.33	5883.1	
608.52	6511.2	
608.72	7243	
608.91	4737	
609.1	4660.5	
609.29	6602	
609.48	6102.9	
609.67	5438	
609.86	4720.6	
610.05	6244.9	
610.24	6603.3	
610.43	4708.3	
610.62	4295.3	
610.81	7557	
611	7363.8	
611.19	4702.1	
611.38	5263.3	
611.57	6841.6	
611.76	7886	
611.95	4495.3	
612.14	4442	
612.33	6631.3	
612.52	6267.5	
612.71	5066.7	
612.9	4325.3	
613.09	5954.8	
613.28	7890.1	
613.47	4852.3	
613.66	5531.6	
613.85	6728.3	
614.04	6341.9	
614.24	4870.1	
614.43	4268	
614.62	6834.8	
614.81	6786.3	
615	5292.6	
615.19	5278.3	
615.38	6195.8	
615.57	6556.9	
615.76	5257.1	
615.95	5927.5	
616.14	6914.6	
616.33	6627.9	
616.52	5458.5	
616.71	5628.5	
616.9	6832.7	
617.09	6692.1	
617.28	4916.5	
617.47	5892.7	
617.66	6111.1	
617.85	6089.3	
618.04	5461.9	
618.22	5109	
618.41	6326.9	
618.6	7023.9	
618.79	5081.7	
618.98	4761.5	
619.17	7325.6	
619.36	5890.6	
619.55	4874.8	
619.74	4980.7	
619.93	6797.2	
620.12	6175.3	
620.31	5417.6	
620.5	5555.5	
620.69	7134.4	
620.88	7468.9	
621.07	6067.4	
621.26	5312.4	
621.45	6836.1	
621.64	6796.5	
621.83	5401.2	
622.02	4724.7	
622.21	6937.2	
622.4	6664.8	
622.59	5797.1	
622.78	5621	
622.97	6430.6	
623.16	7109.2	
623.35	5425.1	
623.54	4606.6	
623.72	6526.9	
623.91	6555.5	
624.1	5545.9	
624.29	4496	
624.48	7544	
624.67	6873.7	
624.86	5429.8	
625.05	4698.7	
625.24	7675.1	
625.43	6268.1	
625.62	6776	
625.81	4826.4	
626	7137.2	
626.19	6520	
626.38	5476.3	
626.56	5087.2	
626.75	6367.1	
626.94	7000.6	
627.13	5468.8	
627.32	4478.2	
627.51	6918.7	
627.7	7881.9	
627.89	4666	
628.08	5557.5	
628.27	6221	
628.46	6511.2	
628.65	4790.9	
628.83	4476.9	
629.02	6928.3	
629.21	6303	
629.4	5132.9	
629.59	5341.8	
629.78	6251.8	
629.97	7101	
630.16	5369.8	
630.35	4915.8	
630.54	7458	
630.72	7220.5	
630.91	4920.6	
631.1	5352	
631.29	6707.1	
631.48	6754.9	
631.67	5517.9	
631.86	4982.7	
632.05	6413.6	
632.24	6491.4	
632.42	4698.7	
632.61	5191.6	
632.8	6506.4	
632.99	6219.7	
633.18	5219.6	
633.37	5494	
633.56	6741.9	
633.75	6597.9	
633.93	5218.9	
634.12	4955.4	
634.31	7425.9	
634.5	7051.8	
634.69	4993.6	
634.88	5395.7	
635.07	6549.4	
635.25	7019.1	
635.44	5768.4	
635.63	5917.9	
635.82	6416.3	
636.01	5967.8	
636.2	5743.2	
636.39	5253.7	
636.57	7380.9	
636.76	7022.5	
636.95	4821.6	
637.14	6004	
637.33	6860.7	
637.52	7565.9	
637.7	4624.3	
637.89	5520.6	
638.08	6466.8	
638.27	7714.7	
638.46	5558.2	
638.65	5812.1	
638.83	7684.7	
639.02	6371.9	
639.21	5494.7	
639.4	5860.6	
639.59	6740.5	
639.78	6457.2	
639.96	4874.8	
640.15	4928.1	
640.34	6693.4	
640.53	6755.6	
640.72	4705.5	
640.91	5005.9	
641.09	6193.1	
641.28	7281.9	
641.47	4930.1	
641.66	5678.3	
641.85	6796.5	
642.03	6925.5	
642.22	5406.6	
642.41	5044.8	
642.6	6253.8	
642.79	5779.4	
642.97	4951.3	
643.16	5445.5	
643.35	6228.6	
643.54	6074.3	
643.73	4728.8	
643.91	5438	
644.1	6056.5	
644.29	6534.4	
644.48	4924	
644.67	4890.5	
644.85	6175.3	
645.04	6490	
645.23	4744.5	
645.42	4873.5	
645.6	6187.6	
645.79	7059.3	
645.98	4771.8	
646.17	4046.8	
646.36	5910.4	
646.54	6460	
646.73	5618.9	
646.92	4599.7	
647.11	6176	
647.29	6963.1	
647.48	4631.8	
647.67	4460.5	
647.86	7249.8	
648.05	7228	
648.23	4888.5	
648.42	5924.8	
648.61	6670.9	
648.8	6451.1	
648.98	4559.5	
649.17	4869.4	
649.36	6072.2	
649.55	5691.3	
649.73	4564.9	
649.92	5245.5	
650.11	5956.9	
650.3	6293.4	
650.48	4689.8	
650.67	4564.9	
650.86	6604.7	
651.05	5630.5	
651.23	4762.9	
651.42	4666	
651.61	6137.8	
651.79	6088.6	
651.98	4878.3	
652.17	4481	
652.36	6462	
652.54	5666	
652.73	4617.5	
652.92	4501.4	
653.11	6479.1	
653.29	6564.4	
653.48	4050.9	
653.67	4874.8	
653.85	6296.8	
654.04	7213.6	
654.23	5018.9	
654.42	4708.3	
654.6	5991.7	
654.79	6541.2	
654.98	4315.1	
655.16	4773.8	
655.35	5783.5	
655.54	5491.3	
655.73	4330.1	
655.91	4237.9	
656.1	6472.9	
656.29	5439.4	
656.47	3921.9	
656.66	5281.7	
656.85	5821.7	
657.03	5763	
657.22	4308.9	
657.41	4353.3	
657.59	5823.1	
657.78	5661.3	
657.97	4069.3	
658.16	4741	
658.34	6448.4	
658.53	6768.5	
658.72	5489.2	
658.9	5816.9	
659.09	6038.8	
659.28	6055.2	
659.46	4407.2	
659.65	4419.5	
659.84	5795.1	
660.02	6237.4	
660.21	4308.9	
660.4	4308.2	
660.58	6572.6	
660.77	6011.5	
660.96	4857.8	
661.14	4008.6	
661.33	6936.5	
661.52	6894.1	
661.7	3970.3	
661.89	6993.8	
662.08	5706.3	
662.26	5341.8	
662.45	4328.7	
662.64	4402.5	
662.82	6391	
663.01	5620.3	
663.2	4329.4	
663.38	5036.6	
663.57	6244.3	
663.75	6163.7	
663.94	4625.7	
664.13	5700.2	
664.31	5831.2	
664.5	6280.4	
664.69	4941.7	
664.87	5257.8	
665.06	5554.8	
665.25	6116.6	
665.43	5492	
665.62	5431.9	
665.8	6367.8	
665.99	5803.9	
666.18	4627.7	
666.36	4698.7	
666.55	6352.8	
666.74	6247	
666.92	4383.3	
667.11	5735.7	
667.29	5917.9	
667.48	6337.1	
667.67	5347.9	
667.85	4543.1	
668.04	5841.5	
668.22	5743.2	
668.41	4691.2	
668.6	4840	
668.78	5671.5	
668.97	5907.7	
669.15	5014.1	
669.34	4155.3	
669.53	5755.5	
669.71	6011.5	
669.9	4248.9	
670.08	4758.1	
670.27	5630.5	
670.46	6217.6	
670.64	5030.5	
670.83	5216.2	
671.01	5608	
671.2	6129.6	
671.38	4353.3	
671.57	4237.9	
671.76	6630	
671.94	7149.5	
672.13	4175.8	
672.31	5107	
672.5	6352.1	
672.69	5712.5	
672.87	4339	
673.06	4596.3	
673.24	6123.4	
673.43	5729.5	
673.61	4938.3	
673.8	4592.2	
673.98	6236.1	
674.17	6423.8	
674.36	5031.9	
674.54	4945.2	
674.73	6046.3	
674.91	6424.5	
675.1	4623.6	
675.28	4323.3	
675.47	5864	
675.65	6339.8	
675.84	4586.1	
676.03	4795	
676.21	5752.1	
676.4	5266	
676.58	5255.8	
676.77	4988.9	
676.95	6969.2	
677.14	5659.9	
677.32	4276.2	
677.51	4207.9	
677.69	6287.3	
677.88	5468.1	
678.06	4154	
678.25	4291.2	
678.44	5892	
678.62	5685.8	
678.81	4104.1	
678.99	4863.2	
679.18	6550.1	
679.36	6197.8	
679.55	4499.4	
679.73	5071.5	
679.92	6223.8	
680.1	5700.2	
680.29	5584.1	
680.47	4545.1	
680.66	5743.9	
680.84	6365.8	
681.03	4030.4	
681.21	4837.3	
681.4	5639.4	
681.58	5677	
681.77	4341.7	
681.95	4304.8	
682.14	6421.1	
682.32	6649.1	
682.51	5083.1	
682.69	4158.1	
682.88	5664.7	
683.06	6107	
683.25	4809.3	
683.43	5231.2	
683.62	5933.6	
683.8	6221	
683.99	5311.7	
684.17	4758.8	
684.36	7012.9	
684.54	5947.3	
684.73	4220.9	
684.91	4319.8	
685.1	6176.7	
685.28	5700.2	
685.46	4853	
685.65	4844.8	
685.83	6377.4	
686.02	5870.2	
686.2	4344.4	
686.39	4392.9	
686.57	5604.6	
686.76	6801.3	
686.94	4358.1	
687.13	4526	
687.31	6133	
687.5	5852.4	
687.68	3977.2	
687.86	4981.3	
688.05	7238.9	
688.23	5370.5	
688.42	5007.3	
688.6	4339.6	
688.79	5784.8	
688.97	5663.3	
689.16	4712.4	
689.34	3822.2	
689.52	6331.6	
689.71	6488.6	
689.89	4951.3	
690.08	4356	
690.26	5983.5	
690.45	5826.5	
690.63	5099.4	
690.81	4470	
691	5748.6	
691.18	5713.8	
691.37	4637.3	
691.55	6369.2	
691.74	5586.9	
691.92	7311.9	
692.1	4625	
692.29	4199.7	
692.47	5818.3	
692.66	5287.2	
692.84	4272.7	
693.02	4709	
693.21	5303.6	
693.39	5802.6	
693.58	4807.9	
693.76	4296.6	
693.94	6681.2	
694.13	6516	
694.31	4334.9	
694.5	5149.3	
694.68	5563	
694.86	5874.9	
695.05	4546.5	
695.23	4682.3	
695.42	6195.1	
695.6	7929.7	
695.78	5173.9	
695.97	4446.8	
696.15	6251.8	
696.34	5739.8	
696.52	4225	
696.7	4887.8	
696.89	6044.2	
697.07	5518.6	
697.25	4851.6	
697.44	5967.8	
697.62	5984.8	
697.81	6285.9	
697.99	4590.9	
698.17	4934.9	
698.36	5494.7	
698.54	6062.7	
698.72	4878.3	
698.91	4018.8	
699.09	5705	
699.28	5548.6	
699.46	4536.3	
699.64	4430.4	
699.83	5431.9	
700.01	6545.3	
700.19	5135.6	
700.38	3837.9	
700.56	6576	
700.74	5640.1	
700.93	4133.5	
701.11	4793.6	
701.29	6080.4	
701.48	6897.6	
701.66	4311.7	
701.84	4355.3	
702.03	5702.9	
702.21	6256.5	
702.39	3997	
702.58	4500.1	
702.76	6057.9	
702.94	6163	
703.13	3984	
703.31	6040.1	
703.49	5480.4	
703.68	6703.7	
703.86	4132.8	
704.04	4999.1	
704.23	5921.4	
704.41	6195.8	
704.59	4246.1	
704.78	5291.3	
704.96	6845.7	
705.14	6194.4	
705.33	4087.7	
705.51	4785.4	
705.69	5739.1	
705.87	6480.5	
706.06	4970.4	
706.24	4100.7	
706.42	6047	
706.61	6237.4	
706.79	5029.1	
706.97	4077.5	
707.16	5558.2	
707.34	6046.3	
707.52	5017.5	
707.7	4280.3	
707.89	5561.6	
708.07	5355.4	
708.25	4992.3	
708.44	5049.6	
708.62	5631.9	
708.8	6535.8	
708.98	5203.9	
709.17	4328	
709.35	5881.1	
709.53	5934.3	
709.72	4095.9	
709.9	4520.5	
710.08	6205.3	
710.26	6227.2	
710.45	5543.2	
710.63	4408.6	
710.81	5810.1	
710.99	5948.7	
711.18	4873.5	
711.36	4494.6	
711.54	5734.3	
711.72	6404	
711.91	4642.7	
712.09	4093.2	
712.27	5918.6	
712.45	6427.2	
712.64	4818.9	
712.82	3972.4	
713	5497.4	
713.18	5713.2	
713.37	4070	
713.55	5115.8	
713.73	6480.5	
713.91	5307	
714.1	4509.6	
714.28	4119.1	
714.46	6197.2	
714.64	5507	
714.83	3745.1	
715.01	4341.7	
715.19	5646.9	
715.37	5094.7	
715.55	4055	
715.74	4335.5	
715.92	6396.5	
716.1	4674.8	
716.28	5321.3	
716.47	4431.1	
716.65	5330.9	
716.83	5341.1	
717.01	4318.5	
717.19	4338.3	
717.38	7096.9	
717.56	5035.3	
717.74	4569	
717.92	3786	
718.1	6064.7	
718.29	5373.2	
718.47	3401	
718.65	3953.9	
718.83	5873.6	
719.01	5875.6	
719.2	3336.8	
719.38	4283	
719.56	5627.8	
719.74	6952.2	
719.92	3891.1	
720.11	4883.7	
720.29	5751.4	
720.47	4984.1	
720.65	3648.8	
720.83	4371.7	
721.02	5382.1	
721.2	5181.4	
721.38	4407.9	
721.56	3818.8	
721.74	4728.8	
721.92	4883	
722.11	4811.4	
722.29	4590.9	
722.47	5975.3	
722.65	5238	
722.83	3801.7	
723.01	4564.9	
723.2	5279	
723.38	5531.6	
723.56	3329.3	
723.74	4278.2	
723.92	4875.5	
724.1	5855.1	
724.29	3771.7	
724.47	4717.8	
724.65	4977.9	
724.83	4879.6	
725.01	3640.6	
725.19	4369	
725.37	4944.5	
725.56	4962.9	
725.74	3534.1	
725.92	3693.9	
726.1	4922	
726.28	5157.5	
726.46	4092.5	
726.64	3849.5	
726.83	5131.5	
727.01	5343.2	
727.19	3518.4	
727.37	4208.6	
727.55	5262.6	
727.73	5686.5	
727.91	3467.9	
728.09	3357.3	
728.28	5677.7	
728.46	5993.7	
728.64	4216.8	
728.82	4180.6	
729	6528.2	
729.18	5864.7	
729.36	3507.5	
729.54	5475.6	
729.72	6640.9	
729.91	5260.5	
730.09	5094	
730.27	4029.7	
730.45	5252.4	
730.63	5664	
730.81	4530.8	
730.99	3745.7	
731.17	6178	
731.35	4914.4	
731.53	4180.6	
731.71	3886.4	
731.9	5898.1	
732.08	6032	
732.26	4158.7	
732.44	3852.9	
732.62	6126.2	
732.8	5732.9	
732.98	4502.8	
733.16	3624.9	
733.34	5704.3	
733.52	4689.8	
733.7	4113.7	
733.88	4259.1	
734.07	5575.9	
734.25	5329.5	
734.43	3604.4	
734.61	4903.5	
734.79	6564.4	
734.97	5183.4	
735.15	3684.3	
735.33	4009.9	
735.51	5555.5	
735.69	5235.3	
735.87	4930.8	
736.05	4234.5	
736.23	5356.8	
736.41	5156.8	
736.59	4033.8	
736.77	4135.5	
736.95	5704.3	
737.13	5197.1	
737.32	3723.9	
737.5	3931.4	
737.68	6150.1	
737.86	5116.5	
738.04	3560.1	
738.22	5162.2	
738.4	5032.5	
738.58	5283.8	
738.76	4137.6	
738.94	3186	
739.12	5137.7	
739.3	4988.2	
739.48	4549.9	
739.66	4344.4	
739.84	5309.7	
740.02	5326.1	
740.2	3360.7	
740.38	3545.7	
740.56	5541.8	
740.74	4685.1	
740.92	4142.4	
741.1	4078.9	
741.28	5205.3	
741.46	4995	
741.64	3750.5	
741.82	4238.6	
742	5241.4	
742.18	5124	
742.36	4022.2	
742.54	3655.6	
742.72	5688.6	
742.9	4650.9	
743.08	4287.8	
743.26	3300.6	
743.44	5892.7	
743.62	5664.7	
743.8	4431.8	
743.98	3606.5	
744.16	5490.6	
744.34	5169.8	
744.52	4360.8	
744.7	4272.7	
744.88	5582.8	
745.06	5193	
745.24	4308.9	
745.42	4439.3	
745.6	5681.7	
745.78	5522	
745.96	3437.9	
746.14	3684.3	
746.32	6325.5	
746.5	5671.5	
746.68	4175.1	
746.86	3729.4	
747.03	6037.4	
747.21	4631.8	
747.39	4124.6	
747.57	3646.1	
747.75	5349.3	
747.93	5642.2	
748.11	3679.5	
748.29	3629	
748.47	6677.1	
748.65	5143.1	
748.83	4282.3	
749.01	4043.4	
749.19	5545.9	
749.37	4760.8	
749.55	3971.7	
749.73	3989.4	
749.91	5268.7	
750.09	5029.1	
750.26	4070.7	
750.44	3579.8	
750.62	5253	
750.8	5216.9	
750.98	3411.9	
751.16	3736.2	
751.34	5317.9	
751.52	4752.7	
751.7	4352.6	
751.88	3416	
752.06	5728.9	
752.24	5451.7	
752.42	3332.7	
752.59	3606.5	
752.77	5226.4	
752.95	6270.2	
753.13	4338.3	
753.31	3796.9	
753.49	4971.8	
753.67	5306.3	
753.85	4037.9	
754.03	3644.7	
754.21	5575.9	
754.38	5844.2	
754.56	3881.6	
754.74	3102.7	
754.92	5005.9	
755.1	5631.9	
755.28	3184.6	
755.46	3257.6	
755.64	6406	
755.82	6532.3	
755.99	3569.6	
756.17	3731.4	
756.35	4435.2	
756.53	5793.7	
756.71	2799.6	
756.89	3591.5	
757.07	5376.6	
757.25	4623.6	
757.42	4018.8	
757.6	4714.4	
757.78	5388.9	
757.96	4534.9	
758.14	3680.2	
758.32	3304.7	
758.5	4166.9	
758.67	4881.7	
758.85	3564.1	
759.03	3667.2	
759.21	5083.1	
759.39	4608.6	
759.57	3212.6	
759.75	4148.5	
759.92	5610.8	
760.1	5058.5	
760.28	4429.8	
760.46	4607.2	
760.64	4758.1	
760.82	4590.2	
760.99	4086.4	
761.17	3568.9	
761.35	5517.2	
761.53	4549.9	
761.71	3620.1	
761.89	4263.2	
762.06	5308.3	
762.24	4805.9	
762.42	3727.3	
762.6	3463.8	
762.78	4822.3	
762.96	5386.8	
763.13	3981.3	
763.31	3668.6	
763.49	5472.2	
763.67	4756.7	
763.85	4406.5	
764.02	4818.9	
764.2	5715.2	
764.38	4973.2	
764.56	3553.2	
764.74	4333.5	
764.91	5762.3	
765.09	4876.2	
765.27	3334.1	
765.45	3134.1	
765.63	5887.9	
765.8	5678.3	
765.98	2957.9	
766.16	3255.6	
766.34	4544.4	
766.52	4353.3	
766.69	4056.3	
766.87	3103.4	
767.05	4830.5	
767.23	5512.4	
767.41	3405.8	
767.58	3630.4	
767.76	5359.5	
767.94	5432.6	
768.12	3512.3	
768.29	4042.7	
768.47	4942.4	
768.65	5587.5	
768.83	3209.8	
769	4149.2	
769.18	4653	
769.36	5237.3	
769.54	4126	
769.72	3240.6	
769.89	5547.3	
770.07	5511.1	
770.25	3524.6	
770.43	4583.4	
770.6	6122.1	
770.78	6544.6	
770.96	3686.3	
771.14	4263.2	
771.31	5461.9	
771.49	4933.6	
771.67	3017.3	
771.85	3205.1	
772.02	4239.3	
772.2	4900.1	
772.38	3818.8	
772.55	3390.1	
772.73	5122	
772.91	4917.9	
773.09	3763.5	
773.26	3789.4	
773.44	5115.8	
773.62	4825.7	
773.8	3321.1	
773.97	3097.2	
774.15	5195	
774.33	4900.1	
774.5	3305.4	
774.68	3592.8	
774.86	5290.6	
775.04	4872.8	
775.21	3375.1	
775.39	3299.3	
775.57	5148.6	
775.74	5444.2	
775.92	3207.1	
776.1	3116.3	
776.27	5102.2	
776.45	6128.2	
776.63	3411.9	
776.81	3009.8	
776.98	4848.2	
777.16	5694.7	
777.34	3490.4	
777.51	3751.2	
777.69	4811.4	
777.87	4637.3	
778.04	3538.9	
778.22	4054.3	
778.4	4671.4	
778.57	5296.7	
778.75	2916.3	
778.93	3188.7	
779.1	4534.9	
779.28	4390.2	
779.46	2947.7	
779.64	3361.4	
779.81	5412.1	
779.99	6113.2	
780.17	4063.9	
780.34	4171.7	
780.52	4894	
780.69	5039.4	
780.87	3614.7	
781.05	3318.4	
781.22	5018.9	
781.4	5020.9	
781.58	3383.9	
781.75	2691	
781.93	5014.8	
782.11	4463.2	
782.28	4181.3	
782.46	3375.1	
782.64	4397.7	
782.81	5156.8	
782.99	3563.5	
783.17	3479.5	
783.34	5110.4	
783.52	4444.8	
783.69	3670	
783.87	4283	
784.05	4474.1	
784.22	4519.2	
784.4	4320.5	
784.58	3746.4	
784.75	5307	
784.93	4584.7	
785.1	3504.8	
785.28	4006.5	
785.46	5177.3	
785.63	4521.9	
785.81	3465.2	
785.99	3342.3	
786.16	4721.9	
786.34	5029.1	
786.51	3363.4	
786.69	3687	
786.87	4357.4	
787.04	4790.9	
787.22	3274	
787.39	3988.8	
787.57	4551.3	
787.75	5437.4	
787.92	4206.5	
788.1	4117.8	
788.27	4541.7	
788.45	4338.3	
788.63	3951.2	
788.8	2802.3	
788.98	5059.2	
789.15	4315.1	
789.33	2976.4	
789.5	3467.9	
789.68	5345.2	
789.86	5436.7	
790.03	3835.8	
790.21	3379.1	
790.38	5315.8	
790.56	4726	
790.73	3324.5	
790.91	3282.2	
791.09	4611.3	
791.26	5193.6	
791.44	3558.7	
791.61	2997.5	
791.79	4582.7	
791.96	4604.5	
792.14	3109.5	
792.32	2804.4	
792.49	4618.9	
792.67	4687.8	
792.84	3224.9	
793.02	3056.3	
793.19	4988.2	
793.37	5617.6	
793.54	2764.1	
793.72	3059	
793.89	5612.8	
794.07	4544.4	
794.25	3509.5	
794.42	2854.9	
794.6	5480.4	
794.77	5130.8	
794.95	3806.5	
795.12	3302.7	
795.3	4624.3	
795.47	5081.7	
795.65	3715	
795.82	3553.2	
796	4487.1	
796.17	6102.3	
796.35	3419.4	
796.52	4080.9	
796.7	5029.1	
796.87	5122	
797.05	3431.7	
797.22	4149.9	
797.4	5134.3	
797.57	5908.4	
797.75	3547.8	
797.92	3398.3	
798.1	5341.8	
798.27	4502.1	
798.45	2882.2	
798.62	3118.4	
798.8	4869.4	
798.97	5264.6	
799.15	3749.1	
799.32	3605.8	
799.5	4234.5	
799.67	4900.8	
799.85	3850.2	
800.02	2787.3	
800.2	4579.3	
800.37	4785.4	
800.55	3973.7	
800.72	3340.2	
800.9	5217.5	
801.07	5584.1	
801.25	4404.5	
801.42	3690.4	
801.6	5299.5	
801.77	5003.2	
801.95	3418.7	
802.12	3270.6	
802.29	5033.2	
802.47	5028.4	
802.64	3648.1	
802.82	2766.1	
802.99	4613.4	
803.17	5434.6	
803.34	3566.2	
803.52	3192.8	
803.69	5943.2	
803.87	4388.8	
804.04	3573	
804.21	3596.2	
804.39	5507.7	
804.56	4745.1	
804.74	3037.1	
804.91	3698.6	
805.09	4557.4	
805.26	4710.3	
805.44	3101.3	
805.61	3332	
805.78	5156.1	
805.96	5141.1	
806.13	3681.6	
806.31	3989.4	
806.48	4253.6	
806.66	4688.5	
806.83	3642.7	
807	3584.6	
807.18	4611.3	
807.35	4868	
807.53	3517.7	
807.7	2884.2	
807.87	5575.9	
808.05	4658.4	
808.22	3876.8	
808.4	2864.4	
808.57	4579.3	
808.74	4263.2	
808.92	3304.1	
809.09	4128.7	
809.27	4593.6	
809.44	5036.6	
809.61	2908.1	
809.79	3288.4	
809.96	5666	
810.14	5230.5	
810.31	2869.9	
810.48	3482.9	
810.66	4700.8	
810.83	5319.3	
811.01	3279.5	
811.18	3721.8	
811.35	5231.9	
811.53	4130.8	
811.7	3955.3	
811.87	3699.3	
812.05	4657.8	
812.22	4584.7	
812.39	3192.1	
812.57	3130.7	
812.74	4694.6	
812.92	6059.3	
813.09	3522.5	
813.26	3773.7	
813.44	5874.3	
813.61	4571.1	
813.78	2921.1	
813.96	3789.4	
814.13	4625.7	
814.3	4353.3	
814.48	4137.6	
814.65	3461.7	
814.82	5597.1	
815	4446.1	
815.17	3585.3	
815.34	4314.4	
815.52	4540.3	
815.69	4603.8	
815.87	3481.5	
816.04	3500	
816.21	4627	
816.38	4165.6	
816.56	3445.4	
816.73	3169.6	
816.9	5848.3	
817.08	5249.6	
817.25	3236.5	
817.42	4008.6	
817.6	4304.1	
817.77	4689.2	
817.94	3588	
818.12	3183.9	
818.29	4426.3	
818.46	6594.5	
818.64	3347.1	
818.81	3063.8	
818.98	4372.4	
819.16	6195.1	
819.33	3725.9	
819.5	3574.4	
819.67	4941.7	
819.85	5464.7	
820.02	3495.9	
820.19	3697.3	
820.37	4875.5	
820.54	4564.9	
820.71	3616	
820.88	4372.4	
821.06	4850.3	
821.23	4486.4	
821.4	3637.9	
821.58	3582.6	
821.75	5262.6	
821.92	4753.3	
822.09	2949.1	
822.27	3161.4	
822.44	4624.3	
822.61	4530.8	
822.79	2963.4	
822.96	5558.9	
823.13	4972.5	
823.3	4415.4	
823.48	3437.2	
823.65	3119.1	
823.82	5243.5	
823.99	4261.8	
824.17	4270.7	
824.34	3144.3	
824.51	5993.7	
824.68	4711	
824.86	3192.1	
825.03	3615.3	
825.2	4642.1	
825.37	5537.7	
825.55	3195.5	
825.72	3568.2	
825.89	5982.8	
826.06	5649	
826.24	3472.7	
826.41	3502.7	
826.58	5612.1	
826.75	4924	
826.92	2807.8	
827.1	3038.5	
827.27	7451.2	
827.44	6049	
827.61	3292.5	
827.79	3989.4	
827.96	4481.6	
828.13	4678.2	
828.3	3437.2	
828.47	2939.5	
828.65	4885.1	
828.82	4795	
828.99	4334.2	
829.16	3872.7	
829.34	5234.6	
829.51	5002.5	
829.68	3538.9	
829.85	3682.2	
830.02	5482.4	
830.2	5228.5	
830.37	2781.1	
830.54	4222.9	
830.71	5889.3	
830.88	4664.6	
831.05	2852.8	
831.23	3246	
831.4	5668.1	
831.57	6191.7	
831.74	3303.4	
831.91	2921.1	
832.09	4894	
832.26	5215.5	
832.43	3413.3	
832.6	3764.8	
832.77	4945.8	
832.94	5538.4	
833.12	2776.4	
833.29	3400.3	
833.46	4572.4	
833.63	6390.3	
833.8	3730.7	
833.97	3428.3	
834.15	5177.3	
834.32	5012.1	
834.49	3516.4	
834.66	3631.7	
834.83	5378.6	
835	4481.6	
835.17	3310.9	
835.35	3314.3	
835.52	5130.2	
835.69	4994.3	
835.86	3440.6	
836.03	2845.3	
836.2	5221	
836.37	4909	
836.55	3337.5	
836.72	3164.1	
836.89	4826.4	
837.06	5294.7	
837.23	3470.6	
837.4	3702.7	
837.57	5886.5	
837.75	6395.1	
837.92	3187.3	
838.09	3314.3	
838.26	4869.4	
838.43	5446.2	
838.6	3568.2	
838.77	3218.7	
838.94	6144.6	
839.11	5910.4	
839.29	3429.7	
839.46	2699.9	
839.63	5198.4	
839.8	4919.2	
839.97	3309.5	
840.14	3360	
840.31	5005.9	
840.48	5204.6	
840.65	2754.5	
840.82	3246.7	
841	5173.9	
841.17	5061.9	
841.34	3045.3	
841.51	3084.9	
841.68	5127.4	
841.85	4949.3	
842.02	3133.4	
842.19	2620	
842.36	4982.7	
842.53	4979.3	
842.7	3043.3	
842.87	3684.3	
843.05	6389	
843.22	4890.5	
843.39	2950.4	
843.56	3166.2	
843.73	4766.3	
843.9	5269.4	
844.07	4826.4	
844.24	4027.7	
844.41	7259.4	
844.58	4559.5	
844.75	2981.8	
844.92	3173	
845.09	5182.7	
845.26	5154.7	
845.43	3063.1	
845.6	3212.6	
845.77	5213.4	
845.94	4931.5	
846.12	3364.1	
846.29	3515.7	
846.46	5366.4	
846.63	5112.4	
846.8	3035.1	
846.97	3607.8	
847.14	5583.4	
847.31	5136.3	
847.48	3386	
847.65	3746.4	
847.82	5389.6	
847.99	5367	
848.16	4027.7	
848.33	3730	
848.5	4779.3	
848.67	5563	
848.84	2988	
849.01	3151.8	
849.18	4731.5	
849.35	4416.8	
849.52	3768.3	
849.69	2970.2	
849.86	5311.7	
850.03	5466.7	
850.2	3093.1	
850.37	3620.8	
850.54	5449	
850.71	4916.5	
850.88	3624.2	
851.05	3041.9	
851.22	5038.7	
851.39	5631.2	
851.56	2803.7	
851.73	3495.2	
851.9	4614.1	
852.07	5395.7	
852.24	3361.4	
852.41	3005.7	
852.58	5043.5	
852.75	4653.7	
852.92	3333.4	
853.09	2997.5	
853.26	4833.9	
853.43	5566.4	
853.6	3036.5	
853.77	2670.6	
853.94	5635.3	
854.11	5095.3	
854.28	4508.3	
854.44	3297.9	
854.61	5930.9	
854.78	5402.5	
854.95	3034.4	
855.12	3734.8	
855.29	4235.2	
855.46	5853.1	
855.63	3032.4	
855.8	4188.1	
855.97	4775.9	
856.14	5478.3	
856.31	4205.2	
856.48	3279.5	
856.65	4797.7	
856.82	4554	
856.99	2917.7	
857.16	3272	
857.33	6191.7	
857.49	4862.6	
857.66	3266.5	
857.83	3501.3	
858	4906.9	
858.17	4996.4	
858.34	2921.1	
858.51	3080.1	
858.68	5698.8	
858.85	5765.7	
859.02	3551.9	
859.19	3747.8	
859.36	4560.8	
859.52	4620.2	
859.69	2990.7	
859.86	3544.4	
860.03	4607.9	
860.2	5651.7	
860.37	2795.5	
860.54	3118.4	
860.71	5361.6	
860.88	5642.2	
861.05	3422.2	
861.21	3777.1	
861.38	5751.4	
861.55	4410	
861.72	2755.2	
861.89	3355.3	
862.06	5416.2	
862.23	5885.9	
862.4	2979.1	
862.56	3141.6	
862.73	5239.4	
862.9	4974.5	
863.07	3549.1	
863.24	2807.1	
863.41	4502.8	
863.58	4567.7	
863.75	3062.4	
863.91	3503.4	
864.08	5601.2	
864.25	5362.3	
864.42	3788.1	
864.59	4264.6	
864.76	5937.1	
864.93	4597	
865.09	2955.2	
865.26	3254.9	
865.43	5582.8	
865.6	5918.6	
865.77	2672.6	
865.94	3050.1	
866.1	5555.5	
866.27	5325.4	
866.44	4488.5	
866.61	2863.1	
866.78	4937.7	
866.95	5298.1	
867.11	3022.8	
867.28	2695.8	
867.45	5470.1	
867.62	4650.3	
867.79	3511.6	
867.96	3044	
868.12	4553.3	
868.29	5350.7	
868.46	2680.1	
868.63	3993.5	
868.8	5537	
868.97	5292.6	
869.13	3198.9	
869.3	3166.2	
869.47	5306.3	
869.64	5442.8	
869.81	3054.2	
869.97	3066.5	
870.14	5109.7	
870.31	5675.6	
870.48	2960	
870.65	3808.5	
870.81	4878.9	
870.98	4893.3	
871.15	3451.5	
871.32	3138.9	
871.48	5255.8	
871.65	5745.2	
871.82	3039.2	
871.99	3325.2	
872.16	6084.5	
872.32	5565	
872.49	3065.8	
872.66	3142.9	
872.83	5358.2	
872.99	4716.5	
873.16	3468.6	
873.33	3041.9	
873.5	5086.5	
873.67	5070.1	
873.83	3207.1	
874	4007.2	
874.17	5181.4	
874.34	5974.6	
874.5	3859.7	
874.67	3756	
874.84	5633.3	
875.01	4524	
875.17	4216.1	
875.34	3041.2	
875.51	5125.4	
875.68	6128.9	
875.84	3615.3	
876.01	4311	
876.18	5356.1	
876.34	5232.6	
876.51	3083.6	
876.68	2962	
876.85	4891.9	
877.01	5592.3	
877.18	4268.6	
877.35	3028.9	
877.52	5016.8	
877.68	4534.9	
877.85	3004.4	
878.02	2988	
878.18	4968.4	
878.35	4737.6	
878.52	2490.3	
878.69	3394.8	
878.85	5423	
879.02	5295.4	
879.19	4229.1	
879.35	3261.7	
879.52	5301.5	
879.69	5454.4	
879.86	2646.7	
880.02	3360	
880.19	5024.3	
880.36	5988.3	
880.52	3426.3	
880.69	3543.7	
880.86	5423	
881.02	5412.1	
881.19	3336.1	
881.36	3274	
881.52	5350.7	
881.69	4702.1	
881.86	3284.3	
882.02	3269.9	
882.19	5509.7	
882.36	6318	
882.52	3107.5	
882.69	4183.3	
882.86	5114.5	
883.02	5127.4	
883.19	3646.7	
883.36	3532.1	
883.52	5389.6	
883.69	6077	
883.86	3084.9	
884.02	2781.8	
884.19	5329.5	
884.36	5037.3	
884.52	3437.9	
884.69	3249.4	
884.86	4793.6	
885.02	5853.8	
885.19	3389.4	
885.36	3480.9	
885.52	4980.7	
885.69	5185.5	
885.86	4318.5	
886.02	3796.3	
886.19	5416.9	
886.35	4911	
886.52	3339.6	
886.69	4186	
886.85	4582.7	
887.02	5681.1	
887.19	5681.1	
887.35	5681.1	
887.52	5681.1	
887.68	5681.1	
887.85	5681.1	
888.02	5681.1	
888.18	5681.1	
888.35	5681.1	
888.51	5681.1	
888.68	5681.1	
888.85	5681.1	
889.01	5681.1	
889.18	5681.1	
889.35	5681.1	
889.51	5681.1	
889.68	5681.1	
889.84	5681.1	
890.01	5681.1	
890.17	5681.1	
890.34	5681.1	
890.51	5681.1	
890.67	5681.1	
890.84	5681.1	
891	5681.1	
891.17	5681.1	
891.34	5681.1	
891.5	5681.1	
891.67	5681.1	
891.83	5681.1	
892	5681.1	
892.16	5681.1	
892.33	5681.1	
892.5	5681.1	
892.66	5681.1	
892.83	5681.1	
892.99	5681.1	
893.16	5681.1	
893.32	5681.1	
893.49	5681.1	
893.65	5681.1	
893.82	5681.1	
893.99	5681.1	
894.15	5681.1	
894.32	5681.1	
894.48	5681.1	
894.65	5681.1	
894.81	5681.1	
894.98	5681.1	
895.14	5681.1	
895.31	5681.1	
895.47	5681.1	
895.64	5681.1	
895.81	5681.1	
895.97	5681.1	
896.14	5681.1	
896.3	5681.1	
896.47	5681.1	
896.63	5681.1	
896.8	5681.1	
896.96	5681.1	
897.13	5681.1	
897.29	5681.1	
897.46	5681.1	
897.62	5681.1	
897.79	5681.1	
897.95	5681.1	
898.12	5681.1	
898.28	5681.1	
898.45	5681.1	
898.61	5681.1	
898.78	5681.1	
898.94	5681.1	
899.11	5681.1	
899.27	5681.1	
899.44	5681.1	
899.6	5681.1	
899.77	5681.1	
899.93	5681.1	
900.1	5681.1	
900.26	5681.1	
900.43	5681.1	
900.59	5681.1	
900.76	5681.1	
900.92	5681.1	
901.09	5681.1	
901.25	5681.1	
901.42	5681.1	
901.58	5681.1	
901.75	5681.1	
901.91	5681.1	
902.07	5681.1	
902.24	5681.1	
902.4	5681.1	
902.57	5681.1	
902.73	5681.1	
902.9	5681.1	
903.06	5681.1	
903.23	5681.1	
903.39	5681.1	
903.56	5681.1	
903.72	5681.1	
903.88	5681.1	
904.05	5681.1	
904.21	5681.1	
904.38	5681.1	
904.54	5681.1	
904.71	5681.1	
904.87	5681.1	
905.03	5681.1	
905.2	5681.1	
905.36	5681.1	
905.53	5681.1	
905.69	5681.1	
905.86	5681.1	
906.02	5681.1	
906.18	5681.1	
906.35	5681.1	
906.51	5681.1	
906.68	5681.1	
906.84	5681.1	
907.01	5681.1	
907.17	5681.1	
907.33	5681.1	
907.5	5681.1	
907.66	5681.1	
907.83	5681.1	
907.99	5681.1	
908.15	5681.1	
908.32	5681.1	
908.48	5681.1	
908.65	5681.1	
908.81	5681.1	
908.97	5681.1	
909.14	5681.1	
909.3	5681.1	
909.47	5681.1	
909.63	5681.1	
909.79	5681.1	
909.96	5681.1	
910.12	5681.1	
910.28	5681.1	
910.45	5681.1	
910.61	5681.1	
910.78	5681.1	
910.94	5681.1	
911.1	5681.1	
911.27	5681.1	
911.43	5681.1	
911.59	5681.1	
911.76	5681.1	
911.92	5681.1	
912.08	5681.1	
912.25	5681.1	
912.41	5681.1	
912.57	5681.1	
912.74	5681.1	
912.9	5681.1	
913.07	5681.1	
913.23	5681.1	
913.39	5681.1	
913.56	5681.1	
913.72	5681.1	
913.88	5681.1	
914.05	5681.1	
914.21	5681.1	
914.37	5681.1	
914.54	5681.1	
914.7	5681.1	
914.86	5681.1	
915.03	5681.1	
915.19	5681.1	
