Wavelength	Intensities	
nm	a.u.	
179.22	1671.5	
179.44	1666.4	
179.65	1676.6	
179.86	1656.1	
180.08	1654.1	
180.29	3745.1	
180.51	2972.3	
180.72	4948.6	
180.94	5507	
181.15	2659.6	
181.37	2695.8	
181.58	4786.8	
181.79	4968.4	
182.01	2785.9	
182.22	2957.9	
182.44	4947.9	
182.65	4263.2	
182.87	3559.4	
183.08	3215.3	
183.29	5264	
183.51	4350.6	
183.72	2954.5	
183.94	4080.9	
184.15	4668.7	
184.37	4612.7	
184.58	2601.6	
184.79	3402.4	
185.01	4419.5	
185.22	4972.5	
185.44	3611.9	
185.65	3067.2	
185.86	4700.1	
186.08	4335.5	
186.29	2594.8	
186.51	2721.1	
186.72	4455	
186.94	5061.2	
187.15	3098.6	
187.36	3182.5	
187.58	6240.2	
187.79	4745.8	
188.01	3281.5	
188.22	4887.8	
188.43	5554.1	
188.65	4902.8	
188.86	2714.2	
189.08	3194.8	
189.29	4485.7	
189.5	4508.3	
189.72	2948.4	
189.93	3015.3	
190.15	5067.4	
190.36	5882.4	
190.57	3248.8	
190.79	3166.2	
191	5036.6	
191.22	5069.4	
191.43	3242.6	
191.64	2796.2	
191.86	5282.4	
192.07	5027.1	
192.29	2864.4	
192.5	2959.3	
192.71	5086.5	
192.93	4566.3	
193.14	2894.5	
193.35	3027.6	
193.57	4506.9	
193.78	5097.4	
194	2486.9	
194.21	2922.5	
194.42	4343.7	
194.64	4648.9	
194.85	3200.3	
195.07	3678.2	
195.28	4609.3	
195.49	4218.8	
195.71	3848.1	
195.92	2745	
196.13	4842.1	
196.35	4874.8	
196.56	4003.8	
196.78	3204.4	
196.99	5843.5	
197.2	5428.5	
197.42	3516.4	
197.63	3210.5	
197.84	4261.8	
198.06	4812	
198.27	2960.7	
198.48	3840.6	
198.7	4508.9	
198.91	4641.4	
199.13	3245.3	
199.34	3218	
199.55	5057.8	
199.77	4087.1	
199.98	2895.1	
200.19	3253.5	
200.41	4650.3	
200.62	4394.9	
200.83	3328.6	
201.05	3511.6	
201.26	4644.1	
201.47	4478.9	
201.69	2865.8	
201.9	2819.4	
202.11	4684.4	
202.33	5335.6	
202.54	3019.4	
202.76	3375.7	
202.97	4706.9	
203.18	4812.7	
203.4	3287	
203.61	3327.3	
203.82	4747.2	
204.04	4427	
204.25	3216.7	
204.46	3178.4	
204.68	4705.5	
204.89	4873.5	
205.1	3112.9	
205.32	2778.4	
205.53	4895.3	
205.74	5016.2	
205.96	2450.1	
206.17	3335.5	
206.38	4918.5	
206.6	5050.3	
206.81	3622.2	
207.02	3004.4	
207.24	4832.5	
207.45	5171.1	
207.66	3070.6	
207.88	2738.8	
208.09	4814.8	
208.3	4655	
208.52	2854.2	
208.73	3155.9	
208.94	4698	
209.15	5126.1	
209.37	3083.6	
209.58	3167.5	
209.79	5044.8	
210.01	4519.2	
210.22	2563.4	
210.43	2656.2	
210.65	4629.8	
210.86	4920.6	
211.07	3067.2	
211.29	2854.9	
211.5	4846.9	
211.71	4584.7	
211.93	2816	
212.14	2873.3	
212.35	4577.2	
212.56	4715.8	
212.78	3216.7	
212.99	2679.4	
213.2	5361.6	
213.42	4487.8	
213.63	2935.4	
213.84	3092.4	
214.06	4233.2	
214.27	4258.4	
214.48	3037.8	
214.69	3269.2	
214.91	5195.7	
215.12	5154.1	
215.33	3257	
215.55	3534.8	
215.76	5575.3	
215.97	4919.9	
216.18	3135.4	
216.4	3080.8	
216.61	4393.6	
216.82	5062.6	
217.04	2872.6	
217.25	2961.4	
217.46	5067.4	
217.67	4995	
217.89	2661	
218.1	2698.5	
218.31	4719.9	
218.53	4813.4	
218.74	3028.9	
218.95	2910.8	
219.16	4672.8	
219.38	5365	
219.59	2915.6	
219.8	3396.2	
220.01	5698.8	
220.23	4700.8	
220.44	3598.3	
220.65	2859	
220.87	4718.5	
221.08	5159.5	
221.29	2740.9	
221.5	3500	
221.72	6078.4	
221.93	4400.4	
222.14	3236.5	
222.35	3757.3	
222.57	4619.5	
222.78	4997	
222.99	3121.8	
223.2	3284.3	
223.42	4862.6	
223.63	4977.2	
223.84	2439.8	
224.05	2473.9	
224.27	5642.2	
224.48	5296	
224.69	3762.1	
224.9	3219.4	
225.12	4839.4	
225.33	4612.7	
225.54	2687.6	
225.75	2933.4	
225.97	4390.2	
226.18	4618.9	
226.39	3076	
226.6	2934.7	
226.82	4537.6	
227.03	4334.9	
227.24	3244	
227.45	2729.9	
227.67	5008.6	
227.88	5218.9	
228.09	3538.9	
228.3	3540.9	
228.52	4906.9	
228.73	4631.1	
228.94	3017.3	
229.15	2732.7	
229.36	4632.5	
229.58	4622.3	
229.79	3065.1	
230	3441.3	
230.21	5448.3	
230.43	4657.1	
230.64	3223.5	
230.85	3305.4	
231.06	4973.2	
231.28	4995	
231.49	2762.7	
231.7	3104	
231.91	4906.3	
232.12	4695.3	
232.34	2878.8	
232.55	3137.5	
232.76	5108.3	
232.97	4706.2	
233.18	2880.1	
233.4	3236.5	
233.61	4815.5	
233.82	4541	
234.03	3031	
234.25	2949.8	
234.46	6164.4	
234.67	4700.1	
234.88	3250.8	
235.09	2904	
235.31	4812.7	
235.52	4593.6	
235.73	3158.7	
235.94	2767.5	
236.15	4453.6	
236.37	5442.1	
236.58	2870.6	
236.79	3114.3	
237	4861.2	
237.21	4319.8	
237.43	3320.4	
237.64	2703.3	
237.85	7606.2	
238.06	4384	
238.27	3267.9	
238.48	2760.7	
238.7	4920.6	
238.91	4561.5	
239.12	3054.2	
239.33	3121.1	
239.54	4418.2	
239.76	4659.8	
239.97	3074.7	
240.18	3087	
240.39	5534.3	
240.6	4804.5	
240.82	3259.7	
241.03	2729.9	
241.24	4608.6	
241.45	5276.3	
241.66	2839.2	
241.87	3333.4	
242.09	5199.1	
242.3	5403.9	
242.51	3345.7	
242.72	3131.3	
242.93	4943.1	
243.14	4644.8	
243.36	3553.9	
243.57	3733.4	
243.78	5265.3	
243.99	4898.7	
244.2	3096.5	
244.41	2807.8	
244.63	4300.7	
244.84	4833.9	
245.05	3288.4	
245.26	3046.7	
245.47	4919.2	
245.68	5010.7	
245.9	3860.4	
246.11	3239.9	
246.32	4494.6	
246.53	4853.7	
246.74	4803.9	
246.95	2637.1	
247.16	4394.3	
247.38	4676.9	
247.59	2655.5	
247.8	3081.5	
248.01	4372.4	
248.22	4616.8	
248.43	2848.7	
248.64	3037.1	
248.86	4285.7	
249.07	4485.7	
249.28	2838.5	
249.49	3199.6	
249.7	5010	
249.91	5116.5	
250.12	2678.7	
250.34	2724.5	
250.55	4762.2	
250.76	4684.4	
250.97	3151.8	
251.18	3206.4	
251.39	5103.5	
251.6	4815.5	
251.81	3295.9	
252.03	3205.8	
252.24	4494.6	
252.45	4973.2	
252.66	2751.1	
252.87	3365.5	
253.08	4688.5	
253.29	5830.6	
253.5	2779.8	
253.72	3692.5	
253.93	4629.1	
254.14	5359.5	
254.35	2957.3	
254.56	3039.9	
254.77	4818.9	
254.98	4388.1	
255.19	2983.9	
255.41	3626.3	
255.62	4814.1	
255.83	5082.4	
256.04	3272.7	
256.25	3152.5	
256.46	5498.1	
256.67	4447.5	
256.88	3162.7	
257.09	3452.2	
257.31	4328	
257.52	4436.6	
257.73	3935.5	
257.94	2944.3	
258.15	4650.9	
258.36	4641.4	
258.57	3577.1	
258.78	2461	
258.99	5020.9	
259.2	4539.7	
259.41	2966.1	
259.63	3061	
259.84	5267.4	
260.05	5543.2	
260.26	3737.5	
260.47	2977.7	
260.68	5071.5	
260.89	4555.4	
261.1	3486.3	
261.31	2868.5	
261.52	5180.7	
261.73	5345.2	
261.95	3787.4	
262.16	3289.7	
262.37	5147.2	
262.58	5141.8	
262.79	3721.8	
263	3048.1	
263.21	4671.4	
263.42	4208.6	
263.63	3218.7	
263.84	3037.8	
264.05	5107	
264.26	5267.4	
264.47	3646.1	
264.69	3106.1	
264.9	5208	
265.11	4803.2	
265.32	2902.7	
265.53	2925.2	
265.74	4756.7	
265.95	4201.7	
266.16	3118.4	
266.37	3416.7	
266.58	4770.4	
266.79	4509.6	
267	3006.4	
267.21	2789.3	
267.42	4370.4	
267.63	4625	
267.84	3037.8	
268.06	2689.7	
268.27	5036	
268.48	5162.9	
268.69	3011.2	
268.9	3454.2	
269.11	5173.2	
269.32	4271.4	
269.53	3120.4	
269.74	2902.7	
269.95	4842.1	
270.16	4286.4	
270.37	3145	
270.58	3579.8	
270.79	4559.5	
271	5002.5	
271.21	3277.4	
271.42	3076.7	
271.63	4793.6	
271.84	4295.3	
272.05	2534.7	
272.26	2837.1	
272.47	4659.8	
272.68	4766.3	
272.89	3025.5	
273.11	3366.9	
273.32	4476.2	
273.53	5324	
273.74	3259.7	
273.95	3270.6	
274.16	5063.3	
274.37	4681	
274.58	3373	
274.79	2818	
275	4823.6	
275.21	5079.6	
275.42	3998.3	
275.63	3427.6	
275.84	4881	
276.05	5834	
276.26	3197.6	
276.47	3060.3	
276.68	4586.8	
276.89	5388.9	
277.1	3404.4	
277.31	2742.9	
277.52	4877.6	
277.73	5100.1	
277.94	2765.4	
278.15	3001	
278.36	4861.2	
278.57	4384	
278.78	3041.9	
278.99	3300.6	
279.2	4527.4	
279.41	4403.1	
279.62	3837.9	
279.83	2770.9	
280.04	5537.7	
280.25	4348.5	
280.46	3812	
280.67	3111.5	
280.88	4469.4	
281.09	5131.5	
281.3	3270.6	
281.51	3960.1	
281.72	4478.9	
281.93	5019.6	
282.14	2920.4	
282.35	3187.3	
282.56	5103.5	
282.77	4988.2	
282.98	3029.6	
283.19	3573	
283.4	5908.4	
283.61	4625.7	
283.82	2807.8	
284.03	3730	
284.24	4833.9	
284.45	5055.8	
284.66	3777.1	
284.87	3622.2	
285.08	5083.1	
285.29	5224.4	
285.5	2757.2	
285.71	3079.5	
285.92	5068	
286.12	5551.4	
286.33	3735.5	
286.54	3086.3	
286.75	5012.1	
286.96	4579.3	
287.17	2837.8	
287.38	3589.4	
287.59	4487.8	
287.8	4461.8	
288.01	3020.8	
288.22	3442	
288.43	4914.4	
288.64	4256.4	
288.85	3570.3	
289.06	3409.9	
289.27	4999.1	
289.48	5285.8	
289.69	3745.7	
289.9	3504.8	
290.11	5201.2	
290.32	4480.3	
290.53	3583.9	
290.74	3337.5	
290.94	4958.1	
291.15	4969.7	
291.36	2949.1	
291.57	3420.1	
291.78	4504.8	
291.99	4245.4	
292.2	2868.5	
292.41	3352.5	
292.62	5117.9	
292.83	4911.7	
293.04	4026.3	
293.25	2884.2	
293.46	4577.2	
293.67	5053.7	
293.88	2945	
294.09	2838.5	
294.29	4370.4	
294.5	4826.4	
294.71	3132	
294.92	2979.1	
295.13	4586.8	
295.34	5469.4	
295.55	2711.5	
295.76	2677.4	
295.97	4949.3	
296.18	5478.3	
296.39	2795.5	
296.6	2980.5	
296.81	4681	
297.01	4982.7	
297.22	3074.7	
297.43	2950.4	
297.64	4510.3	
297.85	4389.5	
298.06	2500.6	
298.27	2662.4	
298.48	4617.5	
298.69	4470	
298.9	3143.6	
299.11	2904	
299.31	4371	
299.52	4394.9	
299.73	3406.5	
299.94	3305.4	
300.15	4699.4	
300.36	4438.6	
300.57	3278.8	
300.78	3290.4	
300.99	4571.7	
301.2	4713.1	
301.4	2964.8	
301.61	3173	
301.82	4902.8	
302.03	5016.2	
302.24	3469.3	
302.45	2844.6	
302.66	4925.4	
302.87	5134.9	
303.08	2958.6	
303.29	3901.4	
303.49	4543.1	
303.7	4619.5	
303.91	2638.5	
304.12	3670.6	
304.33	4255.7	
304.54	4786.8	
304.75	3015.3	
304.96	2861	
305.16	4931.5	
305.37	5404.6	
305.58	2605	
305.79	2741.5	
306	4906.9	
306.21	4283	
306.42	2960.7	
306.63	4250.2	
306.83	4577.2	
307.04	5009.3	
307.25	3201	
307.46	3141.6	
307.67	4149.2	
307.88	4980	
308.09	2932	
308.29	2984.6	
308.5	4749.2	
308.71	5036	
308.92	3127.2	
309.13	2908.8	
309.34	4627	
309.55	4551.3	
309.75	3551.2	
309.96	3276.8	
310.17	4945.8	
310.38	4432.5	
310.59	3402.4	
310.8	2803.7	
311.01	4603.2	
311.21	4621.6	
311.42	2869.2	
311.63	2908.8	
311.84	4514.4	
312.05	4735.6	
312.26	3304.1	
312.46	3482.2	
312.67	4530.1	
312.88	4334.9	
313.09	2810.5	
313.3	2762.7	
313.51	5224.4	
313.71	5510.4	
313.92	2841.2	
314.13	2929.3	
314.34	4815.5	
314.55	4700.1	
314.76	3518.4	
314.96	3119.1	
315.17	4846.9	
315.38	4885.1	
315.59	2870.6	
315.8	2721.1	
316.01	5211.4	
316.21	5280.3	
316.42	2805.7	
316.63	3129.3	
316.84	4642.7	
317.05	5099.4	
317.26	3329.3	
317.46	3045.3	
317.67	4669.4	
317.88	4932.2	
318.09	3517.7	
318.3	2689	
318.5	4521.9	
318.71	4859.1	
318.92	4320.5	
319.13	3306.1	
319.34	5034.6	
319.54	5148.6	
319.75	2704	
319.96	2596.1	
320.17	4872.1	
320.38	4986.8	
320.58	2654.2	
320.79	3092.4	
321	5106.3	
321.21	5182.7	
321.42	3160	
321.62	2663	
321.83	4462.5	
322.04	4668.7	
322.25	3063.8	
322.46	2899.2	
322.66	4774.5	
322.87	4872.1	
323.08	3446.7	
323.29	2796.2	
323.5	5492.7	
323.7	4298.7	
323.91	3738.2	
324.12	3418.1	
324.33	4763.6	
324.53	4917.9	
324.74	3268.6	
324.95	3382.6	
325.16	4291.2	
325.37	4484.4	
325.57	2895.1	
325.78	2937.5	
325.99	4795.7	
326.2	4268.6	
326.4	3849.5	
326.61	2672.6	
326.82	4648.2	
327.03	4759.5	
327.24	3934.8	
327.44	3682.9	
327.65	4909	
327.86	4070	
328.07	3285.6	
328.27	2758.6	
328.48	5180.7	
328.69	4324.6	
328.9	3918.4	
329.1	2992.8	
329.31	4618.2	
329.52	5212.1	
329.73	2901.3	
329.93	3115	
330.14	4784.7	
330.35	4890.5	
330.56	4386.1	
330.76	3421.5	
330.97	4553.3	
331.18	4814.1	
331.39	3177.8	
331.59	2624.8	
331.8	5128.8	
332.01	5171.8	
332.22	2948.4	
332.42	3277.4	
332.63	4771.1	
332.84	4371.7	
333.05	3213.3	
333.25	2889.7	
333.46	4489.8	
333.67	4681.7	
333.88	3010.5	
334.08	3196.9	
334.29	5974.6	
334.5	5124	
334.7	2837.1	
334.91	3846.8	
335.12	4385.4	
335.33	4932.9	
335.53	3152.5	
335.74	4388.8	
335.95	4579.9	
336.16	4364.9	
336.36	3115	
336.57	3525.9	
336.78	4306.2	
336.98	5070.8	
337.19	3814	
337.4	3059.7	
337.61	5517.2	
337.81	4356	
338.02	2902	
338.23	3549.8	
338.43	5210.7	
338.64	4427.7	
338.85	2877.4	
339.05	3651.5	
339.26	5286.5	
339.47	4294.6	
339.68	2897.9	
339.88	4012.7	
340.09	4959.5	
340.3	5039.4	
340.5	3324.5	
340.71	2641.9	
340.92	4329.4	
341.13	5214.1	
341.33	2764.8	
341.54	3295.9	
341.75	4842.1	
341.95	4511	
342.16	3172.3	
342.37	3394.2	
342.57	4358.8	
342.78	4578.6	
342.99	3392.1	
343.19	2623.4	
343.4	4952.7	
343.61	4920.6	
343.81	3086.3	
344.02	2791.4	
344.23	4985.4	
344.43	5278.3	
344.64	3512.3	
344.85	3373	
345.06	4878.9	
345.26	5093.3	
345.47	3309.5	
345.68	3720.5	
345.88	4279.6	
346.09	4963.6	
346.3	3334.1	
346.5	2550.4	
346.71	4605.9	
346.92	4502.1	
347.12	2708.1	
347.33	3269.2	
347.54	4993.6	
347.74	5371.1	
347.95	3197.6	
348.16	2573.6	
348.36	4508.9	
348.57	4392.2	
348.78	3333.4	
348.98	3466.5	
349.19	4642.1	
349.39	4272.7	
349.6	2704.7	
349.81	2944.3	
350.01	4913.8	
350.22	4447.5	
350.43	3212.6	
350.63	3719.8	
350.84	4695.3	
351.05	4544.4	
351.25	2923.1	
351.46	2667.8	
351.67	5022.3	
351.87	4407.2	
352.08	3021.4	
352.29	3480.2	
352.49	5066	
352.7	5035.3	
352.9	2831	
353.11	3446	
353.32	5542.5	
353.52	4520.5	
353.73	2846.7	
353.94	3513.6	
354.14	4887.1	
354.35	4739	
354.55	2962	
354.76	3226.9	
354.97	4887.8	
355.17	4699.4	
355.38	2803.7	
355.59	3652.2	
355.79	4499.4	
356	4704.2	
356.2	3249.4	
356.41	2871.9	
356.62	4336.9	
356.82	4650.3	
357.03	3431.7	
357.24	3065.1	
357.44	4519.9	
357.65	4563.6	
357.85	3969	
358.06	3311.6	
358.27	4348.5	
358.47	4437.9	
358.68	2826.2	
358.88	3450.8	
359.09	4982	
359.3	5148.6	
359.5	3940.3	
359.71	3520.5	
359.91	5439.4	
360.12	5073.5	
360.33	3446	
360.53	3780.6	
360.74	4594.3	
360.94	4596.3	
361.15	3576.4	
361.36	3084.2	
361.56	5205.9	
361.77	4778.6	
361.97	3947.1	
362.18	3198.2	
362.38	5180.7	
362.59	4512.4	
362.8	3070.6	
363	2919.7	
363.21	4385.4	
363.41	4864.6	
363.62	3366.9	
363.83	4129.4	
364.03	5010	
364.24	5507.7	
364.44	4277.5	
364.65	4209.9	
364.85	4756.7	
365.06	4513.7	
365.27	3188.7	
365.47	3226.2	
365.68	5463.3	
365.88	4737.6	
366.09	3534.1	
366.29	3235.8	
366.5	4981.3	
366.71	5229.8	
366.91	4201.7	
367.12	3696.6	
367.32	5766.4	
367.53	5159.5	
367.73	3648.1	
367.94	4288.4	
368.14	5195.7	
368.35	5683.8	
368.56	3601.7	
368.76	3100.6	
368.97	5255.1	
369.17	6361	
369.38	3192.1	
369.58	3448.8	
369.79	4478.2	
369.99	5495.4	
370.2	4187.4	
370.4	3513.6	
370.61	5009.3	
370.82	5866.1	
371.02	3467.9	
371.23	2940.9	
371.43	4494.6	
371.64	5483.8	
371.84	3547.1	
372.05	4297.3	
372.25	6412.2	
372.46	5244.8	
372.66	3482.9	
372.87	3464.5	
373.07	5300.8	
373.28	6548.7	
373.48	4203.8	
373.69	4016.7	
373.9	4975.9	
374.1	5042.8	
374.31	4241.3	
374.51	3878.2	
374.72	5631.9	
374.92	4786.1	
375.13	4457.1	
375.33	3789.4	
375.54	5277.6	
375.74	4911	
375.95	3928.7	
376.15	4763.6	
376.36	5393	
376.56	5311.1	
376.77	3984	
376.97	4225.6	
377.18	6236.7	
377.38	5528.8	
377.59	4516.5	
377.79	3730.7	
378	5402.5	
378.2	5636	
378.41	3771	
378.61	3677.5	
378.82	5786.2	
379.02	5091.3	
379.23	3826.3	
379.43	4648.9	
379.64	5827.2	
379.84	5475.6	
380.05	3705.5	
380.25	3664.5	
380.46	5608.7	
380.66	5252.4	
380.87	4664.6	
381.07	4896	
381.28	6027.2	
381.48	5537	
381.69	3768.3	
381.89	3743.7	
382.1	4767	
382.3	5547.3	
382.51	4531.5	
382.71	5158.8	
382.91	5460.6	
383.12	5842.9	
383.32	3973.1	
383.53	4044.1	
383.73	5362.9	
383.94	5257.1	
384.14	4037.9	
384.35	3306.1	
384.55	5076.9	
384.76	5483.1	
384.96	3921.2	
385.17	4118.5	
385.37	5507	
385.58	4880.3	
385.78	4126	
385.98	3287	
386.19	5053	
386.39	5358.2	
386.6	3667.9	
386.8	3849.5	
387.01	5496.1	
387.21	5526.8	
387.42	4202.4	
387.62	4626.4	
387.83	5070.1	
388.03	5431.2	
388.23	4035.9	
388.44	4627	
388.64	4833.2	
388.85	4951.3	
389.05	4354	
389.26	4695.3	
389.46	6476.4	
389.67	6035.4	
389.87	4343.1	
390.07	4347.2	
390.28	5334.3	
390.48	4988.9	
390.69	3732.1	
390.89	3969.6	
391.1	5180.7	
391.3	5829.9	
391.5	4857.8	
391.71	5278.3	
391.91	5743.2	
392.12	6331.6	
392.32	4937	
392.53	4232.5	
392.73	5334.3	
392.93	5315.2	
393.14	4081.6	
393.34	4579.9	
393.55	5657.2	
393.75	5227.8	
393.95	4029	
394.16	3910.9	
394.36	5160.9	
394.57	5584.8	
394.77	3587.4	
394.98	3915	
395.18	5140.4	
395.38	5286.5	
395.59	4751.3	
395.79	3921.2	
396	5350.7	
396.2	5752.7	
396.4	4590.9	
396.61	4534.9	
396.81	5765.7	
397.02	5258.5	
397.22	4829.8	
397.42	4838	
397.63	5976	
397.83	5337	
398.04	4025.6	
398.24	4399	
398.44	5662	
398.65	5003.2	
398.85	3904.1	
399.05	3930.7	
399.26	5341.8	
399.46	6606.1	
399.67	4298.7	
399.87	4082.3	
400.07	5606	
400.28	5851.7	
400.48	4218.1	
400.69	4977.2	
400.89	6062	
401.09	6470.2	
401.3	4134.8	
401.5	4977.9	
401.7	6662.7	
401.91	6781.5	
402.11	4492.6	
402.32	4569	
402.52	6160.3	
402.72	5926.8	
402.93	4657.1	
403.13	3717.1	
403.33	6522.1	
403.54	5440.1	
403.74	4173.1	
403.94	4811.4	
404.15	5547.3	
404.35	6362.4	
404.56	4098	
404.76	5437.4	
404.96	5956.2	
405.17	5814.9	
405.37	5341.1	
405.57	4673.5	
405.78	6148.7	
405.98	5614.2	
406.18	4303.5	
406.39	4898.1	
406.59	5973.2	
406.79	5560.9	
407	4041.3	
407.2	3997.6	
407.4	6162.3	
407.61	6122.1	
407.81	4235.2	
408.01	5679	
408.22	5375.2	
408.42	6789.7	
408.62	5248.9	
408.83	4915.8	
409.03	6044.2	
409.23	5905	
409.44	5031.2	
409.64	5061.2	
409.84	6793.8	
410.05	6775.4	
410.25	5225.7	
410.45	4949.9	
410.66	6482.5	
410.86	8240.3	
411.06	5453.1	
411.27	5230.5	
411.47	8211.7	
411.67	6631.3	
411.88	5530.9	
412.08	5743.2	
412.28	7133.8	
412.49	7422.5	
412.69	5430.5	
412.89	5425.1	
413.09	7385.7	
413.3	7317.4	
413.5	5555.5	
413.7	5352	
413.91	6748.1	
414.11	7396.6	
414.31	5415.5	
414.52	5748	
414.72	7210.2	
414.92	7162.4	
415.12	5492	
415.33	5885.2	
415.53	7445.7	
415.73	7587	
415.94	6047.7	
416.14	5601.9	
416.34	6729.6	
416.55	6451.8	
416.75	6582.9	
416.95	6139.1	
417.15	7580.2	
417.36	7897.7	
417.56	6798.6	
417.76	6073.6	
417.97	7739.3	
418.17	7578.8	
418.37	5785.5	
418.57	5829.2	
418.78	7503.8	
418.98	7133.1	
419.18	6488.6	
419.38	6324.8	
419.59	7076.4	
419.79	6681.8	
419.99	5617.6	
420.2	5843.5	
420.4	7521.5	
420.6	7511.9	
420.8	5649.7	
421.01	5509	
421.21	7430	
421.41	7505.1	
421.61	5895.4	
421.82	5666	
422.02	7074.4	
422.22	7657.4	
422.42	6241.5	
422.63	5841.5	
422.83	7009.5	
423.03	8031.5	
423.23	5925.5	
423.44	5070.8	
423.64	7075	
423.84	6732.4	
424.04	5494.7	
424.25	5196.4	
424.45	7586.4	
424.65	7603.4	
424.85	5096	
425.06	5483.1	
425.26	7731.8	
425.46	6944	
425.66	5900.9	
425.87	5606	
426.07	7429.3	
426.27	7307.2	
426.47	5657.9	
426.67	5185.5	
426.88	7641.7	
427.08	7165.2	
427.28	5756.8	
427.48	5097.4	
427.69	6412.9	
427.89	6944.7	
428.09	5799.2	
428.29	5143.8	
428.5	7269.6	
428.7	7099.6	
428.9	5076.9	
429.1	5378	
429.3	7086	
429.51	7219.1	
429.71	5330.2	
429.91	5884.5	
430.11	7389.1	
430.31	7503.1	
430.52	5642.2	
430.72	5804.6	
430.92	7709.9	
431.12	7288	
431.32	5274.9	
431.53	5614.8	
431.73	6491.4	
431.93	7658.7	
432.13	5177.3	
432.33	5252.4	
432.54	6922.8	
432.74	7070.3	
432.94	5146.5	
433.14	5954.8	
433.34	7325.6	
433.55	7079.1	
433.75	5882.4	
433.95	7184.3	
434.15	7228	
434.35	6849.1	
434.56	5392.3	
434.76	5086.5	
434.96	7165.2	
435.16	7308.5	
435.36	5259.2	
435.56	6133	
435.77	6912.6	
435.97	7065.5	
436.17	6726.9	
436.37	6066.8	
436.57	6931	
436.78	6996.5	
436.98	7348.8	
437.18	6476.4	
437.38	7459.4	
437.58	6967.2	
437.78	6602	
437.99	5608.7	
438.19	7344	
438.39	7947.5	
438.59	5488.6	
438.79	4992.9	
438.99	7741.3	
439.2	6854.6	
439.4	5025	
439.6	5104.2	
439.8	7148.8	
440	8078.6	
440.2	6064	
440.4	6158.2	
440.61	7705.1	
440.81	8097.7	
441.01	5507	
441.21	6205.3	
441.41	8066.3	
441.61	7636.2	
441.81	6452.5	
442.02	7133.1	
442.22	8270.4	
442.42	7666.2	
442.62	5544.5	
442.82	5532.2	
443.02	8030.8	
443.22	7359.7	
443.43	5973.2	
443.63	5654.4	
443.83	7180.2	
444.03	7163.1	
444.23	6543.9	
444.43	6285.2	
444.63	7484	
444.83	8376.2	
445.04	5846.3	
445.24	6705	
445.44	7689.4	
445.64	7717.4	
445.84	6212.2	
446.04	6218.3	
446.24	7094.8	
446.44	7842.4	
446.65	5409.4	
446.85	5831.9	
447.05	7096.2	
447.25	7821.2	
447.45	5940.5	
447.65	5448.3	
447.85	7441.6	
448.05	7034.8	
448.25	6237.4	
448.46	5947.3	
448.66	7344.7	
448.86	7036.8	
449.06	5339.7	
449.26	6150.1	
449.46	7707.2	
449.66	6911.9	
449.86	5848.3	
450.06	5839.4	
450.26	7077.1	
450.47	7499	
450.67	6034.7	
450.87	6239.5	
451.07	7700.4	
451.27	7368.6	
451.47	5454.4	
451.67	6167.1	
451.87	7235.5	
452.07	7965.2	
452.27	5754.1	
452.47	5615.5	
452.67	7387	
452.88	7731.1	
453.08	5102.2	
453.28	6612.9	
453.48	8278.6	
453.68	7281.2	
453.88	5623	
454.08	5705.6	
454.28	7619.8	
454.48	7345.4	
454.68	6185.5	
454.88	6537.1	
455.08	7735.9	
455.28	7598.6	
455.48	5480.4	
455.68	6082.5	
455.89	8110.6	
456.09	7873.1	
456.29	5773.9	
456.49	5881.1	
456.69	8071	
456.89	7465.5	
457.09	6243.6	
457.29	6574.7	
457.49	7808.2	
457.69	7855.3	
457.89	6309.1	
458.09	5700.2	
458.29	7709.9	
458.49	8213	
458.69	6460	
458.89	6012.2	
459.09	8346.2	
459.29	8447.2	
459.49	6096.8	
459.69	6808.1	
459.9	7897	
460.1	7718.8	
460.3	6042.9	
460.5	5874.3	
460.7	7989.1	
460.9	7660.8	
461.1	5661.3	
461.3	6661.4	
461.5	8474.5	
461.7	8189.1	
461.9	6178	
462.1	6335.7	
462.3	7887.4	
462.5	8171.4	
462.7	6094.1	
462.9	6259.3	
463.1	9095.7	
463.3	8853.4	
463.5	6411.5	
463.7	7062.8	
463.9	8165.9	
464.1	8383.7	
464.3	6595.8	
464.5	6702.3	
464.7	8580.3	
464.9	8406.2	
465.1	7594.6	
465.3	7019.8	
465.5	8804.2	
465.7	8871.8	
465.9	7221.1	
466.1	6921.5	
466.3	8683.4	
466.5	8505.2	
466.7	7720.2	
466.9	6875	
467.1	8652.7	
467.3	9194.7	
467.5	7715.4	
467.7	6954.2	
467.9	9403.6	
468.1	10056	
468.3	7323.5	
468.5	7795.9	
468.7	8615.1	
468.9	8499.8	
469.1	7180.9	
469.3	7602.1	
469.5	10028	
469.7	8313.4	
469.9	7412.3	
470.1	6929.6	
470.3	8669.7	
470.5	8632.2	
470.7	7787.1	
470.9	7006.1	
471.1	8396.7	
471.3	8618.5	
471.5	6795.8	
471.69	8012.3	
471.89	8328.4	
472.09	7907.9	
472.29	7271.7	
472.49	7506.5	
472.69	8025.3	
472.89	8584.4	
473.09	6661.4	
473.29	6688.7	
473.49	8157.1	
473.69	8092.2	
473.89	7295.5	
474.09	6817.7	
474.29	9129.8	
474.49	8829.5	
474.69	7283.9	
474.89	6805.4	
475.09	8240.3	
475.29	8195.3	
475.49	6547.4	
475.69	6612.9	
475.88	9337.4	
476.08	8500.4	
476.28	6335	
476.48	6586.3	
476.68	8668.4	
476.88	8494.3	
477.08	6608.1	
477.28	6800.6	
477.48	8168.7	
477.68	8557.1	
477.88	6365.1	
478.08	6550.8	
478.28	8854.1	
478.48	8249.2	
478.67	6664.8	
478.87	6170.5	
479.07	8636.3	
479.27	8300.4	
479.47	6730.3	
479.67	6764.4	
479.87	8396	
480.07	8949.6	
480.27	6221.7	
480.47	7250.5	
480.67	8164.6	
480.87	8759.2	
481.06	6420.4	
481.26	7087.3	
481.46	8344.1	
481.66	8102.4	
481.86	6762.4	
482.06	7336.5	
482.26	7915.4	
482.46	8664.3	
482.66	6590.4	
482.86	6350.8	
483.05	8313.4	
483.25	7726.3	
483.45	8437.6	
483.65	6676.4	
483.85	7929.1	
484.05	8211.7	
484.25	6997.2	
484.45	7339.9	
484.65	8713.4	
484.84	8733.9	
485.04	6513.9	
485.24	6653.2	
485.44	9076.6	
485.64	7767.3	
485.84	6147.3	
486.04	7132.4	
486.24	8152.3	
486.44	8267.6	
486.63	6127.5	
486.83	6785.6	
487.03	8043.7	
487.23	8143.4	
487.43	6236.7	
487.63	7923.6	
487.83	8264.9	
488.02	8866.3	
488.22	6954.9	
488.42	7353.6	
488.62	8894.3	
488.82	8086.1	
489.02	6660	
489.22	6728.9	
489.41	8748.9	
489.61	8549.6	
489.81	6394.4	
490.01	6475	
490.21	8664.3	
490.41	9294.4	
490.61	6582.2	
490.8	6524.1	
491	8441	
491.2	7904.5	
491.4	6901	
491.6	6321.4	
491.8	8234.2	
491.99	8338	
492.19	6133	
492.39	6274.3	
492.59	8653.4	
492.79	8751.7	
492.99	7169.9	
493.18	6449.1	
493.38	8916.9	
493.58	9441.8	
493.78	7002.7	
493.98	6664.8	
494.18	8645.8	
494.37	8267	
494.57	7198.6	
494.77	7042.3	
494.97	8875.2	
495.17	9028.1	
495.37	6918	
495.56	7225.9	
495.76	9236.3	
495.96	8961.2	
496.16	7870.3	
496.36	7090.1	
496.55	9134.6	
496.75	8739.4	
496.95	7262.8	
497.15	7273	
497.35	9112.1	
497.54	9000.8	
497.74	7108.5	
497.94	8154.3	
498.14	9590.6	
498.34	9312.1	
498.53	6843.6	
498.73	7436.2	
498.93	8508.6	
499.13	8965.3	
499.33	7387.7	
499.52	7570	
499.72	9134.6	
499.92	9232.2	
500.12	7105.8	
500.32	7286	
500.51	9186.5	
500.71	9064.3	
500.91	7828.7	
501.11	7501.7	
501.31	9149.6	
501.5	9424.8	
501.7	8045.1	
501.9	7253.9	
502.1	9013.8	
502.29	9257.5	
502.49	7605.5	
502.69	7876.5	
502.89	9060.2	
503.09	9080.7	
503.28	6801.3	
503.48	6896.2	
503.68	8632.9	
503.88	8522.3	
504.07	7541.3	
504.27	7199.3	
504.47	8786.5	
504.67	8835.6	
504.86	7485.3	
505.06	7259.4	
505.26	8591.9	
505.46	9693.7	
505.65	7045	
505.85	7195.2	
506.05	8396	
506.25	8813.8	
506.44	6584.2	
506.64	7258	
506.84	8312	
507.04	8785.1	
507.23	6810.2	
507.43	7123.5	
507.63	9711.5	
507.83	8389.8	
508.02	7089.4	
508.22	6717.3	
508.42	9772.2	
508.62	8187.1	
508.81	6916	
509.01	7307.2	
509.21	8088.1	
509.4	8319.5	
509.6	7024.5	
509.8	6651.1	
510	8289.5	
510.19	9245.2	
510.39	6586.3	
510.59	6720.8	
510.79	8125	
510.98	9108.7	
511.18	6778.8	
511.38	6707.1	
511.57	8755.7	
511.77	8596	
511.97	7237.5	
512.17	6511.9	
512.36	8641.1	
512.56	8548.9	
512.76	6566.5	
512.95	6377.4	
513.15	8878.6	
513.35	7714.7	
513.55	7216.4	
513.74	6591	
513.94	8777.6	
514.14	8208.9	
514.33	7249.1	
514.53	7118.7	
514.73	8331.1	
514.92	8311.3	
515.12	6650.4	
515.32	6502.3	
515.51	8433.5	
515.71	8749.6	
515.91	7854	
516.11	6565.1	
516.3	9637.1	
516.5	8150.2	
516.7	7022.5	
516.89	7355.6	
517.09	8221.9	
517.29	8111.3	
517.48	7234.8	
517.68	6635.4	
517.88	8013	
518.07	8482	
518.27	7098.9	
518.47	6334.4	
518.66	8844.5	
518.86	7969.3	
519.06	6281.1	
519.25	6508.4	
519.45	8127	
519.65	9153.7	
519.84	7138.5	
520.04	7600.7	
520.24	9436.4	
520.43	8584.4	
520.63	6802.7	
520.83	6656.6	
521.02	7885.4	
521.22	8365.3	
521.42	6899.6	
521.61	7256.6	
521.81	8069.7	
522.01	8294.3	
522.2	6880.5	
522.4	6696.2	
522.6	8693.6	
522.79	7666.9	
522.99	6708.5	
523.18	6233.3	
523.38	8436.9	
523.58	8417.8	
523.77	7601.4	
523.97	6292.7	
524.17	9747	
524.36	9189.9	
524.56	7335.1	
524.76	7129	
524.95	8494.3	
525.15	8181	
525.34	7002	
525.54	6824.5	
525.74	8751.7	
525.93	7988.4	
526.13	7724.9	
526.33	6894.1	
526.52	8998.1	
526.72	8505.9	
526.91	7800.7	
527.11	7180.9	
527.31	8991.3	
527.5	9273.9	
527.7	7228.6	
527.89	6617.7	
528.09	8355.7	
528.29	8748.9	
528.48	7649.2	
528.68	7274.4	
528.87	8954.4	
529.07	8974.9	
529.27	7111.9	
529.46	6838.9	
529.66	8708.6	
529.85	8956.4	
530.05	6835.4	
530.25	7274.4	
530.44	9628.2	
530.64	8524.3	
530.83	6920.8	
531.03	7140.6	
531.23	9085.5	
531.42	8742.1	
531.62	7726.3	
531.81	7095.5	
532.01	9138	
532.21	9373.6	
532.4	7071.6	
532.6	7393.2	
532.79	9825.5	
532.99	9111.4	
533.18	7453.9	
533.38	7997.3	
533.58	8897.1	
533.77	9320.3	
533.97	7385	
534.16	7894.9	
534.36	9622	
534.55	8794	
534.75	8021.9	
534.95	7481.2	
535.14	9485.5	
535.34	8802.9	
535.53	7187.7	
535.73	8426	
535.92	9818.6	
536.12	8890.2	
536.31	7205.4	
536.51	8061.5	
536.71	9111.4	
536.9	8839.7	
537.1	7326.3	
537.29	7443	
537.49	9490.3	
537.68	8748.2	
537.88	7608.2	
538.07	6959	
538.27	8917.5	
538.46	9617.9	
538.66	7043.6	
538.86	7377.5	
539.05	8964.6	
539.25	9309.4	
539.44	7524.9	
539.64	7200	
539.83	8803.5	
540.03	9509.4	
540.22	7114.6	
540.42	7122.2	
540.61	8904.6	
540.81	9056.8	
541	7430	
541.2	7926.3	
541.39	8618.5	
541.59	8832.2	
541.78	7692.9	
541.98	7112.6	
542.18	8394.6	
542.37	8373.5	
542.57	7295.5	
542.76	7616.4	
542.96	8356.4	
543.15	8783.7	
543.35	7270.3	
543.54	6791.1	
543.74	8892.3	
543.93	8830.2	
544.13	7252.5	
544.32	7899	
544.52	8923	
544.71	8282.7	
544.91	6531	
545.1	7395.2	
545.3	8441	
545.49	8832.9	
545.69	6584.2	
545.88	6943.3	
546.08	9553.1	
546.27	9054.1	
546.47	7208.2	
546.66	6661.4	
546.86	8906.6	
547.05	9282.8	
547.24	6930.3	
547.44	6862.1	
547.63	8249.2	
547.83	8958.5	
548.02	7119.4	
548.22	7195.9	
548.41	8110	
548.61	8934.6	
548.8	6772.6	
549	6669.6	
549.19	8467	
549.39	8773.5	
549.58	6492.1	
549.78	6894.8	
549.97	8757.1	
550.17	8375.5	
550.36	7470.3	
550.55	8108.6	
550.75	8403.5	
550.94	9052.7	
551.14	6638.1	
551.33	6883.2	
551.53	7847.1	
551.72	8576.2	
551.92	6876.4	
552.11	6775.4	
552.31	8686.8	
552.5	8496.3	
552.69	7924.3	
552.89	6453.1	
553.08	8617.2	
553.28	8429.4	
553.47	6799.9	
553.67	7526.3	
553.86	9026.8	
554.06	7775.5	
554.25	6097.5	
554.44	6590.4	
554.64	9512.1	
554.83	9112.8	
555.03	6510.5	
555.22	6836.1	
555.42	8744.1	
555.61	8419.9	
555.8	6612.2	
556	6808.1	
556.19	7948.2	
556.39	8660.9	
556.58	6675.7	
556.78	6703.7	
556.97	8418.5	
557.16	8091.5	
557.36	7516.7	
557.55	6432.7	
557.75	7729.7	
557.94	8960.5	
558.13	6447.7	
558.33	6310.5	
558.52	8699.8	
558.72	7849.2	
558.91	6365.8	
559.1	6482.5	
559.3	7729	
559.49	7480.5	
559.69	6079.7	
559.88	6705	
560.07	8187.8	
560.27	8565.3	
560.46	6932.4	
560.66	6950.1	
560.85	8173.4	
561.04	7546.8	
561.24	6231.3	
561.43	6455.9	
561.63	7618.4	
561.82	7948.2	
562.01	7215.7	
562.21	6604	
562.4	8146.1	
562.59	8886.8	
562.79	6566.5	
562.98	6270.2	
563.18	8200.7	
563.37	9127.1	
563.56	6855.2	
563.76	6300.2	
563.95	7886	
564.14	7723.6	
564.34	6625.9	
564.53	6283.2	
564.73	8175.5	
564.92	8309.3	
565.11	6637.5	
565.31	6116.6	
565.5	8565.3	
565.69	7727.7	
565.89	6368.5	
566.08	6533.7	
566.27	8371.4	
566.47	8755.1	
566.66	7010.9	
566.85	6055.2	
567.05	8221.9	
567.24	7819.1	
567.44	6285.2	
567.63	7193.8	
567.82	8335.2	
568.02	8073.8	
568.21	6234	
568.4	6501.6	
568.6	8025.3	
568.79	8011	
568.98	6160.3	
569.18	6214.9	
569.37	8031.5	
569.56	9430.2	
569.76	6567.8	
569.95	7108.5	
570.14	8297.7	
570.34	8155	
570.53	6195.1	
570.72	6186.2	
570.91	8542.1	
571.11	8002.8	
571.3	6587	
571.49	7082.6	
571.69	8054.7	
571.88	7664.2	
572.07	6815.6	
572.27	6877.8	
572.46	7675.1	
572.65	8301.8	
572.85	6311.8	
573.04	6553.5	
573.23	8649.9	
573.43	8041	
573.62	6202.6	
573.81	6579.4	
574	8118.1	
574.2	7899.7	
574.39	6451.1	
574.58	6549.4	
574.78	8733.2	
574.97	8204.2	
575.16	6794.5	
575.36	6855.2	
575.55	8516.1	
575.74	8415.1	
575.93	6074.3	
576.13	6907.1	
576.32	7955.7	
576.51	8401.5	
576.71	6532.3	
576.9	7419.1	
577.09	8647.9	
577.28	8196.7	
577.48	6758.3	
577.67	6088.6	
577.86	8011	
578.05	8313.4	
578.25	6596.5	
578.44	6569.2	
578.63	8135.2	
578.83	9016.5	
579.02	6219	
579.21	7282.6	
579.4	8228.7	
579.6	8056	
579.79	6689.3	
579.98	8197.3	
580.17	8479.3	
580.37	8609.7	
580.56	6292.7	
580.75	6894.8	
580.94	8719.6	
581.14	8848.6	
581.33	7153.6	
581.52	6513.9	
581.71	8363.9	
581.91	8929.1	
582.1	6262	
582.29	6619	
582.48	8140	
582.68	8153.6	
582.87	6849.8	
583.06	6710.5	
583.25	8513.4	
583.45	7914	
583.64	7157.7	
583.83	7641.7	
584.02	8164.6	
584.21	8404.2	
584.41	7073.7	
584.6	6700.3	
584.79	8224	
584.98	8690.9	
585.18	6363	
585.37	6237.4	
585.56	7873.8	
585.75	8386.4	
585.94	6426.5	
586.14	6877.8	
586.33	8859.5	
586.52	8074.5	
586.71	6741.9	
586.91	6511.2	
587.1	7641.7	
587.29	8402.1	
587.48	6430.6	
587.67	6290.7	
587.87	8256	
588.06	8248.5	
588.25	7230	
588.44	6845	
588.63	7947.5	
588.83	8394.6	
589.02	6406.7	
589.21	6266.8	
589.4	7907.2	
589.59	7752.9	
589.78	5761.6	
589.98	5888.6	
590.17	7393.8	
590.36	7639.6	
590.55	5403.2	
590.74	6014.2	
590.94	8630.1	
591.13	7621.9	
591.32	5813.5	
591.51	5432.6	
591.7	7831.4	
591.89	7580.9	
592.09	5643.5	
592.28	5926.1	
592.47	7016.3	
592.66	8355	
592.85	5577.3	
593.05	5721.3	
593.24	7478.5	
593.43	8077.2	
593.62	5824.4	
593.81	6102.3	
594	7561.1	
594.19	7670.3	
594.39	5732.3	
594.58	5720.7	
594.77	7813	
594.96	8183	
595.15	5657.2	
595.34	6045.6	
595.54	7654.6	
595.73	7083.9	
595.92	5318.6	
596.11	6045.6	
596.3	8090.8	
596.49	7212.3	
596.68	5898.8	
596.88	6120.7	
597.07	7869.7	
597.26	7025.9	
597.45	5686.5	
597.64	6406.7	
597.83	7317.4	
598.02	7626	
598.22	5634.6	
598.41	6021	
598.6	7574.1	
598.79	7110.5	
598.98	5642.2	
599.17	6309.8	
599.36	7567.9	
599.55	8321.6	
599.74	6985.6	
599.94	6920.8	
600.13	7931.8	
600.32	7105.8	
600.51	5495.4	
600.7	5517.9	
600.89	8344.1	
601.08	8432.9	
601.27	5401.9	
601.47	5958.9	
601.66	7844.4	
601.85	8277.2	
602.04	5919.3	
602.23	5993.7	
602.42	7212.3	
602.61	7656.7	
602.8	5873.6	
602.99	5584.1	
603.18	7412.3	
603.37	7537.2	
603.57	6069.5	
603.76	6496.2	
603.95	8132.5	
604.14	7685.3	
604.33	5699.5	
604.52	5958.9	
604.71	7550.9	
604.9	7206.1	
605.09	6371.9	
605.28	6176	
605.47	7966.6	
605.66	7690.8	
605.86	6126.2	
606.05	5651.7	
606.24	7957	
606.43	6895.5	
606.62	6002.6	
606.81	6410.1	
607	7894.2	
607.19	7316.7	
607.38	5481	
607.57	5651	
607.76	7122.8	
607.95	6778.1	
608.14	6019	
608.33	6389	
608.52	7167.2	
608.72	7854.6	
608.91	5427.1	
609.1	5259.9	
609.29	7300.3	
609.48	6859.3	
609.67	6025.1	
609.86	5455.8	
610.05	6978.8	
610.24	7200.7	
610.43	5294.7	
610.62	5019.6	
610.81	8008.9	
611	7836.9	
611.19	5392.3	
611.38	5838.8	
611.57	7441.6	
611.76	8232.2	
611.95	5192.3	
612.14	5162.9	
612.33	7273	
612.52	6916.7	
612.71	5591.6	
612.9	5109.7	
613.09	6656.6	
613.28	8389.8	
613.47	5544.5	
613.66	6114.6	
613.85	7438.2	
614.04	6970.6	
614.24	5496.1	
614.43	4881.7	
614.62	7416.4	
614.81	7344	
615	5864.7	
615.19	5899.5	
615.38	6884.6	
615.57	7256.6	
615.76	5800.5	
615.95	6450.4	
616.14	7528.3	
616.33	7250.5	
616.52	5998.5	
616.71	6137.8	
616.9	7433.4	
617.09	7228	
617.28	5555.5	
617.47	6383.5	
617.66	6861.4	
617.85	6768.5	
618.04	6180.1	
618.22	5743.9	
618.41	7044.3	
618.6	7732.4	
618.79	5744.6	
618.98	5526.8	
619.17	7876.5	
619.36	6642.9	
619.55	5626.5	
619.74	5676.3	
619.93	7387	
620.12	6926.2	
620.31	6083.8	
620.5	6181.5	
620.69	7841	
620.88	8181.6	
621.07	6651.1	
621.26	5940.5	
621.45	7557	
621.64	7464.8	
621.83	6114.6	
622.02	5437.4	
622.21	7596.6	
622.4	7405.5	
622.59	6471.6	
622.78	6305	
622.97	7074.4	
623.16	7712.7	
623.35	6072.2	
623.54	5378.6	
623.72	7202	
623.91	7272.3	
624.1	6197.8	
624.29	5274.9	
624.48	8115.4	
624.67	7609.6	
624.86	6094.8	
625.05	5430.5	
625.24	8246.5	
625.43	7149.5	
625.62	7220.5	
625.81	5613.5	
626	7722.2	
626.19	7221.1	
626.38	6176	
626.56	5749.3	
626.75	7060	
626.94	7574.1	
627.13	6102.9	
627.32	5224.4	
627.51	7599.3	
627.7	8331.1	
627.89	5361.6	
628.08	6123.4	
628.27	7000	
628.46	7219.8	
628.65	5515.9	
628.83	5284.4	
629.02	7538.6	
629.21	6998.6	
629.4	5810.8	
629.59	5954.8	
629.78	6976.7	
629.97	7709.9	
630.16	5990.3	
630.35	5674.9	
630.54	8121.6	
630.72	7797.3	
630.91	5629.2	
631.1	5965.7	
631.29	7531.1	
631.48	7425.9	
631.67	6170.5	
631.86	5706.3	
632.05	7151.5	
632.24	7240.3	
632.42	5432.6	
632.61	5945.3	
632.8	7282.6	
632.99	7011.6	
633.18	5943.9	
633.37	6143.2	
633.56	7479.9	
633.75	7373.4	
633.93	5887.2	
634.12	5720	
634.31	8011.7	
634.5	7619.8	
634.69	5640.8	
634.88	6040.1	
635.07	7255.3	
635.25	7714.7	
635.44	6380.1	
635.63	6495.5	
635.82	7204.8	
636.01	6636.1	
636.2	6229.9	
636.39	5951.4	
636.57	7991.2	
636.76	7639.6	
636.95	5664	
637.14	6526.2	
637.33	7449.8	
637.52	8049.9	
637.7	5438.7	
637.89	6199.2	
638.08	7212.3	
638.27	8168	
638.46	6191.7	
638.65	6435.4	
638.83	8219.2	
639.02	7095.5	
639.21	6072.9	
639.4	6354.8	
639.59	7368.6	
639.78	7096.9	
639.96	5554.1	
640.15	5540.4	
640.34	7331	
640.53	7380.2	
640.72	5378.6	
640.91	5531.6	
641.09	6909.2	
641.28	7821.2	
641.47	5567.7	
641.66	6210.8	
641.85	7305.1	
642.03	7423.9	
642.22	5952.1	
642.41	5651	
642.6	6925.5	
642.79	6500.9	
642.97	5483.8	
643.16	5951.4	
643.35	6832.7	
643.54	6783.6	
643.73	5386.2	
643.91	5904.3	
644.1	6658.6	
644.29	7172	
644.48	5470.8	
644.67	5471.5	
644.85	6730.3	
645.04	7055.3	
645.23	5203.2	
645.42	5380	
645.6	6686.6	
645.79	7497.6	
645.98	5300.8	
646.17	4632.5	
646.36	6435.4	
646.54	6816.3	
646.73	5819	
646.92	4988.2	
647.11	6632	
647.29	7232.7	
647.48	5059.2	
647.67	4892.6	
647.86	7460.8	
648.05	7397.3	
648.23	5274.9	
648.42	6115.9	
648.61	7030	
648.8	6858	
648.98	5025	
649.17	5255.8	
649.36	6500.9	
649.55	6257.9	
649.73	5087.2	
649.92	5561.6	
650.11	6433.4	
650.3	6714.6	
650.48	5133.6	
650.67	4957.4	
650.86	6903	
651.05	6094.8	
651.23	5139.7	
651.42	5094.7	
651.61	6509.1	
651.79	6547.4	
651.98	5283.8	
652.17	4967	
652.36	6872.3	
652.54	6114.6	
652.73	4992.3	
652.92	4863.9	
653.11	6862.1	
653.29	6899.6	
653.48	4539.7	
653.67	5160.9	
653.85	6649.8	
654.04	7430	
654.23	5333.6	
654.42	5019.6	
654.6	6305.7	
654.79	6779.5	
654.98	4573.1	
655.16	5068.7	
655.35	6034	
655.54	5883.8	
655.73	4691.2	
655.91	4554	
656.1	6678.4	
656.29	5860.6	
656.47	4339.6	
656.66	5563	
656.85	6229.9	
657.03	6154.8	
657.22	4758.8	
657.41	4786.8	
657.59	6231.3	
657.78	6033.3	
657.97	4494.6	
658.16	4991.6	
658.34	6731.7	
658.53	6926.9	
658.72	5664	
658.9	6003.3	
659.09	6376.7	
659.28	6387.6	
659.46	4797	
659.65	4799.8	
659.84	6163	
660.02	6570.6	
660.21	4916.5	
660.4	4723.3	
660.58	6817.7	
660.77	6352.1	
660.96	5177.3	
661.14	4496.7	
661.33	7221.1	
661.52	7181.5	
661.7	4379.9	
661.89	6911.9	
662.08	6103.6	
662.26	5726.1	
662.45	4697.4	
662.64	4696.7	
662.82	6580.8	
663.01	5963	
663.2	4698.7	
663.38	5208.7	
663.57	6494.8	
663.75	6451.8	
663.94	4942.4	
664.13	5784.1	
664.31	6087.2	
664.5	6542.6	
664.69	5218.9	
664.87	5476.3	
665.06	5885.9	
665.25	6451.1	
665.43	5654.4	
665.62	5665.4	
665.8	6648.4	
665.99	6182.1	
666.18	4952.7	
666.36	4953.4	
666.55	6653.2	
666.74	6517.3	
666.92	4681	
667.11	5819	
667.29	6257.9	
667.48	6591	
667.67	5529.5	
667.85	4823	
668.04	6131.6	
668.22	6186.9	
668.41	5025	
668.6	5160.2	
668.78	6006.7	
668.97	6211.5	
669.15	5231.2	
669.34	4453.6	
669.53	6062	
669.71	6263.4	
669.9	4658.4	
670.08	5043.5	
670.27	6032.6	
670.46	6437.4	
670.64	5230.5	
670.83	5390.9	
671.01	5880.4	
671.2	6334.4	
671.38	4652.3	
671.57	4566.3	
671.76	6869.6	
671.94	7156.3	
672.13	4549.2	
672.31	5289.9	
672.5	6576.7	
672.69	6030.6	
672.87	4668.7	
673.06	4956.8	
673.24	6503.7	
673.43	6085.9	
673.61	5160.9	
673.8	4812	
673.98	6481.1	
674.17	6617.7	
674.36	5273.5	
674.54	5253	
674.73	6311.8	
674.91	6574.7	
675.1	4937.7	
675.28	4645.5	
675.47	6210.8	
675.65	6549.4	
675.84	4858.5	
676.03	5103.5	
676.21	6044.2	
676.4	5672.9	
676.58	5410.7	
676.77	5304.9	
676.95	7104.4	
677.14	6025.8	
677.32	4561.5	
677.51	4528.7	
677.69	6560.3	
677.88	5836	
678.06	4560.8	
678.25	4676.2	
678.44	6150.7	
678.62	6049.7	
678.81	4432.5	
678.99	5111.7	
679.18	6787	
679.36	6422.4	
679.55	4852.3	
679.73	5236	
679.92	6455.9	
680.1	6021	
680.29	5707	
680.47	4841.4	
680.66	6040.1	
680.84	6610.8	
681.03	4363.5	
681.21	5173.9	
681.4	6008.1	
681.58	5979.4	
681.77	4717.2	
681.95	4618.2	
682.14	6716	
682.32	6869.6	
682.51	5339.1	
682.69	4438.6	
682.88	5947.3	
683.06	6338.5	
683.25	4997.7	
683.43	5317.9	
683.62	6231.3	
683.8	6452.5	
683.99	5485.1	
684.17	5006.6	
684.36	7045	
684.54	6113.2	
684.73	4366.3	
684.91	4553.3	
685.1	6260	
685.28	5847	
685.46	4896	
685.65	4895.3	
685.83	6376.7	
686.02	5994.4	
686.2	4581.3	
686.39	4599.7	
686.57	5756.8	
686.76	6868.9	
686.94	4576.5	
687.13	4685.8	
687.31	6258.6	
687.5	6037.4	
687.68	4254.3	
687.86	5044.8	
688.05	7263.5	
688.23	5617.6	
688.42	5129.5	
688.6	4560.8	
688.79	6033.3	
688.97	5862.7	
689.16	4855.7	
689.34	4111.6	
689.52	6417	
689.71	6685.9	
689.89	5144.5	
690.08	4594.3	
690.26	6187.6	
690.45	6004.6	
690.63	5190.9	
690.81	4721.3	
691	6020.3	
691.18	5870.8	
691.37	4795.7	
691.55	6307.7	
691.74	5847	
691.92	7359	
692.1	4732.2	
692.29	4472.1	
692.47	5939.8	
692.66	5563	
692.84	4537.6	
693.02	4910.3	
693.21	5545.9	
693.39	6047.7	
693.58	5051	
693.76	4588.1	
693.94	6817	
694.13	6587.6	
694.31	4594.3	
694.5	5341.8	
694.68	5854.5	
694.86	6174.6	
695.05	4859.8	
695.23	4992.3	
695.42	6460.7	
695.6	7962.5	
695.78	5287.2	
695.97	4680.3	
696.15	6448.4	
696.34	5962.3	
696.52	4562.9	
696.7	5075.5	
696.89	6279.8	
697.07	5748	
697.25	5045.5	
697.44	6055.2	
697.62	6252.4	
697.81	6419.7	
697.99	4833.9	
698.17	5101.5	
698.36	5864.7	
698.54	6204	
698.72	5008.6	
698.91	4312.3	
699.09	5969.8	
699.28	5914.5	
699.46	4850.3	
699.64	4702.8	
699.83	5797.1	
700.01	6622.4	
700.19	5261.9	
700.38	4106.9	
700.56	6550.8	
700.74	5855.8	
700.93	4394.9	
701.11	5014.8	
701.29	6270.9	
701.48	7038.9	
701.66	4533.5	
701.84	4647.5	
702.03	5993	
702.21	6469.5	
702.39	4309.6	
702.58	4817.5	
702.76	6341.2	
702.94	6318	
703.13	4343.7	
703.31	6002.6	
703.49	5866.7	
703.68	6884.6	
703.86	4427.7	
704.04	5208.7	
704.23	6227.2	
704.41	6437.4	
704.59	4591.5	
704.78	5419.6	
704.96	7335.8	
705.14	6393.1	
705.33	4420.2	
705.51	5031.9	
705.69	5976	
705.87	6596.5	
706.06	5113.1	
706.24	4346.5	
706.42	6188.3	
706.61	6324.1	
706.79	5228.5	
706.97	4351.9	
707.16	5913.2	
707.34	6266.8	
707.52	5170.4	
707.7	4524.6	
707.89	5855.1	
708.07	5729.5	
708.25	5150.6	
708.44	5212.8	
708.62	5788.2	
708.8	6665.5	
708.98	5343.8	
709.17	4560.8	
709.35	6202.6	
709.53	6137.1	
709.72	4425.7	
709.9	4558.8	
710.08	6382.8	
710.26	6455.2	
710.45	5590.3	
710.63	4528.1	
710.81	6081.8	
710.99	6093.4	
711.18	5100.1	
711.36	4752.7	
711.54	6010.1	
711.72	6533.7	
711.91	4809.3	
712.09	4377.2	
712.27	6105.7	
712.45	6479.8	
712.64	4937.7	
712.82	4186.7	
713	5707.7	
713.18	5758.2	
713.37	4310.3	
713.55	5147.9	
713.73	6408.1	
713.91	5515.2	
714.1	4501.4	
714.28	4169	
714.46	6159.6	
714.64	5568.4	
714.83	3799.7	
715.01	4313.7	
715.19	5666.7	
715.37	5104.9	
715.55	4048.8	
715.74	4300.1	
715.92	6181.5	
716.1	4745.8	
716.28	5081	
716.47	4389.5	
716.65	5408	
716.83	5449	
717.01	4254.3	
717.19	4260.5	
717.38	6819.1	
717.56	5152	
717.74	4428.4	
717.92	3882.3	
718.1	6031.3	
718.29	5451	
718.47	3623.5	
718.65	4042.7	
718.83	6006.7	
719.01	5839.4	
719.2	3485.6	
719.38	4317.1	
719.56	5662	
719.74	6782.2	
719.92	4104.1	
720.11	4799.1	
720.29	5782.1	
720.47	5150.6	
720.65	3742.3	
720.83	4351.9	
721.02	5371.8	
721.2	5311.1	
721.38	4317.1	
721.56	3807.9	
721.74	4850.3	
721.92	4926	
722.11	4643.4	
722.29	4541	
722.47	5866.1	
722.65	5265.3	
722.83	3809.2	
723.01	4481.6	
723.2	5302.2	
723.38	5556.8	
723.56	3422.8	
723.74	4244.8	
723.92	4969.1	
724.1	5753.4	
724.29	3848.1	
724.47	4627	
724.65	5104.9	
724.83	4898.1	
725.01	3697.3	
725.19	4303.5	
725.37	5005.2	
725.56	4990.9	
725.74	3609.2	
725.92	3835.2	
726.1	4971.8	
726.28	5173.2	
726.46	4068.6	
726.64	3858.4	
726.83	5282.4	
727.01	5325.4	
727.19	3616.7	
727.37	4134.8	
727.55	5338.4	
727.73	5636	
727.91	3525.9	
728.09	3517.7	
728.28	5711.8	
728.46	5834.7	
728.64	4182	
728.82	4204.5	
729	6404	
729.18	5866.1	
729.36	3611.3	
729.54	5270.8	
729.72	6539.8	
729.91	5382.7	
730.09	5028.4	
730.27	4162.2	
730.45	5311.1	
730.63	5778	
730.81	4528.7	
730.99	3862.5	
731.17	6227.9	
731.35	5102.9	
731.53	4244.1	
731.71	3982.6	
731.9	5952.8	
732.08	6027.9	
732.26	4186.7	
732.44	3958.7	
732.62	6084.5	
732.8	5661.3	
732.98	4410	
733.16	3760.8	
733.34	5739.1	
733.52	4744.5	
733.7	4194.9	
733.88	4330.8	
734.07	5653.1	
734.25	5500.2	
734.43	3749.1	
734.61	4790.2	
734.79	6530.3	
734.97	5335	
735.15	3788.1	
735.33	4125.3	
735.51	5632.6	
735.69	5357.5	
735.87	4892.6	
736.05	4228.4	
736.23	5510.4	
736.41	5281.7	
736.59	4174.4	
736.77	4207.9	
736.95	5855.8	
737.13	5394.3	
737.32	3867.2	
737.5	3988.8	
737.68	6218.3	
737.86	5299.5	
738.04	3769.6	
738.22	5001.8	
738.4	5207.3	
738.58	5444.9	
738.76	4212.7	
738.94	3413.3	
739.12	5319.3	
739.3	5169.1	
739.48	4500.8	
739.66	4361.5	
739.84	5455.8	
740.02	5403.2	
740.2	3579.2	
740.38	3749.8	
740.56	5724.8	
740.74	4831.8	
740.92	4255.7	
741.1	4104.1	
741.28	5366.4	
741.46	5143.8	
741.64	3969.6	
741.82	4285	
742	5401.9	
742.18	5254.4	
742.36	4090.5	
742.54	3814	
742.72	5745.2	
742.9	4853.7	
743.08	4371	
743.26	3437.9	
743.44	5826.5	
743.62	5697.4	
743.8	4442.7	
743.98	3784.6	
744.16	5513.1	
744.34	5325.4	
744.52	4364.9	
744.7	4261.8	
744.88	5704.3	
745.06	5345.2	
745.24	4367	
745.42	4464.6	
745.6	5766.4	
745.78	5567.7	
745.96	3588	
746.14	3730.7	
746.32	6264.1	
746.5	5622.4	
746.68	4105.5	
746.86	3785.3	
747.03	5940.5	
747.21	4805.2	
747.39	4167.6	
747.57	3758	
747.75	5362.3	
747.93	5614.2	
748.11	3758	
748.29	3704.1	
748.47	6615.6	
748.65	5206.6	
748.83	4275.5	
749.01	4087.7	
749.19	5576.6	
749.37	4922.6	
749.55	4016.1	
749.73	4055	
749.91	5449	
750.09	5163.6	
750.26	4062.5	
750.44	3630.4	
750.62	5328.1	
750.8	5301.5	
750.98	3585.3	
751.16	3773	
751.34	5499.5	
751.52	4915.1	
751.7	4365.6	
751.88	3534.1	
752.06	5729.5	
752.24	5459.9	
752.42	3540.9	
752.59	3790.1	
752.77	5317.9	
752.95	6178.7	
753.13	4325.3	
753.31	3837.2	
753.49	5031.9	
753.67	5351.3	
753.85	4045.4	
754.03	3719.1	
754.21	5593	
754.38	5846.3	
754.56	3803.1	
754.74	3195.5	
754.92	5020.9	
755.1	5526.1	
755.28	3216.7	
755.46	3250.1	
755.64	6132.3	
755.82	6137.1	
755.99	3448.1	
756.17	3447.4	
756.35	4315.8	
756.53	5383.4	
756.71	2680.8	
756.89	3336.1	
757.07	5104.2	
757.25	4500.1	
757.42	3695.9	
757.6	4305.5	
757.78	5143.8	
757.96	4487.1	
758.14	3489.7	
758.32	3138.9	
758.5	4128	
758.67	4792.2	
758.85	3366.9	
759.03	3431	
759.21	4904.2	
759.39	4447.5	
759.57	3102.7	
759.75	3917.1	
759.92	5372.5	
760.1	4966.3	
760.28	4151.9	
760.46	4328.7	
760.64	4723.3	
760.82	4534.9	
760.99	3999	
761.17	3413.3	
761.35	5310.4	
761.53	4517.1	
761.71	3587.4	
761.89	3981.3	
762.06	5132.2	
762.24	4811.4	
762.42	3609.2	
762.6	3435.1	
762.78	4818.2	
762.96	5264	
763.13	3889.1	
763.31	3607.8	
763.49	5307.7	
763.67	4728.1	
763.85	4221.5	
764.02	4560.8	
764.2	5633.3	
764.38	4937	
764.56	3551.2	
764.74	4164.9	
764.91	5639.4	
765.09	4797.7	
765.27	3349.8	
765.45	3210.5	
765.63	5659.9	
765.8	5570.5	
765.98	3028.3	
766.16	3266.5	
766.34	4575.8	
766.52	4373.8	
766.69	3936.2	
766.87	3119.7	
767.05	4894.6	
767.23	5368.4	
767.41	3374.4	
767.58	3536.8	
767.76	5307	
767.94	5305.6	
768.12	3446	
768.29	3915.7	
768.47	4881	
768.65	5347.9	
768.83	3166.2	
769	3914.4	
769.18	4561.5	
769.36	5033.9	
769.54	3892.5	
769.72	3119.1	
769.89	5293.3	
770.07	5331.5	
770.25	3480.9	
770.43	4358.8	
770.6	5850.4	
770.78	6116.6	
770.96	3563.5	
771.14	3911.6	
771.31	5248.3	
771.49	4729.4	
771.67	2985.9	
771.85	3155.2	
772.02	4248.2	
772.2	4781.3	
772.38	3686.3	
772.55	3301.3	
772.73	5047.6	
772.91	4843.4	
773.09	3599	
773.26	3592.8	
773.44	4953.4	
773.62	4734.9	
773.8	3304.1	
773.97	3043.3	
774.15	4977.2	
774.33	4731.5	
774.5	3132.7	
774.68	3413.3	
774.86	5118.6	
775.04	4713.1	
775.21	3216	
775.39	3164.1	
775.57	4938.3	
775.74	5154.1	
775.92	3093.8	
776.1	3024.2	
776.27	4917.2	
776.45	5782.1	
776.63	3165.5	
776.81	2912.9	
776.98	4653	
777.16	5408.7	
777.34	3241.9	
777.51	3505.4	
777.69	4713.7	
777.87	4483	
778.04	3388.7	
778.22	3708.9	
778.4	4535.6	
778.57	4997	
778.75	2855.6	
778.93	3018.7	
779.1	4412.7	
779.28	4278.2	
779.46	2828.9	
779.64	3178.4	
779.81	5128.8	
779.99	5662.6	
780.17	3736.9	
780.34	3819.5	
780.52	4737.6	
780.69	4839.4	
780.87	3469.9	
781.05	3062.4	
781.22	4798.4	
781.4	4813.4	
781.58	3165.5	
781.75	2643.9	
781.93	4788.8	
782.11	4306.2	
782.28	3850.9	
782.46	3184.6	
782.64	4276.2	
782.81	4862.6	
782.99	3281.5	
783.17	3233.7	
783.34	4786.8	
783.52	4350.6	
783.69	3357.3	
783.87	3964.9	
784.05	4415.4	
784.22	4311.7	
784.4	3939.6	
784.58	3448.8	
784.75	5068	
784.93	4428.4	
785.1	3166.8	
785.28	3646.7	
785.46	4846.9	
785.63	4278.9	
785.81	3238.5	
785.99	3091.8	
786.16	4481	
786.34	4771.8	
786.51	3162.1	
786.69	3405.1	
786.87	4128.7	
787.04	4570.4	
787.22	3062.4	
787.39	3699.3	
787.57	4367	
787.75	5105.6	
787.92	3841.3	
788.1	3760.1	
788.27	4326.7	
788.45	4085.7	
788.63	3548.4	
788.8	2636.4	
788.98	4801.8	
789.15	4052.9	
789.33	2785.2	
789.5	3190.7	
789.68	5009.3	
789.86	5113.1	
790.03	3558	
790.21	3103.4	
790.38	5018.9	
790.56	4513.7	
790.73	3001.6	
790.91	3068.5	
791.09	4399	
791.26	4903.5	
791.44	3226.2	
791.61	2812.5	
791.79	4379.2	
791.96	4296	
792.14	2870.6	
792.32	2592	
792.49	4393.6	
792.67	4436.6	
792.84	3018	
793.02	2806.4	
793.19	4755.4	
793.37	5135.6	
793.54	2639.1	
793.72	2825.5	
793.89	5228.5	
794.07	4317.8	
794.25	3230.3	
794.42	2654.2	
794.6	5094	
794.77	4797.7	
794.95	3551.2	
795.12	3069.9	
795.3	4392.9	
795.47	4769.7	
795.65	3358	
795.82	3226.9	
796	4250.2	
796.17	5541.1	
796.35	3140.9	
796.52	3637.9	
796.7	4757.4	
796.87	4794.3	
797.05	3106.1	
797.22	3728.7	
797.4	4841.4	
797.57	5483.1	
797.75	3257.6	
797.92	3054.2	
798.1	5065.3	
798.27	4270.7	
798.45	2666.5	
798.62	2842.6	
798.8	4642.7	
798.97	4975.2	
799.15	3403	
799.32	3245.3	
799.5	4067.9	
799.67	4586.1	
799.85	3509.5	
800.02	2635.7	
800.2	4372.4	
800.37	4534.9	
800.55	3615.3	
800.72	3145	
800.9	4894	
801.07	5168.4	
801.25	4019.5	
801.42	3323.9	
801.6	4947.2	
801.77	4603.8	
801.95	3155.9	
802.12	2987.3	
802.29	4698	
802.47	4687.8	
802.64	3379.8	
802.82	2621.4	
802.99	4316.4	
803.17	4969.7	
803.34	3272.7	
803.52	2930.6	
803.69	5513.8	
803.87	4162.8	
804.04	3250.8	
804.21	3230.3	
804.39	5197.7	
804.56	4498.7	
804.74	2838.5	
804.91	3325.2	
805.09	4367	
805.26	4442	
805.44	2876	
805.61	3084.2	
805.78	4894	
805.96	4803.9	
806.13	3338.2	
806.31	3553.9	
806.48	4057	
806.66	4437.9	
806.83	3333.4	
807	3265.8	
807.18	4384.7	
807.35	4578.6	
807.53	3257	
807.7	2721.8	
807.87	5217.5	
808.05	4334.9	
808.22	3554.6	
808.4	2687.6	
808.57	4298	
808.74	4057	
808.92	3013.9	
809.09	3704.1	
809.27	4379.2	
809.44	4762.9	
809.61	2745.6	
809.79	2947	
809.96	5283.8	
810.14	4846.2	
810.31	2646	
810.48	3151.8	
810.66	4420.2	
810.83	4925.4	
811.01	3017.3	
811.18	3347.1	
811.35	4899.4	
811.53	3924.6	
811.7	3570.3	
811.87	3356.6	
812.05	4431.8	
812.22	4386.1	
812.39	2953.2	
812.57	2828.9	
812.74	4419.5	
812.92	5596.4	
813.09	3177.1	
813.26	3360	
813.44	5425.1	
813.61	4315.8	
813.78	2662.4	
813.96	3435.8	
814.13	4369	
814.3	4162.8	
814.48	3731.4	
814.65	3121.1	
814.82	5208.7	
815	4166.9	
815.17	3240.6	
815.34	3858.4	
815.52	4292.5	
815.69	4244.8	
815.87	3150.5	
816.04	3161.4	
816.21	4390.2	
816.38	3977.8	
816.56	3137.5	
816.73	2964.8	
816.9	5435.3	
817.08	4902.8	
817.25	2975	
817.42	3585.3	
817.6	4044.7	
817.77	4311	
817.94	3265.1	
818.12	2925.9	
818.29	4147.1	
818.46	6024.4	
818.64	3095.2	
818.81	2837.8	
818.98	4237.2	
819.16	5656.5	
819.33	3429.7	
819.5	3237.2	
819.67	4651.6	
819.85	5102.2	
820.02	3174.4	
820.19	3348.4	
820.37	4541	
820.54	4272.7	
820.71	3287	
820.88	3947.1	
821.06	4501.4	
821.23	4225	
821.4	3298.6	
821.58	3263.8	
821.75	4912.4	
821.92	4498	
822.09	2707.4	
822.27	2866.5	
822.44	4419.5	
822.61	4313	
822.79	2739.5	
822.96	4923.3	
823.13	4622.3	
823.3	4087.1	
823.48	3076	
823.65	2792.1	
823.82	4956.1	
823.99	4072	
824.17	3876.1	
824.34	2866.5	
824.51	5542.5	
824.68	4457.1	
824.86	2987.3	
825.03	3302	
825.2	4362.2	
825.37	5142.4	
825.55	2967.5	
825.72	3194.8	
825.89	5513.1	
826.06	5186.8	
826.24	3149.1	
826.41	3157.3	
826.58	5188.9	
826.75	4605.9	
826.92	2577	
827.1	2830.3	
827.27	6769.9	
827.44	5496.1	
827.61	2946.3	
827.79	3560.1	
827.96	4259.1	
828.13	4355.3	
828.3	3167.5	
828.47	2654.9	
828.65	4649.6	
828.82	4573.8	
828.99	3842.7	
829.16	3422.2	
829.34	4906.3	
829.51	4743.1	
829.68	3231.7	
829.85	3261	
830.02	5173.9	
830.2	4859.1	
830.37	2605.7	
830.54	3800.3	
830.71	5454.4	
830.88	4438.6	
831.05	2563.4	
831.23	2920.4	
831.4	5390.9	
831.57	5651.7	
831.74	3064.4	
831.91	2682.2	
832.09	4717.2	
832.26	4901.5	
832.43	3069.9	
832.6	3414	
832.77	4629.1	
832.94	5110.4	
833.12	2501.9	
833.29	3039.9	
833.46	4347.2	
833.63	5939.1	
833.8	3315	
833.97	3106.1	
834.15	4925.4	
834.32	4756.1	
834.49	3235.8	
834.66	3210.5	
834.83	5031.9	
835	4286.4	
835.17	3018	
835.35	3004.4	
835.52	4884.4	
835.69	4780.6	
835.86	3168.9	
836.03	2611.8	
836.2	4908.3	
836.37	4622.9	
836.55	3031.7	
836.72	2887	
836.89	4582	
837.06	4951.3	
837.23	3170.3	
837.4	3343	
837.57	5522	
837.75	5898.2	
837.92	2850.1	
838.09	3014.6	
838.26	4544.4	
838.43	5070.8	
838.6	3227.6	
838.77	2926.5	
838.94	5629.9	
839.11	5468.8	
839.29	3134.1	
839.46	2464.4	
839.63	4920.6	
839.8	4659.1	
839.97	2973	
840.14	2923.8	
840.31	4769.7	
840.48	4912.4	
840.65	2553.8	
840.82	2951.8	
841	4904.9	
841.17	4755.4	
841.34	2795.5	
841.51	2846.7	
841.68	4811.4	
841.85	4627	
842.02	2872.6	
842.19	2443.2	
842.36	4726.7	
842.53	4681	
842.7	2643.2	
842.87	3311.6	
843.05	5895.4	
843.22	4582.7	
843.39	2675.3	
843.56	2850.1	
843.73	4549.2	
843.9	4964.3	
844.07	4237.9	
844.24	3585.3	
844.41	6577.4	
844.58	4321.2	
844.75	2676	
844.92	2887	
845.09	4859.8	
845.26	4823	
845.43	2800.9	
845.6	2947	
845.77	4894	
845.94	4638.6	
846.12	3076.7	
846.29	3182.5	
846.46	5071.5	
846.63	4853.7	
846.8	2785.2	
846.97	3239.2	
847.14	5229.8	
847.31	4788.8	
847.48	3116.3	
847.65	3321.8	
847.82	5028.4	
847.99	4968.4	
848.16	3603.1	
848.33	3336.8	
848.5	4535.6	
848.67	5218.2	
848.84	2737.5	
849.01	2814.6	
849.18	4477.5	
849.35	4261.1	
849.52	3367.5	
849.69	2691	
849.86	5031.2	
850.03	5125.4	
850.2	2764.1	
850.37	3243.3	
850.54	5066	
850.71	4576.5	
850.88	3258.3	
851.05	2747.7	
851.22	4761.5	
851.39	5215.5	
851.56	2560	
851.73	3117	
851.9	4332.8	
852.07	4964.3	
852.24	3032.4	
852.41	2686.9	
852.58	4835.3	
852.75	4375.1	
852.92	3127.9	
853.09	2710.1	
853.26	4486.4	
853.43	5135.6	
853.6	2764.1	
853.77	2388.6	
853.94	5221	
854.11	4386.1	
854.28	3958	
854.44	2964.1	
854.61	5552.7	
854.78	5063.3	
854.95	2816	
855.12	3362.1	
855.29	4056.3	
855.46	5466	
855.63	2762	
855.8	3672	
855.97	4526	
856.14	5071.5	
856.31	3768.9	
856.48	2949.1	
856.65	4545.8	
856.82	4309.6	
856.99	2646	
857.16	2927.9	
857.33	5735.7	
857.49	4572.4	
857.66	2972.3	
857.83	3131.3	
858	4666.6	
858.17	4758.1	
858.34	2594.1	
858.51	2744.3	
858.68	5283.1	
858.85	5279.7	
859.02	3156.6	
859.19	3293.1	
859.36	4360.1	
859.52	4283	
859.69	2743.6	
859.86	3196.9	
860.03	4397	
860.2	5279.7	
860.37	2577.7	
860.54	2765.4	
860.71	5046.9	
860.88	5267.4	
861.05	3050.8	
861.21	3416.7	
861.38	5251	
861.55	4188.8	
861.72	2587.3	
861.89	3015.3	
862.06	5025	
862.23	5389.6	
862.4	2726.5	
862.56	2809.1	
862.73	4941.1	
862.9	4717.8	
863.07	3179.8	
863.24	2544.3	
863.41	4325.3	
863.58	4436.6	
863.75	2781.1	
863.91	3158	
864.08	5119.9	
864.25	4991.6	
864.42	3366.2	
864.59	3764.8	
864.76	5510.4	
864.93	4361.5	
865.09	2648	
865.26	2996.9	
865.43	5199.1	
865.6	5433.3	
865.77	2467.8	
865.94	2718.3	
866.1	5219.6	
866.27	4928.8	
866.44	3969	
866.61	2665.1	
866.78	4627.7	
866.95	4925.4	
867.11	2709.5	
867.28	2493.1	
867.45	5088.5	
867.62	4352.6	
867.79	3101.3	
867.96	2754.5	
868.12	4326.7	
868.29	5009.3	
868.46	2766.8	
868.63	3605.8	
868.8	5103.5	
868.97	4952	
869.13	2798.9	
869.3	2863.7	
869.47	4861.9	
869.64	5018.9	
869.81	2788.7	
869.97	2767.5	
870.14	4829.8	
870.31	5322	
870.48	2714.2	
870.65	3337.5	
870.81	4620.9	
870.98	4600.4	
871.15	3111.5	
871.32	2828.9	
871.48	4900.8	
871.65	5321.3	
871.82	2785.9	
871.99	3010.5	
872.16	5644.9	
872.32	5135.6	
872.49	2863.7	
872.66	2839.8	
872.83	4995.7	
872.99	4452.3	
873.16	3160	
873.33	2744.3	
873.5	4734.9	
873.67	4760.2	
873.83	2876	
874	3609.9	
874.17	4860.5	
874.34	5545.2	
874.5	3437.2	
874.67	3355.3	
874.84	5258.5	
875.01	4261.8	
875.17	3738.9	
875.34	2755.2	
875.51	4764.9	
875.68	5674.2	
875.84	3248.1	
876.01	3895.9	
876.18	4970.4	
876.34	4907.6	
876.51	2779.1	
876.68	2705.4	
876.85	4549.9	
877.01	5182	
877.18	3760.1	
877.35	2701.3	
877.52	4823	
877.68	4319.8	
877.85	2757.2	
878.02	2722.4	
878.18	4595.6	
878.35	4500.8	
878.52	2248	
878.69	2995.5	
878.85	5107.6	
879.02	4924.7	
879.19	3797.6	
879.35	2882.2	
879.52	4975.9	
879.69	5059.8	
879.86	2444.6	
880.02	3078.1	
880.19	4709.6	
880.36	5527.5	
880.52	3159.3	
880.69	3256.3	
880.86	5044.1	
881.02	5083.1	
881.19	3018.7	
881.36	2988.7	
881.52	4943.8	
881.69	4429.1	
881.86	2968.2	
882.02	2887	
882.19	5152.7	
882.36	5902.9	
882.52	2838.5	
882.69	3743.7	
882.86	4795.7	
883.02	4799.1	
883.19	3250.8	
883.36	3079.5	
883.52	5081	
883.69	5615.5	
883.86	2825.5	
884.02	2573.6	
884.19	5039.4	
884.36	4741.7	
884.52	3102.7	
884.69	2941.6	
884.86	4526	
885.02	5344.5	
885.19	2968.2	
885.36	3146.4	
885.52	4644.8	
885.69	4861.2	
885.86	3857.7	
886.02	3448.1	
886.19	5036	
886.35	4597	
886.52	3049.4	
886.69	3722.5	
886.85	4369	
887.02	5257.1	
887.19	5257.1	
887.35	5257.1	
887.52	5257.1	
887.68	5257.1	
887.85	5257.1	
888.02	5257.1	
888.18	5257.1	
888.35	5257.1	
888.51	5257.1	
888.68	5257.1	
888.85	5257.1	
889.01	5257.1	
889.18	5257.1	
889.35	5257.1	
889.51	5257.1	
889.68	5257.1	
889.84	5257.1	
890.01	5257.1	
890.17	5257.1	
890.34	5257.1	
890.51	5257.1	
890.67	5257.1	
890.84	5257.1	
891	5257.1	
891.17	5257.1	
891.34	5257.1	
891.5	5257.1	
891.67	5257.1	
891.83	5257.1	
892	5257.1	
892.16	5257.1	
892.33	5257.1	
892.5	5257.1	
892.66	5257.1	
892.83	5257.1	
892.99	5257.1	
893.16	5257.1	
893.32	5257.1	
893.49	5257.1	
893.65	5257.1	
893.82	5257.1	
893.99	5257.1	
894.15	5257.1	
894.32	5257.1	
894.48	5257.1	
894.65	5257.1	
894.81	5257.1	
894.98	5257.1	
895.14	5257.1	
895.31	5257.1	
895.47	5257.1	
895.64	5257.1	
895.81	5257.1	
895.97	5257.1	
896.14	5257.1	
896.3	5257.1	
896.47	5257.1	
896.63	5257.1	
896.8	5257.1	
896.96	5257.1	
897.13	5257.1	
897.29	5257.1	
897.46	5257.1	
897.62	5257.1	
897.79	5257.1	
897.95	5257.1	
898.12	5257.1	
898.28	5257.1	
898.45	5257.1	
898.61	5257.1	
898.78	5257.1	
898.94	5257.1	
899.11	5257.1	
899.27	5257.1	
899.44	5257.1	
899.6	5257.1	
899.77	5257.1	
899.93	5257.1	
900.1	5257.1	
900.26	5257.1	
900.43	5257.1	
900.59	5257.1	
900.76	5257.1	
900.92	5257.1	
901.09	5257.1	
901.25	5257.1	
901.42	5257.1	
901.58	5257.1	
901.75	5257.1	
901.91	5257.1	
902.07	5257.1	
902.24	5257.1	
902.4	5257.1	
902.57	5257.1	
902.73	5257.1	
902.9	5257.1	
903.06	5257.1	
903.23	5257.1	
903.39	5257.1	
903.56	5257.1	
903.72	5257.1	
903.88	5257.1	
904.05	5257.1	
904.21	5257.1	
904.38	5257.1	
904.54	5257.1	
904.71	5257.1	
904.87	5257.1	
905.03	5257.1	
905.2	5257.1	
905.36	5257.1	
905.53	5257.1	
905.69	5257.1	
905.86	5257.1	
906.02	5257.1	
906.18	5257.1	
906.35	5257.1	
906.51	5257.1	
906.68	5257.1	
906.84	5257.1	
907.01	5257.1	
907.17	5257.1	
907.33	5257.1	
907.5	5257.1	
907.66	5257.1	
907.83	5257.1	
907.99	5257.1	
908.15	5257.1	
908.32	5257.1	
908.48	5257.1	
908.65	5257.1	
908.81	5257.1	
908.97	5257.1	
909.14	5257.1	
909.3	5257.1	
909.47	5257.1	
909.63	5257.1	
909.79	5257.1	
909.96	5257.1	
910.12	5257.1	
910.28	5257.1	
910.45	5257.1	
910.61	5257.1	
910.78	5257.1	
910.94	5257.1	
911.1	5257.1	
911.27	5257.1	
911.43	5257.1	
911.59	5257.1	
911.76	5257.1	
911.92	5257.1	
912.08	5257.1	
912.25	5257.1	
912.41	5257.1	
912.57	5257.1	
912.74	5257.1	
912.9	5257.1	
913.07	5257.1	
913.23	5257.1	
913.39	5257.1	
913.56	5257.1	
913.72	5257.1	
913.88	5257.1	
914.05	5257.1	
914.21	5257.1	
914.37	5257.1	
914.54	5257.1	
914.7	5257.1	
914.86	5257.1	
915.03	5257.1	
915.19	5257.1	
