Wavelength	Intensities	
nm	a.u.	
179.22	1914.7	
179.44	1898.8	
179.65	1930.6	
179.86	1867.1	
180.08	1835	
180.29	4819.6	
180.51	3460.4	
180.72	5563	
180.94	6534.4	
181.15	3201.7	
181.37	3166.8	
181.58	5436	
181.79	5790.3	
182.01	3313.6	
182.22	3596.9	
182.44	5747.3	
182.65	4789.5	
182.87	4488.5	
183.08	3985.3	
183.29	5978.7	
183.51	4933.6	
183.72	3647.4	
183.94	5245.5	
184.15	5341.8	
184.37	5300.8	
184.58	3169.6	
184.79	4347.8	
185.01	4931.5	
185.22	5707.7	
185.44	4567	
185.65	3873.4	
185.86	5228.5	
186.08	4829.8	
186.29	3125.2	
186.51	3300	
186.72	4975.2	
186.94	5857.9	
187.15	3891.8	
187.36	3891.1	
187.58	7590.5	
187.79	5457.8	
188.01	4115.1	
188.22	6423.8	
188.43	6541.9	
188.65	5646.9	
188.86	3370.3	
189.08	3955.3	
189.29	5164.3	
189.5	5133.6	
189.72	3644.7	
189.93	3689.1	
190.15	5888.6	
190.36	7042.3	
190.57	4014	
190.79	3898.6	
191	6008.7	
191.22	5938.4	
191.43	3971.7	
191.64	3364.8	
191.86	6192.4	
192.07	5900.9	
192.29	3480.2	
192.5	3701.4	
192.71	5898.8	
192.93	5070.8	
193.14	3660.4	
193.35	3657	
193.57	5126.1	
193.78	5831.2	
194	2970.2	
194.21	3650.8	
194.42	4913.8	
194.64	5322.7	
194.85	3928	
195.07	4659.8	
195.28	5414.8	
195.49	4655	
195.71	4863.9	
195.92	3416.7	
196.13	5568.4	
196.35	5615.5	
196.56	5167.7	
196.78	3960.8	
196.99	6960.4	
197.2	6508.4	
197.42	4497.3	
197.63	4018.1	
197.84	4749.9	
198.06	5514.5	
198.27	3607.8	
198.48	4879.6	
198.7	5141.8	
198.91	5274.2	
199.13	4004.5	
199.34	4018.8	
199.55	5759.6	
199.77	4638.6	
199.98	3492.5	
200.19	4049.5	
200.41	5112.4	
200.62	4905.6	
200.83	4100	
201.05	4490.5	
201.26	5264	
201.47	5020.3	
201.69	3593.5	
201.9	3396.2	
202.11	5289.9	
202.33	6294.8	
202.54	3748.5	
202.76	4240	
202.97	5487.2	
203.18	5459.2	
203.4	4212	
203.61	4104.8	
203.82	5415.5	
204.04	4969.7	
204.25	4055.7	
204.46	3944.4	
204.68	5378	
204.89	5605.3	
205.1	3912.3	
205.32	3353.9	
205.53	5768.4	
205.74	5888.6	
205.96	2895.8	
206.17	4099.4	
206.38	5722	
206.6	5859.9	
206.81	4511.7	
207.02	3755.3	
207.24	5636	
207.45	5981.4	
207.66	3736.2	
207.88	3264.5	
208.09	5563.6	
208.3	5371.8	
208.52	3470.6	
208.73	3773.7	
208.94	5354.1	
209.15	6001.2	
209.37	3777.1	
209.58	3981.3	
209.79	5898.8	
210.01	5163.6	
210.22	3033	
210.43	3187.3	
210.65	5324.7	
210.86	5726.1	
211.07	3803.1	
211.29	3519.8	
211.5	5656.5	
211.71	5238	
211.93	3570.3	
212.14	3521.8	
212.35	5298.8	
212.56	5440.1	
212.78	3992.9	
212.99	3319.1	
213.2	6286.6	
213.42	5126.7	
213.63	3575.1	
213.84	3807.9	
214.06	4760.8	
214.27	4894	
214.48	3799	
214.69	4089.1	
214.91	6034.7	
215.12	6078.4	
215.33	4111.6	
215.55	4469.4	
215.76	6492.1	
215.97	5707	
216.18	3868.6	
216.4	3798.3	
216.61	4978.6	
216.82	5819.6	
217.04	3546.4	
217.25	3639.9	
217.46	5956.2	
217.67	5737.7	
217.89	3145	
218.1	3235.1	
218.31	5380.7	
218.53	5491.3	
218.74	3724.6	
218.95	3540.3	
219.16	5332.2	
219.38	6240.8	
219.59	3595.6	
219.8	4293.9	
220.01	6935.8	
220.23	5308.3	
220.44	4656.4	
220.65	3427.6	
220.87	5450.3	
221.08	5894.1	
221.29	3216	
221.5	4341	
221.72	7373.4	
221.93	5079	
222.14	4012	
222.35	4762.2	
222.57	5337.7	
222.78	5704.3	
222.99	3811.3	
223.2	4103.4	
223.42	5633.3	
223.63	5683.1	
223.84	2910.8	
224.05	2892.4	
224.27	6845.7	
224.48	6257.2	
224.69	4755.4	
224.9	4014	
225.12	5553.4	
225.33	5310.4	
225.54	3221.5	
225.75	3555.3	
225.97	4879.6	
226.18	5199.8	
226.39	3827	
226.6	3577.8	
226.82	5143.1	
227.03	4976.6	
227.24	3986.7	
227.45	3327.9	
227.67	5748.6	
227.88	6257.9	
228.09	4441.4	
228.3	4493.2	
228.52	5732.9	
228.73	5335	
228.94	3714.3	
229.15	3299.3	
229.36	5269.4	
229.58	5233.2	
229.79	3763.5	
230	4375.1	
230.21	6362.4	
230.43	5423	
230.64	3923.2	
230.85	4102.8	
231.06	5756.8	
231.28	5777.3	
231.49	3320.4	
231.7	3869.3	
231.91	5668.8	
232.12	5354.1	
232.34	3355.3	
232.55	3848.1	
232.76	5935.7	
232.97	5511.8	
233.18	3490.4	
233.4	3942.3	
233.61	5571.8	
233.82	5089.2	
234.03	3662.5	
234.25	3670.6	
234.46	7380.9	
234.67	5378	
234.88	4134.8	
235.09	3604.4	
235.31	5657.9	
235.52	5270.1	
235.73	3931.4	
235.94	3364.8	
236.15	5061.9	
236.37	6433.4	
236.58	3507.5	
236.79	3824.9	
237	5659.2	
237.21	4855.1	
237.43	4146.5	
237.64	3252.9	
237.85	9596.1	
238.06	4935.6	
238.27	4195.6	
238.48	3338.9	
238.7	5679.7	
238.91	5228.5	
239.12	3799	
239.33	3815.4	
239.54	4944.5	
239.76	5242.1	
239.97	3741.6	
240.18	3849.5	
240.39	6718.7	
240.6	5591	
240.82	3938.9	
241.03	3278.8	
241.24	5369.1	
241.45	6152.1	
241.66	3483.6	
241.87	4076.1	
242.09	6078.4	
242.3	6428.6	
242.51	4124.6	
242.72	3870	
242.93	5773.2	
243.14	5277.6	
243.36	4397	
243.57	4717.8	
243.78	6170.5	
243.99	5803.3	
244.2	3835.8	
244.41	3517	
244.63	4926.7	
244.84	5611.4	
245.05	4098	
245.26	3869.3	
245.47	5610.8	
245.68	5896.8	
245.9	5175.2	
246.11	4033.8	
246.32	5274.2	
246.53	5556.1	
246.74	6137.8	
246.95	3215.3	
247.16	4866.7	
247.38	5328.8	
247.59	3182.5	
247.8	3805.1	
248.01	5043.5	
248.22	5302.9	
248.43	3499.3	
248.64	3749.8	
248.86	4754	
249.07	5145.9	
249.28	3370.3	
249.49	3913	
249.7	5878.4	
249.91	6016.9	
250.12	3226.9	
250.34	3280.2	
250.55	5445.5	
250.76	5371.1	
250.97	3940.3	
251.18	3994.2	
251.39	6034.7	
251.6	5509.7	
251.81	4063.2	
252.03	4080.2	
252.24	5066.7	
252.45	5879.7	
252.66	3292.5	
252.87	4231.8	
253.08	5344.5	
253.29	7082.6	
253.5	3358	
253.72	4674.8	
253.93	5225.1	
254.14	6395.8	
254.35	3660.4	
254.56	3710.2	
254.77	5605.3	
254.98	4965.6	
255.19	3590.1	
255.41	4620.2	
255.62	5445.5	
255.83	5965.1	
256.04	4120.5	
256.25	3992.9	
256.46	6593.1	
256.67	5057.8	
256.88	3940.3	
257.09	4437.3	
257.31	4997	
257.52	5005.2	
257.73	5008	
257.94	3654.9	
258.15	5184.1	
258.36	5350	
258.57	4552	
258.78	2906.8	
258.99	5801.2	
259.2	5143.1	
259.41	3688.4	
259.63	3799	
259.84	6163	
260.05	6604	
260.26	4823.6	
260.47	3578.5	
260.68	5970.5	
260.89	5285.1	
261.1	4385.4	
261.31	3489.1	
261.52	5908.4	
261.73	6240.8	
261.95	4737	
262.16	4123.2	
262.37	6027.9	
262.58	6101.6	
262.79	4719.9	
263	3739.6	
263.21	5359.5	
263.42	4869.4	
263.63	3781.2	
263.84	3664.5	
264.05	5890	
264.26	6275	
264.47	4588.1	
264.69	4154	
264.9	6051.1	
265.11	5538.4	
265.32	3546.4	
265.53	3608.5	
265.74	5471.5	
265.95	4748.6	
266.16	3919.1	
266.37	4326.7	
266.58	5488.6	
266.79	5190.9	
267	3632.4	
267.21	3379.8	
267.42	4952.7	
267.63	5343.2	
267.84	3811.3	
268.06	3279.5	
268.27	5715.9	
268.48	6085.9	
268.69	3738.2	
268.9	4422.9	
269.11	5980.1	
269.32	4845.5	
269.53	3851.5	
269.74	3563.5	
269.95	5608.7	
270.16	4726	
270.37	3810.6	
270.58	4433.9	
270.79	5169.1	
271	5855.1	
271.21	4113.7	
271.42	3846.1	
271.63	5511.1	
271.84	5018.2	
272.05	3063.8	
272.26	3364.8	
272.47	5452.4	
272.68	5591	
272.89	3655.6	
273.11	4252.9	
273.32	5147.2	
273.53	6276.3	
273.74	4162.8	
273.95	4087.1	
274.16	5964.4	
274.37	5430.5	
274.58	4177.9	
274.79	3397.6	
275	5481.7	
275.21	6045.6	
275.42	5040.1	
275.63	4324.6	
275.84	5618.9	
276.05	7051.2	
276.26	4042	
276.47	3800.3	
276.68	5173.9	
276.89	6391.7	
277.1	4282.3	
277.31	3370.3	
277.52	5606.7	
277.73	5772.5	
277.94	3360	
278.15	3705.5	
278.36	5550.7	
278.57	5001.1	
278.78	3650.8	
278.99	4138.9	
279.2	5019.6	
279.41	4969.7	
279.62	4831.2	
279.83	3409.2	
280.04	6544.6	
280.25	4899.4	
280.46	4816.8	
280.67	3848.1	
280.88	4995.7	
281.09	5976	
281.3	4042	
281.51	5128.8	
281.72	5080.3	
281.93	5870.8	
282.14	3601	
282.35	3865.2	
282.56	5801.9	
282.77	5816.2	
282.98	3710.2	
283.19	4543.8	
283.4	7187.7	
283.61	5351.3	
283.82	3364.1	
284.03	4741.7	
284.24	5490.6	
284.45	5971.2	
284.66	4769.7	
284.87	4518.5	
285.08	5986.9	
285.29	6027.9	
285.5	3237.2	
285.71	3725.3	
285.92	5922.7	
286.12	6584.9	
286.33	4670.1	
286.54	3746.4	
286.75	5831.9	
286.96	5261.2	
287.17	3375.7	
287.38	4681.7	
287.59	4993.6	
287.8	4915.8	
288.01	3783.3	
288.22	4315.8	
288.43	5823.1	
288.64	4915.1	
288.85	4471.4	
289.06	4275.5	
289.27	5801.9	
289.48	6257.9	
289.69	4737	
289.9	4285.7	
290.11	6053.8	
290.32	5053.7	
290.53	4462.5	
290.74	4154.6	
290.94	5810.8	
291.15	5883.1	
291.36	3615.3	
291.57	4276.8	
291.78	5109	
291.99	4777.9	
292.2	3459.7	
292.41	4132.1	
292.62	5886.5	
292.83	5693.4	
293.04	5099.4	
293.25	3487.7	
293.46	5154.1	
293.67	5932.3	
293.88	3588.7	
294.09	3494.5	
294.29	4891.9	
294.5	5513.8	
294.71	3848.8	
294.92	3655.6	
295.13	5078.3	
295.34	6429.9	
295.55	3239.9	
295.76	3349.8	
295.97	5799.8	
296.18	6499.6	
296.39	3405.8	
296.6	3659	
296.81	5437.4	
297.01	5769.1	
297.22	3818.8	
297.43	3561.4	
297.64	4977.9	
297.85	4987.5	
298.06	3016.7	
298.27	3246.7	
298.48	5383.4	
298.69	5085.8	
298.9	3846.8	
299.11	3522.5	
299.31	4894.6	
299.52	4868	
299.73	4167.6	
299.94	4091.8	
300.15	5326.1	
300.36	4986.1	
300.57	4089.1	
300.78	4072.7	
300.99	5243.5	
301.2	5528.2	
301.4	3574.4	
301.61	3948.5	
301.82	5699.5	
302.03	5795.8	
302.24	4341	
302.45	3396.2	
302.66	5650.3	
302.87	6111.8	
303.08	3565.5	
303.29	4895.3	
303.49	5107	
303.7	5428.5	
303.91	3222.8	
304.12	4677.6	
304.33	4940.4	
304.54	5460.6	
304.75	3642.7	
304.96	3474.7	
305.16	5664	
305.37	6442.2	
305.58	3150.5	
305.79	3312.2	
306	5650.3	
306.21	4832.5	
306.42	3522.5	
306.63	5537	
306.83	5242.8	
307.04	5973.9	
307.25	3967.6	
307.46	3912.3	
307.67	4627.7	
307.88	5823.1	
308.09	3521.1	
308.29	3688.4	
308.5	5473.5	
308.71	5998.5	
308.92	3839.9	
309.13	3396.9	
309.34	5318.6	
309.55	5284.4	
309.75	4477.5	
309.96	4119.8	
310.17	5844.2	
310.38	5055.1	
310.59	4379.2	
310.8	4052.2	
311.01	6469.5	
311.21	5292.6	
311.42	3416	
311.63	3541.6	
311.84	5103.5	
312.05	5481	
312.26	3981.3	
312.46	4382	
312.67	5223	
312.88	4945.2	
313.09	3487.7	
313.3	3340.9	
313.51	6114.6	
313.71	6469.5	
313.92	3500.7	
314.13	3645.4	
314.34	5487.9	
314.55	5273.5	
314.76	4487.8	
314.96	3933.5	
315.17	5486.5	
315.38	5735	
315.59	3477.5	
315.8	3364.8	
316.01	6190.3	
316.21	6215.6	
316.42	3389.4	
316.63	3834.5	
316.84	5260.5	
317.05	6032.6	
317.26	4098.7	
317.46	3676.8	
317.67	5360.2	
317.88	5734.3	
318.09	4121.9	
318.3	3248.1	
318.5	5098.1	
318.71	5659.9	
318.92	5609.4	
319.13	4075.5	
319.34	5862.7	
319.54	6017.6	
319.75	3237.2	
319.96	3119.7	
320.17	5748.6	
320.38	5951.4	
320.58	3179.1	
320.79	3843.4	
321	5915.9	
321.21	6090	
321.42	3880.2	
321.62	3119.7	
321.83	5027.8	
322.04	5402.5	
322.25	3723.2	
322.46	3545	
322.66	5511.8	
322.87	5623	
323.08	4314.4	
323.29	3379.8	
323.5	6367.1	
323.7	4946.5	
323.91	4833.2	
324.12	4287.1	
324.33	5438	
324.53	5763	
324.74	4085.7	
324.95	4326	
325.16	4783.4	
325.37	5181.4	
325.57	3440.6	
325.78	3532.1	
325.99	5399.1	
326.2	4875.5	
326.4	5014.8	
326.61	3225.6	
326.82	5302.9	
327.03	5475.6	
327.24	4972.5	
327.44	4655	
327.65	5597.8	
327.86	4556	
328.07	4108.9	
328.27	3345	
328.48	5987.6	
328.69	4965	
328.9	4992.3	
329.1	3671.3	
329.31	5242.8	
329.52	6204	
329.73	3465.8	
329.93	3938.9	
330.14	5343.2	
330.35	5672.9	
330.56	5772.5	
330.76	4350.6	
330.97	5197.1	
331.18	5527.5	
331.39	3861.1	
331.59	3112.2	
331.8	5933	
332.01	6085.9	
332.22	3571	
332.42	4124.6	
332.63	5472.2	
332.84	5081.7	
333.05	3890.5	
333.25	3541.6	
333.46	5175.9	
333.67	5343.8	
333.88	3659.7	
334.08	4059.8	
334.29	7334.5	
334.5	6001.2	
334.7	3366.9	
334.91	4891.9	
335.12	4937	
335.33	5793.7	
335.53	3821.5	
335.74	5743.2	
335.95	5167	
336.16	4983.4	
336.36	3843.4	
336.57	4493.2	
336.78	4926.7	
336.98	5971.9	
337.19	4773.8	
337.4	3725.3	
337.61	6499.6	
337.81	4899.4	
338.02	3558	
338.23	4616.8	
338.43	6155.5	
338.64	5040.1	
338.85	3506.8	
339.05	4627.7	
339.26	6231.3	
339.47	4790.2	
339.68	3486.3	
339.88	5214.8	
340.09	5577.3	
340.3	5833.3	
340.5	4078.9	
340.71	3111.5	
340.92	4898.1	
341.13	6036	
341.33	3368.9	
341.54	4097.3	
341.75	5565	
341.95	5208	
342.16	3912.3	
342.37	4230.4	
342.57	5006.6	
342.78	5322.7	
342.99	4342.4	
343.19	3142.3	
343.4	5825.8	
343.61	5684.5	
343.81	3792.2	
344.02	3459.7	
344.23	5797.8	
344.43	6191	
344.64	4283	
344.85	4188.1	
345.06	5650.3	
345.26	5984.2	
345.47	4011.3	
345.68	4726.7	
345.88	4719.2	
346.09	5869.5	
346.3	4126	
346.5	3069.9	
346.71	5352.7	
346.92	5056.4	
347.12	3198.9	
347.33	4033.1	
347.54	5919.3	
347.74	6289.3	
347.95	4035.2	
348.16	3031	
348.36	5201.8	
348.57	4905.6	
348.78	4016.7	
348.98	4253.6	
349.19	5307	
349.39	4832.5	
349.6	3184.6	
349.81	3559.4	
350.01	5576.6	
350.22	5086.5	
350.43	3801	
350.63	4635.2	
350.84	5399.1	
351.05	5160.2	
351.25	3511.6	
351.46	3180.5	
351.67	5973.2	
351.87	5078.3	
352.08	3702.7	
352.29	4241.3	
352.49	5790.3	
352.7	5941.8	
352.9	3403	
353.11	4285	
353.32	6479.8	
353.52	5199.1	
353.73	3341.6	
353.94	4268.6	
354.14	5663.3	
354.35	5501.5	
354.55	3449.5	
354.76	3855	
354.97	5636	
355.17	5354.8	
355.38	3257.6	
355.59	4502.8	
355.79	5008	
356	5500.2	
356.2	3808.5	
356.41	3316.3	
356.62	4808.6	
356.82	5246.9	
357.03	4111.6	
357.24	3618.1	
357.44	5088.5	
357.65	5159.5	
357.85	4947.9	
358.06	3874.1	
358.27	4758.8	
358.47	5025.7	
358.68	3216	
358.88	4068.6	
359.09	5539.1	
359.3	5949.3	
359.5	4754	
359.71	4185.4	
359.91	6344.6	
360.12	5700.9	
360.33	4035.9	
360.53	4485.7	
360.74	5001.1	
360.94	5087.2	
361.15	4175.1	
361.36	3508.2	
361.56	5698.1	
361.77	5231.9	
361.97	4728.8	
362.18	3710.2	
362.38	5709.7	
362.59	4864.6	
362.8	3441.3	
363	3209.8	
363.21	4669.4	
363.41	5300.8	
363.62	3906.8	
363.83	4945.2	
364.03	5428.5	
364.24	6339.8	
364.44	5043.5	
364.65	4927.4	
364.85	5160.9	
365.06	5024.3	
365.27	3594.9	
365.47	3599	
365.68	6113.9	
365.88	5133.6	
366.09	4001.7	
366.29	3630.4	
366.5	5423	
366.71	5882.4	
366.91	4912.4	
367.12	4146.5	
367.32	6420.4	
367.53	5657.2	
367.73	4022.9	
367.94	5034.6	
368.14	5597.8	
368.35	6563.7	
368.56	4053.6	
368.76	3405.1	
368.97	5726.1	
369.17	7339.9	
369.38	3554.6	
369.58	3806.5	
369.79	4740.4	
369.99	6086.6	
370.2	4820.2	
370.4	3896.6	
370.61	5418.2	
370.82	6597.2	
371.02	3765.5	
371.23	3126.6	
371.43	4623.6	
371.64	5978.7	
371.84	3811.3	
372.05	5026.4	
372.25	7269.6	
372.46	5694	
372.66	3817.4	
372.87	3742.3	
373.07	5789.6	
373.28	7353.6	
373.48	4764.3	
373.69	4452.3	
373.9	5231.2	
374.1	5233.2	
374.31	4706.9	
374.51	4204.5	
374.72	6029.2	
374.92	4896.7	
375.13	4863.9	
375.33	4024.3	
375.54	5566.4	
375.74	4965	
375.95	4173.1	
376.15	5286.5	
376.36	5575.3	
376.56	5375.2	
376.77	4072.7	
376.97	4559.5	
377.18	6603.3	
377.38	5608.7	
377.59	4894	
377.79	3569.6	
378	5473.5	
378.2	5820.3	
378.41	3732.1	
378.61	3556.6	
378.82	5922.7	
379.02	4989.5	
379.23	3829.7	
379.43	4928.8	
379.64	5997.8	
379.84	5631.9	
380.05	3691.8	
380.25	3564.8	
380.46	5706.3	
380.66	5315.8	
380.87	4987.5	
381.07	5376.6	
381.28	6320.7	
381.48	5669.5	
381.69	3682.2	
381.89	3805.1	
382.1	4681	
382.3	5856.5	
382.51	4827.7	
382.71	5659.2	
382.91	5769.1	
383.12	6186.9	
383.32	4065.9	
383.53	4277.5	
383.73	5502.2	
383.94	5390.9	
384.14	4236.6	
384.35	3407.8	
384.55	5294.7	
384.76	5716.6	
384.96	4093.2	
385.17	4426.3	
385.37	5672.9	
385.58	5029.1	
385.78	4383.3	
385.98	3321.8	
386.19	5227.1	
386.39	5500.8	
386.6	3884.3	
386.8	4106.2	
387.01	5711.8	
387.21	5766.4	
387.42	4429.1	
387.62	5047.6	
387.83	5005.9	
388.03	5658.5	
388.23	4046.1	
388.44	4946.5	
388.64	4678.9	
388.85	4807.9	
389.05	4419.5	
389.26	5042.1	
389.46	6728.9	
389.67	6102.9	
389.87	4412	
390.07	4394.9	
390.28	5324	
390.48	4943.1	
390.69	3660.4	
390.89	3962.1	
391.1	5104.9	
391.3	5991	
391.5	5067.4	
391.71	5764.3	
391.91	5703.6	
392.12	6709.8	
392.32	5183.4	
392.53	4537.6	
392.73	5197.1	
392.93	5366.4	
393.14	4136.9	
393.34	5252.4	
393.55	5898.2	
393.75	5363.6	
393.95	4112.3	
394.16	4048.8	
394.36	5092.6	
394.57	5794.4	
394.77	3619.4	
394.98	4089.8	
395.18	4998.4	
395.38	5239.4	
395.59	4856.4	
395.79	3788.1	
396	5143.1	
396.2	5595.7	
396.4	4625.7	
396.61	4618.9	
396.81	5809.4	
397.02	5063.9	
397.22	4850.3	
397.42	4896	
397.63	5745.9	
397.83	4967.7	
398.04	3734.8	
398.24	4257.7	
398.44	5566.4	
398.65	4638.6	
398.85	3577.8	
399.05	3702.7	
399.26	4895.3	
399.46	6699.6	
399.67	4062.5	
399.87	3737.5	
400.07	5281	
400.28	5655.1	
400.48	3841.3	
400.69	4865.3	
400.89	5852.4	
401.09	6282.5	
401.3	3676.1	
401.5	4827.1	
401.7	6509.1	
401.91	6725.5	
402.11	4085	
402.32	4341.7	
402.52	5871.5	
402.72	5834.7	
402.93	4517.8	
403.13	3349.8	
403.33	6646.3	
403.54	5389.6	
403.74	4207.9	
403.94	5118.6	
404.15	5493.3	
404.35	6623.1	
404.56	3996.3	
404.76	5831.9	
404.96	5827.8	
405.17	5649.7	
405.37	4964.3	
405.57	4480.3	
405.78	5896.8	
405.98	5406	
406.18	3966.2	
406.39	4965.6	
406.59	5920.7	
406.79	5488.6	
407	3784.6	
407.2	3934.8	
407.4	5857.2	
407.61	6075.6	
407.81	3922.5	
408.01	5933	
408.22	4832.5	
408.42	6726.9	
408.62	4916.5	
408.83	4387.4	
409.03	5355.4	
409.23	5150.6	
409.44	4448.2	
409.64	4764.9	
409.84	6238.1	
410.05	6163.7	
410.25	4545.1	
410.45	4289.1	
410.66	5510.4	
410.86	7985	
411.06	4614.8	
411.27	4539	
411.47	7704.5	
411.67	5689.9	
411.88	4779.3	
412.08	4947.2	
412.28	6343.2	
412.49	6833.4	
412.69	4431.8	
412.89	4472.8	
413.09	6649.8	
413.3	6479.8	
413.5	4508.3	
413.7	4108.2	
413.91	5768.4	
414.11	6574.7	
414.31	4390.2	
414.52	4762.2	
414.72	6270.9	
414.92	6128.9	
415.12	4400.4	
415.33	4916.5	
415.53	6564.4	
415.73	6670.2	
415.94	5194.3	
416.14	4686.4	
416.34	5484.5	
416.55	5356.8	
416.75	5816.9	
416.95	5274.9	
417.15	6479.8	
417.36	7213.6	
417.56	5973.9	
417.76	5051.7	
417.97	6830.7	
418.17	6466.1	
418.37	4652.3	
418.57	4655.7	
418.78	6266.1	
418.98	5950.7	
419.18	5614.8	
419.38	5565	
419.59	6039.5	
419.79	5656.5	
419.99	4567.7	
420.2	5021.6	
420.4	6569.9	
420.6	6720.1	
420.8	4488.5	
421.01	4388.1	
421.21	6346	
421.41	6534.4	
421.61	4908.3	
421.82	4579.9	
422.02	5892	
422.22	6840.2	
422.42	5326.8	
422.63	5103.5	
422.83	5999.2	
423.03	7210.2	
423.23	5092.6	
423.44	4070.7	
423.64	6130.9	
423.84	5847	
424.04	4599.7	
424.25	4189.5	
424.45	7063.4	
424.65	6992.4	
424.85	4031.8	
425.06	4616.8	
425.26	6987.7	
425.46	5983.5	
425.66	5142.4	
425.87	4762.2	
426.07	6724.2	
426.27	6602.7	
426.47	4933.6	
426.67	4309.6	
426.88	7103.7	
427.08	6517.3	
427.28	5120.6	
427.48	4220.2	
427.69	5462.6	
427.89	6156.2	
428.09	5154.7	
428.29	4204.5	
428.5	6814.3	
428.7	6389	
428.9	4179.9	
429.1	4793.6	
429.3	6229.2	
429.51	6600.6	
429.71	4420.9	
429.91	5264.6	
430.11	6493.4	
430.31	7090.8	
430.52	4829.8	
430.72	5036.6	
430.92	7093.5	
431.12	6551.5	
431.32	4433.9	
431.53	4940.4	
431.73	5470.8	
431.93	7214.3	
432.13	4388.8	
432.33	4169.7	
432.54	5967.1	
432.74	6291.4	
432.94	4126.7	
433.14	5222.3	
433.34	6522.8	
433.55	5882.4	
433.75	5143.1	
433.95	6858.6	
434.15	6186.9	
434.35	5904.3	
434.56	4358.8	
434.76	3817.4	
434.96	6188.3	
435.16	6433.4	
435.36	4175.1	
435.56	5294.7	
435.77	5855.8	
435.97	6000.5	
436.17	5997.8	
436.37	5185.5	
436.57	5712.5	
436.78	5657.9	
436.98	5210	
437.18	5811.5	
437.38	6482.5	
437.58	6013.5	
437.78	5942.5	
437.99	4646.2	
438.19	6579.4	
438.39	7331.7	
438.59	4585.4	
438.79	4084.3	
438.99	7129	
439.2	5992.4	
439.4	4229.1	
439.6	4148.5	
439.8	6287.3	
440	7326.9	
440.2	5191.6	
440.4	5261.2	
440.61	6719.4	
440.81	7198.6	
441.01	4296	
441.21	5185.5	
441.41	7066.2	
441.61	6656.6	
441.81	5464	
442.02	6514.6	
442.22	7467.6	
442.42	6692.1	
442.62	4351.9	
442.82	4390.2	
443.02	7078.5	
443.22	6172.6	
443.43	4792.2	
443.63	4360.8	
443.83	5938.4	
444.03	5969.1	
444.23	5564.3	
444.43	5158.2	
444.63	6247	
444.83	7475.1	
445.04	4425.7	
445.24	5754.1	
445.44	6731	
445.64	6767.2	
445.84	5327.4	
446.04	5281.7	
446.24	6020.3	
446.44	7011.6	
446.65	4521.9	
446.85	4848.9	
447.05	6492.7	
447.25	7035.5	
447.45	4943.1	
447.65	4378.6	
447.85	6342.6	
448.05	6070.9	
448.25	5388.2	
448.46	5113.8	
448.66	6352.8	
448.86	6115.2	
449.06	4236.6	
449.26	5353.4	
449.46	6677.1	
449.66	5730.9	
449.86	4880.3	
450.06	4814.1	
450.26	5928.2	
450.47	6548.7	
450.67	5111.7	
450.87	5452.4	
451.07	6626.5	
451.27	6370.5	
451.47	4458.4	
451.67	4950.6	
451.87	6032.6	
452.07	7191.8	
452.27	4612	
452.47	4646.2	
452.67	6395.8	
452.88	6984.3	
453.08	4010.6	
453.28	6044.2	
453.48	7529	
453.68	6350.8	
453.88	4504.2	
454.08	4823.6	
454.28	6670.9	
454.48	6381.5	
454.68	5296.7	
454.88	5814.2	
455.08	6846.4	
455.28	6459.3	
455.48	4440.7	
455.68	4970.4	
455.89	7251.9	
456.09	6825.2	
456.29	4767	
456.49	4728.1	
456.69	7051.8	
456.89	6722.8	
457.09	5235.3	
457.29	5572.5	
457.49	6637.5	
457.69	6747.4	
457.89	5048.2	
458.09	4453	
458.29	6419	
458.49	7090.1	
458.69	5466.7	
458.89	4826.4	
459.09	7314	
459.29	7478.5	
459.49	4944.5	
459.69	5770.5	
459.9	6859.3	
460.1	6344.6	
460.3	4836.6	
460.5	4627.7	
460.7	6844.3	
460.9	6520.7	
461.1	4317.1	
461.3	5580	
461.5	7389.1	
461.7	7071.6	
461.9	4667.3	
462.1	5185.5	
462.3	6566.5	
462.5	7092.8	
462.7	4691.9	
462.9	4812.7	
463.1	8082.6	
463.3	7732.4	
463.5	5033.2	
463.7	5850.4	
463.9	6640.9	
464.1	7073	
464.3	5104.2	
464.5	5283.1	
464.7	7260.7	
464.9	6856.6	
465.1	6634.7	
465.3	5572.5	
465.5	7592.5	
465.7	7594.6	
465.9	5877.7	
466.1	5752.7	
466.3	7328.3	
466.5	7165.8	
466.7	6535.8	
466.9	5421	
467.1	7044.3	
467.3	8070.4	
467.5	6426.5	
467.7	5283.8	
467.9	8247.9	
468.1	9039.7	
468.3	6126.2	
468.5	6548	
468.7	7047.7	
468.9	7035.5	
469.1	5554.1	
469.3	6191.7	
469.5	8946.9	
469.7	6575.3	
469.9	6118	
470.1	5362.9	
470.3	7015	
470.5	7117.4	
470.7	6582.2	
470.9	5504.9	
471.1	6902.3	
471.3	7217.7	
471.5	5244.2	
471.69	7233.4	
471.89	6800.6	
472.09	6290	
472.29	6012.2	
472.49	6561.7	
472.69	6449.1	
472.89	7316.7	
473.09	5218.2	
473.29	5366.4	
473.49	6729.6	
473.69	6793.8	
473.89	6344.6	
474.09	5507.7	
474.29	8112	
474.49	7793.2	
474.69	6277	
474.89	5675.6	
475.09	6853.9	
475.29	6799.3	
475.49	5088.5	
475.69	5244.2	
475.88	8432.2	
476.08	7139.9	
476.28	4972.5	
476.48	5547.3	
476.68	7664.9	
476.88	7553.6	
477.08	5337.7	
477.28	5601.2	
477.48	7020.4	
477.68	7638.9	
477.88	5148.6	
478.08	5514.5	
478.28	7931.8	
478.48	7143.3	
478.67	5507	
478.87	5032.5	
479.07	7754.3	
479.27	7288	
479.47	5735	
479.67	5717.2	
479.87	7501	
480.07	8117.5	
480.27	4980.7	
480.47	6659.3	
480.67	7306.5	
480.87	7796.6	
481.06	5315.2	
481.26	6059.9	
481.46	7116	
481.66	7111.2	
481.86	5689.3	
482.06	6680.5	
482.26	6861.4	
482.46	7923.6	
482.66	5690.6	
482.86	5296	
483.05	7237.5	
483.25	6623.1	
483.45	8132.5	
483.65	5755.5	
483.85	6837.5	
484.05	7103	
484.25	6091.3	
484.45	6513.9	
484.65	7944.1	
484.84	7903.8	
485.04	5611.4	
485.24	5544.5	
485.44	8163.2	
485.64	6499.6	
485.84	4829.8	
486.04	6269.5	
486.24	6872.3	
486.44	7302.4	
486.63	4732.9	
486.83	5614.8	
487.03	6783.6	
487.23	6982.9	
487.43	4973.2	
487.63	7248.4	
487.83	7051.2	
488.02	8029.4	
488.22	5792.3	
488.42	6493.4	
488.62	7913.4	
488.82	6769.2	
489.02	5509	
489.22	5503.6	
489.41	7817.1	
489.61	7324.9	
489.81	5244.2	
490.01	5237.3	
490.21	7598	
490.41	8256.7	
490.61	5253.7	
490.8	5360.9	
491	7147.4	
491.2	6526.9	
491.4	5967.8	
491.6	5144.5	
491.8	7120.1	
491.99	7311.2	
492.19	5001.8	
492.39	5337	
492.59	7664.2	
492.79	7762.5	
492.99	6122.1	
493.18	5285.1	
493.38	7755	
493.58	8488.1	
493.78	5862	
493.98	5554.8	
494.18	7490.8	
494.37	6827.2	
494.57	6032	
494.77	6008.1	
494.97	7572	
495.17	7888.1	
495.37	5547.3	
495.56	5881.8	
495.76	8015.7	
495.96	7621.9	
496.16	6767.2	
496.36	5631.9	
496.55	7858.7	
496.75	7357.7	
496.95	5956.2	
497.15	5906.3	
497.35	7873.8	
497.54	7757.7	
497.74	5722.7	
497.94	7439.6	
498.14	8477.9	
498.34	8294.3	
498.53	5424.4	
498.73	6196.5	
498.93	7049.1	
499.13	7736.5	
499.33	5969.8	
499.52	6665.5	
499.72	7657.4	
499.92	8028.7	
500.12	5655.8	
500.32	5930.2	
500.51	8006.9	
500.71	7704.5	
500.91	6792.4	
501.11	6272.9	
501.31	7892.2	
501.5	8314.8	
501.7	6978.8	
501.9	5984.8	
502.1	7696.3	
502.29	7966.6	
502.49	6264.1	
502.69	6864.8	
502.89	7918.1	
503.09	7855.3	
503.28	5477.6	
503.48	5629.2	
503.68	7151.5	
503.88	7198.6	
504.07	6572.6	
504.27	6165.1	
504.47	7532.4	
504.67	7761.8	
504.86	6490.7	
505.06	6239.5	
505.26	7299	
505.46	9036.3	
505.65	6029.2	
505.85	6363.7	
506.05	7210.2	
506.25	7723.6	
506.44	5490.6	
506.64	6478.4	
506.84	7217	
507.04	8049.9	
507.23	5680.4	
507.43	6190.3	
507.63	9172.2	
507.83	7383.6	
508.02	6285.9	
508.22	5879.7	
508.42	9413.1	
508.62	7159.7	
508.81	6103.6	
509.01	6680.5	
509.21	7040.2	
509.4	7345.4	
509.6	6262.7	
509.8	5698.1	
510	7288.7	
510.19	8740.7	
510.39	5639.4	
510.59	5780.7	
510.79	7144	
510.98	8564.6	
511.18	5772.5	
511.38	5935.7	
511.57	7938.6	
511.77	7740.6	
511.97	6571.2	
512.17	5532.2	
512.36	7875.1	
512.56	7891.5	
512.76	5629.2	
512.95	5395.7	
513.15	8105.9	
513.35	6673	
513.55	6495.5	
513.74	5692.7	
513.94	8010.3	
514.14	7356.3	
514.33	6592.4	
514.53	6297.5	
514.73	7333.1	
514.92	7452.6	
515.12	5768.4	
515.32	5602.6	
515.51	7501	
515.71	8144.1	
515.91	7354.9	
516.11	5768.4	
516.3	9273.9	
516.5	7176.1	
516.7	6282.5	
516.89	6903.7	
517.09	7387.7	
517.29	7231.4	
517.48	6559.6	
517.68	5991.7	
517.88	6960.4	
518.07	7673.1	
518.27	6516	
518.47	5506.3	
518.66	8230.1	
518.86	6862.1	
519.06	5361.6	
519.25	5825.1	
519.45	7202.7	
519.65	8737.3	
519.84	6475.7	
520.04	7202.7	
520.24	9090.9	
520.43	7820.5	
520.63	6180.1	
520.83	5928.2	
521.02	7051.2	
521.22	7764.5	
521.42	6406	
521.61	6980.8	
521.81	7281.2	
522.01	7558.4	
522.2	6270.9	
522.4	6090	
522.6	7942	
522.79	6806.8	
522.99	6122.1	
523.18	5357.5	
523.38	7700.4	
523.58	7606.2	
523.77	7337.2	
523.97	5390.9	
524.17	9382.4	
524.36	8667.7	
524.56	6664.1	
524.76	6344.6	
524.95	7546.8	
525.15	7230	
525.34	6148	
525.54	6134.3	
525.74	7916.1	
525.93	6933.7	
526.13	7275.8	
526.33	6054.5	
526.52	8269	
526.72	7678.5	
526.91	7295.5	
527.11	6460.7	
527.31	8280.6	
527.5	8587.8	
527.7	6456.6	
527.89	5478.3	
528.09	7239.6	
528.29	7636.9	
528.48	6763.1	
528.68	6469.5	
528.87	8116.8	
529.07	8157.7	
529.27	6346	
529.46	5771.2	
529.66	7743.4	
529.85	8109.3	
530.05	5652.4	
530.25	6470.2	
530.44	9039.7	
530.64	7663.5	
530.83	6063.4	
531.03	6354.2	
531.23	8045.1	
531.42	7969.3	
531.62	7126.2	
531.81	6238.1	
532.01	8123.6	
532.21	8673.1	
532.4	5992.4	
532.6	6399.9	
532.79	8961.9	
532.99	8237.6	
533.18	6364.4	
533.38	7359.7	
533.58	7750.2	
533.77	8509.3	
533.97	6323.4	
534.16	7135.8	
534.36	8608.3	
534.55	7727	
534.75	7223.9	
534.95	6387.6	
535.14	8603.5	
535.34	7692.9	
535.53	6026.5	
535.73	7986.4	
535.92	9063.6	
536.12	7977.5	
536.31	6143.2	
536.51	7373.4	
536.71	8218.5	
536.9	7758.4	
537.1	6262	
537.29	6395.1	
537.49	8703.2	
537.68	7657.4	
537.88	6763.1	
538.07	6053.8	
538.27	7881.3	
538.46	8936	
538.66	5883.1	
538.86	6316.6	
539.05	7943.4	
539.25	8334.6	
539.44	6599.9	
539.64	6177.4	
539.83	7794.6	
540.03	8841.1	
540.22	6081.1	
540.42	6303.6	
540.61	8058.1	
540.81	8198.7	
541	6767.9	
541.2	7336.5	
541.39	7549.5	
541.59	8008.9	
541.78	6976.7	
541.98	6173.3	
542.18	7292.8	
542.37	7316.7	
542.57	6552.8	
542.76	6999.3	
542.96	7337.9	
543.15	8087.4	
543.35	6580.8	
543.54	5931.6	
543.74	8424.7	
543.93	7927.7	
544.13	6543.3	
544.32	7673.7	
544.52	8303.1	
544.71	7595.2	
544.91	5682.4	
545.1	6975.4	
545.3	7535.2	
545.49	8181	
545.69	5652.4	
545.88	6255.9	
546.08	9171.5	
546.27	8775.5	
546.47	6733	
546.66	5980.8	
546.86	8416.5	
547.05	9060.9	
547.24	6335.7	
547.44	6117.3	
547.63	7428	
547.83	8456.1	
548.02	6523.5	
548.22	6676.4	
548.41	7258	
548.61	8502.5	
548.8	6064	
549	6004.6	
549.19	7958.4	
549.39	8140.7	
549.58	5780.1	
549.78	6369.9	
549.97	8224	
550.17	7799.3	
550.36	7297.6	
550.55	8260.1	
550.75	7742.7	
550.94	8708	
551.14	5966.4	
551.33	6431.3	
551.53	7139.2	
551.72	8106.5	
551.92	6446.3	
552.11	6240.8	
552.31	8173.4	
552.5	8189.8	
552.69	7927.7	
552.89	5832.6	
553.08	8090.2	
553.28	7789.8	
553.47	6234.7	
553.67	7318.1	
553.86	8834.9	
554.06	7112.6	
554.25	5396.4	
554.44	6066.8	
554.64	9534.7	
554.83	9036.3	
555.03	5961.6	
555.22	6437.4	
555.42	8389.8	
555.61	8084.7	
555.8	6139.8	
556	6514.6	
556.19	7239.6	
556.39	8516.1	
556.58	6169.2	
556.78	6257.9	
556.97	7981.6	
557.16	7712	
557.36	7507.2	
557.55	5907.7	
557.75	6956.9	
557.94	8612.4	
558.13	6047.7	
558.33	5816.9	
558.52	8435.6	
558.72	7391.8	
558.91	5879	
559.1	6171.2	
559.3	7185	
559.49	6793.1	
559.69	5486.5	
559.88	6445.6	
560.07	7911.3	
560.27	8325	
560.46	6693.4	
560.66	6780.8	
560.85	7740.6	
561.04	6932.4	
561.24	5874.9	
561.43	6051.7	
561.63	7148.1	
561.82	7415.7	
562.01	7233.4	
562.21	6444.3	
562.4	7985.7	
562.59	8798.8	
562.79	6189	
562.98	5880.4	
563.18	7831.4	
563.37	9277.3	
563.56	6691.4	
563.76	5782.8	
563.95	7303.7	
564.14	7242.3	
564.34	6143.2	
564.53	5956.2	
564.73	7815.7	
564.92	8146.8	
565.11	6259.3	
565.31	5715.2	
565.5	8347.5	
565.69	7329	
565.89	5840.1	
566.08	6173.9	
566.27	8238.3	
566.47	8579.6	
566.66	6726.9	
566.85	5511.8	
567.05	7808.2	
567.24	7240.3	
567.44	5782.8	
567.63	7256	
567.82	8034.2	
568.02	7784.3	
568.21	5802.6	
568.4	6250.4	
568.6	7629.4	
568.79	7677.2	
568.98	5656.5	
569.18	5804.6	
569.37	7546.1	
569.56	9603.6	
569.76	6236.1	
569.95	6972	
570.14	7970	
570.34	7816.4	
570.53	5694	
570.72	5610.1	
570.91	8409.6	
571.11	7500.3	
571.3	6109.8	
571.49	7062.1	
571.69	7604.8	
571.88	7161.7	
572.07	6695.5	
572.27	6653.2	
572.46	7107.1	
572.65	8217.1	
572.85	5866.7	
573.04	6185.5	
573.23	8362.5	
573.43	7681.9	
573.62	5683.1	
573.81	6341.9	
574	7696.9	
574.2	7481.2	
574.39	5984.2	
574.58	6166.4	
574.78	8439	
574.97	7828.7	
575.16	6442.9	
575.36	6616.3	
575.55	8137.3	
575.74	8307.2	
575.93	5638.1	
576.13	6660.7	
576.32	7508.5	
576.51	8098.4	
576.71	6105	
576.9	7372.7	
577.09	8411.7	
577.28	7931.8	
577.48	6576	
577.67	5456.5	
577.86	7590.5	
578.05	7848.5	
578.25	6117.3	
578.44	6330.3	
578.63	7709.9	
578.83	8852	
579.02	5561.6	
579.21	7038.2	
579.4	7942	
579.6	7508.5	
579.79	6367.8	
579.98	8428.1	
580.17	8232.2	
580.37	8279.9	
580.56	5884.5	
580.75	6536.4	
580.94	8770.8	
581.14	8604.2	
581.33	6956.9	
581.52	5872.2	
581.71	8085.4	
581.91	8762.6	
582.1	5636.7	
582.29	6229.9	
582.48	7660.1	
582.68	7612.3	
582.87	6647	
583.06	6284.5	
583.25	8136.6	
583.45	7580.9	
583.64	6938.5	
583.83	7687.4	
584.02	7512.6	
584.21	8040.3	
584.41	6991.1	
584.6	6214.9	
584.79	7763.2	
584.98	8501.1	
585.18	5736.4	
585.37	5813.5	
585.56	7242.3	
585.75	7989.8	
585.94	5900.2	
586.14	6616.3	
586.33	8670.4	
586.52	7747.5	
586.71	6575.3	
586.91	6171.2	
587.1	7181.5	
587.29	8137.9	
587.48	6173.9	
587.67	6029.9	
587.87	8092.2	
588.06	8180.3	
588.25	7344	
588.44	6601.3	
588.63	7762.5	
588.83	8307.9	
589.02	6093.4	
589.21	6041.5	
589.4	7559.7	
589.59	7326.3	
589.78	5299.5	
589.98	5602.6	
590.17	7137.2	
590.36	7682.6	
590.55	5033.9	
590.74	5870.2	
590.94	8979	
591.13	7575.4	
591.32	5659.2	
591.51	5255.1	
591.7	8011	
591.89	7429.3	
592.09	5302.2	
592.28	5814.9	
592.47	6765.1	
592.66	8688.8	
592.85	5273.5	
593.05	5586.2	
593.24	7317.4	
593.43	8117.5	
593.62	5590.3	
593.81	6096.8	
594	7365.9	
594.19	7578.8	
594.39	5468.8	
594.58	5408.7	
594.77	7643.7	
594.96	8286.8	
595.15	5454.4	
595.34	6058.6	
595.54	7717.4	
595.73	6905.8	
595.92	4841.4	
596.11	5968.5	
596.3	8207.6	
596.49	6879.8	
596.68	5814.9	
596.88	6237.4	
597.07	7980.9	
597.26	6730.3	
597.45	5272.8	
597.64	6486.6	
597.83	7072.3	
598.02	7666.9	
598.22	5404.6	
598.41	6083.8	
598.6	7416.4	
598.79	6926.9	
598.98	5393.7	
599.17	6357.6	
599.36	7486	
599.55	8702.5	
599.74	7393.8	
599.94	7131.7	
600.13	8049.9	
600.32	6825.2	
600.51	5167	
600.7	5343.8	
600.89	8583.7	
601.08	8688.2	
601.27	5217.5	
601.47	6176	
601.66	7907.9	
601.85	8617.2	
602.04	5776	
602.23	6173.9	
602.42	7038.2	
602.61	7736.5	
602.8	5758.9	
602.99	5526.1	
603.18	7357.7	
603.37	7615	
603.57	6160.3	
603.76	6662.7	
603.95	8359.8	
604.14	7936.6	
604.33	5571.8	
604.52	5877.7	
604.71	7548.1	
604.9	7161.7	
605.09	6556.2	
605.28	6281.1	
605.47	8106.5	
605.66	7831.4	
605.86	6161	
606.05	5602.6	
606.24	8163.9	
606.43	6700.3	
606.62	5951.4	
606.81	6691.4	
607	7997.3	
607.19	7267.6	
607.38	5328.1	
607.57	5629.2	
607.76	7086.7	
607.95	6605.4	
608.14	5939.8	
608.33	6593.1	
608.52	7092.1	
608.72	7952.9	
608.91	5258.5	
609.1	5198.4	
609.29	7307.2	
609.48	6722.1	
609.67	6231.3	
609.86	5265.3	
610.05	6862.1	
610.24	7135.8	
610.43	5128.1	
610.62	4801.8	
610.81	8322.3	
611	7983.7	
611.19	5188.2	
611.38	5910.4	
611.57	7490.8	
611.76	8800.1	
611.95	4981.3	
612.14	4874.2	
612.33	7313.3	
612.52	6786.3	
612.71	5540.4	
612.9	4758.8	
613.09	6393.8	
613.28	8625.4	
613.47	5328.8	
613.66	6272.2	
613.85	7428.7	
614.04	6972	
614.24	5444.2	
614.43	4753.3	
614.62	7461.4	
614.81	7406.8	
615	5937.1	
615.19	5989.6	
615.38	6792.4	
615.57	7100.3	
615.76	5870.2	
615.95	6780.8	
616.14	7578.2	
616.33	7183.6	
616.52	6134.3	
616.71	6422.4	
616.9	7472.4	
617.09	7303.7	
617.28	5502.9	
617.47	6701.6	
617.66	6600.6	
617.85	6640.9	
618.04	6470.9	
618.22	5851.7	
618.41	6938.5	
618.6	7833.5	
618.79	5694.7	
618.98	5402.5	
619.17	8103.1	
619.36	6437.4	
619.55	5519.3	
619.74	5609.4	
619.93	7359.7	
620.12	6761.7	
620.31	6133.7	
620.5	6245.6	
620.69	7973.4	
620.88	8302.5	
621.07	7005.4	
621.26	5900.9	
621.45	7524.9	
621.64	7450.5	
621.83	6113.9	
622.02	5343.2	
622.21	7612.3	
622.4	7281.9	
622.59	6564.4	
622.78	6334.4	
622.97	6935.1	
623.16	7984.3	
623.35	6082.5	
623.54	5200.5	
623.72	7134.4	
623.91	7232.7	
624.1	6262	
624.29	5004.6	
624.48	8329.8	
624.67	7550.2	
624.86	6187.6	
625.05	5251.7	
625.24	8471.1	
625.43	6868.2	
625.62	7923.6	
625.81	5391.6	
626	7873.1	
626.19	7120.1	
626.38	6270.9	
626.56	5707.7	
626.75	7055.9	
626.94	7718.8	
627.13	6273.6	
627.32	4992.3	
627.51	7654.6	
627.7	8919.6	
627.89	5081	
628.08	6221.7	
628.27	6870.9	
628.46	6984.9	
628.65	5326.1	
628.83	4977.9	
629.02	7605.5	
629.21	6878.4	
629.4	5803.3	
629.59	6067.4	
629.78	6806.1	
629.97	7831.4	
630.16	6060.6	
630.35	5542.5	
630.54	8223.3	
630.72	7865.6	
630.91	5515.9	
631.1	6078.4	
631.29	7404.1	
631.48	7587	
631.67	6119.3	
631.86	5674.9	
632.05	6956.9	
632.24	7083.2	
632.42	5270.8	
632.61	5848.3	
632.8	7210.9	
632.99	6751.5	
633.18	5898.8	
633.37	6305.7	
633.56	7402.7	
633.75	7206.8	
633.93	5887.2	
634.12	5537	
634.31	8100.4	
634.5	7890.8	
634.69	5565	
634.88	6130.9	
635.07	7106.5	
635.25	7789.8	
635.44	6556.2	
635.63	6725.5	
635.82	6974	
636.01	6573.3	
636.2	6484.6	
636.39	5947.3	
636.57	8198	
636.76	7812.3	
636.95	5388.2	
637.14	6851.1	
637.33	7495.6	
637.52	8424	
637.7	5210.7	
637.89	6142.5	
638.08	7071	
638.27	8498.4	
638.46	6221	
638.65	6739.2	
638.83	8538.7	
639.02	6876.4	
639.21	6133	
639.4	6781.5	
639.59	7394.5	
639.78	6972	
639.96	5450.3	
640.15	5477	
640.34	7230	
640.53	7459.4	
640.72	5215.5	
640.91	5573.9	
641.09	6754.9	
641.28	8138.6	
641.47	5877	
641.66	6353.5	
641.85	7400.7	
642.03	7596.6	
642.22	6201.9	
642.41	5665.4	
642.6	6866.8	
642.79	6247	
642.97	5421	
643.16	6244.9	
643.35	6820.4	
643.54	6664.8	
643.73	5348.6	
643.91	6169.8	
644.1	6485.9	
644.29	7087.3	
644.48	5461.9	
644.67	5424.4	
644.85	6764.4	
645.04	7107.8	
645.23	5095.3	
645.42	5365	
645.6	6593.1	
645.79	7782.3	
645.98	5352.7	
646.17	4517.1	
646.36	6355.5	
646.54	7017.7	
646.73	6188.3	
646.92	5070.8	
647.11	6634.1	
647.29	7745.4	
647.48	5107	
647.67	4870.8	
647.86	7923.6	
648.05	7871.7	
648.23	5440.1	
648.42	6716.7	
648.61	7192.5	
648.8	7038.9	
648.98	5134.9	
649.17	5428.5	
649.36	6624.5	
649.55	6142.5	
649.73	5201.8	
649.92	5886.5	
650.11	6483.2	
650.3	6868.9	
650.48	5317.9	
650.67	4995	
650.86	7122.8	
651.05	6140.5	
651.23	5382.7	
651.42	5264.6	
651.61	6578.8	
651.79	6748.7	
651.98	5378	
652.17	4981.3	
652.36	7077.8	
652.54	6120.7	
652.73	5116.5	
652.92	4922.6	
653.11	7128.3	
653.29	7131	
653.48	4358.8	
653.67	5425.8	
653.85	6913.9	
654.04	7922.2	
654.23	5703.6	
654.42	5221	
654.6	6492.7	
654.79	7091.4	
654.98	4672.8	
655.16	5291.3	
655.35	6071.5	
655.54	6094.1	
655.73	4723.3	
655.91	4688.5	
656.1	7187	
656.29	5952.8	
656.47	4303.5	
656.66	5943.2	
656.85	6222.4	
657.03	6354.8	
657.22	4798.4	
657.41	4855.1	
657.59	6404	
657.78	6111.8	
657.97	4518.5	
658.16	5313.8	
658.34	7024.5	
658.53	7409.6	
658.72	6121.4	
658.9	6704.4	
659.09	6450.4	
659.28	6580.1	
659.46	4945.2	
659.65	4943.1	
659.84	6217.6	
660.02	6703.7	
660.21	4784.7	
660.4	4762.9	
660.58	7215	
660.77	6562.4	
660.96	5397.1	
661.14	4429.8	
661.33	7684	
661.52	7584.3	
661.7	4365.6	
661.89	8059.4	
662.08	6234.7	
662.26	5743.9	
662.45	4669.4	
662.64	4852.3	
662.82	6903	
663.01	5986.2	
663.2	4832.5	
663.38	5589.6	
663.57	6815.6	
663.75	6728.3	
663.94	5199.1	
664.13	6442.2	
664.31	6169.8	
664.5	6931	
664.69	5332.9	
664.87	5905	
665.06	5962.3	
665.25	6620.4	
665.43	6218.3	
665.62	6289.3	
665.8	6931.7	
665.99	6343.2	
666.18	5124	
666.36	5328.1	
666.55	6941.9	
666.74	6886.6	
666.92	4746.5	
667.11	6429.3	
667.29	6311.8	
667.48	7000.6	
667.67	5998.5	
667.85	5180.7	
668.04	6434	
668.22	6334.4	
668.41	5180.7	
668.6	5411.4	
668.78	6146	
668.97	6453.8	
669.15	5693.4	
669.34	4551.3	
669.53	6176	
669.71	6516.6	
669.9	4764.9	
670.08	5454.4	
670.27	6189	
670.46	6713.9	
670.64	5588.9	
670.83	5840.8	
671.01	6029.9	
671.2	6637.5	
671.38	4806.6	
671.57	4691.9	
671.76	7361.8	
671.94	7779.6	
672.13	4594.3	
672.31	5744.6	
672.5	6911.2	
672.69	6227.9	
672.87	4781.3	
673.06	5134.9	
673.24	6680.5	
673.43	6236.1	
673.61	5594.4	
673.8	5094.7	
673.98	6922.8	
674.17	7010.9	
674.36	5677.7	
674.54	5537	
674.73	6647	
674.91	6855.9	
675.1	5185.5	
675.28	4844.8	
675.47	6436.1	
675.65	6965.1	
675.84	5079.6	
676.03	5424.4	
676.21	6220.4	
676.4	5780.7	
676.58	5949.3	
676.77	5732.3	
676.95	7615	
677.14	6188.3	
677.32	4818.9	
677.51	4616.8	
677.69	6842.3	
677.88	5825.8	
678.06	4552.6	
678.25	4734.2	
678.44	6479.1	
678.62	6175.3	
678.81	4491.9	
678.99	5461.2	
679.18	7289.4	
679.36	6752.8	
679.55	5103.5	
679.73	5692.7	
679.92	6735.1	
680.1	6126.8	
680.29	6245.6	
680.47	5063.3	
680.66	6146	
680.84	6975.4	
681.03	4358.8	
681.21	5476.3	
681.4	6150.7	
681.58	6061.3	
681.77	4819.6	
681.95	4775.2	
682.14	7032	
682.32	7383.6	
682.51	5743.9	
682.69	4535.6	
682.88	6118.6	
683.06	6776.7	
683.25	5388.9	
683.43	5928.2	
683.62	6380.8	
683.8	6828.6	
683.99	5960.3	
684.17	5276.3	
684.36	7701.7	
684.54	6387.6	
684.73	4489.1	
684.91	4705.5	
685.1	6671.6	
685.28	6175.3	
685.46	5274.2	
685.65	5394.3	
685.83	6926.9	
686.02	6253.8	
686.2	4835.9	
686.39	4906.9	
686.57	6057.9	
686.76	7595.9	
686.94	4797	
687.13	4895.3	
687.31	6787.7	
687.5	6299.6	
687.68	4367.6	
687.86	5593	
688.05	8003.5	
688.23	5743.2	
688.42	5681.7	
688.6	4909	
688.79	6204	
688.97	6182.1	
689.16	5236	
689.34	4243.4	
689.52	7001.3	
689.71	7187	
689.89	5473.5	
690.08	4861.9	
690.26	6453.8	
690.45	6294.1	
690.63	5664.7	
690.81	4943.8	
691	6122.7	
691.18	6117.3	
691.37	5081	
691.55	7243	
691.74	6057.9	
691.92	8046.5	
692.1	5122.7	
692.29	4554.7	
692.47	6240.2	
692.66	5569.8	
692.84	4675.5	
693.02	5496.1	
693.21	5693.4	
693.39	6275.7	
693.58	5354.1	
693.76	4799.1	
693.94	7423.9	
694.13	7137.2	
694.31	4734.2	
694.5	5805.3	
694.68	5994.4	
694.86	6294.1	
695.05	5143.1	
695.23	5220.3	
695.42	6738.5	
695.6	9031.5	
695.78	5742.5	
695.97	4804.5	
696.15	6746	
696.34	6122.7	
696.52	4592.2	
696.7	5469.4	
696.89	6458.6	
697.07	5954.1	
697.25	5393	
697.44	6876.4	
697.62	6416.3	
697.81	6873	
697.99	5040.1	
698.17	5499.5	
698.36	5880.4	
698.54	6508.4	
698.72	5390.9	
698.91	4386.7	
699.09	6028.5	
699.28	5941.8	
699.46	4993.6	
699.64	4868.7	
699.83	5847.6	
700.01	7180.2	
700.19	5647.6	
700.38	4156	
700.56	7098.9	
700.74	5914.5	
700.93	4558.1	
701.11	5371.1	
701.29	6580.8	
701.48	7629.4	
701.66	4748.6	
701.84	4788.2	
702.03	6079.1	
702.21	6722.1	
702.39	4345.1	
702.58	4929.5	
702.76	6525.5	
702.94	6623.8	
703.13	4381.3	
703.31	6778.1	
703.49	5800.5	
703.68	6725.5	
703.86	4540.3	
704.04	5466.7	
704.23	6338.5	
704.41	6685.9	
704.59	4724	
704.78	5933.6	
704.96	7408.9	
705.14	6735.8	
705.33	4475.5	
705.51	5347.9	
705.69	6175.3	
705.87	7002	
706.06	5580	
706.24	4504.2	
706.42	6497.5	
706.61	6711.9	
706.79	5606.7	
706.97	4450.9	
707.16	5972.6	
707.34	6516.6	
707.52	5590.3	
707.7	4714.4	
707.89	5999.2	
708.07	5741.8	
708.25	5580.7	
708.44	5667.4	
708.62	5999.9	
708.8	7114	
708.98	5829.2	
709.17	4769	
709.35	6457.9	
709.53	6488.6	
709.72	4457.7	
709.9	4635.9	
710.08	6644.3	
710.26	6759	
710.45	6071.5	
710.63	4908.3	
710.81	6348.7	
710.99	6388.3	
711.18	5487.2	
711.36	4978.6	
711.54	6128.2	
711.72	6961.7	
711.91	5054.4	
712.09	4493.9	
712.27	6428.6	
712.45	7030	
712.64	5395.7	
712.82	4332.8	
713	5829.9	
713.18	6059.3	
713.37	4489.8	
713.55	5779.4	
713.73	6909.8	
713.91	5551.4	
714.1	4916.5	
714.28	4365.6	
714.46	6634.1	
714.64	5849.7	
714.83	3876.1	
715.01	4767	
715.19	5983.5	
715.37	5331.5	
715.55	4525.3	
715.74	4829.8	
715.92	6941.9	
716.1	4960.2	
716.28	5954.8	
716.47	4977.9	
716.65	5691.3	
716.83	5829.2	
717.01	4828.4	
717.19	4955.4	
717.38	7785.7	
717.56	5412.8	
717.74	5089.2	
717.92	4133.5	
718.1	6666.1	
718.29	5844.2	
718.47	3865.9	
718.65	4476.9	
718.83	6509.8	
719.01	6403.3	
719.2	3610.6	
719.38	4713.1	
719.56	6129.6	
719.74	7675.8	
719.92	4274.1	
720.11	5333.6	
720.29	6136.4	
720.47	5292	
720.65	3933.5	
720.83	4816.8	
721.02	5669.5	
721.2	5466	
721.38	4859.8	
721.56	4081.6	
721.74	5003.2	
721.92	5235.3	
722.11	5351.3	
722.29	5061.9	
722.47	6439.5	
722.65	5608.7	
722.83	4187.4	
723.01	5033.9	
723.2	5681.7	
723.38	5984.8	
723.56	3579.8	
723.74	4777.9	
723.92	5203.2	
724.1	6361	
724.29	4104.1	
724.47	5231.2	
724.65	5309	
724.83	5148.6	
725.01	3958.7	
725.19	4894.6	
725.37	5285.8	
725.56	5371.1	
725.74	3901.4	
725.92	4093.9	
726.1	5148.6	
726.28	5500.8	
726.46	4561.5	
726.64	4230.4	
726.83	5477.6	
727.01	5720	
727.19	3842	
727.37	4692.6	
727.55	5599.1	
727.73	6075	
727.91	3771.7	
728.09	3631.7	
728.28	6134.3	
728.46	6825.9	
728.64	4795	
728.82	4735.6	
729	7202.7	
729.18	6472.3	
729.36	3917.1	
729.54	6274.3	
729.72	7435.5	
729.91	5679.7	
730.09	5872.9	
730.27	4532.2	
730.45	5590.3	
730.63	6217.6	
730.81	5156.8	
730.99	4154	
731.17	6744.6	
731.35	5270.8	
731.53	4784.1	
731.71	4377.2	
731.9	6512.5	
732.08	6711.9	
732.26	4614.1	
732.44	4255.7	
732.62	6662.7	
732.8	6236.1	
732.98	5058.5	
733.16	4057.7	
733.34	6225.8	
733.52	4997	
733.7	4646.2	
733.88	4888.5	
734.07	6070.2	
734.25	5834.7	
734.43	4020.8	
734.61	5629.9	
734.79	7294.9	
734.97	5659.9	
735.15	4198.3	
735.33	4543.8	
735.51	6051.1	
735.69	5713.2	
735.87	5694	
736.05	4825.7	
736.23	5891.3	
736.41	5683.8	
736.59	4618.9	
736.77	4654.4	
736.95	6345.3	
737.13	5769.1	
737.32	4311.7	
737.5	4486.4	
737.68	6922.8	
737.86	5685.8	
738.04	4084.3	
738.22	6029.2	
738.4	5510.4	
738.58	5816.2	
738.76	4678.2	
738.94	3645.4	
739.12	5607.3	
739.3	5515.9	
739.48	5338.4	
739.66	5070.8	
739.84	5911.1	
740.02	5873.6	
740.2	3740.3	
740.38	4164.9	
740.56	6244.3	
740.74	5183.4	
740.92	4777.2	
741.1	4758.1	
741.28	5756.2	
741.46	5553.4	
741.64	4369.7	
741.82	4870.1	
742	5756.2	
742.18	5741.1	
742.36	4624.3	
742.54	4209.3	
742.72	6304.3	
742.9	5036.6	
743.08	4992.3	
743.26	3807.2	
743.44	6581.5	
743.62	6426.5	
743.8	5124	
743.98	4222.2	
744.16	6151.4	
744.34	5795.8	
744.52	5003.2	
744.7	5009.3	
744.88	6232.7	
745.06	5756.2	
745.24	5143.1	
745.42	5310.4	
745.6	6345.3	
745.78	6184.9	
745.96	3900.7	
746.14	4287.1	
746.32	7159.7	
746.5	6335.1	
746.68	4852.3	
746.86	4268.6	
747.03	6837.5	
747.21	5096.7	
747.39	4842.8	
747.57	4356.7	
747.75	5965.7	
747.93	6419.7	
748.11	4306.2	
748.29	4227.7	
748.47	7671.7	
748.65	5674.9	
748.83	5024.3	
749.01	4785.4	
749.19	6199.2	
749.37	5311.1	
749.55	4633.2	
749.73	4683	
749.91	5933	
750.09	5643.5	
750.26	4771.8	
750.44	4178.5	
750.62	5909.8	
750.8	5870.8	
750.98	4045.4	
751.16	4424.3	
751.34	5993.7	
751.52	5298.8	
751.7	5136.3	
751.88	3934.1	
752.06	6423.8	
752.24	6282.5	
752.42	3984	
752.59	4335.5	
752.77	5877	
752.95	7120.8	
753.13	5081.7	
753.31	4442.7	
753.49	5543.9	
753.67	6053.1	
753.85	4834.6	
754.03	4321.9	
754.21	6324.8	
754.38	6743.3	
754.56	4567.7	
754.74	3621.5	
754.92	5616.9	
755.1	6379.4	
755.28	3753.9	
755.46	3806.5	
755.64	7169.9	
755.82	7283.9	
755.99	4095.3	
756.17	4218.1	
756.35	4786.1	
756.53	6425.8	
756.71	3127.2	
756.89	4060.4	
757.07	5959.6	
757.25	5029.8	
757.42	4536.3	
757.6	5437.4	
757.78	5992.4	
757.96	4950.6	
758.14	4249.5	
758.32	3801	
758.5	4537.6	
758.67	5413.5	
758.85	4079.6	
759.03	4223.6	
759.21	5638.7	
759.39	4993.6	
759.57	3638.6	
759.75	4803.9	
759.92	6212.2	
760.1	5465.3	
760.28	5104.2	
760.46	5425.1	
760.64	5247.6	
760.82	4932.9	
760.99	5034.6	
761.17	4125.3	
761.35	6057.2	
761.53	4995	
761.71	4283	
761.89	5008	
762.06	5953.4	
762.24	5365.7	
762.42	4329.4	
762.6	4199	
762.78	5431.9	
762.96	6081.8	
763.13	4712.4	
763.31	4400.4	
763.49	6266.1	
763.67	5363.6	
763.85	5180	
764.02	5792.3	
764.2	6483.2	
764.38	5651.7	
764.56	4283	
764.74	5147.2	
764.91	6698.2	
765.09	5475.6	
765.27	3902.1	
765.45	3741.6	
765.63	6648.4	
765.8	6563.1	
765.98	3456.3	
766.16	3857	
766.34	5082.4	
766.52	4845.5	
766.69	4776.5	
766.87	3672	
767.05	5469.4	
767.23	6256.5	
767.41	4093.9	
767.58	4234.5	
767.76	6113.9	
767.94	6175.3	
768.12	4091.2	
768.29	4930.8	
768.47	5618.3	
768.65	6347.3	
768.83	3704.1	
769	4945.2	
769.18	5192.3	
769.36	5819	
769.54	4962.2	
769.72	3748.5	
769.89	6183.5	
770.07	6323.4	
770.25	4123.9	
770.43	5418.2	
770.6	6964.5	
770.78	7394.5	
770.96	4305.5	
771.14	4185.4	
771.31	6053.1	
771.49	5492	
771.67	3444	
771.85	3745.1	
772.02	4680.3	
772.2	5466.7	
772.38	4567.7	
772.55	3970.3	
772.73	5756.8	
772.91	5446.9	
773.09	4413.4	
773.26	4472.1	
773.44	5693.4	
773.62	5381.4	
773.8	3882.3	
773.97	3546.4	
774.15	5760.3	
774.33	5345.2	
774.5	3759.4	
774.68	4218.8	
774.86	5986.2	
775.04	5436.7	
775.21	3906.2	
775.39	3860.4	
775.57	5675.6	
775.74	6108.4	
775.92	3764.8	
776.1	3612.6	
776.27	5653.1	
776.45	6894.1	
776.63	3863.8	
776.81	3428.3	
776.98	5358.9	
777.16	6435.4	
777.34	4006.5	
777.51	3975.1	
777.69	5261.2	
777.87	5100.1	
778.04	4128.7	
778.22	4730.1	
778.4	5154.1	
778.57	5833.3	
778.75	3398.3	
778.93	3597.6	
779.1	4918.5	
779.28	4881.7	
779.46	3339.6	
779.64	3880.9	
779.81	5966.4	
779.99	6870.3	
780.17	4657.8	
780.34	4832.5	
780.52	5401.9	
780.69	5606	
780.87	4188.8	
781.05	3837.2	
781.22	5465.3	
781.4	5595.1	
781.58	3980.6	
781.75	3096.5	
781.93	5489.2	
782.11	4932.2	
782.28	4780	
782.46	3869.3	
782.64	4752	
782.81	5731.6	
782.99	4064.5	
783.17	4004.5	
783.34	5618.9	
783.52	4809.3	
783.69	4164.2	
783.87	4992.3	
784.05	4913.1	
784.22	4945.2	
784.4	5046.9	
784.58	4270	
784.75	5905	
784.93	4928.1	
785.1	3956.7	
785.28	4624.3	
785.46	5567.1	
785.63	4824.3	
785.81	3884.3	
785.99	3770.3	
786.16	5088.5	
786.34	5511.8	
786.51	3818.8	
786.69	4242	
786.87	4708.3	
787.04	5203.2	
787.22	3628.3	
787.39	4610	
787.57	4932.9	
787.75	6064.7	
787.92	4812	
788.1	4770.4	
788.27	4955.4	
788.45	4752	
788.63	4461.8	
788.8	3183.9	
788.98	5485.8	
789.15	4688.5	
789.33	3410.6	
789.5	3958.7	
789.68	5911.8	
789.86	6032.6	
790.03	4443.4	
790.21	3855.6	
790.38	5799.8	
790.56	5135.6	
790.73	3689.1	
790.91	3745.1	
791.09	4937	
791.26	5750	
791.44	3888.4	
791.61	3389.4	
791.79	4909	
791.96	5005.2	
792.14	3586	
792.32	3084.2	
792.49	5011.4	
792.67	5105.6	
792.84	3590.8	
793.02	3393.5	
793.19	5410.7	
793.37	6143.9	
793.54	3143.6	
793.72	3439.9	
793.89	6333	
794.07	4984.8	
794.25	4153.3	
794.42	3205.8	
794.6	6042.9	
794.77	5638.1	
794.95	4347.8	
795.12	3822.2	
795.3	4958.8	
795.47	5646.2	
795.65	4117.1	
795.82	4022.2	
796	4795	
796.17	6665.5	
796.35	3910.9	
796.52	4574.5	
796.7	5492	
796.87	5677	
797.05	4815.5	
797.22	4718.5	
797.4	5634.6	
797.57	6607.4	
797.75	4062.5	
797.92	3747.1	
798.1	5912.5	
798.27	4917.9	
798.45	3211.2	
798.62	3463.1	
798.8	5317.2	
798.97	5776.6	
799.15	4242	
799.32	4031.8	
799.5	4569	
799.67	5345.2	
799.85	4348.5	
800.02	3168.9	
800.2	4899.4	
800.37	5315.8	
800.55	4536.3	
800.72	3769.6	
800.9	5724.8	
801.07	6270.2	
801.25	5111	
801.42	4152.6	
801.6	5864.7	
801.77	5520	
801.95	3902.7	
802.12	3701.4	
802.29	5502.2	
802.47	5467.4	
802.64	4147.1	
802.82	3119.1	
802.99	4866	
803.17	5949.3	
803.34	4063.9	
803.52	3642	
803.69	6647	
803.87	4748.6	
804.04	4024.3	
804.21	4105.5	
804.39	6069.5	
804.56	5155.4	
804.74	3379.1	
804.91	4167.6	
805.09	4988.2	
805.26	5095.3	
805.44	3535.5	
805.61	3858.4	
805.78	5652.4	
805.96	5677	
806.13	4202.4	
806.31	4476.2	
806.48	4541.7	
806.66	5116.5	
806.83	4094.6	
807	4104.8	
807.18	4985.4	
807.35	5393.7	
807.53	4021.5	
807.7	3229.6	
807.87	6182.1	
808.05	4967.7	
808.22	4479.6	
808.4	3231.7	
808.57	5056.4	
808.74	4637.3	
808.92	3758	
809.09	4758.8	
809.27	4863.9	
809.44	5477.6	
809.61	3267.2	
809.79	3726.6	
809.96	6186.9	
810.14	5778	
810.31	3223.5	
810.48	3973.7	
810.66	5063.9	
810.83	5933.6	
811.01	3658.4	
811.18	4171.7	
811.35	5734.3	
811.53	4435.9	
811.7	4463.9	
811.87	4175.1	
812.05	5031.2	
812.22	4919.9	
812.39	3597.6	
812.57	3449.5	
812.74	5112.4	
812.92	6747.4	
813.09	3964.9	
813.26	4327.4	
813.44	6441.5	
813.61	4959.5	
813.78	3217.4	
813.96	4331.5	
814.13	5061.9	
814.3	4745.1	
814.48	4708.3	
814.65	3910.3	
814.82	6296.1	
815	4783.4	
815.17	3992.9	
815.34	4868	
815.52	4932.9	
815.69	4987.5	
815.87	3956.7	
816.04	3420.8	
816.21	5036	
816.38	4441.4	
816.56	3895.9	
816.73	3625.6	
816.9	6341.9	
817.08	5784.8	
817.25	3593.5	
817.42	4651.6	
817.6	4588.1	
817.77	5076.2	
817.94	4102.8	
818.12	3596.9	
818.29	4823	
818.46	7576.1	
818.64	3732.8	
818.81	3469.3	
818.98	4718.5	
819.16	6812.9	
819.33	4257.7	
819.5	4012	
819.67	5441.5	
819.85	6021.7	
820.02	3965.6	
820.19	4137.6	
820.37	5283.1	
820.54	4853	
820.71	4062.5	
820.88	5087.2	
821.06	5313.1	
821.23	4767.7	
821.4	4111	
821.58	4061.8	
821.75	5743.2	
821.92	5221.6	
822.09	3263.8	
822.27	3576.4	
822.44	5071.5	
822.61	4982.7	
822.79	3313.6	
822.96	6365.1	
823.13	5544.5	
823.3	4771.1	
823.48	3796.9	
823.65	3408.5	
823.82	5763.7	
823.99	4586.1	
824.17	4911.7	
824.34	3521.1	
824.51	6656.6	
824.68	5119.9	
824.86	3678.2	
825.03	4110.3	
825.2	5008.6	
825.37	6111.8	
825.55	3644.7	
825.72	4021.5	
825.89	6789.7	
826.06	6182.1	
826.24	3920.5	
826.41	3984.7	
826.58	6119.3	
826.75	5375.2	
826.92	3110.9	
827.1	3501.3	
827.27	8432.2	
827.44	6698.2	
827.61	3728.7	
827.79	4547.9	
827.96	4747.2	
828.13	5139	
828.3	3876.1	
828.47	3284.3	
828.65	5247.6	
828.82	5260.5	
828.99	5054.4	
829.16	4377.9	
829.34	5692.7	
829.51	5362.3	
829.68	4042.7	
829.85	4208.6	
830.02	5893.4	
830.2	5642.8	
830.37	3136.1	
830.54	4902.8	
830.71	6415.6	
830.88	5020.3	
831.05	3202.3	
831.23	3650.2	
831.4	6196.5	
831.57	6916.7	
831.74	3769.6	
831.91	3181.9	
832.09	5264.6	
832.26	5649.7	
832.43	3854.3	
832.6	4332.1	
832.77	5306.3	
832.94	6048.3	
833.12	3116.3	
833.29	3828.3	
833.46	5476.3	
833.63	7149.5	
833.8	4257	
833.97	3872	
834.15	5687.2	
834.32	5407.3	
834.49	4020.8	
834.66	4204.5	
834.83	5840.8	
835	4782	
835.17	3730.7	
835.35	3738.2	
835.52	5581.4	
835.69	5406.6	
835.86	3996.3	
836.03	3241.9	
836.2	5625.8	
836.37	5198.4	
836.55	3846.1	
836.72	3650.2	
836.89	5125.4	
837.06	5672.9	
837.23	3926.6	
837.4	4302.1	
837.57	6503	
837.75	7191.1	
837.92	3558.7	
838.09	3771	
838.26	5218.9	
838.43	5918.6	
838.6	4121.9	
838.77	3657.7	
838.94	6778.1	
839.11	6501.6	
839.29	3823.6	
839.46	3050.1	
839.63	5602.6	
839.8	5324.7	
839.97	3792.8	
840.14	3758.7	
840.31	5411.4	
840.48	5662	
840.65	3110.2	
840.82	3704.8	
841	5629.2	
841.17	5534.3	
841.34	3503.4	
841.51	3525.2	
841.68	5568.4	
841.85	5261.9	
842.02	3607.2	
842.19	2967.5	
842.36	5451.7	
842.53	5401.9	
842.7	3470.6	
842.87	4285	
843.05	7171.3	
843.22	5315.2	
843.39	3292.5	
843.56	3593.5	
843.73	5167	
843.9	5689.3	
844.07	5634.6	
844.24	4689.8	
844.41	8275.2	
844.58	4891.9	
844.75	3372.3	
844.92	3667.9	
845.09	5635.3	
845.26	5637.4	
845.43	3473.4	
845.6	3618.1	
845.77	5638.1	
845.94	5380	
846.12	3848.8	
846.29	4027.7	
846.46	5815.5	
846.63	5601.9	
846.8	3386	
846.97	4093.2	
847.14	6054.5	
847.31	5621.7	
847.48	3891.1	
847.65	4275.5	
847.82	5873.6	
847.99	5816.2	
848.16	4646.2	
848.33	4244.1	
848.5	5190.9	
848.67	6111.8	
848.84	3377.1	
849.01	3545	
849.18	5076.9	
849.35	4724.7	
849.52	4328	
849.69	3368.9	
849.86	5856.5	
850.03	6014.2	
850.2	3439.2	
850.37	4201.1	
850.54	6034	
850.71	5302.2	
850.88	4168.3	
851.05	3409.2	
851.22	5543.9	
851.39	6233.3	
851.56	3233.1	
851.73	3916.4	
851.9	4988.9	
852.07	5894.7	
852.24	3848.8	
852.41	3436.5	
852.58	5474.9	
852.75	5018.2	
852.92	3916.4	
853.09	3340.2	
853.26	5229.8	
853.43	6105.7	
853.6	3457	
853.77	2970.9	
853.94	6152.1	
854.11	5633.3	
854.28	5086.5	
854.44	3719.1	
854.61	6612.9	
854.78	5702.9	
854.95	3408.5	
855.12	4354	
855.29	4534.9	
855.46	6371.2	
855.63	3463.1	
855.8	4774.5	
855.97	5168.4	
856.14	5969.8	
856.31	4962.9	
856.48	3722.5	
856.65	5137	
856.82	4915.1	
856.99	3323.9	
857.16	3665.9	
857.33	6872.3	
857.49	5319.9	
857.66	3661.8	
857.83	3995.6	
858	5231.9	
858.17	5421.7	
858.34	3257	
858.51	3449.5	
858.68	6328.2	
858.85	6356.9	
859.02	4019.5	
859.19	4280.9	
859.36	4983.4	
859.52	5005.9	
859.69	3480.2	
859.86	4081.6	
860.03	4988.9	
860.2	6199.2	
860.37	3126.6	
860.54	3482.2	
860.71	5862	
860.88	6299.6	
861.05	3863.2	
861.21	4336.9	
861.38	6290.7	
861.55	4761.5	
861.72	3177.1	
861.89	3826.3	
862.06	5931.6	
862.23	6453.8	
862.4	3312.2	
862.56	3651.5	
862.73	5745.2	
862.9	5373.2	
863.07	4128	
863.24	3128.6	
863.41	4877.6	
863.58	4964.3	
863.75	3491.8	
863.91	3986	
864.08	6244.9	
864.25	5770.5	
864.42	4352.6	
864.59	4855.1	
864.76	6569.2	
864.93	4924.7	
865.09	3396.2	
865.26	3701.4	
865.43	6124.1	
865.6	6401.3	
865.77	2992.8	
865.94	3405.8	
866.1	6181.5	
866.27	5890	
866.44	5182	
866.61	3272	
866.78	5314.5	
866.95	5806.7	
867.11	3358.7	
867.28	3062.4	
867.45	5949.3	
867.62	4977.9	
867.79	4032.5	
867.96	3400.3	
868.12	4909	
868.29	5925.5	
868.46	3444.7	
868.63	4633.2	
868.8	6130.3	
868.97	5814.9	
869.13	3607.2	
869.3	3607.8	
869.47	5696.1	
869.64	5943.9	
869.81	3497.2	
869.97	3508.2	
870.14	5619.6	
870.31	6271.6	
870.48	3342.3	
870.65	4426.3	
870.81	5260.5	
870.98	5168.4	
871.15	3950.5	
871.32	3601	
871.48	5704.3	
871.65	6358.9	
871.82	3458.3	
871.99	3754.6	
872.16	6726.2	
872.32	6167.8	
872.49	3474.7	
872.66	3491.8	
872.83	5901.6	
872.99	5116.5	
873.16	3953.3	
873.33	3448.8	
873.5	5439.4	
873.67	5522.7	
873.83	3622.9	
874	4679.6	
874.17	5623	
874.34	6707.8	
874.5	4448.9	
874.67	4321.2	
874.84	6231.3	
875.01	4916.5	
875.17	4836.6	
875.34	3427.6	
875.51	5504.3	
875.68	6665.5	
875.84	4178.5	
876.01	5056.4	
876.18	5836.7	
876.34	5775.3	
876.51	3504.1	
876.68	3422.8	
876.85	5285.1	
877.01	6075	
877.18	4934.9	
877.35	3422.2	
877.52	5421	
877.68	4842.8	
877.85	3345.7	
878.02	3383.2	
878.18	5415.5	
878.35	5077.6	
878.52	2755.2	
878.69	3889.1	
878.85	5841.5	
879.02	5812.8	
879.19	4922	
879.35	3745.7	
879.52	5806.7	
879.69	6042.2	
879.86	2951.8	
880.02	3862.5	
880.19	5388.2	
880.36	6613.6	
880.52	3949.2	
880.69	4113.7	
880.86	5930.2	
881.02	5979.4	
881.19	3732.1	
881.36	3794.2	
881.52	5773.2	
881.69	5139	
881.86	3706.1	
882.02	3640.6	
882.19	6079.7	
882.36	7097.6	
882.52	3470.6	
882.69	4902.8	
882.86	5591	
883.02	5469.4	
883.19	4155.3	
883.36	3992.2	
883.52	5866.7	
883.69	6646.3	
883.86	3455.6	
884.02	3142.9	
884.19	5889.3	
884.36	5442.1	
884.52	3908.9	
884.69	3682.9	
884.86	5139	
885.02	6515.3	
885.19	3881.6	
885.36	3925.3	
885.52	5401.9	
885.69	5602.6	
885.86	4993.6	
886.02	4404.5	
886.19	5899.5	
886.35	5357.5	
886.52	3824.9	
886.69	4887.1	
886.85	5014.8	
887.02	6268.1	
887.19	6268.1	
887.35	6268.1	
887.52	6268.1	
887.68	6268.1	
887.85	6268.1	
888.02	6268.1	
888.18	6268.1	
888.35	6268.1	
888.51	6268.1	
888.68	6268.1	
888.85	6268.1	
889.01	6268.1	
889.18	6268.1	
889.35	6268.1	
889.51	6268.1	
889.68	6268.1	
889.84	6268.1	
890.01	6268.1	
890.17	6268.1	
890.34	6268.1	
890.51	6268.1	
890.67	6268.1	
890.84	6268.1	
891	6268.1	
891.17	6268.1	
891.34	6268.1	
891.5	6268.1	
891.67	6268.1	
891.83	6268.1	
892	6268.1	
892.16	6268.1	
892.33	6268.1	
892.5	6268.1	
892.66	6268.1	
892.83	6268.1	
892.99	6268.1	
893.16	6268.1	
893.32	6268.1	
893.49	6268.1	
893.65	6268.1	
893.82	6268.1	
893.99	6268.1	
894.15	6268.1	
894.32	6268.1	
894.48	6268.1	
894.65	6268.1	
894.81	6268.1	
894.98	6268.1	
895.14	6268.1	
895.31	6268.1	
895.47	6268.1	
895.64	6268.1	
895.81	6268.1	
895.97	6268.1	
896.14	6268.1	
896.3	6268.1	
896.47	6268.1	
896.63	6268.1	
896.8	6268.1	
896.96	6268.1	
897.13	6268.1	
897.29	6268.1	
897.46	6268.1	
897.62	6268.1	
897.79	6268.1	
897.95	6268.1	
898.12	6268.1	
898.28	6268.1	
898.45	6268.1	
898.61	6268.1	
898.78	6268.1	
898.94	6268.1	
899.11	6268.1	
899.27	6268.1	
899.44	6268.1	
899.6	6268.1	
899.77	6268.1	
899.93	6268.1	
900.1	6268.1	
900.26	6268.1	
900.43	6268.1	
900.59	6268.1	
900.76	6268.1	
900.92	6268.1	
901.09	6268.1	
901.25	6268.1	
901.42	6268.1	
901.58	6268.1	
901.75	6268.1	
901.91	6268.1	
902.07	6268.1	
902.24	6268.1	
902.4	6268.1	
902.57	6268.1	
902.73	6268.1	
902.9	6268.1	
903.06	6268.1	
903.23	6268.1	
903.39	6268.1	
903.56	6268.1	
903.72	6268.1	
903.88	6268.1	
904.05	6268.1	
904.21	6268.1	
904.38	6268.1	
904.54	6268.1	
904.71	6268.1	
904.87	6268.1	
905.03	6268.1	
905.2	6268.1	
905.36	6268.1	
905.53	6268.1	
905.69	6268.1	
905.86	6268.1	
906.02	6268.1	
906.18	6268.1	
906.35	6268.1	
906.51	6268.1	
906.68	6268.1	
906.84	6268.1	
907.01	6268.1	
907.17	6268.1	
907.33	6268.1	
907.5	6268.1	
907.66	6268.1	
907.83	6268.1	
907.99	6268.1	
908.15	6268.1	
908.32	6268.1	
908.48	6268.1	
908.65	6268.1	
908.81	6268.1	
908.97	6268.1	
909.14	6268.1	
909.3	6268.1	
909.47	6268.1	
909.63	6268.1	
909.79	6268.1	
909.96	6268.1	
910.12	6268.1	
910.28	6268.1	
910.45	6268.1	
910.61	6268.1	
910.78	6268.1	
910.94	6268.1	
911.1	6268.1	
911.27	6268.1	
911.43	6268.1	
911.59	6268.1	
911.76	6268.1	
911.92	6268.1	
912.08	6268.1	
912.25	6268.1	
912.41	6268.1	
912.57	6268.1	
912.74	6268.1	
912.9	6268.1	
913.07	6268.1	
913.23	6268.1	
913.39	6268.1	
913.56	6268.1	
913.72	6268.1	
913.88	6268.1	
914.05	6268.1	
914.21	6268.1	
914.37	6268.1	
914.54	6268.1	
914.7	6268.1	
914.86	6268.1	
915.03	6268.1	
915.19	6268.1	
