Wavelength	Intensities	
nm	a.u.	
179.22	1865.9	
179.44	1858.5	
179.65	1873.2	
179.86	1843.9	
180.08	1856.1	
180.29	4607.9	
180.51	3297.9	
180.72	5404.6	
180.94	6254.5	
181.15	3048.7	
181.37	3020.8	
181.58	5272.8	
181.79	5581.4	
182.01	3156.6	
182.22	3381.9	
182.44	5561.6	
182.65	4678.2	
182.87	4224.3	
183.08	3760.8	
183.29	5795.8	
183.51	4795.7	
183.72	3412.6	
183.94	4997.7	
184.15	5177.3	
184.37	5206.6	
184.58	3020.1	
184.79	4098	
185.01	4836.6	
185.22	5503.6	
185.44	4323.9	
185.65	3678.2	
185.86	5115.1	
186.08	4746.5	
186.29	3018	
186.51	3201.7	
186.72	4869.4	
186.94	5656.5	
187.15	3642	
187.36	3751.9	
187.58	7305.1	
187.79	5294.7	
188.01	3958.7	
188.22	6025.8	
188.43	6325.5	
188.65	5515.9	
188.86	3186.6	
189.08	3765.5	
189.29	5018.2	
189.5	4982	
189.72	3492.5	
189.93	3588	
190.15	5722	
190.36	6767.2	
190.57	3828.3	
190.79	3719.1	
191	5795.8	
191.22	5756.8	
191.43	3888.4	
191.64	3192.1	
191.86	6031.3	
192.07	5763.7	
192.29	3390.1	
192.5	3472	
192.71	5720	
192.93	4912.4	
193.14	3497.2	
193.35	3620.1	
193.57	4977.9	
193.78	5801.9	
194	2835.8	
194.21	3483.6	
194.42	4785.4	
194.64	5195.7	
194.85	3788.7	
195.07	4384.7	
195.28	5219.6	
195.49	4577.2	
195.71	4573.8	
195.92	3251.5	
196.13	5380.7	
196.35	5458.5	
196.56	4939	
196.78	3842.7	
196.99	6710.5	
197.2	6315.9	
197.42	4293.2	
197.63	3816.7	
197.84	4659.1	
198.06	5360.2	
198.27	3535.5	
198.48	4697.4	
198.7	5012.1	
198.91	5160.9	
199.13	3810.6	
199.34	3824.2	
199.55	5649	
199.77	4547.2	
199.98	3376.4	
200.19	3827	
200.41	5128.8	
200.62	4887.1	
200.83	3938.9	
201.05	4243.4	
201.26	5171.8	
201.47	4905.6	
201.69	3380.5	
201.9	3269.9	
202.11	5170.4	
202.33	6124.1	
202.54	3644	
202.76	4074.8	
202.97	5282.4	
203.18	5300.8	
203.4	3975.8	
203.61	3908.9	
203.82	5259.2	
204.04	4929.5	
204.25	3882.9	
204.46	3745.7	
204.68	5207.3	
204.89	5465.3	
205.1	3778.5	
205.32	3213.9	
205.53	5578.7	
205.74	5685.2	
205.96	2812.5	
206.17	3846.8	
206.38	5558.9	
206.6	5674.2	
206.81	4302.1	
207.02	3600.3	
207.24	5498.1	
207.45	5831.9	
207.66	3632.4	
207.88	3154.6	
208.09	5422.3	
208.3	5199.8	
208.52	3396.2	
208.73	3713	
208.94	5176.6	
209.15	5905	
209.37	3675.4	
209.58	3820.1	
209.79	5644.9	
210.01	5031.2	
210.22	2944.3	
210.43	3045.3	
210.65	5219.6	
210.86	5603.9	
211.07	3624.9	
211.29	3396.9	
211.5	5502.2	
211.71	5188.9	
211.93	3317.7	
212.14	3402.4	
212.35	5159.5	
212.56	5367	
212.78	3836.5	
212.99	3200.3	
213.2	6053.8	
213.42	4962.2	
213.63	3508.9	
213.84	3734.1	
214.06	4610.7	
214.27	4784.1	
214.48	3624.9	
214.69	3914.4	
214.91	5824.4	
215.12	5927.5	
215.33	3966.2	
215.55	4319.8	
215.76	6319.3	
215.97	5530.9	
216.18	3802.4	
216.4	3713.6	
216.61	4894.6	
216.82	5681.7	
217.04	3387.3	
217.25	3504.8	
217.46	5797.1	
217.67	5583.4	
217.89	3036.5	
218.1	3148.4	
218.31	5290.6	
218.53	5394.3	
218.74	3484.3	
218.95	3442.6	
219.16	5158.8	
219.38	6095.4	
219.59	3445.4	
219.8	4085	
220.01	6714.6	
220.23	5289.2	
220.44	4446.8	
220.65	3330	
220.87	5264.6	
221.08	5806	
221.29	3115.6	
221.5	4138.9	
221.72	7052.5	
221.93	4988.2	
222.14	3868.6	
222.35	4558.8	
222.57	5220.3	
222.78	5550.7	
222.99	3637.9	
223.2	3891.1	
223.42	5477	
223.63	5644.9	
223.84	2855.6	
224.05	2845.3	
224.27	6596.5	
224.48	5984.8	
224.69	4524	
224.9	3895.2	
225.12	5418.9	
225.33	5186.1	
225.54	3087.7	
225.75	3387.3	
225.97	4812	
226.18	5122.7	
226.39	3692.5	
226.6	3439.2	
226.82	5014.1	
227.03	4821.6	
227.24	3866.6	
227.45	3178.4	
227.67	5610.1	
227.88	6077	
228.09	4293.2	
228.3	4305.5	
228.52	5626.5	
228.73	5172.5	
228.94	3599	
229.15	3207.1	
229.36	5143.8	
229.58	5039.4	
229.79	3638.6	
230	4192.2	
230.21	6134.3	
230.43	5296	
230.64	3832.4	
230.85	3952.6	
231.06	5536.3	
231.28	5553.4	
231.49	3193.5	
231.7	3749.8	
231.91	5524.1	
232.12	5231.9	
232.34	3267.2	
232.55	3751.2	
232.76	5793.7	
232.97	5316.5	
233.18	3401	
233.4	3792.8	
233.61	5386.2	
233.82	4949.3	
234.03	3498.6	
234.25	3481.5	
234.46	7126.2	
234.67	5295.4	
234.88	3903.4	
235.09	3412.6	
235.31	5436	
235.52	5125.4	
235.73	3764.8	
235.94	3213.9	
236.15	4991.6	
236.37	6294.1	
236.58	3379.8	
236.79	3677.5	
237	5524.7	
237.21	4729.4	
237.43	3958	
237.64	3105.4	
237.85	9086.2	
238.06	4792.9	
238.27	4034.5	
238.48	3261	
238.7	5538.4	
238.91	5114.5	
239.12	3652.2	
239.33	3726.6	
239.54	4935.6	
239.76	5188.9	
239.97	3652.2	
240.18	3635.1	
240.39	6475.7	
240.6	5457.2	
240.82	3844.7	
241.03	3141.6	
241.24	5238	
241.45	6016.9	
241.66	3421.5	
241.87	3949.2	
242.09	5869.5	
242.3	6220.4	
242.51	4042	
242.72	3689.1	
242.93	5636	
243.14	5170.4	
243.36	4252.3	
243.57	4611.3	
243.78	6031.3	
243.99	5581.4	
244.2	3720.5	
244.41	3346.4	
244.63	4778.6	
244.84	5507.7	
245.05	3923.9	
245.26	3702	
245.47	5498.8	
245.68	5705	
245.9	4844.1	
246.11	3888.4	
246.32	5089.9	
246.53	5447.6	
246.74	5930.9	
246.95	3138.9	
247.16	4752	
247.38	5184.8	
247.59	3111.5	
247.8	3697.9	
248.01	4964.3	
248.22	5167	
248.43	3326.6	
248.64	3600.3	
248.86	4695.3	
249.07	4998.4	
249.28	3242.6	
249.49	3825.6	
249.7	5691.3	
249.91	5858.6	
250.12	3081.5	
250.34	3138.2	
250.55	5343.8	
250.76	5174.5	
250.97	3788.7	
251.18	3828.3	
251.39	5836.7	
251.6	5317.2	
251.81	3863.2	
252.03	3857	
252.24	4988.2	
252.45	5656.5	
252.66	3201	
252.87	4059.1	
253.08	5227.1	
253.29	6723.5	
253.5	3229	
253.72	4468	
253.93	5113.1	
254.14	6182.8	
254.35	3514.3	
254.56	3646.7	
254.77	5436.7	
254.98	4786.8	
255.19	3482.2	
255.41	4442.7	
255.62	5356.1	
255.83	5870.8	
256.04	3917.1	
256.25	3801	
256.46	6376.7	
256.67	4960.9	
256.88	3803.1	
257.09	4177.9	
257.31	4922.6	
257.52	4917.2	
257.73	4712.4	
257.94	3458.3	
258.15	5094.7	
258.36	5206.6	
258.57	4441.4	
258.78	2853.5	
258.99	5614.2	
259.2	5059.2	
259.41	3528	
259.63	3657	
259.84	5999.9	
260.05	6398.5	
260.26	4526.7	
260.47	3465.2	
260.68	5760.3	
260.89	5145.2	
261.1	4222.2	
261.31	3360	
261.52	5892	
261.73	6102.3	
261.95	4536.3	
262.16	3990.1	
262.37	5849.7	
262.58	5976.7	
262.79	4470.7	
263	3594.9	
263.21	5261.2	
263.42	5146.5	
263.63	3601.7	
263.84	3579.8	
264.05	5716.6	
264.26	6151.4	
264.47	4364.9	
264.69	3958.7	
264.9	5882.4	
265.11	5406	
265.32	3437.2	
265.53	3532.7	
265.74	5335.6	
265.95	4657.1	
266.16	3811.3	
266.37	4123.9	
266.58	5395.7	
266.79	5048.2	
267	3439.2	
267.21	3265.8	
267.42	4814.8	
267.63	5275.6	
267.84	3680.9	
268.06	3170.3	
268.27	5640.8	
268.48	5864.7	
268.69	3591.5	
268.9	4184	
269.11	5932.3	
269.32	4724	
269.53	3723.2	
269.74	3395.5	
269.95	5526.8	
270.16	4625.7	
270.37	3702	
270.58	4286.4	
270.79	5051.7	
271	5708.4	
271.21	3932.8	
271.42	3728.7	
271.63	5332.2	
271.84	4894.6	
272.05	2957.3	
272.26	3331.4	
272.47	5249.6	
272.68	5369.8	
272.89	3553.2	
273.11	4108.2	
273.32	5050.3	
273.53	6096.8	
273.74	3994.2	
273.95	3893.2	
274.16	5749.3	
274.37	5229.8	
274.58	4081.6	
274.79	3222.8	
275	5328.1	
275.21	5810.1	
275.42	4779.3	
275.63	4137.6	
275.84	5489.9	
276.05	6788.3	
276.26	3899.3	
276.47	3644	
276.68	5104.2	
276.89	6158.2	
277.1	4142.4	
277.31	3317	
277.52	5464	
277.73	5668.8	
277.94	3179.1	
278.15	3598.3	
278.36	5408	
278.57	4895.3	
278.78	3500.7	
278.99	3991.5	
279.2	4894.6	
279.41	4821.6	
279.62	4629.1	
279.83	3296.5	
280.04	6350.8	
280.25	4788.2	
280.46	4639.3	
280.67	3715	
280.88	4846.2	
281.09	5786.2	
281.3	3847.5	
281.51	4829.8	
281.72	4973.8	
281.93	5707.7	
282.14	3475.4	
282.35	3760.1	
282.56	5712.5	
282.77	5629.2	
282.98	3561.4	
283.19	4356.7	
283.4	6947.4	
283.61	5208.7	
283.82	3282.2	
284.03	4604.5	
284.24	5339.7	
284.45	5808	
284.66	4501.4	
284.87	4394.9	
285.08	5752.1	
285.29	5858.6	
285.5	3133.4	
285.71	3617.4	
285.92	5797.8	
286.12	6437.4	
286.33	4537.6	
286.54	3609.9	
286.75	5650.3	
286.96	5113.1	
287.17	3330.7	
287.38	4391.5	
287.59	4941.1	
287.8	4896	
288.01	3628.3	
288.22	4105.5	
288.43	5698.1	
288.64	4747.2	
288.85	4280.3	
289.06	4046.1	
289.27	5640.8	
289.48	6094.8	
289.69	4528.1	
289.9	4136.9	
290.11	5866.1	
290.32	4955.4	
290.53	4292.5	
290.74	4027	
290.94	5607.3	
291.15	5709.7	
291.36	3532.1	
291.57	4108.9	
291.78	4992.3	
291.99	4730.1	
292.2	3368.9	
292.41	4046.1	
292.62	5756.2	
292.83	5543.2	
293.04	4859.8	
293.25	3363.4	
293.46	5030.5	
293.67	5798.5	
293.88	3484.3	
294.09	3357.3	
294.29	4801.1	
294.5	5374.6	
294.71	3720.5	
294.92	3591.5	
295.13	5077.6	
295.34	6242.2	
295.55	3131.3	
295.76	3209.8	
295.97	5612.1	
296.18	6334.4	
296.39	3321.8	
296.6	3511.6	
296.81	5354.1	
297.01	5651	
297.22	3624.2	
297.43	3441.3	
297.64	4938.3	
297.85	4917.2	
298.06	2856.2	
298.27	3182.5	
298.48	5265.3	
298.69	4912.4	
298.9	3769.6	
299.11	3367.5	
299.31	4768.4	
299.52	4882.4	
299.73	4003.8	
299.94	3943.7	
300.15	5228.5	
300.36	4928.8	
300.57	3949.2	
300.78	3880.2	
300.99	5123.3	
301.2	5337.7	
301.4	3493.2	
301.61	3700.7	
301.82	5484.5	
302.03	5640.8	
302.24	4235.2	
302.45	3302.7	
302.66	5520	
302.87	5856.5	
303.08	3480.2	
303.29	4683.7	
303.49	4995	
303.7	5217.5	
303.91	3123.8	
304.12	4507.6	
304.33	4797	
304.54	5387.5	
304.75	3517.7	
304.96	3345	
305.16	5504.9	
305.37	6233.3	
305.58	3037.1	
305.79	3165.5	
306	5589.6	
306.21	4685.8	
306.42	3508.2	
306.63	5241.4	
306.83	5073.5	
307.04	5730.9	
307.25	3833.1	
307.46	3804.4	
307.67	4571.7	
307.88	5621	
308.09	3428.3	
308.29	3519.1	
308.5	5305.6	
308.71	5769.8	
308.92	3701.4	
309.13	3394.2	
309.34	5113.8	
309.55	5154.7	
309.75	4273.4	
309.96	3918.4	
310.17	5637.4	
310.38	4904.9	
310.59	4147.1	
310.8	3267.9	
311.01	6218.3	
311.21	5127.4	
311.42	3305.4	
311.63	3534.1	
311.84	5063.3	
312.05	5302.2	
312.26	3863.2	
312.46	4187.4	
312.67	5066	
312.88	4839.4	
313.09	3327.9	
313.3	3296.5	
313.51	5965.1	
313.71	6253.1	
313.92	3374.4	
314.13	3532.7	
314.34	5406	
314.55	5160.9	
314.76	4242.7	
314.96	3734.8	
315.17	5357.5	
315.38	5553.4	
315.59	3366.2	
315.8	3196.2	
316.01	6002.6	
316.21	6124.1	
316.42	3242.6	
316.63	3717.1	
316.84	5146.5	
317.05	5898.1	
317.26	3973.1	
317.46	3597.6	
317.67	5199.8	
317.88	5596.4	
318.09	4255	
318.3	3135.4	
318.5	5042.8	
318.71	5487.2	
318.92	5348.6	
319.13	3933.5	
319.34	5702.9	
319.54	5860.6	
319.75	3158.7	
319.96	3024.8	
320.17	5556.8	
320.38	5780.7	
320.58	3066.5	
320.79	3659.7	
321	5820.3	
321.21	5824.4	
321.42	3744.4	
321.62	3102.7	
321.83	4876.9	
322.04	5247.6	
322.25	3614.7	
322.46	3375.7	
322.66	5358.9	
322.87	5485.8	
323.08	4144.4	
323.29	3306.8	
323.5	6214.2	
323.7	4825	
323.91	4539	
324.12	4118.5	
324.33	5304.9	
324.53	5555.5	
324.74	3941.7	
324.95	4160.1	
325.16	4719.2	
325.37	5089.9	
325.57	3406.5	
325.78	3401	
325.99	5304.2	
326.2	4773.8	
326.4	4841.4	
326.61	3112.9	
326.82	5207.3	
327.03	5337.7	
327.24	4751.3	
327.44	4485.7	
327.65	5464.7	
327.86	4541	
328.07	3947.8	
328.27	3261	
328.48	5890	
328.69	4853	
328.9	4800.4	
329.1	3573	
329.31	5110.4	
329.52	6012.8	
329.73	3362.8	
329.93	3819.5	
330.14	5285.8	
330.35	5466	
330.56	5431.2	
330.76	4129.4	
330.97	5126.7	
331.18	5405.3	
331.39	3680.9	
331.59	3064.4	
331.8	5840.1	
332.01	5871.5	
332.22	3489.7	
332.42	3984.7	
332.63	5362.3	
332.84	4993.6	
333.05	3780.6	
333.25	3454.9	
333.46	4977.9	
333.67	5298.8	
333.88	3538.9	
334.08	3928	
334.29	6984.9	
334.5	5789.6	
334.7	3296.5	
334.91	4762.9	
335.12	4848.2	
335.33	5675.6	
335.53	3753.2	
335.74	5458.5	
335.95	5081	
336.16	4860.5	
336.36	3779.9	
336.57	4261.8	
336.78	4829.8	
336.98	5772.5	
337.19	4595.6	
337.4	3663.8	
337.61	6297.5	
337.81	4833.9	
338.02	3454.2	
338.23	4456.4	
338.43	5992.4	
338.64	4904.9	
338.85	3390.8	
339.05	4433.2	
339.26	6053.8	
339.47	4745.1	
339.68	3390.8	
339.88	5006.6	
340.09	5483.8	
340.3	5751.4	
340.5	4035.2	
340.71	3073.3	
340.92	4785.4	
341.13	5914.5	
341.33	3315	
341.54	4016.1	
341.75	5445.5	
341.95	5117.2	
342.16	3775.1	
342.37	4108.9	
342.57	4890.5	
342.78	5258.5	
342.99	4158.7	
343.19	3066.5	
343.4	5638.7	
343.61	5500.8	
343.81	3607.8	
344.02	3314.3	
344.23	5676.3	
344.43	5994.4	
344.64	4177.2	
344.85	4018.8	
345.06	5517.2	
345.26	5807.4	
345.47	3951.9	
345.68	4552.6	
345.88	4698	
346.09	5695.4	
346.3	4017.4	
346.5	3042.6	
346.71	5286.5	
346.92	4987.5	
347.12	3142.9	
347.33	3868.6	
347.54	5834.7	
347.74	6115.9	
347.95	3947.8	
348.16	2908.1	
348.36	5102.9	
348.57	4810.7	
348.78	3891.1	
348.98	4160.8	
349.19	5260.5	
349.39	4823.6	
349.6	3124.5	
349.81	3447.4	
350.01	5496.7	
350.22	5000.5	
350.43	3775.1	
350.63	4452.3	
350.84	5262.6	
351.05	5073.5	
351.25	3452.9	
351.46	3130.7	
351.67	5732.9	
351.87	5025.7	
352.08	3646.7	
352.29	4194.9	
352.49	5748	
352.7	5801.9	
352.9	3342.3	
353.11	4215.4	
353.32	6383.5	
353.52	5137.7	
353.73	3301.3	
353.94	4235.2	
354.14	5606	
354.35	5407.3	
354.55	3431	
354.76	3796.9	
354.97	5579.3	
355.17	5344.5	
355.38	3252.2	
355.59	4552.6	
355.79	4998.4	
356	5413.5	
356.2	3809.2	
356.41	3341.6	
356.62	4784.1	
356.82	5261.2	
357.03	4089.1	
357.24	3707.5	
357.44	5109.7	
357.65	5195.7	
357.85	4863.9	
358.06	3919.1	
358.27	4791.6	
358.47	4957.4	
358.68	3261	
358.88	4128.7	
359.09	5627.8	
359.3	5971.9	
359.5	4801.8	
359.71	4231.8	
359.91	6371.2	
360.12	5788.9	
360.33	4063.9	
360.53	4567	
360.74	5159.5	
360.94	5266.7	
361.15	4373.1	
361.36	3669.3	
361.56	5892.7	
361.77	5365	
361.97	4820.2	
362.18	3914.4	
362.38	5984.2	
362.59	5085.8	
362.8	3620.1	
363	3473.4	
363.21	4967.7	
363.41	5513.8	
363.62	4126.7	
363.83	5107	
364.03	5664	
364.24	6508.4	
364.44	5239.4	
364.65	5148.6	
364.85	5452.4	
365.06	5136.3	
365.27	3851.5	
365.47	3867.2	
365.68	6373.3	
365.88	5438	
366.09	4186.7	
366.29	3898	
366.5	5793.7	
366.71	6050.4	
366.91	5182	
367.12	4408.6	
367.32	6648.4	
367.53	5995.8	
367.73	4407.2	
367.94	5237.3	
368.14	5948.7	
368.35	6710.5	
368.56	4388.1	
368.76	3823.6	
368.97	6063.4	
369.17	7649.8	
369.38	3918.4	
369.58	4204.5	
369.79	5180	
369.99	6448.4	
370.2	5150	
370.4	4232.5	
370.61	5806.7	
370.82	6884.6	
371.02	4190.1	
371.23	3610.6	
371.43	5131.5	
371.64	6371.9	
371.84	4192.9	
372.05	5308.3	
372.25	7621.2	
372.46	6178.7	
372.66	4313.7	
372.87	4339	
373.07	6263.4	
373.28	7767.3	
373.48	5265.3	
373.69	5018.9	
373.9	5849.7	
374.1	5911.8	
374.31	5300.1	
374.51	4870.8	
374.72	6657.3	
374.92	5536.3	
375.13	5492.7	
375.33	4721.3	
375.54	6378.7	
375.74	5797.1	
375.95	4910.3	
376.15	6029.2	
376.36	6431.3	
376.56	6260	
376.77	4997	
376.97	5386.8	
377.18	7406.1	
377.38	6576	
377.59	5794.4	
377.79	4707.6	
378	6472.3	
378.2	6860	
378.41	4758.1	
378.61	4691.9	
378.82	6893.5	
379.02	6198.5	
379.23	4943.1	
379.43	6045.6	
379.64	7055.9	
379.84	6787	
380.05	4829.8	
380.25	4770.4	
380.46	6806.1	
380.66	6375.3	
380.87	5997.8	
381.07	6351.4	
381.28	7309.2	
381.48	6758.3	
381.69	4810	
381.89	4945.2	
382.1	5819	
382.3	6925.5	
382.51	5872.2	
382.71	6754.9	
382.91	6783.6	
383.12	7273.7	
383.32	5103.5	
383.53	5285.8	
383.73	6608.8	
383.94	6510.5	
384.14	5171.1	
384.35	4453.6	
384.55	6319.3	
384.76	6806.8	
384.96	5061.9	
385.17	5377.3	
385.37	6785.6	
385.58	6001.2	
385.78	5328.1	
385.98	4328.7	
386.19	6128.2	
386.39	6533.7	
386.6	4795	
386.8	5026.4	
387.01	6728.3	
387.21	6737.1	
387.42	5469.4	
387.62	6123.4	
387.83	6190.3	
388.03	6767.2	
388.23	5286.5	
388.44	6079.7	
388.64	5961.6	
388.85	6096.1	
389.05	5715.2	
389.26	6287.9	
389.46	7957	
389.67	7453.9	
389.87	5871.5	
390.07	5887.2	
390.28	6776.7	
390.48	6418.3	
390.69	5151.3	
390.89	5369.1	
391.1	6488.6	
391.3	7362.4	
391.5	6483.9	
391.71	7044.3	
391.91	7202.7	
392.12	8164.6	
392.32	6644.3	
392.53	5872.9	
392.73	6703.7	
392.93	6785.6	
393.14	5670.8	
393.34	6502.3	
393.55	7203.4	
393.75	6739.2	
393.95	5446.2	
394.16	5429.8	
394.36	6527.6	
394.57	7012.2	
394.77	5026.4	
394.98	5291.3	
395.18	6489.3	
395.38	6675	
395.59	6365.8	
395.79	5443.5	
396	6830	
396.2	7309.2	
396.4	6433.4	
396.61	6332.3	
396.81	7701.7	
397.02	7034.1	
397.22	6718	
397.42	6750.8	
397.63	7776.8	
397.83	7051.8	
398.04	5747.3	
398.24	6361	
398.44	7511.3	
398.65	6784.9	
398.85	5636	
399.05	5733.6	
399.26	7164.5	
399.46	8706.6	
399.67	6219.7	
399.87	5870.2	
400.07	7469.6	
400.28	7837.6	
400.48	6139.1	
400.69	7128.3	
400.89	8156.4	
401.09	8578.3	
401.3	6205.3	
401.5	7175.4	
401.7	9006.3	
401.91	9228.1	
402.11	6677.7	
402.32	6839.5	
402.52	8510.7	
402.72	8298.4	
402.93	7121.5	
403.13	5864.7	
403.33	8944.8	
403.54	7477.1	
403.74	6415.6	
403.94	6989	
404.15	7324.9	
404.35	8447.2	
404.56	5945.9	
404.76	7592.5	
404.96	7843.7	
405.17	7686	
405.37	7338.6	
405.57	6709.8	
405.78	8331.1	
405.98	7677.8	
406.18	6552.1	
406.39	7405.5	
406.59	8264.9	
406.79	7875.1	
407	6217.6	
407.2	6072.2	
407.4	8146.1	
407.61	8184.4	
407.81	6170.5	
408.01	8012.3	
408.22	7329	
408.42	9300.5	
408.62	7625.3	
408.83	7464.8	
409.03	8709.3	
409.23	8456.1	
409.44	7810.3	
409.64	8103.1	
409.84	9834.3	
410.05	9927.2	
410.25	8362.5	
410.45	8037.6	
410.66	9773.6	
410.86	11871	
411.06	8860.2	
411.27	8679.3	
411.47	12056	
411.67	10116	
411.88	9012.4	
412.08	9544.2	
412.28	10899	
412.49	11412	
412.69	9153.7	
412.89	9323.7	
413.09	11347	
413.3	11333	
413.5	9416.6	
413.7	9160.6	
413.91	10630	
414.11	11637	
414.31	9534	
414.52	10154	
414.72	11242	
414.92	11467	
415.12	9566.7	
415.33	10167	
415.53	11816	
415.73	11972	
415.94	10415	
416.14	9964.1	
416.34	11030	
416.55	10677	
416.75	11157	
416.95	10761	
417.15	12069	
417.36	12524	
417.56	11689	
417.76	10785	
417.97	12569	
418.17	12350	
418.37	10398	
418.57	10681	
418.78	12368	
418.98	11893	
419.18	11531	
419.38	11326	
419.59	11953	
419.79	11376	
419.99	10318	
420.2	10632	
420.4	12304	
420.6	12316	
420.8	10376	
421.01	10167	
421.21	12485	
421.41	12504	
421.61	10828	
421.82	10655	
422.02	12054	
422.22	12791	
422.42	11482	
422.63	10683	
422.83	11972	
423.03	13241	
423.23	10826	
423.44	9990.7	
423.64	12073	
423.84	11565	
424.04	10344	
424.25	10030	
424.45	12646	
424.65	12525	
424.85	9781.1	
425.06	10321	
425.26	12672	
425.46	11622	
425.66	10691	
425.87	10488	
426.07	12517	
426.27	12196	
426.47	10625	
426.67	9955.9	
426.88	12658	
427.08	12131	
427.28	10901	
427.48	9841.2	
427.69	11013	
427.89	11713	
428.09	10789	
428.29	9971.6	
428.5	12377	
428.7	11959	
428.9	9898.5	
429.1	10258	
429.3	11979	
429.51	12340	
429.71	10058	
429.91	11020	
430.11	12469	
430.31	12805	
430.52	10693	
430.72	11224	
430.92	13096	
431.12	12719	
431.32	10712	
431.53	10848	
431.73	11730	
431.93	13088	
432.13	10321	
432.33	10376	
432.54	12006	
432.74	12685	
432.94	10563	
433.14	11420	
433.34	12826	
433.55	12611	
433.75	11610	
433.95	13504	
434.15	12854	
434.35	12749	
434.56	10771	
434.76	10757	
434.96	13058	
435.16	13472	
435.36	11036	
435.56	12367	
435.77	12998	
435.97	13039	
436.17	13061	
436.37	12340	
436.57	13004	
436.78	13213	
436.98	13123	
437.18	12970	
437.38	14185	
437.58	13304	
437.78	12983	
437.99	11697	
438.19	13583	
438.39	14350	
438.59	11660	
438.79	10888	
438.99	13979	
439.2	12771	
439.4	10773	
439.6	10797	
439.8	13074	
440	14302	
440.2	12267	
440.4	12523	
440.61	14309	
440.81	14900	
441.01	12251	
441.21	13346	
441.41	15457	
441.61	14726	
441.81	13809	
442.02	14658	
442.22	15546	
442.42	14977	
442.62	12573	
442.82	12406	
443.02	15226	
443.22	14577	
443.43	13205	
443.63	12664	
443.83	14149	
444.03	14435	
444.23	14252	
444.43	13781	
444.63	15132	
444.83	16140	
445.04	13507	
445.24	14590	
445.44	15235	
445.64	15547	
445.84	13542	
446.04	13927	
446.24	14444	
446.44	15335	
446.65	12594	
446.85	13286	
447.05	13935	
447.25	15123	
447.45	13112	
447.65	12666	
447.85	14638	
448.05	13946	
448.25	13716	
448.46	13495	
448.66	14693	
448.86	14355	
449.06	12650	
449.26	13607	
449.46	15317	
449.66	14279	
449.86	13521	
450.06	13428	
450.26	14673	
450.47	15324	
450.67	13485	
450.87	14080	
451.07	15444	
451.27	15279	
451.47	12962	
451.67	13885	
451.87	15027	
452.07	15738	
452.27	13650	
452.47	13477	
452.67	15242	
452.88	15842	
453.08	12822	
453.28	14844	
453.48	16640	
453.68	14879	
453.88	13622	
454.08	13676	
454.28	15784	
454.48	15337	
454.68	14186	
454.88	14547	
455.08	15811	
455.28	16094	
455.48	13462	
455.68	14497	
455.89	16712	
456.09	16427	
456.29	14149	
456.49	14532	
456.69	16997	
456.89	16001	
457.09	15067	
457.29	15815	
457.49	16711	
457.69	17038	
457.89	15488	
458.09	14797	
458.29	16871	
458.49	17734	
458.69	16068	
458.89	15745	
459.09	18310	
459.29	18148	
459.49	15690	
459.69	16488	
459.9	17594	
460.1	17767	
460.3	15390	
460.5	15393	
460.7	17613	
460.9	17506	
461.1	15119	
461.3	16621	
461.5	18780	
461.7	18291	
461.9	16412	
462.1	16378	
462.3	18256	
462.5	18803	
462.7	16528	
462.9	16791	
463.1	19998	
463.3	20065	
463.5	17019	
463.7	18711	
463.9	19179	
464.1	19677	
464.3	18314	
464.5	18060	
464.7	20217	
464.9	20437	
465.1	19626	
465.3	18684	
465.5	20563	
465.7	20842	
465.9	19333	
466.1	18423	
466.3	21024	
466.5	20188	
466.7	20381	
466.9	18832	
467.1	20796	
467.3	21671	
467.5	20533	
467.7	19487	
467.9	22111	
468.1	23070	
468.3	19996	
468.5	20906	
468.7	21407	
468.9	21179	
469.1	20160	
469.3	21018	
469.5	23401	
469.7	21345	
469.9	20422	
470.1	20071	
470.3	21826	
470.5	21825	
470.7	21242	
470.9	20083	
471.1	21609	
471.3	21310	
471.5	20033	
471.69	21600	
471.89	21044	
472.09	20530	
472.29	20849	
472.49	20302	
472.69	21116	
472.89	21664	
473.09	19920	
473.29	19514	
473.49	21079	
473.69	20905	
473.89	20364	
474.09	19559	
474.29	22056	
474.49	21660	
474.69	20448	
474.89	19610	
475.09	21003	
475.29	21080	
475.49	19074	
475.69	19591	
475.88	22092	
476.08	21193	
476.28	19288	
476.48	19212	
476.68	21299	
476.88	21174	
477.08	18832	
477.28	19572	
477.48	20245	
477.68	20881	
477.88	18942	
478.08	19149	
478.28	21608	
478.48	20660	
478.67	19357	
478.87	18465	
479.07	21930	
479.27	20654	
479.47	19604	
479.67	19639	
479.87	21498	
480.07	22003	
480.27	19137	
480.47	20384	
480.67	20766	
480.87	21893	
481.06	19256	
481.26	20125	
481.46	21230	
481.66	21081	
481.86	19761	
482.06	20738	
482.26	20852	
482.46	21755	
482.66	19578	
482.86	19489	
483.05	21318	
483.25	20565	
483.45	22033	
483.65	19882	
483.85	21139	
484.05	21401	
484.25	20340	
484.45	21141	
484.65	22346	
484.84	22672	
485.04	19957	
485.24	20118	
485.44	22902	
485.64	21329	
485.84	19756	
486.04	21118	
486.24	21890	
486.44	22242	
486.63	19934	
486.83	20902	
487.03	22082	
487.23	22251	
487.43	20071	
487.63	22485	
487.83	22710	
488.02	23488	
488.22	21610	
488.42	22353	
488.62	23494	
488.82	22636	
489.02	21001	
489.22	21366	
489.41	23344	
489.61	23330	
489.81	21045	
490.01	21080	
490.21	23558	
490.41	24191	
490.61	21338	
490.8	21452	
491	23347	
491.2	22427	
491.4	21645	
491.6	20837	
491.8	22590	
491.99	22441	
492.19	20182	
492.39	20352	
492.59	22996	
492.79	23246	
492.99	21659	
493.18	20996	
493.38	23639	
493.58	25145	
493.78	22431	
493.98	22197	
494.18	24329	
494.37	24000	
494.57	23461	
494.77	23297	
494.97	25089	
495.17	25735	
495.37	23589	
495.56	23847	
495.76	26478	
495.96	26128	
496.16	25002	
496.36	24456	
496.55	26609	
496.75	26194	
496.95	24847	
497.15	24628	
497.35	26253	
497.54	26609	
497.74	24333	
497.94	25920	
498.14	27378	
498.34	27053	
498.53	24348	
498.73	25281	
498.93	26451	
499.13	26909	
499.33	25526	
499.52	25490	
499.72	27500	
499.92	27296	
500.12	25431	
500.32	25530	
500.51	27702	
500.71	27790	
500.91	26497	
501.11	26069	
501.31	27575	
501.5	27970	
501.7	26815	
501.9	25950	
502.1	27336	
502.29	27706	
502.49	26562	
502.69	26512	
502.89	27483	
503.09	27691	
503.28	24915	
503.48	25058	
503.68	26392	
503.88	26787	
504.07	25803	
504.27	25010	
504.47	26951	
504.67	26796	
504.86	25545	
505.06	25191	
505.26	26176	
505.46	27796	
505.65	25213	
505.85	24884	
506.05	25847	
506.25	26172	
506.44	23905	
506.64	24460	
506.84	25357	
507.04	25888	
507.23	23676	
507.43	24217	
507.63	26938	
507.83	25609	
508.02	24458	
508.22	24024	
508.42	27594	
508.62	25464	
508.81	23951	
509.01	24787	
509.21	24981	
509.4	25339	
509.6	24133	
509.8	23787	
510	25000	
510.19	26858	
510.39	23627	
510.59	23939	
510.79	25559	
510.98	26663	
511.18	24088	
511.38	24193	
511.57	26252	
511.77	26181	
511.97	24612	
512.17	23526	
512.36	26080	
512.56	25811	
512.76	23500	
512.95	23244	
513.15	25907	
513.35	24647	
513.55	24410	
513.74	23498	
513.94	26037	
514.14	25558	
514.33	24726	
514.53	24472	
514.73	25346	
514.92	25769	
515.12	23953	
515.32	23660	
515.51	25755	
515.71	26382	
515.91	25714	
516.11	24168	
516.3	27745	
516.5	25581	
516.7	24594	
516.89	25303	
517.09	25684	
517.29	25819	
517.48	24879	
517.68	24154	
517.88	25477	
518.07	25914	
518.27	24737	
518.47	23748	
518.66	26349	
518.86	25116	
519.06	23382	
519.25	24024	
519.45	25576	
519.65	27211	
519.84	24786	
520.04	25700	
520.24	27553	
520.43	26259	
520.63	24616	
520.83	24261	
521.02	25278	
521.22	25612	
521.42	23913	
521.61	24477	
521.81	24849	
522.01	25034	
522.2	23993	
522.4	23758	
522.6	26009	
522.79	24944	
522.99	23907	
523.18	23999	
523.38	26150	
523.58	26277	
523.77	26337	
523.97	24608	
524.17	28522	
524.36	27997	
524.56	26280	
524.76	26187	
524.95	27469	
525.15	27271	
525.34	26020	
525.54	26445	
525.74	28256	
525.93	27572	
526.13	27910	
526.33	26893	
526.52	29039	
526.72	28492	
526.91	28080	
527.11	27554	
527.31	29113	
527.5	29616	
527.7	27757	
527.89	26826	
528.09	28611	
528.29	29535	
528.48	28057	
528.68	27661	
528.87	29363	
529.07	29341	
529.27	27797	
529.46	27430	
529.66	29554	
529.85	29928	
530.05	27533	
530.25	28381	
530.44	30823	
530.64	28872	
530.83	27506	
531.03	27793	
531.23	29386	
531.42	29302	
531.62	28513	
531.81	27829	
532.01	30200	
532.21	30687	
532.4	28552	
532.6	29091	
532.79	31771	
532.99	31337	
533.18	29771	
533.38	30392	
533.58	31207	
533.77	31591	
533.97	29945	
534.16	30504	
534.36	32264	
534.55	31565	
534.75	30819	
534.95	30227	
535.14	32735	
535.34	31766	
535.53	29842	
535.73	31664	
535.92	32720	
536.12	31395	
536.31	29501	
536.51	30791	
536.71	31393	
536.9	30901	
537.1	29362	
537.29	29707	
537.49	31740	
537.68	31059	
537.88	30156	
538.07	29427	
538.27	31472	
538.46	32444	
538.66	29373	
538.86	30001	
539.05	31533	
539.25	31935	
539.44	30838	
539.64	29874	
539.83	31427	
540.03	32232	
540.22	29744	
540.42	29369	
540.61	31094	
540.81	31355	
541	29351	
541.2	30476	
541.39	30567	
541.59	31126	
541.78	30453	
541.98	29004	
542.18	30250	
542.37	30197	
542.57	29089	
542.76	30088	
542.96	29765	
543.15	30666	
543.35	28842	
543.54	28254	
543.74	30279	
543.93	30071	
544.13	28080	
544.32	29382	
544.52	29662	
544.71	29148	
544.91	27443	
545.1	28398	
545.3	29379	
545.49	30077	
545.69	27150	
545.88	27722	
546.08	30948	
546.27	30279	
546.47	28264	
546.66	27572	
546.86	29801	
547.05	30292	
547.24	27508	
547.44	27665	
547.63	28661	
547.83	29898	
548.02	27938	
548.22	27877	
548.41	28483	
548.61	29559	
548.8	27006	
549	27086	
549.19	28853	
549.39	29176	
549.58	26626	
549.78	27259	
549.97	29086	
550.17	28478	
550.36	27418	
550.55	28645	
550.75	28176	
550.94	28822	
551.14	26376	
551.33	26458	
551.53	27527	
551.72	28581	
551.92	26624	
552.11	26336	
552.31	28264	
552.5	28271	
552.69	27955	
552.89	25984	
553.08	28276	
553.28	27729	
553.47	26323	
553.67	27189	
553.86	28556	
554.06	27063	
554.25	25193	
554.44	25803	
554.64	28977	
554.83	28889	
555.03	25765	
555.22	26315	
555.42	28029	
555.61	27562	
555.8	25714	
556	25840	
556.19	26759	
556.39	27788	
556.58	25694	
556.78	25621	
556.97	27507	
557.16	27296	
557.36	26896	
557.55	25451	
557.75	26355	
557.94	28140	
558.13	25426	
558.33	25281	
558.52	27871	
558.72	26702	
558.91	25079	
559.1	25334	
559.3	26406	
559.49	25841	
559.69	24578	
559.88	25414	
560.07	26859	
560.27	27461	
560.46	25636	
560.66	25757	
560.85	26681	
561.04	25776	
561.24	24936	
561.43	24711	
561.63	25999	
561.82	26268	
562.01	25991	
562.21	25053	
562.4	26745	
562.59	27545	
562.79	24840	
562.98	24849	
563.18	26644	
563.37	28304	
563.56	25564	
563.76	25120	
563.95	26423	
564.14	26386	
564.34	25294	
564.53	24959	
564.73	27125	
564.92	27409	
565.11	25616	
565.31	25234	
565.5	27625	
565.69	26759	
565.89	25290	
566.08	25589	
566.27	27568	
566.47	28364	
566.66	26367	
566.85	25170	
567.05	27461	
567.24	26896	
567.44	25651	
567.63	26731	
567.82	27574	
568.02	27355	
568.21	25365	
568.4	25799	
568.6	27344	
568.79	27380	
568.98	25512	
569.18	25806	
569.37	27699	
569.56	29442	
569.76	26199	
569.95	27287	
570.14	28114	
570.34	28177	
570.53	25795	
570.72	25645	
570.91	28635	
571.11	27589	
571.3	26116	
571.49	26951	
571.69	27983	
571.88	27276	
572.07	26880	
572.27	26516	
572.46	27523	
572.65	28226	
572.85	26346	
573.04	26419	
573.23	28667	
573.43	27880	
573.62	26063	
573.81	26924	
574	28493	
574.2	28143	
574.39	26903	
574.58	27131	
574.78	29577	
574.97	28855	
575.16	27689	
575.36	28011	
575.55	29578	
575.74	29524	
575.93	26884	
576.13	28312	
576.32	28839	
576.51	29519	
576.71	27323	
576.9	28889	
577.09	29809	
577.28	29351	
577.48	27819	
577.67	26804	
577.86	28889	
578.05	29514	
578.25	27614	
578.44	27843	
578.63	29353	
578.83	30473	
579.02	27014	
579.21	28857	
579.4	29528	
579.6	29296	
579.79	27807	
579.98	29842	
580.17	29812	
580.37	29942	
580.56	27372	
580.75	28139	
580.94	30164	
581.14	30041	
581.33	28714	
581.52	27441	
581.71	29990	
581.91	30328	
582.1	27702	
582.29	27835	
582.48	29540	
582.68	29675	
582.87	28426	
583.06	28030	
583.25	29865	
583.45	29115	
583.64	28913	
583.83	29600	
584.02	29248	
584.21	29831	
584.41	28674	
584.6	28308	
584.79	29646	
584.98	30441	
585.18	27800	
585.37	27609	
585.56	29172	
585.75	30001	
585.94	27514	
586.14	28269	
586.33	30099	
586.52	29432	
586.71	28010	
586.91	27544	
587.1	28295	
587.29	29264	
587.48	27059	
587.67	26996	
587.87	28918	
588.06	28869	
588.25	28126	
588.44	27379	
588.63	28300	
588.83	28944	
589.02	26549	
589.21	26163	
589.4	27634	
589.59	27573	
589.78	24753	
589.98	24883	
590.17	26183	
590.36	26433	
590.55	23184	
590.74	23627	
590.94	26786	
591.13	25233	
591.32	23343	
591.51	22832	
591.7	25713	
591.89	25423	
592.09	23460	
592.28	23967	
592.47	24849	
592.66	26884	
592.85	23616	
593.05	23811	
593.24	25486	
593.43	26138	
593.62	24032	
593.81	24425	
594	25456	
594.19	25815	
594.39	23731	
594.58	23699	
594.77	25729	
594.96	26416	
595.15	23644	
595.34	24222	
595.54	25618	
595.73	24694	
595.92	22769	
596.11	23561	
596.3	25806	
596.49	24661	
596.68	23265	
596.88	23609	
597.07	25441	
597.26	24557	
597.45	22726	
597.64	24136	
597.83	24784	
598.02	25215	
598.22	22962	
598.41	23487	
598.6	24890	
598.79	24275	
598.98	22841	
599.17	23654	
599.36	24957	
599.55	25791	
599.74	24627	
599.94	24567	
600.13	25161	
600.32	23974	
600.51	22584	
600.7	22421	
600.89	25750	
601.08	25812	
601.27	22271	
601.47	23341	
601.66	24974	
601.85	25589	
602.04	23018	
602.23	22966	
602.42	24041	
602.61	24767	
602.8	22544	
602.99	22268	
603.18	24252	
603.37	24492	
603.57	22788	
603.76	23427	
603.95	25030	
604.14	24673	
604.33	22476	
604.52	22829	
604.71	24608	
604.9	24139	
605.09	23466	
605.28	23035	
605.47	25036	
605.66	24564	
605.86	22949	
606.05	22512	
606.24	24914	
606.43	23444	
606.62	22696	
606.81	23175	
607	24565	
607.19	23926	
607.38	21794	
607.57	22308	
607.76	23698	
607.95	23241	
608.14	22504	
608.33	22943	
608.52	23520	
608.72	24515	
608.91	21698	
609.1	21465	
609.29	23444	
609.48	22814	
609.67	22377	
609.86	21377	
610.05	23165	
610.24	23447	
610.43	21436	
610.62	21128	
610.81	24245	
611	24074	
611.19	21400	
611.38	21977	
611.57	23619	
611.76	24784	
611.95	21132	
612.14	20915	
612.33	23166	
612.52	22913	
612.71	21616	
612.9	20910	
613.09	22557	
613.28	24665	
613.47	21218	
613.66	22172	
613.85	23367	
614.04	22744	
614.24	21349	
614.43	20464	
614.62	23494	
614.81	23294	
615	21674	
615.19	21875	
615.38	22751	
615.57	23215	
615.76	21741	
615.95	22738	
616.14	23437	
616.33	23040	
616.52	22118	
616.71	22246	
616.9	23358	
617.09	23412	
617.28	21569	
617.47	22528	
617.66	22750	
617.85	22893	
618.04	22696	
618.22	22169	
618.41	23333	
618.6	24385	
618.79	22277	
618.98	22202	
619.17	25006	
619.36	23191	
619.55	22343	
619.74	22429	
619.93	24254	
620.12	23857	
620.31	23236	
620.5	23324	
620.69	25071	
620.88	25518	
621.07	24058	
621.26	23214	
621.45	24907	
621.64	25105	
621.83	23517	
622.02	22796	
622.21	24820	
622.4	24870	
622.59	24077	
622.78	23862	
622.97	24481	
623.16	25559	
623.35	23409	
623.54	22777	
623.72	24796	
623.91	24886	
624.1	23597	
624.29	22681	
624.48	26130	
624.67	25041	
624.86	23864	
625.05	22925	
625.24	25879	
625.43	24540	
625.62	25406	
625.81	23214	
626	25307	
626.19	24978	
626.38	24004	
626.56	23374	
626.75	24998	
626.94	25722	
627.13	24051	
627.32	22722	
627.51	25337	
627.7	26699	
627.89	22741	
628.08	23980	
628.27	24372	
628.46	24655	
628.65	22955	
628.83	22661	
629.02	25074	
629.21	24455	
629.4	23454	
629.59	23629	
629.78	24537	
629.97	25034	
630.16	23676	
630.35	23085	
630.54	25800	
630.72	25340	
630.91	23085	
631.1	23533	
631.29	24941	
631.48	25015	
631.67	23465	
631.86	22887	
632.05	24589	
632.24	24527	
632.42	22649	
632.61	23208	
632.8	24394	
632.99	24425	
633.18	23260	
633.37	23706	
633.56	24655	
633.75	24738	
633.93	23160	
634.12	23101	
634.31	25343	
634.5	25176	
634.69	23149	
634.88	23200	
635.07	24569	
635.25	25148	
635.44	23721	
635.63	24083	
635.82	24297	
636.01	23588	
636.2	23251	
636.39	23182	
636.57	25204	
636.76	24679	
636.95	22592	
637.14	23787	
637.33	24540	
637.52	25474	
637.7	22313	
637.89	23070	
638.08	24203	
638.27	25207	
638.46	23012	
638.65	23398	
638.83	25105	
639.02	23764	
639.21	22754	
639.4	23083	
639.59	23821	
639.78	23573	
639.96	21788	
640.15	21901	
640.34	23636	
640.53	23720	
640.72	21413	
640.91	21610	
641.09	22760	
641.28	24107	
641.47	21543	
641.66	22335	
641.85	23667	
642.03	23399	
642.22	21925	
642.41	21495	
642.6	22876	
642.79	22093	
642.97	20942	
643.16	21907	
643.35	22623	
643.54	22378	
643.73	20927	
643.91	21573	
644.1	21870	
644.29	22717	
644.48	20741	
644.67	20616	
644.85	21797	
645.04	22086	
645.23	19759	
645.42	20201	
645.6	21358	
645.79	22362	
645.98	19794	
646.17	18635	
646.36	20435	
646.54	20915	
646.73	19818	
646.92	18791	
647.11	20230	
647.29	21172	
647.48	18828	
647.67	18555	
647.86	21355	
648.05	21718	
648.23	18927	
648.42	20167	
648.61	20764	
648.8	20489	
648.98	18346	
649.17	18723	
649.36	19945	
649.55	19645	
649.73	18304	
649.92	19215	
650.11	19958	
650.3	20239	
650.48	18538	
650.67	18361	
650.86	20380	
651.05	19267	
651.23	18413	
651.42	18089	
651.61	19712	
651.79	19562	
651.98	18548	
652.17	18111	
652.36	19759	
652.54	19080	
652.73	17823	
652.92	17777	
653.11	19835	
653.29	19915	
653.48	17097	
653.67	17819	
653.85	19379	
654.04	20327	
654.23	17804	
654.42	17252	
654.6	18348	
654.79	18746	
654.98	16315	
655.16	16584	
655.35	17245	
655.54	17012	
655.73	15837	
655.91	15551	
656.1	18112	
656.29	17200	
656.47	15374	
656.66	17290	
656.85	17702	
657.03	17936	
657.22	16482	
657.41	16725	
657.59	18136	
657.78	18011	
657.97	16431	
658.16	17106	
658.34	18811	
658.53	19178	
658.72	17892	
658.9	18369	
659.09	18436	
659.28	18499	
659.46	16907	
659.65	16815	
659.84	18211	
660.02	18706	
660.21	16699	
660.4	16680	
660.58	19037	
660.77	18540	
660.96	17281	
661.14	16433	
661.33	19529	
661.52	19400	
661.7	16285	
661.89	19643	
662.08	17985	
662.26	17735	
662.45	16465	
662.64	16637	
662.82	18716	
663.01	17858	
663.2	16526	
663.38	17252	
663.57	18262	
663.75	18344	
663.94	16820	
664.13	17933	
664.31	17759	
664.5	18315	
664.69	16826	
664.87	17470	
665.06	17456	
665.25	18292	
665.43	17675	
665.62	17619	
665.8	18413	
665.99	17696	
666.18	16509	
666.36	16634	
666.55	18277	
666.74	18186	
666.92	16219	
667.11	17528	
667.29	17815	
667.48	18310	
667.67	17370	
667.85	16444	
668.04	17544	
668.22	17823	
668.41	16479	
668.6	16645	
668.78	17477	
668.97	17598	
669.15	16750	
669.34	15663	
669.53	17434	
669.71	17776	
669.9	15843	
670.08	16486	
670.27	17453	
670.46	17744	
670.64	16470	
670.83	16826	
671.01	17105	
671.2	17717	
671.38	15835	
671.57	15656	
671.76	18290	
671.94	18781	
672.13	15769	
672.31	16567	
672.5	18091	
672.69	17501	
672.87	15984	
673.06	16306	
673.24	17794	
673.43	17277	
673.61	16483	
673.8	16156	
673.98	17761	
674.17	17916	
674.36	16664	
674.54	16448	
674.73	17498	
674.91	17879	
675.1	16307	
675.28	15779	
675.47	17440	
675.65	18032	
675.84	16096	
676.03	16381	
676.21	17231	
676.4	16667	
676.58	16705	
676.77	16649	
676.95	18550	
677.14	17034	
677.32	15753	
677.51	15536	
677.69	17865	
677.88	16814	
678.06	15550	
678.25	15649	
678.44	17524	
678.62	17087	
678.81	15345	
678.99	16314	
679.18	18062	
679.36	17775	
679.55	15886	
679.73	16587	
679.92	17625	
680.1	17109	
680.29	17054	
680.47	15864	
680.66	16826	
680.84	17777	
681.03	15182	
681.21	16155	
681.4	17161	
681.58	16767	
681.77	15554	
681.95	15443	
682.14	17745	
682.32	17985	
682.51	16442	
682.69	15169	
682.88	16681	
683.06	17202	
683.25	15912	
683.43	16244	
683.62	17057	
683.8	17422	
683.99	16557	
684.17	15695	
684.36	18015	
684.54	16721	
684.73	14519	
684.91	14455	
685.1	16225	
685.28	15507	
685.46	14470	
685.65	14316	
685.83	15801	
686.02	15234	
686.2	13708	
686.39	13982	
686.57	15076	
686.76	16770	
686.94	14104	
687.13	14434	
687.31	16180	
687.5	15748	
687.68	13758	
687.86	15087	
688.05	17419	
688.23	15351	
688.42	15157	
688.6	14561	
688.79	15930	
688.97	15850	
689.16	15008	
689.34	13962	
689.52	16655	
689.71	16725	
689.89	15397	
690.08	14705	
690.26	16327	
690.45	16292	
690.63	15215	
690.81	14902	
691	15920	
691.18	15954	
691.37	14784	
691.55	16679	
691.74	15575	
691.92	17487	
692.1	14643	
692.29	14067	
692.47	15721	
692.66	15116	
692.84	14205	
693.02	14771	
693.21	15495	
693.39	15651	
693.58	14930	
693.76	14437	
693.94	16998	
694.13	17000	
694.31	14719	
694.5	15715	
694.68	15890	
694.86	16490	
695.05	15368	
695.23	15403	
695.42	17055	
695.6	19174	
695.78	15984	
695.97	14958	
696.15	16991	
696.34	16350	
696.52	14596	
696.7	15362	
696.89	16462	
697.07	15812	
697.25	15042	
697.44	16506	
697.62	16216	
697.81	16567	
697.99	14680	
698.17	15272	
698.36	15535	
698.54	16037	
698.72	14965	
698.91	13901	
699.09	15616	
699.28	15412	
699.46	14604	
699.64	14409	
699.83	15330	
700.01	16528	
700.19	15156	
700.38	13639	
700.56	16475	
700.74	15532	
700.93	14014	
701.11	14911	
701.29	16148	
701.48	17256	
701.66	14362	
701.84	14480	
702.03	15816	
702.21	16602	
702.39	14007	
702.58	14688	
702.76	16267	
702.94	16230	
703.13	14002	
703.31	16366	
703.49	15512	
703.68	16554	
703.86	14089	
704.04	15054	
704.23	15802	
704.41	16318	
704.59	14284	
704.78	15038	
704.96	17084	
705.14	16384	
705.33	14055	
705.51	14698	
705.69	15726	
705.87	16293	
706.06	14977	
706.24	13876	
706.42	15849	
706.61	16305	
706.79	14818	
706.97	13890	
707.16	15332	
707.34	15832	
707.52	14694	
707.7	14052	
707.89	15395	
708.07	15144	
708.25	14771	
708.44	15012	
708.62	15238	
708.8	16242	
708.98	14925	
709.17	13927	
709.35	15582	
709.53	15483	
709.72	13652	
709.9	13872	
710.08	15670	
710.26	15575	
710.45	14941	
710.63	13745	
710.81	15196	
710.99	15084	
711.18	14261	
711.36	13758	
711.54	14956	
711.72	15530	
711.91	13623	
712.09	13043	
712.27	14758	
712.45	15350	
712.64	13453	
712.82	12543	
713	13947	
713.18	13994	
713.37	12346	
713.55	13534	
713.73	14481	
713.91	12862	
714.1	12170	
714.28	11308	
714.46	13305	
714.64	12323	
714.83	10129	
715.01	10686	
715.19	11752	
715.37	11143	
715.55	10027	
715.74	10271	
715.92	12342	
716.1	10425	
716.28	11208	
716.47	10226	
716.65	10910	
716.83	10989	
717.01	9877.4	
717.19	10022	
717.38	12938	
717.56	10721	
717.74	10204	
717.92	9572.9	
718.1	11957	
718.29	11337	
718.47	9465	
718.65	10166	
718.83	12336	
719.01	12477	
719.2	9803.6	
719.38	11011	
719.56	12323	
719.74	13788	
719.92	10479	
720.11	11479	
720.29	12046	
720.47	11354	
720.65	9666.4	
720.83	10271	
721.02	11024	
721.2	10789	
721.38	9998.9	
721.56	9245.9	
721.74	10157	
721.92	10260	
722.11	10397	
722.29	10112	
722.47	11433	
722.65	10694	
722.83	9138	
723.01	9913.5	
723.2	10664	
723.38	11015	
723.56	8552.3	
723.74	9696.4	
723.92	10249	
724.1	11301	
724.29	9070.5	
724.47	10021	
724.65	10230	
724.83	10073	
725.01	8824.7	
725.19	9630.9	
725.37	10075	
725.56	10148	
725.74	8688.8	
725.92	8950.3	
726.1	10076	
726.28	10316	
726.46	9267.1	
726.64	8843.1	
726.83	10204	
727.01	10573	
727.19	8559.8	
727.37	9449.3	
727.55	10374	
727.73	10782	
727.91	8471.8	
728.09	8375.5	
728.28	10876	
728.46	11346	
728.64	9512.8	
728.82	9370.8	
729	11990	
729.18	11208	
729.36	8784.4	
729.54	10875	
729.72	12387	
729.91	10716	
730.09	10761	
730.27	9679.4	
730.45	10635	
730.63	11241	
730.81	10197	
730.99	9379	
731.17	11901	
731.35	10454	
731.53	9822.1	
731.71	9398.1	
731.9	11560	
732.08	11607	
732.26	9502.6	
732.44	9280.7	
732.62	11564	
732.8	11106	
732.98	9928.6	
733.16	9043.8	
733.34	10989	
733.52	9863.7	
733.7	9289.6	
733.88	9584.5	
734.07	10699	
734.25	10578	
734.43	8813.1	
734.61	10368	
734.79	12079	
734.97	10426	
735.15	8886.1	
735.33	9195.4	
735.51	10755	
735.69	10395	
735.87	10116	
736.05	9371.5	
736.23	10482	
736.41	10277	
736.59	9078	
736.77	9228.8	
736.95	10981	
737.13	10429	
737.32	8790.6	
737.5	8918.2	
737.68	11331	
737.86	10128	
738.04	8450.6	
738.22	10101	
738.4	9813.2	
738.58	10097	
738.76	8968.1	
738.94	7923.6	
739.12	9924.5	
739.3	9838.4	
739.48	9568.1	
739.66	9274.6	
739.84	10135	
740.02	10165	
740.2	8077.9	
740.38	8301.8	
740.56	10581	
740.74	9409.1	
740.92	8922.3	
741.1	8768.7	
741.28	9701.9	
741.46	9633	
741.64	8287.4	
741.82	8856.8	
742	9766.8	
742.18	9661	
742.36	8433.5	
742.54	8039.6	
742.72	10154	
742.9	8964.6	
743.08	8791.9	
743.26	7602.1	
743.44	10296	
743.62	10078	
743.8	8800.8	
743.98	7899	
744.16	9794.8	
744.34	9484.8	
744.52	8772.8	
744.7	8549.6	
744.88	9841.2	
745.06	9301.9	
745.24	8606.9	
745.42	8691.6	
745.6	9900.6	
745.78	9224.1	
745.96	7326.9	
746.14	7582.3	
746.32	10444	
746.5	9717.6	
746.68	8110	
746.86	7511.9	
747.03	9940.8	
747.21	8379.6	
747.39	7979.6	
747.57	7516	
747.75	9123.7	
747.93	9482.8	
748.11	7408.9	
748.29	7212.3	
748.47	10558	
748.65	8824	
748.83	8044.4	
749.01	7810.3	
749.19	9291.6	
749.37	8518.9	
749.55	7697.6	
749.73	7756.3	
749.91	8871.1	
750.09	8618.5	
750.26	7718.8	
750.44	7184.3	
750.62	8860.9	
750.8	8811	
750.98	6901	
751.16	7242.3	
751.34	8897.1	
751.52	8255.4	
751.7	7955.7	
751.88	6916.7	
752.06	9304.6	
752.24	9044.5	
752.42	6742.6	
752.59	7089.4	
752.77	8669.7	
752.95	9888.3	
753.13	7871	
753.31	7293.5	
753.49	8331.1	
753.67	8818.6	
753.85	7351.5	
754.03	6995.2	
754.21	8935.3	
754.38	9178.3	
754.56	6968.6	
754.74	6062	
754.92	7899	
755.1	8542.8	
755.28	5857.9	
755.46	5682.4	
755.64	8763.9	
755.82	8710	
755.99	5321.3	
756.17	5449.6	
756.35	5840.8	
756.53	7267.6	
756.71	4072	
756.89	4910.3	
757.07	6733	
757.25	6048.3	
757.42	5569.1	
757.6	6407.4	
757.78	7174	
757.96	6310.5	
758.14	5565	
758.32	5068	
758.5	5951.4	
758.67	6927.6	
758.85	5292.6	
759.03	5369.8	
759.21	6814.3	
759.39	6243.6	
759.57	4964.3	
759.75	5983.5	
759.92	7444.4	
760.1	6738.5	
760.28	6340.5	
760.46	6733	
760.64	6614.3	
760.82	6518	
760.99	6415.6	
761.17	5620.3	
761.35	7460.1	
761.53	6537.1	
761.71	5753.4	
761.89	6441.5	
762.06	7520.1	
762.24	7019.8	
762.42	5930.9	
762.6	5783.5	
762.78	7074.4	
762.96	7645.1	
763.13	6372.6	
763.31	6051.7	
763.49	7932.5	
763.67	7073.7	
763.85	6825.9	
764.02	7350.8	
764.2	8157.7	
764.38	7419.8	
764.56	5855.8	
764.74	6685.9	
764.91	8221.2	
765.09	7122.8	
765.27	5643.5	
765.45	5346.6	
765.63	8176.2	
765.8	7987.8	
765.98	5072.8	
766.16	5344.5	
766.34	6632.7	
766.52	6348.7	
766.69	6243.6	
766.87	5145.2	
767.05	6987	
767.23	7675.1	
767.41	5403.9	
767.58	5686.5	
767.76	7434.8	
767.94	7479.2	
768.12	5410.1	
768.29	6036	
768.47	6832.7	
768.65	7539.3	
768.83	5010	
769	6075.6	
769.18	6438.8	
769.36	7140.6	
769.54	6091.3	
769.72	5034.6	
769.89	7373.4	
770.07	7419.8	
770.25	5233.9	
770.43	6467.5	
770.6	7956.4	
770.78	8344.8	
770.96	5337.7	
771.14	5952.8	
771.31	7108.5	
771.49	6496.8	
771.67	4507.6	
771.85	4824.3	
772.02	5703.6	
772.2	6473.6	
772.38	5440.8	
772.55	4931.5	
772.73	6694.1	
772.91	6358.3	
773.09	5229.8	
773.26	5281	
773.44	6603.3	
773.62	6141.9	
773.8	4739	
773.97	4463.2	
774.15	6530.3	
774.33	6168.5	
774.5	4627.7	
774.68	4894	
774.86	6655.9	
775.04	6182.1	
775.21	4639.3	
775.39	4643.4	
775.57	6393.1	
775.74	6713.9	
775.92	4430.4	
776.1	4333.5	
776.27	6295.5	
776.45	7507.2	
776.63	4541.7	
776.81	4036.5	
776.98	5991.7	
777.16	7002	
777.34	4659.8	
777.51	4932.2	
777.69	5854.5	
777.87	5684.5	
778.04	4604.5	
778.22	5218.2	
778.4	5720	
778.57	6294.8	
778.75	3909.6	
778.93	4268	
779.1	5460.6	
779.28	5239.4	
779.46	3886.4	
779.64	4348.5	
779.81	6363	
779.99	7187	
780.17	5109.7	
780.34	5198.4	
780.52	5870.2	
780.69	6029.2	
780.87	4672.1	
781.05	4132.1	
781.22	5944.6	
781.4	6035.4	
781.58	4312.3	
781.75	3478.8	
781.93	5868.8	
782.11	5289.9	
782.28	5065.3	
782.46	4254.3	
782.64	5157.5	
782.81	5999.9	
782.99	4362.9	
783.17	4280.3	
783.34	5868.8	
783.52	5171.1	
783.69	4481.6	
783.87	5164.3	
784.05	5175.9	
784.22	5219.6	
784.4	5198.4	
784.58	4517.1	
784.75	6124.1	
784.93	5269.4	
785.1	4237.9	
785.28	4791.6	
785.46	5909.8	
785.63	5201.2	
785.81	4143.7	
785.99	3992.9	
786.16	5347.9	
786.34	5702.2	
786.51	4061.1	
786.69	4401.1	
786.87	4938.3	
787.04	5401.2	
787.22	3882.9	
787.39	4770.4	
787.57	5125.4	
787.75	6227.9	
787.92	4984.8	
788.1	4938.3	
788.27	5216.2	
788.45	4942.4	
788.63	4659.1	
788.8	3319.1	
788.98	5502.2	
789.15	4867.3	
789.33	3500.7	
789.5	4158.7	
789.68	6026.5	
789.86	6101.6	
790.03	4463.2	
790.21	4017.4	
790.38	5992.4	
790.56	5229.8	
790.73	3890.5	
790.91	3896.6	
791.09	5100.8	
791.26	5811.5	
791.44	4115.7	
791.61	3534.1	
791.79	5077.6	
791.96	5130.2	
792.14	3634.5	
792.32	3265.1	
792.49	5113.1	
792.67	5205.9	
792.84	3732.1	
793.02	3492.5	
793.19	5487.2	
793.37	6271.6	
793.54	3228.3	
793.72	3615.3	
793.89	6249.7	
794.07	5059.2	
794.25	4016.7	
794.42	3367.5	
794.6	6049	
794.77	5719.3	
794.95	4392.9	
795.12	3880.9	
795.3	5045.5	
795.47	5652.4	
795.65	4254.3	
795.82	4101.4	
796	4868	
796.17	6694.8	
796.35	3974.4	
796.52	4634.6	
796.7	5555.5	
796.87	5742.5	
797.05	4744.5	
797.22	4700.1	
797.4	5609.4	
797.57	6498.9	
797.75	4037.9	
797.92	3841.3	
798.1	5888.6	
798.27	5018.2	
798.45	3347.1	
798.62	3568.2	
798.8	5298.8	
798.97	5782.8	
799.15	4239.3	
799.32	4067.9	
799.5	4624.3	
799.67	5378.6	
799.85	4372.4	
800.02	3206.4	
800.2	5027.8	
800.37	5270.1	
800.55	4530.1	
800.72	3833.1	
800.9	5688.6	
801.07	6183.5	
801.25	5022.3	
801.42	4193.6	
801.6	5786.2	
801.77	5470.8	
801.95	3880.9	
802.12	3719.8	
802.29	5542.5	
802.47	5433.3	
802.64	4147.8	
802.82	3144.3	
802.99	4998.4	
803.17	5933.6	
803.34	4010.6	
803.52	3680.2	
803.69	6514.6	
803.87	4763.6	
804.04	4000.4	
804.21	4067.9	
804.39	6074.3	
804.56	5240.1	
804.74	3461.7	
804.91	4107.5	
805.09	4986.1	
805.26	5126.1	
805.44	3534.8	
805.61	3817.4	
805.78	5603.2	
805.96	5569.8	
806.13	4177.9	
806.31	4459.8	
806.48	4556.7	
806.66	5094.7	
806.83	4139.6	
807	4065.9	
807.18	4934.9	
807.35	5327.4	
807.53	3810.6	
807.7	3230.3	
807.87	6113.2	
808.05	5032.5	
808.22	4350.6	
808.4	3291.1	
808.57	5015.5	
808.74	4653	
808.92	3627	
809.09	4661.9	
809.27	4901.5	
809.44	5416.2	
809.61	3281.5	
809.79	3623.5	
809.96	6082.5	
810.14	5617.6	
810.31	3177.8	
810.48	3845.4	
810.66	5060.5	
810.83	5758.9	
811.01	3664.5	
811.18	4028.4	
811.35	5693.4	
811.53	4436.6	
811.7	4421.6	
811.87	4071.4	
812.05	5020.3	
812.22	4889.2	
812.39	3523.2	
812.57	3455.6	
812.74	5010.7	
812.92	6514.6	
813.09	3817.4	
813.26	4174.4	
813.44	6264.7	
813.61	4857.1	
813.78	3230.3	
813.96	4321.2	
814.13	5018.2	
814.3	4683.7	
814.48	4603.8	
814.65	3842.7	
814.82	6372.6	
815	4758.8	
815.17	4009.2	
815.34	4745.8	
815.52	4926.7	
815.69	4919.2	
815.87	3848.8	
816.04	3366.9	
816.21	4967.7	
816.38	4412	
816.56	3775.8	
816.73	3592.1	
816.9	6258.6	
817.08	5683.8	
817.25	3592.1	
817.42	4407.9	
817.6	4514.4	
817.77	4972.5	
817.94	3994.2	
818.12	3503.4	
818.29	4781.3	
818.46	7275.8	
818.64	3714.3	
818.81	3443.3	
818.98	4639.3	
819.16	6671.6	
819.33	4221.5	
819.5	3903.4	
819.67	5332.2	
819.85	5902.9	
820.02	3807.2	
820.19	4102.8	
820.37	5151.3	
820.54	4795.7	
820.71	4013.3	
820.88	4931.5	
821.06	5186.1	
821.23	4784.7	
821.4	4019.5	
821.58	3958.7	
821.75	5644.9	
821.92	5124	
822.09	3249.4	
822.27	3478.8	
822.44	4981.3	
822.61	4855.1	
822.79	3237.2	
822.96	6133	
823.13	5380.7	
823.3	4734.2	
823.48	3773.7	
823.65	3322.5	
823.82	5602.6	
823.99	4551.3	
824.17	4721.3	
824.34	3427.6	
824.51	6501.6	
824.68	5029.1	
824.86	3597.6	
825.03	4024.3	
825.2	4965	
825.37	5954.8	
825.55	3495.9	
825.72	3924.6	
825.89	6559	
826.06	6068.1	
826.24	3859.7	
826.41	3820.1	
826.58	5951.4	
826.75	5213.4	
826.92	3061.7	
827.1	3400.3	
827.27	8118.8	
827.44	6459.3	
827.61	3601.7	
827.79	4343.7	
827.96	4730.1	
828.13	5082.4	
828.3	3776.5	
828.47	3224.9	
828.65	5188.9	
828.82	5147.9	
828.99	4806.6	
829.16	4277.5	
829.34	5523.4	
829.51	5312.4	
829.68	3917.8	
829.85	4098	
830.02	5814.9	
830.2	5532.2	
830.37	3085.6	
830.54	4687.8	
830.71	6304.3	
830.88	4932.2	
831.05	3088.3	
831.23	3581.2	
831.4	6034.7	
831.57	6760.3	
831.74	3670	
831.91	3240.6	
832.09	5200.5	
832.26	5546.6	
832.43	3707.5	
832.6	4238.6	
832.77	5218.2	
832.94	5898.8	
833.12	2999.6	
833.29	3696.6	
833.46	5313.8	
833.63	6995.2	
833.8	4107.5	
833.97	3725.9	
834.15	5588.2	
834.32	5318.6	
834.49	3910.9	
834.66	3960.1	
834.83	5745.2	
835	4734.9	
835.17	3663.8	
835.35	3624.9	
835.52	5487.2	
835.69	5330.2	
835.86	3775.1	
836.03	3158	
836.2	5494.7	
836.37	5167	
836.55	3746.4	
836.72	3492.5	
836.89	5124	
837.06	5595.7	
837.23	3834.5	
837.4	4187.4	
837.57	6325.5	
837.75	6948.8	
837.92	3499.3	
838.09	3712.3	
838.26	5122	
838.43	5778.7	
838.6	3991.5	
838.77	3519.8	
838.94	6585.6	
839.11	6341.9	
839.29	3748.5	
839.46	2983.9	
839.63	5455.8	
839.8	5251.7	
839.97	3595.6	
840.14	3624.2	
840.31	5369.1	
840.48	5597.1	
840.65	3029.6	
840.82	3588.7	
841	5539.8	
841.17	5404.6	
841.34	3330	
841.51	3407.8	
841.68	5483.1	
841.85	5229.1	
842.02	3489.1	
842.19	2929.3	
842.36	5263.3	
842.53	5265.3	
842.7	3388	
842.87	4096.6	
843.05	6905.8	
843.22	5182	
843.39	3198.2	
843.56	3528.7	
843.73	5008.6	
843.9	5586.2	
844.07	5429.8	
844.24	4508.9	
844.41	7909.3	
844.58	4813.4	
844.75	3235.8	
844.92	3536.2	
845.09	5532.9	
845.26	5533.6	
845.43	3315.7	
845.6	3538.9	
845.77	5544.5	
845.94	5271.5	
846.12	3711.6	
846.29	3910.9	
846.46	5654.4	
846.63	5443.5	
846.8	3332	
846.97	3933.5	
847.14	5948	
847.31	5489.9	
847.48	3746.4	
847.65	4132.1	
847.82	5814.2	
847.99	5772.5	
848.16	4477.5	
848.33	4118.5	
848.5	5094.7	
848.67	5933	
848.84	3325.9	
849.01	3449.5	
849.18	4945.2	
849.35	4693.9	
849.52	4114.4	
849.69	3312.2	
849.86	5642.2	
850.03	5902.9	
850.2	3338.9	
850.37	4052.9	
850.54	5808.7	
850.71	5193	
850.88	4002.4	
851.05	3253.5	
851.22	5386.8	
851.39	6033.3	
851.56	3180.5	
851.73	3821.5	
851.9	4820.9	
852.07	5721.3	
852.24	3708.9	
852.41	3280.2	
852.58	5322.7	
852.75	4862.6	
852.92	3723.2	
853.09	3305.4	
853.26	5125.4	
853.43	5909.1	
853.6	3337.5	
853.77	2868.5	
853.94	5999.9	
854.11	5417.6	
854.28	4877.6	
854.44	3624.2	
854.61	6382.2	
854.78	5743.9	
854.95	3321.1	
855.12	4195.6	
855.29	4463.9	
855.46	6053.1	
855.63	3341.6	
855.8	4496.7	
855.97	5070.8	
856.14	5816.2	
856.31	4651.6	
856.48	3586.7	
856.65	5080.3	
856.82	4767	
856.99	3192.8	
857.16	3543.7	
857.33	6632.7	
857.49	5142.4	
857.66	3579.8	
857.83	3836.5	
858	5154.7	
858.17	5298.1	
858.34	3168.2	
858.51	3368.9	
858.68	6104.3	
858.85	6109.8	
859.02	3858.4	
859.19	4113	
859.36	4823.6	
859.52	4808.6	
859.69	3362.8	
859.86	3950.5	
860.03	4889.2	
860.2	5992.4	
860.37	3037.1	
860.54	3375.1	
860.71	5693.4	
860.88	6006.7	
861.05	3742.3	
861.21	4198.3	
861.38	6153.5	
861.55	4700.1	
861.72	3063.8	
861.89	3734.8	
862.06	5763.7	
862.23	6178	
862.4	3223.5	
862.56	3465.8	
862.73	5563	
862.9	5308.3	
863.07	3902.7	
863.24	3020.1	
863.41	4734.2	
863.58	4878.3	
863.75	3398.9	
863.91	3833.8	
864.08	6012.8	
864.25	5672.2	
864.42	4170.3	
864.59	4627	
864.76	6338.5	
864.93	4868	
865.09	3218.7	
865.26	3558.7	
865.43	5901.6	
865.6	6338.5	
865.77	2907.4	
865.94	3308.8	
866.1	5957.5	
866.27	5694	
866.44	4959.5	
866.61	3151.1	
866.78	5175.2	
866.95	5547.9	
867.11	3259.7	
867.28	2970.9	
867.45	5801.9	
867.62	4837.3	
867.79	3796.3	
867.96	3269.2	
868.12	4775.2	
868.29	5713.2	
868.46	2912.9	
868.63	4413.4	
868.8	5874.3	
868.97	5668.1	
869.13	3463.8	
869.3	3502	
869.47	5623	
869.64	5773.2	
869.81	3368.2	
869.97	3350.5	
870.14	5456.5	
870.31	6098.2	
870.48	3265.8	
870.65	4149.2	
870.81	5175.2	
870.98	5169.8	
871.15	3779.2	
871.32	3420.8	
871.48	5550	
871.65	6113.2	
871.82	3269.2	
871.99	3694.5	
872.16	6578.8	
872.32	5884.5	
872.49	3371	
872.66	3351.8	
872.83	5687.2	
872.99	4962.9	
873.16	3833.1	
873.33	3276.8	
873.5	5317.2	
873.67	5418.9	
873.83	3439.2	
874	4375.8	
874.17	5488.6	
874.34	6482.5	
874.5	4251.6	
874.67	4109.6	
874.84	6026.5	
875.01	4791.6	
875.17	4639.3	
875.34	3295.2	
875.51	5438.7	
875.68	6492.7	
875.84	3984	
876.01	4833.2	
876.18	5626.5	
876.34	5605.3	
876.51	3357.3	
876.68	3235.1	
876.85	5177.9	
877.01	5933.6	
877.18	4699.4	
877.35	3217.4	
877.52	5335	
877.68	4806.6	
877.85	3216	
878.02	3261.7	
878.18	5264	
878.35	4978.6	
878.52	2664.4	
878.69	3667.9	
878.85	5698.1	
879.02	5679.7	
879.19	4660.5	
879.35	3571.7	
879.52	5627.8	
879.69	5771.9	
879.86	2879.4	
880.02	3755.3	
880.19	5259.2	
880.36	6391.7	
880.52	3765.5	
880.69	3952.6	
880.86	5682.4	
881.02	5812.1	
881.19	3633.1	
881.36	3618.1	
881.52	5566.4	
881.69	5004.6	
881.86	3539.6	
882.02	3517.7	
882.19	5853.8	
882.36	6836.8	
882.52	3439.2	
882.69	4600.4	
882.86	5483.1	
883.02	5436	
883.19	4019.5	
883.36	3751.9	
883.52	5753.4	
883.69	6528.2	
883.86	3377.1	
884.02	3020.8	
884.19	5686.5	
884.36	5287.9	
884.52	3710.2	
884.69	3517.7	
884.86	5006.6	
885.02	6224.5	
885.19	3693.2	
885.36	3779.9	
885.52	5299.5	
885.69	5397.1	
885.86	4808.6	
886.02	4241.3	
886.19	5665.4	
886.35	5145.2	
886.52	3697.3	
886.69	4632.5	
886.85	4864.6	
887.02	6010.1	
887.19	6010.1	
887.35	6010.1	
887.52	6010.1	
887.68	6010.1	
887.85	6010.1	
888.02	6010.1	
888.18	6010.1	
888.35	6010.1	
888.51	6010.1	
888.68	6010.1	
888.85	6010.1	
889.01	6010.1	
889.18	6010.1	
889.35	6010.1	
889.51	6010.1	
889.68	6010.1	
889.84	6010.1	
890.01	6010.1	
890.17	6010.1	
890.34	6010.1	
890.51	6010.1	
890.67	6010.1	
890.84	6010.1	
891	6010.1	
891.17	6010.1	
891.34	6010.1	
891.5	6010.1	
891.67	6010.1	
891.83	6010.1	
892	6010.1	
892.16	6010.1	
892.33	6010.1	
892.5	6010.1	
892.66	6010.1	
892.83	6010.1	
892.99	6010.1	
893.16	6010.1	
893.32	6010.1	
893.49	6010.1	
893.65	6010.1	
893.82	6010.1	
893.99	6010.1	
894.15	6010.1	
894.32	6010.1	
894.48	6010.1	
894.65	6010.1	
894.81	6010.1	
894.98	6010.1	
895.14	6010.1	
895.31	6010.1	
895.47	6010.1	
895.64	6010.1	
895.81	6010.1	
895.97	6010.1	
896.14	6010.1	
896.3	6010.1	
896.47	6010.1	
896.63	6010.1	
896.8	6010.1	
896.96	6010.1	
897.13	6010.1	
897.29	6010.1	
897.46	6010.1	
897.62	6010.1	
897.79	6010.1	
897.95	6010.1	
898.12	6010.1	
898.28	6010.1	
898.45	6010.1	
898.61	6010.1	
898.78	6010.1	
898.94	6010.1	
899.11	6010.1	
899.27	6010.1	
899.44	6010.1	
899.6	6010.1	
899.77	6010.1	
899.93	6010.1	
900.1	6010.1	
900.26	6010.1	
900.43	6010.1	
900.59	6010.1	
900.76	6010.1	
900.92	6010.1	
901.09	6010.1	
901.25	6010.1	
901.42	6010.1	
901.58	6010.1	
901.75	6010.1	
901.91	6010.1	
902.07	6010.1	
902.24	6010.1	
902.4	6010.1	
902.57	6010.1	
902.73	6010.1	
902.9	6010.1	
903.06	6010.1	
903.23	6010.1	
903.39	6010.1	
903.56	6010.1	
903.72	6010.1	
903.88	6010.1	
904.05	6010.1	
904.21	6010.1	
904.38	6010.1	
904.54	6010.1	
904.71	6010.1	
904.87	6010.1	
905.03	6010.1	
905.2	6010.1	
905.36	6010.1	
905.53	6010.1	
905.69	6010.1	
905.86	6010.1	
906.02	6010.1	
906.18	6010.1	
906.35	6010.1	
906.51	6010.1	
906.68	6010.1	
906.84	6010.1	
907.01	6010.1	
907.17	6010.1	
907.33	6010.1	
907.5	6010.1	
907.66	6010.1	
907.83	6010.1	
907.99	6010.1	
908.15	6010.1	
908.32	6010.1	
908.48	6010.1	
908.65	6010.1	
908.81	6010.1	
908.97	6010.1	
909.14	6010.1	
909.3	6010.1	
909.47	6010.1	
909.63	6010.1	
909.79	6010.1	
909.96	6010.1	
910.12	6010.1	
910.28	6010.1	
910.45	6010.1	
910.61	6010.1	
910.78	6010.1	
910.94	6010.1	
911.1	6010.1	
911.27	6010.1	
911.43	6010.1	
911.59	6010.1	
911.76	6010.1	
911.92	6010.1	
912.08	6010.1	
912.25	6010.1	
912.41	6010.1	
912.57	6010.1	
912.74	6010.1	
912.9	6010.1	
913.07	6010.1	
913.23	6010.1	
913.39	6010.1	
913.56	6010.1	
913.72	6010.1	
913.88	6010.1	
914.05	6010.1	
914.21	6010.1	
914.37	6010.1	
914.54	6010.1	
914.7	6010.1	
914.86	6010.1	
915.03	6010.1	
915.19	6010.1	
