Wavelength	Intensities	
nm	a.u.	
179.22	1877.3	
179.44	1865	
179.65	1889.6	
179.86	1840.4	
180.08	1827.5	
180.29	4720.6	
180.51	3365.5	
180.72	5467.4	
180.94	6443.6	
181.15	3151.1	
181.37	3069.2	
181.58	5341.1	
181.79	5658.5	
182.01	3291.8	
182.22	3544.4	
182.44	5676.3	
182.65	4754	
182.87	4377.2	
183.08	3846.8	
183.29	5910.4	
183.51	4943.8	
183.72	3557.3	
183.94	5135.6	
184.15	5244.2	
184.37	5265.3	
184.58	3143.6	
184.79	4262.5	
185.01	4911	
185.22	5627.1	
185.44	4423.6	
185.65	3771	
185.86	5236.7	
186.08	4761.5	
186.29	3024.2	
186.51	3284.9	
186.72	4899.4	
186.94	5841.5	
187.15	3769.6	
187.36	3852.9	
187.58	7468.3	
187.79	5341.1	
188.01	4004.5	
188.22	6246.3	
188.43	6462	
188.65	5599.8	
188.86	3218	
189.08	3924.6	
189.29	5074.2	
189.5	5060.5	
189.72	3641.3	
189.93	3644	
190.15	5812.1	
190.36	6896.2	
190.57	3956	
190.79	3858.4	
191	5894.1	
191.22	5872.2	
191.43	3972.4	
191.64	3257.6	
191.86	6104.3	
192.07	5802.6	
192.29	3433.8	
192.5	3558	
192.71	5797.1	
192.93	5044.8	
193.14	3580.5	
193.35	3622.2	
193.57	5037.3	
193.78	5723.4	
194	2859	
194.21	3540.3	
194.42	4866	
194.64	5309	
194.85	3849.5	
195.07	4544.4	
195.28	5335.6	
195.49	4605.9	
195.71	4748.6	
195.92	3326.6	
196.13	5467.4	
196.35	5582.8	
196.56	5107.6	
196.78	3890.5	
196.99	6822.5	
197.2	6395.8	
197.42	4424.3	
197.63	3909.6	
197.84	4735.6	
198.06	5483.8	
198.27	3634.5	
198.48	4833.9	
198.7	5040.1	
198.91	5193	
199.13	3903.4	
199.34	3909.6	
199.55	5707	
199.77	4615.4	
199.98	3486.3	
200.19	3959.4	
200.41	5162.9	
200.62	4894.6	
200.83	4072	
201.05	4338.3	
201.26	5179.3	
201.47	4956.1	
201.69	3463.8	
201.9	3366.9	
202.11	5274.9	
202.33	6186.9	
202.54	3730.7	
202.76	4076.8	
202.97	5338.4	
203.18	5389.6	
203.4	4032.5	
203.61	3991.5	
203.82	5298.1	
204.04	4983.4	
204.25	4001	
204.46	3935.5	
204.68	5296.7	
204.89	5494	
205.1	3859.1	
205.32	3317	
205.53	5662	
205.74	5821.7	
205.96	2850.1	
206.17	3961.5	
206.38	5667.4	
206.6	5797.1	
206.81	4435.2	
207.02	3672	
207.24	5524.1	
207.45	5890	
207.66	3721.2	
207.88	3188	
208.09	5459.9	
208.3	5350.7	
208.52	3411.9	
208.73	3809.9	
208.94	5309.7	
209.15	5978.7	
209.37	3776.5	
209.58	3904.8	
209.79	5786.9	
210.01	5144.5	
210.22	2967.5	
210.43	3134.8	
210.65	5268.1	
210.86	5666	
211.07	3751.9	
211.29	3350.5	
211.5	5621.7	
211.71	5188.9	
211.93	3435.1	
212.14	3395.5	
212.35	5216.2	
212.56	5396.4	
212.78	3927.3	
212.99	3213.3	
213.2	6204.7	
213.42	5108.3	
213.63	3503.4	
213.84	3768.9	
214.06	4675.5	
214.27	4789.5	
214.48	3689.1	
214.69	3984	
214.91	5915.2	
215.12	5953.4	
215.33	4028.4	
215.55	4384	
215.76	6449.7	
215.97	5593	
216.18	3809.9	
216.4	3767.6	
216.61	4944.5	
216.82	5718.6	
217.04	3494.5	
217.25	3607.2	
217.46	5902.2	
217.67	5651	
217.89	3063.8	
218.1	3225.6	
218.31	5347.2	
218.53	5497.4	
218.74	3627	
218.95	3461.1	
219.16	5256.5	
219.38	6125.5	
219.59	3534.8	
219.8	4176.5	
220.01	6801.3	
220.23	5300.8	
220.44	4558.1	
220.65	3444.7	
220.87	5375.9	
221.08	5928.2	
221.29	3179.8	
221.5	4236.6	
221.72	7204.8	
221.93	5032.5	
222.14	3949.2	
222.35	4615.4	
222.57	5336.3	
222.78	5606	
222.99	3738.9	
223.2	3975.8	
223.42	5582.1	
223.63	5733.6	
223.84	2860.3	
224.05	2897.2	
224.27	6771.9	
224.48	6117.3	
224.69	4658.4	
224.9	3924.6	
225.12	5498.1	
225.33	5270.1	
225.54	3117.7	
225.75	3539.6	
225.97	4857.1	
226.18	5143.1	
226.39	3799	
226.6	3491.8	
226.82	5031.2	
227.03	4857.1	
227.24	3931.4	
227.45	3249.4	
227.67	5624.4	
227.88	6221	
228.09	4415.4	
228.3	4401.8	
228.52	5684.5	
228.73	5269.4	
228.94	3620.1	
229.15	3252.9	
229.36	5188.2	
229.58	5156.8	
229.79	3652.2	
230	4275.5	
230.21	6300.9	
230.43	5414.1	
230.64	3850.2	
230.85	4034.5	
231.06	5660.6	
231.28	5707	
231.49	3257.6	
231.7	3818.8	
231.91	5562.3	
232.12	5380	
232.34	3335.5	
232.55	3795.6	
232.76	5881.8	
232.97	5470.8	
233.18	3448.8	
233.4	3895.9	
233.61	5536.3	
233.82	5003.2	
234.03	3554.6	
234.25	3574.4	
234.46	7296.9	
234.67	5345.2	
234.88	3977.8	
235.09	3502.7	
235.31	5558.9	
235.52	5199.1	
235.73	3894.6	
235.94	3294.5	
236.15	5020.3	
236.37	6407.4	
236.58	3461.7	
236.79	3704.1	
237	5555.5	
237.21	4798.4	
237.43	4003.1	
237.64	3132.7	
237.85	9418.6	
238.06	4857.8	
238.27	4142.4	
238.48	3267.2	
238.7	5603.9	
238.91	5150	
239.12	3759.4	
239.33	3819.5	
239.54	4937	
239.76	5200.5	
239.97	3728	
240.18	3718.4	
240.39	6533	
240.6	5530.2	
240.82	3868.6	
241.03	3207.8	
241.24	5212.8	
241.45	6093.4	
241.66	3481.5	
241.87	4042	
242.09	5983.5	
242.3	6373.3	
242.51	4104.1	
242.72	3747.1	
242.93	5756.2	
243.14	5193.6	
243.36	4289.1	
243.57	4712.4	
243.78	6109.1	
243.99	5618.3	
244.2	3800.3	
244.41	3418.7	
244.63	4863.9	
244.84	5580.7	
245.05	4016.1	
245.26	3775.1	
245.47	5569.8	
245.68	5821	
245.9	5017.5	
246.11	3928	
246.32	5185.5	
246.53	5529.5	
246.74	6016.9	
246.95	3178.4	
247.16	4775.2	
247.38	5350	
247.59	3108.8	
247.8	3814	
248.01	4945.2	
248.22	5224.4	
248.43	3418.7	
248.64	3637.2	
248.86	4678.9	
249.07	5027.1	
249.28	3310.9	
249.49	3798.3	
249.7	5823.1	
249.91	5953.4	
250.12	3121.1	
250.34	3227.6	
250.55	5377.3	
250.76	5266.7	
250.97	3893.9	
251.18	3992.9	
251.39	5926.8	
251.6	5483.1	
251.81	3988.8	
252.03	3942.3	
252.24	5043.5	
252.45	5763.7	
252.66	3276.1	
252.87	4108.2	
253.08	5281	
253.29	6938.5	
253.5	3265.1	
253.72	4571.1	
253.93	5163.6	
254.14	6219	
254.35	3543.7	
254.56	3649.5	
254.77	5489.9	
254.98	4931.5	
255.19	3519.8	
255.41	4524.6	
255.62	5345.9	
255.83	5941.8	
256.04	4051.6	
256.25	3934.1	
256.46	6374	
256.67	4947.9	
256.88	3859.7	
257.09	4268.6	
257.31	4966.3	
257.52	4926	
257.73	4876.9	
257.94	3545.7	
258.15	5154.7	
258.36	5308.3	
258.57	4544.4	
258.78	2854.2	
258.99	5694	
259.2	5083.1	
259.41	3624.9	
259.63	3687.7	
259.84	6106.4	
260.05	6546.7	
260.26	4733.5	
260.47	3493.8	
260.68	5826.5	
260.89	5201.8	
261.1	4299.4	
261.31	3450.1	
261.52	5808.7	
261.73	6186.9	
261.95	4704.2	
262.16	4058.4	
262.37	5946.6	
262.58	6021	
262.79	4642.1	
263	3622.2	
263.21	5266	
263.42	5214.1	
263.63	3657.7	
263.84	3673.4	
264.05	5774.6	
264.26	6145.3	
264.47	4435.9	
264.69	4029	
264.9	6044.9	
265.11	5466.7	
265.32	3493.8	
265.53	3590.1	
265.74	5460.6	
265.95	4715.1	
266.16	3815.4	
266.37	4278.2	
266.58	5421.7	
266.79	5126.1	
267	3567.6	
267.21	3284.9	
267.42	4892.6	
267.63	5268.1	
267.84	3699.3	
268.06	3217.4	
268.27	5655.8	
268.48	6032	
268.69	3608.5	
268.9	4324.6	
269.11	5980.1	
269.32	4784.1	
269.53	3706.8	
269.74	3467.2	
269.95	5572.5	
270.16	4672.1	
270.37	3811.3	
270.58	4356.7	
270.79	5107	
271	5826.5	
271.21	4010.6	
271.42	3823.6	
271.63	5431.9	
271.84	4969.7	
272.05	3028.9	
272.26	3391.4	
272.47	5292	
272.68	5464	
272.89	3599.6	
273.11	4177.2	
273.32	5110.4	
273.53	6238.1	
273.74	4065.9	
273.95	3926.6	
274.16	5842.2	
274.37	5382.7	
274.58	4136.9	
274.79	3307.5	
275	5427.8	
275.21	5915.9	
275.42	4930.1	
275.63	4200.4	
275.84	5584.8	
276.05	6940.6	
276.26	3945.1	
276.47	3708.9	
276.68	5132.2	
276.89	6219.7	
277.1	4288.4	
277.31	3300.6	
277.52	5583.4	
277.73	5729.5	
277.94	3284.9	
278.15	3625.6	
278.36	5489.2	
278.57	5004.6	
278.78	3583.9	
278.99	4030.4	
279.2	4943.8	
279.41	4837.3	
279.62	4754	
279.83	3335.5	
280.04	6497.5	
280.25	4913.8	
280.46	4739.7	
280.67	3773.7	
280.88	4932.9	
281.09	5982.8	
281.3	3963.5	
281.51	4973.8	
281.72	5058.5	
281.93	5777.3	
282.14	3506.8	
282.35	3790.8	
282.56	5762.3	
282.77	5723.4	
282.98	3639.2	
283.19	4469.4	
283.4	7035.5	
283.61	5251.7	
283.82	3327.3	
284.03	4626.4	
284.24	5429.2	
284.45	5877	
284.66	4648.2	
284.87	4519.2	
285.08	5816.9	
285.29	5963	
285.5	3168.9	
285.71	3695.9	
285.92	5907.7	
286.12	6497.5	
286.33	4641.4	
286.54	3644.7	
286.75	5750.7	
286.96	5188.9	
287.17	3351.2	
287.38	4456.4	
287.59	4959.5	
287.8	4838.7	
288.01	3654.9	
288.22	4289.1	
288.43	5782.8	
288.64	4801.1	
288.85	4386.1	
289.06	4154	
289.27	5709.7	
289.48	6179.4	
289.69	4640	
289.9	4216.8	
290.11	5908.4	
290.32	4982.7	
290.53	4382	
290.74	4083.6	
290.94	5728.2	
291.15	5810.1	
291.36	3571	
291.57	4228.4	
291.78	5090.6	
291.99	4724	
292.2	3383.9	
292.41	4078.2	
292.62	5825.1	
292.83	5623.7	
293.04	4978.6	
293.25	3409.2	
293.46	5058.5	
293.67	5874.3	
293.88	3547.8	
294.09	3453.6	
294.29	4825	
294.5	5486.5	
294.71	3810.6	
294.92	3615.3	
295.13	5146.5	
295.34	6351.4	
295.55	3170.9	
295.76	3267.9	
295.97	5677.7	
296.18	6373.3	
296.39	3331.4	
296.6	3517.7	
296.81	5483.1	
297.01	5754.8	
297.22	3674.1	
297.43	3500.7	
297.64	4991.6	
297.85	4905.6	
298.06	2955.9	
298.27	3179.8	
298.48	5308.3	
298.69	5010.7	
298.9	3818.8	
299.11	3495.9	
299.31	4806.6	
299.52	4857.1	
299.73	4126	
299.94	3967.6	
300.15	5280.3	
300.36	4962.9	
300.57	4029.7	
300.78	4002.4	
300.99	5248.3	
301.2	5438	
301.4	3556.6	
301.61	3809.2	
301.82	5629.2	
302.03	5706.3	
302.24	4280.3	
302.45	3289	
302.66	5522	
302.87	5980.1	
303.08	3558	
303.29	4822.3	
303.49	5022.3	
303.7	5277.6	
303.91	3195.5	
304.12	4608.6	
304.33	4820.2	
304.54	5424.4	
304.75	3596.9	
304.96	3411.2	
305.16	5585.5	
305.37	6359.6	
305.58	3082.2	
305.79	3183.2	
306	5593.7	
306.21	4752	
306.42	3577.8	
306.63	5330.9	
306.83	5165	
307.04	5878.4	
307.25	3882.9	
307.46	3865.9	
307.67	4555.4	
307.88	5756.8	
308.09	3486.3	
308.29	3593.5	
308.5	5365.7	
308.71	5855.8	
308.92	3804.4	
309.13	3416	
309.34	5169.8	
309.55	5214.8	
309.75	4407.9	
309.96	4082.3	
310.17	5650.3	
310.38	5005.9	
310.59	4258.4	
310.8	3267.2	
311.01	5288.5	
311.21	5146.5	
311.42	3350.5	
311.63	3449.5	
311.84	5037.3	
312.05	5438.7	
312.26	3934.8	
312.46	4341	
312.67	5127.4	
312.88	4887.1	
313.09	3407.1	
313.3	3312.2	
313.51	6025.8	
313.71	6373.3	
313.92	3380.5	
314.13	3568.9	
314.34	5503.6	
314.55	5210	
314.76	4407.2	
314.96	3827	
315.17	5392.3	
315.38	5838.1	
315.59	3391.4	
315.8	3265.1	
316.01	6142.5	
316.21	6186.9	
316.42	3304.7	
316.63	3766.9	
316.84	5183.4	
317.05	5997.8	
317.26	4021.5	
317.46	3609.2	
317.67	5233.9	
317.88	5720	
318.09	4371	
318.3	3209.8	
318.5	5053.7	
318.71	5590.3	
318.92	5481	
319.13	4016.1	
319.34	5821	
319.54	5920	
319.75	3203.7	
319.96	3057.6	
320.17	5633.3	
320.38	5856.5	
320.58	3142.9	
320.79	3695.9	
321	5887.2	
321.21	5875.6	
321.42	3734.8	
321.62	3106.8	
321.83	4908.3	
322.04	5313.8	
322.25	3675.4	
322.46	3480.9	
322.66	5391.6	
322.87	5533.6	
323.08	4281.6	
323.29	3329.3	
323.5	6294.8	
323.7	4851.6	
323.91	4653.7	
324.12	4158.1	
324.33	5378.6	
324.53	5649	
324.74	3996.3	
324.95	4214	
325.16	4749.2	
325.37	5128.1	
325.57	3476.8	
325.78	3478.1	
325.99	5434.6	
326.2	4815.5	
326.4	4803.9	
326.61	3194.1	
326.82	5191.6	
327.03	5438	
327.24	4846.2	
327.44	4600.4	
327.65	5546.6	
327.86	4546.5	
328.07	4042	
328.27	3315.7	
328.48	5963.7	
328.69	4912.4	
328.9	4901.5	
329.1	3646.7	
329.31	5182.7	
329.52	6052.4	
329.73	3437.9	
329.93	3875.4	
330.14	5316.5	
330.35	5539.8	
330.56	5625.1	
330.76	4236.6	
330.97	5087.2	
331.18	5492	
331.39	3849.5	
331.59	3056.3	
331.8	5801.2	
332.01	5977.3	
332.22	3559.4	
332.42	4059.8	
332.63	5418.9	
332.84	5012.1	
333.05	3807.2	
333.25	3470.6	
333.46	5068	
333.67	5364.3	
333.88	3568.9	
334.08	3960.8	
334.29	6991.8	
334.5	5982.8	
334.7	3334.1	
334.91	4871.4	
335.12	4840	
335.33	5659.2	
335.53	3748.5	
335.74	5539.1	
335.95	5110.4	
336.16	4977.2	
336.36	3758	
336.57	4370.4	
336.78	4839.4	
336.98	5877.7	
337.19	4663.2	
337.4	3728	
337.61	6344.6	
337.81	4884.4	
338.02	3519.8	
338.23	4511.7	
338.43	6034	
338.64	4902.8	
338.85	3461.1	
339.05	4566.3	
339.26	6089.3	
339.47	4765.6	
339.68	3427.6	
339.88	5057.8	
340.09	5563	
340.3	5766.4	
340.5	3972.4	
340.71	3099.3	
340.92	4769.7	
341.13	5976	
341.33	3336.1	
341.54	4076.1	
341.75	5478.3	
341.95	5171.8	
342.16	3871.3	
342.37	4167.6	
342.57	4901.5	
342.78	5240.8	
342.99	4293.9	
343.19	3104.7	
343.4	5666.7	
343.61	5543.2	
343.81	3681.6	
344.02	3321.8	
344.23	5697.4	
344.43	6065.4	
344.64	4297.3	
344.85	4098	
345.06	5565.7	
345.26	5918.6	
345.47	3929.4	
345.68	4650.9	
345.88	4701.5	
346.09	5776.6	
346.3	4003.1	
346.5	3071.3	
346.71	5318.6	
346.92	4999.8	
347.12	3134.1	
347.33	3966.2	
347.54	5881.1	
347.74	6206.7	
347.95	3885	
348.16	2936.8	
348.36	5111.7	
348.57	4885.8	
348.78	3927.3	
348.98	4145.8	
349.19	5199.8	
349.39	4738.3	
349.6	3160	
349.81	3504.1	
350.01	5538.4	
350.22	4963.6	
350.43	3803.8	
350.63	4607.9	
350.84	5315.2	
351.05	5094	
351.25	3443.3	
351.46	3098.6	
351.67	5810.8	
351.87	4990.9	
352.08	3620.8	
352.29	4149.2	
352.49	5750.7	
352.7	5379.3	
352.9	3299.3	
353.11	4197	
353.32	6305	
353.52	5061.2	
353.73	3315	
353.94	4214	
354.14	5535.7	
354.35	5337	
354.55	3420.1	
354.76	3775.1	
354.97	5487.2	
355.17	5318.6	
355.38	3166.8	
355.59	4406.5	
355.79	4990.9	
356	5410.7	
356.2	3704.8	
356.41	3298.6	
356.62	4691.9	
356.82	5169.8	
357.03	4034.5	
357.24	3598.3	
357.44	4961.5	
357.65	5068.7	
357.85	4843.4	
358.06	3794.9	
358.27	4659.1	
358.47	4896	
358.68	3134.8	
358.88	3940.3	
359.09	5447.6	
359.3	5773.9	
359.5	4648.2	
359.71	4097.3	
359.91	6221	
360.12	5587.5	
360.33	3944.4	
360.53	4383.3	
360.74	4905.6	
360.94	5016.2	
361.15	4137.6	
361.36	3393.5	
361.56	5696.8	
361.77	5132.2	
361.97	4636.6	
362.18	3522.5	
362.38	5647.6	
362.59	4783.4	
362.8	3327.9	
363	3117	
363.21	4588.1	
363.41	5227.8	
363.62	3827.7	
363.83	4782.7	
364.03	5281	
364.24	6228.6	
364.44	4893.3	
364.65	4790.9	
364.85	5117.9	
365.06	4720.6	
365.27	3476.8	
365.47	3532.7	
365.68	6106.4	
365.88	5077.6	
366.09	3847.5	
366.29	3538.9	
366.5	5286.5	
366.71	5741.8	
366.91	4788.2	
367.12	3971	
367.32	6270.2	
367.53	5564.3	
367.73	3949.8	
367.94	4848.9	
368.14	5468.1	
368.35	6367.1	
368.56	3991.5	
368.76	3687	
368.97	5560.2	
369.17	7244.3	
369.38	3433.1	
369.58	3672.7	
369.79	4687.1	
369.99	5965.1	
370.2	4661.9	
370.4	3831.1	
370.61	5291.3	
370.82	6466.8	
371.02	3642	
371.23	3044	
371.43	4604.5	
371.64	5868.1	
371.84	3704.8	
372.05	4823.6	
372.25	7046.4	
372.46	5539.8	
372.66	3666.5	
372.87	3583.9	
373.07	5646.2	
373.28	7111.2	
373.48	4584.7	
373.69	4350.6	
373.9	5028.4	
374.1	5110.4	
374.31	4519.9	
374.51	4142.4	
374.72	5835.3	
374.92	4735.6	
375.13	4711	
375.33	3888.4	
375.54	5345.2	
375.74	4878.3	
375.95	3940.3	
376.15	5174.5	
376.36	5389.6	
376.56	5271.5	
376.77	3953.9	
376.97	4420.9	
377.18	6381.5	
377.38	5462.6	
377.59	4757.4	
377.79	3504.8	
378	5265.3	
378.2	5709.1	
378.41	3539.6	
378.61	3443.3	
378.82	5718.6	
379.02	4876.9	
379.23	3651.5	
379.43	4737.6	
379.64	5715.2	
379.84	5395.7	
380.05	3533.4	
380.25	3452.9	
380.46	5465.3	
380.66	5134.3	
380.87	4804.5	
381.07	5156.8	
381.28	6133	
381.48	5487.2	
381.69	3513.6	
381.89	3573	
382.1	4521.2	
382.3	5649.7	
382.51	4646.2	
382.71	5474.2	
382.91	5583.4	
383.12	6032.6	
383.32	3930.7	
383.53	4136.2	
383.73	5378	
383.94	5229.1	
384.14	4022.9	
384.35	3272.7	
384.55	5128.8	
384.76	5580.7	
384.96	3882.3	
385.17	4233.8	
385.37	5583.4	
385.58	4868	
385.78	4216.1	
385.98	3166.8	
386.19	5087.2	
386.39	5380	
386.6	3719.1	
386.8	3883.6	
387.01	5550	
387.21	5535.7	
387.42	4296.6	
387.62	4876.9	
387.83	4913.1	
388.03	5481	
388.23	3898.6	
388.44	4667.3	
388.64	4576.5	
388.85	4626.4	
389.05	4226.3	
389.26	4870.1	
389.46	6463.4	
389.67	5852.4	
389.87	4207.9	
390.07	4276.8	
390.28	5140.4	
390.48	4735.6	
390.69	3467.9	
390.89	3796.3	
391.1	4909	
391.3	5795.8	
391.5	4881.7	
391.71	5465.3	
391.91	5571.2	
392.12	6481.1	
392.32	5020.9	
392.53	4234.5	
392.73	5003.9	
392.93	5209.3	
393.14	3944.4	
393.34	4649.6	
393.55	5610.1	
393.75	5179.3	
393.95	3912.3	
394.16	3888.4	
394.36	4893.3	
394.57	5567.7	
394.77	3380.5	
394.98	3880.9	
395.18	4817.5	
395.38	5042.1	
395.59	4638	
395.79	3618.8	
396	4984.8	
396.2	5413.5	
396.4	4435.9	
396.61	4333.5	
396.81	5610.1	
397.02	4872.8	
397.22	4635.9	
397.42	4644.8	
397.63	5562.3	
397.83	4777.2	
398.04	3510.9	
398.24	3962.8	
398.44	5347.9	
398.65	4415.4	
398.85	3309.5	
399.05	3451.5	
399.26	4726	
399.46	6369.2	
399.67	3816.7	
399.87	3589.4	
400.07	4995	
400.28	5327.4	
400.48	3573.7	
400.69	4597	
400.89	5617.6	
401.09	6021.7	
401.3	3437.9	
401.5	4567.7	
401.7	6201.2	
401.91	6482.5	
402.11	3865.2	
402.32	4093.9	
402.52	5689.3	
402.72	5595.7	
402.93	4216.8	
403.13	3189.4	
403.33	6308.4	
403.54	5152.7	
403.74	4058.4	
403.94	4845.5	
404.15	5252.4	
404.35	6340.5	
404.56	3827.7	
404.76	5560.2	
404.96	5668.8	
405.17	5425.8	
405.37	4975.2	
405.57	4263.9	
405.78	5604.6	
405.98	5154.1	
406.18	3764.2	
406.39	4640.7	
406.59	5634	
406.79	5244.8	
407	3627	
407.2	3737.5	
407.4	5619.6	
407.61	5826.5	
407.81	3680.9	
408.01	5902.9	
408.22	4505.5	
408.42	6436.8	
408.62	4533.5	
408.83	4074.8	
409.03	5117.2	
409.23	4900.1	
409.44	4040.6	
409.64	4298	
409.84	5930.2	
410.05	5793	
410.25	4084.3	
410.45	3882.9	
410.66	5143.8	
410.86	7637.6	
411.06	4237.9	
411.27	4153.3	
411.47	7253.2	
411.67	5294.7	
411.88	4435.9	
412.08	4490.5	
412.28	5883.1	
412.49	6425.2	
412.69	4042	
412.89	4050.9	
413.09	6249	
413.3	5956.9	
413.5	4084.3	
413.7	3768.9	
413.91	5402.5	
414.11	6225.8	
414.31	3958.7	
414.52	4328.7	
414.72	5868.1	
414.92	5709.7	
415.12	3957.4	
415.33	4481.6	
415.53	6038.1	
415.73	6176.7	
415.94	4820.9	
416.14	4227	
416.34	5115.1	
416.55	4777.2	
416.75	5364.3	
416.95	4747.2	
417.15	5977.3	
417.36	6756.2	
417.56	5563.6	
417.76	4596.3	
417.97	6374.6	
418.17	6052.4	
418.37	4210.6	
418.57	4291.2	
418.78	5883.1	
418.98	5587.5	
419.18	5053	
419.38	5035.3	
419.59	5583.4	
419.79	5234.6	
419.99	4141	
420.2	4531.5	
420.4	6023.1	
420.6	6255.2	
420.8	3988.1	
421.01	3990.8	
421.21	5827.8	
421.41	6072.2	
421.61	4428.4	
421.82	4118.5	
422.02	5442.8	
422.22	6323.4	
422.42	4882.4	
422.63	4721.3	
422.83	5523.4	
423.03	6686.6	
423.23	4709	
423.44	3626.3	
423.64	5597.1	
423.84	5382.7	
424.04	4018.1	
424.25	3801.7	
424.45	6574.7	
424.65	6469.5	
424.85	3596.9	
425.06	4173.1	
425.26	6554.9	
425.46	5100.1	
425.66	4601.1	
425.87	4400.4	
426.07	6273.6	
426.27	6141.2	
426.47	4450.9	
426.67	3899.3	
426.88	6710.5	
427.08	6113.9	
427.28	4676.2	
427.48	3806.5	
427.69	5069.4	
427.89	5677	
428.09	4693.3	
428.29	3902.7	
428.5	6311.8	
428.7	5943.9	
428.9	3657	
429.1	4240	
429.3	5756.8	
429.51	6235.4	
429.71	4027	
429.91	4846.2	
430.11	6031.3	
430.31	6285.2	
430.52	4344.4	
430.72	4581.3	
430.92	6583.5	
431.12	5998.5	
431.32	3990.8	
431.53	4449.6	
431.73	4996.4	
431.93	6705.7	
432.13	3927.3	
432.33	3775.8	
432.54	5535	
432.74	5819.6	
432.94	3697.3	
433.14	4773.8	
433.34	6023.1	
433.55	5425.1	
433.75	4677.6	
433.95	6247	
434.15	5714.5	
434.35	5408	
434.56	3872	
434.76	3324.5	
434.96	5759.6	
435.16	5905	
435.36	3699.3	
435.56	4730.8	
435.77	5326.1	
435.97	5506.3	
436.17	5388.2	
436.37	4655	
436.57	5287.2	
436.78	5161.6	
436.98	4706.2	
437.18	5240.8	
437.38	5870.8	
437.58	5554.8	
437.78	5437.4	
437.99	4148.5	
438.19	6031.3	
438.39	6736.5	
438.59	4096.6	
438.79	3587.4	
438.99	6690.7	
439.2	5405.3	
439.4	3753.9	
439.6	3666.5	
439.8	5782.8	
440	6780.8	
440.2	4604.5	
440.4	4710.3	
440.61	6088.6	
440.81	6594.5	
441.01	3775.1	
441.21	4618.2	
441.41	6399.9	
441.61	6090	
441.81	4895.3	
442.02	5888.6	
442.22	6980.2	
442.42	6158.9	
442.62	3830.4	
442.82	3887.7	
443.02	6407.4	
443.22	5582.8	
443.43	4224.3	
443.63	3760.1	
443.83	5341.1	
444.03	5393	
444.23	4917.2	
444.43	4614.8	
444.63	5654.4	
444.83	6894.1	
445.04	3903.4	
445.24	5083.1	
445.44	6057.2	
445.64	6146	
445.84	4745.1	
446.04	4618.2	
446.24	5492.7	
446.44	6485.9	
446.65	3951.2	
446.85	4242	
447.05	5842.2	
447.25	6429.9	
447.45	4412	
447.65	3819.5	
447.85	5797.8	
448.05	5481.7	
448.25	4817.5	
448.46	4543.1	
448.66	5728.9	
448.86	5467.4	
449.06	3686.3	
449.26	4785.4	
449.46	6135.7	
449.66	5239.4	
449.86	4216.1	
450.06	4244.1	
450.26	5397.8	
450.47	5982.8	
450.67	4554	
450.87	4838	
451.07	6049	
451.27	5745.2	
451.47	3836.5	
451.67	4375.8	
451.87	5463.3	
452.07	6634.1	
452.27	4019.5	
452.47	4058.4	
452.67	5776	
452.88	6198.5	
453.08	3491.1	
453.28	5352.7	
453.48	6848.4	
453.68	5759.6	
453.88	3900	
454.08	4143.7	
454.28	6006	
454.48	5668.1	
454.68	4683.7	
454.88	5173.2	
455.08	6191.7	
455.28	5843.5	
455.48	3855.6	
455.68	4323.3	
455.89	6569.9	
456.09	6233.3	
456.29	4102.1	
456.49	4093.9	
456.69	6358.3	
456.89	5672.9	
457.09	4620.2	
457.29	4934.2	
457.49	6038.8	
457.69	6085.9	
457.89	4265.2	
458.09	3760.1	
458.29	5614.8	
458.49	6364.4	
458.69	4752.7	
458.89	4125.3	
459.09	6544.6	
459.29	6763.1	
459.49	4291.2	
459.69	5045.5	
459.9	6215.6	
460.1	5606	
460.3	4194.2	
460.5	3962.1	
460.7	6047	
460.9	5836	
461.1	3577.1	
461.3	4783.4	
461.5	6612.2	
461.7	6249.7	
461.9	3906.2	
462.1	4421.6	
462.3	5719.3	
462.5	6379.4	
462.7	3914.4	
462.9	4029	
463.1	7257.3	
463.3	6858	
463.5	4212.7	
463.7	4958.8	
463.9	5838.1	
464.1	6242.9	
464.3	4200.4	
464.5	4541	
464.7	6359.6	
464.9	6007.4	
465.1	5788.9	
465.3	4772.4	
465.5	6737.8	
465.7	6623.1	
465.9	4985.4	
466.1	4863.9	
466.3	6457.9	
466.5	6389.7	
466.7	5575.3	
466.9	4555.4	
467.1	6237.4	
467.3	7180.2	
467.5	5472.9	
467.7	4488.5	
467.9	7310.6	
468.1	8147.5	
468.3	5193	
468.5	5522.7	
468.7	6130.9	
468.9	6154.1	
469.1	4635.2	
469.3	5375.2	
469.5	8026	
469.7	5726.8	
469.9	5184.8	
470.1	4464.6	
470.3	6165.8	
470.5	6130.3	
470.7	5705	
470.9	4523.3	
471.1	5923.4	
471.3	6464.8	
471.5	4334.2	
471.69	6165.8	
471.89	5933.6	
472.09	5457.2	
472.29	5074.9	
472.49	5605.3	
472.69	5561.6	
472.89	6464.1	
473.09	4339	
473.29	4536.9	
473.49	5830.6	
473.69	5988.9	
473.89	5397.8	
474.09	4687.1	
474.29	7165.2	
474.49	6888.7	
474.69	5291.3	
474.89	4784.1	
475.09	6026.5	
475.29	6025.8	
475.49	4229.1	
475.69	4453.6	
475.88	7540.6	
476.08	6298.2	
476.28	4136.2	
476.48	4675.5	
476.68	6771.9	
476.88	6698.2	
477.08	4567	
477.28	4754.7	
477.48	6112.5	
477.68	6780.1	
477.88	4283.7	
478.08	4630.5	
478.28	7081.2	
478.48	6268.1	
478.67	4678.2	
478.87	4247.5	
479.07	6841.6	
479.27	6415.6	
479.47	4898.1	
479.67	4889.2	
479.87	6664.8	
480.07	7221.8	
480.27	4138.9	
480.47	5698.1	
480.67	6443.6	
480.87	6954.2	
481.06	4460.5	
481.26	5281.7	
481.46	6285.2	
481.66	6256.5	
481.86	4915.8	
482.06	5825.8	
482.26	6046.3	
482.46	6926.2	
482.66	4795.7	
482.86	4341	
483.05	6346.7	
483.25	5799.8	
483.45	7150.8	
483.65	4797	
483.85	5945.9	
484.05	6225.8	
484.25	5208.7	
484.45	5583.4	
484.65	7040.2	
484.84	7047.1	
485.04	4672.8	
485.24	4721.9	
485.44	7235.5	
485.64	5629.2	
485.84	3975.1	
486.04	5294.7	
486.24	6014.9	
486.44	6343.2	
486.63	3956	
486.83	4659.8	
487.03	5885.2	
487.23	6025.1	
487.43	4003.8	
487.63	6218.3	
487.83	6079.7	
488.02	6995.9	
488.22	4917.2	
488.42	5427.8	
488.62	6961	
488.82	5842.9	
489.02	4640	
489.22	4558.1	
489.41	6792.4	
489.61	6402.6	
489.81	4313.7	
490.01	4352.6	
490.21	6703	
490.41	7371.3	
490.61	4333.5	
490.8	4434.5	
491	6223.1	
491.2	5615.5	
491.4	5071.5	
491.6	4220.2	
491.8	6272.9	
491.99	6458.6	
492.19	3999	
492.39	4506.9	
492.59	6722.1	
492.79	6774.7	
492.99	5172.5	
493.18	4264.6	
493.38	6776	
493.58	7451.9	
493.78	4932.2	
493.98	4547.2	
494.18	6476.4	
494.37	5894.7	
494.57	5014.1	
494.77	4901.5	
494.97	6537.8	
495.17	6728.3	
495.37	4476.9	
495.56	4816.1	
495.76	6960.4	
495.96	6535.1	
496.16	5565	
496.36	4500.8	
496.55	6747.4	
496.75	6215.6	
496.95	5020.9	
497.15	4763.6	
497.35	6649.8	
497.54	6690.7	
497.74	4613.4	
497.94	6255.2	
498.14	7285.3	
498.34	7192.5	
498.53	4317.1	
498.73	5061.9	
498.93	5974.6	
499.13	6620.4	
499.33	4827.1	
499.52	5385.5	
499.72	6460.7	
499.92	6850.5	
500.12	4463.2	
500.32	4766.3	
500.51	6768.5	
500.71	6518.7	
500.91	5493.3	
501.11	5123.3	
501.31	6685.9	
501.5	7137.2	
501.7	5745.9	
501.9	4823.6	
502.1	6537.8	
502.29	6852.5	
502.49	5187.5	
502.69	5659.9	
502.89	6806.1	
503.09	6714.6	
503.28	4347.8	
503.48	4467.3	
503.68	6047.7	
503.88	6040.8	
504.07	5472.2	
504.27	4890.5	
504.47	6378.7	
504.67	6650.4	
504.86	5418.2	
505.06	5105.6	
505.26	6240.2	
505.46	7876.5	
505.65	4957.4	
505.85	5270.8	
506.05	6228.6	
506.25	6659.3	
506.44	4368.3	
506.64	5337.7	
506.84	6094.1	
507.04	7045	
507.23	4620.2	
507.43	5113.8	
507.63	8094.3	
507.83	6367.8	
508.02	5189.6	
508.22	4835.9	
508.42	8314.1	
508.62	6167.8	
508.81	5089.9	
509.01	5597.8	
509.21	6030.6	
509.4	6290	
509.6	5346.6	
509.8	4664.6	
510	6333.7	
510.19	7627.3	
510.39	4712.4	
510.59	4767	
510.79	6096.8	
510.98	7455.3	
511.18	4758.1	
511.38	4925.4	
511.57	6917.4	
511.77	6846.4	
511.97	5546.6	
512.17	4589.5	
512.36	6886	
512.56	6935.1	
512.76	4671.4	
512.95	4431.1	
513.15	7006.8	
513.35	5650.3	
513.55	5433.3	
513.74	4659.8	
513.94	6959.7	
514.14	6346	
514.33	5550.7	
514.53	5253.7	
514.73	6333.7	
514.92	6472.3	
515.12	4815.5	
515.32	4575.8	
515.51	6481.1	
515.71	6992.4	
515.91	6184.9	
516.11	4610.7	
516.3	8109.3	
516.5	6111.8	
516.7	5194.3	
516.89	5763.7	
517.09	6334.4	
517.29	6160.3	
517.48	5679.7	
517.68	4995.7	
517.88	5967.1	
518.07	6606.7	
518.27	5342.5	
518.47	4468	
518.66	7219.1	
518.86	5821	
519.06	4291.9	
519.25	4725.3	
519.45	6197.2	
519.65	7524.9	
519.84	5341.8	
520.04	6060.6	
520.24	7910.6	
520.43	6833.4	
520.63	5137.7	
520.83	4831.8	
521.02	6100.9	
521.22	6750.8	
521.42	5446.9	
521.61	5882.4	
521.81	6304.3	
522.01	6533	
522.2	5245.5	
522.4	5008.6	
522.6	6905.8	
522.79	5679	
522.99	5096.7	
523.18	4274.1	
523.38	6590.4	
523.58	6520	
523.77	6159.6	
523.97	4263.2	
524.17	8226	
524.36	7298.3	
524.56	5494.7	
524.76	5201.8	
524.95	6415.6	
525.15	6158.2	
525.34	4928.8	
525.54	4968.4	
525.74	6761	
525.93	5756.8	
526.13	6012.8	
526.33	4806.6	
526.52	7078.5	
526.72	6476.4	
526.91	5998.5	
527.11	5272.2	
527.31	6963.1	
527.5	7345.4	
527.7	5200.5	
527.89	4243.4	
528.09	6027.9	
528.29	6457.2	
528.48	5555.5	
528.68	5209.3	
528.87	6800.6	
529.07	6853.2	
529.27	5135.6	
529.46	4708.3	
529.66	6507.1	
529.85	6922.8	
530.05	4551.3	
530.25	5279.7	
530.44	7815	
530.64	6535.1	
530.83	4846.9	
531.03	5124.7	
531.23	6851.8	
531.42	6714.6	
531.62	5782.1	
531.81	5010.7	
532.01	6885.3	
532.21	7387	
532.4	4654.4	
532.6	5055.8	
532.79	7655.3	
532.99	6860	
533.18	5091.9	
533.38	5973.9	
533.58	6389	
533.77	7115.3	
533.97	4924.7	
534.16	5763	
534.36	7275.1	
534.55	6376	
534.75	5896.8	
534.95	4971.8	
535.14	7181.5	
535.34	6431.3	
535.53	4748.6	
535.73	6613.6	
535.92	7761.1	
536.12	6649.1	
536.31	4821.6	
536.51	5877	
536.71	6895.5	
536.9	6505	
537.1	4958.1	
537.29	5140.4	
537.49	7364.5	
537.68	6271.6	
537.88	5479	
538.07	4663.2	
538.27	6548	
538.46	7611.6	
538.66	4539	
538.86	5008	
539.05	6604	
539.25	7101	
539.44	5303.6	
539.64	5000.5	
539.83	6508.4	
540.03	7436.9	
540.22	4757.4	
540.42	5040.7	
540.61	6756.2	
540.81	6808.8	
541	5421	
541.2	6027.9	
541.39	6346	
541.59	6728.9	
541.78	5726.8	
541.98	4935.6	
542.18	6023.8	
542.37	6029.2	
542.57	5278.3	
542.76	5692.7	
542.96	6180.1	
543.15	6864.1	
543.35	5373.9	
543.54	4650.9	
543.74	7193.8	
543.93	6749.4	
544.13	5317.9	
544.32	6419.7	
544.52	7114.6	
544.71	6316.6	
544.91	4517.1	
545.1	5739.8	
545.3	6333.7	
545.49	6898.9	
545.69	4478.2	
545.88	5113.1	
546.08	7888.8	
546.27	7526.3	
546.47	5498.1	
546.66	4823.6	
546.86	7234.1	
547.05	7818.5	
547.24	5129.5	
547.44	4906.9	
547.63	6315.3	
547.83	7295.5	
548.02	5256.5	
548.22	5562.3	
548.41	6063.4	
548.61	7297.6	
548.8	4924.7	
549	4872.1	
549.19	6713.2	
549.39	7139.9	
549.58	4698	
549.78	5183.4	
549.97	7152.9	
550.17	6653.9	
550.36	6083.1	
550.55	7028.6	
550.75	6622.4	
550.94	7520.8	
551.14	4859.8	
551.33	5279	
551.53	6037.4	
551.72	6995.2	
551.92	5302.2	
552.11	5076.2	
552.31	6985.6	
552.5	7098.9	
552.69	6758.3	
552.89	4745.8	
553.08	6994.5	
553.28	6765.8	
553.47	5128.1	
553.67	6225.8	
553.86	7638.2	
554.06	6039.5	
554.25	4424.3	
554.44	4908.3	
554.64	8420.6	
554.83	7904.5	
555.03	4855.1	
555.22	5257.8	
555.42	7202	
555.61	6917.4	
555.8	5083.1	
556	5317.9	
556.19	6062	
556.39	7410.2	
556.58	5133.6	
556.78	5117.9	
556.97	6845.7	
557.16	6578.1	
557.36	6429.9	
557.55	4777.9	
557.75	5906.3	
557.94	7634.8	
558.13	4895.3	
558.33	4663.2	
558.52	7412.3	
558.72	6371.2	
558.91	4899.4	
559.1	5020.9	
559.3	6111.1	
559.49	5857.9	
559.69	4430.4	
559.88	5511.1	
560.07	6823.8	
560.27	7223.9	
560.46	5655.8	
560.66	5724.8	
560.85	6667.5	
561.04	5924.1	
561.24	4825	
561.43	5031.9	
561.63	6150.7	
561.82	6457.9	
562.01	6247	
562.21	5339.1	
562.4	6819.1	
562.59	7684	
562.79	5173.2	
562.98	4895.3	
563.18	6797.9	
563.37	8127	
563.56	5640.1	
563.76	4692.6	
563.95	6217	
564.14	6138.4	
564.34	5070.1	
564.53	4881	
564.73	6722.8	
564.92	7010.2	
565.11	5274.9	
565.31	4567.7	
565.5	7286.7	
565.69	6275.7	
565.89	4873.5	
566.08	5116.5	
566.27	7180.2	
566.47	7531.7	
566.66	5687.2	
566.85	4401.8	
567.05	6726.9	
567.24	6176.7	
567.44	4709.6	
567.63	6094.8	
567.82	7048.4	
568.02	6734.4	
568.21	4752	
568.4	5109.7	
568.6	6559	
568.79	6634.1	
568.98	4586.8	
569.18	4747.2	
569.37	6523.5	
569.56	8422.6	
569.76	5162.2	
569.95	5986.9	
570.14	6926.2	
570.34	6849.8	
570.53	4631.8	
570.72	4625.7	
570.91	7347.4	
571.11	6516	
571.3	5037.3	
571.49	5984.2	
571.69	6563.1	
571.88	6197.8	
572.07	5563.6	
572.27	5562.3	
572.46	6152.8	
572.65	7163.1	
572.85	4850.3	
573.04	5221.6	
573.23	7271.7	
573.43	6679.1	
573.62	4555.4	
573.81	5150.6	
574	6623.8	
574.2	6425.2	
574.39	4870.1	
574.58	5107.6	
574.78	7397.9	
574.97	6655.2	
575.16	5427.8	
575.36	5549.3	
575.55	7020.4	
575.74	7219.1	
575.93	4492.6	
576.13	5545.2	
576.32	6470.2	
576.51	6959.7	
576.71	4976.6	
576.9	6212.9	
577.09	7290.8	
577.28	6795.2	
577.48	5376.6	
577.67	4437.9	
577.86	6417.7	
578.05	6765.8	
578.25	5057.8	
578.44	5225.1	
578.63	6602.7	
578.83	7776.8	
579.02	4522.6	
579.21	5976.7	
579.4	6747.4	
579.6	6446.3	
579.79	5184.1	
579.98	7286	
580.17	7023.2	
580.37	7135.1	
580.56	4685.1	
580.75	5421.7	
580.94	7555	
581.14	7415.7	
581.33	5781.4	
581.52	4801.1	
581.71	7001.3	
581.91	7569.3	
582.1	4478.9	
582.29	5066.7	
582.48	6579.4	
582.68	6507.8	
582.87	5525.4	
583.06	5179.3	
583.25	6892.8	
583.45	6294.8	
583.64	5784.8	
583.83	6479.1	
584.02	6386.2	
584.21	6831.3	
584.41	5761.6	
584.6	5160.2	
584.79	6580.1	
584.98	7291.5	
585.18	4543.1	
585.37	4603.8	
585.56	6122.1	
585.75	6842.3	
585.94	4777.2	
586.14	5466	
586.33	7557.7	
586.52	6576.7	
586.71	5395.7	
586.91	5126.7	
587.1	6064.7	
587.29	7093.5	
587.48	5080.3	
587.67	4928.1	
587.87	6894.8	
588.06	7021.8	
588.25	6277.7	
588.44	5582.1	
588.63	6694.1	
588.83	7199.3	
589.02	5164.3	
589.21	5042.1	
589.4	6595.8	
589.59	6442.9	
589.78	4492.6	
589.98	4775.9	
590.17	6219	
590.36	6731	
590.55	4175.8	
590.74	5061.2	
590.94	8051.2	
591.13	6655.9	
591.32	4868.7	
591.51	4378.6	
591.7	7080.5	
591.89	6611.5	
592.09	4489.1	
592.28	4841.4	
592.47	5826.5	
592.66	7696.3	
592.85	4478.2	
593.05	4711.7	
593.24	6518	
593.43	7227.3	
593.62	4683.7	
593.81	5227.8	
594	6512.5	
594.19	6694.1	
594.39	4631.1	
594.58	4582.7	
594.77	6859.3	
594.96	7374.1	
595.15	4558.8	
595.34	5202.5	
595.54	6826.6	
595.73	6015.6	
595.92	4017.4	
596.11	5152.7	
596.3	7359.7	
596.49	6075	
596.68	4944.5	
596.88	5340.4	
597.07	7066.2	
597.26	5986.2	
597.45	4435.9	
597.64	5641.5	
597.83	6132.3	
598.02	6810.9	
598.22	4465.3	
598.41	5173.9	
598.6	6573.3	
598.79	6070.2	
598.98	4498.7	
599.17	5445.5	
599.36	6552.1	
599.55	7684	
599.74	6519.4	
599.94	6272.2	
600.13	7129	
600.32	5965.7	
600.51	4324.6	
600.7	4495.3	
600.89	7766.6	
601.08	7740.6	
601.27	4283	
601.47	5178.6	
601.66	7044.3	
601.85	7626.6	
602.04	4913.1	
602.23	5190.2	
602.42	6099.5	
602.61	6731	
602.8	4901.5	
602.99	4676.9	
603.18	6354.8	
603.37	6645.7	
603.57	5226.4	
603.76	5829.2	
603.95	7456	
604.14	6966.5	
604.33	4689.2	
604.52	5035.3	
604.71	6660.7	
604.9	6212.9	
605.09	5854.5	
605.28	5447.6	
605.47	7169.9	
605.66	6831.3	
605.86	5237.3	
606.05	4663.2	
606.24	7260.7	
606.43	5779.4	
606.62	4973.2	
606.81	5799.8	
607	7144.7	
607.19	6410.1	
607.38	4459.8	
607.57	4768.4	
607.76	6143.9	
607.95	5680.4	
608.14	5126.7	
608.33	5695.4	
608.52	6229.2	
608.72	7044.3	
608.91	4446.1	
609.1	4291.9	
609.29	6346.7	
609.48	5912.5	
609.67	5261.2	
609.86	4366.3	
610.05	5973.2	
610.24	6334.4	
610.43	4237.9	
610.62	3930.7	
610.81	7403.4	
611	7181.5	
611.19	4414.1	
611.38	5055.8	
611.57	6522.8	
611.76	7791.2	
611.95	4240	
612.14	4091.2	
612.33	6374.6	
612.52	5909.1	
612.71	4694.6	
612.9	3970.3	
613.09	5582.8	
613.28	7881.3	
613.47	4551.3	
613.66	5485.8	
613.85	6601.3	
614.04	6041.5	
614.24	4549.9	
614.43	3796.3	
614.62	6554.9	
614.81	6601.3	
615	5152	
615.19	5059.8	
615.38	5998.5	
615.57	6272.2	
615.76	4941.7	
615.95	5873.6	
616.14	6661.4	
616.33	6301.6	
616.52	5292	
616.71	5423.7	
616.9	6688.7	
617.09	6447	
617.28	4665.3	
617.47	5837.4	
617.66	5752.7	
617.85	5784.8	
618.04	5414.1	
618.22	4956.1	
618.41	6036	
618.6	6870.3	
618.79	4859.1	
618.98	4533.5	
619.17	7170.6	
619.36	5538.4	
619.55	4625.7	
619.74	4730.8	
619.93	6466.1	
620.12	5866.1	
620.31	5214.1	
620.5	5388.9	
620.69	6953.5	
620.88	7275.8	
621.07	6016.2	
621.26	5025.7	
621.45	6585.6	
621.64	6513.9	
621.83	5185.5	
622.02	4363.5	
622.21	6668.9	
622.4	6378.7	
622.59	5695.4	
622.78	5394.3	
622.97	6027.2	
623.16	6903	
623.35	5103.5	
623.54	4303.5	
623.72	6170.5	
623.91	6335.7	
624.1	5425.1	
624.29	4102.8	
624.48	7355.6	
624.67	6653.2	
624.86	5223	
625.05	4317.8	
625.24	7499	
625.43	5867.4	
625.62	6851.1	
625.81	4522.6	
626	6918	
626.19	6152.8	
626.38	5212.8	
626.56	4737.6	
626.75	6010.1	
626.94	6784.2	
627.13	5303.6	
627.32	4077.5	
627.51	6642.2	
627.7	7983.7	
627.89	4252.3	
628.08	5310.4	
628.27	5991.7	
628.46	6135.7	
628.65	4502.8	
628.83	4181.3	
629.02	6695.5	
629.21	5975.3	
629.4	4916.5	
629.59	5067.4	
629.78	5897.5	
629.97	6890	
630.16	5122.7	
630.35	4644.1	
630.54	7254.6	
630.72	7023.9	
630.91	4609.3	
631.1	5169.8	
631.29	6479.8	
631.48	6666.8	
631.67	5240.8	
631.86	4762.2	
632.05	6073.6	
632.24	6092	
632.42	4382	
632.61	4926	
632.8	6263.4	
632.99	5881.8	
633.18	4953.4	
633.37	5301.5	
633.56	6429.3	
633.75	6294.1	
633.93	4958.1	
634.12	4710.3	
634.31	7250.5	
634.5	6864.1	
634.69	4633.9	
634.88	5224.4	
635.07	6177.4	
635.25	6823.1	
635.44	5557.5	
635.63	5770.5	
635.82	6137.8	
636.01	5605.3	
636.2	5522.7	
636.39	5039.4	
636.57	7137.2	
636.76	6927.6	
636.95	4553.3	
637.14	5919.3	
637.33	6547.4	
637.52	7432.8	
637.7	4356	
637.89	5287.9	
638.08	6126.8	
638.27	7522.2	
638.46	5330.9	
638.65	5727.5	
638.83	7524.9	
639.02	5993.7	
639.21	5320.6	
639.4	5734.3	
639.59	6502.3	
639.78	6132.3	
639.96	4554.7	
640.15	4643.4	
640.34	6349.4	
640.53	6597.2	
640.72	4348.5	
640.91	4663.2	
641.09	5817.6	
641.28	7190.4	
641.47	4634.6	
641.66	5464	
641.85	6479.1	
642.03	6872.3	
642.22	5293.3	
642.41	4810	
642.6	5965.7	
642.79	5474.9	
642.97	4591.5	
643.16	5247.6	
643.35	5971.2	
643.54	5795.8	
643.73	4556	
643.91	5287.2	
644.1	5644.9	
644.29	6285.2	
644.48	4648.2	
644.67	4708.3	
644.85	5975.3	
645.04	6260.6	
645.23	4328.7	
645.42	4676.2	
645.6	5946.6	
645.79	7000.6	
645.98	4638.6	
646.17	3741.6	
646.36	5691.3	
646.54	6374	
646.73	5494	
646.92	4326	
647.11	5919.3	
647.29	6910.5	
647.48	4424.3	
647.67	4273.4	
647.86	7211.6	
648.05	7118.1	
648.23	4765.6	
648.42	5991.7	
648.61	6626.5	
648.8	6272.9	
648.98	4433.9	
649.17	4657.8	
649.36	5911.8	
649.55	5415.5	
649.73	4438.6	
649.92	5201.2	
650.11	5807.4	
650.3	6170.5	
650.48	4603.8	
650.67	4250.9	
650.86	6433.4	
651.05	5436	
651.23	4539.7	
651.42	4486.4	
651.61	5813.5	
651.79	6021.7	
651.98	4709	
652.17	4348.5	
652.36	6397.2	
652.54	5438	
652.73	4431.8	
652.92	4276.2	
653.11	6429.3	
653.29	6471.6	
653.48	3797.6	
653.67	4742.4	
653.85	6210.8	
654.04	7235.5	
654.23	4943.1	
654.42	4527.4	
654.6	5810.1	
654.79	6492.7	
654.98	4057.7	
655.16	4655	
655.35	5512.4	
655.54	5380.7	
655.73	4123.2	
655.91	4114.4	
656.1	6500.3	
656.29	5303.6	
656.47	3668.6	
656.66	5429.2	
656.85	5705	
657.03	5593	
657.22	4169	
657.41	4235.9	
657.59	5715.9	
657.78	5495.4	
657.97	3845.4	
658.16	4504.8	
658.34	6282.5	
658.53	6632.7	
658.72	5445.5	
658.9	5941.2	
659.09	5765.7	
659.28	5832.6	
659.46	4252.3	
659.65	4091.2	
659.84	5528.8	
660.02	6062.7	
660.21	4098.7	
660.4	4082.3	
660.58	6493.4	
660.77	5918.6	
660.96	4720.6	
661.14	3756.7	
661.33	7071	
661.52	6889.4	
661.7	3752.6	
661.89	7271.7	
662.08	5576.6	
662.26	5102.2	
662.45	4027	
662.64	4122.6	
662.82	6203.3	
663.01	5381.4	
663.2	4138.9	
663.38	4857.8	
663.57	6126.8	
663.75	6032.6	
663.94	4492.6	
664.13	5655.1	
664.31	5584.1	
664.5	6161.7	
664.69	4660.5	
664.87	5343.2	
665.06	5337	
665.25	5985.5	
665.43	5482.4	
665.62	5546.6	
665.8	6298.9	
665.99	5673.6	
666.18	4517.8	
666.36	4645.5	
666.55	6313.9	
666.74	6216.3	
666.92	4155.3	
667.11	5797.1	
667.29	5664.7	
667.48	6246.3	
667.67	5305.6	
667.85	4362.9	
668.04	5756.2	
668.22	5657.2	
668.41	4612.7	
668.6	4769.7	
668.78	5519.3	
668.97	5795.1	
669.15	4953.4	
669.34	3903.4	
669.53	5573.2	
669.71	5852.4	
669.9	4162.2	
670.08	4721.9	
670.27	5567.7	
670.46	6121.4	
670.64	4947.2	
670.83	5204.6	
671.01	5400.5	
671.2	6054.5	
671.38	4155.3	
671.57	4101.4	
671.76	6612.9	
671.94	7148.1	
672.13	4001.7	
672.31	5107.6	
672.5	6184.2	
672.69	5536.3	
672.87	4126.7	
673.06	4481.6	
673.24	6102.3	
673.43	5606	
673.61	4943.8	
673.8	4410	
673.98	6240.2	
674.17	6341.9	
674.36	5001.8	
674.54	4862.6	
674.73	5990.3	
674.91	6238.1	
675.1	4603.2	
675.28	4263.9	
675.47	5816.9	
675.65	6322.8	
675.84	4435.2	
676.03	4792.9	
676.21	5593	
676.4	5057.1	
676.58	5240.8	
676.77	4949.3	
676.95	7065.5	
677.14	5570.5	
677.32	4150.5	
677.51	3912.3	
677.69	6252.4	
677.88	5229.1	
678.06	3964.9	
678.25	4132.8	
678.44	5777.3	
678.62	5573.9	
678.81	3936.2	
678.99	4775.2	
679.18	6571.9	
679.36	6158.2	
679.55	4391.5	
679.73	4971.8	
679.92	6083.1	
680.1	5577.3	
680.29	5635.3	
680.47	4397	
680.66	5579.3	
680.84	6332.3	
681.03	3784.6	
681.21	4814.1	
681.4	5582.8	
681.58	5447.6	
681.77	4240.7	
681.95	4164.9	
682.14	6341.9	
682.32	6756.2	
682.51	5066.7	
682.69	3915.7	
682.88	5552	
683.06	6166.4	
683.25	4816.1	
683.43	5216.2	
683.62	5800.5	
683.8	6237.4	
683.99	5354.8	
684.17	4683	
684.36	7027.9	
684.54	5770.5	
684.73	3943.7	
684.91	4214.7	
685.1	6180.8	
685.28	5605.3	
685.46	4789.5	
685.65	4845.5	
685.83	6379.4	
686.02	5834.7	
686.2	4302.1	
686.39	4410	
686.57	5665.4	
686.76	6961.7	
686.94	4269.3	
687.13	4384	
687.31	6227.9	
687.5	5828.5	
687.68	3865.9	
687.86	5147.9	
688.05	7434.8	
688.23	5299.5	
688.42	5141.1	
688.6	4306.9	
688.79	5618.3	
688.97	5599.8	
689.16	4771.1	
689.34	3627	
689.52	6343.9	
689.71	6584.9	
689.89	4933.6	
690.08	4252.3	
690.26	5842.2	
690.45	5720	
690.63	5182	
690.81	4435.9	
691	5673.6	
691.18	5586.9	
691.37	4619.5	
691.55	6710.5	
691.74	5597.1	
691.92	7556.3	
692.1	4633.9	
692.29	4084.3	
692.47	5762.3	
692.66	5113.1	
692.84	4208.6	
693.02	4791.6	
693.21	5160.2	
693.39	5676.3	
693.58	4818.2	
693.76	4265.2	
693.94	6774	
694.13	6584.2	
694.31	4168.3	
694.5	5264	
694.68	5477	
694.86	5729.5	
695.05	4548.5	
695.23	4627	
695.42	6078.4	
695.6	8312.7	
695.78	5067.4	
695.97	4244.1	
696.15	6146.6	
696.34	5565	
696.52	4046.1	
696.7	4853.7	
696.89	5913.9	
697.07	5361.6	
697.25	4771.1	
697.44	6193.1	
697.62	5944.6	
697.81	6294.8	
697.99	4533.5	
698.17	4937	
698.36	5264.6	
698.54	6001.2	
698.72	4860.5	
698.91	3851.5	
699.09	5562.3	
699.28	5437.4	
699.46	4531.5	
699.64	4353.3	
699.83	5341.8	
700.01	6577.4	
700.19	5182	
700.38	3635.8	
700.56	6476.4	
700.74	5466	
700.93	4011.3	
701.11	4746.5	
701.29	6047.7	
701.48	6985.6	
701.66	4183.3	
701.84	4198.3	
702.03	5568.4	
702.21	6151.4	
702.39	3760.8	
702.58	4362.2	
702.76	5911.8	
702.94	6059.3	
703.13	3777.1	
703.31	6059.9	
703.49	5208	
703.68	6555.5	
703.86	3947.8	
704.04	4862.6	
704.23	5706.3	
704.41	6075	
704.59	4094.6	
704.78	5354.8	
704.96	6798.6	
705.14	6185.5	
705.33	3865.9	
705.51	4759.5	
705.69	5524.7	
705.87	6428.6	
706.06	4954	
706.24	3834.5	
706.42	5931.6	
706.61	6054.5	
706.79	5069.4	
706.97	3867.9	
707.16	5393.7	
707.34	5937.7	
707.52	4969.7	
707.7	4076.8	
707.89	5481	
708.07	5199.8	
708.25	5008	
708.44	5059.2	
708.62	5396.4	
708.8	6522.1	
708.98	5273.5	
709.17	4236.6	
709.35	5859.2	
709.53	5807.4	
709.72	3882.3	
709.9	4421.6	
710.08	6047.7	
710.26	6158.2	
710.45	5489.2	
710.63	4351.9	
710.81	5698.8	
710.99	5767.1	
711.18	4837.3	
711.36	4417.5	
711.54	5638.1	
711.72	6362.4	
711.91	4526.7	
712.09	3940.3	
712.27	5810.8	
712.45	6478.4	
712.64	4814.1	
712.82	3767.6	
713	5382.7	
713.18	5555.5	
713.37	3999.7	
713.55	5369.1	
713.73	6474.3	
713.91	5138.4	
714.1	4512.4	
714.28	4016.7	
714.46	6242.9	
714.64	5515.2	
714.83	3613.3	
715.01	4341	
715.19	5652.4	
715.37	5111	
715.55	4186	
715.74	4509.6	
715.92	6580.8	
716.1	4721.9	
716.28	5561.6	
716.47	4668.7	
716.65	5382.7	
716.83	5458.5	
717.01	4599.1	
717.19	4573.1	
717.38	7432.8	
717.56	5134.3	
717.74	4709	
717.92	3893.2	
718.1	6296.1	
718.29	5525.4	
718.47	3471.3	
718.65	4076.1	
718.83	6191	
719.01	5962.3	
719.2	3257	
719.38	4320.5	
719.56	5627.8	
719.74	7169.3	
719.92	3926	
720.11	5000.5	
720.29	5843.5	
720.47	4931.5	
720.65	3548.4	
720.83	4536.3	
721.02	5439.4	
721.2	5177.9	
721.38	4563.6	
721.56	3797.6	
721.74	4715.8	
721.92	4896	
722.11	5022.3	
722.29	4745.1	
722.47	6112.5	
722.65	5267.4	
722.83	3837.2	
723.01	4779.3	
723.2	5408.7	
723.38	5655.1	
723.56	3254.9	
723.74	4482.3	
723.92	4884.4	
724.1	6079.1	
724.29	3820.8	
724.47	4967	
724.65	4939	
724.83	4868	
725.01	3719.1	
725.19	4569	
725.37	4977.9	
725.56	5081.7	
725.74	3541.6	
725.92	3801.7	
726.1	4902.2	
726.28	5170.4	
726.46	4222.2	
726.64	3952.6	
726.83	5257.1	
727.01	5444.9	
727.19	3528	
727.37	4349.9	
727.55	5299.5	
727.73	5827.2	
727.91	3530.7	
728.09	3362.1	
728.28	5779.4	
728.46	6361.7	
728.64	4464.6	
728.82	4435.9	
729	6837.5	
729.18	6026.5	
729.36	3572.3	
729.54	5833.3	
729.72	6978.1	
729.91	5342.5	
730.09	5436	
730.27	4154	
730.45	5160.2	
730.63	5783.5	
730.81	4764.9	
730.99	3740.3	
731.17	6315.3	
731.35	4937.7	
731.53	4339	
731.71	3949.8	
731.9	6085.2	
732.08	6295.5	
732.26	4225	
732.44	3857	
732.62	6355.5	
732.8	5847	
732.98	4658.4	
733.16	3700	
733.34	5775.3	
733.52	4651.6	
733.7	4179.9	
733.88	4426.3	
734.07	5647.6	
734.25	5500.8	
734.43	3687.7	
734.61	5225.7	
734.79	6900.3	
734.97	5307.7	
735.15	3835.8	
735.33	4150.5	
735.51	5744.6	
735.69	5329.5	
735.87	5655.1	
736.05	4394.9	
736.23	5509.7	
736.41	5242.8	
736.59	4169.7	
736.77	4282.3	
736.95	5883.1	
737.13	5346.6	
737.32	3891.1	
737.5	4074.8	
737.68	6410.8	
737.86	5248.9	
738.04	3680.9	
738.22	5488.6	
738.4	5048.9	
738.58	5401.2	
738.76	4206.5	
738.94	3287	
739.12	5221.6	
739.3	5097.4	
739.48	4875.5	
739.66	4605.2	
739.84	5421.7	
740.02	5474.2	
740.2	3319.1	
740.38	3701.4	
740.56	5803.9	
740.74	4740.4	
740.92	4352.6	
741.1	4343.7	
741.28	5335	
741.46	5097.4	
741.64	3960.8	
741.82	4427.7	
742	5362.9	
742.18	5275.6	
742.36	4174.4	
742.54	3771	
742.72	5892.7	
742.9	4661.2	
743.08	4570.4	
743.26	3366.9	
743.44	6188.3	
743.62	5973.2	
743.8	4699.4	
743.98	3758	
744.16	5692	
744.34	5383.4	
744.52	4631.8	
744.7	4535.6	
744.88	5901.6	
745.06	5389.6	
745.24	4681	
745.42	4861.9	
745.6	5920.7	
745.78	5791.7	
745.96	3549.8	
746.14	3861.8	
746.32	6707.1	
746.5	5924.8	
746.68	4487.8	
746.86	3908.2	
747.03	6367.8	
747.21	4760.8	
747.39	4397.7	
747.57	3949.8	
747.75	5580.7	
747.93	5980.1	
748.11	3913	
748.29	3798.3	
748.47	7161.7	
748.65	5384.8	
748.83	4620.9	
749.01	4339.6	
749.19	5771.9	
749.37	5008	
749.55	4209.9	
749.73	4345.8	
749.91	5503.6	
750.09	5229.1	
750.26	4356.7	
750.44	3768.3	
750.62	5498.8	
750.8	5530.2	
750.98	3648.1	
751.16	4001.7	
751.34	5598.5	
751.52	4887.8	
751.7	4782.7	
751.88	3606.5	
752.06	6008.1	
752.24	5841.5	
752.42	3519.8	
752.59	3970.3	
752.77	5461.2	
752.95	6701	
753.13	4662.5	
753.31	4087.7	
753.49	5144.5	
753.67	5653.8	
753.85	4401.8	
754.03	3997.6	
754.21	5985.5	
754.38	6324.1	
754.56	4164.9	
754.74	3268.6	
754.92	5314.5	
755.1	6098.9	
755.28	3435.1	
755.46	3506.1	
755.64	6872.3	
755.82	6982.9	
755.99	3861.8	
756.17	4065.9	
756.35	4678.2	
756.53	6219.7	
756.71	3017.3	
756.89	3976.5	
757.07	5847.6	
757.25	4965	
757.42	4414.7	
757.6	5277.6	
757.78	5820.3	
757.96	4775.2	
758.14	4050.9	
758.32	3607.8	
758.5	4374.5	
758.67	5223	
758.85	3969.6	
759.03	4024.9	
759.21	5380.7	
759.39	4855.7	
759.57	3506.1	
759.75	4590.9	
759.92	5993	
760.1	5303.6	
760.28	4934.2	
760.46	5196.4	
760.64	5013.4	
760.82	4805.9	
760.99	4682.3	
761.17	3916.4	
761.35	5808	
761.53	4806.6	
761.71	4064.5	
761.89	4675.5	
762.06	5599.1	
762.24	5097.4	
762.42	4067.9	
762.6	3788.1	
762.78	5137	
762.96	5771.9	
763.13	4448.9	
763.31	4066.6	
763.49	5930.9	
763.67	5038	
763.85	4872.8	
764.02	5422.3	
764.2	6138.4	
764.38	5332.2	
764.56	3937.6	
764.74	4882.4	
764.91	6313.9	
765.09	5182	
765.27	3648.8	
765.45	3465.2	
765.63	6315.9	
765.8	6095.4	
765.98	3225.6	
766.16	3538.2	
766.34	4820.2	
766.52	4579.9	
766.69	4471.4	
766.87	3415.3	
767.05	5177.3	
767.23	5948	
767.41	3712.3	
767.58	3990.8	
767.76	5836	
767.94	5869.5	
768.12	3796.9	
768.29	4466.6	
768.47	5257.1	
768.65	6019.7	
768.83	3489.7	
769	4591.5	
769.18	4974.5	
769.36	5643.5	
769.54	4622.9	
769.72	3534.8	
769.89	5861.3	
770.07	5980.8	
770.25	3855	
770.43	5111	
770.6	6663.4	
770.78	6975.4	
770.96	4042.7	
771.14	4669.4	
771.31	5889.3	
771.49	5154.7	
771.67	3221.5	
771.85	3484.3	
772.02	4425.7	
772.2	5214.1	
772.38	4225.6	
772.55	3742.3	
772.73	5534.3	
772.91	5275.6	
773.09	4167.6	
773.26	4257	
773.44	5496.1	
773.62	5089.9	
773.8	3639.9	
773.97	3416	
774.15	5535	
774.33	5105.6	
774.5	3581.9	
774.68	3900.7	
774.86	5703.6	
775.04	5223	
775.21	3693.9	
775.39	3633.1	
775.57	5499.5	
775.74	5850.4	
775.92	3532.7	
776.1	3409.9	
776.27	5439.4	
776.45	6655.2	
776.63	3685.7	
776.81	3194.1	
776.98	5067.4	
777.16	6194.4	
777.34	3900.7	
777.51	4156.7	
777.69	5152	
777.87	4926.7	
778.04	3848.8	
778.22	4461.2	
778.4	4995	
778.57	5590.3	
778.75	3216	
778.93	3474	
779.1	4790.2	
779.28	4582	
779.46	3237.2	
779.64	3693.9	
779.81	5793.7	
779.99	6658.6	
780.17	4494.6	
780.34	4612	
780.52	5237.3	
780.69	5438	
780.87	4102.8	
781.05	3616	
781.22	5319.9	
781.4	5353.4	
781.58	3795.6	
781.75	2946.3	
781.93	5365.7	
782.11	4793.6	
782.28	4672.8	
782.46	3743	
782.64	4660.5	
782.81	5533.6	
782.99	3837.9	
783.17	3786.7	
783.34	5429.2	
783.52	4711	
783.69	4052.2	
783.87	4760.8	
784.05	4823.6	
784.22	4775.9	
784.4	4829.8	
784.58	4106.9	
784.75	5778.7	
784.93	4835.3	
785.1	3824.2	
785.28	4420.2	
785.46	5515.9	
785.63	4837.3	
785.81	3792.8	
785.99	3624.2	
786.16	4936.3	
786.34	5408	
786.51	3635.1	
786.69	4091.2	
786.87	4546.5	
787.04	5096	
787.22	3508.2	
787.39	4503.5	
787.57	4853	
787.75	5922	
787.92	4631.8	
788.1	4614.1	
788.27	4859.1	
788.45	4618.2	
788.63	4336.2	
788.8	3108.1	
788.98	5378.6	
789.15	4537.6	
789.33	3206.4	
789.5	3822.9	
789.68	5774.6	
789.86	5919.3	
790.03	4255	
790.21	3736.9	
790.38	5784.8	
790.56	4952.7	
790.73	3543.7	
790.91	3681.6	
791.09	4866	
791.26	5598.5	
791.44	3882.9	
791.61	3299.3	
791.79	4843.4	
791.96	4934.9	
792.14	3431.7	
792.32	3012.6	
792.49	4857.8	
792.67	4949.9	
792.84	3541.6	
793.02	3294.5	
793.19	5614.8	
793.37	6047.7	
793.54	3044.6	
793.72	3386	
793.89	6167.8	
794.07	4907.6	
794.25	3990.1	
794.42	3070.6	
794.6	5956.2	
794.77	5532.2	
794.95	4246.8	
795.12	3728	
795.3	4881	
795.47	5523.4	
795.65	4087.7	
795.82	3876.1	
796	4725.3	
796.17	6571.9	
796.35	3768.3	
796.52	4472.1	
796.7	5380.7	
796.87	5520.6	
797.05	4697.4	
797.22	4648.2	
797.4	5472.2	
797.57	6417.7	
797.75	3899.3	
797.92	3682.2	
798.1	5749.3	
798.27	4934.2	
798.45	3198.2	
798.62	3429.7	
798.8	5208.7	
798.97	5704.3	
799.15	4091.8	
799.32	3928.7	
799.5	4448.2	
799.67	5243.5	
799.85	4240.7	
800.02	3089.7	
800.2	4861.2	
800.37	5199.8	
800.55	4404.5	
800.72	3666.5	
800.9	5670.1	
801.07	6083.1	
801.25	4930.8	
801.42	4053.6	
801.6	5725.4	
801.77	5444.9	
801.95	3767.6	
802.12	3583.3	
802.29	5406	
802.47	5360.9	
802.64	4004.5	
802.82	3011.2	
802.99	4840	
803.17	5863.3	
803.34	3903.4	
803.52	3556.6	
803.69	6448.4	
803.87	4668	
804.04	3876.1	
804.21	3975.8	
804.39	5930.2	
804.56	5063.9	
804.74	3317	
804.91	4098	
805.09	4883	
805.26	4990.9	
805.44	3407.8	
805.61	3732.1	
805.78	5473.5	
805.96	5536.3	
806.13	4126.7	
806.31	4354	
806.48	4486.4	
806.66	4984.1	
806.83	4082.3	
807	3996.3	
807.18	4879.6	
807.35	5274.9	
807.53	3985.3	
807.7	3177.1	
807.87	6010.1	
808.05	4918.5	
808.22	4403.8	
808.4	3156.6	
808.57	4934.9	
808.74	4587.4	
808.92	3656.3	
809.09	4657.8	
809.27	4853	
809.44	5410.7	
809.61	3216.7	
809.79	3615.3	
809.96	6009.4	
810.14	5642.8	
810.31	3093.8	
810.48	3832.4	
810.66	5053	
810.83	5784.8	
811.01	3661.8	
811.18	4080.9	
811.35	5636.7	
811.53	4444.1	
811.7	4450.2	
811.87	4102.8	
812.05	4998.4	
812.22	4890.5	
812.39	3556.6	
812.57	3436.5	
812.74	4974.5	
812.92	6636.1	
813.09	3843.4	
813.26	4104.8	
813.44	6341.9	
813.61	4861.9	
813.78	3218.7	
813.96	4307.6	
814.13	4907.6	
814.3	4676.9	
814.48	4565.6	
814.65	3831.7	
814.82	6187.6	
815	4752.7	
815.17	3942.3	
815.34	4724	
815.52	4853	
815.69	4858.5	
815.87	3949.2	
816.04	3403.7	
816.21	4958.8	
816.38	4340.3	
816.56	3819.5	
816.73	3506.1	
816.9	6266.1	
817.08	5664	
817.25	3562.1	
817.42	4461.8	
817.6	4501.4	
817.77	5032.5	
817.94	4059.8	
818.12	3540.9	
818.29	4741.7	
818.46	7345.4	
818.64	3682.9	
818.81	3415.3	
818.98	4647.5	
819.16	6683.9	
819.33	4232.5	
819.5	3991.5	
819.67	5423.7	
819.85	5952.8	
820.02	3900.7	
820.19	4105.5	
820.37	5165.7	
820.54	4782	
820.71	3990.8	
820.88	4962.9	
821.06	5223.7	
821.23	4727.4	
821.4	4012.7	
821.58	4011.3	
821.75	5754.1	
821.92	5089.9	
822.09	3208.5	
822.27	3332.7	
822.44	4914.4	
822.61	4868.7	
822.79	3246	
822.96	6281.8	
823.13	5495.4	
823.3	4707.6	
823.48	3780.6	
823.65	3362.1	
823.82	5685.2	
823.99	4540.3	
824.17	4785.4	
824.34	3422.8	
824.51	6548	
824.68	5020.3	
824.86	3555.3	
825.03	4034.5	
825.2	4995.7	
825.37	6030.6	
825.55	3556.6	
825.72	3917.8	
825.89	6604	
826.06	6152.8	
826.24	3900.7	
826.41	3934.1	
826.58	6058.6	
826.75	5259.2	
826.92	3035.1	
827.1	3342.3	
827.27	8228.7	
827.44	6521.4	
827.61	3605.1	
827.79	4441.4	
827.96	4691.9	
828.13	5063.3	
828.3	3805.8	
828.47	3210.5	
828.65	5237.3	
828.82	5172.5	
828.99	4915.8	
829.16	4308.2	
829.34	5576.6	
829.51	5362.3	
829.68	3991.5	
829.85	4114.4	
830.02	5880.4	
830.2	5588.2	
830.37	3041.9	
830.54	4721.9	
830.71	6382.8	
830.88	5005.2	
831.05	3100.6	
831.23	3562.1	
831.4	6089.3	
831.57	6828.6	
831.74	3693.9	
831.91	3197.6	
832.09	5190.9	
832.26	5519.3	
832.43	3747.8	
832.6	4310.3	
832.77	5200.5	
832.94	6010.1	
833.12	3030.3	
833.29	3776.5	
833.46	5032.5	
833.63	7027.3	
833.8	4188.8	
833.97	3830.4	
834.15	5625.1	
834.32	5408	
834.49	3915.7	
834.66	4044.7	
834.83	5767.1	
835	4716.5	
835.17	3668.6	
835.35	3637.2	
835.52	5461.2	
835.69	5403.9	
835.86	3850.9	
836.03	3203	
836.2	5515.2	
836.37	5172.5	
836.55	3785.3	
836.72	3513.6	
836.89	5189.6	
837.06	5606.7	
837.23	3852.2	
837.4	4240	
837.57	6420.4	
837.75	7072.3	
837.92	3517	
838.09	3731.4	
838.26	5117.2	
838.43	5887.2	
838.6	3977.2	
838.77	3579.2	
838.94	6621.1	
839.11	6404.7	
839.29	3801	
839.46	2968.9	
839.63	5537.7	
839.8	5230.5	
839.97	3678.8	
840.14	3691.1	
840.31	5300.8	
840.48	5509	
840.65	3088.3	
840.82	3796.9	
841	5536.3	
841.17	5522	
841.34	3392.8	
841.51	3407.8	
841.68	5515.9	
841.85	5205.9	
842.02	3568.9	
842.19	2894.5	
842.36	5282.4	
842.53	5305.6	
842.7	3317	
842.87	4188.1	
843.05	6938.5	
843.22	5306.3	
843.39	3220.8	
843.56	3492.5	
843.73	5001.1	
843.9	5611.4	
844.07	5453.7	
844.24	4579.3	
844.41	8066.9	
844.58	4813.4	
844.75	3244	
844.92	3573.7	
845.09	5543.2	
845.26	5531.6	
845.43	3363.4	
845.6	3561.4	
845.77	5540.4	
845.94	5289.9	
846.12	3742.3	
846.29	4005.8	
846.46	5687.2	
846.63	5547.3	
846.8	3358	
846.97	4030.4	
847.14	6010.1	
847.31	5502.2	
847.48	3832.4	
847.65	4268.6	
847.82	5803.9	
847.99	5772.5	
848.16	4542.4	
848.33	4171	
848.5	5143.8	
848.67	5994.4	
848.84	3371.6	
849.01	3515	
849.18	4978.6	
849.35	4695.3	
849.52	4252.9	
849.69	3321.1	
849.86	5808.7	
850.03	5943.2	
850.2	3412.6	
850.37	4167.6	
850.54	5897.5	
850.71	5185.5	
850.88	4093.9	
851.05	3324.5	
851.22	5491.3	
851.39	6140.5	
851.56	3183.9	
851.73	3892.5	
851.9	4875.5	
852.07	5776.6	
852.24	3714.3	
852.41	3422.2	
852.58	5446.9	
852.75	4949.9	
852.92	3764.8	
853.09	3319.8	
853.26	5147.2	
853.43	5918.6	
853.6	3323.9	
853.77	2846.7	
853.94	6044.9	
854.11	4807.3	
854.28	5031.2	
854.44	3703.4	
854.61	6479.8	
854.78	5879	
854.95	3360	
855.12	4293.9	
855.29	4424.3	
855.46	6291.4	
855.63	3382.6	
855.8	4642.1	
855.97	5131.5	
856.14	5918.6	
856.31	4753.3	
856.48	3659.7	
856.65	5129.5	
856.82	4820.2	
856.99	3259.7	
857.16	3615.3	
857.33	6681.8	
857.49	5235.3	
857.66	3581.9	
857.83	3919.8	
858	5201.8	
858.17	5429.8	
858.34	3198.9	
858.51	3366.2	
858.68	6215.6	
858.85	6245.6	
859.02	3877.5	
859.19	4119.1	
859.36	4846.9	
859.52	4925.4	
859.69	3383.2	
859.86	3981.3	
860.03	4922	
860.2	6131.6	
860.37	3054.2	
860.54	3388.7	
860.71	5715.9	
860.88	6184.9	
861.05	3816.7	
861.21	4259.1	
861.38	6120.7	
861.55	4762.2	
861.72	3056.9	
861.89	3757.3	
862.06	5855.1	
862.23	6412.9	
862.4	3281.5	
862.56	3508.2	
862.73	5674.9	
862.9	5367.7	
863.07	4044.1	
863.24	3046	
863.41	4761.5	
863.58	4881	
863.75	3468.6	
863.91	3958.7	
864.08	6150.7	
864.25	5726.1	
864.42	4229.1	
864.59	4760.8	
864.76	6468.9	
864.93	4889.2	
865.09	3332.7	
865.26	3587.4	
865.43	6010.1	
865.6	6347.3	
865.77	2951.1	
865.94	3295.2	
866.1	6139.8	
866.27	5788.2	
866.44	5036	
866.61	3206.4	
866.78	5280.3	
866.95	5661.3	
867.11	3284.9	
867.28	2972.3	
867.45	5881.1	
867.62	4995	
867.79	3914.4	
867.96	3385.3	
868.12	4928.8	
868.29	5800.5	
868.46	2919.7	
868.63	4478.2	
868.8	5925.5	
868.97	5674.9	
869.13	3537.5	
869.3	3493.2	
869.47	5673.6	
869.64	5859.9	
869.81	3471.3	
869.97	3353.9	
870.14	5542.5	
870.31	6183.5	
870.48	3282.2	
870.65	4226.3	
870.81	5234.6	
870.98	5223.7	
871.15	3866.6	
871.32	3534.8	
871.48	5616.9	
871.65	6281.1	
871.82	3336.1	
871.99	3670.6	
872.16	6668.2	
872.32	6122.7	
872.49	3388	
872.66	3397.6	
872.83	5800.5	
872.99	5063.9	
873.16	3932.8	
873.33	3396.9	
873.5	5371.1	
873.67	5475.6	
873.83	3576.4	
874	4552	
874.17	5526.8	
874.34	6602	
874.5	4316.4	
874.67	4201.1	
874.84	6175.3	
875.01	4857.8	
875.17	4722.6	
875.34	3336.8	
875.51	5473.5	
875.68	6606.7	
875.84	4098.7	
876.01	4967.7	
876.18	5748.6	
876.34	5694	
876.51	3383.2	
876.68	3308.8	
876.85	5201.8	
877.01	5980.8	
877.18	4839.4	
877.35	3371.6	
877.52	5348.6	
877.68	4795.7	
877.85	3245.3	
878.02	3331.4	
878.18	5335.6	
878.35	5064.6	
878.52	2722.4	
878.69	3785.3	
878.85	5762.3	
879.02	5707	
879.19	4831.2	
879.35	3622.9	
879.52	5642.8	
879.69	5917.3	
879.86	2898.6	
880.02	3766.2	
880.19	5289.2	
880.36	6482.5	
880.52	3892.5	
880.69	4092.5	
880.86	5849	
881.02	5917.3	
881.19	3736.2	
881.36	3641.3	
881.52	5711.8	
881.69	5109.7	
881.86	3617.4	
882.02	3563.5	
882.19	5946.6	
882.36	6956.9	
882.52	3415.3	
882.69	4767	
882.86	5534.3	
883.02	5435.3	
883.19	4114.4	
883.36	3874.8	
883.52	5866.7	
883.69	6658.6	
883.86	3394.8	
884.02	3052.8	
884.19	5767.8	
884.36	5373.9	
884.52	3821.5	
884.69	3571.7	
884.86	5115.8	
885.02	6346.7	
885.19	3757.3	
885.36	3944.4	
885.52	5364.3	
885.69	5472.9	
885.86	4893.3	
886.02	4302.8	
886.19	5763	
886.35	5225.7	
886.52	3699.3	
886.69	4728.1	
886.85	4984.8	
887.02	6111.8	
887.19	6111.8	
887.35	6111.8	
887.52	6111.8	
887.68	6111.8	
887.85	6111.8	
888.02	6111.8	
888.18	6111.8	
888.35	6111.8	
888.51	6111.8	
888.68	6111.8	
888.85	6111.8	
889.01	6111.8	
889.18	6111.8	
889.35	6111.8	
889.51	6111.8	
889.68	6111.8	
889.84	6111.8	
890.01	6111.8	
890.17	6111.8	
890.34	6111.8	
890.51	6111.8	
890.67	6111.8	
890.84	6111.8	
891	6111.8	
891.17	6111.8	
891.34	6111.8	
891.5	6111.8	
891.67	6111.8	
891.83	6111.8	
892	6111.8	
892.16	6111.8	
892.33	6111.8	
892.5	6111.8	
892.66	6111.8	
892.83	6111.8	
892.99	6111.8	
893.16	6111.8	
893.32	6111.8	
893.49	6111.8	
893.65	6111.8	
893.82	6111.8	
893.99	6111.8	
894.15	6111.8	
894.32	6111.8	
894.48	6111.8	
894.65	6111.8	
894.81	6111.8	
894.98	6111.8	
895.14	6111.8	
895.31	6111.8	
895.47	6111.8	
895.64	6111.8	
895.81	6111.8	
895.97	6111.8	
896.14	6111.8	
896.3	6111.8	
896.47	6111.8	
896.63	6111.8	
896.8	6111.8	
896.96	6111.8	
897.13	6111.8	
897.29	6111.8	
897.46	6111.8	
897.62	6111.8	
897.79	6111.8	
897.95	6111.8	
898.12	6111.8	
898.28	6111.8	
898.45	6111.8	
898.61	6111.8	
898.78	6111.8	
898.94	6111.8	
899.11	6111.8	
899.27	6111.8	
899.44	6111.8	
899.6	6111.8	
899.77	6111.8	
899.93	6111.8	
900.1	6111.8	
900.26	6111.8	
900.43	6111.8	
900.59	6111.8	
900.76	6111.8	
900.92	6111.8	
901.09	6111.8	
901.25	6111.8	
901.42	6111.8	
901.58	6111.8	
901.75	6111.8	
901.91	6111.8	
902.07	6111.8	
902.24	6111.8	
902.4	6111.8	
902.57	6111.8	
902.73	6111.8	
902.9	6111.8	
903.06	6111.8	
903.23	6111.8	
903.39	6111.8	
903.56	6111.8	
903.72	6111.8	
903.88	6111.8	
904.05	6111.8	
904.21	6111.8	
904.38	6111.8	
904.54	6111.8	
904.71	6111.8	
904.87	6111.8	
905.03	6111.8	
905.2	6111.8	
905.36	6111.8	
905.53	6111.8	
905.69	6111.8	
905.86	6111.8	
906.02	6111.8	
906.18	6111.8	
906.35	6111.8	
906.51	6111.8	
906.68	6111.8	
906.84	6111.8	
907.01	6111.8	
907.17	6111.8	
907.33	6111.8	
907.5	6111.8	
907.66	6111.8	
907.83	6111.8	
907.99	6111.8	
908.15	6111.8	
908.32	6111.8	
908.48	6111.8	
908.65	6111.8	
908.81	6111.8	
908.97	6111.8	
909.14	6111.8	
909.3	6111.8	
909.47	6111.8	
909.63	6111.8	
909.79	6111.8	
909.96	6111.8	
910.12	6111.8	
910.28	6111.8	
910.45	6111.8	
910.61	6111.8	
910.78	6111.8	
910.94	6111.8	
911.1	6111.8	
911.27	6111.8	
911.43	6111.8	
911.59	6111.8	
911.76	6111.8	
911.92	6111.8	
912.08	6111.8	
912.25	6111.8	
912.41	6111.8	
912.57	6111.8	
912.74	6111.8	
912.9	6111.8	
913.07	6111.8	
913.23	6111.8	
913.39	6111.8	
913.56	6111.8	
913.72	6111.8	
913.88	6111.8	
914.05	6111.8	
914.21	6111.8	
914.37	6111.8	
914.54	6111.8	
914.7	6111.8	
914.86	6111.8	
915.03	6111.8	
915.19	6111.8	
