Wavelength	Intensities	
nm	a.u.	
179.22	1928.8	
179.44	1917.6	
179.65	1940.1	
179.86	1895.1	
180.08	1899.1	
180.29	4888.5	
180.51	3571.7	
180.72	5653.1	
180.94	6636.1	
181.15	3269.9	
181.37	3194.8	
181.58	5479.7	
181.79	5812.1	
182.01	3329.3	
182.22	3639.2	
182.44	5831.2	
182.65	4831.2	
182.87	4583.4	
183.08	4057	
183.29	6019.7	
183.51	5061.2	
183.72	3663.1	
183.94	5323.4	
184.15	5419.6	
184.37	5397.8	
184.58	3202.3	
184.79	4483	
185.01	5005.9	
185.22	5829.2	
185.44	4714.4	
185.65	3918.4	
185.86	5304.9	
186.08	4933.6	
186.29	3169.6	
186.51	3347.1	
186.72	5061.9	
186.94	6009.4	
187.15	3933.5	
187.36	4037.9	
187.58	7746.8	
187.79	5540.4	
188.01	4213.4	
188.22	6604.7	
188.43	6653.2	
188.65	5716.6	
188.86	3322.5	
189.08	4100.7	
189.29	5236.7	
189.5	5243.5	
189.72	3759.4	
189.93	3811.3	
190.15	6006.7	
190.36	7206.8	
190.57	4144.4	
190.79	4048.2	
191	6107	
191.22	6006	
191.43	4074.1	
191.64	3343.7	
191.86	6240.8	
192.07	6040.1	
192.29	3611.9	
192.5	3756	
192.71	5973.9	
192.93	5155.4	
193.14	3708.2	
193.35	3827.7	
193.57	5184.1	
193.78	5890.6	
194	3038.5	
194.21	3661.8	
194.42	4902.2	
194.64	5433.9	
194.85	4065.2	
195.07	4727.4	
195.28	5493.3	
195.49	4713.7	
195.71	5017.5	
195.92	3502	
196.13	5605.3	
196.35	5750	
196.56	5381.4	
196.78	4058.4	
196.99	7101.7	
197.2	6602	
197.42	4613.4	
197.63	4072.7	
197.84	4807.3	
198.06	5601.9	
198.27	3750.5	
198.48	4990.9	
198.7	5201.2	
198.91	5330.9	
199.13	4122.6	
199.34	4069.3	
199.55	5811.5	
199.77	4734.9	
199.98	3606.5	
200.19	4133.5	
200.41	5330.2	
200.62	5012.7	
200.83	4246.1	
201.05	4549.9	
201.26	5341.8	
201.47	5113.8	
201.69	3593.5	
201.9	3504.1	
202.11	5341.8	
202.33	6501.6	
202.54	3887	
202.76	4311	
202.97	5558.2	
203.18	5526.1	
203.4	4266.6	
203.61	4140.3	
203.82	5526.8	
204.04	5127.4	
204.25	4142.4	
204.46	3990.1	
204.68	5429.2	
204.89	5706.3	
205.1	4016.1	
205.32	3404.4	
205.53	5856.5	
205.74	5983.5	
205.96	2937.5	
206.17	4158.1	
206.38	5797.1	
206.6	5944.6	
206.81	4724.7	
207.02	3809.2	
207.24	5699.5	
207.45	6141.2	
207.66	3855	
207.88	3301.3	
208.09	5626.5	
208.3	5429.8	
208.52	3552.5	
208.73	3846.8	
208.94	5445.5	
209.15	6169.2	
209.37	3885	
209.58	4042	
209.79	5966.4	
210.01	5207.3	
210.22	3074.7	
210.43	3221.5	
210.65	5455.1	
210.86	5798.5	
211.07	3903.4	
211.29	3519.1	
211.5	5774.6	
211.71	5362.3	
211.93	3560.1	
212.14	3587.4	
212.35	5362.9	
212.56	5595.1	
212.78	4084.3	
212.99	3409.9	
213.2	6408.1	
213.42	5196.4	
213.63	3728	
213.84	3958.7	
214.06	4773.1	
214.27	4916.5	
214.48	3927.3	
214.69	4175.1	
214.91	6135	
215.12	6185.5	
215.33	4142.4	
215.55	4650.9	
215.76	6675	
215.97	5831.9	
216.18	4010.6	
216.4	3886.4	
216.61	5069.4	
216.82	5928.2	
217.04	3599	
217.25	3745.1	
217.46	6087.2	
217.67	5815.5	
217.89	3185.3	
218.1	3308.2	
218.31	5580	
218.53	5673.6	
218.74	3708.9	
218.95	3680.2	
219.16	5344.5	
219.38	6360.3	
219.59	3661.1	
219.8	4370.4	
220.01	7038.9	
220.23	5485.8	
220.44	4754.7	
220.65	3607.2	
220.87	5491.3	
221.08	6057.9	
221.29	3280.2	
221.5	4496	
221.72	7481.2	
221.93	5139.7	
222.14	4087.1	
222.35	4855.1	
222.57	5432.6	
222.78	5790.3	
222.99	3880.2	
223.2	4207.9	
223.42	5759.6	
223.63	5847.6	
223.84	2973.7	
224.05	2959.3	
224.27	6967.2	
224.48	6313.2	
224.69	4894.6	
224.9	4033.1	
225.12	5653.8	
225.33	5317.2	
225.54	3282.9	
225.75	3697.9	
225.97	4943.1	
226.18	5290.6	
226.39	3987.4	
226.6	3626.3	
226.82	5156.8	
227.03	5022.3	
227.24	4157.4	
227.45	3403	
227.67	5791	
227.88	6352.8	
228.09	4569	
228.3	4602.5	
228.52	5890	
228.73	5386.2	
228.94	3854.3	
229.15	3396.2	
229.36	5395.7	
229.58	5302.2	
229.79	3820.1	
230	4515.1	
230.21	6477.7	
230.43	5546.6	
230.64	4023.6	
230.85	4231.8	
231.06	5854.5	
231.28	5887.9	
231.49	3340.9	
231.7	3944.4	
231.91	5816.9	
232.12	5460.6	
232.34	3469.3	
232.55	3932.8	
232.76	6114.6	
232.97	5577.3	
233.18	3611.9	
233.4	4048.2	
233.61	5679	
233.82	5175.9	
234.03	3734.8	
234.25	3716.4	
234.46	7497.6	
234.67	5540.4	
234.88	4197	
235.09	3609.2	
235.31	5758.9	
235.52	5333.6	
235.73	4037.2	
235.94	3433.8	
236.15	5167	
236.37	6692.1	
236.58	3502.7	
236.79	3946.4	
237	5717.2	
237.21	4937.7	
237.43	4206.5	
237.64	3252.9	
237.85	9953.1	
238.06	5003.2	
238.27	4299.4	
238.48	3414.6	
238.7	5785.5	
238.91	5247.6	
239.12	3924.6	
239.33	3938.2	
239.54	5018.9	
239.76	5390.3	
239.97	3852.9	
240.18	3882.9	
240.39	6835.4	
240.6	5709.1	
240.82	4007.2	
241.03	3324.5	
241.24	5410.1	
241.45	6283.9	
241.66	3549.1	
241.87	4240.7	
242.09	6180.1	
242.3	6518.7	
242.51	4235.9	
242.72	3889.1	
242.93	5890.6	
243.14	5357.5	
243.36	4489.1	
243.57	4895.3	
243.78	6314.6	
243.99	5843.5	
244.2	3960.8	
244.41	3537.5	
244.63	4983.4	
244.84	5774.6	
245.05	4151.9	
245.26	3968.3	
245.47	5680.4	
245.68	6008.1	
245.9	5265.3	
246.11	4094.6	
246.32	5274.2	
246.53	5687.2	
246.74	6434	
246.95	3326.6	
247.16	4937.7	
247.38	5422.3	
247.59	3224.2	
247.8	3934.1	
248.01	5108.3	
248.22	5379.3	
248.43	3543.7	
248.64	3794.2	
248.86	4782	
249.07	5205.3	
249.28	3394.2	
249.49	4070	
249.7	6004	
249.91	6122.1	
250.12	3298.6	
250.34	3295.2	
250.55	5485.8	
250.76	5411.4	
250.97	4093.2	
251.18	4115.1	
251.39	6144.6	
251.6	5593.7	
251.81	4164.9	
252.03	4130.1	
252.24	5166.3	
252.45	6049.7	
252.66	3408.5	
252.87	4321.9	
253.08	5471.5	
253.29	7158.3	
253.5	3394.8	
253.72	4754	
253.93	5304.2	
254.14	6505.7	
254.35	3720.5	
254.56	3877.5	
254.77	5739.8	
254.98	5025	
255.19	3687	
255.41	4733.5	
255.62	5500.2	
255.83	6099.5	
256.04	4271.4	
256.25	4203.1	
256.46	6733	
256.67	5077.6	
256.88	4009.9	
257.09	4526.7	
257.31	5107	
257.52	5112.4	
257.73	5117.2	
257.94	3665.2	
258.15	5261.9	
258.36	5457.8	
258.57	4691.2	
258.78	2965.5	
258.99	5922.7	
259.2	5279	
259.41	3812.6	
259.63	3861.8	
259.84	6303.6	
260.05	6735.1	
260.26	4942.4	
260.47	3651.5	
260.68	5980.1	
260.89	5335	
261.1	4555.4	
261.31	3540.3	
261.52	6047	
261.73	6438.1	
261.95	4826.4	
262.16	4247.5	
262.37	6166.4	
262.58	6242.9	
262.79	4825	
263	3816.7	
263.21	5411.4	
263.42	4967	
263.63	3854.3	
263.84	3773.7	
264.05	5974.6	
264.26	6386.2	
264.47	4732.2	
264.69	4235.2	
264.9	6109.8	
265.11	5691.3	
265.32	3545	
265.53	3672.7	
265.74	5598.5	
265.95	4843.4	
266.16	3971	
266.37	4373.8	
266.58	5565	
266.79	5206.6	
267	3701.4	
267.21	3435.8	
267.42	4995.7	
267.63	5399.1	
267.84	3931.4	
268.06	3386.7	
268.27	5921.4	
268.48	6245.6	
268.69	3814	
268.9	4489.1	
269.11	6119.3	
269.32	4919.9	
269.53	3966.2	
269.74	3650.8	
269.95	5783.5	
270.16	4835.9	
270.37	3932.1	
270.58	4532.8	
270.79	5283.1	
271	5999.2	
271.21	4231.1	
271.42	4006.5	
271.63	5560.9	
271.84	5117.2	
272.05	3127.9	
272.26	3565.5	
272.47	5432.6	
272.68	5629.2	
272.89	3734.1	
273.11	4371	
273.32	5253	
273.53	6378.1	
273.74	4216.8	
273.95	4132.1	
274.16	6140.5	
274.37	5551.4	
274.58	4231.8	
274.79	3452.2	
275	5589.6	
275.21	6105.7	
275.42	5190.2	
275.63	4437.3	
275.84	5692.7	
276.05	7219.8	
276.26	4194.2	
276.47	3841.3	
276.68	5273.5	
276.89	6498.9	
277.1	4450.9	
277.31	3427.6	
277.52	5722.7	
277.73	5881.8	
277.94	3362.1	
278.15	3794.2	
278.36	5571.2	
278.57	5067.4	
278.78	3778.5	
278.99	4227.7	
279.2	5086.5	
279.41	4996.4	
279.62	5016.2	
279.83	3429	
280.04	6703	
280.25	4959.5	
280.46	4897.4	
280.67	3900.7	
280.88	5070.1	
281.09	6115.9	
281.3	4123.9	
281.51	5196.4	
281.72	5958.2	
281.93	6012.2	
282.14	3684.3	
282.35	3970.3	
282.56	5957.5	
282.77	5916.6	
282.98	3808.5	
283.19	4625.7	
283.4	7303.7	
283.61	5403.2	
283.82	3439.2	
284.03	4900.8	
284.24	5567.7	
284.45	6095.4	
284.66	4832.5	
284.87	4657.8	
285.08	6012.8	
285.29	6165.1	
285.5	3401.7	
285.71	3807.9	
285.92	6101.6	
286.12	6803.4	
286.33	4819.6	
286.54	3850.9	
286.75	5954.8	
286.96	5347.2	
287.17	3461.7	
287.38	4728.1	
287.59	5076.2	
287.8	4985.4	
288.01	3882.3	
288.22	4456.4	
288.43	5914.5	
288.64	4999.8	
288.85	4614.8	
289.06	4319.8	
289.27	5898.2	
289.48	6394.4	
289.69	4868.7	
289.9	4423.6	
290.11	6088.6	
290.32	5172.5	
290.53	4652.3	
290.74	4237.9	
290.94	5841.5	
291.15	5973.2	
291.36	3741.6	
291.57	4403.8	
291.78	5192.3	
291.99	4897.4	
292.2	3536.2	
292.41	4297.3	
292.62	6014.2	
292.83	5774.6	
293.04	5231.9	
293.25	3578.5	
293.46	5266	
293.67	6042.9	
293.88	3667.2	
294.09	3565.5	
294.29	4957.4	
294.5	5621	
294.71	3925.3	
294.92	3764.2	
295.13	5212.8	
295.34	6568.5	
295.55	3295.2	
295.76	3420.1	
295.97	5870.8	
296.18	6654.5	
296.39	3465.2	
296.6	3705.5	
296.81	5549.3	
297.01	5918.6	
297.22	3851.5	
297.43	3689.1	
297.64	5130.2	
297.85	5098.1	
298.06	3044.6	
298.27	3302	
298.48	5526.1	
298.69	5218.9	
298.9	3948.5	
299.11	3595.6	
299.31	4971.1	
299.52	5017.5	
299.73	4251.6	
299.94	4176.5	
300.15	5382.7	
300.36	5053.7	
300.57	4149.9	
300.78	4158.1	
300.99	5317.9	
301.2	5571.8	
301.4	3631	
301.61	3956	
301.82	5716.6	
302.03	5890.6	
302.24	4489.8	
302.45	3472.7	
302.66	5744.6	
302.87	6256.5	
303.08	3667.2	
303.29	5015.5	
303.49	5146.5	
303.7	5459.9	
303.91	3298.6	
304.12	4849.6	
304.33	4980.7	
304.54	5625.1	
304.75	3734.1	
304.96	3500.7	
305.16	5795.1	
305.37	6537.8	
305.58	3192.1	
305.79	3364.1	
306	5791.7	
306.21	4864.6	
306.42	3682.9	
306.63	5662	
306.83	5304.2	
307.04	6102.3	
307.25	3999	
307.46	4013.3	
307.67	4631.1	
307.88	5918.6	
308.09	3632.4	
308.29	3761.4	
308.5	5623.7	
308.71	6077.7	
308.92	3927.3	
309.13	3575.1	
309.34	5431.2	
309.55	5410.7	
309.75	4552.6	
309.96	4227	
310.17	5944.6	
310.38	5170.4	
310.59	4421.6	
310.8	3447.4	
311.01	5304.9	
311.21	5334.3	
311.42	3546.4	
311.63	3582.6	
311.84	5197.1	
312.05	5575.9	
312.26	4104.8	
312.46	4489.1	
312.67	5326.1	
312.88	4943.1	
313.09	3526.6	
313.3	3440.6	
313.51	6259.3	
313.71	6688	
313.92	3530.7	
314.13	3751.2	
314.34	5571.2	
314.55	5297.4	
314.76	4560.1	
314.96	3953.3	
315.17	5499.5	
315.38	5969.1	
315.59	3485	
315.8	3430.3	
316.01	6386.9	
316.21	6372.6	
316.42	3401	
316.63	3907.5	
316.84	5341.8	
317.05	6135	
317.26	4291.2	
317.46	3795.6	
317.67	5297.4	
317.88	5843.5	
318.09	4517.8	
318.3	3257.6	
318.5	5165.7	
318.71	5808.7	
318.92	5819.6	
319.13	4184.7	
319.34	5993.7	
319.54	6078.4	
319.75	3300	
319.96	3186.6	
320.17	5827.8	
320.38	6072.9	
320.58	3211.2	
320.79	3875.4	
321	6001.2	
321.21	6240.2	
321.42	3886.4	
321.62	3265.8	
321.83	5068.7	
322.04	5444.2	
322.25	3775.8	
322.46	3553.9	
322.66	5533.6	
322.87	5745.2	
323.08	4424.3	
323.29	3504.8	
323.5	6556.9	
323.7	5031.9	
323.91	4873.5	
324.12	4349.9	
324.33	5520	
324.53	5763	
324.74	4215.4	
324.95	4461.8	
325.16	4816.1	
325.37	5286.5	
325.57	3570.3	
325.78	3694.5	
325.99	5524.1	
326.2	4962.9	
326.4	5164.3	
326.61	3320.4	
326.82	5398.4	
327.03	5602.6	
327.24	5101.5	
327.44	4842.8	
327.65	5721.3	
327.86	4631.1	
328.07	4242	
328.27	3414.6	
328.48	6146.6	
328.69	5005.2	
328.9	5197.7	
329.1	3856.3	
329.31	5307.7	
329.52	6367.1	
329.73	3621.5	
329.93	4052.2	
330.14	5449.6	
330.35	5717.9	
330.56	5907.7	
330.76	4417.5	
330.97	5209.3	
331.18	5670.8	
331.39	3949.2	
331.59	3226.2	
331.8	6050.4	
332.01	6180.1	
332.22	3706.8	
332.42	4250.2	
332.63	5539.1	
332.84	5162.2	
333.05	3969.6	
333.25	3648.8	
333.46	5236	
333.67	5410.1	
333.88	3732.8	
334.08	4160.8	
334.29	7256.6	
334.5	6138.4	
334.7	3454.9	
334.91	5180.7	
335.12	5038.7	
335.33	5915.2	
335.53	3971	
335.74	5858.6	
335.95	5261.2	
336.16	5090.6	
336.36	3921.9	
336.57	4561.5	
336.78	4969.1	
336.98	6044.9	
337.19	4888.5	
337.4	3902.7	
337.61	6612.2	
337.81	5014.1	
338.02	3659	
338.23	4649.6	
338.43	6244.9	
338.64	5101.5	
338.85	3558.7	
339.05	4713.7	
339.26	6319.3	
339.47	4883	
339.68	3629	
339.88	5337.7	
340.09	5730.2	
340.3	5943.9	
340.5	4213.4	
340.71	3175.7	
340.92	4894	
341.13	6240.8	
341.33	3469.9	
341.54	4308.9	
341.75	5683.1	
341.95	5358.2	
342.16	3990.8	
342.37	4352.6	
342.57	5025.7	
342.78	5439.4	
342.99	4485.1	
343.19	3142.9	
343.4	5846.3	
343.61	5729.5	
343.81	3854.3	
344.02	3480.9	
344.23	5887.9	
344.43	6303	
344.64	4434.5	
344.85	4370.4	
345.06	5739.8	
345.26	6071.5	
345.47	4125.3	
345.68	4856.4	
345.88	4779.3	
346.09	5949.3	
346.3	4283.7	
346.5	3200.3	
346.71	5456.5	
346.92	5162.2	
347.12	3295.2	
347.33	4126	
347.54	5980.1	
347.74	6423.8	
347.95	4113	
348.16	3044	
348.36	5240.1	
348.57	4938.3	
348.78	4065.2	
348.98	4418.2	
349.19	5442.8	
349.39	4925.4	
349.6	3267.9	
349.81	3705.5	
350.01	5734.3	
350.22	5154.1	
350.43	3954.6	
350.63	4754	
350.84	5529.5	
351.05	5251.7	
351.25	3661.1	
351.46	3265.1	
351.67	6087.9	
351.87	5145.9	
352.08	3829.7	
352.29	4435.9	
352.49	5906.3	
352.7	6025.8	
352.9	3510.9	
353.11	4375.8	
353.32	6645.7	
353.52	5271.5	
353.73	3463.8	
353.94	4425.7	
354.14	5797.1	
354.35	5575.9	
354.55	3542.3	
354.76	4017.4	
354.97	5763.7	
355.17	5522.7	
355.38	3346.4	
355.59	4737	
355.79	5171.1	
356	5578.7	
356.2	3936.2	
356.41	3439.2	
356.62	4858.5	
356.82	5404.6	
357.03	4179.9	
357.24	3801.7	
357.44	5182.7	
357.65	5246.9	
357.85	5123.3	
358.06	3991.5	
358.27	4913.1	
358.47	5139	
358.68	3315	
358.88	4271.4	
359.09	5715.2	
359.3	6111.8	
359.5	4909	
359.71	4367	
359.91	6533.7	
360.12	5872.2	
360.33	4186	
360.53	4685.8	
360.74	5153.4	
360.94	5200.5	
361.15	4364.9	
361.36	3631	
361.56	5958.9	
361.77	5319.9	
361.97	4870.8	
362.18	3821.5	
362.38	5927.5	
362.59	4980.7	
362.8	3554.6	
363	3352.5	
363.21	4795.7	
363.41	5489.9	
363.62	4049.5	
363.83	5146.5	
364.03	5526.8	
364.24	6586.3	
364.44	5175.9	
364.65	5113.8	
364.85	5341.8	
365.06	5233.9	
365.27	3674.7	
365.47	3735.5	
365.68	6297.5	
365.88	5276.9	
366.09	4162.2	
366.29	3769.6	
366.5	5599.8	
366.71	6024.4	
366.91	5158.8	
367.12	4237.2	
367.32	6589	
367.53	5883.1	
367.73	4205.8	
367.94	5203.2	
368.14	5784.1	
368.35	6733	
368.56	4204.5	
368.76	3643.3	
368.97	5890	
369.17	7543.4	
369.38	3689.1	
369.58	3975.1	
369.79	4912.4	
369.99	6279.1	
370.2	5053.7	
370.4	4121.2	
370.61	5623	
370.82	6830	
371.02	3999.7	
371.23	3325.2	
371.43	4792.2	
371.64	6199.2	
371.84	4012	
372.05	5205.9	
372.25	7527	
372.46	5920.7	
372.66	3966.2	
372.87	3992.9	
373.07	5934.3	
373.28	7564.5	
373.48	5032.5	
373.69	4756.1	
373.9	5444.9	
374.1	5442.1	
374.31	4925.4	
374.51	4469.4	
374.72	6200.6	
374.92	5109.7	
375.13	5156.1	
375.33	4197	
375.54	5816.9	
375.74	5227.1	
375.95	4288.4	
376.15	5600.5	
376.36	5825.1	
376.56	5644.2	
376.77	4383.3	
376.97	4863.9	
377.18	6883.2	
377.38	5924.1	
377.59	5164.3	
377.79	3799.7	
378	5653.8	
378.2	6090	
378.41	3947.8	
378.61	3853.6	
378.82	6103.6	
379.02	5220.3	
379.23	4081.6	
379.43	5240.1	
379.64	6264.7	
379.84	5845.6	
380.05	3997	
380.25	3852.9	
380.46	5934.3	
380.66	5522.7	
380.87	5245.5	
381.07	5614.2	
381.28	6556.9	
381.48	5921.4	
381.69	3933.5	
381.89	3994.9	
382.1	4899.4	
382.3	6068.8	
382.51	5107.6	
382.71	5992.4	
382.91	5980.1	
383.12	6414.2	
383.32	4266.6	
383.53	4544.4	
383.73	5776.6	
383.94	5629.2	
384.14	4502.8	
384.35	3602.4	
384.55	5508.4	
384.76	6031.3	
384.96	4351.9	
385.17	4640	
385.37	5924.8	
385.58	5201.2	
385.78	4727.4	
385.98	3556.6	
386.19	5453.7	
386.39	5845.6	
386.6	4050.9	
386.8	4382.7	
387.01	5906.3	
387.21	6008.7	
387.42	4743.8	
387.62	5350.7	
387.83	5285.8	
388.03	5937.7	
388.23	4383.3	
388.44	5177.9	
388.64	4928.1	
388.85	5086.5	
389.05	4669.4	
389.26	5344.5	
389.46	6959.7	
389.67	6386.2	
389.87	4653.7	
390.07	4737.6	
390.28	5657.9	
390.48	5214.1	
390.69	3969	
390.89	4242	
391.1	5335.6	
391.3	6326.9	
391.5	5493.3	
391.71	6025.1	
391.91	5962.3	
392.12	7069.6	
392.32	5520	
392.53	4692.6	
392.73	5377.3	
392.93	5550.7	
393.14	4328.7	
393.34	5113.8	
393.55	6161	
393.75	5427.8	
393.95	4390.2	
394.16	4388.8	
394.36	5326.1	
394.57	6075	
394.77	3848.8	
394.98	4341.7	
395.18	5310.4	
395.38	5497.4	
395.59	5212.1	
395.79	4076.1	
396	5380	
396.2	5950	
396.4	4926.7	
396.61	4851	
396.81	6073.6	
397.02	5328.1	
397.22	5186.1	
397.42	5199.1	
397.63	6072.2	
397.83	5221.6	
398.04	3986.7	
398.24	4573.8	
398.44	5817.6	
398.65	4896.7	
398.85	3872.7	
399.05	4004.5	
399.26	5231.2	
399.46	6975.4	
399.67	4423.6	
399.87	4127.3	
400.07	5588.9	
400.28	5993	
400.48	4140.3	
400.69	5271.5	
400.89	6178.7	
401.09	6676.4	
401.3	3958	
401.5	5184.1	
401.7	6907.8	
401.91	7163.1	
402.11	4395.6	
402.32	4636.6	
402.52	6228.6	
402.72	6102.3	
402.93	4825.7	
403.13	3766.9	
403.33	7002	
403.54	5720	
403.74	4549.2	
403.94	5504.9	
404.15	5803.3	
404.35	7008.1	
404.56	4346.5	
404.76	6277.7	
404.96	6207.4	
405.17	6027.2	
405.37	5614.8	
405.57	4801.1	
405.78	6176.7	
405.98	5653.1	
406.18	4347.8	
406.39	5274.9	
406.59	6210.1	
406.79	5906.3	
407	4145.1	
407.2	4279.6	
407.4	6274.3	
407.61	6414.9	
407.81	4256.4	
408.01	6080.4	
408.22	5176.6	
408.42	7257.3	
408.62	5326.1	
408.83	4687.8	
409.03	5748	
409.23	5463.3	
409.44	4852.3	
409.64	5162.9	
409.84	6658.6	
410.05	6513.2	
410.25	4941.7	
410.45	4725.3	
410.66	6039.5	
410.86	8568	
411.06	5063.3	
411.27	4984.8	
411.47	8289.5	
411.67	6193.7	
411.88	5181.4	
412.08	5479	
412.28	6834.8	
412.49	7337.2	
412.69	5008	
412.89	5018.9	
413.09	7161.1	
413.3	6985.6	
413.5	4992.9	
413.7	4693.3	
413.91	6243.6	
414.11	7101	
414.31	4874.2	
414.52	5281.7	
414.72	6724.8	
414.92	6705.7	
415.12	4865.3	
415.33	5406.6	
415.53	7026.6	
415.73	7301	
415.94	5843.5	
416.14	5154.7	
416.34	6109.1	
416.55	5841.5	
416.75	6400.6	
416.95	5835.3	
417.15	6995.2	
417.36	7839.6	
417.56	6597.2	
417.76	5618.9	
417.97	7432.8	
418.17	7021.1	
418.37	5120.6	
418.57	5186.1	
418.78	6874.3	
418.98	6515.3	
419.18	6202.6	
419.38	6069.5	
419.59	6571.9	
419.79	6199.9	
419.99	5154.7	
420.2	5502.2	
420.4	7068.2	
420.6	7320.8	
420.8	5088.5	
421.01	4886.5	
421.21	6896.2	
421.41	7071.6	
421.61	5479	
421.82	5113.1	
422.02	6358.3	
422.22	7426.6	
422.42	5993	
422.63	5634.6	
422.83	6509.1	
423.03	7740	
423.23	5644.2	
423.44	4613.4	
423.64	6580.8	
423.84	6358.3	
424.04	5130.2	
424.25	4693.3	
424.45	7568.6	
424.65	7566.6	
424.85	4536.3	
425.06	5076.9	
425.26	7498.3	
425.46	6524.8	
425.66	5551.4	
425.87	5296	
426.07	7260.7	
426.27	7157.7	
426.47	5418.2	
426.67	4838	
426.88	7703.1	
427.08	7115.3	
427.28	5734.3	
427.48	4700.1	
427.69	5935.7	
427.89	6634.7	
428.09	5696.1	
428.29	4748.6	
428.5	7301.7	
428.7	6908.5	
428.9	4663.2	
429.1	5272.8	
429.3	6769.2	
429.51	7184.3	
429.71	4965.6	
429.91	5816.9	
430.11	7009.5	
430.31	7235.5	
430.52	5352	
430.72	5605.3	
430.92	7636.2	
431.12	7118.7	
431.32	4923.3	
431.53	5409.4	
431.73	6013.5	
431.93	7765.2	
432.13	4894.6	
432.33	4777.2	
432.54	6445	
432.74	6851.1	
432.94	4618.2	
433.14	5745.9	
433.34	7045	
433.55	6461.3	
433.75	5753.4	
433.95	7428.7	
434.15	6791.1	
434.35	6447.7	
434.56	4784.7	
434.76	4485.1	
434.96	6780.8	
435.16	7025.2	
435.36	4741	
435.56	5846.3	
435.77	6380.1	
435.97	6582.2	
436.17	6653.2	
436.37	5801.2	
436.57	6417	
436.78	6255.9	
436.98	6434.7	
437.18	6390.3	
437.38	7024.5	
437.58	6492.1	
437.78	6646.3	
437.99	5113.1	
438.19	7097.6	
438.39	8645.2	
438.59	5085.1	
438.79	4700.1	
438.99	7802.1	
439.2	6625.2	
439.4	4753.3	
439.6	4706.2	
439.8	6977.4	
440	7955	
440.2	5763	
440.4	5856.5	
440.61	7249.8	
440.81	7810.3	
441.01	4885.8	
441.21	5869.5	
441.41	7634.8	
441.61	7173.4	
441.81	6141.9	
442.02	7203.4	
442.22	8139.3	
442.42	7445	
442.62	4971.1	
442.82	5079	
443.02	7710.6	
443.22	6746.7	
443.43	5418.2	
443.63	4964.3	
443.83	6567.2	
444.03	6687.3	
444.23	6195.1	
444.43	5793	
444.63	6889.4	
444.83	8229.4	
445.04	5057.8	
445.24	6417.7	
445.44	7314.7	
445.64	7406.8	
445.84	5892.7	
446.04	5892.7	
446.24	6699.6	
446.44	7714.7	
446.65	5138.4	
446.85	5585.5	
447.05	7038.9	
447.25	7593.9	
447.45	5582.8	
447.65	5003.9	
447.85	7011.6	
448.05	6640.2	
448.25	5990.3	
448.46	5833.3	
448.66	6932.4	
448.86	6683.2	
449.06	4797	
449.26	6046.3	
449.46	7341.3	
449.66	6342.6	
449.86	5533.6	
450.06	5445.5	
450.26	6577.4	
450.47	7169.9	
450.67	5831.2	
450.87	6089.3	
451.07	7283.9	
451.27	7067.5	
451.47	5080.3	
451.67	5579.3	
451.87	6712.6	
452.07	7816.4	
452.27	5337	
452.47	5257.1	
452.67	6993.1	
452.88	7589.8	
453.08	4640	
453.28	6688	
453.48	8265.6	
453.68	7010.2	
453.88	5113.8	
454.08	5466.7	
454.28	7356.3	
454.48	7074.4	
454.68	6021.7	
454.88	6497.5	
455.08	7491.5	
455.28	7182.2	
455.48	5022.3	
455.68	5652.4	
455.89	7916.1	
456.09	7654.6	
456.29	5427.1	
456.49	5469.4	
456.69	7812.3	
456.89	7280.5	
457.09	6009.4	
457.29	6337.1	
457.49	7367.9	
457.69	7497.6	
457.89	5737	
458.09	5171.8	
458.29	7116.7	
458.49	7757	
458.69	6161.7	
458.89	5558.2	
459.09	8030.8	
459.29	8273.8	
459.49	5767.8	
459.69	6559	
459.9	7651.2	
460.1	7109.2	
460.3	5640.1	
460.5	5399.8	
460.7	7619.8	
460.9	7329.7	
461.1	5018.9	
461.3	6326.2	
461.5	8265.6	
461.7	7895.6	
461.9	5455.8	
462.1	6053.1	
462.3	7309.2	
462.5	7847.1	
462.7	5563	
462.9	5639.4	
463.1	8949.6	
463.3	8577.6	
463.5	5810.8	
463.7	6762.4	
463.9	7472.4	
464.1	7885.4	
464.3	5912.5	
464.5	6164.4	
464.7	8146.8	
464.9	7763.2	
465.1	7563.1	
465.3	6557.6	
465.5	8527.7	
465.7	8421.9	
465.9	6786.3	
466.1	6678.4	
466.3	8279.3	
466.5	8165.3	
466.7	7464.2	
466.9	6290	
467.1	8069.7	
467.3	9000.1	
467.5	7449.1	
467.7	6365.1	
467.9	9204.3	
468.1	10073	
468.3	7145.4	
468.5	7514.7	
468.7	8001.4	
468.9	7946.1	
469.1	6589.7	
469.3	7200.7	
469.5	9989.3	
469.7	7553.6	
469.9	7006.1	
470.1	6349.4	
470.3	8008.2	
470.5	7992.5	
470.7	7610.9	
470.9	6365.8	
471.1	7770.7	
471.3	8229.4	
471.5	6168.5	
471.69	8193.2	
471.89	7628.7	
472.09	7193.1	
472.29	7023.9	
472.49	7404.8	
472.69	7362.4	
472.89	8274.5	
473.09	6132.3	
473.29	6286.6	
473.49	7640.3	
473.69	7857.4	
473.89	7253.2	
474.09	6535.8	
474.29	9081.4	
474.49	8722.3	
474.69	7229.3	
474.89	6572.6	
475.09	7777.5	
475.29	7713.3	
475.49	5957.5	
475.69	6158.9	
475.88	9383.8	
476.08	8051.2	
476.28	5970.5	
476.48	6433.4	
476.68	8542.8	
476.88	8431.5	
477.08	6232	
477.28	6559.6	
477.48	7860.1	
477.68	8619.9	
477.88	6074.3	
478.08	6363.7	
478.28	8796	
478.48	8019.8	
478.67	6436.1	
478.87	5866.1	
479.07	8643.8	
479.27	8090.8	
479.47	6713.2	
479.67	6687.3	
479.87	8450.6	
480.07	9039.7	
480.27	5972.6	
480.47	7565.2	
480.67	8157.7	
480.87	8743.5	
481.06	6141.9	
481.26	6980.2	
481.46	8118.1	
481.66	8049.9	
481.86	6666.8	
482.06	7676.5	
482.26	7850.5	
482.46	8784.4	
482.66	6628.6	
482.86	6318.7	
483.05	8159.1	
483.25	7539.3	
483.45	9137.4	
483.65	6636.1	
483.85	7793.9	
484.05	8078.6	
484.25	7110.5	
484.45	7611.6	
484.65	8998.8	
484.84	8986.5	
485.04	6508.4	
485.24	6570.6	
485.44	9185.8	
485.64	7500.3	
485.84	5802.6	
486.04	7205.4	
486.24	7855.3	
486.44	8303.1	
486.63	5835.3	
486.83	6649.1	
487.03	7813.7	
487.23	7954.3	
487.43	5898.1	
487.63	8344.1	
487.83	8040.3	
488.02	9180.4	
488.22	6950.8	
488.42	7563.8	
488.62	9009.7	
488.82	7904.5	
489.02	6586.3	
489.22	6625.9	
489.41	8894.3	
489.61	8407.6	
489.81	6328.2	
490.01	6348.7	
490.21	8776.9	
490.41	9377.6	
490.61	6195.8	
490.8	6300.9	
491	8127.7	
491.2	7559.1	
491.4	7054.6	
491.6	6176	
491.8	8289.5	
491.99	8346.2	
492.19	6040.8	
492.39	6505.7	
492.59	8859.5	
492.79	8832.2	
492.99	7259.4	
493.18	6340.5	
493.38	8856.1	
493.58	9626.8	
493.78	7156.3	
493.98	6664.1	
494.18	8573.5	
494.37	7986.4	
494.57	7260	
494.77	7157.7	
494.97	8880.7	
495.17	9071.1	
495.37	6597.9	
495.56	7034.8	
495.76	9332.6	
495.96	8814.5	
496.16	8032.1	
496.36	6842.9	
496.55	9068.4	
496.75	8566	
496.95	7350.2	
497.15	7141.9	
497.35	9049.3	
497.54	9036.3	
497.74	7049.8	
497.94	8846.5	
498.14	9781.1	
498.34	9518.3	
498.53	6623.8	
498.73	7443.7	
498.93	8425.3	
499.13	9088.2	
499.33	7253.9	
499.52	7843.7	
499.72	9016.5	
499.92	9353.8	
500.12	6929	
500.32	7199.3	
500.51	9271.2	
500.71	9056.8	
500.91	8014.4	
501.11	7632.8	
501.31	9262.3	
501.5	9667.8	
501.7	8284.7	
501.9	7140.6	
502.1	9069.1	
502.29	9226.8	
502.49	7670.3	
502.69	8193.2	
502.89	9150.3	
503.09	9214.5	
503.28	6621.8	
503.48	6881.2	
503.68	8387.1	
503.88	8433.5	
504.07	7844.4	
504.27	7261.4	
504.47	8747.6	
504.67	8974.9	
504.86	7679.2	
505.06	7385	
505.26	8471.1	
505.46	10368	
505.65	7209.5	
505.85	7600.7	
506.05	8411	
506.25	8815.1	
506.44	6563.7	
506.64	7666.9	
506.84	8262.9	
507.04	9205.6	
507.23	6815.6	
507.43	7412.3	
507.63	10341	
507.83	8521.6	
508.02	7394.5	
508.22	6995.9	
508.42	10611	
508.62	8316.1	
508.81	7557.7	
509.01	7837.6	
509.21	8208.9	
509.4	8415.1	
509.6	7410.9	
509.8	6753.5	
510	8356.4	
510.19	9965.4	
510.39	6714.6	
510.59	6882.5	
510.79	8097	
510.98	9617.9	
511.18	6836.8	
511.38	6996.5	
511.57	8984.4	
511.77	8969.4	
511.97	7703.8	
512.17	6724.2	
512.36	9089.6	
512.56	9200.2	
512.76	6809.5	
512.95	6568.5	
513.15	9158.5	
513.35	7798.7	
513.55	7690.8	
513.74	6852.5	
513.94	9217.2	
514.14	8533.2	
514.33	7858.7	
514.53	7556.3	
514.73	8486.8	
514.92	8752.3	
515.12	7075.7	
515.32	6905.1	
515.51	8835.6	
515.71	9372.2	
515.91	8467	
516.11	6869.6	
516.3	10511	
516.5	8381.7	
516.7	7482.6	
516.89	8149.6	
517.09	8608.3	
517.29	8452.6	
517.48	7913.4	
517.68	7182.2	
517.88	8328.4	
518.07	8970.1	
518.27	7765.2	
518.47	6798.6	
518.66	9570.8	
518.86	8039.6	
519.06	6687.3	
519.25	7059.3	
519.45	8490.9	
519.65	9994.8	
519.84	7602.7	
520.04	8439	
520.24	10295	
520.43	9078	
520.63	7520.1	
520.83	7170.6	
521.02	8412.4	
521.22	9136.7	
521.42	7761.8	
521.61	8354.3	
521.81	8589.2	
522.01	8828.1	
522.2	7640.3	
522.4	7395.9	
522.6	9342.2	
522.79	8086.1	
522.99	7402	
523.18	6737.8	
523.38	9026.1	
523.58	9027.4	
523.77	8699.1	
523.97	6717.3	
524.17	10910	
524.36	10089	
524.56	8095.6	
524.76	7802.8	
524.95	9035.6	
525.15	8653.4	
525.34	7542.7	
525.54	7488.7	
525.74	9301.9	
525.93	8346.8	
526.13	8870.4	
526.33	7496.9	
526.52	9771.5	
526.72	9159.9	
526.91	8838.4	
527.11	8045.1	
527.31	9856.2	
527.5	10185	
527.7	7951.6	
527.89	6936.5	
528.09	8617.9	
528.29	9235.7	
528.48	8381	
528.68	8032.1	
528.87	9697.8	
529.07	9661	
529.27	7933.1	
529.46	7268.9	
529.66	9147.6	
529.85	9675.3	
530.05	7218.4	
530.25	8032.8	
530.44	10740	
530.64	9327.1	
530.83	7679.2	
531.03	7959.1	
531.23	9620	
531.42	9557.9	
531.62	8746.2	
531.81	7799.3	
532.01	9754.5	
532.21	10281	
532.4	7550.9	
532.6	7906.5	
532.79	10630	
532.99	9846	
533.18	7976.2	
533.38	8970.1	
533.58	9364.7	
533.77	10240	
533.97	8026.7	
534.16	8733.9	
534.36	10314	
534.55	9355.1	
534.75	8955.8	
534.95	7844.4	
535.14	10193	
535.34	9324.4	
535.53	7579.5	
535.73	9744.2	
535.92	10783	
536.12	9584.5	
536.31	7770.7	
536.51	8953	
536.71	9860.3	
536.9	9450	
537.1	8044.4	
537.29	8139.3	
537.49	10358	
537.68	9324.4	
537.88	8509.3	
538.07	7686	
538.27	9554.5	
538.46	10694	
538.66	7552.2	
538.86	7945.4	
539.05	9673.2	
539.25	10071	
539.44	8256	
539.64	7927	
539.83	9420	
540.03	10438	
540.22	7739.3	
540.42	7964.6	
540.61	9695.8	
540.81	9870.5	
541	8385.1	
541.2	8942.8	
541.39	9182.4	
541.59	9668.5	
541.78	8660.9	
541.98	7774.1	
542.18	8869.8	
542.37	8914.8	
542.57	8111.3	
542.76	8625.4	
542.96	8866.3	
543.15	9725.1	
543.35	8156.4	
543.54	7512.6	
543.74	9946.3	
543.93	9544.9	
544.13	8162.5	
544.32	9197.4	
544.52	9812.5	
544.71	8964.6	
544.91	7110.5	
545.1	8468.4	
545.3	9011.1	
545.49	9804.3	
545.69	7139.9	
545.88	7728.4	
546.08	10719	
546.27	10316	
546.47	8226	
546.66	7532.4	
546.86	9983.8	
547.05	10543	
547.24	7741.3	
547.44	7616.4	
547.63	8819.2	
547.83	10053	
548.02	8013.7	
548.22	8137.3	
548.41	8718.2	
548.61	10171	
548.8	7570	
549	7492.8	
549.19	9377.6	
549.39	9673.9	
549.58	7200	
549.78	7815	
549.97	9793.4	
550.17	9243.2	
550.36	8738	
550.55	9766.8	
550.75	9271.2	
550.94	10228	
551.14	7571.3	
551.33	7902.4	
551.53	8609	
551.72	9708.1	
551.92	7949.5	
552.11	7634.1	
552.31	9616.6	
552.5	9752.4	
552.69	9445.9	
552.89	7284.6	
553.08	9650.7	
553.28	9351.7	
553.47	7662.8	
553.67	8977.6	
553.86	10283	
554.06	8605.6	
554.25	6890	
554.44	7626.6	
554.64	10994	
554.83	10630	
555.03	7517.4	
555.22	7812.3	
555.42	9889	
555.61	9548.3	
555.8	7615	
556	7978.2	
556.19	8707.3	
556.39	9884.9	
556.58	7677.8	
556.78	7760.4	
556.97	9467.1	
557.16	9174.9	
557.36	8998.1	
557.55	7378.8	
557.75	8432.9	
557.94	10234	
558.13	7456	
558.33	7277.1	
558.52	10032	
558.72	8861.6	
558.91	7421.2	
559.1	7575.4	
559.3	8607.6	
559.49	8295	
559.69	6898.2	
559.88	7968	
560.07	9458.9	
560.27	9947	
560.46	8112.7	
560.66	8256	
560.85	9213.8	
561.04	8350.9	
561.24	7339.9	
561.43	7572.7	
561.63	8585.1	
561.82	9058.2	
562.01	8816.5	
562.21	7816.4	
562.4	9448.6	
562.59	10374	
562.79	7666.2	
562.98	7335.8	
563.18	9329.9	
563.37	10819	
563.56	8198.7	
563.76	7198.6	
563.95	8789.9	
564.14	8655.4	
564.34	7698.3	
564.53	7477.1	
564.73	9308.7	
564.92	9669.8	
565.11	7825.3	
565.31	7095.5	
565.5	9946.3	
565.69	8755.7	
565.89	7404.1	
566.08	7659.4	
566.27	9708.7	
566.47	10211	
566.66	8395.3	
566.85	6974	
567.05	9327.1	
567.24	8689.5	
567.44	7283.9	
567.63	8736	
567.82	9622.7	
568.02	9258.9	
568.21	7324.2	
568.4	7675.1	
568.6	9151.7	
568.79	9254.1	
568.98	7063.4	
569.18	7333.8	
569.37	8991.9	
569.56	11118	
569.76	7626.6	
569.95	8546.2	
570.14	9461.6	
570.34	9303.2	
570.53	7045	
570.72	7034.1	
570.91	9877.4	
571.11	8882	
571.3	7503.8	
571.49	8427.4	
571.69	9009	
571.88	8570.7	
572.07	8064.9	
572.27	8049.2	
572.46	8598.7	
572.65	9584.5	
572.85	7256	
573.04	7714.7	
573.23	9840.5	
573.43	9078.6	
573.62	6996.5	
573.81	7707.2	
574	9090.3	
574.2	8985.8	
574.39	7442.3	
574.58	7647.1	
574.78	9901.2	
574.97	9146.2	
575.16	7864.2	
575.36	7959.1	
575.55	9497.1	
575.74	9727.2	
575.93	6995.2	
576.13	8114.7	
576.32	8969.4	
576.51	9534	
576.71	7481.2	
576.9	8873.8	
577.09	9940.8	
577.28	9435.7	
577.48	7985.7	
577.67	6948.8	
577.86	9009.7	
578.05	9402.9	
578.25	7586.4	
578.44	7754.3	
578.63	9168.8	
578.83	10352	
579.02	7008.8	
579.21	8621.9	
579.4	9321	
579.6	9022	
579.79	7793.2	
579.98	10122	
580.17	9792	
580.37	9770.2	
580.56	7323.5	
580.75	8067.6	
580.94	10377	
581.14	10132	
581.33	8555	
581.52	7498.3	
581.71	9756.5	
581.91	10380	
582.1	7132.4	
582.29	7789.8	
582.48	9353.1	
582.68	9325.1	
582.87	8262.2	
583.06	7912	
583.25	9673.2	
583.45	9049.3	
583.64	8589.2	
583.83	9353.8	
584.02	9196.1	
584.21	9661	
584.41	8598.7	
584.6	7862.2	
584.79	9445.2	
584.98	10139	
585.18	7367.9	
585.37	7423.9	
585.56	8998.1	
585.75	9726.5	
585.94	7577.5	
586.14	8268.3	
586.33	10393	
586.52	9391.3	
586.71	7994.6	
586.91	7756.3	
587.1	8692.9	
587.29	10056	
587.48	7685.3	
587.67	7484	
587.87	9586.5	
588.06	9584.5	
588.25	8953.7	
588.44	8023.9	
588.63	8961.2	
588.83	9555.1	
589.02	7247.1	
589.21	7050.5	
589.4	8523.6	
589.59	8462.2	
589.78	6316.6	
589.98	6569.2	
590.17	8011.7	
590.36	8574.2	
590.55	5960.3	
590.74	6943.3	
590.94	9923.8	
591.13	8456.7	
591.32	6547.4	
591.51	6107	
591.7	9053.4	
591.89	8424	
592.09	6193.1	
592.28	6673	
592.47	7615.7	
592.66	9525.8	
592.85	6228.6	
593.05	6503.7	
593.24	8307.9	
593.43	9233.6	
593.62	6541.2	
593.81	7144	
594	8327.7	
594.19	8583	
594.39	6478.4	
594.58	6493.4	
594.77	8722.3	
594.96	9329.2	
595.15	6427.2	
595.34	7127.6	
595.54	8791.9	
595.73	7913.4	
595.92	5808.7	
596.11	7100.3	
596.3	9253.4	
596.49	8011	
596.68	6765.1	
596.88	7314.7	
597.07	9084.8	
597.26	7869.7	
597.45	6349.4	
597.64	7630.7	
597.83	8066.3	
598.02	8776.2	
598.22	6495.5	
598.41	7247.1	
598.6	8606.2	
598.79	8031.5	
598.98	6604.7	
599.17	7603.4	
599.36	8663.6	
599.55	9948.3	
599.74	8718.2	
599.94	8477.9	
600.13	9301.9	
600.32	8094.9	
600.51	6446.3	
600.7	6550.8	
600.89	9917.6	
601.08	9993.4	
601.27	6414.2	
601.47	7441	
601.66	9298.5	
601.85	10095	
602.04	7126.9	
602.23	7464.8	
602.42	8381.7	
602.61	9211.8	
602.8	7143.3	
602.99	6889.4	
603.18	8782.4	
603.37	9081.4	
603.57	7521.5	
603.76	8197.3	
603.95	9800.9	
604.14	9440.5	
604.33	6945.3	
604.52	7446.4	
604.71	8956.4	
604.9	8695.7	
605.09	7975.5	
605.28	7778.9	
605.47	9622	
605.66	9370.1	
605.86	7619.8	
606.05	7063.4	
606.24	9765.4	
606.43	8150.2	
606.62	7419.1	
606.81	8200.1	
607	9520.3	
607.19	8724.3	
607.38	6845	
607.57	7054.6	
607.76	8587.1	
607.95	8065.6	
608.14	7436.2	
608.33	8155	
608.52	8541.4	
608.72	9494.4	
608.91	6738.5	
609.1	6630	
609.29	8682.7	
609.48	8208.3	
609.67	7716.7	
609.86	6730.3	
610.05	8232.8	
610.24	8667	
610.43	6696.9	
610.62	6204.7	
610.81	9799.5	
611	9580.4	
611.19	6715.3	
611.38	7506.5	
611.57	8983.1	
611.76	10323	
611.95	6541.9	
612.14	6395.8	
612.33	8766	
612.52	8232.8	
612.71	7090.8	
612.9	6225.1	
613.09	7831.4	
613.28	10305	
613.47	6726.2	
613.66	7783.6	
613.85	8896.4	
614.04	8426	
614.24	6847.7	
614.43	6099.5	
614.62	9071.8	
614.81	8969.4	
615	7456	
615.19	7451.2	
615.38	8172.8	
615.57	8600.8	
615.76	7275.8	
615.95	8431.5	
616.14	9048.6	
616.33	8693.6	
616.52	7662.1	
616.71	8021.2	
616.9	8980.3	
617.09	8811.7	
617.28	7004.1	
617.47	8277.9	
617.66	8145.5	
617.85	8120.9	
618.04	7980.3	
618.22	7404.1	
618.41	8439.7	
618.6	9396.8	
618.79	7268.2	
618.98	7025.2	
619.17	9742.9	
619.36	7998	
619.55	7102.4	
619.74	7180.2	
619.93	8979.7	
620.12	8420.6	
620.31	7669	
620.5	7972.7	
620.69	9570.8	
620.88	9912.9	
621.07	8701.1	
621.26	7691.5	
621.45	9225.4	
621.64	9113.5	
621.83	7709.2	
622.02	6924.2	
622.21	9183.8	
622.4	8931.9	
622.59	8320.9	
622.78	8094.9	
622.97	8571.4	
623.16	9540.8	
623.35	7676.5	
623.54	6805.4	
623.72	8847.9	
623.91	8914.8	
624.1	7972.7	
624.29	6572.6	
624.48	9996.1	
624.67	9142.8	
624.86	7765.2	
625.05	6818.4	
625.24	10041	
625.43	8395.3	
625.62	9509.4	
625.81	7072.3	
626	9437	
626.19	8604.2	
626.38	7737.9	
626.56	7112.6	
626.75	8391.2	
626.94	9149.6	
627.13	7658.7	
627.32	6335	
627.51	9045.9	
627.7	10469	
627.89	6473.6	
628.08	7666.2	
628.27	8206.2	
628.46	8374.8	
628.65	6784.9	
628.83	6357.6	
629.02	8942.8	
629.21	8282.7	
629.4	7314.7	
629.59	7430.7	
629.78	8229.4	
629.97	9323.7	
630.16	7556.3	
630.35	6985.6	
630.54	9645.9	
630.72	9385.8	
630.91	6922.1	
631.1	7520.8	
631.29	8849.3	
631.48	9082.7	
631.67	7636.9	
631.86	7028.6	
632.05	8486.1	
632.24	8505.9	
632.42	6725.5	
632.61	7348.8	
632.8	8620.6	
632.99	8235.6	
633.18	7415.7	
633.37	7802.1	
633.56	8955.8	
633.75	8765.3	
633.93	7426.6	
634.12	7126.9	
634.31	9722.4	
634.5	9361.9	
634.69	7152.9	
634.88	7740	
635.07	8750.3	
635.25	9400.9	
635.44	8130.4	
635.63	8200.1	
635.82	8596	
636.01	8124.3	
636.2	8026	
636.39	7587	
636.57	9636.4	
636.76	9437.7	
636.95	6978.8	
637.14	8312	
637.33	9015.8	
637.52	10071	
637.7	6752.8	
637.89	7752.9	
638.08	8687.5	
638.27	10118	
638.46	7811.6	
638.65	8251.9	
638.83	10131	
639.02	8419.2	
639.21	7677.2	
639.4	8236.9	
639.59	8926.4	
639.78	8460.2	
639.96	6982.9	
640.15	6952.9	
640.34	8741.4	
640.53	9029.5	
640.72	6728.3	
640.91	7017.7	
641.09	8247.2	
641.28	9636.4	
641.47	7030	
641.66	7894.9	
641.85	8884.1	
642.03	9178.3	
642.22	7707.9	
642.41	7113.3	
642.6	8294.3	
642.79	7702.4	
642.97	6862.7	
643.16	7617.8	
643.35	8260.8	
643.54	8031.5	
643.73	6699.6	
643.91	7496.2	
644.1	7845.8	
644.29	8404.2	
644.48	6818.4	
644.67	6709.1	
644.85	7993.9	
645.04	8252.6	
645.23	6192.4	
645.42	6522.1	
645.6	7674.4	
645.79	8826.1	
645.98	6408.8	
646.17	5492	
646.36	7377.5	
646.54	8007.6	
646.73	7236.8	
646.92	5991	
647.11	7559.1	
647.29	8688.8	
647.48	6054.5	
647.67	5870.2	
647.86	8940.1	
648.05	8927.1	
648.23	6470.9	
648.42	7809.6	
648.61	8404.9	
648.8	8189.8	
648.98	6201.9	
649.17	6481.1	
649.36	7673.1	
649.55	7185	
649.73	6128.2	
649.92	6875	
650.11	7533.1	
650.3	7910.6	
650.48	6366.5	
650.67	6092	
650.86	8237.6	
651.05	7214.3	
651.23	6347.3	
651.42	6184.9	
651.61	7672.4	
651.79	7812.3	
651.98	6486.6	
652.17	6151.4	
652.36	8109.3	
652.54	7277.8	
652.73	6143.2	
652.92	5946.6	
653.11	8179.6	
653.29	8277.2	
653.48	5415.5	
653.67	6472.3	
653.85	7948.2	
654.04	9039.1	
654.23	6679.1	
654.42	6173.9	
654.6	7389.8	
654.79	8198.7	
654.98	5668.8	
655.16	6272.2	
655.35	7059.3	
655.54	7027.3	
655.73	5748.6	
655.91	5800.5	
656.1	8275.8	
656.29	7034.1	
656.47	5365.7	
656.66	7197.2	
656.85	7318.8	
657.03	7466.2	
657.22	5953.4	
657.41	5972.6	
657.59	7468.9	
657.78	7259.4	
657.97	5698.8	
658.16	6429.9	
658.34	8196	
658.53	8596.7	
658.72	7336.5	
658.9	7849.9	
659.09	7595.9	
659.28	7770.7	
659.46	6216.3	
659.65	6159.6	
659.84	7524.9	
660.02	7971.4	
660.21	5921.4	
660.4	5988.9	
660.58	8448.6	
660.77	7804.8	
660.96	6573.3	
661.14	5750.7	
661.33	8926.4	
661.52	8860.9	
661.7	5653.8	
661.89	9467.8	
662.08	7386.3	
662.26	7013.6	
662.45	5881.8	
662.64	6036	
662.82	8116.8	
663.01	7374.7	
663.2	6045.6	
663.38	6842.9	
663.57	8043.1	
663.75	7892.2	
663.94	6416.3	
664.13	7688.1	
664.31	7322.9	
664.5	8092.2	
664.69	6625.2	
664.87	7182.9	
665.06	7175.4	
665.25	7965.2	
665.43	7518.8	
665.62	7530.4	
665.8	8291.5	
665.99	7550.2	
666.18	6283.2	
666.36	6459.3	
666.55	8219.9	
666.74	8094.3	
666.92	6036	
667.11	7720.8	
667.29	7575.4	
667.48	8212.4	
667.67	7271	
667.85	6415.6	
668.04	7573.4	
668.22	7628.7	
668.41	6422.4	
668.6	6604.7	
668.78	7375.4	
668.97	7593.2	
669.15	6761	
669.34	5731.6	
669.53	7408.9	
669.71	7770	
669.9	6003.3	
670.08	6579.4	
670.27	7389.8	
670.46	7971.4	
670.64	6876.4	
670.83	7060	
671.01	7238.9	
671.2	7862.8	
671.38	6015.6	
671.57	6004.6	
671.76	8515.5	
671.94	9232.2	
672.13	5890.6	
672.31	6952.9	
672.5	8047.8	
672.69	7397.3	
672.87	5994.4	
673.06	6327.5	
673.24	7909.9	
673.43	7424.6	
673.61	6812.2	
673.8	6292	
673.98	8128.4	
674.17	8394.6	
674.36	6917.4	
674.54	6773.3	
674.73	7814.4	
674.91	8139.3	
675.1	6414.9	
675.28	6094.1	
675.47	7658.7	
675.65	8165.3	
675.84	6292.7	
676.03	6614.3	
676.21	7404.1	
676.4	6829.3	
676.58	7169.3	
676.77	6914.6	
676.95	8897.7	
677.14	7335.8	
677.32	6030.6	
677.51	5702.9	
677.69	8095.6	
677.88	7008.1	
678.06	5913.2	
678.25	5992.4	
678.44	7728.4	
678.62	7368.6	
678.81	5612.1	
678.99	6656.6	
679.18	8430.1	
679.36	8045.1	
679.55	6184.9	
679.73	6896.9	
679.92	8011.7	
680.1	7413	
680.29	7481.9	
680.47	6223.8	
680.66	7314	
680.84	8155	
681.03	5490.6	
681.21	6507.1	
681.4	7376.1	
681.58	7191.1	
681.77	5913.9	
681.95	5872.2	
682.14	8233.5	
682.32	8578.3	
682.51	6848.4	
682.69	5634	
682.88	7157	
683.06	7934.5	
683.25	6539.8	
683.43	6988.4	
683.62	7449.1	
683.8	7838.9	
683.99	6983.6	
684.17	6177.4	
684.36	8587.1	
684.54	7174	
684.73	5360.2	
684.91	5567.7	
685.1	7522.9	
685.28	6972	
685.46	6066.1	
685.65	6214.9	
685.83	7669.6	
686.02	7032	
686.2	5507.7	
686.39	5695.4	
686.57	6718	
686.76	8333.2	
686.94	5565	
687.13	5726.1	
687.31	7594.6	
687.5	7114	
687.68	5154.7	
687.86	6481.8	
688.05	8666.3	
688.23	6539.2	
688.42	6493.4	
688.6	5660.6	
688.79	6987.7	
688.97	6931.7	
689.16	6086.6	
689.34	4971.1	
689.52	7708.6	
689.71	7914.7	
689.89	6304.3	
690.08	5569.8	
690.26	7213.6	
690.45	7013.6	
690.63	6384.2	
690.81	5649.7	
691	6813.6	
691.18	6746.7	
691.37	5782.8	
691.55	8082	
691.74	6714.6	
691.92	8779	
692.1	5819	
692.29	5184.1	
692.47	6967.9	
692.66	6235.4	
692.84	5459.2	
693.02	6133.7	
693.21	6397.9	
693.39	6969.9	
693.58	6185.5	
693.76	5595.7	
693.94	8219.9	
694.13	8034.2	
694.31	5588.9	
694.5	6662	
694.68	6909.2	
694.86	7239.6	
695.05	5947.3	
695.23	6491.4	
695.42	7654.6	
695.6	10014	
695.78	6666.8	
695.97	5675.6	
696.15	7530.4	
696.34	6957.6	
696.52	5384.8	
696.7	6257.9	
696.89	7318.1	
697.07	6711.2	
697.25	6178.7	
697.44	7675.8	
697.62	7172.7	
697.81	7544	
697.99	5760.3	
698.17	6300.9	
698.36	6540.5	
698.54	7228	
698.72	6111.1	
698.91	5085.8	
699.09	6807.4	
699.28	6662.7	
699.46	5722	
699.64	5603.2	
699.83	6565.8	
700.01	8017.1	
700.19	6503.7	
700.38	4946.5	
700.56	7904.5	
700.74	6742.6	
700.93	5380.7	
701.11	6133.7	
701.29	7429.3	
701.48	8431.5	
701.66	5562.3	
701.84	5662.6	
702.03	6958.3	
702.21	7606.8	
702.39	5128.8	
702.58	5782.8	
702.76	7251.2	
702.94	7468.9	
703.13	5099.4	
703.31	7660.1	
703.49	6640.9	
703.68	8161.2	
703.86	5397.1	
704.04	6335.7	
704.23	7086.7	
704.41	7593.2	
704.59	5468.8	
704.78	6825.2	
704.96	8260.8	
705.14	7607.5	
705.33	5403.9	
705.51	6181.5	
705.69	7050.5	
705.87	7813.7	
706.06	6520.7	
706.24	5362.9	
706.42	7319.4	
706.61	7708.6	
706.79	6465.4	
706.97	5298.8	
707.16	6793.1	
707.34	7449.1	
707.52	6488.6	
707.7	5627.1	
707.89	7047.7	
708.07	6675.7	
708.25	6512.5	
708.44	6649.1	
708.62	6902.3	
708.8	8133.8	
708.98	6701.6	
709.17	5692.7	
709.35	7342.7	
709.53	7391.8	
709.72	5385.5	
709.9	5573.9	
710.08	7608.9	
710.26	7606.8	
710.45	7043	
710.63	5738.4	
710.81	7180.9	
710.99	7231.4	
711.18	6254.5	
711.36	5795.1	
711.54	7021.8	
711.72	7768.6	
711.91	5844.2	
712.09	5260.5	
712.27	7119.4	
712.45	7759.8	
712.64	6102.9	
712.82	4970.4	
713	6422.4	
713.18	6633.4	
713.37	5014.1	
713.55	6421.1	
713.73	7389.1	
713.91	6019.7	
714.1	5342.5	
714.28	4752.7	
714.46	7103	
714.64	6151.4	
714.83	4186	
715.01	5048.2	
715.19	6203.3	
715.37	5625.8	
715.55	4702.8	
715.74	5018.2	
715.92	7252.5	
716.1	5137.7	
716.28	6148.7	
716.47	5173.9	
716.65	5845.6	
716.83	5945.3	
717.01	5023.7	
717.19	5076.2	
717.38	8138.6	
717.56	5651.7	
717.74	5428.5	
717.92	4448.2	
718.1	6964.5	
718.29	6215.6	
718.47	4118.5	
718.65	4840.7	
718.83	6938.5	
719.01	6688.7	
719.2	4061.8	
719.38	5120.6	
719.56	6479.8	
719.74	8081.3	
719.92	4688.5	
720.11	5746.6	
720.29	6610.8	
720.47	5668.8	
720.65	4285	
720.83	5132.2	
721.02	5989.6	
721.2	5743.2	
721.38	5162.2	
721.56	4455	
721.74	5279	
721.92	5483.8	
722.11	5674.9	
722.29	5407.3	
722.47	6763.1	
722.65	5887.9	
722.83	4448.9	
723.01	5412.8	
723.2	5926.8	
723.38	6307.1	
723.56	3829.7	
723.74	5047.6	
723.92	5426.4	
724.1	6614.3	
724.29	4328.7	
724.47	5550.7	
724.65	5554.8	
724.83	5449.6	
725.01	4263.2	
725.19	5215.5	
725.37	5543.2	
725.56	5647.6	
725.74	4111.6	
725.92	4399.7	
726.1	5476.3	
726.28	5788.9	
726.46	4827.7	
726.64	4510.3	
726.83	5756.8	
727.01	6075	
727.19	4124.6	
727.37	4975.2	
727.55	5857.2	
727.73	6367.1	
727.91	4105.5	
728.09	3985.3	
728.28	6507.1	
728.46	7167.9	
728.64	5153.4	
728.82	5144.5	
729	7580.2	
729.18	6868.9	
729.36	4326.7	
729.54	6733.7	
729.72	7995.3	
729.91	6223.1	
730.09	6334.4	
730.27	5066.7	
730.45	6120	
730.63	6842.3	
730.81	5745.9	
730.99	4676.9	
731.17	7320.8	
731.35	5915.9	
731.53	5302.9	
731.71	4922	
731.9	7041.6	
732.08	7232.1	
732.26	5152.7	
732.44	4870.8	
732.62	7315.3	
732.8	6664.8	
732.98	5605.3	
733.16	4645.5	
733.34	6754.2	
733.52	5499.5	
733.7	5167	
733.88	5440.1	
734.07	6623.1	
734.25	6292.7	
734.43	4602.5	
734.61	6277	
734.79	7878.5	
734.97	6297.5	
735.15	4840.7	
735.33	5113.8	
735.51	6640.9	
735.69	6348.7	
735.87	6351.4	
736.05	5338.4	
736.23	6522.1	
736.41	6278.4	
736.59	5242.8	
736.77	5245.5	
736.95	6943.3	
737.13	6352.1	
737.32	4870.8	
737.5	5102.2	
737.68	7546.1	
737.86	6347.3	
738.04	4688.5	
738.22	6636.8	
738.4	6142.5	
738.58	6422.4	
738.76	5345.9	
738.94	4311.7	
739.12	6255.2	
739.3	6143.2	
739.48	6031.3	
739.66	5771.2	
739.84	6584.2	
740.02	6582.9	
740.2	4433.2	
740.38	4745.8	
740.56	6928.3	
740.74	5787.6	
740.92	5423	
741.1	5427.1	
741.28	6343.2	
741.46	6201.2	
741.64	5076.9	
741.82	5549.3	
742	6382.2	
742.18	6389	
742.36	5266.7	
742.54	4869.4	
742.72	6952.9	
742.9	5775.3	
743.08	5640.8	
743.26	4452.3	
743.44	7174.7	
743.62	7006.1	
743.8	5773.2	
743.98	4859.8	
744.16	6738.5	
744.34	6350.1	
744.52	5760.9	
744.7	5661.3	
744.88	6894.8	
745.06	6404	
745.24	5773.9	
745.42	5914.5	
745.6	6942.6	
745.78	6786.3	
745.96	4592.9	
746.14	4930.1	
746.32	7798.7	
746.5	7010.2	
746.68	5453.7	
746.86	4925.4	
747.03	7416.4	
747.21	5733.6	
747.39	5479	
747.57	4907.6	
747.75	6559	
747.93	6966.5	
748.11	4932.2	
748.29	4845.5	
748.47	8253.3	
748.65	6326.2	
748.83	5732.3	
749.01	5335.6	
749.19	6784.2	
749.37	5931.6	
749.55	5180.7	
749.73	5380.7	
749.91	6452.5	
750.09	6195.8	
750.26	5365.7	
750.44	4803.2	
750.62	6489.3	
750.8	6466.1	
750.98	4631.1	
751.16	4986.1	
751.34	6580.8	
751.52	5844.9	
751.7	5764.3	
751.88	4647.5	
752.06	7003.4	
752.24	6853.2	
752.42	4500.1	
752.59	4906.9	
752.77	6399.9	
752.95	7763.8	
753.13	5677.7	
753.31	5092.6	
753.49	6084.5	
753.67	6637.5	
753.85	5329.5	
754.03	4922	
754.21	6821.1	
754.38	7215.7	
754.56	5018.9	
754.74	4117.8	
754.92	6024.4	
755.1	6782.9	
755.28	4023.6	
755.46	4014.7	
755.64	7374.7	
755.82	7545.4	
755.99	4156	
756.17	4347.8	
756.35	4898.1	
756.53	6524.8	
756.71	3257.6	
756.89	4152.6	
757.07	6148	
757.25	5178.6	
757.42	4799.8	
757.6	5694	
757.78	6260.6	
757.96	5162.9	
758.14	4409.3	
758.32	3891.8	
758.5	4679.6	
758.67	5554.1	
758.85	4170.3	
759.03	4395.6	
759.21	5755.5	
759.39	5174.5	
759.57	3809.2	
759.75	5060.5	
759.92	6370.5	
760.1	5628.5	
760.28	5390.3	
760.46	5674.9	
760.64	5429.2	
760.82	5206.6	
760.99	5210.7	
761.17	4424.3	
761.35	6317.3	
761.53	5274.9	
761.71	4586.1	
761.89	5358.2	
762.06	6226.5	
762.24	5749.3	
762.42	4633.9	
762.6	4473.4	
762.78	5762.3	
762.96	5689.3	
763.13	5141.1	
763.31	4741	
763.49	6627.9	
763.67	5819	
763.85	5680.4	
764.02	6253.8	
764.2	6958.3	
764.38	6115.9	
764.56	4599.1	
764.74	5601.2	
764.91	7072.3	
765.09	5909.8	
765.27	4374.5	
765.45	4228.4	
765.63	7077.8	
765.8	7000.6	
765.98	3897.3	
766.16	4228.4	
766.34	5547.3	
766.52	5259.2	
766.69	5223.7	
766.87	4175.8	
767.05	5969.8	
767.23	6772.6	
767.41	4409.3	
767.58	4693.3	
767.76	6513.2	
767.94	6614.3	
768.12	4468.7	
768.29	5372.5	
768.47	6012.8	
768.65	6799.3	
768.83	4138.9	
769	5408	
769.18	5537	
769.36	6320	
769.54	5126.1	
769.72	4192.9	
769.89	6531.7	
770.07	6751.5	
770.25	4552	
770.43	5851	
770.6	7336.5	
770.78	7816.4	
770.96	4671.4	
771.14	5352	
771.31	6451.8	
771.49	5874.9	
771.67	3842	
771.85	4131.4	
772.02	5076.2	
772.2	5825.8	
772.38	4911.7	
772.55	4403.8	
772.73	6130.3	
772.91	5790.3	
773.09	4704.2	
773.26	4818.2	
773.44	6027.9	
773.62	5768.4	
773.8	4217.5	
773.97	3964.9	
774.15	6095.4	
774.33	5715.9	
774.5	4124.6	
774.68	4556	
774.86	6332.3	
775.04	5752.1	
775.21	4269.3	
775.39	4291.2	
775.57	5988.9	
775.74	6406	
775.92	4083	
776.1	3959.4	
776.27	6005.3	
776.45	7270.3	
776.63	4209.3	
776.81	3718.4	
776.98	5584.8	
777.16	6840.2	
777.34	4328.7	
777.51	4317.1	
777.69	5614.8	
777.87	5350.7	
778.04	4346.5	
778.22	5051.7	
778.4	5433.3	
778.57	6063.4	
778.75	3608.5	
778.93	3917.1	
779.1	5250.3	
779.28	5050.3	
779.46	3637.2	
779.64	4151.2	
779.81	6274.3	
779.99	7196.6	
780.17	4939	
780.34	5137.7	
780.52	5676.3	
780.69	5933.6	
780.87	4401.8	
781.05	3988.8	
781.22	5739.1	
781.4	5803.9	
781.58	4142.4	
781.75	3299.3	
781.93	5763.7	
782.11	5167	
782.28	5070.1	
782.46	4163.5	
782.64	4958.8	
782.81	5969.1	
782.99	4218.1	
783.17	4223.6	
783.34	5778	
783.52	5037.3	
783.69	4401.1	
783.87	5223	
784.05	5106.3	
784.22	5111.7	
784.4	5210.7	
784.58	4550.6	
784.75	6091.3	
784.93	5167.7	
785.1	4155.3	
785.28	4837.3	
785.46	5737.7	
785.63	5130.2	
785.81	4085.7	
785.99	3945.8	
786.16	5217.5	
786.34	5616.9	
786.51	3946.4	
786.69	4441.4	
786.87	4866.7	
787.04	5401.2	
787.22	3854.3	
787.39	4881	
787.57	5070.8	
787.75	6253.8	
787.92	5025	
788.1	4919.9	
788.27	5145.2	
788.45	4907.6	
788.63	4627	
788.8	3375.7	
788.98	5692	
789.15	4801.1	
789.33	3534.1	
789.5	4160.1	
789.68	6125.5	
789.86	6214.2	
790.03	4594.3	
790.21	4031.8	
790.38	6057.2	
790.56	5182	
790.73	3854.3	
790.91	3874.8	
791.09	5180.7	
791.26	5991	
791.44	4083.6	
791.61	3573.7	
791.79	5056.4	
791.96	5260.5	
792.14	3637.2	
792.32	3259.7	
792.49	5061.9	
792.67	5229.8	
792.84	3729.4	
793.02	3502	
793.19	5567.7	
793.37	6297.5	
793.54	3234.4	
793.72	3632.4	
793.89	6437.4	
794.07	5117.2	
794.25	4296	
794.42	3321.1	
794.6	6200.6	
794.77	5807.4	
794.95	4496.7	
795.12	3947.1	
795.3	5109	
795.47	5752.1	
795.65	4306.9	
795.82	4132.8	
796	4920.6	
796.17	6883.9	
796.35	3988.1	
796.52	4797.7	
796.7	5681.1	
796.87	5754.1	
797.05	4988.2	
797.22	4945.8	
797.4	5688.6	
797.57	6772.6	
797.75	4174.4	
797.92	3952.6	
798.1	6031.3	
798.27	5100.8	
798.45	3315.7	
798.62	3562.8	
798.8	5397.8	
798.97	5892.7	
799.15	4376.5	
799.32	4153.3	
799.5	4610.7	
799.67	5494	
799.85	4474.8	
800.02	3237.2	
800.2	5038.7	
800.37	5411.4	
800.55	4726	
800.72	3894.6	
800.9	5915.2	
801.07	6376	
801.25	5241.4	
801.42	4339	
801.6	5864.7	
801.77	5610.8	
801.95	3826.3	
802.12	3768.3	
802.29	5585.5	
802.47	5607.3	
802.64	4241.3	
802.82	3229.6	
802.99	5003.2	
803.17	6128.9	
803.34	4147.1	
803.52	3730.7	
803.69	6810.2	
803.87	4829.1	
804.04	4064.5	
804.21	4231.1	
804.39	6214.2	
804.56	5255.8	
804.74	3495.9	
804.91	4300.1	
805.09	5058.5	
805.26	5156.8	
805.44	3569.6	
805.61	3904.1	
805.78	5680.4	
805.96	5818.3	
806.13	4321.9	
806.31	4646.8	
806.48	4646.2	
806.66	5231.2	
806.83	4242.7	
807	4219.5	
807.18	5038.7	
807.35	5425.8	
807.53	4190.8	
807.7	3280.2	
807.87	6363.7	
808.05	5152.7	
808.22	4582	
808.4	3335.5	
808.57	5111.7	
808.74	4725.3	
808.92	3766.9	
809.09	4851	
809.27	4969.1	
809.44	5646.2	
809.61	3347.7	
809.79	3749.1	
809.96	6264.1	
810.14	5837.4	
810.31	3193.5	
810.48	4029	
810.66	5203.9	
810.83	5945.9	
811.01	3775.8	
811.18	4258.4	
811.35	5899.5	
811.53	4532.2	
811.7	4642.7	
811.87	4367.6	
812.05	5068.7	
812.22	5068	
812.39	3640.6	
812.57	3543	
812.74	5074.9	
812.92	6914.6	
813.09	3980.6	
813.26	4413.4	
813.44	6543.9	
813.61	5077.6	
813.78	3305.4	
813.96	4491.9	
814.13	5098.1	
814.3	4763.6	
814.48	4868	
814.65	3990.8	
814.82	6379.4	
815	4873.5	
815.17	4137.6	
815.34	5096.7	
815.52	4986.1	
815.69	5017.5	
815.87	4080.9	
816.04	3486.3	
816.21	5149.3	
816.38	4491.9	
816.56	3960.1	
816.73	3661.1	
816.9	6465.4	
817.08	5866.7	
817.25	3730	
817.42	4708.3	
817.6	4709.6	
817.77	5104.2	
817.94	4202.4	
818.12	3680.9	
818.29	4824.3	
818.46	7678.5	
818.64	3855	
818.81	3611.3	
818.98	4737	
819.16	7051.8	
819.33	4483.7	
819.5	4095.3	
819.67	5530.9	
819.85	6208.8	
820.02	4075.5	
820.19	4338.3	
820.37	5286.5	
820.54	4918.5	
820.71	4220.2	
820.88	5203.2	
821.06	5388.9	
821.23	4902.2	
821.4	4218.1	
821.58	4164.9	
821.75	5879.7	
821.92	5285.8	
822.09	3313.6	
822.27	3459	
822.44	5154.1	
822.61	5033.2	
822.79	3429.7	
822.96	6596.5	
823.13	5657.2	
823.3	4846.9	
823.48	3923.2	
823.65	3521.8	
823.82	5831.9	
823.99	4643.4	
824.17	4992.9	
824.34	3603.7	
824.51	6808.8	
824.68	5173.9	
824.86	3748.5	
825.03	4211.3	
825.2	5090.6	
825.37	6208.1	
825.55	3680.9	
825.72	4155.3	
825.89	6853.9	
826.06	6355.5	
826.24	4025.6	
826.41	4088.4	
826.58	6246.3	
826.75	5457.8	
826.92	3155.2	
827.1	3580.5	
827.27	8513.4	
827.44	6739.9	
827.61	3827	
827.79	4653	
827.96	4870.1	
828.13	5233.9	
828.3	3988.8	
828.47	3375.1	
828.65	5329.5	
828.82	5250.3	
828.99	5191.6	
829.16	4573.1	
829.34	5780.1	
829.51	5501.5	
829.68	4199	
829.85	4365.6	
830.02	6055.2	
830.2	5774.6	
830.37	3163.4	
830.54	5053	
830.71	6584.9	
830.88	5097.4	
831.05	3279.5	
831.23	3779.2	
831.4	6265.4	
831.57	7047.1	
831.74	3825.6	
831.91	3395.5	
832.09	5378.6	
832.26	5789.6	
832.43	3960.1	
832.6	4480.3	
832.77	5367	
832.94	6194.4	
833.12	3151.1	
833.29	3932.8	
833.46	5489.9	
833.63	7288	
833.8	4360.1	
833.97	4002.4	
834.15	5788.2	
834.32	5537	
834.49	4173.8	
834.66	4204.5	
834.83	5976.7	
835	4849.6	
835.17	3796.9	
835.35	3804.4	
835.52	5613.5	
835.69	5521.3	
835.86	4075.5	
836.03	3364.1	
836.2	5688.6	
836.37	5310.4	
836.55	3984.7	
836.72	3763.5	
836.89	5272.2	
837.06	5719.3	
837.23	4092.5	
837.4	4453	
837.57	6567.8	
837.75	7350.8	
837.92	3678.8	
838.09	3923.9	
838.26	5319.3	
838.43	6066.8	
838.6	4218.1	
838.77	3717.1	
838.94	6918.7	
839.11	6650.4	
839.29	3969.6	
839.46	3112.9	
839.63	5663.3	
839.8	5456.5	
839.97	3829	
840.14	3878.2	
840.31	5416.9	
840.48	5704.3	
840.65	3146.4	
840.82	3814	
841	5743.2	
841.17	5674.9	
841.34	3556	
841.51	3599	
841.68	5707	
841.85	5367	
842.02	3670	
842.19	3027.6	
842.36	5466	
842.53	5532.2	
842.7	3544.4	
842.87	4373.1	
843.05	7199.3	
843.22	5428.5	
843.39	3423.5	
843.56	3631	
843.73	5192.3	
843.9	5786.2	
844.07	5739.8	
844.24	4767.7	
844.41	8535.3	
844.58	5019.6	
844.75	3433.1	
844.92	3773	
845.09	5721.3	
845.26	5700.9	
845.43	3473.4	
845.6	3783.3	
845.77	5674.2	
845.94	5435.3	
846.12	3941.7	
846.29	4143.7	
846.46	5925.5	
846.63	5703.6	
846.8	3575.8	
846.97	4211.3	
847.14	6182.8	
847.31	5664.7	
847.48	3981.3	
847.65	4435.9	
847.82	6012.2	
847.99	5982.8	
848.16	4784.7	
848.33	4435.2	
848.5	5275.6	
848.67	6266.8	
848.84	3579.8	
849.01	3679.5	
849.18	5150.6	
849.35	4734.2	
849.52	4440.7	
849.69	3442.6	
849.86	5958.2	
850.03	6094.1	
850.2	3520.5	
850.37	4387.4	
850.54	6079.1	
850.71	5388.9	
850.88	4266.6	
851.05	3475.4	
851.22	5646.9	
851.39	6328.9	
851.56	3373.7	
851.73	4040	
851.9	5008.6	
852.07	6006	
852.24	3859.7	
852.41	3504.8	
852.58	5584.1	
852.75	5076.2	
852.92	3930.7	
853.09	3407.8	
853.26	5271.5	
853.43	6192.4	
853.6	3495.2	
853.77	3011.9	
853.94	6293.4	
854.11	5705.6	
854.28	5284.4	
854.44	3847.5	
854.61	6713.9	
854.78	5826.5	
854.95	3525.2	
855.12	4468.7	
855.29	4613.4	
855.46	6400.6	
855.63	3502	
855.8	4885.1	
855.97	5279.7	
856.14	6092	
856.31	5020.3	
856.48	3803.1	
856.65	5293.3	
856.82	4934.9	
856.99	3386	
857.16	3826.3	
857.33	7009.5	
857.49	5397.1	
857.66	3779.2	
857.83	4145.8	
858	5271.5	
858.17	5490.6	
858.34	3282.9	
858.51	3547.1	
858.68	6443.6	
858.85	6457.9	
859.02	4085.7	
859.19	4359.4	
859.36	5006.6	
859.52	5033.9	
859.69	3450.1	
859.86	4180.6	
860.03	5098.8	
860.2	6341.2	
860.37	3162.7	
860.54	3565.5	
860.71	5927.5	
860.88	6395.1	
861.05	3924.6	
861.21	4451.6	
861.38	6416.3	
861.55	4904.9	
861.72	3202.3	
861.89	3962.1	
862.06	6034.7	
862.23	6574	
862.4	3467.9	
862.56	3665.9	
862.73	5860.6	
862.9	5509	
863.07	4188.1	
863.24	3202.3	
863.41	4907.6	
863.58	5055.8	
863.75	3627.6	
863.91	4109.6	
864.08	6302.3	
864.25	5956.9	
864.42	4483	
864.59	4922.6	
864.76	6690.7	
864.93	5053.7	
865.09	3439.9	
865.26	3816	
865.43	6195.8	
865.6	6625.2	
865.77	3004.4	
865.94	3505.4	
866.1	6242.2	
866.27	5992.4	
866.44	5311.7	
866.61	3355.9	
866.78	5478.3	
866.95	5877	
867.11	3384.6	
867.28	3112.9	
867.45	6056.5	
867.62	5108.3	
867.79	4092.5	
867.96	3534.1	
868.12	5005.2	
868.29	6062.7	
868.46	3046.7	
868.63	4726.7	
868.8	6171.2	
868.97	5970.5	
869.13	3727.3	
869.3	3725.3	
869.47	5816.2	
869.64	6058.6	
869.81	3600.3	
869.97	3539.6	
870.14	5725.4	
870.31	6437.4	
870.48	3363.4	
870.65	4494.6	
870.81	5317.2	
870.98	5318.6	
871.15	4041.3	
871.32	3660.4	
871.48	5853.8	
871.65	6489.3	
871.82	3474.7	
871.99	3837.9	
872.16	6919.4	
872.32	6244.9	
872.49	3529.3	
872.66	3574.4	
872.83	5913.9	
872.99	5205.3	
873.16	4044.1	
873.33	3479.5	
873.5	5578	
873.67	5561.6	
873.83	3689.1	
874	4781.3	
874.17	5708.4	
874.34	6842.9	
874.5	4626.4	
874.67	4401.1	
874.84	6442.2	
875.01	5030.5	
875.17	5053.7	
875.34	3495.2	
875.51	5651.7	
875.68	6842.9	
875.84	4250.9	
876.01	5221	
876.18	5883.1	
876.34	5900.2	
876.51	3558.7	
876.68	3418.7	
876.85	5351.3	
877.01	6210.1	
877.18	5031.2	
877.35	3485.6	
877.52	5505.6	
877.68	4929.5	
877.85	3423.5	
878.02	3477.5	
878.18	5520.6	
878.35	5179.3	
878.52	2811.2	
878.69	4008.6	
878.85	5980.8	
879.02	5889.3	
879.19	5104.2	
879.35	3819.5	
879.52	5912.5	
879.69	6105.7	
879.86	3066.5	
880.02	3996.3	
880.19	5482.4	
880.36	6662.7	
880.52	4061.8	
880.69	4158.7	
880.86	6005.3	
881.02	6100.9	
881.19	3888.4	
881.36	3841.3	
881.52	5838.1	
881.69	5246.9	
881.86	3795.6	
882.02	3700	
882.19	6261.3	
882.36	7327.6	
882.52	3534.1	
882.69	4970.4	
882.86	5696.1	
883.02	5631.9	
883.19	4291.2	
883.36	4106.2	
883.52	6079.7	
883.69	6869.6	
883.86	3560.1	
884.02	3169.6	
884.19	5952.1	
884.36	5453.7	
884.52	4005.1	
884.69	3713	
884.86	5242.1	
885.02	6625.2	
885.19	3949.2	
885.36	4051.6	
885.52	5550	
885.69	5707	
885.86	5087.8	
886.02	4500.1	
886.19	6044.9	
886.35	5378.6	
886.52	3923.2	
886.69	5043.5	
886.85	5079.6	
887.02	6361.7	
887.19	6361.7	
887.35	6361.7	
887.52	6361.7	
887.68	6361.7	
887.85	6361.7	
888.02	6361.7	
888.18	6361.7	
888.35	6361.7	
888.51	6361.7	
888.68	6361.7	
888.85	6361.7	
889.01	6361.7	
889.18	6361.7	
889.35	6361.7	
889.51	6361.7	
889.68	6361.7	
889.84	6361.7	
890.01	6361.7	
890.17	6361.7	
890.34	6361.7	
890.51	6361.7	
890.67	6361.7	
890.84	6361.7	
891	6361.7	
891.17	6361.7	
891.34	6361.7	
891.5	6361.7	
891.67	6361.7	
891.83	6361.7	
892	6361.7	
892.16	6361.7	
892.33	6361.7	
892.5	6361.7	
892.66	6361.7	
892.83	6361.7	
892.99	6361.7	
893.16	6361.7	
893.32	6361.7	
893.49	6361.7	
893.65	6361.7	
893.82	6361.7	
893.99	6361.7	
894.15	6361.7	
894.32	6361.7	
894.48	6361.7	
894.65	6361.7	
894.81	6361.7	
894.98	6361.7	
895.14	6361.7	
895.31	6361.7	
895.47	6361.7	
895.64	6361.7	
895.81	6361.7	
895.97	6361.7	
896.14	6361.7	
896.3	6361.7	
896.47	6361.7	
896.63	6361.7	
896.8	6361.7	
896.96	6361.7	
897.13	6361.7	
897.29	6361.7	
897.46	6361.7	
897.62	6361.7	
897.79	6361.7	
897.95	6361.7	
898.12	6361.7	
898.28	6361.7	
898.45	6361.7	
898.61	6361.7	
898.78	6361.7	
898.94	6361.7	
899.11	6361.7	
899.27	6361.7	
899.44	6361.7	
899.6	6361.7	
899.77	6361.7	
899.93	6361.7	
900.1	6361.7	
900.26	6361.7	
900.43	6361.7	
900.59	6361.7	
900.76	6361.7	
900.92	6361.7	
901.09	6361.7	
901.25	6361.7	
901.42	6361.7	
901.58	6361.7	
901.75	6361.7	
901.91	6361.7	
902.07	6361.7	
902.24	6361.7	
902.4	6361.7	
902.57	6361.7	
902.73	6361.7	
902.9	6361.7	
903.06	6361.7	
903.23	6361.7	
903.39	6361.7	
903.56	6361.7	
903.72	6361.7	
903.88	6361.7	
904.05	6361.7	
904.21	6361.7	
904.38	6361.7	
904.54	6361.7	
904.71	6361.7	
904.87	6361.7	
905.03	6361.7	
905.2	6361.7	
905.36	6361.7	
905.53	6361.7	
905.69	6361.7	
905.86	6361.7	
906.02	6361.7	
906.18	6361.7	
906.35	6361.7	
906.51	6361.7	
906.68	6361.7	
906.84	6361.7	
907.01	6361.7	
907.17	6361.7	
907.33	6361.7	
907.5	6361.7	
907.66	6361.7	
907.83	6361.7	
907.99	6361.7	
908.15	6361.7	
908.32	6361.7	
908.48	6361.7	
908.65	6361.7	
908.81	6361.7	
908.97	6361.7	
909.14	6361.7	
909.3	6361.7	
909.47	6361.7	
909.63	6361.7	
909.79	6361.7	
909.96	6361.7	
910.12	6361.7	
910.28	6361.7	
910.45	6361.7	
910.61	6361.7	
910.78	6361.7	
910.94	6361.7	
911.1	6361.7	
911.27	6361.7	
911.43	6361.7	
911.59	6361.7	
911.76	6361.7	
911.92	6361.7	
912.08	6361.7	
912.25	6361.7	
912.41	6361.7	
912.57	6361.7	
912.74	6361.7	
912.9	6361.7	
913.07	6361.7	
913.23	6361.7	
913.39	6361.7	
913.56	6361.7	
913.72	6361.7	
913.88	6361.7	
914.05	6361.7	
914.21	6361.7	
914.37	6361.7	
914.54	6361.7	
914.7	6361.7	
914.86	6361.7	
915.03	6361.7	
915.19	6361.7	
