Wavelength	Intensities	
nm	a.u.	
179.22	1907.3	
179.44	1908.7	
179.65	1906	
179.86	1911.4	
180.08	1891	
180.29	4969.1	
180.51	3502.7	
180.72	5708.4	
180.94	6711.9	
181.15	3261.7	
181.37	3189.4	
181.58	5505.6	
181.79	5787.6	
182.01	3435.8	
182.22	3677.5	
182.44	5847.6	
182.65	4825.7	
182.87	4635.2	
183.08	4049.5	
183.29	6137.1	
183.51	5117.9	
183.72	3716.4	
183.94	5452.4	
184.15	5405.3	
184.37	5459.2	
184.58	3247.4	
184.79	4480.3	
185.01	5066	
185.22	5796.4	
185.44	4706.2	
185.65	3979.9	
185.86	5333.6	
186.08	4924.7	
186.29	3162.7	
186.51	3367.5	
186.72	5070.8	
186.94	6003.3	
187.15	3946.4	
187.36	4068.6	
187.58	7714.7	
187.79	5605.3	
188.01	4192.9	
188.22	6588.3	
188.43	6700.3	
188.65	5775.3	
188.86	3361.4	
189.08	4059.1	
189.29	5247.6	
189.5	5275.6	
189.72	3806.5	
189.93	3923.2	
190.15	5993	
190.36	7185.6	
190.57	4158.1	
190.79	4055.7	
191	6073.6	
191.22	6005.3	
191.43	4164.9	
191.64	3355.3	
191.86	6292.7	
192.07	6049.7	
192.29	3550.5	
192.5	3758	
192.71	6051.7	
192.93	5183.4	
193.14	3762.1	
193.35	3842	
193.57	5239.4	
193.78	6005.3	
194	3026.9	
194.21	3694.5	
194.42	4975.9	
194.64	5446.9	
194.85	4067.9	
195.07	4840.7	
195.28	5517.9	
195.49	4746.5	
195.71	5059.8	
195.92	3563.5	
196.13	5600.5	
196.35	5776	
196.56	5343.8	
196.78	4085	
196.99	7074.4	
197.2	6737.8	
197.42	4705.5	
197.63	4112.3	
197.84	4889.9	
198.06	5634	
198.27	3795.6	
198.48	5029.8	
198.7	5260.5	
198.91	5338.4	
199.13	4084.3	
199.34	4112.3	
199.55	5849	
199.77	4704.2	
199.98	3610.6	
200.19	4205.8	
200.41	5293.3	
200.62	5051.7	
200.83	4316.4	
201.05	4551.3	
201.26	5341.8	
201.47	5059.2	
201.69	3616	
201.9	3462.4	
202.11	5436.7	
202.33	6430.6	
202.54	3852.2	
202.76	4345.8	
202.97	5560.9	
203.18	5599.1	
203.4	4237.9	
203.61	4201.7	
203.82	5597.8	
204.04	5128.8	
204.25	4161.5	
204.46	4081.6	
204.68	5514.5	
204.89	5710.4	
205.1	3992.2	
205.32	3466.5	
205.53	5891.3	
205.74	5960.3	
205.96	2998.2	
206.17	4213.4	
206.38	5802.6	
206.6	5973.2	
206.81	4685.1	
207.02	3855	
207.24	5664	
207.45	6135	
207.66	3998.3	
207.88	3344.3	
208.09	5648.3	
208.3	5479.7	
208.52	3616	
208.73	3887	
208.94	5471.5	
209.15	6154.1	
209.37	3895.2	
209.58	4147.8	
209.79	6032.6	
210.01	5268.1	
210.22	3061.7	
210.43	3276.8	
210.65	5452.4	
210.86	5897.5	
211.07	3917.1	
211.29	3545	
211.5	5840.1	
211.71	5416.2	
211.93	3599	
212.14	3591.5	
212.35	5390.9	
212.56	5703.6	
212.78	4142.4	
212.99	3420.1	
213.2	6418.3	
213.42	5176.6	
213.63	3740.3	
213.84	3981.3	
214.06	4810.7	
214.27	4955.4	
214.48	3947.8	
214.69	4119.1	
214.91	6193.7	
215.12	6272.2	
215.33	4169.7	
215.55	4659.1	
215.76	6787	
215.97	5885.9	
216.18	4091.2	
216.4	3980.6	
216.61	5192.3	
216.82	5965.7	
217.04	3638.6	
217.25	3733.4	
217.46	6100.9	
217.67	5864.7	
217.89	3205.8	
218.1	3325.9	
218.31	5518.6	
218.53	5637.4	
218.74	3769.6	
218.95	3670	
219.16	5360.2	
219.38	6392.4	
219.59	3674.7	
219.8	4442.7	
220.01	7068.9	
220.23	5464.7	
220.44	4846.2	
220.65	3588.7	
220.87	5526.1	
221.08	6146.6	
221.29	3403.7	
221.5	4448.9	
221.72	7506.5	
221.93	5167.7	
222.14	4155.3	
222.35	4897.4	
222.57	5515.9	
222.78	5855.1	
222.99	3941.7	
223.2	4279.6	
223.42	5807.4	
223.63	5969.1	
223.84	3008.5	
224.05	3038.5	
224.27	7012.2	
224.48	6449.1	
224.69	4888.5	
224.9	4097.3	
225.12	5669.5	
225.33	5388.2	
225.54	3265.8	
225.75	3706.1	
225.97	5063.3	
226.18	5296	
226.39	3930.1	
226.6	3644	
226.82	5196.4	
227.03	5057.8	
227.24	4146.5	
227.45	3424.9	
227.67	5861.3	
227.88	6470.2	
228.09	4587.4	
228.3	4637.3	
228.52	5868.1	
228.73	5395	
228.94	3869.3	
229.15	3411.2	
229.36	5334.3	
229.58	5245.5	
229.79	3794.9	
230	4524.6	
230.21	6496.8	
230.43	5588.9	
230.64	4069.3	
230.85	4295.3	
231.06	5891.3	
231.28	5842.2	
231.49	3383.2	
231.7	4012	
231.91	5780.1	
232.12	5509.7	
232.34	3452.2	
232.55	3979.2	
232.76	6088.6	
232.97	5677.7	
233.18	3607.2	
233.4	4044.7	
233.61	5683.8	
233.82	5330.9	
234.03	3844	
234.25	3727.3	
234.46	7636.2	
234.67	5543.9	
234.88	4207.2	
235.09	3631	
235.31	5750	
235.52	5328.1	
235.73	4060.4	
235.94	3459.7	
236.15	5200.5	
236.37	6672.3	
236.58	3603.1	
236.79	3990.8	
237	5828.5	
237.21	4963.6	
237.43	4253.6	
237.64	3302	
237.85	9978.4	
238.06	5063.9	
238.27	4310.3	
238.48	3420.8	
238.7	5838.1	
238.91	5269.4	
239.12	3872.7	
239.33	3986	
239.54	5052.3	
239.76	5352.7	
239.97	3916.4	
240.18	3943.7	
240.39	6883.9	
240.6	5745.2	
240.82	4108.2	
241.03	3323.9	
241.24	5415.5	
241.45	6346.7	
241.66	3586	
241.87	4264.6	
242.09	6175.3	
242.3	6624.5	
242.51	4286.4	
242.72	3926	
242.93	6006.7	
243.14	5359.5	
243.36	4569.7	
243.57	4889.9	
243.78	6369.9	
243.99	5830.6	
244.2	3974.4	
244.41	3593.5	
244.63	4986.8	
244.84	5786.2	
245.05	4272.1	
245.26	3977.8	
245.47	5736.4	
245.68	6084.5	
245.9	5305.6	
246.11	4134.8	
246.32	5339.7	
246.53	5728.2	
246.74	6422.4	
246.95	3300.6	
247.16	4940.4	
247.38	5463.3	
247.59	3318.4	
247.8	3922.5	
248.01	5180.7	
248.22	5412.1	
248.43	3601.7	
248.64	3808.5	
248.86	4859.8	
249.07	5234.6	
249.28	3463.8	
249.49	4015.4	
249.7	6004	
249.91	6192.4	
250.12	3288.4	
250.34	3355.3	
250.55	5583.4	
250.76	5466	
250.97	4132.1	
251.18	4090.5	
251.39	6154.1	
251.6	5634.6	
251.81	4202.4	
252.03	4199	
252.24	5132.9	
252.45	6049.7	
252.66	3419.4	
252.87	4392.9	
253.08	5473.5	
253.29	7250.5	
253.5	3429	
253.72	4868.7	
253.93	5336.3	
254.14	6476.4	
254.35	3737.5	
254.56	3859.1	
254.77	5731.6	
254.98	5066.7	
255.19	3715	
255.41	4815.5	
255.62	5550.7	
255.83	6161	
256.04	4274.8	
256.25	4156.7	
256.46	6480.5	
256.67	5140.4	
256.88	4051.6	
257.09	4622.9	
257.31	5083.1	
257.52	5094.7	
257.73	5142.4	
257.94	3804.4	
258.15	5295.4	
258.36	5513.8	
258.57	4823	
258.78	2990.7	
258.99	5943.2	
259.2	5245.5	
259.41	3786.7	
259.63	3885.7	
259.84	6339.8	
260.05	6770.6	
260.26	5027.1	
260.47	3699.3	
260.68	6044.2	
260.89	5383.4	
261.1	4529.4	
261.31	3556.6	
261.52	6044.9	
261.73	6475.7	
261.95	4825.7	
262.16	4286.4	
262.37	6258.6	
262.58	6303	
262.79	4866.7	
263	3844	
263.21	5431.2	
263.42	4952	
263.63	3924.6	
263.84	3805.8	
264.05	6014.2	
264.26	6464.1	
264.47	4709	
264.69	4143	
264.9	6188.3	
265.11	5725.4	
265.32	3640.6	
265.53	3743.7	
265.74	5604.6	
265.95	4896	
266.16	4063.2	
266.37	4446.1	
266.58	5653.8	
266.79	5281	
267	3749.1	
267.21	3419.4	
267.42	4975.2	
267.63	5440.1	
267.84	3967.6	
268.06	3302	
268.27	5907	
268.48	6206	
268.69	3793.5	
268.9	4593.6	
269.11	6240.8	
269.32	4889.9	
269.53	3946.4	
269.74	3654.3	
269.95	5791	
270.16	4815.5	
270.37	3971	
270.58	4584	
270.79	5323.4	
271	5991	
271.21	4242.7	
271.42	3959.4	
271.63	5584.1	
271.84	5145.9	
272.05	3151.8	
272.26	3557.3	
272.47	5482.4	
272.68	5737	
272.89	3798.3	
273.11	4357.4	
273.32	5242.1	
273.53	6447.7	
273.74	4268	
273.95	4186	
274.16	6171.2	
274.37	5552	
274.58	4331.5	
274.79	3439.2	
275	5601.2	
275.21	6217.6	
275.42	5256.5	
275.63	4539	
275.84	5730.2	
276.05	7283.3	
276.26	4175.8	
276.47	3913.7	
276.68	5296	
276.89	6522.8	
277.1	4430.4	
277.31	3453.6	
277.52	5771.9	
277.73	5933.6	
277.94	3395.5	
278.15	3801	
278.36	5659.9	
278.57	5184.1	
278.78	3706.1	
278.99	4255	
279.2	5114.5	
279.41	5023.7	
279.62	5005.2	
279.83	3502	
280.04	6751.5	
280.25	4938.3	
280.46	5038.7	
280.67	3998.3	
280.88	5052.3	
281.09	6151.4	
281.3	4194.2	
281.51	5297.4	
281.72	5180.7	
281.93	5985.5	
282.14	3667.9	
282.35	3979.9	
282.56	5935	
282.77	6028.5	
282.98	3856.3	
283.19	4670.1	
283.4	7346.1	
283.61	5432.6	
283.82	3401	
284.03	4931.5	
284.24	5599.1	
284.45	6154.8	
284.66	4972.5	
284.87	4732.9	
285.08	6063.4	
285.29	6201.9	
285.5	3358	
285.71	3871.3	
285.92	6173.3	
286.12	6812.2	
286.33	4856.4	
286.54	3844.7	
286.75	5920.7	
286.96	5290.6	
287.17	3469.3	
287.38	4754.7	
287.59	5119.9	
287.8	5030.5	
288.01	3929.4	
288.22	4442.7	
288.43	6024.4	
288.64	4977.9	
288.85	4590.2	
289.06	4384.7	
289.27	5908.4	
289.48	6426.5	
289.69	4923.3	
289.9	4437.9	
290.11	6175.3	
290.32	5171.8	
290.53	4681.7	
290.74	4341.7	
290.94	5933.6	
291.15	6025.8	
291.36	3753.9	
291.57	4457.1	
291.78	5217.5	
291.99	4900.1	
292.2	3502.7	
292.41	4296	
292.62	6063.4	
292.83	5814.2	
293.04	5307	
293.25	3566.2	
293.46	5268.7	
293.67	6149.4	
293.88	3654.9	
294.09	3592.8	
294.29	4975.9	
294.5	5640.8	
294.71	3943.7	
294.92	3820.1	
295.13	5259.2	
295.34	6560.3	
295.55	3273.3	
295.76	3418.7	
295.97	5886.5	
296.18	6635.4	
296.39	3480.9	
296.6	3721.2	
296.81	5509.7	
297.01	5934.3	
297.22	3932.8	
297.43	3657.7	
297.64	5087.8	
297.85	5107	
298.06	3077.4	
298.27	3352.5	
298.48	5550	
298.69	5203.2	
298.9	3997	
299.11	3564.8	
299.31	4986.1	
299.52	5008	
299.73	4323.3	
299.94	4228.4	
300.15	5427.8	
300.36	5066.7	
300.57	4233.2	
300.78	4205.2	
300.99	5339.1	
301.2	5651	
301.4	3656.3	
301.61	4034.5	
301.82	5769.1	
302.03	5896.1	
302.24	4524	
302.45	3537.5	
302.66	5772.5	
302.87	6291.4	
303.08	3710.9	
303.29	5069.4	
303.49	5248.9	
303.7	5438	
303.91	3296.5	
304.12	4843.4	
304.33	4985.4	
304.54	5581.4	
304.75	3717.1	
304.96	3557.3	
305.16	5796.4	
305.37	6622.4	
305.58	3201.7	
305.79	3381.9	
306	5796.4	
306.21	4834.6	
306.42	3620.8	
306.63	5741.8	
306.83	5309	
307.04	6067.4	
307.25	4109.6	
307.46	4061.1	
307.67	4707.6	
307.88	5977.3	
308.09	3605.8	
308.29	3784	
308.5	5527.5	
308.71	6064	
308.92	3996.3	
309.13	3563.5	
309.34	5390.9	
309.55	5406.6	
309.75	4606.6	
309.96	4229.7	
310.17	5942.5	
310.38	5127.4	
310.59	4484.4	
310.8	3405.8	
311.01	5304.2	
311.21	5285.1	
311.42	3518.4	
311.63	3613.3	
311.84	5179.3	
312.05	5623	
312.26	4097.3	
312.46	4517.1	
312.67	5281	
312.88	5035.3	
313.09	3588	
313.3	3492.5	
313.51	6303	
313.71	6640.2	
313.92	3566.2	
314.13	3809.9	
314.34	5627.8	
314.55	5380	
314.76	4626.4	
314.96	3992.9	
315.17	5592.3	
315.38	5893.4	
315.59	3586	
315.8	3413.3	
316.01	6389	
316.21	6437.4	
316.42	3494.5	
316.63	3906.8	
316.84	5321.3	
317.05	6229.9	
317.26	4283.7	
317.46	3826.3	
317.67	5388.9	
317.88	5882.4	
318.09	4565.6	
318.3	3305.4	
318.5	5197.7	
318.71	5786.2	
318.92	5870.8	
319.13	4236.6	
319.34	6037.4	
319.54	6146	
319.75	3319.1	
319.96	3160.7	
320.17	5863.3	
320.38	6126.2	
320.58	3222.1	
320.79	3955.3	
321	6070.2	
321.21	6257.9	
321.42	3966.9	
321.62	3265.1	
321.83	5057.1	
322.04	5464	
322.25	3806.5	
322.46	3614.7	
322.66	5593.7	
322.87	5766.4	
323.08	4487.8	
323.29	3530	
323.5	6617	
323.7	5081.7	
323.91	4875.5	
324.12	4354	
324.33	5554.1	
324.53	5848.3	
324.74	4192.9	
324.95	4452.3	
325.16	4830.5	
325.37	5360.9	
325.57	3600.3	
325.78	3695.9	
325.99	5527.5	
326.2	5010	
326.4	5162.9	
326.61	3310.2	
326.82	5413.5	
327.03	5608.7	
327.24	5154.7	
327.44	4942.4	
327.65	5743.2	
327.86	4665.3	
328.07	4280.9	
328.27	3438.5	
328.48	6176.7	
328.69	5022.3	
328.9	5213.4	
329.1	3892.5	
329.31	5364.3	
329.52	6378.7	
329.73	3573	
329.93	4062.5	
330.14	5489.2	
330.35	5724.1	
330.56	5974.6	
330.76	4448.9	
330.97	5311.1	
331.18	5670.1	
331.39	3990.8	
331.59	3234.4	
331.8	6123.4	
332.01	6199.2	
332.22	3689.8	
332.42	4309.6	
332.63	5583.4	
332.84	5182.7	
333.05	4007.9	
333.25	3646.7	
333.46	5251.7	
333.67	5496.1	
333.88	3734.1	
334.08	4192.9	
334.29	8532.5	
334.5	6170.5	
334.7	3515.7	
334.91	5152.7	
335.12	5053	
335.33	5875.6	
335.53	3926.6	
335.74	5963.7	
335.95	5285.1	
336.16	5100.8	
336.36	3951.9	
336.57	4578.6	
336.78	5018.2	
336.98	6130.3	
337.19	4849.6	
337.4	3909.6	
337.61	6643.6	
337.81	5022.3	
338.02	3657.7	
338.23	4787.5	
338.43	6349.4	
338.64	5130.8	
338.85	3607.8	
339.05	4792.2	
339.26	6384.9	
339.47	4896	
339.68	3631	
339.88	5388.9	
340.09	5750.7	
340.3	5999.2	
340.5	4203.1	
340.71	3255.6	
340.92	4926.7	
341.13	6262.7	
341.33	3481.5	
341.54	4247.5	
341.75	5730.9	
341.95	5418.9	
342.16	4085	
342.37	4374.5	
342.57	5079	
342.78	5446.9	
342.99	4573.1	
343.19	3267.9	
343.4	5866.1	
343.61	5833.3	
343.81	3820.8	
344.02	3552.5	
344.23	5933	
344.43	6326.2	
344.64	4466.6	
344.85	4418.8	
345.06	5750.7	
345.26	6149.4	
345.47	4084.3	
345.68	4982	
345.88	4863.9	
346.09	5975.3	
346.3	4273.4	
346.5	3236.5	
346.71	5468.8	
346.92	5233.2	
347.12	3290.4	
347.33	4156	
347.54	6055.8	
347.74	6510.5	
347.95	4117.8	
348.16	3078.1	
348.36	5285.1	
348.57	4990.9	
348.78	4072	
348.98	4427.7	
349.19	5412.8	
349.39	4940.4	
349.6	3283.6	
349.81	3651.5	
350.01	5731.6	
350.22	5232.6	
350.43	3977.8	
350.63	4829.8	
350.84	5531.6	
351.05	5303.6	
351.25	3640.6	
351.46	3278.8	
351.67	6122.1	
351.87	5168.4	
352.08	3870.7	
352.29	4454.3	
352.49	5963.7	
352.7	5661.3	
352.9	3472.7	
353.11	4433.2	
353.32	6593.8	
353.52	5298.1	
353.73	3471.3	
353.94	4519.2	
354.14	5810.1	
354.35	5580	
354.55	3637.2	
354.76	3955.3	
354.97	5765	
355.17	5552	
355.38	3356.6	
355.59	4717.2	
355.79	5160.9	
356	5580	
356.2	4007.9	
356.41	3455.6	
356.62	4857.8	
356.82	5359.5	
357.03	4158.7	
357.24	3779.2	
357.44	5231.9	
357.65	5237.3	
357.85	5117.9	
358.06	3903.4	
358.27	4842.1	
358.47	5149.3	
358.68	3282.2	
358.88	4191.5	
359.09	5712.5	
359.3	6107	
359.5	4947.9	
359.71	4389.5	
359.91	6537.8	
360.12	5884.5	
360.33	4234.5	
360.53	4731.5	
360.74	5122	
360.94	5198.4	
361.15	4366.3	
361.36	3621.5	
361.56	5952.1	
361.77	5368.4	
361.97	4935.6	
362.18	3808.5	
362.38	6047.7	
362.59	5022.3	
362.8	3505.4	
363	3368.9	
363.21	4773.8	
363.41	5513.1	
363.62	4103.4	
363.83	5120.6	
364.03	5607.3	
364.24	6539.8	
364.44	5225.7	
364.65	5192.3	
364.85	5264	
365.06	5212.8	
365.27	3695.9	
365.47	3722.5	
365.68	6307.7	
365.88	5240.1	
366.09	4101.4	
366.29	3799	
366.5	5567.1	
366.71	5939.8	
366.91	5155.4	
367.12	4262.5	
367.32	6589	
367.53	5813.5	
367.73	4223.6	
367.94	5197.7	
368.14	5744.6	
368.35	6758.3	
368.56	4205.8	
368.76	3506.1	
368.97	5835.3	
369.17	7676.5	
369.38	3706.8	
369.58	4012	
369.79	4861.9	
369.99	6227.2	
370.2	5029.1	
370.4	4079.6	
370.61	5520.6	
370.82	6766.5	
371.02	3923.9	
371.23	3262.4	
371.43	4829.8	
371.64	6161	
371.84	3964.2	
372.05	5187.5	
372.25	7504.4	
372.46	5902.9	
372.66	3917.1	
372.87	3864.5	
373.07	5866.7	
373.28	7556.3	
373.48	5008.6	
373.69	4633.2	
373.9	5350	
374.1	5415.5	
374.31	4894	
374.51	4384	
374.72	6237.4	
374.92	5007.3	
375.13	5000.5	
375.33	4249.5	
375.54	5779.4	
375.74	5192.3	
375.95	4282.3	
376.15	5641.5	
376.36	5720	
376.56	5611.4	
376.77	4395.6	
376.97	4809.3	
377.18	6828.6	
377.38	5845.6	
377.59	5137	
377.79	3812	
378	5594.4	
378.2	6032	
378.41	3893.9	
378.61	3750.5	
378.82	6033.3	
379.02	5166.3	
379.23	4028.4	
379.43	5169.8	
379.64	6135.7	
379.84	5836	
380.05	3790.1	
380.25	3803.1	
380.46	5881.8	
380.66	5449	
380.87	5181.4	
381.07	5614.2	
381.28	6461.3	
381.48	5830.6	
381.69	3891.8	
381.89	3917.8	
382.1	4855.1	
382.3	6089.3	
382.51	4971.8	
382.71	5942.5	
382.91	5928.9	
383.12	6430.6	
383.32	4274.1	
383.53	4496	
383.73	5743.2	
383.94	5513.8	
384.14	4392.9	
384.35	3546.4	
384.55	5477.6	
384.76	5925.5	
384.96	4275.5	
385.17	4584.7	
385.37	5868.8	
385.58	5162.2	
385.78	4607.9	
385.98	3444.7	
386.19	5397.8	
386.39	5783.5	
386.6	4012.7	
386.8	4337.6	
387.01	5903.6	
387.21	5941.8	
387.42	4759.5	
387.62	5355.4	
387.83	5223.7	
388.03	5868.8	
388.23	4321.9	
388.44	5163.6	
388.64	4840	
388.85	5014.1	
389.05	4693.3	
389.26	5280.3	
389.46	6927.6	
389.67	6337.8	
389.87	4551.3	
390.07	4643.4	
390.28	5541.1	
390.48	5093.3	
390.69	3863.8	
390.89	4188.1	
391.1	5291.3	
391.3	6285.9	
391.5	5370.5	
391.71	6025.8	
391.91	5937.7	
392.12	7059.3	
392.32	5444.9	
392.53	4633.9	
392.73	5303.6	
392.93	5533.6	
393.14	4280.3	
393.34	5120.6	
393.55	6079.1	
393.75	5479.7	
393.95	4328.7	
394.16	4278.9	
394.36	5341.8	
394.57	5988.3	
394.77	3794.9	
394.98	4187.4	
395.18	5221.6	
395.38	5332.9	
395.59	5182	
395.79	4037.2	
396	5325.4	
396.2	5857.2	
396.4	4859.8	
396.61	4780	
396.81	6100.2	
397.02	5268.1	
397.22	5078.3	
397.42	5231.2	
397.63	5997.1	
397.83	5207.3	
398.04	3952.6	
398.24	4430.4	
398.44	5800.5	
398.65	4879.6	
398.85	3810.6	
399.05	3916.4	
399.26	5132.2	
399.46	6948.1	
399.67	4322.6	
399.87	4043.4	
400.07	5490.6	
400.28	5917.9	
400.48	4061.8	
400.69	5203.9	
400.89	6116.6	
401.09	6537.8	
401.3	3988.8	
401.5	5128.8	
401.7	6847	
401.91	7027.9	
402.11	4327.4	
402.32	4562.9	
402.52	6145.3	
402.72	6026.5	
402.93	4768.4	
403.13	3618.8	
403.33	6939.2	
403.54	5589.6	
403.74	4456.4	
403.94	5418.2	
404.15	5734.3	
404.35	6929.6	
404.56	4225	
404.76	6141.9	
404.96	6087.2	
405.17	5945.9	
405.37	5490.6	
405.57	4734.9	
405.78	6110.5	
405.98	5629.2	
406.18	4256.4	
406.39	5227.8	
406.59	6158.9	
406.79	5784.1	
407	4075.5	
407.2	4301.4	
407.4	6152.8	
407.61	6377.4	
407.81	4156	
408.01	6361.7	
408.22	5062.6	
408.42	7250.5	
408.62	5218.2	
408.83	4672.8	
409.03	5795.1	
409.23	5461.2	
409.44	4728.1	
409.64	5062.6	
409.84	6605.4	
410.05	6445.6	
410.25	4818.2	
410.45	4638	
410.66	5950.7	
410.86	8345.5	
411.06	4958.1	
411.27	4911	
411.47	8198.7	
411.67	6079.7	
411.88	5169.1	
412.08	5364.3	
412.28	6654.5	
412.49	7223.2	
412.69	4809.3	
412.89	4859.8	
413.09	7055.9	
413.3	6880.5	
413.5	4930.1	
413.7	4508.3	
413.91	6130.3	
414.11	6997.9	
414.31	4825.7	
414.52	5186.8	
414.72	6650.4	
414.92	6558.3	
415.12	4762.9	
415.33	5306.3	
415.53	6931.7	
415.73	7119.4	
415.94	5614.8	
416.14	5068	
416.34	5946.6	
416.55	5775.3	
416.75	6313.2	
416.95	5697.4	
417.15	6953.5	
417.36	7702.4	
417.56	6454.5	
417.76	5548.6	
417.97	7287.4	
418.17	6958.3	
418.37	5021.6	
418.57	5128.8	
418.78	6710.5	
418.98	6425.8	
419.18	6011.5	
419.38	6019	
419.59	6462.7	
419.79	6134.3	
419.99	4963.6	
420.2	5356.1	
420.4	6949.4	
420.6	7159.7	
420.8	4939	
421.01	4896.7	
421.21	6705.7	
421.41	7006.8	
421.61	5352.7	
421.82	5111	
422.02	6310.5	
422.22	7271	
422.42	5834.7	
422.63	5571.2	
422.83	6466.1	
423.03	7668.3	
423.23	5552.7	
423.44	4480.3	
423.64	6525.5	
423.84	6365.8	
424.04	4965	
424.25	4661.9	
424.45	7532.4	
424.65	7432.1	
424.85	4486.4	
425.06	4973.2	
425.26	7442.3	
425.46	6367.8	
425.66	5562.3	
425.87	5173.9	
426.07	7182.2	
426.27	7102.4	
426.47	5376.6	
426.67	4696.7	
426.88	7598.6	
427.08	7049.1	
427.28	5587.5	
427.48	4668.7	
427.69	5988.3	
427.89	6569.9	
428.09	5571.2	
428.29	4728.1	
428.5	7320.8	
428.7	6852.5	
428.9	4627	
429.1	5112.4	
429.3	6691.4	
429.51	7180.9	
429.71	4933.6	
429.91	5800.5	
430.11	6965.1	
430.31	7191.1	
430.52	5261.2	
430.72	5555.5	
430.92	7626	
431.12	7057.3	
431.32	4937	
431.53	5384.8	
431.73	5891.3	
431.93	7722.2	
432.13	4845.5	
432.33	4756.1	
432.54	6425.2	
432.74	6856.6	
432.94	4660.5	
433.14	5699.5	
433.34	6996.5	
433.55	6456.6	
433.75	5705	
433.95	7478.5	
434.15	6787.7	
434.35	6361	
434.56	4852.3	
434.76	4367.6	
434.96	6693.4	
435.16	7008.8	
435.36	4699.4	
435.56	5881.1	
435.77	6370.5	
435.97	6576	
436.17	6588.3	
436.37	5749.3	
436.57	6356.2	
436.78	6178.7	
436.98	7696.3	
437.18	6420.4	
437.38	7085.3	
437.58	6539.8	
437.78	6594.5	
437.99	5206.6	
438.19	7034.1	
438.39	8526.4	
438.59	5119.2	
438.79	4629.1	
438.99	7787.1	
439.2	6656.6	
439.4	4786.1	
439.6	4747.9	
439.8	6939.9	
440	8024.6	
440.2	5807.4	
440.4	5952.1	
440.61	7326.3	
440.81	7884	
441.01	4909.7	
441.21	5843.5	
441.41	7661.5	
441.61	7329.7	
441.81	6205.3	
442.02	7233.4	
442.22	8288.8	
442.42	7378.1	
442.62	5027.1	
442.82	5143.8	
443.02	7657.4	
443.22	6826.6	
443.43	5497.4	
443.63	5042.1	
443.83	6598.6	
444.03	6693.4	
444.23	6320.7	
444.43	5868.1	
444.63	6927.6	
444.83	8330.5	
445.04	5122	
445.24	6475	
445.44	7297.6	
445.64	7392.5	
445.84	5933.6	
446.04	5945.3	
446.24	6664.8	
446.44	7838.3	
446.65	5153.4	
446.85	5569.1	
447.05	6855.2	
447.25	7705.8	
447.45	5659.2	
447.65	5004.6	
447.85	7073.7	
448.05	6698.2	
448.25	6165.8	
448.46	5894.7	
448.66	7137.2	
448.86	6718.7	
449.06	4898.1	
449.26	6122.7	
449.46	7394.5	
449.66	6430.6	
449.86	5593.7	
450.06	5553.4	
450.26	6683.2	
450.47	7262.8	
450.67	5859.2	
450.87	6221.7	
451.07	7277.1	
451.27	7176.8	
451.47	5154.7	
451.67	5687.2	
451.87	6771.9	
452.07	8001.4	
452.27	5335	
452.47	5410.1	
452.67	7091.4	
452.88	7694.2	
453.08	4798.4	
453.28	6769.2	
453.48	8325.7	
453.68	7109.2	
453.88	5294.7	
454.08	5622.4	
454.28	7517.4	
454.48	7137.2	
454.68	6146	
454.88	6675.7	
455.08	7494.9	
455.28	7309.2	
455.48	5165.7	
455.68	5833.3	
455.89	8174.1	
456.09	7770	
456.29	5533.6	
456.49	5584.8	
456.69	7958.4	
456.89	7177.4	
457.09	6143.9	
457.29	6448.4	
457.49	7503.1	
457.69	7782.3	
457.89	5982.1	
458.09	5369.1	
458.29	7348.8	
458.49	8021.9	
458.69	6358.9	
458.89	5752.7	
459.09	8327	
459.29	8393.9	
459.49	5881.1	
459.69	6683.9	
459.9	7864.9	
460.1	7380.2	
460.3	5799.2	
460.5	5565.7	
460.7	7760.4	
460.9	7488.1	
461.1	5270.1	
461.3	6628.6	
461.5	8445.8	
461.7	8075.8	
461.9	5683.8	
462.1	6154.8	
462.3	7528.3	
462.5	8119.5	
462.7	5768.4	
462.9	5855.8	
463.1	9224.1	
463.3	8854.1	
463.5	6079.7	
463.7	7057.3	
463.9	7724.3	
464.1	8165.3	
464.3	6162.3	
464.5	6428.6	
464.7	8425.3	
464.9	8028	
465.1	7868.3	
465.3	6826.6	
465.5	8740	
465.7	8768	
465.9	7073	
466.1	6935.1	
466.3	8531.8	
466.5	8368	
466.7	7821.2	
466.9	6649.1	
467.1	8340.7	
467.3	9334	
467.5	7726.3	
467.7	6579.4	
467.9	9527.8	
468.1	10487	
468.3	7439.6	
468.5	7821.2	
468.7	8225.3	
468.9	8290.2	
469.1	6886	
469.3	7612.3	
469.5	10383	
469.7	7799.3	
469.9	7326.9	
470.1	6623.8	
470.3	8329.8	
470.5	8284.7	
470.7	7906.5	
470.9	6663.4	
471.1	8117.5	
471.3	8585.1	
471.5	6496.8	
471.69	8557.1	
471.89	7946.1	
472.09	7424.6	
472.29	7452.6	
472.49	7709.9	
472.69	7767.3	
472.89	8576.2	
473.09	6407.4	
473.29	6643.6	
473.49	7959.8	
473.69	8082.6	
473.89	7623.2	
474.09	6755.6	
474.29	9425.4	
474.49	9028.1	
474.69	7628	
474.89	6961	
475.09	8171.4	
475.29	8045.1	
475.49	6336.4	
475.69	6569.9	
475.88	9746.3	
476.08	8327.7	
476.28	6283.9	
476.48	6777.4	
476.68	8988.5	
476.88	8801.5	
477.08	6485.9	
477.28	6970.6	
477.48	8314.8	
477.68	8994	
477.88	6438.8	
478.08	6807.4	
478.28	9226.1	
478.48	8324.3	
478.67	6860.7	
478.87	6262	
479.07	9109.4	
479.27	8533.9	
479.47	7140.6	
479.67	7042.3	
479.87	8882.7	
480.07	9435.7	
480.27	6305	
480.47	7910.6	
480.67	8577.6	
480.87	9226.1	
481.06	6606.1	
481.26	7384.3	
481.46	8518.2	
481.66	8484.1	
481.86	7066.9	
482.06	8145.5	
482.26	8174.1	
482.46	9245.9	
482.66	7140.6	
482.86	6652.5	
483.05	8685.4	
483.25	7970.7	
483.45	9593.4	
483.65	7093.5	
483.85	8127.7	
484.05	8585.1	
484.25	7603.4	
484.45	7986.4	
484.65	9465.7	
484.84	9518.3	
485.04	7017	
485.24	7066.9	
485.44	9813.9	
485.64	7988.4	
485.84	6291.4	
486.04	7804.8	
486.24	8438.3	
486.44	8772.1	
486.63	6313.2	
486.83	7176.8	
487.03	8327	
487.23	8522.3	
487.43	6437.4	
487.63	8955.8	
487.83	8570.7	
488.02	9624.1	
488.22	7418.4	
488.42	8097	
488.62	9524.4	
488.82	8340.7	
489.02	7106.5	
489.22	7220.5	
489.41	9370.1	
489.61	9071.8	
489.81	6907.8	
490.01	6837.5	
490.21	9275.9	
490.41	9961.3	
490.61	6755.6	
490.8	6883.2	
491	8788.5	
491.2	8067.6	
491.4	7556.3	
491.6	6679.8	
491.8	8783.1	
491.99	8989.2	
492.19	6603.3	
492.39	7066.9	
492.59	9417.9	
492.79	9561.3	
492.99	8021.2	
493.18	6996.5	
493.38	9613.8	
493.58	10453	
493.78	7759.8	
493.98	7342.7	
494.18	9383.1	
494.37	8711.4	
494.57	8096.3	
494.77	7915.4	
494.97	9636.4	
495.17	9906.7	
495.37	7458	
495.56	7730.4	
495.76	10064	
495.96	9611.8	
496.16	8753.7	
496.36	7580.2	
496.55	9728.5	
496.75	9274.6	
496.95	8030.8	
497.15	7834.8	
497.35	9796.1	
497.54	9800.9	
497.74	7684.7	
497.94	9549.7	
498.14	10573	
498.34	10380	
498.53	7447.1	
498.73	8335.9	
498.93	9242.5	
499.13	9848.7	
499.33	8002.8	
499.52	8667	
499.72	9810.5	
499.92	10115	
500.12	7788.4	
500.32	7959.1	
500.51	10083	
500.71	9920.4	
500.91	8921	
501.11	8410.3	
501.31	10035	
501.5	10494	
501.7	9106.6	
501.9	8053.3	
502.1	9896.5	
502.29	10118	
502.49	8534.6	
502.69	9065	
502.89	10109	
503.09	10058	
503.28	7490.8	
503.48	7711.3	
503.68	9156.5	
503.88	9308	
504.07	8784.4	
504.27	8158.4	
504.47	9654.1	
504.67	9770.2	
504.86	8554.4	
505.06	8297	
505.26	9288.2	
505.46	11146	
505.65	8101.1	
505.85	8350.3	
506.05	9192.6	
506.25	9742.2	
506.44	7417.7	
506.64	8351.6	
506.84	9214.5	
507.04	10152	
507.23	7715.4	
507.43	8282	
507.63	11260	
507.83	9488.2	
508.02	8357.8	
508.22	7873.1	
508.42	11447	
508.62	9181	
508.81	8154.3	
509.01	8830.8	
509.21	9104.6	
509.4	9428.2	
509.6	8414.4	
509.8	7810.3	
510	9463	
510.19	10948	
510.39	7778.9	
510.59	7783	
510.79	9217.9	
510.98	10657	
511.18	7828.7	
511.38	7990.5	
511.57	10058	
511.77	9908.1	
511.97	8654	
512.17	7634.8	
512.36	10031	
512.56	9990	
512.76	7861.5	
512.95	7519.5	
513.15	10162	
513.35	8813.1	
513.55	8776.9	
513.74	7905.8	
513.94	10120	
514.14	9565.4	
514.33	8850.6	
514.53	8640.4	
514.73	9519.6	
514.92	9725.1	
515.12	8017.8	
515.32	7902.4	
515.51	9785.2	
515.71	10436	
515.91	9769.5	
516.11	7992.5	
516.3	11723	
516.5	9447.3	
516.7	8488.8	
516.89	9101.9	
517.09	9630.2	
517.29	9534.7	
517.48	8928.5	
517.68	8209.6	
517.88	9276.6	
518.07	10002	
518.27	8770.8	
518.47	7759.8	
518.66	10598	
518.86	9196.1	
519.06	7656	
519.25	8224.6	
519.45	9510.8	
519.65	11131	
519.84	8695	
520.04	9540.8	
520.24	11459	
520.43	10109	
520.63	8456.1	
520.83	8148.2	
521.02	9344.9	
521.22	10031	
521.42	8852.7	
521.61	9363.3	
521.81	9702.6	
522.01	9912.2	
522.2	8747.6	
522.4	8434.2	
522.6	10479	
522.79	9281.4	
522.99	8641.1	
523.18	7932.5	
523.38	10276	
523.58	10286	
523.77	9987.3	
523.97	7955	
524.17	12261	
524.36	11305	
524.56	9381.7	
524.76	9112.1	
524.95	10469	
525.15	9916.3	
525.34	8848.6	
525.54	8883.4	
525.74	10656	
525.93	9719.7	
526.13	10025	
526.33	8912.8	
526.52	11086	
526.72	10604	
526.91	10195	
527.11	9506	
527.31	11248	
527.5	11604	
527.7	9312.1	
527.89	8413.7	
528.09	10113	
528.29	10667	
528.48	9878.7	
528.68	9443.2	
528.87	11032	
529.07	11123	
529.27	9364.7	
529.46	8708.6	
529.66	10666	
529.85	10974	
530.05	8567.3	
530.25	9466.4	
530.44	12160	
530.64	10654	
530.83	9159.9	
531.03	9437.7	
531.23	11187	
531.42	11115	
531.62	10355	
531.81	9461.6	
532.01	11505	
532.21	12017	
532.4	9237	
532.6	9682.1	
532.79	12338	
532.99	11525	
533.18	9634.3	
533.38	10841	
533.58	11004	
533.77	11944	
533.97	9645.9	
534.16	10506	
534.36	12114	
534.55	11145	
534.75	10686	
534.95	9691.7	
535.14	11922	
535.34	11093	
535.53	9303.2	
535.73	11508	
535.92	12383	
536.12	11219	
536.31	9438.4	
536.51	10818	
536.71	11555	
536.9	11177	
537.1	9621.4	
537.29	9929.9	
537.49	12108	
537.68	11055	
537.88	10333	
538.07	9466.4	
538.27	11351	
538.46	12494	
538.66	9438.4	
538.86	9867.1	
539.05	11434	
539.25	11792	
539.44	10029	
539.64	9630.9	
539.83	11152	
540.03	12344	
540.22	9500.5	
540.42	9691	
540.61	11454	
540.81	11665	
541	10165	
541.2	10873	
541.39	10976	
541.59	11471	
541.78	10470	
541.98	9437.7	
542.18	10601	
542.37	10606	
542.57	9841.9	
542.76	10410	
542.96	10616	
543.15	11451	
543.35	9887.6	
543.54	9159.9	
543.74	11586	
543.93	11230	
544.13	9811.1	
544.32	10902	
544.52	11600	
544.71	10806	
544.91	8890.2	
545.1	10155	
545.3	10794	
545.49	11572	
545.69	8966	
545.88	9409.7	
546.08	12564	
546.27	12157	
546.47	10041	
546.66	9206.3	
546.86	11784	
547.05	12432	
547.24	9564	
547.44	9465.7	
547.63	10604	
547.83	11985	
548.02	9779.7	
548.22	9962.7	
548.41	10503	
548.61	11845	
548.8	9357.9	
549	9288.9	
549.19	11023	
549.39	11445	
549.58	8913.4	
549.78	9550.4	
549.97	11544	
550.17	10979	
550.36	10513	
550.55	11552	
550.75	10903	
550.94	11924	
551.14	9297.8	
551.33	9672.6	
551.53	10380	
551.72	11413	
551.92	9712.8	
552.11	9429.5	
552.31	11436	
552.5	11458	
552.69	11118	
552.89	9034.3	
553.08	11305	
553.28	11049	
553.47	9501.9	
553.67	10652	
553.86	12079	
554.06	10340	
554.25	8585.1	
554.44	9210.4	
554.64	12821	
554.83	12394	
555.03	9161.9	
555.22	9500.5	
555.42	11572	
555.61	11275	
555.8	9527.2	
556	9682.8	
556.19	10419	
556.39	11737	
556.58	9455.5	
556.78	9422.7	
556.97	11247	
557.16	10937	
557.36	10758	
557.55	9080	
557.75	10118	
557.94	12001	
558.13	9127.8	
558.33	8937.3	
558.52	11780	
558.72	10621	
558.91	9060.2	
559.1	9286.2	
559.3	10249	
559.49	9934.7	
559.69	8531.2	
559.88	9647.3	
560.07	11211	
560.27	11572	
560.46	9835.7	
560.66	9983.8	
560.85	10919	
561.04	10055	
561.24	9013.1	
561.43	9207.7	
561.63	10346	
561.82	10649	
562.01	10643	
562.21	9639.1	
562.4	11183	
562.59	12316	
562.79	9475.3	
562.98	9271.2	
563.18	11050	
563.37	12631	
563.56	10014	
563.76	9030.9	
563.95	10482	
564.14	10556	
564.34	9508.7	
564.53	9290.3	
564.73	11186	
564.92	11593	
565.11	9633.6	
565.31	9112.1	
565.5	11795	
565.69	10699	
565.89	9365.4	
566.08	9525.1	
566.27	11638	
566.47	12005	
566.66	10300	
566.85	8817.2	
567.05	11230	
567.24	10578	
567.44	9238.4	
567.63	10690	
567.82	11485	
568.02	11153	
568.21	9242.5	
568.4	9652.1	
568.6	11152	
568.79	11051	
568.98	9090.9	
569.18	9370.8	
569.37	11075	
569.56	13096	
569.76	9629.5	
569.95	10695	
570.14	11445	
570.34	11331	
570.53	9031.5	
570.72	9153.1	
570.91	11873	
571.11	10929	
571.3	9514.9	
571.49	10559	
571.69	11048	
571.88	10645	
572.07	10256	
572.27	10119	
572.46	10635	
572.65	11728	
572.85	9379.7	
573.04	9757.9	
573.23	12043	
573.43	11226	
573.62	9229.5	
573.81	9955.9	
574	11366	
574.2	11082	
574.39	9613.8	
574.58	9874.6	
574.78	12211	
574.97	11512	
575.16	10264	
575.36	10376	
575.55	11829	
575.74	12002	
575.93	9280.7	
576.13	10477	
576.32	11199	
576.51	11863	
576.71	9695.1	
576.9	11183	
577.09	12168	
577.28	11755	
577.48	10324	
577.67	9276.6	
577.86	11472	
578.05	11743	
578.25	10087	
578.44	10120	
578.63	11585	
578.83	12743	
579.02	9271.2	
579.21	10959	
579.4	11694	
579.6	11318	
579.79	10183	
579.98	12443	
580.17	12141	
580.37	12246	
580.56	9631.6	
580.75	10473	
580.94	12940	
581.14	12502	
581.33	11077	
581.52	9809.8	
581.71	12175	
581.91	12921	
582.1	9617.9	
582.29	10266	
582.48	11750	
582.68	11716	
582.87	10729	
583.06	10264	
583.25	12125	
583.45	11918	
583.64	11063	
583.83	11878	
584.02	11617	
584.21	12039	
584.41	11088	
584.6	10257	
584.79	11697	
584.98	12631	
585.18	9771.5	
585.37	9712.8	
585.56	11237	
585.75	12180	
585.94	9899.2	
586.14	10746	
586.33	12710	
586.52	11803	
586.71	10403	
586.91	10079	
587.1	10941	
587.29	12093	
587.48	9944.9	
587.67	9809.1	
587.87	11938	
588.06	11967	
588.25	11211	
588.44	10391	
588.63	11361	
588.83	11848	
589.02	9531.2	
589.21	9394.7	
589.4	10922	
589.59	10696	
589.78	8458.1	
589.98	8735.3	
590.17	10178	
590.36	10842	
590.55	8120.9	
590.74	8954.4	
590.94	12282	
591.13	10845	
591.32	8753	
591.51	8513.4	
591.7	11379	
591.89	10769	
592.09	8647.9	
592.28	9150.3	
592.47	10030	
592.66	11993	
592.85	8568.7	
593.05	8908	
593.24	10566	
593.43	11336	
593.62	8903.2	
593.81	9396.8	
594	10778	
594.19	10970	
594.39	8833.6	
594.58	8745.5	
594.77	10960	
594.96	11585	
595.15	8665.6	
595.34	9303.2	
595.54	11119	
595.73	10129	
595.92	8030.8	
596.11	9332.6	
596.3	11594	
596.49	10296	
596.68	9024.7	
596.88	9602.2	
597.07	11339	
597.26	10186	
597.45	8613.1	
597.64	9939.5	
597.83	10467	
598.02	11170	
598.22	8692.3	
598.41	9434.3	
598.6	10789	
598.79	10258	
598.98	8752.3	
599.17	9770.9	
599.36	10826	
599.55	12172	
599.74	10989	
599.94	10761	
600.13	11523	
600.32	10331	
600.51	8584.4	
600.7	8781.7	
600.89	12170	
601.08	12336	
601.27	8569.4	
601.47	9650	
601.66	11452	
601.85	12234	
602.04	9181.7	
602.23	9298.5	
602.42	10564	
602.61	11170	
602.8	9270.5	
602.99	8923	
603.18	10906	
603.37	11164	
603.57	9669.1	
603.76	10270	
603.95	11957	
604.14	11483	
604.33	9133.9	
604.52	9410.4	
604.71	11066	
604.9	10775	
605.09	10013	
605.28	9966.8	
605.47	11699	
605.66	11434	
605.86	9721	
606.05	9149.6	
606.24	11716	
606.43	10220	
606.62	9404.3	
606.81	10239	
607	11583	
607.19	10967	
607.38	8891.6	
607.57	9110.7	
607.76	10634	
607.95	10118	
608.14	9554.5	
608.33	10180	
608.52	10674	
608.72	11617	
608.91	8700.5	
609.1	8653.4	
609.29	10784	
609.48	10290	
609.67	9738.8	
609.86	8721.6	
610.05	10320	
610.24	10720	
610.43	8573.5	
610.62	8191.9	
610.81	11858	
611	11626	
611.19	8738.7	
611.38	9451.4	
611.57	11036	
611.76	12538	
611.95	8574.8	
612.14	8354.3	
612.33	10744	
612.52	10194	
612.71	9134.6	
612.9	8321.6	
613.09	9918.3	
613.28	12387	
613.47	8729.8	
613.66	9863	
613.85	10838	
614.04	10464	
614.24	8985.8	
614.43	8200.1	
614.62	11033	
614.81	11002	
615	9607.7	
615.19	9622.7	
615.38	10215	
615.57	10773	
615.76	9339.4	
615.95	10407	
616.14	11113	
616.33	10742	
616.52	9690.3	
616.71	10129	
616.9	11172	
617.09	11098	
617.28	9084.8	
617.47	10525	
617.66	10269	
617.85	10376	
618.04	10247	
618.22	9574.3	
618.41	10682	
618.6	11795	
618.79	9493	
618.98	9288.2	
619.17	12070	
619.36	10389	
619.55	9445.9	
619.74	9508	
619.93	11353	
620.12	10738	
620.31	10090	
620.5	10329	
620.69	11902	
620.88	12463	
621.07	11069	
621.26	10017	
621.45	11664	
621.64	11599	
621.83	10131	
622.02	9323	
622.21	11691	
622.4	11398	
622.59	10809	
622.78	10487	
622.97	10980	
623.16	12034	
623.35	10090	
623.54	9269.8	
623.72	11273	
623.91	11364	
624.1	10505	
624.29	9041.8	
624.48	12550	
624.67	11676	
624.86	10198	
625.05	9287.5	
625.24	12559	
625.43	10960	
625.62	12215	
625.81	9559.9	
626	12046	
626.19	11271	
626.38	10316	
626.56	9593.4	
626.75	11053	
626.94	11777	
627.13	10252	
627.32	8889.5	
627.51	11630	
627.7	13084	
627.89	9081.4	
628.08	10324	
628.27	10798	
628.46	11073	
628.65	9368.1	
628.83	9155.8	
629.02	11589	
629.21	11022	
629.4	9910.8	
629.59	10148	
629.78	11054	
629.97	11945	
630.16	10271	
630.35	9755.8	
630.54	12400	
630.72	12101	
630.91	9596.1	
631.1	10239	
631.29	11578	
631.48	11765	
631.67	10391	
631.86	9710.8	
632.05	11239	
632.24	11270	
632.42	9447.3	
632.61	10051	
632.8	11345	
632.99	10993	
633.18	10058	
633.37	10456	
633.56	11592	
633.75	11447	
633.93	10124	
634.12	9785.9	
634.31	12493	
634.5	12191	
634.69	9839.8	
634.88	10306	
635.07	11395	
635.25	12062	
635.44	10761	
635.63	11112	
635.82	11260	
636.01	10832	
636.2	10676	
636.39	10314	
636.57	12456	
636.76	12106	
636.95	9638.4	
637.14	11172	
637.33	11839	
637.52	12836	
637.7	9454.8	
637.89	10350	
638.08	11303	
638.27	12865	
638.46	10511	
638.65	10898	
638.83	12812	
639.02	11095	
639.21	10213	
639.4	10765	
639.59	11601	
639.78	11133	
639.96	9527.2	
640.15	9529.2	
640.34	11378	
640.53	11643	
640.72	9323.7	
640.91	9585.9	
641.09	10747	
641.28	12226	
641.47	9603.6	
641.66	10535	
641.85	11557	
642.03	11759	
642.22	10238	
642.41	9594.1	
642.6	10869	
642.79	10206	
642.97	9351.7	
643.16	10187	
643.35	10874	
643.54	10578	
643.73	9247.3	
643.91	10045	
644.1	10331	
644.29	10947	
644.48	9106.6	
644.67	9294.4	
644.85	10393	
645.04	10583	
645.23	8611.7	
645.42	8898.4	
645.6	10060	
645.79	11330	
645.98	8831.5	
646.17	7829.4	
646.36	9732.6	
646.54	10415	
646.73	9563.3	
646.92	8252.6	
647.11	9821.4	
647.29	10993	
647.48	8484.7	
647.67	8089.5	
647.86	11284	
648.05	11370	
648.23	8794.7	
648.42	10060	
648.61	10647	
648.8	10419	
648.98	8456.7	
649.17	8754.4	
649.36	10079	
649.55	9575.6	
649.73	8467.7	
649.92	9236.3	
650.11	9827.5	
650.3	10284	
650.48	8619.2	
650.67	8333.9	
650.86	10516	
651.05	9396.8	
651.23	8538	
651.42	8586.5	
651.61	9998.9	
651.79	10071	
651.98	8747.6	
652.17	8441	
652.36	10349	
652.54	9480.7	
652.73	8322.9	
652.92	8140	
653.11	10396	
653.29	10403	
653.48	7565.9	
653.67	8613.1	
653.85	10079	
654.04	11065	
654.23	8592.6	
654.42	8099.7	
654.6	9254.1	
654.79	10029	
654.98	7508.5	
655.16	8117.5	
655.35	8969.4	
655.54	8905.9	
655.73	7770.7	
655.91	7681.9	
656.1	10307	
656.29	9100.5	
656.47	7388.4	
656.66	9142.1	
656.85	9539.4	
657.03	9501.9	
657.22	7987.8	
657.41	8088.1	
657.59	9587.2	
657.78	9366	
657.97	7765.2	
658.16	8489.5	
658.34	10266	
658.53	10656	
658.72	9404.3	
658.9	9962.7	
659.09	9663	
659.28	9790	
659.46	8170.7	
659.65	8158.4	
659.84	9523.1	
660.02	10008	
660.21	8093.6	
660.4	7999.4	
660.58	10461	
660.77	9792.7	
660.96	8552.3	
661.14	7585	
661.33	10986	
661.52	10836	
661.7	7560.4	
661.89	11430	
662.08	9292.3	
662.26	8967.4	
662.45	7818.5	
662.64	7950.9	
662.82	10058	
663.01	9325.8	
663.2	8021.9	
663.38	8865.7	
663.57	10052	
663.75	9923.8	
663.94	8454.7	
664.13	9533.3	
664.31	9325.8	
664.5	10086	
664.69	8540	
664.87	9232.2	
665.06	9093	
665.25	9877.4	
665.43	9342.2	
665.62	9427.5	
665.8	10242	
665.99	9532.6	
666.18	8334.6	
666.36	8354.3	
666.55	10221	
666.74	10070	
666.92	7972.7	
667.11	9568.1	
667.29	9546.3	
667.48	10146	
667.67	9252	
667.85	8389.2	
668.04	9622.7	
668.22	9525.8	
668.41	8356.4	
668.6	8515.5	
668.78	9396.8	
668.97	9591.3	
669.15	8795.3	
669.34	7613.7	
669.53	9310.1	
669.71	9748.3	
669.9	7828	
670.08	8530.5	
670.27	9323	
670.46	9916.9	
670.64	8758.5	
670.83	9010.4	
671.01	9127.1	
671.2	9923.8	
671.38	7899	
671.57	7854.6	
671.76	10529	
671.94	11188	
672.13	7845.1	
672.31	8860.9	
672.5	10134	
672.69	9413.1	
672.87	7946.8	
673.06	8404.9	
673.24	9845.3	
673.43	9348.3	
673.61	8609	
673.8	8116.1	
673.98	10113	
674.17	10170	
674.36	8889.5	
674.54	8624.7	
674.73	9799.5	
674.91	10106	
675.1	8428.8	
675.28	7991.2	
675.47	9654.8	
675.65	10301	
675.84	8279.9	
676.03	8663.6	
676.21	9379	
676.4	8824	
676.58	9183.8	
676.77	8877.3	
676.95	10931	
677.14	9354.4	
677.32	7969.3	
677.51	7761.8	
677.69	10198	
677.88	9037	
678.06	7762.5	
678.25	7978.2	
678.44	9748.3	
678.62	9336	
678.81	7593.2	
678.99	8703.2	
679.18	10550	
679.36	10080	
679.55	8232.2	
679.73	9015.8	
679.92	10045	
680.1	9410.4	
680.29	9511.4	
680.47	8288.8	
680.66	9279.3	
680.84	10215	
681.03	7606.8	
681.21	8769.4	
681.4	9429.5	
681.58	9176.9	
681.77	8039.6	
681.95	7933.8	
682.14	10232	
682.32	10628	
682.51	8902.5	
682.69	7690.1	
682.88	9291.6	
683.06	9934.7	
683.25	8637.6	
683.43	9043.1	
683.62	9529.9	
683.8	9880.8	
683.99	9095	
684.17	8163.2	
684.36	10524	
684.54	9022.7	
684.73	7012.9	
684.91	7201.3	
685.1	9160.6	
685.28	8470.4	
685.46	7671	
685.65	7830.7	
685.83	9584.5	
686.02	8891.6	
686.2	7422.5	
686.39	7584.3	
686.57	8873.8	
686.76	10234	
686.94	7438.2	
687.13	7694.9	
687.31	9546.9	
687.5	9073.2	
687.68	7146.7	
687.86	8426.7	
688.05	10815	
688.23	8523	
688.42	8509.3	
688.6	7774.1	
688.79	8991.3	
688.97	9092.3	
689.16	8202.1	
689.34	7033.4	
689.52	9883.5	
689.71	10045	
689.89	8482.7	
690.08	7680.6	
690.26	9223.4	
690.45	9134.6	
690.63	8490.2	
690.81	7828.7	
691	8845.2	
691.18	8854.7	
691.37	7803.4	
691.55	10131	
691.74	8734.6	
691.92	10891	
692.1	7920.9	
692.29	7220.5	
692.47	8998.8	
692.66	8386.4	
692.84	7592.5	
693.02	8276.5	
693.21	8592.6	
693.39	9145.5	
693.58	8381.7	
693.76	7770	
693.94	10507	
694.13	10411	
694.31	7962.5	
694.5	9020.6	
694.68	9203.6	
694.86	9568.1	
695.05	8355	
695.23	8454	
695.42	9938.1	
695.6	12330	
695.78	8871.8	
695.97	7791.8	
696.15	9935.4	
696.34	9230.9	
696.52	7586.4	
696.7	8413.1	
696.89	9448.6	
697.07	8907.3	
697.25	8312	
697.44	9947	
697.62	9358.5	
697.81	9810.5	
697.99	7955	
698.17	8463.6	
698.36	8647.2	
698.54	9409.1	
698.72	8409.6	
698.91	7287.4	
699.09	8976.2	
699.28	8942.1	
699.46	8054.7	
699.64	7871	
699.83	8792.6	
700.01	10200	
700.19	8763.3	
700.38	7097.6	
700.56	10219	
700.74	9117.6	
700.93	7681.9	
701.11	8449.2	
701.29	9608.4	
701.48	10778	
701.66	7801.4	
701.84	7968	
702.03	9272.5	
702.21	9914.9	
702.39	7490.8	
702.58	8133.2	
702.76	9573.6	
702.94	9671.9	
703.13	7439.6	
703.31	9989.3	
703.49	8832.9	
703.68	10288	
703.86	7567.9	
704.04	8723	
704.23	9475.3	
704.41	9829.6	
704.59	7801.4	
704.78	9054.1	
704.96	10651	
705.14	9925.8	
705.33	7628.7	
705.51	8586.5	
705.69	9435.7	
705.87	10191	
706.06	8760.5	
706.24	7530.4	
706.42	9679.4	
706.61	10002	
706.79	8819.9	
706.97	7631.4	
707.16	9039.1	
707.34	9777	
707.52	8794.7	
707.7	7883.3	
707.89	9245.2	
708.07	8956.4	
708.25	8700.5	
708.44	8929.1	
708.62	9206.3	
708.8	10362	
708.98	9093	
709.17	7889.5	
709.35	9611.8	
709.53	9563.3	
709.72	7562.5	
709.9	7757.7	
710.08	9824.8	
710.26	9882.1	
710.45	9309.4	
710.63	7908.6	
710.81	9478	
710.99	9479.4	
711.18	8550.3	
711.36	7904.5	
711.54	9183.8	
711.72	9900.6	
711.91	7907.2	
712.09	7293.5	
712.27	9181.7	
712.45	10122	
712.64	8105.9	
712.82	6918.7	
713	8444.5	
713.18	8574.2	
713.37	6907.1	
713.55	8006.2	
713.73	9093	
713.91	7499	
714.1	6827.9	
714.28	6253.8	
714.46	8430.8	
714.64	7617.8	
714.83	5620.3	
715.01	6494.1	
715.19	7683.3	
715.37	6970.6	
715.55	6041.5	
715.74	6404	
715.92	8552.3	
716.1	6471.6	
716.28	7606.8	
716.47	6624.5	
716.65	7221.1	
716.83	7308.5	
717.01	6254.5	
717.19	6493.4	
717.38	9622	
717.56	7164.5	
717.74	6903.7	
717.92	6078.4	
718.1	8605.6	
718.29	7833.5	
718.47	5799.8	
718.65	6597.2	
718.83	8648.6	
719.01	8599.4	
719.2	5741.8	
719.38	6850.5	
719.56	8195.3	
719.74	9792	
719.92	6280.4	
720.11	7396.6	
720.29	8071.7	
720.47	7049.1	
720.65	5638.1	
720.83	6444.3	
721.02	7383.6	
721.2	7088	
721.38	6590.4	
721.56	5773.9	
721.74	6552.1	
721.92	6796.5	
722.11	7113.3	
722.29	6777.4	
722.47	8169.3	
722.65	7337.9	
722.83	5793.7	
723.01	6849.8	
723.2	7374.7	
723.38	7638.9	
723.56	5199.8	
723.74	6453.1	
723.92	6868.9	
724.1	8044.4	
724.29	5747.3	
724.47	6972.7	
724.65	6909.2	
724.83	6812.9	
725.01	5681.7	
725.19	6690.7	
725.37	6946	
725.56	7035.5	
725.74	5406	
725.92	5778.7	
726.1	6795.2	
726.28	7167.9	
726.46	6225.8	
726.64	5840.1	
726.83	7105.8	
727.01	7409.6	
727.19	5460.6	
727.37	6412.2	
727.55	7258	
727.73	7815	
727.91	5551.4	
728.09	5377.3	
728.28	7960.5	
728.46	8630.1	
728.64	6645	
728.82	6627.9	
729	9290.3	
729.18	8480	
729.36	5881.8	
729.54	8259.5	
729.72	9649.3	
729.91	7811	
730.09	8043.7	
730.27	6744	
730.45	7753.6	
730.63	8524.3	
730.81	7399.3	
730.99	6399.2	
731.17	9040.4	
731.35	7514	
731.53	6956.9	
731.71	6533.7	
731.9	8627.4	
732.08	8871.8	
732.26	6734.4	
732.44	6445.6	
732.62	8968.7	
732.8	8310	
732.98	7078.5	
733.16	6152.1	
733.34	8354.3	
733.52	7146	
733.7	6729.6	
733.88	7046.4	
734.07	8182.3	
734.25	8051.9	
734.43	6240.2	
734.61	7863.5	
734.79	9589.3	
734.97	7807.5	
735.15	6394.4	
735.33	6795.2	
735.51	8240.3	
735.69	7887.4	
735.87	7976.8	
736.05	6977.4	
736.23	8131.8	
736.41	7950.2	
736.59	6886.6	
736.77	6959	
736.95	8623.3	
737.13	8042.4	
737.32	6462.7	
737.5	6824.5	
737.68	9184.5	
737.86	7934.5	
738.04	6246.3	
738.22	8216.5	
738.4	7598	
738.58	7936.6	
738.76	6964.5	
738.94	5905.7	
739.12	7881.9	
739.3	7848.5	
739.48	7646.4	
739.66	7404.1	
739.84	8193.2	
740.02	8229.4	
740.2	6006.7	
740.38	6394.4	
740.56	8615.8	
740.74	7354.9	
740.92	7051.2	
741.1	7012.9	
741.28	7948.8	
741.46	7840.3	
741.64	6583.5	
741.82	7090.1	
742	8008.2	
742.18	8002.1	
742.36	6802.7	
742.54	6353.5	
742.72	8532.5	
742.9	7213.6	
743.08	7264.8	
743.26	5891.3	
743.44	8828.8	
743.62	8645.2	
743.8	7296.2	
743.98	6406	
744.16	8327.7	
744.34	7992.5	
744.52	7304.4	
744.7	7185	
744.88	8397.4	
745.06	7937.2	
745.24	7366.5	
745.42	7299	
745.6	8507.3	
745.78	8260.1	
745.96	5963.7	
746.14	6306.4	
746.32	9278.7	
746.5	8441.7	
746.68	7016.3	
746.86	6379.4	
747.03	8924.4	
747.21	7176.1	
747.39	6874.3	
747.57	6404.7	
747.75	8122.9	
747.93	8493.6	
748.11	6322.1	
748.29	6323.4	
748.47	9691	
748.65	7757.7	
748.83	7137.2	
749.01	6885.3	
749.19	8377.6	
749.37	7450.5	
749.55	6698.2	
749.73	6789.7	
749.91	7883.3	
750.09	7690.1	
750.26	6812.9	
750.44	6172.6	
750.62	8020.5	
750.8	7893.6	
750.98	6047.7	
751.16	6404	
751.34	8049.9	
751.52	7346.1	
751.7	7231.4	
751.88	6041.5	
752.06	8580.3	
752.24	8359.1	
752.42	6023.8	
752.59	6333	
752.77	7841	
752.95	9328.5	
753.13	7131.7	
753.31	6512.5	
753.49	7621.9	
753.67	8087.4	
753.85	6863.4	
754.03	6360.3	
754.21	8348.2	
754.38	8670.4	
754.56	6393.8	
754.74	5323.4	
754.92	7350.2	
755.1	8006.2	
755.28	5135.6	
755.46	4941.1	
755.64	8146.1	
755.82	8184.4	
755.99	4740.4	
756.17	4812	
756.35	5220.3	
756.53	6901	
756.71	3539.6	
756.89	4535.6	
757.07	6548	
757.25	5607.3	
757.42	5289.9	
757.6	6276.3	
757.78	6878.4	
757.96	5862.7	
758.14	5140.4	
758.32	4633.2	
758.5	5276.9	
758.67	6152.1	
758.85	4864.6	
759.03	4864.6	
759.21	6291.4	
759.39	5711.1	
759.57	4392.2	
759.75	5650.3	
759.92	7105.8	
760.1	6290	
760.28	6050.4	
760.46	6429.3	
760.64	6181.5	
760.82	5895.4	
760.99	6105.7	
761.17	5233.2	
761.35	7269.6	
761.53	6158.9	
761.71	5523.4	
761.89	6330.3	
762.06	7282.6	
762.24	6759	
762.42	5717.2	
762.6	5511.8	
762.78	6916.7	
762.96	7630.7	
763.13	6288.6	
763.31	5902.2	
763.49	7832.1	
763.67	6965.1	
763.85	6821.1	
764.02	7451.9	
764.2	8157.7	
764.38	7232.1	
764.56	5804.6	
764.74	6815.6	
764.91	8142	
765.09	7066.2	
765.27	5504.9	
765.45	5307	
765.63	8267	
765.8	8126.3	
765.98	4962.9	
766.16	5369.8	
766.34	6564.4	
766.52	6405.4	
766.69	6381.5	
766.87	5139	
767.05	7041.6	
767.23	7849.2	
767.41	5456.5	
767.58	5713.8	
767.76	7503.1	
767.94	7679.9	
768.12	5498.8	
768.29	6321.4	
768.47	7041.6	
768.65	7769.3	
768.83	5085.1	
769	6357.6	
769.18	6510.5	
769.36	7208.8	
769.54	6079.1	
769.72	5059.8	
769.89	7514	
770.07	7656	
770.25	5402.5	
770.43	6786.3	
770.6	8258.1	
770.78	8682.7	
770.96	5597.1	
771.14	6274.3	
771.31	7266.2	
771.49	6620.4	
771.67	4621.6	
771.85	4930.1	
772.02	5840.8	
772.2	6653.2	
772.38	5595.1	
772.55	5111	
772.73	6856.6	
772.91	6596.5	
773.09	5423	
773.26	5625.8	
773.44	6789.7	
773.62	6478.4	
773.8	4948.6	
773.97	4692.6	
774.15	6804	
774.33	6361.7	
774.5	4796.3	
774.68	5199.8	
774.86	7016.3	
775.04	6407.4	
775.21	4866	
775.39	4859.8	
775.57	6640.9	
775.74	7121.5	
775.92	4703.5	
776.1	4561.5	
776.27	6585.6	
776.45	7909.3	
776.63	4767	
776.81	4285	
776.98	6143.9	
777.16	7307.8	
777.34	4899.4	
777.51	5248.9	
777.69	6093.4	
777.87	5875.6	
778.04	4881.7	
778.22	5612.8	
778.4	5958.9	
778.57	6578.1	
778.75	4126.7	
778.93	4422.2	
779.1	5634.6	
779.28	5538.4	
779.46	4124.6	
779.64	4601.8	
779.81	6704.4	
779.99	7691.5	
780.17	5466.7	
780.34	5567.1	
780.52	6063.4	
780.69	6298.2	
780.87	4900.8	
781.05	4524	
781.22	6068.8	
781.4	6253.8	
781.58	4497.3	
781.75	3681.6	
781.93	6180.1	
782.11	5499.5	
782.28	5487.9	
782.46	4519.2	
782.64	5348.6	
782.81	6309.8	
782.99	4645.5	
783.17	4587.4	
783.34	6181.5	
783.52	5319.9	
783.69	4754.7	
783.87	5587.5	
784.05	5571.8	
784.22	5449.6	
784.4	5529.5	
784.58	4799.1	
784.75	6421.7	
784.93	5396.4	
785.1	4407.9	
785.28	5096	
785.46	6050.4	
785.63	5355.4	
785.81	4378.6	
785.99	4220.9	
786.16	5492.7	
786.34	5963	
786.51	4248.9	
786.69	4670.1	
786.87	5079	
787.04	5700.2	
787.22	3719.1	
787.39	5105.6	
787.57	5326.8	
787.75	6545.3	
787.92	5279.7	
788.1	5257.8	
788.27	5354.1	
788.45	5099.4	
788.63	4925.4	
788.8	3535.5	
788.98	5755.5	
789.15	5055.8	
789.33	3743	
789.5	4387.4	
789.68	6337.8	
789.86	6432	
790.03	4895.3	
790.21	4239.3	
790.38	6190.3	
790.56	5406.6	
790.73	4053.6	
790.91	4095.9	
791.09	5300.8	
791.26	6075	
791.44	4264.6	
791.61	3748.5	
791.79	5259.2	
791.96	5406.6	
792.14	3869.3	
792.32	3337.5	
792.49	5319.9	
792.67	5413.5	
792.84	3948.5	
793.02	3685.7	
793.19	5683.1	
793.37	6544.6	
793.54	3432.4	
793.72	3725.3	
793.89	6698.2	
794.07	5279	
794.25	4498.7	
794.42	3467.2	
794.6	6456.6	
794.77	6021	
794.95	4698	
795.12	4093.2	
795.3	5208.7	
795.47	5874.3	
795.65	4508.3	
795.82	4308.9	
796	5050.3	
796.17	7071.6	
796.35	4141.7	
796.52	4887.8	
796.7	5834.7	
796.87	5866.7	
797.05	5072.1	
797.22	5070.8	
797.4	5824.4	
797.57	6866.2	
797.75	4300.1	
797.92	4017.4	
798.1	6200.6	
798.27	5233.2	
798.45	3443.3	
798.62	3726.6	
798.8	5541.1	
798.97	6058.6	
799.15	4559.5	
799.32	4332.1	
799.5	4857.8	
799.67	5640.8	
799.85	4619.5	
800.02	3356.6	
800.2	5088.5	
800.37	5470.8	
800.55	4868.7	
800.72	4005.8	
800.9	6030.6	
801.07	6539.2	
801.25	5438	
801.42	4407.9	
801.6	6021	
801.77	5752.7	
801.95	3953.9	
802.12	3864.5	
802.29	5666.7	
802.47	5734.3	
802.64	4342.4	
802.82	3305.4	
802.99	5183.4	
803.17	6173.9	
803.34	4254.3	
803.52	3867.9	
803.69	6855.9	
803.87	4934.9	
804.04	4211.3	
804.21	4347.2	
804.39	6298.2	
804.56	5384.8	
804.74	3622.9	
804.91	4435.2	
805.09	5195	
805.26	5229.8	
805.44	3670.6	
805.61	4037.2	
805.78	5846.3	
805.96	5865.4	
806.13	4395.6	
806.31	4669.4	
806.48	4706.2	
806.66	5264.6	
806.83	4337.6	
807	4302.1	
807.18	5165.7	
807.35	5573.9	
807.53	4180.6	
807.7	3400.3	
807.87	6468.2	
808.05	5238.7	
808.22	4655	
808.4	3377.8	
808.57	5184.1	
808.74	4810	
808.92	3848.1	
809.09	4891.2	
809.27	5031.9	
809.44	5738.4	
809.61	3411.2	
809.79	3816.7	
809.96	6315.3	
810.14	5909.1	
810.31	3287.7	
810.48	4066.6	
810.66	5274.2	
810.83	6057.2	
811.01	3881.6	
811.18	4734.2	
811.35	5946.6	
811.53	4656.4	
811.7	4726	
811.87	4435.2	
812.05	5190.2	
812.22	5086.5	
812.39	3743	
812.57	3697.9	
812.74	5136.3	
812.92	6990.4	
813.09	4120.5	
813.26	4450.9	
813.44	6664.8	
813.61	5063.3	
813.78	3413.3	
813.96	4533.5	
814.13	5208.7	
814.3	4816.1	
814.48	4977.9	
814.65	4066.6	
814.82	6483.9	
815	4917.2	
815.17	4222.2	
815.34	5210	
815.52	5085.8	
815.69	5109.7	
815.87	4249.5	
816.04	3560.1	
816.21	5203.2	
816.38	4578.6	
816.56	4007.2	
816.73	3827	
816.9	6532.3	
817.08	6037.4	
817.25	3790.8	
817.42	4831.2	
817.6	4702.8	
817.77	5216.9	
817.94	4261.1	
818.12	3766.2	
818.29	4966.3	
818.46	7837.6	
818.64	3897.3	
818.81	3636.5	
818.98	4806.6	
819.16	7116.7	
819.33	4526.7	
819.5	4233.2	
819.67	5543.9	
819.85	6246.3	
820.02	4106.9	
820.19	4431.8	
820.37	5415.5	
820.54	4994.3	
820.71	4192.9	
820.88	5347.2	
821.06	5412.8	
821.23	4999.1	
821.4	4300.1	
821.58	4229.1	
821.75	5969.8	
821.92	5315.8	
822.09	3403	
822.27	3508.9	
822.44	5181.4	
822.61	5102.2	
822.79	3452.2	
822.96	6646.3	
823.13	5727.5	
823.3	4954	
823.48	4035.9	
823.65	3641.3	
823.82	5886.5	
823.99	4668.7	
824.17	5062.6	
824.34	3648.1	
824.51	6877.1	
824.68	5268.1	
824.86	3732.1	
825.03	4344.4	
825.2	5134.3	
825.37	6343.9	
825.55	3779.9	
825.72	4198.3	
825.89	6935.8	
826.06	6414.9	
826.24	4104.8	
826.41	4100	
826.58	6333	
826.75	5561.6	
826.92	3228.3	
827.1	3593.5	
827.27	8636.3	
827.44	6903	
827.61	3857.7	
827.79	4840.7	
827.96	4925.4	
828.13	5300.8	
828.3	4065.2	
828.47	3379.1	
828.65	5386.2	
828.82	5331.5	
828.99	5242.8	
829.16	4625	
829.34	5782.8	
829.51	5586.9	
829.68	4184.7	
829.85	4390.8	
830.02	6160.3	
830.2	5908.4	
830.37	3274.7	
830.54	5157.5	
830.71	6618.4	
830.88	5104.9	
831.05	3338.9	
831.23	3796.9	
831.4	6392.4	
831.57	7114	
831.74	3915.7	
831.91	3446	
832.09	5421.7	
832.26	5851.7	
832.43	4029.7	
832.6	4577.9	
832.77	5425.8	
832.94	6247.7	
833.12	3170.9	
833.29	3966.9	
833.46	5065.3	
833.63	7345.4	
833.8	4431.1	
833.97	4060.4	
834.15	5815.5	
834.32	5610.1	
834.49	4234.5	
834.66	4326	
834.83	6101.6	
835	4871.4	
835.17	3892.5	
835.35	3935.5	
835.52	5754.8	
835.69	5550.7	
835.86	4158.7	
836.03	3423.5	
836.2	5803.3	
836.37	5323.4	
836.55	4035.2	
836.72	3791.5	
836.89	5355.4	
837.06	5855.8	
837.23	4143.7	
837.4	4539	
837.57	6673.6	
837.75	7415	
837.92	3686.3	
838.09	3915.7	
838.26	5343.8	
838.43	6162.3	
838.6	4246.1	
838.77	3756.7	
838.94	7038.2	
839.11	6677.7	
839.29	4030.4	
839.46	3199.6	
839.63	5794.4	
839.8	5541.8	
839.97	3898	
840.14	3961.5	
840.31	5517.9	
840.48	5764.3	
840.65	3243.3	
840.82	3836.5	
841	5756.8	
841.17	5802.6	
841.34	3635.8	
841.51	3592.1	
841.68	5735.7	
841.85	5465.3	
842.02	3797.6	
842.19	3082.2	
842.36	5543.9	
842.53	5527.5	
842.7	3610.6	
842.87	4364.9	
843.05	7275.8	
843.22	5489.2	
843.39	3451.5	
843.56	3699.3	
843.73	5258.5	
843.9	5819	
844.07	5918.6	
844.24	4898.7	
844.41	8657.4	
844.58	5033.9	
844.75	3545	
844.92	3762.1	
845.09	5789.6	
845.26	5728.2	
845.43	3565.5	
845.6	3794.2	
845.77	5799.8	
845.94	5479	
846.12	3996.3	
846.29	4256.4	
846.46	5939.8	
846.63	5830.6	
846.8	3530	
846.97	4286.4	
847.14	6208.1	
847.31	5759.6	
847.48	4063.2	
847.65	4474.8	
847.82	6009.4	
847.99	6018.3	
848.16	4826.4	
848.33	4456.4	
848.5	5346.6	
848.67	6307.7	
848.84	3544.4	
849.01	3784.6	
849.18	5191.6	
849.35	4812	
849.52	4544.4	
849.69	3500	
849.86	5979.4	
850.03	6275.7	
850.2	3557.3	
850.37	4374.5	
850.54	6181.5	
850.71	5472.2	
850.88	4317.1	
851.05	3546.4	
851.22	5685.8	
851.39	6346.7	
851.56	3388	
851.73	4081.6	
851.9	5018.2	
852.07	6030.6	
852.24	3951.2	
852.41	3538.9	
852.58	5539.1	
852.75	5168.4	
852.92	3997.6	
853.09	3470.6	
853.26	5360.9	
853.43	6176.7	
853.6	3577.8	
853.77	3041.2	
853.94	6380.8	
854.11	5027.1	
854.28	5354.8	
854.44	3846.8	
854.61	6831.3	
854.78	5860.6	
854.95	3555.3	
855.12	4551.3	
855.29	4638.6	
855.46	6311.8	
855.63	3515.7	
855.8	5018.9	
855.97	5395	
856.14	6087.9	
856.31	5130.2	
856.48	3910.3	
856.65	5319.3	
856.82	4985.4	
856.99	3400.3	
857.16	3893.2	
857.33	7129.7	
857.49	5439.4	
857.66	3827.7	
857.83	4145.8	
858	5375.2	
858.17	5619.6	
858.34	3369.6	
858.51	3569.6	
858.68	6515.3	
858.85	6521.4	
859.02	4156.7	
859.19	4393.6	
859.36	5019.6	
859.52	5092.6	
859.69	3536.2	
859.86	4246.1	
860.03	5137.7	
860.2	6404.7	
860.37	3253.5	
860.54	3624.2	
860.71	6018.3	
860.88	6537.8	
861.05	3992.9	
861.21	4557.4	
861.38	6496.2	
861.55	4909	
861.72	3250.1	
861.89	4019.5	
862.06	6079.7	
862.23	6621.8	
862.4	3425.6	
862.56	3748.5	
862.73	5933.6	
862.9	5545.2	
863.07	4165.6	
863.24	3226.2	
863.41	4949.3	
863.58	5044.8	
863.75	3661.1	
863.91	4116.4	
864.08	6447	
864.25	5982.1	
864.42	4507.6	
864.59	5051	
864.76	6761.7	
864.93	5068.7	
865.09	3459	
865.26	3805.8	
865.43	6309.1	
865.6	6698.9	
865.77	3115.6	
865.94	3495.2	
866.1	6343.9	
866.27	6070.2	
866.44	5416.9	
866.61	3349.8	
866.78	5466.7	
866.95	5877.7	
867.11	3384.6	
867.28	3198.9	
867.45	6140.5	
867.62	5162.2	
867.79	4158.7	
867.96	3540.9	
868.12	5008	
868.29	6106.4	
868.46	3092.4	
868.63	4801.1	
868.8	6283.9	
868.97	6015.6	
869.13	3748.5	
869.3	3799.7	
869.47	5885.9	
869.64	6105	
869.81	3590.1	
869.97	3592.1	
870.14	5806.7	
870.31	6495.5	
870.48	3452.2	
870.65	4545.1	
870.81	5339.7	
870.98	5302.9	
871.15	4063.9	
871.32	3801.7	
871.48	5892.7	
871.65	6520.7	
871.82	3602.4	
871.99	3876.1	
872.16	6977.4	
872.32	6354.8	
872.49	3634.5	
872.66	3604.4	
872.83	6010.1	
872.99	5239.4	
873.16	4108.9	
873.33	3540.3	
873.5	5638.1	
873.67	5611.4	
873.83	3767.6	
874	4840.7	
874.17	5765	
874.34	6890.7	
874.5	4706.2	
874.67	4450.9	
874.84	6444.3	
875.01	5076.2	
875.17	5035.3	
875.34	3516.4	
875.51	5694	
875.68	6922.8	
875.84	4318.5	
876.01	5280.3	
876.18	5965.1	
876.34	5911.8	
876.51	3601.7	
876.68	3472.7	
876.85	5420.3	
877.01	6285.9	
877.18	5132.9	
877.35	3551.2	
877.52	5549.3	
877.68	4947.9	
877.85	3463.8	
878.02	3550.5	
878.18	5591.6	
878.35	5206.6	
878.52	2831.7	
878.69	4042	
878.85	5958.2	
879.02	5971.9	
879.19	5159.5	
879.35	3850.9	
879.52	5940.5	
879.69	6169.8	
879.86	3015.3	
880.02	3989.4	
880.19	5535.7	
880.36	6732.4	
880.52	4134.2	
880.69	4203.1	
880.86	6059.9	
881.02	6150.1	
881.19	3970.3	
881.36	3893.2	
881.52	5951.4	
881.69	5246.9	
881.86	3830.4	
882.02	3771	
882.19	6282.5	
882.36	7368.6	
882.52	3667.9	
882.69	5072.8	
882.86	5745.9	
883.02	5579.3	
883.19	4398.4	
883.36	4123.9	
883.52	6109.1	
883.69	6993.1	
883.86	3706.8	
884.02	3202.3	
884.19	6019.7	
884.36	5524.1	
884.52	4038.6	
884.69	3738.2	
884.86	5313.1	
885.02	6666.1	
885.19	3987.4	
885.36	4107.5	
885.52	5569.8	
885.69	5757.5	
885.86	5216.9	
886.02	4642.1	
886.19	6015.6	
886.35	5461.2	
886.52	3965.6	
886.69	5007.3	
886.85	5095.3	
887.02	6390.3	
887.19	6390.3	
887.35	6390.3	
887.52	6390.3	
887.68	6390.3	
887.85	6390.3	
888.02	6390.3	
888.18	6390.3	
888.35	6390.3	
888.51	6390.3	
888.68	6390.3	
888.85	6390.3	
889.01	6390.3	
889.18	6390.3	
889.35	6390.3	
889.51	6390.3	
889.68	6390.3	
889.84	6390.3	
890.01	6390.3	
890.17	6390.3	
890.34	6390.3	
890.51	6390.3	
890.67	6390.3	
890.84	6390.3	
891	6390.3	
891.17	6390.3	
891.34	6390.3	
891.5	6390.3	
891.67	6390.3	
891.83	6390.3	
892	6390.3	
892.16	6390.3	
892.33	6390.3	
892.5	6390.3	
892.66	6390.3	
892.83	6390.3	
892.99	6390.3	
893.16	6390.3	
893.32	6390.3	
893.49	6390.3	
893.65	6390.3	
893.82	6390.3	
893.99	6390.3	
894.15	6390.3	
894.32	6390.3	
894.48	6390.3	
894.65	6390.3	
894.81	6390.3	
894.98	6390.3	
895.14	6390.3	
895.31	6390.3	
895.47	6390.3	
895.64	6390.3	
895.81	6390.3	
895.97	6390.3	
896.14	6390.3	
896.3	6390.3	
896.47	6390.3	
896.63	6390.3	
896.8	6390.3	
896.96	6390.3	
897.13	6390.3	
897.29	6390.3	
897.46	6390.3	
897.62	6390.3	
897.79	6390.3	
897.95	6390.3	
898.12	6390.3	
898.28	6390.3	
898.45	6390.3	
898.61	6390.3	
898.78	6390.3	
898.94	6390.3	
899.11	6390.3	
899.27	6390.3	
899.44	6390.3	
899.6	6390.3	
899.77	6390.3	
899.93	6390.3	
900.1	6390.3	
900.26	6390.3	
900.43	6390.3	
900.59	6390.3	
900.76	6390.3	
900.92	6390.3	
901.09	6390.3	
901.25	6390.3	
901.42	6390.3	
901.58	6390.3	
901.75	6390.3	
901.91	6390.3	
902.07	6390.3	
902.24	6390.3	
902.4	6390.3	
902.57	6390.3	
902.73	6390.3	
902.9	6390.3	
903.06	6390.3	
903.23	6390.3	
903.39	6390.3	
903.56	6390.3	
903.72	6390.3	
903.88	6390.3	
904.05	6390.3	
904.21	6390.3	
904.38	6390.3	
904.54	6390.3	
904.71	6390.3	
904.87	6390.3	
905.03	6390.3	
905.2	6390.3	
905.36	6390.3	
905.53	6390.3	
905.69	6390.3	
905.86	6390.3	
906.02	6390.3	
906.18	6390.3	
906.35	6390.3	
906.51	6390.3	
906.68	6390.3	
906.84	6390.3	
907.01	6390.3	
907.17	6390.3	
907.33	6390.3	
907.5	6390.3	
907.66	6390.3	
907.83	6390.3	
907.99	6390.3	
908.15	6390.3	
908.32	6390.3	
908.48	6390.3	
908.65	6390.3	
908.81	6390.3	
908.97	6390.3	
909.14	6390.3	
909.3	6390.3	
909.47	6390.3	
909.63	6390.3	
909.79	6390.3	
909.96	6390.3	
910.12	6390.3	
910.28	6390.3	
910.45	6390.3	
910.61	6390.3	
910.78	6390.3	
910.94	6390.3	
911.1	6390.3	
911.27	6390.3	
911.43	6390.3	
911.59	6390.3	
911.76	6390.3	
911.92	6390.3	
912.08	6390.3	
912.25	6390.3	
912.41	6390.3	
912.57	6390.3	
912.74	6390.3	
912.9	6390.3	
913.07	6390.3	
913.23	6390.3	
913.39	6390.3	
913.56	6390.3	
913.72	6390.3	
913.88	6390.3	
914.05	6390.3	
914.21	6390.3	
914.37	6390.3	
914.54	6390.3	
914.7	6390.3	
914.86	6390.3	
915.03	6390.3	
915.19	6390.3	
