Wavelength	Intensities	
nm	a.u.	
179.22	1946.8	
179.44	1950.7	
179.65	1942.8	
179.86	1958.5	
180.08	1959.2	
180.29	5080.3	
180.51	3610.6	
180.72	5707	
180.94	6782.9	
181.15	3353.2	
181.37	3250.8	
181.58	5604.6	
181.79	5930.9	
182.01	3497.9	
182.22	3761.4	
182.44	5864.7	
182.65	4950.6	
182.87	4735.6	
183.08	4095.9	
183.29	6208.8	
183.51	5100.1	
183.72	3776.5	
183.94	5562.3	
184.15	5482.4	
184.37	5590.3	
184.58	3300.6	
184.79	4556	
185.01	5074.2	
185.22	5872.2	
185.44	4808.6	
185.65	4104.1	
185.86	5363.6	
186.08	4982	
186.29	3189.4	
186.51	3452.9	
186.72	5134.3	
186.94	6102.9	
187.15	3997	
187.36	4203.1	
187.58	7992.5	
187.79	5670.8	
188.01	4382	
188.22	6799.9	
188.43	6822.5	
188.65	5870.8	
188.86	3461.7	
189.08	4173.8	
189.29	5376.6	
189.5	5347.2	
189.72	3817.4	
189.93	3904.1	
190.15	6140.5	
190.36	7388.4	
190.57	4250.2	
190.79	4144.4	
191	6260	
191.22	6191.7	
191.43	4203.1	
191.64	3489.1	
191.86	6480.5	
192.07	6198.5	
192.29	3629.7	
192.5	3891.1	
192.71	6148	
192.93	5248.3	
193.14	3826.3	
193.35	3944.4	
193.57	5270.8	
193.78	6152.1	
194	3077.4	
194.21	3801	
194.42	5029.8	
194.64	5552	
194.85	4171.7	
195.07	4906.3	
195.28	5543.9	
195.49	4796.3	
195.71	5152.7	
195.92	3590.8	
196.13	5728.2	
196.35	5839.4	
196.56	5491.3	
196.78	4193.6	
196.99	7219.1	
197.2	6819.7	
197.42	4798.4	
197.63	4178.5	
197.84	4949.3	
198.06	5785.5	
198.27	3858.4	
198.48	5166.3	
198.7	5274.2	
198.91	5461.2	
199.13	4250.9	
199.34	4164.2	
199.55	5982.8	
199.77	4752	
199.98	3691.1	
200.19	4258.4	
200.41	5363.6	
200.62	5126.7	
200.83	4435.2	
201.05	4782.7	
201.26	5431.9	
201.47	5123.3	
201.69	3749.1	
201.9	3552.5	
202.11	5546.6	
202.33	6668.9	
202.54	3946.4	
202.76	4473.4	
202.97	5680.4	
203.18	5578	
203.4	4339	
203.61	4345.1	
203.82	5591.6	
204.04	5193.6	
204.25	4318.5	
204.46	4157.4	
204.68	5612.8	
204.89	5839.4	
205.1	4052.2	
205.32	3600.3	
205.53	5978.7	
205.74	6141.9	
205.96	3007.1	
206.17	4328.7	
206.38	5938.4	
206.6	6091.3	
206.81	4823	
207.02	3865.9	
207.24	5742.5	
207.45	6270.2	
207.66	3985.3	
207.88	3427.6	
208.09	5714.5	
208.3	5536.3	
208.52	3690.4	
208.73	4036.5	
208.94	5517.2	
209.15	6309.8	
209.37	3984	
209.58	4237.2	
209.79	6091.3	
210.01	5331.5	
210.22	3158	
210.43	3336.8	
210.65	5539.1	
210.86	6053.1	
211.07	4017.4	
211.29	3679.5	
211.5	5915.9	
211.71	5472.2	
211.93	3657	
212.14	3639.9	
212.35	5460.6	
212.56	5736.4	
212.78	4260.5	
212.99	3469.3	
213.2	6551.5	
213.42	5283.1	
213.63	3839.3	
213.84	4022.9	
214.06	4865.3	
214.27	4984.8	
214.48	3986	
214.69	4308.2	
214.91	6264.1	
215.12	6389	
215.33	4328	
215.55	4853.7	
215.76	6842.3	
215.97	5903.6	
216.18	4144.4	
216.4	4075.5	
216.61	5184.8	
216.82	6038.1	
217.04	3759.4	
217.25	3863.2	
217.46	6179.4	
217.67	5988.3	
217.89	3290.4	
218.1	3400.3	
218.31	5611.4	
218.53	5767.8	
218.74	3892.5	
218.95	3741.6	
219.16	5494	
219.38	6554.2	
219.59	3799.7	
219.8	4553.3	
220.01	7214.3	
220.23	5530.9	
220.44	4985.4	
220.65	3669.3	
220.87	5629.2	
221.08	6234.7	
221.29	3414	
221.5	4597	
221.72	7709.2	
221.93	5248.3	
222.14	4243.4	
222.35	5019.6	
222.57	5543.9	
222.78	5924.8	
222.99	4027	
223.2	4356.7	
223.42	5885.2	
223.63	5991.7	
223.84	3046.7	
224.05	3069.2	
224.27	7137.2	
224.48	6467.5	
224.69	5010.7	
224.9	4229.7	
225.12	5707	
225.33	5546.6	
225.54	3387.3	
225.75	3771	
225.97	5089.2	
226.18	5413.5	
226.39	4093.2	
226.6	3723.9	
226.82	5298.8	
227.03	5165	
227.24	4188.1	
227.45	3465.8	
227.67	5878.4	
227.88	6524.8	
228.09	4747.9	
228.3	4782.7	
228.52	5970.5	
228.73	5525.4	
228.94	3958.7	
229.15	3487.7	
229.36	5421	
229.58	5337.7	
229.79	3918.4	
230	4601.1	
230.21	6642.2	
230.43	5655.1	
230.64	4167.6	
230.85	4399.7	
231.06	5928.2	
231.28	6033.3	
231.49	3450.8	
231.7	4126.7	
231.91	5882.4	
232.12	5593	
232.34	3585.3	
232.55	4113.7	
232.76	6198.5	
232.97	5778.7	
233.18	3605.1	
233.4	4162.2	
233.61	5774.6	
233.82	5354.8	
234.03	3865.9	
234.25	3855	
234.46	7799.3	
234.67	5584.8	
234.88	4313	
235.09	3728.7	
235.31	5877	
235.52	5442.8	
235.73	4199.7	
235.94	3564.1	
236.15	5239.4	
236.37	6759.7	
236.58	3688.4	
236.79	3999.7	
237	5910.4	
237.21	5035.3	
237.43	4357.4	
237.64	3393.5	
237.85	10217	
238.06	5085.8	
238.27	4407.2	
238.48	3546.4	
238.7	5947.3	
238.91	5409.4	
239.12	4013.3	
239.33	4067.3	
239.54	5132.9	
239.76	5437.4	
239.97	3981.9	
240.18	4025.6	
240.39	7060.7	
240.6	5820.3	
240.82	4200.4	
241.03	3392.8	
241.24	5570.5	
241.45	6481.8	
241.66	3622.2	
241.87	4350.6	
242.09	6302.3	
242.3	6728.3	
242.51	4465.9	
242.72	4078.9	
242.93	6042.2	
243.14	5468.8	
243.36	4709.6	
243.57	5048.9	
243.78	6386.9	
243.99	5920	
244.2	4079.6	
244.41	3657.7	
244.63	5037.3	
244.84	5927.5	
245.05	4321.9	
245.26	4029.7	
245.47	5866.1	
245.68	6146	
245.9	5382.7	
246.11	4300.7	
246.32	5348.6	
246.53	5778	
246.74	6581.5	
246.95	3371	
247.16	4990.9	
247.38	5602.6	
247.59	3334.8	
247.8	4060.4	
248.01	5230.5	
248.22	5411.4	
248.43	3657.7	
248.64	3946.4	
248.86	4859.8	
249.07	5270.1	
249.28	3519.1	
249.49	4097.3	
249.7	6141.2	
249.91	6355.5	
250.12	3366.2	
250.34	3387.3	
250.55	5677.7	
250.76	5502.2	
250.97	4158.1	
251.18	4217.5	
251.39	6315.3	
251.6	5810.8	
251.81	4307.6	
252.03	4298.7	
252.24	5322.7	
252.45	6125.5	
252.66	3523.9	
252.87	4495.3	
253.08	5591.6	
253.29	7428	
253.5	3524.6	
253.72	4940.4	
253.93	5442.8	
254.14	6659.3	
254.35	3810.6	
254.56	3936.2	
254.77	5846.3	
254.98	5113.8	
255.19	3757.3	
255.41	4902.2	
255.62	5656.5	
255.83	6273.6	
256.04	4375.1	
256.25	4358.8	
256.46	6837.5	
256.67	5246.2	
256.88	4171	
257.09	4612	
257.31	5220.3	
257.52	5285.8	
257.73	5180.7	
257.94	3841.3	
258.15	5345.2	
258.36	5554.8	
258.57	4830.5	
258.78	3066.5	
258.99	6126.8	
259.2	5396.4	
259.41	3904.1	
259.63	3954.6	
259.84	6488	
260.05	6950.1	
260.26	5104.9	
260.47	3772.4	
260.68	6124.1	
260.89	5429.2	
261.1	4683	
261.31	3653.6	
261.52	6176	
261.73	6537.1	
261.95	5021.6	
262.16	4419.5	
262.37	6377.4	
262.58	6422.4	
262.79	4943.1	
263	3947.8	
263.21	5512.4	
263.42	4971.1	
263.63	3969.6	
263.84	3898.6	
264.05	6105	
264.26	6605.4	
264.47	4822.3	
264.69	4395.6	
264.9	6251.8	
265.11	5746.6	
265.32	3728	
265.53	3806.5	
265.74	5646.9	
265.95	4954.7	
266.16	4138.3	
266.37	4558.8	
266.58	5677	
266.79	5419.6	
267	3827.7	
267.21	3507.5	
267.42	5129.5	
267.63	5507	
267.84	4037.9	
268.06	3429.7	
268.27	5997.1	
268.48	6354.2	
268.69	3839.9	
268.9	4672.1	
269.11	6315.3	
269.32	5079.6	
269.53	4037.2	
269.74	3681.6	
269.95	5902.2	
270.16	4920.6	
270.37	4039.3	
270.58	4653	
270.79	5357.5	
271	6113.9	
271.21	4345.1	
271.42	4063.9	
271.63	5653.8	
271.84	5234.6	
272.05	3160.7	
272.26	3666.5	
272.47	5643.5	
272.68	5806	
272.89	3873.4	
273.11	4539	
273.32	5363.6	
273.53	6509.1	
273.74	4400.4	
273.95	4299.4	
274.16	6328.9	
274.37	5672.2	
274.58	4381.3	
274.79	3532.1	
275	5703.6	
275.21	6319.3	
275.42	5320.6	
275.63	4657.1	
275.84	5801.2	
276.05	7417.7	
276.26	4317.8	
276.47	4041.3	
276.68	5360.9	
276.89	6611.5	
277.1	4595	
277.31	3576.4	
277.52	5820.3	
277.73	5996.5	
277.94	3481.5	
278.15	3912.3	
278.36	5734.3	
278.57	5218.9	
278.78	3858.4	
278.99	4391.5	
279.2	5119.9	
279.41	5122	
279.62	5126.7	
279.83	3536.2	
280.04	6859.3	
280.25	5023.7	
280.46	5131.5	
280.67	4045.4	
280.88	5116.5	
281.09	6242.2	
281.3	4239.3	
281.51	5457.2	
281.72	6138.4	
281.93	6127.5	
282.14	3779.2	
282.35	4108.2	
282.56	6048.3	
282.77	6080.4	
282.98	3906.8	
283.19	4835.9	
283.4	7507.2	
283.61	5485.1	
283.82	3527.3	
284.03	5042.8	
284.24	5620.3	
284.45	6241.5	
284.66	5014.8	
284.87	4852.3	
285.08	6159.6	
285.29	6320.7	
285.5	3420.1	
285.71	3925.3	
285.92	6236.1	
286.12	6916	
286.33	4970.4	
286.54	3960.8	
286.75	6070.9	
286.96	5419.6	
287.17	3586.7	
287.38	4924	
287.59	5156.8	
287.8	5083.7	
288.01	3937.6	
288.22	4601.1	
288.43	6151.4	
288.64	5066.7	
288.85	4707.6	
289.06	4524	
289.27	6038.1	
289.48	6543.9	
289.69	5055.1	
289.9	4526.7	
290.11	6300.2	
290.32	5252.4	
290.53	4828.4	
290.74	4355.3	
290.94	6047.7	
291.15	6120	
291.36	3869.3	
291.57	4560.8	
291.78	5317.2	
291.99	4928.1	
292.2	3627.6	
292.41	4459.8	
292.62	6109.1	
292.83	5913.9	
293.04	5410.7	
293.25	3637.9	
293.46	5335.6	
293.67	6195.8	
293.88	3747.1	
294.09	3620.1	
294.29	5045.5	
294.5	5651	
294.71	4016.7	
294.92	3880.2	
295.13	5322.7	
295.34	6718.7	
295.55	3433.8	
295.76	3520.5	
295.97	5991	
296.18	6848.4	
296.39	3604.4	
296.6	3745.1	
296.81	5651.7	
297.01	6032	
297.22	4009.9	
297.43	3735.5	
297.64	5147.2	
297.85	5132.9	
298.06	3123.2	
298.27	3446.7	
298.48	5637.4	
298.69	5236	
298.9	4059.8	
299.11	3703.4	
299.31	5036	
299.52	5040.7	
299.73	4420.2	
299.94	4307.6	
300.15	5566.4	
300.36	5192.3	
300.57	4358.8	
300.78	4308.2	
300.99	5427.8	
301.2	5740.5	
301.4	3766.2	
301.61	4144.4	
301.82	5884.5	
302.03	5993	
302.24	4654.4	
302.45	3612.6	
302.66	5925.5	
302.87	6355.5	
303.08	3801.7	
303.29	5198.4	
303.49	5311.1	
303.7	5603.2	
303.91	3361.4	
304.12	5034.6	
304.33	5059.2	
304.54	5653.1	
304.75	3852.2	
304.96	3621.5	
305.16	5864.7	
305.37	6722.1	
305.58	3275.4	
305.79	3479.5	
306	5902.9	
306.21	4946.5	
306.42	3775.1	
306.63	5838.8	
306.83	5411.4	
307.04	6236.7	
307.25	4189.5	
307.46	4240	
307.67	4735.6	
307.88	6082.5	
308.09	3739.6	
308.29	3891.1	
308.5	5602.6	
308.71	6245.6	
308.92	4070.7	
309.13	3620.8	
309.34	5433.9	
309.55	5433.9	
309.75	4719.9	
309.96	4341.7	
310.17	6007.4	
310.38	5300.1	
310.59	4571.7	
310.8	3553.9	
311.01	6773.3	
311.21	5401.2	
311.42	3551.9	
311.63	3770.3	
311.84	5287.9	
312.05	5726.1	
312.26	4184.7	
312.46	4638	
312.67	5391.6	
312.88	5040.1	
313.09	3697.9	
313.3	3553.2	
313.51	6410.8	
313.71	6789	
313.92	3570.3	
314.13	3902.7	
314.34	5839.4	
314.55	5504.3	
314.76	4785.4	
314.96	4104.8	
315.17	5606.7	
315.38	5968.5	
315.59	3674.1	
315.8	3505.4	
316.01	6565.8	
316.21	6569.2	
316.42	3484.3	
316.63	4046.8	
316.84	5402.5	
317.05	6351.4	
317.26	4402.5	
317.46	3870	
317.67	5545.9	
317.88	6039.5	
318.09	4685.1	
318.3	3416.7	
318.5	5283.1	
318.71	5922.7	
318.92	6044.2	
319.13	4366.3	
319.34	6096.1	
319.54	6186.2	
319.75	3390.8	
319.96	3244	
320.17	5965.7	
320.38	6154.8	
320.58	3345	
320.79	4041.3	
321	6217.6	
321.21	6240.8	
321.42	4059.1	
321.62	3340.9	
321.83	5142.4	
322.04	5610.1	
322.25	3882.3	
322.46	3670	
322.66	5700.9	
322.87	5827.2	
323.08	4550.6	
323.29	3538.2	
323.5	6688.7	
323.7	5094	
323.91	5117.2	
324.12	4530.1	
324.33	5654.4	
324.53	5893.4	
324.74	4372.4	
324.95	4570.4	
325.16	4894.6	
325.37	5365.7	
325.57	3618.1	
325.78	3750.5	
325.99	5627.1	
326.2	5031.9	
326.4	5408.7	
326.61	3360.7	
326.82	5468.1	
327.03	5686.5	
327.24	5231.9	
327.44	5070.8	
327.65	5848.3	
327.86	4685.8	
328.07	4313.7	
328.27	3481.5	
328.48	6248.4	
328.69	5094.7	
328.9	5367.7	
329.1	3940.3	
329.31	5473.5	
329.52	6485.9	
329.73	3610.6	
329.93	4192.9	
330.14	5520	
330.35	5851.7	
330.56	6079.1	
330.76	4504.2	
330.97	5395.7	
331.18	5813.5	
331.39	4079.6	
331.59	3289	
331.8	6204	
332.01	6354.2	
332.22	3751.2	
332.42	4399.7	
332.63	5717.2	
332.84	5236.7	
333.05	4158.1	
333.25	3743.7	
333.46	5310.4	
333.67	5563	
333.88	3807.2	
334.08	4326.7	
334.29	7480.5	
334.5	6307.1	
334.7	3553.9	
334.91	5273.5	
335.12	5117.2	
335.33	5990.3	
335.53	4070	
335.74	6072.9	
335.95	5311.7	
336.16	5152	
336.36	4085	
336.57	4766.3	
336.78	5034.6	
336.98	6202.6	
337.19	5091.9	
337.4	3999.7	
337.61	6804	
337.81	5098.1	
338.02	3738.2	
338.23	4885.8	
338.43	6340.5	
338.64	5191.6	
338.85	3657	
339.05	4876.2	
339.26	6397.9	
339.47	4980	
339.68	3700	
339.88	5555.5	
340.09	5769.8	
340.3	6090	
340.5	4331.5	
340.71	3267.9	
340.92	4977.2	
341.13	6393.1	
341.33	3594.9	
341.54	4375.1	
341.75	5785.5	
341.95	5517.2	
342.16	4135.5	
342.37	4508.3	
342.57	5121.3	
342.78	5556.8	
342.99	4629.8	
343.19	3291.8	
343.4	5973.2	
343.61	5850.4	
343.81	3949.2	
344.02	3594.2	
344.23	5980.8	
344.43	6472.9	
344.64	4610.7	
344.85	4478.2	
345.06	5851	
345.26	6279.8	
345.47	4266.6	
345.68	4973.2	
345.88	4838.7	
346.09	6107	
346.3	4338.3	
346.5	3280.2	
346.71	5561.6	
346.92	5292	
347.12	3311.6	
347.33	4306.9	
347.54	6180.1	
347.74	6554.2	
347.95	4278.2	
348.16	3132.7	
348.36	5365.7	
348.57	5180.7	
348.78	4222.2	
348.98	4505.5	
349.19	5568.4	
349.39	5073.5	
349.6	3362.8	
349.81	3735.5	
350.01	5833.3	
350.22	5309	
350.43	4066.6	
350.63	4884.4	
350.84	5590.3	
351.05	5385.5	
351.25	3648.8	
351.46	3304.7	
351.67	6244.3	
351.87	5242.1	
352.08	3957.4	
352.29	4544.4	
352.49	6058.6	
352.7	5724.1	
352.9	3596.9	
353.11	4553.3	
353.32	6772.6	
353.52	5335.6	
353.73	3562.8	
353.94	4541.7	
354.14	5850.4	
354.35	5677	
354.55	3603.7	
354.76	4097.3	
354.97	5834.7	
355.17	5608	
355.38	3437.2	
355.59	4813.4	
355.79	5250.3	
356	5681.1	
356.2	4053.6	
356.41	3489.1	
356.62	4986.1	
356.82	5480.4	
357.03	4350.6	
357.24	3933.5	
357.44	5293.3	
357.65	5339.7	
357.85	5210.7	
358.06	4099.4	
358.27	4997	
358.47	5190.9	
358.68	3388	
358.88	4285.7	
359.09	5794.4	
359.3	6257.2	
359.5	5041.4	
359.71	4433.9	
359.91	6682.5	
360.12	6033.3	
360.33	4290.5	
360.53	4802.5	
360.74	5171.8	
360.94	5288.5	
361.15	4526	
361.36	3631	
361.56	6054.5	
361.77	5491.3	
361.97	5016.2	
362.18	3891.8	
362.38	6035.4	
362.59	5068.7	
362.8	3600.3	
363	3411.9	
363.21	4865.3	
363.41	5722	
363.62	4184.7	
363.83	5219.6	
364.03	5569.8	
364.24	6748.1	
364.44	5291.3	
364.65	5350.7	
364.85	5444.9	
365.06	4969.1	
365.27	3789.4	
365.47	3832.4	
365.68	6424.5	
365.88	5350	
366.09	4166.9	
366.29	3885	
366.5	5646.2	
366.71	6068.8	
366.91	5260.5	
367.12	4375.1	
367.32	6746	
367.53	5878.4	
367.73	4287.8	
367.94	5387.5	
368.14	5828.5	
368.35	6936.5	
368.56	4315.1	
368.76	3566.9	
368.97	5981.4	
369.17	7765.9	
369.38	3804.4	
369.58	4070	
369.79	5007.3	
369.99	6410.1	
370.2	5175.2	
370.4	4203.1	
370.61	5659.9	
370.82	6980.2	
371.02	4027	
371.23	3302	
371.43	4914.4	
371.64	6350.8	
371.84	4048.2	
372.05	5375.2	
372.25	7663.5	
372.46	6089.3	
372.66	3980.6	
372.87	4017.4	
373.07	6054.5	
373.28	7699	
373.48	5174.5	
373.69	4814.8	
373.9	5512.4	
374.1	5509.7	
374.31	5071.5	
374.51	4545.8	
374.72	6355.5	
374.92	5126.1	
375.13	5214.8	
375.33	4324.6	
375.54	5941.2	
375.74	5264	
375.95	4388.1	
376.15	5783.5	
376.36	5895.4	
376.56	5674.2	
376.77	4508.3	
376.97	4937.7	
377.18	6950.8	
377.38	5954.8	
377.59	5279	
377.79	3872.7	
378	5765	
378.2	6270.9	
378.41	3926	
378.61	3933.5	
378.82	6211.5	
379.02	5315.2	
379.23	4212.7	
379.43	5307.7	
379.64	6262.7	
379.84	5881.8	
380.05	3948.5	
380.25	3825.6	
380.46	6021	
380.66	5595.7	
380.87	5393.7	
381.07	5796.4	
381.28	6660	
381.48	6017.6	
381.69	4026.3	
381.89	4024.3	
382.1	4910.3	
382.3	6262.7	
382.51	5233.2	
382.71	6126.8	
382.91	6123.4	
383.12	6585.6	
383.32	4373.1	
383.53	4628.4	
383.73	5868.8	
383.94	5740.5	
384.14	4521.9	
384.35	3611.9	
384.55	5618.3	
384.76	6049	
384.96	4400.4	
385.17	4767.7	
385.37	6038.8	
385.58	5328.1	
385.78	4773.1	
385.98	3524.6	
386.19	5499.5	
386.39	5847.6	
386.6	4156.7	
386.8	4420.9	
387.01	6004	
387.21	6116.6	
387.42	4845.5	
387.62	5442.8	
387.83	5291.3	
388.03	6004.6	
388.23	4414.7	
388.44	5245.5	
388.64	4977.9	
388.85	5128.8	
389.05	4817.5	
389.26	5435.3	
389.46	7041.6	
389.67	6438.1	
389.87	4706.2	
390.07	4842.1	
390.28	5651.7	
390.48	5236	
390.69	4005.8	
390.89	4248.9	
391.1	5365	
391.3	6410.8	
391.5	5573.9	
391.71	6169.8	
391.91	5995.1	
392.12	7181.5	
392.32	5627.1	
392.53	4790.9	
392.73	5521.3	
392.93	5655.1	
393.14	4461.8	
393.34	5352.7	
393.55	6186.9	
393.75	5688.6	
393.95	4459.1	
394.16	4406.5	
394.36	5368.4	
394.57	6105.7	
394.77	3869.3	
394.98	4400.4	
395.18	5307	
395.38	5605.3	
395.59	5298.8	
395.79	4113	
396	5477.6	
396.2	5930.2	
396.4	4996.4	
396.61	4972.5	
396.81	6164.4	
397.02	5406	
397.22	5225.1	
397.42	5347.2	
397.63	6156.2	
397.83	5302.9	
398.04	4058.4	
398.24	4597	
398.44	5874.9	
398.65	4897.4	
398.85	3889.8	
399.05	4014	
399.26	5295.4	
399.46	7105.1	
399.67	4354.7	
399.87	4085	
400.07	5682.4	
400.28	6074.3	
400.48	4214	
400.69	5384.1	
400.89	6232.7	
401.09	6739.9	
401.3	4105.5	
401.5	5270.1	
401.7	6974	
401.91	7214.3	
402.11	4425	
402.32	4703.5	
402.52	6277.7	
402.72	6222.4	
402.93	4945.2	
403.13	3737.5	
403.33	7109.9	
403.54	5789.6	
403.74	4651.6	
403.94	5580	
404.15	5827.8	
404.35	7010.9	
404.56	4407.9	
404.76	6399.9	
404.96	6244.9	
405.17	6053.1	
405.37	5388.2	
405.57	4861.9	
405.78	6294.8	
405.98	5766.4	
406.18	4393.6	
406.39	5349.3	
406.59	6364.4	
406.79	5957.5	
407	4208.6	
407.2	4274.8	
407.4	6282.5	
407.61	6563.7	
407.81	4282.3	
408.01	6255.9	
408.22	5259.2	
408.42	7271.7	
408.62	5397.8	
408.83	4755.4	
409.03	5792.3	
409.23	5618.9	
409.44	4881	
409.64	5186.1	
409.84	6780.1	
410.05	6602	
410.25	5010.7	
410.45	4737	
410.66	6055.2	
410.86	8646.5	
411.06	5156.8	
411.27	4989.5	
411.47	8360.5	
411.67	6219	
411.88	5312.4	
412.08	5510.4	
412.28	6963.1	
412.49	7423.9	
412.69	4988.2	
412.89	5055.8	
413.09	7313.3	
413.3	7032	
413.5	5162.9	
413.7	4630.5	
413.91	6337.1	
414.11	7147.4	
414.31	4872.8	
414.52	5325.4	
414.72	6816.3	
414.92	6710.5	
415.12	4932.9	
415.33	5450.3	
415.53	7165.8	
415.73	7320.8	
415.94	5789.6	
416.14	5236.7	
416.34	6062.7	
416.55	5705.6	
416.75	6584.9	
416.95	5907	
417.15	7116	
417.36	7899	
417.56	6722.8	
417.76	5733.6	
417.97	7521.5	
418.17	7167.9	
418.37	5236.7	
418.57	5295.4	
418.78	6890.7	
418.98	6555.5	
419.18	6234	
419.38	6178	
419.59	6654.5	
419.79	6265.4	
419.99	5189.6	
420.2	5563	
420.4	7130.3	
420.6	7357	
420.8	5116.5	
421.01	4963.6	
421.21	6918	
421.41	7245.7	
421.61	5540.4	
421.82	5173.9	
422.02	6363	
422.22	7464.8	
422.42	6092.7	
422.63	5756.2	
422.83	6571.9	
423.03	7834.8	
423.23	5696.8	
423.44	4599.1	
423.64	6687.3	
423.84	6428.6	
424.04	5134.3	
424.25	4788.2	
424.45	7810.3	
424.65	7684	
424.85	4556	
425.06	5172.5	
425.26	7523.6	
425.46	6108.4	
425.66	5708.4	
425.87	5313.8	
426.07	7348.8	
426.27	7216.4	
426.47	5489.2	
426.67	4785.4	
426.88	7739.3	
427.08	7184.3	
427.28	5810.8	
427.48	4790.9	
427.69	5952.1	
427.89	6666.8	
428.09	5754.8	
428.29	4834.6	
428.5	7410.9	
428.7	6961.7	
428.9	4754	
429.1	5251	
429.3	6788.3	
429.51	7342.7	
429.71	5089.9	
429.91	5881.1	
430.11	7181.5	
430.31	7676.5	
430.52	5391.6	
430.72	5644.2	
430.92	7779.6	
431.12	7239.6	
431.32	5126.7	
431.53	5491.3	
431.73	6049	
431.93	7851.9	
432.13	4884.4	
432.33	4801.8	
432.54	6500.9	
432.74	6909.2	
432.94	4726.7	
433.14	5902.2	
433.34	7068.2	
433.55	6502.3	
433.75	5836.7	
433.95	7626.6	
434.15	6832	
434.35	6569.2	
434.56	4906.9	
434.76	4433.9	
434.96	6880.5	
435.16	7060	
435.36	4801.1	
435.56	5967.8	
435.77	6509.1	
435.97	6627.2	
436.17	6735.1	
436.37	5890.6	
436.57	6423.1	
436.78	6367.1	
436.98	7791.2	
437.18	6574.7	
437.38	7141.3	
437.58	6687.3	
437.78	6799.9	
437.99	5257.1	
438.19	7244.3	
438.39	8773.5	
438.59	5177.9	
438.79	4691.2	
438.99	7905.2	
439.2	6656.6	
439.4	4792.9	
439.6	4769.7	
439.8	7010.9	
440	8084.7	
440.2	5842.9	
440.4	5971.2	
440.61	7288.7	
440.81	7920.9	
441.01	4935.6	
441.21	5880.4	
441.41	7794.6	
441.61	7397.9	
441.81	6253.1	
442.02	7267.6	
442.22	8379.6	
442.42	7421.2	
442.62	4988.9	
442.82	5055.1	
443.02	7705.8	
443.22	6838.2	
443.43	5485.1	
443.63	5079.6	
443.83	6657.9	
444.03	6679.8	
444.23	6271.6	
444.43	5880.4	
444.63	6967.2	
444.83	8336.6	
445.04	5054.4	
445.24	6455.9	
445.44	7379.5	
445.64	7458.7	
445.84	6025.1	
446.04	6030.6	
446.24	6720.8	
446.44	7856.7	
446.65	5155.4	
446.85	5619.6	
447.05	6826.6	
447.25	7813.7	
447.45	5664.7	
447.65	4962.9	
447.85	7045.7	
448.05	6664.8	
448.25	6085.9	
448.46	5895.4	
448.66	7037.5	
448.86	6718	
449.06	4883	
449.26	6075.6	
449.46	7438.9	
449.66	6369.9	
449.86	5586.2	
450.06	5522	
450.26	6582.2	
450.47	7271	
450.67	5898.8	
450.87	6192.4	
451.07	7267.6	
451.27	7160.4	
451.47	5106.3	
451.67	5709.1	
451.87	6702.3	
452.07	7944.1	
452.27	5429.8	
452.47	5380	
452.67	6946	
452.88	7625.3	
453.08	4693.9	
453.28	6847.7	
453.48	8337.3	
453.68	6999.3	
453.88	5260.5	
454.08	5547.3	
454.28	7423.9	
454.48	7049.1	
454.68	6077	
454.88	6665.5	
455.08	7505.1	
455.28	7326.9	
455.48	5089.2	
455.68	5758.9	
455.89	8021.2	
456.09	7729.7	
456.29	5414.8	
456.49	5459.2	
456.69	7898.3	
456.89	7111.9	
457.09	6033.3	
457.29	6426.5	
457.49	7425.9	
457.69	7566.6	
457.89	5821	
458.09	5202.5	
458.29	7156.3	
458.49	7923.6	
458.69	6242.2	
458.89	5608	
459.09	8174.1	
459.29	8400.8	
459.49	5765	
459.69	6632	
459.9	7731.1	
460.1	7172	
460.3	5720.7	
460.5	5392.3	
460.7	7701.7	
460.9	7384.3	
461.1	4980.7	
461.3	6468.9	
461.5	8303.8	
461.7	7933.8	
461.9	5438.7	
462.1	6004	
462.3	7340.6	
462.5	8034.2	
462.7	5572.5	
462.9	5706.3	
463.1	9071.8	
463.3	8799.4	
463.5	5866.7	
463.7	6822.5	
463.9	7492.8	
464.1	7980.9	
464.3	5950.7	
464.5	6214.9	
464.7	8233.5	
464.9	7803.4	
465.1	7636.9	
465.3	6597.2	
465.5	8699.8	
465.7	8535.3	
465.9	6822.5	
466.1	6741.9	
466.3	8331.8	
466.5	8216.5	
466.7	7550.2	
466.9	6435.4	
467.1	7998	
467.3	9094.3	
467.5	7542	
467.7	6267.5	
467.9	9324.4	
468.1	10253	
468.3	7178.1	
468.5	7610.3	
468.7	8097.7	
468.9	7992.5	
469.1	6630	
469.3	7403.4	
469.5	10154	
469.7	7534.5	
469.9	7144.7	
470.1	6336.4	
470.3	8057.4	
470.5	8032.1	
470.7	7671.7	
470.9	6429.9	
471.1	7831.4	
471.3	8353	
471.5	6294.1	
471.69	8331.8	
471.89	7686	
472.09	7187	
472.29	7152.2	
472.49	7552.9	
472.69	7360.4	
472.89	8333.9	
473.09	6106.4	
473.29	6309.8	
473.49	7621.9	
473.69	7811	
473.89	7260.7	
474.09	6491.4	
474.29	9175.6	
474.49	8893.6	
474.69	7285.3	
474.89	6600.6	
475.09	7724.3	
475.29	7804.8	
475.49	5978.7	
475.69	6327.5	
475.88	9576.3	
476.08	8022.6	
476.28	5961	
476.48	6507.8	
476.68	8695	
476.88	8431.5	
477.08	6270.2	
477.28	6642.9	
477.48	7918.8	
477.68	8680.7	
477.88	6064.7	
478.08	6440.2	
478.28	8953	
478.48	8127	
478.67	6498.9	
478.87	5943.2	
479.07	8773.5	
479.27	8251.9	
479.47	6778.8	
479.67	6724.2	
479.87	8671.1	
480.07	9140.1	
480.27	5962.3	
480.47	7642.3	
480.67	8310	
480.87	8922.3	
481.06	6208.8	
481.26	7257.3	
481.46	8112.7	
481.66	8066.3	
481.86	6711.9	
482.06	7882.6	
482.26	7864.9	
482.46	8866.3	
482.66	6632.7	
482.86	6288.6	
483.05	8214.4	
483.25	7557	
483.45	9238.4	
483.65	6647.7	
483.85	7809.6	
484.05	8096.3	
484.25	7089.4	
484.45	7647.1	
484.65	9116.2	
484.84	9073.9	
485.04	6565.1	
485.24	6499.6	
485.44	9302.6	
485.64	7505.1	
485.84	5866.1	
486.04	7327.6	
486.24	7939.3	
486.44	8395.3	
486.63	5862	
486.83	6718.7	
487.03	7723.6	
487.23	8048.5	
487.43	5833.3	
487.63	8477.9	
487.83	8123.6	
488.02	9147.6	
488.22	6888.7	
488.42	7578.2	
488.62	8981	
488.82	7907.2	
489.02	6599.2	
489.22	6668.9	
489.41	8850	
489.61	8481.3	
489.81	6273.6	
490.01	6365.8	
490.21	8718.2	
490.41	9551.7	
490.61	6281.8	
490.8	6432	
491	8258.8	
491.2	7474.4	
491.4	7181.5	
491.6	6184.2	
491.8	8258.1	
491.99	8543.4	
492.19	5988.9	
492.39	6429.9	
492.59	8770.8	
492.79	8853.4	
492.99	7324.2	
493.18	6341.9	
493.38	8853.4	
493.58	9649.3	
493.78	7052.5	
493.98	6632	
494.18	8612.4	
494.37	8010.3	
494.57	7305.8	
494.77	7106.5	
494.97	8716.8	
495.17	9050	
495.37	6750.1	
495.56	7075.7	
495.76	9312.8	
495.96	8806.3	
496.16	8082.6	
496.36	6877.1	
496.55	9096.4	
496.75	8544.8	
496.95	7232.7	
497.15	7147.4	
497.35	9072.5	
497.54	9008.3	
497.74	6875.7	
497.94	8660.2	
498.14	9734.7	
498.34	9536.7	
498.53	6533	
498.73	7445.7	
498.93	8347.5	
499.13	9026.1	
499.33	7251.9	
499.52	7876.5	
499.72	8928.5	
499.92	9351.7	
500.12	6873.7	
500.32	7195.2	
500.51	9292.3	
500.71	9068.4	
500.91	7981.6	
501.11	7614.3	
501.31	9190.6	
501.5	9651.4	
501.7	8249.2	
501.9	7243	
502.1	9002.9	
502.29	9243.2	
502.49	7712.7	
502.69	8298.4	
502.89	9204.9	
503.09	9204.3	
503.28	6715.3	
503.48	6826.6	
503.68	8331.8	
503.88	8423.3	
504.07	7920.2	
504.27	7440.3	
504.47	8836.3	
504.67	8929.1	
504.86	7852.6	
505.06	7454.6	
505.26	8433.5	
505.46	10503	
505.65	7347.4	
505.85	7657.4	
506.05	8386.4	
506.25	8983.8	
506.44	6639.5	
506.64	7675.1	
506.84	8342.1	
507.04	9513.5	
507.23	6997.2	
507.43	7462.8	
507.63	10440	
507.83	8561.9	
508.02	7498.3	
508.22	7243.7	
508.42	10783	
508.62	8494.3	
508.81	7433.4	
509.01	8028	
509.21	8318.2	
509.4	8551.6	
509.6	7561.8	
509.8	6984.9	
510	8511.4	
510.19	10124	
510.39	6977.4	
510.59	7019.1	
510.79	8342.1	
510.98	9856.9	
511.18	7013.6	
511.38	7104.4	
511.57	9235	
511.77	9124.4	
511.97	7915.4	
512.17	6825.9	
512.36	9243.2	
512.56	9189.2	
512.76	6963.1	
512.95	6696.2	
513.15	9442.5	
513.35	7919.5	
513.55	7879.2	
513.74	6767.2	
513.94	9315.5	
514.14	8529.1	
514.33	7924.3	
514.53	7690.8	
514.73	8570.1	
514.92	8845.2	
515.12	7144.7	
515.32	6956.3	
515.51	8861.6	
515.71	9574.3	
515.91	8804.2	
516.11	7058.7	
516.3	10735	
516.5	8458.8	
516.7	7720.2	
516.89	8249.9	
517.09	8652.7	
517.29	8572.8	
517.48	7981.6	
517.68	7348.1	
517.88	8411	
518.07	9047.2	
518.27	7888.8	
518.47	6817	
518.66	9649.3	
518.86	8196	
519.06	6642.9	
519.25	7172	
519.45	8546.2	
519.65	10167	
519.84	7887.4	
520.04	8632.9	
520.24	10512	
520.43	9229.5	
520.63	7567.2	
520.83	7315.3	
521.02	8361.9	
521.22	9148.3	
521.42	7857.4	
521.61	8449.2	
521.81	8677.9	
522.01	8921	
522.2	7691.5	
522.4	7483.3	
522.6	9320.3	
522.79	8108.6	
522.99	7582.9	
523.18	6810.9	
523.38	9125.7	
523.58	9113.5	
523.77	9034.3	
523.97	6805.4	
524.17	11183	
524.36	10232	
524.56	8282.7	
524.76	7826.7	
524.95	9116.9	
525.15	8757.8	
525.34	7699.7	
525.54	7767.3	
525.74	9535.3	
525.93	8532.5	
526.13	9041.1	
526.33	7630.7	
526.52	9964.7	
526.72	9346.9	
526.91	8955.8	
527.11	8200.7	
527.31	9943.6	
527.5	10410	
527.7	8143.4	
527.89	7060.7	
528.09	8786.5	
528.29	9502.6	
528.48	8640.4	
528.68	8149.6	
528.87	9852.1	
529.07	9925.8	
529.27	8068.3	
529.46	7547.4	
529.66	9429.5	
529.85	10050	
530.05	7406.1	
530.25	8277.2	
530.44	11034	
530.64	9398.1	
530.83	7881.3	
531.03	8195.3	
531.23	9805.7	
531.42	9805.7	
531.62	8947.6	
531.81	8066.9	
532.01	9994.8	
532.21	10578	
532.4	7744.7	
532.6	8245.8	
532.79	11029	
532.99	10101	
533.18	8246.5	
533.38	9323.7	
533.58	9685.5	
533.77	10493	
533.97	8178.9	
534.16	9116.9	
534.36	10664	
534.55	9698.5	
534.75	9362.6	
534.95	8338.6	
535.14	10582	
535.34	9660.3	
535.53	7955	
535.73	10087	
535.92	11151	
536.12	10052	
536.31	8090.8	
536.51	9360.6	
536.71	10221	
536.9	9743.6	
537.1	8297	
537.29	8492.2	
537.49	10679	
537.68	9576.3	
537.88	8893.6	
538.07	7960.5	
538.27	9863	
538.46	11042	
538.66	7841.7	
538.86	8355	
539.05	9973.6	
539.25	10375	
539.44	8557.1	
539.64	8224	
539.83	9794.1	
540.03	10928	
540.22	8122.2	
540.42	8267.6	
540.61	10098	
540.81	10158	
541	8785.8	
541.2	9455.5	
541.39	9514.9	
541.59	9967.5	
541.78	9108	
541.98	8081.3	
542.18	9138	
542.37	9259.5	
542.57	8583	
542.76	9134.6	
542.96	9327.1	
543.15	10101	
543.35	8528.4	
543.54	7788.4	
543.74	10428	
543.93	9921.7	
544.13	8513.4	
544.32	9708.7	
544.52	10250	
544.71	9371.5	
544.91	7632.1	
545.1	8948.3	
545.3	9463	
545.49	10275	
545.69	7581.6	
545.88	8186.4	
546.08	11130	
546.27	10720	
546.47	8748.2	
546.66	7968.6	
546.86	10349	
547.05	11202	
547.24	8181	
547.44	8119.5	
547.63	9187.9	
547.83	10582	
548.02	8462.9	
548.22	8740	
548.41	9154.4	
548.61	10578	
548.8	8017.1	
549	7999.4	
549.19	9766.8	
549.39	10161	
549.58	7616.4	
549.78	8260.1	
549.97	10286	
550.17	9778.4	
550.36	9155.1	
550.55	10325	
550.75	9718.3	
550.94	10703	
551.14	7765.9	
551.33	8264.2	
551.53	8960.5	
551.72	10101	
551.92	8394.6	
552.11	8047.8	
552.31	10137	
552.5	10071	
552.69	9919.7	
552.89	7697.6	
553.08	10088	
553.28	9721.7	
553.47	8155.7	
553.67	9302.6	
553.86	10796	
554.06	8916.9	
554.25	7241.6	
554.44	7957	
554.64	11501	
554.83	11083	
555.03	7779.6	
555.22	8290.9	
555.42	10227	
555.61	9982.5	
555.8	8124.3	
556	8336.6	
556.19	8971.5	
556.39	10533	
556.58	8082	
556.78	8027.4	
556.97	9805	
557.16	9577	
557.36	9395.4	
557.55	7755	
557.75	8732.5	
557.94	10723	
558.13	7840.3	
558.33	7666.9	
558.52	10409	
558.72	9316.9	
558.91	7716.1	
559.1	7940	
559.3	8848.6	
559.49	8641.1	
559.69	7313.3	
559.88	8282	
560.07	9762	
560.27	10230	
560.46	8462.9	
560.66	8767.4	
560.85	9625.5	
561.04	8736	
561.24	7685.3	
561.43	7835.5	
561.63	8906.6	
561.82	9268.4	
562.01	9194	
562.21	8164.6	
562.4	9786.6	
562.59	10710	
562.79	8087.4	
562.98	7674.4	
563.18	9742.9	
563.37	11308	
563.56	8625.4	
563.76	7589.8	
563.95	9187.9	
564.14	8988.5	
564.34	8054.7	
564.53	7750.2	
564.73	9596.8	
564.92	9991.4	
565.11	8246.5	
565.31	7507.9	
565.5	10365	
565.69	9159.2	
565.89	7855.3	
566.08	8094.9	
566.27	10167	
566.47	10558	
566.66	8667.7	
566.85	7329.7	
567.05	9788.6	
567.24	9076.6	
567.44	7718.1	
567.63	9220.6	
567.82	9964.1	
568.02	9677.3	
568.21	7722.9	
568.4	8138.6	
568.6	9651.4	
568.79	9643.9	
568.98	7476.5	
569.18	7691.5	
569.37	9569.5	
569.56	11707	
569.76	8138.6	
569.95	9106.6	
570.14	10018	
570.34	9895.1	
570.53	7585.7	
570.72	7576.1	
570.91	10476	
571.11	9483.5	
571.3	8119.5	
571.49	9125.1	
571.69	9581.1	
571.88	9178.3	
572.07	8677.9	
572.27	8726.4	
572.46	9109.4	
572.65	10271	
572.85	7836.2	
573.04	8186.4	
573.23	10484	
573.43	9661.6	
573.62	7572.7	
573.81	8309.3	
574	9640.5	
574.2	9491.7	
574.39	7961.1	
574.58	8165.3	
574.78	10631	
574.97	9773.6	
575.16	8474.5	
575.36	8808.3	
575.55	10281	
575.74	10392	
575.93	7649.8	
576.13	8763.9	
576.32	9592.7	
576.51	10115	
576.71	8079.9	
576.9	9523.1	
577.09	10467	
577.28	9960	
577.48	8486.1	
577.67	7473.7	
577.86	9602.2	
578.05	9987.9	
578.25	8195.3	
578.44	8249.9	
578.63	9762	
578.83	11031	
579.02	7545.4	
579.21	9307.3	
579.4	9970.9	
579.6	9647.3	
579.79	8444.5	
579.98	10798	
580.17	10301	
580.37	10468	
580.56	7789.1	
580.75	8583.7	
580.94	10909	
581.14	10621	
581.33	9132.6	
581.52	7916.1	
581.71	10295	
581.91	10928	
582.1	7522.9	
582.29	8290.2	
582.48	9753.1	
582.68	9704	
582.87	8842.4	
583.06	8342.1	
583.25	10088	
583.45	9789.3	
583.64	9144.2	
583.83	9766.1	
584.02	9556.5	
584.21	10028	
584.41	9106.6	
584.6	8292.2	
584.79	9759.9	
584.98	10604	
585.18	7689.4	
585.37	7801.4	
585.56	9306	
585.75	10091	
585.94	7939.3	
586.14	8741.4	
586.33	10852	
586.52	9791.3	
586.71	8400.1	
586.91	8200.7	
587.1	9007.6	
587.29	10247	
587.48	8170	
587.67	7981.6	
587.87	9950.4	
588.06	10167	
588.25	9446.6	
588.44	8703.9	
588.63	9698.5	
588.83	10292	
589.02	8060.8	
589.21	7918.1	
589.4	9471.9	
589.59	9218.6	
589.78	7163.1	
589.98	7448.5	
590.17	8866.3	
590.36	9600.2	
590.55	6778.8	
590.74	7664.2	
590.94	10925	
591.13	9385.8	
591.32	7423.9	
591.51	6984.3	
591.7	9894.4	
591.89	9266.4	
592.09	7062.1	
592.28	7593.2	
592.47	8561.2	
592.66	10559	
592.85	7002	
593.05	7318.1	
593.24	9119.6	
593.43	9910.1	
593.62	7320.8	
593.81	7925.6	
594	9158.5	
594.19	9542.9	
594.39	7353.6	
594.58	7241.6	
594.77	9499.8	
594.96	10217	
595.15	7191.1	
595.34	7897	
595.54	9536	
595.73	8578.9	
595.92	6530.3	
596.11	7793.9	
596.3	10000	
596.49	8586.5	
596.68	7563.1	
596.88	7963.9	
597.07	9786.6	
597.26	8499.8	
597.45	6976.7	
597.64	8324.3	
597.83	8719.6	
598.02	9400.2	
598.22	7094.8	
598.41	7813	
598.6	9208.4	
598.79	8573.5	
598.98	7199.3	
599.17	8101.8	
599.36	9193.3	
599.55	10499	
599.74	9273.9	
599.94	9067	
600.13	9770.2	
600.32	8538	
600.51	6802	
600.7	7053.9	
600.89	10448	
601.08	10540	
601.27	6797.9	
601.47	7875.1	
601.66	9707.4	
601.85	10367	
602.04	7442.3	
602.23	8023.3	
602.42	8715.5	
602.61	9318.3	
602.8	7384.3	
602.99	7187	
603.18	9082.1	
603.37	9459.6	
603.57	7903.1	
603.76	8387.8	
603.95	10112	
604.14	9646.6	
604.33	7239.6	
604.52	7584.3	
604.71	9253.4	
604.9	8927.8	
605.09	8193.2	
605.28	8084.7	
605.47	9902.6	
605.66	9580.4	
605.86	7845.8	
606.05	7258.7	
606.24	9860.3	
606.43	8323.6	
606.62	7600.7	
606.81	8341.4	
607	9744.2	
607.19	8989.9	
607.38	6940.6	
607.57	7404.8	
607.76	8730.5	
607.95	8207.6	
608.14	7682.6	
608.33	8224	
608.52	8700.5	
608.72	9751.7	
608.91	6921.5	
609.1	6697.5	
609.29	8916.9	
609.48	8363.2	
609.67	7833.5	
609.86	6761.7	
610.05	8402.8	
610.24	8817.2	
610.43	6610.8	
610.62	6337.8	
610.81	10017	
611	9749.7	
611.19	6838.2	
611.38	7627.3	
611.57	9067.7	
611.76	10596	
611.95	6558.3	
612.14	6481.8	
612.33	8830.8	
612.52	8262.2	
612.71	7207.5	
612.9	6384.9	
613.09	7989.1	
613.28	10543	
613.47	6936.5	
613.66	7965.2	
613.85	8985.1	
614.04	8469.7	
614.24	7040.2	
614.43	6135.7	
614.62	9200.2	
614.81	9069.1	
615	7656	
615.19	7608.2	
615.38	8368	
615.57	8772.8	
615.76	7451.2	
615.95	8558.5	
616.14	9159.9	
616.33	8853.4	
616.52	7737.2	
616.71	8013.7	
616.9	9138.7	
617.09	8961.9	
617.28	7086.7	
617.47	8659.5	
617.66	8208.9	
617.85	8279.9	
618.04	8139.3	
618.22	7494.9	
618.41	8524.3	
618.6	9553.8	
618.79	7393.8	
618.98	7090.8	
619.17	9923.8	
619.36	8157.1	
619.55	7145.4	
619.74	7217	
619.93	9004.9	
620.12	8426.7	
620.31	7810.3	
620.5	8044.4	
620.69	9585.9	
620.88	10137	
621.07	8828.8	
621.26	7847.8	
621.45	9278.7	
621.64	9348.3	
621.83	7831.4	
622.02	6951.5	
622.21	9296.4	
622.4	9136.7	
622.59	8434.2	
622.78	8144.1	
622.97	8661.5	
623.16	9759.3	
623.35	7751.6	
623.54	6930.3	
623.72	8901.8	
623.91	9031.5	
624.1	8088.8	
624.29	6681.8	
624.48	10235	
624.67	9399.5	
624.86	7974.1	
625.05	6933.7	
625.24	10326	
625.43	8514.8	
625.62	9841.2	
625.81	7210.9	
626	9669.8	
626.19	8884.1	
626.38	8120.2	
626.56	7391.1	
626.75	8820.6	
626.94	9305.3	
627.13	7972.1	
627.32	6711.9	
627.51	9428.8	
627.7	10875	
627.89	6840.9	
628.08	8107.9	
628.27	8553.7	
628.46	8862.2	
628.65	7118.1	
628.83	6765.8	
629.02	9393.3	
629.21	8592.6	
629.4	7669	
629.59	7739.3	
629.78	8523.6	
629.97	9706	
630.16	7817.1	
630.35	7335.8	
630.54	9998.2	
630.72	9768.1	
630.91	7270.3	
631.1	7979.6	
631.29	9243.8	
631.48	9370.1	
631.67	7976.8	
631.86	7412.3	
632.05	8680.7	
632.24	8789.9	
632.42	7006.8	
632.61	7712.7	
632.8	8879.3	
632.99	8406.9	
633.18	7625.3	
633.37	8153	
633.56	9125.1	
633.75	8989.9	
633.93	7645.8	
634.12	7284.6	
634.31	9968.1	
634.5	9615.9	
634.69	7311.9	
634.88	7861.5	
635.07	8834.9	
635.25	9599.5	
635.44	8382.3	
635.63	8501.8	
635.82	8692.3	
636.01	8267	
636.2	8196.7	
636.39	7727	
636.57	9927.2	
636.76	9634.3	
636.95	7079.8	
637.14	8705.9	
637.33	9222	
637.52	10231	
637.7	6858.6	
637.89	7884	
638.08	8826.7	
638.27	10252	
638.46	8013	
638.65	8532.5	
638.83	10419	
639.02	8523	
639.21	7869	
639.4	8380.3	
639.59	9175.6	
639.78	8739.4	
639.96	7108.5	
640.15	7068.2	
640.34	8933.9	
640.53	9108.7	
640.72	6754.9	
640.91	7197.9	
641.09	8310	
641.28	9780.4	
641.47	7111.2	
641.66	8002.1	
641.85	9022.7	
642.03	9372.9	
642.22	7804.8	
642.41	7271.7	
642.6	8464.9	
642.79	7850.5	
642.97	6934.4	
643.16	7821.9	
643.35	8381	
643.54	8194.6	
643.73	6846.4	
643.91	7817.1	
644.1	7903.8	
644.29	8609.7	
644.48	6968.6	
644.67	7053.2	
644.85	8221.9	
645.04	8637	
645.23	6551.5	
645.42	6896.2	
645.6	8047.2	
645.79	9359.9	
645.98	6866.2	
646.17	5816.2	
646.36	7854	
646.54	8460.2	
646.73	7678.5	
646.92	6397.2	
647.11	8017.1	
647.29	9175.6	
647.48	6509.1	
647.67	6230.6	
647.86	9534.7	
648.05	9405.6	
648.23	6799.9	
648.42	8214.4	
648.61	8737.3	
648.8	8440.4	
648.98	6501.6	
649.17	6784.2	
649.36	7964.6	
649.55	7456.7	
649.73	6546.7	
649.92	7367.9	
650.11	7937.2	
650.3	8287.4	
650.48	6640.2	
650.67	6355.5	
650.86	8480	
651.05	7416.4	
651.23	6666.1	
651.42	6563.1	
651.61	7956.4	
651.79	8121.6	
651.98	6768.5	
652.17	6384.9	
652.36	8365.3	
652.54	7443.7	
652.73	6389	
652.92	6272.9	
653.11	8421.9	
653.29	8542.1	
653.48	5683.1	
653.67	6694.1	
653.85	8261.5	
654.04	9445.9	
654.23	6972	
654.42	6472.3	
654.6	7699.7	
654.79	8407.6	
654.98	5903.6	
655.16	6538.5	
655.35	7161.1	
655.54	7251.2	
655.73	5991	
655.91	5856.5	
656.1	8414.4	
656.29	7127.6	
656.47	5410.1	
656.66	7237.5	
656.85	7441	
657.03	7480.5	
657.22	6011.5	
657.41	6127.5	
657.59	7580.2	
657.78	7417.1	
657.97	5745.9	
658.16	6524.8	
658.34	8330.5	
658.53	8692.9	
658.72	7406.8	
658.9	7989.1	
659.09	7670.3	
659.28	7817.1	
659.46	6184.2	
659.65	6120.7	
659.84	7436.9	
660.02	8019.2	
660.21	6028.5	
660.4	5966.4	
660.58	8453.3	
660.77	7798.7	
660.96	6664.1	
661.14	5671.5	
661.33	8993.3	
661.52	8974.2	
661.7	5620.3	
661.89	9610.4	
662.08	7394.5	
662.26	6997.2	
662.45	5891.3	
662.64	5986.2	
662.82	8122.9	
663.01	7238.2	
663.2	6056.5	
663.38	6838.2	
663.57	8074.5	
663.75	7897	
663.94	6315.3	
664.13	7658.7	
664.31	7394.5	
664.5	8150.9	
664.69	6509.8	
664.87	7253.9	
665.06	7047.7	
665.25	7909.3	
665.43	7393.2	
665.62	7500.3	
665.8	8243.8	
665.99	7558.4	
666.18	6322.8	
666.36	6489.3	
666.55	8272.4	
666.74	8067.6	
666.92	5987.6	
667.11	7738.6	
667.29	7437.5	
667.48	8170	
667.67	7286.7	
667.85	6378.1	
668.04	7601.4	
668.22	7564.5	
668.41	6445	
668.6	6570.6	
668.78	7382.9	
668.97	7529	
669.15	6810.9	
669.34	5656.5	
669.53	7354.3	
669.71	7765.9	
669.9	5970.5	
670.08	6689.3	
670.27	7329	
670.46	7971.4	
670.64	6811.5	
670.83	7096.9	
671.01	7234.1	
671.2	7926.3	
671.38	5970.5	
671.57	5836	
671.76	8576.9	
671.94	9217.2	
672.13	5773.2	
672.31	6871.6	
672.5	8043.7	
672.69	7324.2	
672.87	5956.2	
673.06	6283.9	
673.24	7893.6	
673.43	7344.7	
673.61	6802.7	
673.8	6298.9	
673.98	8191.9	
674.17	8262.2	
674.36	6833.4	
674.54	6755.6	
674.73	7811	
674.91	8088.1	
675.1	6473.6	
675.28	6085.2	
675.47	7608.2	
675.65	8213	
675.84	6199.9	
676.03	6632	
676.21	7414.3	
676.4	6812.2	
676.58	7079.1	
676.77	6882.5	
676.95	8982.4	
677.14	7290.8	
677.32	5971.9	
677.51	5727.5	
677.69	8127.7	
677.88	6954.2	
678.06	5750.7	
678.25	6003.3	
678.44	7651.9	
678.62	7367.9	
678.81	5543.9	
678.99	6668.9	
679.18	8475.9	
679.36	7959.8	
679.55	6197.2	
679.73	6837.5	
679.92	7979.6	
680.1	7372.7	
680.29	7591.8	
680.47	6199.9	
680.66	7286	
680.84	8230.8	
681.03	5485.8	
681.21	6682.5	
681.4	7412.3	
681.58	7225.9	
681.77	5956.2	
681.95	5857.2	
682.14	8247.9	
682.32	8610.3	
682.51	6941.2	
682.69	5728.9	
682.88	7255.3	
683.06	8008.9	
683.25	6614.9	
683.43	7099.6	
683.62	7562.5	
683.8	8069.7	
683.99	7227.3	
684.17	6515.3	
684.36	9007	
684.54	7492.2	
684.73	5477	
684.91	5931.6	
685.1	7855.3	
685.28	7142.6	
685.46	6449.7	
685.65	6565.8	
685.83	8083.3	
686.02	7383.6	
686.2	5896.8	
686.39	6024.4	
686.57	7040.9	
686.76	8783.1	
686.94	5823.7	
687.13	6073.6	
687.31	7970.7	
687.5	7473.7	
687.68	5489.9	
687.86	6858.6	
688.05	9257.5	
688.23	6987.7	
688.42	6924.2	
688.6	6062	
688.79	7443.7	
688.97	7376.1	
689.16	6487.3	
689.34	5300.8	
689.52	8249.2	
689.71	8327.7	
689.89	6824.5	
690.08	5991.7	
690.26	7631.4	
690.45	7453.2	
690.63	7002.7	
690.81	6217.6	
691	7320.1	
691.18	7329	
691.37	6365.1	
691.55	8652	
691.74	7210.9	
691.92	9439.8	
692.1	6328.2	
692.29	5674.9	
692.47	7535.8	
692.66	6709.1	
692.84	6006	
693.02	6638.8	
693.21	6955.6	
693.39	7494.9	
693.58	6690.7	
693.76	6094.8	
693.94	8792.6	
694.13	8529.1	
694.31	6119.3	
694.5	7259.4	
694.68	7346.7	
694.86	7693.5	
695.05	6443.6	
695.23	6991.1	
695.42	8176.2	
695.6	10669	
695.78	7199.3	
695.97	6162.3	
696.15	8209.6	
696.34	7504.4	
696.52	5899.5	
696.7	6833.4	
696.89	7929.1	
697.07	7292.1	
697.25	6765.8	
697.44	8558.5	
697.62	7905.8	
697.81	8325.7	
697.99	6454.5	
698.17	6947.4	
698.36	7237.5	
698.54	7919.5	
698.72	6801.3	
698.91	5765	
699.09	7559.1	
699.28	7331	
699.46	6472.9	
699.64	6343.2	
699.83	7255.3	
700.01	8652	
700.19	7206.8	
700.38	5500.2	
700.56	8672.5	
700.74	7422.5	
700.93	5993	
701.11	6880.5	
701.29	8020.5	
701.48	9127.1	
701.66	6171.9	
701.84	6283.2	
702.03	7582.3	
702.21	8255.4	
702.39	5754.8	
702.58	6471.6	
702.76	7984.3	
702.94	8078.6	
703.13	5826.5	
703.31	8445.1	
703.49	7339.2	
703.68	8976.2	
703.86	6025.1	
704.04	7077.8	
704.23	7863.5	
704.41	8308.6	
704.59	6185.5	
704.78	7547.4	
704.96	8978.3	
705.14	8383	
705.33	6061.3	
705.51	6894.1	
705.69	7763.2	
705.87	8611	
706.06	7181.5	
706.24	5926.8	
706.42	8045.8	
706.61	8333.9	
706.79	7256.6	
706.97	5976.7	
707.16	7490.1	
707.34	8119.5	
707.52	7160.4	
707.7	6305	
707.89	7713.3	
708.07	7370	
708.25	7215.7	
708.44	7322.2	
708.62	7557.7	
708.8	8839.7	
708.98	7477.1	
709.17	6363	
709.35	8042.4	
709.53	7998	
709.72	6064.7	
709.9	6236.1	
710.08	8210.3	
710.26	8349.6	
710.45	7905.2	
710.63	6402.6	
710.81	8011	
710.99	7933.8	
711.18	7089.4	
711.36	6504.3	
711.54	7821.9	
711.72	8488.1	
711.91	6694.8	
712.09	6035.4	
712.27	7901.7	
712.45	8630.8	
712.64	6915.3	
712.82	5752.1	
713	7325.6	
713.18	7525.6	
713.37	5961.6	
713.55	7263.5	
713.73	8544.8	
713.91	6984.9	
714.1	6376	
714.28	5758.9	
714.46	8103.8	
714.64	7131.7	
714.83	5119.9	
715.01	6058.6	
715.19	7259.4	
715.37	6659.3	
715.55	5657.9	
715.74	6070.2	
715.92	8217.8	
716.1	6011.5	
716.28	7230	
716.47	6154.1	
716.65	6765.8	
716.83	6935.1	
717.01	5942.5	
717.19	6081.8	
717.38	9201.5	
717.56	6496.2	
717.74	6343.9	
717.92	5381.4	
718.1	7877.9	
718.29	6994.5	
718.47	4987.5	
718.65	5705.6	
718.83	7882.6	
719.01	7677.8	
719.2	4903.5	
719.38	6083.1	
719.56	7479.2	
719.74	9196.7	
719.92	5630.5	
720.11	6835.4	
720.29	7434.1	
720.47	6507.1	
720.65	5111.7	
720.83	6025.8	
721.02	6878.4	
721.2	6659.3	
721.38	6095.4	
721.56	5402.5	
721.74	6131.6	
721.92	6408.1	
722.11	6643.6	
722.29	6278.4	
722.47	7688.1	
722.65	6739.9	
722.83	5447.6	
723.01	6384.9	
723.2	6866.2	
723.38	7192.5	
723.56	4716.5	
723.74	6023.8	
723.92	6328.2	
724.1	7651.2	
724.29	5248.3	
724.47	6516.6	
724.65	6439.5	
724.83	6292.7	
725.01	5098.1	
725.19	6079.7	
725.37	6434.7	
725.56	6457.2	
725.74	4990.9	
725.92	5261.9	
726.1	6279.8	
726.28	6629.3	
726.46	5761.6	
726.64	5427.1	
726.83	6597.9	
727.01	6899.6	
727.19	4995	
727.37	5899.5	
727.55	6798.6	
727.73	7275.8	
727.91	4917.2	
728.09	4734.9	
728.28	7357	
728.46	8001.4	
728.64	6025.8	
728.82	5975.3	
729	8516.8	
729.18	7708.6	
729.36	5084.4	
729.54	7660.1	
729.72	8869.1	
729.91	6999.3	
730.09	7200	
730.27	5871.5	
730.45	6797.2	
730.63	7566.6	
730.81	6607.4	
730.99	5465.3	
731.17	8096.3	
731.35	6596.5	
731.53	6095.4	
731.71	5635.3	
731.9	7786.4	
732.08	7963.2	
732.26	5926.1	
732.44	5554.1	
732.62	8032.1	
732.8	7455.3	
732.98	6426.5	
733.16	5308.3	
733.34	7443.7	
733.52	6192.4	
733.7	5885.2	
733.88	6168.5	
734.07	7377.5	
734.25	7073.7	
734.43	5210.7	
734.61	7064.8	
734.79	8686.8	
734.97	6951.5	
735.15	5423	
735.33	5803.3	
735.51	7312.6	
735.69	6868.9	
735.87	6998.6	
736.05	5993	
736.23	7148.8	
736.41	6920.8	
736.59	5810.8	
736.77	5942.5	
736.95	7610.3	
737.13	7011.6	
737.32	5487.2	
737.5	5670.8	
737.68	8146.8	
737.86	6881.9	
738.04	5187.5	
738.22	7288.7	
738.4	6639.5	
738.58	6993.1	
738.76	5928.2	
738.94	4803.9	
739.12	6728.9	
739.3	6591.7	
739.48	6587.6	
739.66	6317.3	
739.84	7079.8	
740.02	7104.4	
740.2	4870.1	
740.38	5292.6	
740.56	7511.3	
740.74	6232.7	
740.92	6006.7	
741.1	5935	
741.28	6866.2	
741.46	6711.2	
741.64	5477.6	
741.82	6036	
742	6881.9	
742.18	6859.3	
742.36	5750	
742.54	5276.9	
742.72	7496.9	
742.9	6128.2	
743.08	6176.7	
743.26	4872.1	
743.44	7658.7	
743.62	7562.5	
743.8	6341.2	
743.98	5248.3	
744.16	7189.1	
744.34	6933.7	
744.52	6198.5	
744.7	6165.1	
744.88	7342.7	
745.06	6779.5	
745.24	6215.6	
745.42	6347.3	
745.6	7455.3	
745.78	7116	
745.96	4963.6	
746.14	5271.5	
746.32	8212.4	
746.5	7484.6	
746.68	5844.2	
746.86	5368.4	
747.03	7959.1	
747.21	6058.6	
747.39	5870.8	
747.57	5274.9	
747.75	6923.5	
747.93	7417.7	
748.11	5290.6	
748.29	5197.1	
748.47	8642.4	
748.65	6651.8	
748.83	6047.7	
749.01	5795.1	
749.19	7178.8	
749.37	6304.3	
749.55	5583.4	
749.73	5699.5	
749.91	6751.5	
750.09	6508.4	
750.26	5709.1	
750.44	5086.5	
750.62	6898.2	
750.8	6849.1	
750.98	4929.5	
751.16	5231.9	
751.34	6937.8	
751.52	6105	
751.7	6145.3	
751.88	4971.8	
752.06	7350.8	
752.24	7180.2	
752.42	4874.8	
752.59	5280.3	
752.77	6768.5	
752.95	8137.9	
753.13	6057.9	
753.31	5358.2	
753.49	6477	
753.67	6952.2	
753.85	5687.2	
754.03	5179.3	
754.21	7193.1	
754.38	7602.7	
754.56	5365	
754.74	4411.3	
754.92	6424.5	
755.1	7121.5	
755.28	4399.7	
755.46	4392.9	
755.64	7908.6	
755.82	8041	
755.99	4651.6	
756.17	4794.3	
756.35	5195.7	
756.53	6997.2	
756.71	3495.2	
756.89	4576.5	
757.07	6511.9	
757.25	5449.6	
757.42	5124	
757.6	6136.4	
757.78	6597.2	
757.96	5544.5	
758.14	4932.2	
758.32	4325.3	
758.5	5066	
758.67	5959.6	
758.85	4588.1	
759.03	4786.1	
759.21	6201.9	
759.39	5517.2	
759.57	4184	
759.75	5427.1	
759.92	6621.8	
760.1	5931.6	
760.28	5870.2	
760.46	6129.6	
760.64	5836.7	
760.82	5551.4	
760.99	5681.1	
761.17	4768.4	
761.35	6648.4	
761.53	5563.6	
761.71	4937.7	
761.89	5655.8	
762.06	6605.4	
762.24	5995.8	
762.42	4939.7	
762.6	4779.3	
762.78	6007.4	
762.96	6731	
763.13	5391.6	
763.31	5033.2	
763.49	6999.3	
763.67	6012.2	
763.85	5924.8	
764.02	6541.2	
764.2	7194.5	
764.38	6318.7	
764.56	4898.7	
764.74	5902.2	
764.91	7380.2	
765.09	6128.9	
765.27	4500.1	
765.45	4338.3	
765.63	7349.5	
765.8	7271	
765.98	4036.5	
766.16	4410.6	
766.34	5587.5	
766.52	5423	
766.69	5380.7	
766.87	4274.8	
767.05	6046.3	
767.23	6911.2	
767.41	4592.9	
767.58	4788.8	
767.76	6769.2	
767.94	6817	
768.12	4663.2	
768.29	5577.3	
768.47	6194.4	
768.65	6907.8	
768.83	4257.7	
769	5572.5	
769.18	5649.7	
769.36	6468.9	
769.54	5608	
769.72	4274.8	
769.89	6786.3	
770.07	6863.4	
770.25	4631.1	
770.43	6062	
770.6	7600	
770.78	8090.8	
770.96	4823.6	
771.14	5537.7	
771.31	6608.1	
771.49	5900.2	
771.67	3899.3	
771.85	4248.9	
772.02	5086.5	
772.2	5933.6	
772.38	4956.8	
772.55	4491.9	
772.73	6172.6	
772.91	6019.7	
773.09	4918.5	
773.26	4984.8	
773.44	6151.4	
773.62	5787.6	
773.8	4257	
773.97	4069.3	
774.15	6260.6	
774.33	5811.5	
774.5	4212	
774.68	4730.8	
774.86	6332.3	
775.04	5819	
775.21	4249.5	
775.39	4345.8	
775.57	6092.7	
775.74	6635.4	
775.92	4105.5	
776.1	4083	
776.27	6146.6	
776.45	7471.7	
776.63	4298.7	
776.81	3801	
776.98	5646.2	
777.16	6994.5	
777.34	4451.6	
777.51	4765.6	
777.69	5663.3	
777.87	5432.6	
778.04	4440.7	
778.22	5163.6	
778.4	5512.4	
778.57	6213.5	
778.75	3604.4	
778.93	3994.9	
779.1	5250.3	
779.28	5130.2	
779.46	3742.3	
779.64	4209.3	
779.81	6365.1	
779.99	7378.8	
780.17	5132.2	
780.34	5378.6	
780.52	5765.7	
780.69	5979.4	
780.87	4601.1	
781.05	4112.3	
781.22	5783.5	
781.4	5958.9	
781.58	4292.5	
781.75	3373.7	
781.93	5803.9	
782.11	5283.1	
782.28	5208.7	
782.46	4278.9	
782.64	5026.4	
782.81	5966.4	
782.99	4353.3	
783.17	4270.7	
783.34	6010.8	
783.52	5079.6	
783.69	4545.1	
783.87	5456.5	
784.05	5211.4	
784.22	5257.1	
784.4	5384.8	
784.58	4651.6	
784.75	6212.9	
784.93	5226.4	
785.1	4254.3	
785.28	4982.7	
785.46	5960.3	
785.63	5143.1	
785.81	4235.2	
785.99	4098.7	
786.16	5378	
786.34	5854.5	
786.51	4127.3	
786.69	4529.4	
786.87	4927.4	
787.04	5493.3	
787.22	3918.4	
787.39	5047.6	
787.57	5193	
787.75	6431.3	
787.92	5212.8	
788.1	5175.2	
788.27	5270.8	
788.45	4987.5	
788.63	4857.1	
788.8	3426.9	
788.98	5739.1	
789.15	4962.2	
789.33	3473.4	
789.5	4314.4	
789.68	6242.9	
789.86	6375.3	
790.03	4748.6	
790.21	4169.7	
790.38	6161	
790.56	5378	
790.73	3943	
790.91	4094.6	
791.09	5182.7	
791.26	6103.6	
791.44	4207.9	
791.61	3656.3	
791.79	5266	
791.96	5283.8	
792.14	3764.8	
792.32	3312.9	
792.49	5197.1	
792.67	5377.3	
792.84	3858.4	
793.02	3631	
793.19	6130.9	
793.37	6530.3	
793.54	3261.7	
793.72	3745.7	
793.89	6709.8	
794.07	5256.5	
794.25	4420.2	
794.42	3420.1	
794.6	6396.5	
794.77	5991	
794.95	4703.5	
795.12	4108.9	
795.3	5151.3	
795.47	5930.9	
795.65	4521.9	
795.82	4231.1	
796	5001.1	
796.17	7131.7	
796.35	4167.6	
796.52	4912.4	
796.7	5724.1	
796.87	5986.9	
797.05	5260.5	
797.22	5074.9	
797.4	5878.4	
797.57	6905.1	
797.75	4315.8	
797.92	4018.8	
798.1	6196.5	
798.27	5212.8	
798.45	3440.6	
798.62	3725.9	
798.8	5589.6	
798.97	6103.6	
799.15	4590.9	
799.32	4370.4	
799.5	4778.6	
799.67	5629.9	
799.85	4729.4	
800.02	3319.1	
800.2	5119.2	
800.37	5507.7	
800.55	4904.9	
800.72	4069.3	
800.9	5994.4	
801.07	6498.2	
801.25	5506.3	
801.42	4458.4	
801.6	6087.9	
801.77	5741.8	
801.95	4080.2	
802.12	3997.6	
802.29	5774.6	
802.47	5754.1	
802.64	4427	
802.82	3372.3	
802.99	5129.5	
803.17	6324.1	
803.34	4362.2	
803.52	3832.4	
803.69	7041.6	
803.87	4927.4	
804.04	4343.7	
804.21	4364.9	
804.39	6332.3	
804.56	5414.8	
804.74	3652.9	
804.91	4524.6	
805.09	5186.8	
805.26	5339.7	
805.44	3676.1	
805.61	4070.7	
805.78	5894.7	
805.96	5978	
806.13	4475.5	
806.31	4863.9	
806.48	4739	
806.66	5276.9	
806.83	4383.3	
807	4319.8	
807.18	5100.8	
807.35	5604.6	
807.53	4055.7	
807.7	3442.6	
807.87	6444.3	
808.05	5207.3	
808.22	4788.8	
808.4	3432.4	
808.57	5285.8	
808.74	4878.3	
808.92	3997.6	
809.09	5118.6	
809.27	5068	
809.44	5833.3	
809.61	3425.6	
809.79	3852.9	
809.96	6455.2	
810.14	6055.2	
810.31	3341.6	
810.48	4143.7	
810.66	5336.3	
810.83	6172.6	
811.01	3967.6	
811.18	4435.2	
811.35	6040.1	
811.53	4633.9	
811.7	4850.3	
811.87	4503.5	
812.05	5195.7	
812.22	5159.5	
812.39	3820.8	
812.57	3720.5	
812.74	5220.3	
812.92	7111.9	
813.09	4148.5	
813.26	4549.9	
813.44	6749.4	
813.61	5193	
813.78	3450.8	
813.96	4684.4	
814.13	5219.6	
814.3	4824.3	
814.48	5056.4	
814.65	4198.3	
814.82	6507.8	
815	5034.6	
815.17	4294.6	
815.34	5302.2	
815.52	5181.4	
815.69	5141.8	
815.87	4343.7	
816.04	4244.8	
816.21	5243.5	
816.38	4584.7	
816.56	4103.4	
816.73	3854.3	
816.9	6634.7	
817.08	6122.1	
817.25	3827.7	
817.42	4906.3	
817.6	4762.2	
817.77	5318.6	
817.94	4429.1	
818.12	3821.5	
818.29	4983.4	
818.46	8044.4	
818.64	3994.9	
818.81	3735.5	
818.98	4827.7	
819.16	7259.4	
819.33	4629.1	
819.5	4308.2	
819.67	5627.8	
819.85	6374	
820.02	4197	
820.19	4413.4	
820.37	5477	
820.54	5018.9	
820.71	4341	
820.88	5408	
821.06	5516.5	
821.23	4985.4	
821.4	4367.6	
821.58	4321.2	
821.75	6008.7	
821.92	5442.1	
822.09	3461.7	
822.27	3592.1	
822.44	5244.2	
822.61	5161.6	
822.79	3513.6	
822.96	6784.2	
823.13	5820.3	
823.3	4964.3	
823.48	4089.1	
823.65	3675.4	
823.82	6040.1	
823.99	4735.6	
824.17	5152	
824.34	3663.1	
824.51	7016.3	
824.68	5298.8	
824.86	3859.7	
825.03	4352.6	
825.2	5243.5	
825.37	6460.7	
825.55	3844.7	
825.72	4287.1	
825.89	7069.6	
826.06	6593.8	
826.24	4212	
826.41	4207.2	
826.58	6361	
826.75	5627.1	
826.92	3255.6	
827.1	3647.4	
827.27	8881.4	
827.44	6989	
827.61	3940.3	
827.79	4850.3	
827.96	4907.6	
828.13	5362.9	
828.3	4140.3	
828.47	3534.1	
828.65	5483.1	
828.82	5412.1	
828.99	5385.5	
829.16	4710.3	
829.34	5863.3	
829.51	5638.7	
829.68	4278.9	
829.85	4428.4	
830.02	6178	
830.2	5926.1	
830.37	3301.3	
830.54	5292.6	
830.71	6726.2	
830.88	5256.5	
831.05	3373.7	
831.23	3902.1	
831.4	6424.5	
831.57	7262.8	
831.74	4028.4	
831.91	3468.6	
832.09	5533.6	
832.26	5896.1	
832.43	4100.7	
832.6	4625	
832.77	5501.5	
832.94	6305	
833.12	3263.1	
833.29	4059.1	
833.46	5688.6	
833.63	7529.7	
833.8	4536.9	
833.97	4114.4	
834.15	5872.9	
834.32	5640.1	
834.49	4354.7	
834.66	4394.3	
834.83	6149.4	
835	4999.1	
835.17	3962.1	
835.35	4007.9	
835.52	5801.2	
835.69	5637.4	
835.86	4196.3	
836.03	3483.6	
836.2	5820.3	
836.37	5427.8	
836.55	4129.4	
836.72	3851.5	
836.89	5397.8	
837.06	5955.5	
837.23	4231.8	
837.4	4616.1	
837.57	6795.2	
837.75	7561.8	
837.92	3773.7	
838.09	4011.3	
838.26	5434.6	
838.43	6195.1	
838.6	4369.7	
838.77	3861.1	
838.94	7133.1	
839.11	6853.9	
839.29	4107.5	
839.46	3211.9	
839.63	5817.6	
839.8	5551.4	
839.97	4123.9	
840.14	3962.1	
840.31	5571.8	
840.48	5868.1	
840.65	3253.5	
840.82	3923.9	
841	5913.9	
841.17	5855.1	
841.34	3736.9	
841.51	3725.3	
841.68	5820.3	
841.85	5489.2	
842.02	3862.5	
842.19	3153.2	
842.36	5663.3	
842.53	5597.1	
842.7	3635.1	
842.87	4592.2	
843.05	7507.2	
843.22	5575.3	
843.39	3491.1	
843.56	3751.2	
843.73	5303.6	
843.9	5917.9	
844.07	6001.2	
844.24	5058.5	
844.41	8798.8	
844.58	5072.8	
844.75	3556	
844.92	3896.6	
845.09	5857.9	
845.26	5857.9	
845.43	3579.2	
845.6	3812.6	
845.77	5823.1	
845.94	5561.6	
846.12	4044.1	
846.29	4349.9	
846.46	6120.7	
846.63	5870.2	
846.8	3683.6	
846.97	4408.6	
847.14	6397.2	
847.31	5844.9	
847.48	4177.2	
847.65	4580.6	
847.82	6190.3	
847.99	6171.2	
848.16	4891.2	
848.33	4563.6	
848.5	5326.8	
848.67	6315.3	
848.84	3659	
849.01	3824.2	
849.18	5217.5	
849.35	4876.9	
849.52	4620.9	
849.69	3570.3	
849.86	6030.6	
850.03	6342.6	
850.2	3674.7	
850.37	4463.2	
850.54	6306.4	
850.71	5526.1	
850.88	4379.9	
851.05	3644.7	
851.22	5775.3	
851.39	6476.4	
851.56	3467.9	
851.73	4241.3	
851.9	5135.6	
852.07	6106.4	
852.24	4035.2	
852.41	3673.4	
852.58	5707	
852.75	5201.8	
852.92	4173.1	
853.09	3612.6	
853.26	5408	
853.43	6345.3	
853.6	3659	
853.77	3094.5	
853.94	6421.7	
854.11	5881.8	
854.28	5490.6	
854.44	3943	
854.61	6965.8	
854.78	6229.2	
854.95	3607.8	
855.12	4700.1	
855.29	4715.8	
855.46	6493.4	
855.63	3672.7	
855.8	5085.1	
855.97	5423.7	
856.14	6222.4	
856.31	5198.4	
856.48	3994.9	
856.65	5380.7	
856.82	5091.9	
856.99	3518.4	
857.16	4023.6	
857.33	7175.4	
857.49	5452.4	
857.66	3961.5	
857.83	4343.7	
858	5464.7	
858.17	5713.8	
858.34	3413.3	
858.51	3680.2	
858.68	6733	
858.85	6614.3	
859.02	4300.1	
859.19	4513.7	
859.36	5119.9	
859.52	5163.6	
859.69	3713	
859.86	4371.7	
860.03	5197.1	
860.2	6462.7	
860.37	3274.7	
860.54	3673.4	
860.71	6012.2	
860.88	6573.3	
861.05	4152.6	
861.21	4626.4	
861.38	6560.3	
861.55	4992.9	
861.72	3290.4	
861.89	4110.3	
862.06	6229.9	
862.23	6726.2	
862.4	3539.6	
862.56	3809.2	
862.73	5987.6	
862.9	5630.5	
863.07	4289.1	
863.24	3262.4	
863.41	4999.8	
863.58	5139	
863.75	3711.6	
863.91	4263.2	
864.08	6546	
864.25	6047.7	
864.42	4628.4	
864.59	5131.5	
864.76	6915.3	
864.93	5174.5	
865.09	3551.9	
865.26	3901.4	
865.43	6348.7	
865.6	6845	
865.77	3174.4	
865.94	3610.6	
866.1	6411.5	
866.27	6198.5	
866.44	5637.4	
866.61	3475.4	
866.78	5582.8	
866.95	5996.5	
867.11	3544.4	
867.28	3203	
867.45	6230.6	
867.62	5168.4	
867.79	4295.3	
867.96	3634.5	
868.12	5089.2	
868.29	6102.9	
868.46	3633.1	
868.63	4986.8	
868.8	6322.1	
868.97	6080.4	
869.13	3809.9	
869.3	3803.1	
869.47	6030.6	
869.64	6264.1	
869.81	3702.7	
869.97	3662.5	
870.14	5902.9	
870.31	6655.2	
870.48	3550.5	
870.65	4674.1	
870.81	5451	
870.98	5420.3	
871.15	4149.9	
871.32	3821.5	
871.48	5981.4	
871.65	6648.4	
871.82	3631	
871.99	4012	
872.16	7142.6	
872.32	6551.5	
872.49	3708.2	
872.66	3699.3	
872.83	6136.4	
872.99	5315.8	
873.16	4175.8	
873.33	3588	
873.5	5737.7	
873.67	5712.5	
873.83	3809.9	
874	4920.6	
874.17	5832.6	
874.34	7049.1	
874.5	4756.1	
874.67	4612	
874.84	6539.2	
875.01	5134.3	
875.17	5208	
875.34	3625.6	
875.51	5762.3	
875.68	7000.6	
875.84	4474.1	
876.01	5484.5	
876.18	6029.9	
876.34	6028.5	
876.51	3642.7	
876.68	3588	
876.85	5606	
877.01	6393.1	
877.18	5294.7	
877.35	3651.5	
877.52	5578.7	
877.68	5051	
877.85	3543	
878.02	3562.1	
878.18	5631.2	
878.35	5304.9	
878.52	2936.1	
878.69	4114.4	
878.85	6056.5	
879.02	6086.6	
879.19	5188.2	
879.35	3968.3	
879.52	6010.8	
879.69	6309.8	
879.86	3129.3	
880.02	4118.5	
880.19	5583.4	
880.36	6959	
880.52	4188.8	
880.69	4338.3	
880.86	6244.3	
881.02	6293.4	
881.19	3969.6	
881.36	4003.8	
881.52	5961	
881.69	5367.7	
881.86	3917.1	
882.02	3843.4	
882.19	6374	
882.36	7486	
882.52	3775.1	
882.69	5178.6	
882.86	5847.6	
883.02	5679	
883.19	4500.8	
883.36	4219.5	
883.52	6178	
883.69	7129.7	
883.86	3677.5	
884.02	3276.1	
884.19	6139.1	
884.36	5615.5	
884.52	4153.3	
884.69	3906.8	
884.86	5365.7	
885.02	6789	
885.19	4133.5	
885.36	4261.8	
885.52	5631.9	
885.69	5862	
885.86	5318.6	
886.02	4698.7	
886.19	6124.8	
886.35	5573.9	
886.52	4062.5	
886.69	5162.2	
886.85	5209.3	
887.02	6605.4	
887.19	6605.4	
887.35	6605.4	
887.52	6605.4	
887.68	6605.4	
887.85	6605.4	
888.02	6605.4	
888.18	6605.4	
888.35	6605.4	
888.51	6605.4	
888.68	6605.4	
888.85	6605.4	
889.01	6605.4	
889.18	6605.4	
889.35	6605.4	
889.51	6605.4	
889.68	6605.4	
889.84	6605.4	
890.01	6605.4	
890.17	6605.4	
890.34	6605.4	
890.51	6605.4	
890.67	6605.4	
890.84	6605.4	
891	6605.4	
891.17	6605.4	
891.34	6605.4	
891.5	6605.4	
891.67	6605.4	
891.83	6605.4	
892	6605.4	
892.16	6605.4	
892.33	6605.4	
892.5	6605.4	
892.66	6605.4	
892.83	6605.4	
892.99	6605.4	
893.16	6605.4	
893.32	6605.4	
893.49	6605.4	
893.65	6605.4	
893.82	6605.4	
893.99	6605.4	
894.15	6605.4	
894.32	6605.4	
894.48	6605.4	
894.65	6605.4	
894.81	6605.4	
894.98	6605.4	
895.14	6605.4	
895.31	6605.4	
895.47	6605.4	
895.64	6605.4	
895.81	6605.4	
895.97	6605.4	
896.14	6605.4	
896.3	6605.4	
896.47	6605.4	
896.63	6605.4	
896.8	6605.4	
896.96	6605.4	
897.13	6605.4	
897.29	6605.4	
897.46	6605.4	
897.62	6605.4	
897.79	6605.4	
897.95	6605.4	
898.12	6605.4	
898.28	6605.4	
898.45	6605.4	
898.61	6605.4	
898.78	6605.4	
898.94	6605.4	
899.11	6605.4	
899.27	6605.4	
899.44	6605.4	
899.6	6605.4	
899.77	6605.4	
899.93	6605.4	
900.1	6605.4	
900.26	6605.4	
900.43	6605.4	
900.59	6605.4	
900.76	6605.4	
900.92	6605.4	
901.09	6605.4	
901.25	6605.4	
901.42	6605.4	
901.58	6605.4	
901.75	6605.4	
901.91	6605.4	
902.07	6605.4	
902.24	6605.4	
902.4	6605.4	
902.57	6605.4	
902.73	6605.4	
902.9	6605.4	
903.06	6605.4	
903.23	6605.4	
903.39	6605.4	
903.56	6605.4	
903.72	6605.4	
903.88	6605.4	
904.05	6605.4	
904.21	6605.4	
904.38	6605.4	
904.54	6605.4	
904.71	6605.4	
904.87	6605.4	
905.03	6605.4	
905.2	6605.4	
905.36	6605.4	
905.53	6605.4	
905.69	6605.4	
905.86	6605.4	
906.02	6605.4	
906.18	6605.4	
906.35	6605.4	
906.51	6605.4	
906.68	6605.4	
906.84	6605.4	
907.01	6605.4	
907.17	6605.4	
907.33	6605.4	
907.5	6605.4	
907.66	6605.4	
907.83	6605.4	
907.99	6605.4	
908.15	6605.4	
908.32	6605.4	
908.48	6605.4	
908.65	6605.4	
908.81	6605.4	
908.97	6605.4	
909.14	6605.4	
909.3	6605.4	
909.47	6605.4	
909.63	6605.4	
909.79	6605.4	
909.96	6605.4	
910.12	6605.4	
910.28	6605.4	
910.45	6605.4	
910.61	6605.4	
910.78	6605.4	
910.94	6605.4	
911.1	6605.4	
911.27	6605.4	
911.43	6605.4	
911.59	6605.4	
911.76	6605.4	
911.92	6605.4	
912.08	6605.4	
912.25	6605.4	
912.41	6605.4	
912.57	6605.4	
912.74	6605.4	
912.9	6605.4	
913.07	6605.4	
913.23	6605.4	
913.39	6605.4	
913.56	6605.4	
913.72	6605.4	
913.88	6605.4	
914.05	6605.4	
914.21	6605.4	
914.37	6605.4	
914.54	6605.4	
914.7	6605.4	
914.86	6605.4	
915.03	6605.4	
915.19	6605.4	
