Wavelength	Intensities	
nm	a.u.	
179.22	1506.5	
179.44	1502.9	
179.65	1510	
179.86	1495.7	
180.08	1478.6	
180.29	3223.5	
180.51	2575	
180.72	4414.7	
180.94	4789.5	
181.15	2309.4	
181.37	2323.1	
181.58	4212.7	
181.79	4345.1	
182.01	2418.7	
182.22	2508.1	
182.44	4487.8	
182.65	3943.7	
182.87	2964.8	
183.08	2701.3	
183.29	4706.2	
183.51	3934.1	
183.72	2429.6	
183.94	3377.8	
184.15	4247.5	
184.37	4082.3	
184.58	2329.9	
184.79	2812.5	
185.01	4104.1	
185.22	4516.5	
185.44	2922.5	
185.65	2611.8	
185.86	4349.2	
186.08	3943.7	
186.29	2282.8	
186.51	2340.8	
186.72	4050.9	
186.94	4508.9	
187.15	2706	
187.36	2712.9	
187.58	5414.8	
187.79	4326.7	
188.01	2709.5	
188.22	3908.2	
188.43	4847.5	
188.65	4412	
188.86	2429.6	
189.08	2714.9	
189.29	4087.7	
189.5	4064.5	
189.72	2528.6	
189.93	2540.8	
190.15	4505.5	
190.36	5077.6	
190.57	2703.3	
190.79	2587.3	
191	4501.4	
191.22	4532.8	
191.43	2742.2	
191.64	2398.2	
191.86	4662.5	
192.07	4499.4	
192.29	2394.8	
192.5	2469.2	
192.71	4549.9	
192.93	4089.8	
193.14	2490.3	
193.35	2642.6	
193.57	4087.1	
193.78	4558.1	
194	2157.9	
194.21	2396.8	
194.42	3895.2	
194.64	4262.5	
194.85	2661	
195.07	2984.6	
195.28	4200.4	
195.49	3829.7	
195.71	3151.8	
195.92	2437.1	
196.13	4396.3	
196.35	4276.8	
196.56	3255.6	
196.78	2717	
196.99	5075.5	
197.2	4724	
197.42	2959.3	
197.63	2687.6	
197.84	3944.4	
198.06	4338.3	
198.27	2527.2	
198.48	3109.5	
198.7	4081.6	
198.91	4287.1	
199.13	2725.2	
199.34	2665.1	
199.55	4599.1	
199.77	3723.9	
199.98	2461	
200.19	2725.8	
200.41	4243.4	
200.62	3994.9	
200.83	2715.6	
201.05	2884.9	
201.26	4219.5	
201.47	4111.6	
201.69	2513.5	
201.9	2422.7	
202.11	4258.4	
202.33	4752.7	
202.54	2556.5	
202.76	2824.1	
202.97	4248.9	
203.18	4323.9	
203.4	2783.9	
203.61	2863.7	
203.82	4261.1	
204.04	4002.4	
204.25	2701.3	
204.46	2717.7	
204.68	4274.1	
204.89	4346.5	
205.1	2627.5	
205.32	2357.9	
205.53	4399	
205.74	4485.1	
205.96	2173.6	
206.17	2739.5	
206.38	4378.6	
206.6	4538.3	
206.81	2930	
207.02	2566.1	
207.24	4392.2	
207.45	4616.8	
207.66	2607.7	
207.88	2345.6	
208.09	4317.1	
208.3	4222.9	
208.52	2461	
208.73	2689	
208.94	4264.6	
209.15	4516.5	
209.37	2584.5	
209.58	2643.9	
209.79	4500.1	
210.01	4153.3	
210.22	2256.2	
210.43	2293	
210.65	4165.6	
210.86	4402.5	
211.07	2618.7	
211.29	2437.1	
211.5	4330.1	
211.71	4147.1	
211.93	2489	
212.14	2448.7	
212.35	4231.1	
212.56	4207.2	
212.78	2737.5	
212.99	2301.9	
213.2	4677.6	
213.42	4159.4	
213.63	2522.4	
213.84	2548.4	
214.06	3940.3	
214.27	3895.2	
214.48	2542.9	
214.69	2739.5	
214.91	4622.9	
215.12	4582	
215.33	2684.9	
215.55	2887.6	
215.76	4867.3	
215.97	4330.1	
216.18	2626.2	
216.4	2629.6	
216.61	4012	
216.82	4423.6	
217.04	2447.3	
217.25	2551.1	
217.46	4524	
217.67	4384.7	
217.89	2306.7	
218.1	2370.9	
218.31	4234.5	
218.53	4314.4	
218.74	2603	
218.95	2474.6	
219.16	4229.1	
219.38	4700.8	
219.59	2486.9	
219.8	2811.9	
220.01	4956.8	
220.23	4276.2	
220.44	2983.2	
220.65	2436.4	
220.87	4291.9	
221.08	4545.1	
221.29	2385.2	
221.5	2848	
221.72	5143.1	
221.93	4016.7	
222.14	2716.3	
222.35	3057.6	
222.57	4156.7	
222.78	4481	
222.99	2646	
223.2	2745.6	
223.42	4364.9	
223.63	4391.5	
223.84	2140.1	
224.05	2166.1	
224.27	4859.1	
224.48	4614.8	
224.69	3121.1	
224.9	2708.8	
225.12	4305.5	
225.33	4190.8	
225.54	2301.9	
225.75	2443.9	
225.97	4005.8	
226.18	4166.9	
226.39	2576.3	
226.6	2465.1	
226.82	4080.9	
227.03	3945.8	
227.24	2699.9	
227.45	2368.8	
227.67	4457.7	
227.88	4660.5	
228.09	3013.2	
228.3	2919.7	
228.52	4367.6	
228.73	4155.3	
228.94	2536.8	
229.15	2343.6	
229.36	4288.4	
229.58	4211.3	
229.79	2590.7	
230	2887.6	
230.21	4864.6	
230.43	4222.9	
230.64	2662.4	
230.85	2688.3	
231.06	4457.7	
231.28	4462.5	
231.49	2324.4	
231.7	2622.1	
231.91	4442	
232.12	4175.1	
232.34	2458.9	
232.55	2570.9	
232.76	4555.4	
232.97	4224.3	
233.18	2474.6	
233.4	2698.5	
233.61	4289.8	
233.82	4040.6	
234.03	2544.3	
234.25	2544.9	
234.46	5356.1	
234.67	4235.2	
234.88	2804.4	
235.09	2491	
235.31	4265.9	
235.52	4103.4	
235.73	2650.8	
235.94	2325.8	
236.15	4080.9	
236.37	4790.9	
236.58	2437.8	
236.79	2623.4	
237	4391.5	
237.21	3846.1	
237.43	2782.5	
237.64	2331.3	
237.85	6266.1	
238.06	4022.9	
238.27	2716.3	
238.48	2422.1	
238.7	4440	
238.91	4212.7	
239.12	2581.8	
239.33	2691	
239.54	4089.8	
239.76	4140.3	
239.97	2615.9	
240.18	2615.3	
240.39	4771.1	
240.6	4266.6	
240.82	2805	
241.03	2314.2	
241.24	4206.5	
241.45	4554	
241.66	2467.1	
241.87	2828.2	
242.09	4697.4	
242.3	4758.1	
242.51	2766.8	
242.72	2639.1	
242.93	4382	
243.14	4138.3	
243.36	2904	
243.57	3075.4	
243.78	4674.1	
243.99	4406.5	
244.2	2624.8	
244.41	2408.4	
244.63	3938.9	
244.84	4258.4	
245.05	2776.4	
245.26	2576.3	
245.47	4416.1	
245.68	4461.8	
245.9	3220.1	
246.11	2726.5	
246.32	4028.4	
246.53	4345.8	
246.74	3893.9	
246.95	2310.1	
247.16	4091.2	
247.38	4264.6	
247.59	2368.1	
247.8	2622.1	
248.01	3902.7	
248.22	4203.8	
248.43	2448	
248.64	2601.6	
248.86	3989.4	
249.07	4072	
249.28	2461	
249.49	2692.4	
249.7	4515.1	
249.91	4504.2	
250.12	2330.6	
250.34	2392	
250.55	4293.9	
250.76	4216.8	
250.97	2687.6	
251.18	2728.6	
251.39	4514.4	
251.6	4291.2	
251.81	2702	
252.03	2663.7	
252.24	4095.3	
252.45	4433.9	
252.66	2390	
252.87	2799.6	
253.08	4272.7	
253.29	5059.8	
253.5	2385.9	
253.72	3073.3	
253.93	4160.8	
254.14	4718.5	
254.35	2514.2	
254.56	2554.5	
254.77	4313	
254.98	3977.8	
255.19	2555.2	
255.41	2974.3	
255.62	4364.2	
255.83	4569.7	
256.04	2794.8	
256.25	2630.3	
256.46	4837.3	
256.67	4010.6	
256.88	2712.2	
257.09	2897.2	
257.31	3915	
257.52	4001	
257.73	3211.2	
257.94	2510.1	
258.15	4245.4	
258.36	4181.3	
258.57	3008.5	
258.78	2147	
258.99	4469.4	
259.2	4065.9	
259.41	2519.7	
259.63	2611.8	
259.84	4655	
260.05	4769	
260.26	3044.6	
260.47	2540.8	
260.68	4521.9	
260.89	4117.8	
261.1	2921.1	
261.31	2468.5	
261.52	4660.5	
261.73	4755.4	
261.95	3024.2	
262.16	2756.6	
262.37	4539	
262.58	4642.7	
262.79	3064.4	
263	2559.3	
263.21	4225.6	
263.42	4031.1	
263.63	2785.2	
263.84	2526.5	
264.05	4458.4	
264.26	4641.4	
264.47	2985.3	
264.69	2709.5	
264.9	4713.7	
265.11	4225.6	
265.32	2458.9	
265.53	2517	
265.74	4306.2	
265.95	3842	
266.16	2643.2	
266.37	2811.9	
266.58	4313.7	
266.79	4022.9	
267	2538.8	
267.21	2437.8	
267.42	3943	
267.63	4214.7	
267.84	2609.1	
268.06	2345.6	
268.27	4484.4	
268.48	4567.7	
268.69	2591.4	
268.9	2838.5	
269.11	4432.5	
269.32	3832.4	
269.53	2615.3	
269.74	2492.4	
269.95	4276.8	
270.16	3912.3	
270.37	2646	
270.58	2961.4	
270.79	4163.5	
271	4525.3	
271.21	2709.5	
271.42	2632.3	
271.63	4422.9	
271.84	3903.4	
272.05	2233	
272.26	2409.1	
272.47	4237.2	
272.68	4266.6	
272.89	2596.1	
273.11	2764.1	
273.32	4040	
273.53	4646.8	
273.74	2762	
273.95	2783.9	
274.16	4384	
274.37	4214	
274.58	2913.6	
274.79	2420	
275	4396.3	
275.21	4489.1	
275.42	3304.7	
275.63	2756.6	
275.84	4444.8	
276.05	5098.1	
276.26	2710.8	
276.47	2633.7	
276.68	4239.3	
276.89	4789.5	
277.1	2867.2	
277.31	2354.5	
277.52	4296.6	
277.73	4622.3	
277.94	2361.3	
278.15	2517.6	
278.36	4336.9	
278.57	4046.1	
278.78	2540.8	
278.99	2751.8	
279.2	4103.4	
279.41	4003.1	
279.62	3145	
279.83	2407	
280.04	4885.1	
280.25	3971	
280.46	3116.3	
280.67	2633.7	
280.88	4078.9	
281.09	4538.3	
281.3	2775.7	
281.51	3205.1	
281.72	4484.4	
281.93	4382	
282.14	2527.2	
282.35	2655.5	
282.56	4557.4	
282.77	4475.5	
282.98	2577	
283.19	2989.4	
283.4	5156.8	
283.61	4132.8	
283.82	2489	
284.03	3006.4	
284.24	4388.1	
284.45	4445.5	
284.66	3162.7	
284.87	2903.3	
285.08	4558.8	
285.29	4588.8	
285.5	2370.9	
285.71	2557.9	
285.92	4419.5	
286.12	4874.2	
286.33	3078.8	
286.54	2650.1	
286.75	4437.9	
286.96	4112.3	
287.17	2451.4	
287.38	2945	
287.59	4129.4	
287.8	4132.8	
288.01	2543.6	
288.22	2803.7	
288.43	4237.2	
288.64	3833.1	
288.85	2959.3	
289.06	2789.3	
289.27	4487.8	
289.48	4596.3	
289.69	3155.9	
289.9	2914.3	
290.11	4605.2	
290.32	4117.8	
290.53	2914.3	
290.74	2734	
290.94	4494.6	
291.15	4450.9	
291.36	2500.6	
291.57	2779.1	
291.78	4155.3	
291.99	3893.2	
292.2	2475.3	
292.41	2736.1	
292.62	4472.8	
292.83	4385.4	
293.04	3304.7	
293.25	2496.5	
293.46	4164.2	
293.67	4472.8	
293.88	2436.4	
294.09	2476.7	
294.29	4024.9	
294.5	4291.9	
294.71	2644.6	
294.92	2538.1	
295.13	4126	
295.34	4827.7	
295.55	2338.1	
295.76	2345.6	
295.97	4478.9	
296.18	4780.6	
296.39	2415.9	
296.6	2518.3	
296.81	4216.8	
297.01	4470.7	
297.22	2603	
297.43	2557.9	
297.64	4151.9	
297.85	3938.2	
298.06	2198.8	
298.27	2334	
298.48	4132.1	
298.69	4016.7	
298.9	2650.1	
299.11	2490.3	
299.31	4003.1	
299.52	3993.5	
299.73	2807.8	
299.94	2712.2	
300.15	4278.2	
300.36	4083	
300.57	2774.3	
300.78	2702.6	
300.99	4097.3	
301.2	4225	
301.4	2563.4	
301.61	2620	
301.82	4379.2	
302.03	4427	
302.24	2852.1	
302.45	2438.4	
302.66	4372.4	
302.87	4427	
303.08	2545.6	
303.29	3195.5	
303.49	4174.4	
303.7	4131.4	
303.91	2312.8	
304.12	3039.2	
304.33	3856.3	
304.54	4300.7	
304.75	2508.8	
304.96	2487.6	
305.16	4394.9	
305.37	4758.8	
305.58	2303.3	
305.79	2310.1	
306	4405.9	
306.21	3862.5	
306.42	2548.4	
306.63	3493.2	
306.83	4085	
307.04	4330.8	
307.25	2692.4	
307.46	2631	
307.67	3842	
307.88	4353.3	
308.09	2562	
308.29	2547.7	
308.5	4251.6	
308.71	4465.3	
308.92	2650.1	
309.13	2434.4	
309.34	4281.6	
309.55	4173.1	
309.75	3031.7	
309.96	2780.5	
310.17	4410.6	
310.38	3988.1	
310.59	2788	
310.8	2739.5	
311.01	4131.4	
311.21	4222.2	
311.42	2493.7	
311.63	2438.4	
311.84	4136.2	
312.05	4237.2	
312.26	2733.4	
312.46	2902	
312.67	4172.4	
312.88	3920.5	
313.09	2465.1	
313.3	2441.9	
313.51	4648.9	
313.71	4795.7	
313.92	2521.7	
314.13	2583.9	
314.34	4331.5	
314.55	4198.3	
314.76	2971.6	
314.96	2615.9	
315.17	4369	
315.38	4255.7	
315.59	2482.1	
315.8	2408.4	
316.01	4584.7	
316.21	4667.3	
316.42	2409.1	
316.63	2648	
316.84	4083	
317.05	4532.2	
317.26	2772.9	
317.46	2539.5	
317.67	4193.6	
317.88	4453	
318.09	2952.5	
318.3	2329.2	
318.5	4169	
318.71	4358.1	
318.92	3548.4	
319.13	2794.1	
319.34	4465.3	
319.54	4522.6	
319.75	2330.6	
319.96	2243.2	
320.17	4325.3	
320.38	4472.1	
320.58	2315.6	
320.79	2617.3	
321	4532.8	
321.21	4612	
321.42	2687.6	
321.62	2307.4	
321.83	4052.9	
322.04	4230.4	
322.25	2581.1	
322.46	2450.7	
322.66	4231.1	
322.87	4461.2	
323.08	2899.9	
323.29	2344.9	
323.5	4789.5	
323.7	3951.9	
323.91	3050.1	
324.12	2835.1	
324.33	4296.6	
324.53	4420.2	
324.74	2717.7	
324.95	2833	
325.16	3955.3	
325.37	4145.8	
325.57	2433	
325.78	2445.3	
325.99	4351.3	
326.2	3946.4	
326.4	3123.8	
326.61	2331.3	
326.82	4201.7	
327.03	4235.9	
327.24	3201.7	
327.44	3039.9	
327.65	4379.9	
327.86	3787.4	
328.07	2767.5	
328.27	2418	
328.48	4676.2	
328.69	3968.3	
328.9	3179.8	
329.1	2541.5	
329.31	4193.6	
329.52	4611.3	
329.73	2527.9	
329.93	2607.1	
330.14	4329.4	
330.35	4323.3	
330.56	3614.7	
330.76	2881.5	
330.97	4132.1	
331.18	4184	
331.39	2633	
331.59	2272.6	
331.8	4535.6	
332.01	4576.5	
332.22	2547	
332.42	2714.9	
332.63	4325.3	
332.84	3956	
333.05	2661	
333.25	2451.4	
333.46	4002.4	
333.67	4231.8	
333.88	2608.4	
334.08	2704	
334.29	5081	
334.5	4457.7	
334.7	2387.2	
334.91	3140.2	
335.12	3927.3	
335.33	4329.4	
335.53	2669.2	
335.74	3515.7	
335.95	4158.7	
336.16	3896.6	
336.36	2654.2	
336.57	2935.4	
336.78	3871.3	
336.98	4477.5	
337.19	3107.5	
337.4	2581.8	
337.61	4863.9	
337.81	3930.1	
338.02	2495.1	
338.23	2980.5	
338.43	4627.7	
338.64	4052.2	
338.85	2503.3	
339.05	3057.6	
339.26	4727.4	
339.47	3837.2	
339.68	2480.8	
339.88	3262.4	
340.09	4382	
340.3	4450.2	
340.5	2740.9	
340.71	2268.5	
340.92	4001.7	
341.13	4515.8	
341.33	2390	
341.54	2734.7	
341.75	4392.9	
341.95	4055.7	
342.16	2695.8	
342.37	2851.5	
342.57	3951.2	
342.78	4119.1	
342.99	2857.6	
343.19	2314.2	
343.4	4395.6	
343.61	4336.2	
343.81	2596.8	
344.02	2365.4	
344.23	4410	
344.43	4554.7	
344.64	2942.2	
344.85	2836.4	
345.06	4397	
345.26	4487.1	
345.47	2757.2	
345.68	3108.1	
345.88	3938.2	
346.09	4513	
346.3	2786.6	
346.5	2194.1	
346.71	4149.9	
346.92	4050.2	
347.12	2418.7	
347.33	2733.4	
347.54	4431.8	
347.74	4648.2	
347.95	2738.1	
348.16	2219.3	
348.36	4102.1	
348.57	3958	
348.78	2782.5	
348.98	2846.7	
349.19	4169.7	
349.39	3831.1	
349.6	2397.5	
349.81	2525.1	
350.01	4414.1	
350.22	4017.4	
350.43	2713.6	
350.63	3038.5	
350.84	4171	
351.05	3961.5	
351.25	2505.3	
351.46	2357.2	
351.67	4388.8	
351.87	3962.1	
352.08	2613.2	
352.29	2904.7	
352.49	4462.5	
352.7	4422.9	
352.9	2394.8	
353.11	2819.4	
353.32	4784.1	
353.52	4082.3	
353.73	2400.9	
353.94	2910.2	
354.14	4383.3	
354.35	4199	
354.55	2529.2	
354.76	2677.4	
354.97	4318.5	
355.17	4149.2	
355.38	2463.7	
355.59	2997.5	
355.79	4014.7	
356	4131.4	
356.2	2693.8	
356.41	2448.7	
356.62	3943	
356.82	4192.9	
357.03	2818.7	
357.24	2579.8	
357.44	3981.9	
357.65	4106.2	
357.85	3254.2	
358.06	2699.2	
358.27	3867.9	
358.47	3925.3	
358.68	2417.3	
358.88	2760	
359.09	4309.6	
359.3	4465.9	
359.5	3115.6	
359.71	2822.8	
359.91	4627	
360.12	4278.9	
360.33	2832.3	
360.53	3077.4	
360.74	4074.8	
360.94	4042	
361.15	2912.9	
361.36	2568.2	
361.56	4521.9	
361.77	4154	
361.97	3168.9	
362.18	2684.2	
362.38	4476.2	
362.59	3952.6	
362.8	2540.2	
363	2448	
363.21	3953.3	
363.41	4168.3	
363.62	2732	
363.83	3164.1	
364.03	4373.8	
364.24	4731.5	
364.44	3362.1	
364.65	3343.7	
364.85	4159.4	
365.06	4044.1	
365.27	2587.9	
365.47	2671.9	
365.68	4631.1	
365.88	4110.3	
366.09	2848.7	
366.29	2611.2	
366.5	4239.3	
366.71	4442.7	
366.91	3257	
367.12	2867.8	
367.32	4861.9	
367.53	4399	
367.73	2985.9	
367.94	3429.7	
368.14	4448.2	
368.35	4662.5	
368.56	2884.9	
368.76	2537.4	
368.97	4440	
369.17	5253	
369.38	2598.2	
369.58	2788.7	
369.79	3898	
369.99	4707.6	
370.2	3353.2	
370.4	2816.6	
370.61	4311.7	
370.82	4993.6	
371.02	2785.2	
371.23	2441.9	
371.43	3993.5	
371.64	4729.4	
371.84	2810.5	
372.05	3382.6	
372.25	5175.9	
372.46	4343.7	
372.66	2780.5	
372.87	2757.9	
373.07	4389.5	
373.28	5427.1	
373.48	3283.6	
373.69	3108.1	
373.9	4312.3	
374.1	4276.8	
374.31	3255.6	
374.51	3039.2	
374.72	4601.8	
374.92	4096.6	
375.13	3300.6	
375.33	2925.2	
375.54	4403.8	
375.74	4161.5	
375.95	3007.1	
376.15	3706.1	
376.36	4532.2	
376.56	4435.9	
376.77	3094.5	
376.97	3282.9	
377.18	5118.6	
377.38	4515.1	
377.59	3336.8	
377.79	2847.4	
378	4418.2	
378.2	4566.3	
378.41	2863.7	
378.61	2781.1	
378.82	4726	
379.02	4304.1	
379.23	2942.2	
379.43	3461.7	
379.64	4857.1	
379.84	4495.3	
380.05	2868.5	
380.25	2790	
380.46	4574.5	
380.66	4341.7	
380.87	3506.8	
381.07	3720.5	
381.28	4861.9	
381.48	4567.7	
381.69	2833	
381.89	2891.7	
382.1	4027	
382.3	4549.9	
382.51	3440.6	
382.71	3907.5	
382.91	4405.9	
383.12	4769.7	
383.32	3040.6	
383.53	3104	
383.73	4475.5	
383.94	4412	
384.14	3108.8	
384.35	2648	
384.55	4231.8	
384.76	4514.4	
384.96	3037.1	
385.17	3252.2	
385.37	4604.5	
385.58	4070	
385.78	3154.6	
385.98	2641.9	
386.19	4258.4	
386.39	4548.5	
386.6	2892.4	
386.8	3045.3	
387.01	4575.2	
387.21	4631.1	
387.42	3277.4	
387.62	3529.3	
387.83	4285	
388.03	4349.9	
388.23	3149.1	
388.44	3439.2	
388.64	4066.6	
388.85	4093.2	
389.05	3330.7	
389.26	3562.8	
389.46	5308.3	
389.67	4923.3	
389.87	3362.1	
390.07	3289.7	
390.28	4345.1	
390.48	4156.7	
390.69	2897.9	
390.89	3067.2	
391.1	4373.8	
391.3	4751.3	
391.5	3642	
391.71	3915.7	
391.91	4681.7	
392.12	5020.9	
392.32	3749.8	
392.53	3289	
392.73	4407.9	
392.93	4431.1	
393.14	3181.2	
393.34	3515.7	
393.55	4758.8	
393.75	4401.8	
393.95	3151.8	
394.16	3056.9	
394.36	4349.2	
394.57	4688.5	
394.77	2891	
394.98	2983.2	
395.18	4289.1	
395.38	4301.4	
395.59	3507.5	
395.79	2998.2	
396	4489.1	
396.2	4678.9	
396.4	3449.5	
396.61	3385.3	
396.81	4644.8	
397.02	4309.6	
397.22	3632.4	
397.42	3580.5	
397.63	4837.3	
397.83	4369	
398.04	3054.9	
398.24	3274.7	
398.44	4705.5	
398.65	4091.2	
398.85	2988.7	
399.05	2973	
399.26	4444.8	
399.46	5237.3	
399.67	3271.3	
399.87	3060.3	
400.07	4656.4	
400.28	4853.7	
400.48	3086.3	
400.69	3740.3	
400.89	4855.1	
401.09	5218.9	
401.3	3100.6	
401.5	3709.6	
401.7	5229.8	
401.91	5397.1	
402.11	3398.9	
402.32	3453.6	
402.52	4980.7	
402.72	4881.7	
402.93	3592.1	
403.13	2907.4	
403.33	5321.3	
403.54	4578.6	
403.74	3435.8	
403.94	3834.5	
404.15	4661.9	
404.35	5290.6	
404.56	3224.9	
404.76	4154	
404.96	4952.7	
405.17	4756.7	
405.37	3633.1	
405.57	3544.4	
405.78	5005.2	
405.98	4646.2	
406.18	3299.3	
406.39	3672	
406.59	4885.1	
406.79	4617.5	
407	3119.7	
407.2	3222.1	
407.4	5262.6	
407.61	4997.7	
407.81	3216.7	
408.01	4010.6	
408.22	4280.3	
408.42	5408	
408.62	3891.1	
408.83	3618.8	
409.03	4792.2	
409.23	4745.1	
409.44	3728	
409.64	3858.4	
409.84	5379.3	
410.05	5291.3	
410.25	3811.3	
410.45	3697.3	
410.66	5210	
410.86	6488.6	
411.06	3972.4	
411.27	3899.3	
411.47	6327.5	
411.67	5218.2	
411.88	4062.5	
412.08	4089.1	
412.28	5550	
412.49	5796.4	
412.69	4025.6	
412.89	3967.6	
413.09	5844.9	
413.3	5793.7	
413.5	4092.5	
413.7	3918.4	
413.91	5331.5	
414.11	5816.2	
414.31	4089.8	
414.52	4263.2	
414.72	5746.6	
414.92	5651	
415.12	3956.7	
415.33	4298	
415.53	5814.9	
415.73	5988.3	
415.94	4466.6	
416.14	4173.1	
416.34	5481.7	
416.55	5229.1	
416.75	4803.2	
416.95	4517.1	
417.15	6107.7	
417.36	6282.5	
417.56	5054.4	
417.76	4452.3	
417.97	6124.8	
418.17	6006.7	
418.37	4324.6	
418.57	4304.1	
418.78	6023.1	
418.98	5679.7	
419.18	4823.6	
419.38	4754	
419.59	5692	
419.79	5481	
419.99	4233.2	
420.2	4416.1	
420.4	6095.4	
420.6	6004.6	
420.8	4266.6	
421.01	4173.8	
421.21	5958.2	
421.41	5913.9	
421.61	4452.3	
421.82	4328	
422.02	5799.8	
422.22	6205.3	
422.42	4713.1	
422.63	4494.6	
422.83	5714.5	
423.03	6421.7	
423.23	4489.8	
423.44	3922.5	
423.64	5705	
423.84	5512.4	
424.04	4246.8	
424.25	4094.6	
424.45	6186.2	
424.65	6201.2	
424.85	3973.1	
425.06	4167.6	
425.26	6419.7	
425.46	5682.4	
425.66	4407.2	
425.87	4285.7	
426.07	6105	
426.27	5874.9	
426.47	4417.5	
426.67	4102.8	
426.88	6268.8	
427.08	5954.8	
427.28	4582.7	
427.48	3960.1	
427.69	5509	
427.89	5650.3	
428.09	4444.1	
428.29	3966.2	
428.5	5962.3	
428.7	5831.9	
428.9	4038.6	
429.1	4355.3	
429.3	5829.9	
429.51	5928.2	
429.71	4179.9	
429.91	4591.5	
430.11	6086.6	
430.31	6328.2	
430.52	4305.5	
430.72	4480.3	
430.92	6294.1	
431.12	6042.9	
431.32	4167.6	
431.53	4431.1	
431.73	5454.4	
431.93	6317.3	
432.13	4218.8	
432.33	4127.3	
432.54	5838.8	
432.74	5784.1	
432.94	4120.5	
433.14	4695.3	
433.34	6269.5	
433.55	5934.3	
433.75	4685.1	
433.95	5544.5	
434.15	6107.7	
434.35	5817.6	
434.56	4243.4	
434.76	4100.7	
434.96	6027.9	
435.16	6154.8	
435.36	4180.6	
435.56	4874.2	
435.77	5923.4	
435.97	5969.1	
436.17	5181.4	
436.37	4872.1	
436.57	5894.7	
436.78	5773.2	
436.98	5637.4	
437.18	5135.6	
437.38	6156.9	
437.58	5915.2	
437.78	5249.6	
437.99	4584	
438.19	6292.7	
438.39	6974	
438.59	4610	
438.79	4264.6	
438.99	6644.3	
439.2	5879	
439.4	4144.4	
439.6	4242.7	
439.8	5969.8	
440	6603.3	
440.2	4772.4	
440.4	4770.4	
440.61	6442.9	
440.81	6637.5	
441.01	4585.4	
441.21	5018.2	
441.41	6717.3	
441.61	6400.6	
441.81	5154.7	
442.02	5600.5	
442.22	6964.5	
442.42	6594.5	
442.62	4597	
442.82	4570.4	
443.02	6836.1	
443.22	6382.2	
443.43	4827.1	
443.63	4576.5	
443.83	6207.4	
444.03	6171.2	
444.23	5270.8	
444.43	5008.6	
444.63	6492.7	
444.83	7043	
445.04	4856.4	
445.24	5442.8	
445.44	6718.7	
445.64	6675.7	
445.84	5094	
446.04	5212.1	
446.24	6308.4	
446.44	6791.7	
446.65	4659.8	
446.85	4990.9	
447.05	6350.8	
447.25	6728.3	
447.45	4975.2	
447.65	4576.5	
447.85	6531	
448.05	6135.7	
448.25	5171.8	
448.46	5038.7	
448.66	6450.4	
448.86	6261.3	
449.06	4641.4	
449.26	5117.2	
449.46	6661.4	
449.66	6180.1	
449.86	5046.2	
450.06	4958.1	
450.26	6357.6	
450.47	6642.2	
450.67	5081.7	
450.87	5195	
451.07	6892.1	
451.27	6433.4	
451.47	4699.4	
451.67	5253	
451.87	6506.4	
452.07	6997.9	
452.27	4988.2	
452.47	4881	
452.67	6614.9	
452.88	6728.9	
453.08	4534.9	
453.28	5554.1	
453.48	7329.7	
453.68	6481.1	
453.88	4963.6	
454.08	4938.3	
454.28	6791.1	
454.48	6578.1	
454.68	5220.3	
454.88	5397.1	
455.08	6907.1	
455.28	6663.4	
455.48	4800.4	
455.68	5336.3	
455.89	7177.4	
456.09	7043	
456.29	5154.7	
456.49	5230.5	
456.69	7152.2	
456.89	6539.8	
457.09	5378	
457.29	5657.9	
457.49	7036.1	
457.69	7016.3	
457.89	5468.1	
458.09	5055.1	
458.29	6847.7	
458.49	7307.8	
458.69	5639.4	
458.89	5425.8	
459.09	7542.7	
459.29	7458	
459.49	5420.3	
459.69	5810.8	
459.9	7220.5	
460.1	7115.3	
460.3	5373.9	
460.5	5334.3	
460.7	7346.7	
460.9	6950.1	
461.1	5141.1	
461.3	5767.8	
461.5	7667.6	
461.7	7339.2	
461.9	5416.2	
462.1	5655.1	
462.3	7270.3	
462.5	7557	
462.7	5519.3	
462.9	5537	
463.1	8110.6	
463.3	7968.6	
463.5	5791.7	
463.7	6331	
463.9	7552.2	
464.1	7671.7	
464.3	6012.2	
464.5	6067.4	
464.7	7877.2	
464.9	7773.4	
465.1	6875.7	
465.3	6288.6	
465.5	8050.6	
465.7	8151.6	
465.9	6485.2	
466.1	6198.5	
466.3	7985	
466.5	7897	
466.7	6931	
466.9	6194.4	
467.1	8198	
467.3	8381.7	
467.5	6956.9	
467.7	6366.5	
467.9	8666.3	
468.1	9062.3	
468.3	6713.2	
468.5	6935.1	
468.7	8064.2	
468.9	7965.2	
469.1	6592.4	
469.3	6893.5	
469.5	9066.4	
469.7	7989.8	
469.9	6750.8	
470.1	6509.1	
470.3	8327.7	
470.5	8196	
470.7	7204.8	
470.9	6535.8	
471.1	8034.2	
471.3	8267	
471.5	6560.3	
471.69	7339.9	
471.89	8143.4	
472.09	7595.9	
472.29	6821.8	
472.49	6847	
472.69	7786.4	
472.89	8105.9	
473.09	6438.8	
473.29	6366.5	
473.49	7968	
473.69	7758.4	
473.89	6776.7	
474.09	6397.2	
474.29	8518.2	
474.49	8439.7	
474.69	6858	
474.89	6539.2	
475.09	7925.6	
475.29	7944.8	
475.49	6208.8	
475.69	6427.9	
475.88	8721.6	
476.08	8219.2	
476.28	6263.4	
476.48	6344.6	
476.68	8373.5	
476.88	8117.5	
477.08	6355.5	
477.28	6488.6	
477.48	8055.3	
477.68	8120.9	
477.88	6146.6	
478.08	6432	
478.28	8467.7	
478.48	7935.9	
478.67	6486.6	
478.87	5995.1	
479.07	8358.4	
479.27	7971.4	
479.47	6433.4	
479.67	6617.7	
479.87	8296.3	
480.07	8504.5	
480.27	6103.6	
480.47	6837.5	
480.67	8002.1	
480.87	8446.5	
481.06	6219	
481.26	6903	
481.46	8165.3	
481.66	8013.7	
481.86	6669.6	
482.06	7091.4	
482.26	8085.4	
482.46	8346.8	
482.66	6584.9	
482.86	6333.7	
483.05	8338.6	
483.25	7793.9	
483.45	7836.9	
483.65	6528.9	
483.85	7911.3	
484.05	7989.8	
484.25	6748.7	
484.45	7083.2	
484.65	8356.4	
484.84	8628.1	
485.04	6629.3	
485.24	6569.2	
485.44	8908	
485.64	7925.6	
485.84	6311.2	
486.04	7010.9	
486.24	8215.8	
486.44	8319.5	
486.63	6419.7	
486.83	6843.6	
487.03	8226.7	
487.23	8291.5	
487.43	6425.2	
487.63	7606.8	
487.83	8447.9	
488.02	8412.4	
488.22	6968.6	
488.42	7372	
488.62	8916.2	
488.82	8185	
489.02	6801.3	
489.22	6888	
489.41	8588.5	
489.61	8749.6	
489.81	6636.1	
490.01	6753.5	
490.21	8974.2	
490.41	9184.5	
490.61	6893.5	
490.8	6889.4	
491	8650.6	
491.2	8338.6	
491.4	7167.2	
491.6	6773.3	
491.8	8798.1	
491.99	8553.7	
492.19	6620.4	
492.39	6797.2	
492.59	8728.4	
492.79	8841.8	
492.99	7132.4	
493.18	6694.8	
493.38	8968.7	
493.58	9319.6	
493.78	7187.7	
493.98	6907.1	
494.18	8802.2	
494.37	8561.2	
494.57	7475.8	
494.77	7400	
494.97	9070.5	
495.17	9198.8	
495.37	7279.2	
495.56	7531.7	
495.76	9291.6	
495.96	9296.4	
496.16	8049.2	
496.36	7617.1	
496.55	9615.2	
496.75	9280.7	
496.95	7785	
497.15	7830.1	
497.35	9602.2	
497.54	9559.9	
497.74	7709.2	
497.94	8573.5	
498.14	9987.3	
498.34	9701.9	
498.53	7464.2	
498.73	7944.8	
498.93	9231.6	
499.13	9613.2	
499.33	8067.6	
499.52	7980.9	
499.72	9891.7	
499.92	9602.2	
500.12	7774.8	
500.32	7976.2	
500.51	9778.4	
500.71	9691	
500.91	8391.2	
501.11	8195.3	
501.31	9895.8	
501.5	10149	
501.7	8639.7	
501.9	7968	
502.1	9647.3	
502.29	10019	
502.49	8309.3	
502.69	8634.9	
502.89	9909.4	
503.09	9921.7	
503.28	7678.5	
503.48	7807.5	
503.68	9509.4	
503.88	9396.1	
504.07	8349.6	
504.27	7924.3	
504.47	9703.3	
504.67	9679.4	
504.86	8330.5	
505.06	8103.8	
505.26	9558.6	
505.46	10152	
505.65	8062.2	
505.85	8081.3	
506.05	9407	
506.25	9601.6	
506.44	7546.8	
506.64	7970	
506.84	9302.6	
507.04	9645.3	
507.23	7645.8	
507.43	7819.1	
507.63	10248	
507.83	9142.8	
508.02	7755	
508.22	7664.2	
508.42	10371	
508.62	9173.5	
508.81	7795.9	
509.01	8145.5	
509.21	9176.3	
509.4	9341.5	
509.6	7860.1	
509.8	7546.1	
510	9204.9	
510.19	9699.2	
510.39	7554.3	
510.59	7554.3	
510.79	9293	
510.98	9854.1	
511.18	7791.8	
511.38	7674.4	
511.57	9884.9	
511.77	9450.7	
511.97	8065.6	
512.17	7514.7	
512.36	9762	
512.56	9456.2	
512.76	7643	
512.95	7487.4	
513.15	9775	
513.35	8841.1	
513.55	8010.3	
513.74	7543.4	
513.94	9689.6	
514.14	9269.1	
514.33	8167.3	
514.53	7851.2	
514.73	9476	
514.92	9440.5	
515.12	7634.1	
515.32	7661.5	
515.51	9473.2	
515.71	9531.2	
515.91	8499.8	
516.11	7641	
516.3	10385	
516.5	9360.6	
516.7	8093.6	
516.89	8273.8	
517.09	9396.1	
517.29	9389.3	
517.48	8360.5	
517.68	7826	
517.88	9041.1	
518.07	9570.2	
518.27	8168	
518.47	7604.8	
518.66	9829.6	
518.86	9271.2	
519.06	7499	
519.25	7818.5	
519.45	9306	
519.65	10071	
519.84	8153	
520.04	8474.5	
520.24	10393	
520.43	9648.7	
520.63	8076.5	
520.83	7978.9	
521.02	9474.6	
521.22	9678	
521.42	8092.9	
521.61	8389.2	
521.81	9326.4	
522.01	9471.9	
522.2	8047.2	
522.4	7744.7	
522.6	9749	
522.79	8983.8	
522.99	7996	
523.18	7577.5	
523.38	9737.4	
523.58	9597.5	
523.77	8581	
523.97	7732.4	
524.17	10602	
524.36	10245	
524.56	8470.4	
524.76	8320.9	
524.95	9806.4	
525.15	9738.1	
525.34	8367.3	
525.54	8411	
525.74	10309	
525.93	9719	
526.13	9140.1	
526.33	8520.2	
526.52	10615	
526.72	10235	
526.91	9270.5	
527.11	8879.3	
527.31	10505	
527.5	10733	
527.7	8858.1	
527.89	8370.7	
528.09	10085	
528.29	10449	
528.48	9040.4	
528.68	8705.2	
528.87	10615	
529.07	10553	
529.27	8994	
529.46	8677.9	
529.66	10712	
529.85	10894	
530.05	8848.6	
530.25	9204.3	
530.44	11495	
530.64	10462	
530.83	8896.4	
531.03	9024.7	
531.23	10955	
531.42	10662	
531.62	9322.4	
531.81	8954.4	
532.01	10849	
532.21	10883	
532.4	8993.3	
532.6	9259.5	
532.79	11424	
532.99	11073	
533.18	9379	
533.38	9876.7	
533.58	10925	
533.77	11181	
533.97	9485.5	
534.16	9809.8	
534.36	11542	
534.55	11045	
534.75	9920.4	
534.95	9488.2	
535.14	11600	
535.34	11086	
535.53	9349.7	
535.73	10451	
535.92	11933	
536.12	11084	
536.31	9515.5	
536.51	9965.4	
536.71	11446	
536.9	11000	
537.1	9409.1	
537.29	9486.9	
537.49	11387	
537.68	10878	
537.88	9798.8	
538.07	9260.2	
538.27	11206	
538.46	11695	
538.66	9254.8	
538.86	9568.8	
539.05	11241	
539.25	11470	
539.44	9831.6	
539.64	9482.1	
539.83	11152	
540.03	11672	
540.22	9394.7	
540.42	9441.8	
540.61	11292	
540.81	11381	
541	9594.1	
541.2	10009	
541.39	10944	
541.59	11087	
541.78	9918.3	
541.98	9348.3	
542.18	10841	
542.37	10739	
542.57	9557.2	
542.76	9869.2	
542.96	10858	
543.15	11084	
543.35	9519.6	
543.54	9087.5	
543.74	10748	
543.93	11004	
544.13	9388.6	
544.32	9936.1	
544.52	11006	
544.71	10620	
544.91	8862.9	
545.1	9365.4	
545.3	10686	
545.49	11001	
545.69	8745.5	
545.88	9206.3	
546.08	11600	
546.27	11110	
546.47	9290.3	
546.66	8917.5	
546.86	11067	
547.05	11217	
547.24	9051.3	
547.44	9097.8	
547.63	10558	
547.83	10952	
548.02	9235	
548.22	9232.9	
548.41	10355	
548.61	10958	
548.8	8957.1	
549	8944.2	
549.19	10801	
549.39	10890	
549.58	8774.2	
549.78	9050.7	
549.97	10911	
550.17	10489	
550.36	9543.5	
550.55	10090	
550.75	10567	
550.94	11052	
551.14	8921	
551.33	8927.1	
551.53	10219	
551.72	10626	
551.92	8982.4	
552.11	8955.1	
552.31	10731	
552.5	10603	
552.69	9761.3	
552.89	8565.3	
553.08	10822	
553.28	10499	
553.47	8798.1	
553.67	9442.5	
553.86	10963	
554.06	9977	
554.25	8370.7	
554.44	8738	
554.64	11294	
554.83	11163	
555.03	8675.9	
555.22	8841.1	
555.42	10711	
555.61	10552	
555.8	8796	
556	8749.6	
556.19	10151	
556.39	10456	
556.58	8779	
556.78	8716.2	
556.97	10547	
557.16	10275	
557.36	9406.3	
557.55	8612.4	
557.75	9903.3	
557.94	11026	
558.13	8608.3	
558.33	8451.3	
558.52	10793	
558.72	9937.4	
558.91	8535.9	
559.1	8589.2	
559.3	9992	
559.49	9849.4	
559.69	8443.1	
559.88	8819.9	
560.07	10415	
560.27	10664	
560.46	8940.1	
560.66	8886.1	
560.85	10370	
561.04	9821.4	
561.24	8443.1	
561.43	8583.7	
561.63	9910.8	
561.82	10118	
562.01	9163.3	
562.21	8693.6	
562.4	10273	
562.59	10792	
562.79	8612.4	
562.98	8432.2	
563.18	10300	
563.37	10948	
563.56	8897.1	
563.76	8606.9	
563.95	10125	
564.14	10056	
564.34	8783.7	
564.53	8517.5	
564.73	10466	
564.92	10491	
565.11	8806.9	
565.31	8381	
565.5	10743	
565.69	10092	
565.89	8698.4	
566.08	8813.8	
566.27	10477	
566.47	10836	
566.66	9233.6	
566.85	8469.7	
567.05	10580	
567.24	10208	
567.44	8712.1	
567.63	9332.6	
567.82	10569	
568.02	10372	
568.21	8738.7	
568.4	8789.9	
568.6	10451	
568.79	10312	
568.98	8625.4	
569.18	8711.4	
569.37	10453	
569.56	11391	
569.76	8951.7	
569.95	9476.6	
570.14	10752	
570.34	10515	
570.53	8651.3	
570.72	8759.8	
570.91	11027	
571.11	10572	
571.3	9024.7	
571.49	9505.3	
571.69	10590	
571.88	10200	
572.07	9198.8	
572.27	9157.8	
572.46	10195	
572.65	10741	
572.85	8876.6	
573.04	9085.5	
573.23	10987	
573.43	10697	
573.62	8781	
573.81	9074.5	
574	10761	
574.2	10492	
574.39	9036.3	
574.58	9153.1	
574.78	11194	
574.97	10772	
575.16	9431.6	
575.36	9438.4	
575.55	11271	
575.74	11138	
575.93	8972.8	
576.13	9605	
576.32	10905	
576.51	11023	
576.71	9286.9	
576.9	10010	
577.09	11361	
577.28	10991	
577.48	9368.1	
577.67	9009.7	
577.86	10989	
578.05	11033	
578.25	9381.7	
578.44	9305.3	
578.63	11005	
578.83	11546	
579.02	8995.4	
579.21	9884.9	
579.4	11101	
579.6	10898	
579.79	9379	
579.98	10553	
580.17	11226	
580.37	11403	
580.56	9174.9	
580.75	9535.3	
580.94	11407	
581.14	11499	
581.33	9824.8	
581.52	9320.3	
581.71	11157	
581.91	11566	
582.1	9161.2	
582.29	9415.2	
582.48	10933	
582.68	11110	
582.87	9603.6	
583.06	9587.2	
583.25	11383	
583.45	11086	
583.64	10019	
583.83	10225	
584.02	11159	
584.21	11385	
584.41	9904	
584.6	9602.9	
584.79	11234	
584.98	11538	
585.18	9363.3	
585.37	9466.4	
585.56	11101	
585.75	11426	
585.94	9374.2	
586.14	9837.1	
586.33	11642	
586.52	11236	
586.71	9794.1	
586.91	9550.4	
587.1	10821	
587.29	11416	
587.48	9436.4	
587.67	9317.6	
587.87	11245	
588.06	11004	
588.25	9914.9	
588.44	9491.7	
588.63	10742	
588.83	11144	
589.02	9279.3	
589.21	9155.1	
589.4	10808	
589.59	10795	
589.78	8727.1	
589.98	8811	
590.17	10202	
590.36	10451	
590.55	8243.1	
590.74	8421.2	
590.94	10765	
591.13	10106	
591.32	8264.2	
591.51	7878.5	
591.7	10023	
591.89	9929.2	
592.09	7984.3	
592.28	8261.5	
592.47	9527.2	
592.66	10724	
592.85	8143.4	
593.05	8309.3	
593.24	9976.3	
593.43	10470	
593.62	8520.9	
593.81	8552.3	
594	10113	
594.19	10109	
594.39	8338.6	
594.58	8268.3	
594.77	10194	
594.96	10436	
595.15	8303.1	
595.34	8578.3	
595.54	10114	
595.73	9705.3	
595.92	7945.4	
596.11	8409.6	
596.3	10307	
596.49	9697.1	
596.68	8155	
596.88	8389.8	
597.07	10165	
597.26	9580.4	
597.45	8060.1	
597.64	8602.8	
597.83	9813.9	
598.02	10088	
598.22	8094.9	
598.41	8454	
598.6	10107	
598.79	9658.9	
598.98	8158.4	
599.17	8692.3	
599.36	10133	
599.55	10479	
599.74	9028.8	
599.94	9030.9	
600.13	10261	
600.32	9680.1	
600.51	8039	
600.7	8021.9	
600.89	10519	
601.08	10575	
601.27	7919.5	
601.47	8391.9	
601.66	10084	
601.85	10421	
602.04	8414.4	
602.23	8333.9	
602.42	9725.1	
602.61	9977.7	
602.8	8128.4	
602.99	8134.5	
603.18	9852.8	
603.37	9901.9	
603.57	8362.5	
603.76	8641.7	
603.95	10342	
604.14	9998.9	
604.33	8230.1	
604.52	8251.9	
604.71	10002	
604.9	9708.7	
605.09	8589.9	
605.28	8523.6	
605.47	10438	
605.66	10016	
605.86	8548.9	
606.05	8227.4	
606.24	10301	
606.43	9428.8	
606.62	8522.3	
606.81	8630.8	
607	10236	
607.19	9796.8	
607.38	7956.4	
607.57	8011	
607.76	9710.8	
607.95	9282.1	
608.14	8468.4	
608.33	8640.4	
608.52	9654.1	
608.72	10096	
608.91	7932.5	
609.1	7906.5	
609.29	9823.4	
609.48	9382.4	
609.67	8363.9	
609.86	7800.7	
610.05	9524.4	
610.24	9598.8	
610.43	7816.4	
610.62	7671	
610.81	10309	
611	10163	
611.19	7909.9	
611.38	8243.8	
611.57	9880.8	
611.76	10281	
611.95	7770.7	
612.14	7736.5	
612.33	9664.4	
612.52	9437.7	
612.71	8043.7	
612.9	7663.5	
613.09	9236.3	
613.28	10471	
613.47	7892.9	
613.66	8416.5	
613.85	9861	
614.04	9417.2	
614.24	7991.2	
614.43	7600	
614.62	9863.7	
614.81	9836.4	
615	8150.9	
615.19	8270.4	
615.38	9426.8	
615.57	9611.1	
615.76	8188.5	
615.95	8617.2	
616.14	9906.7	
616.33	9685.5	
616.52	8396	
616.71	8526.4	
616.9	9749	
617.09	9715.6	
617.28	8061.5	
617.47	8551.6	
617.66	9425.4	
617.85	9353.1	
618.04	8483.4	
618.22	8206.2	
618.41	9532.6	
618.6	10245	
618.79	8277.2	
618.98	8220.5	
619.17	10289	
619.36	9434.3	
619.55	8352.3	
619.74	8313.4	
619.93	10051	
620.12	9809.8	
620.31	8471.1	
620.5	8744.1	
620.69	10357	
620.88	10643	
621.07	9056.1	
621.26	8643.1	
621.45	10199	
621.64	10268	
621.83	8786.5	
622.02	8305.2	
622.21	10264	
622.4	10183	
622.59	9067.7	
622.78	8978.3	
622.97	9947	
623.16	10549	
623.35	8925	
623.54	8313.4	
623.72	10109	
623.91	10041	
624.1	8901.2	
624.29	8223.3	
624.48	10904	
624.67	10435	
624.86	8871.8	
625.05	8415.8	
625.24	10879	
625.43	10144	
625.62	9716.9	
625.81	8560.5	
626	10347	
626.19	10175	
626.38	8826.1	
626.56	8551	
626.75	10017	
626.94	10585	
627.13	8914.1	
627.32	8302.5	
627.51	10531	
627.7	10946	
627.89	8285.4	
628.08	8873.8	
628.27	9948.3	
628.46	10058	
628.65	8318.2	
628.83	8172.1	
629.02	10320	
629.21	9879.4	
629.4	8585.1	
629.59	8670.4	
629.78	9875.3	
629.97	10324	
630.16	8800.1	
630.35	8486.1	
630.54	10781	
630.72	10536	
630.91	8490.9	
631.1	8764.6	
631.29	10139	
631.48	10238	
631.67	8875.9	
631.86	8416.5	
632.05	10165	
632.24	10060	
632.42	8398.7	
632.61	8608.3	
632.8	9958.6	
632.99	9779.1	
633.18	8714.1	
633.37	8833.6	
633.56	10201	
633.75	10323	
633.93	8777.6	
634.12	8674.5	
634.31	10754	
634.5	10398	
634.69	8571.4	
634.88	8761.2	
635.07	10290	
635.25	10433	
635.44	8966.7	
635.63	9202.2	
635.82	10044	
636.01	9342.8	
636.2	8966	
636.39	8778.3	
636.57	10732	
636.76	10311	
636.95	8527.1	
637.14	9075.2	
637.33	10336	
637.52	10679	
637.7	8363.9	
637.89	8965.3	
638.08	10118	
638.27	10746	
638.46	8957.1	
638.65	9030.2	
638.83	10795	
639.02	10003	
639.21	8683.4	
639.4	9059.5	
639.59	10132	
639.78	9981.8	
639.96	8329.8	
640.15	8467	
640.34	10163	
640.53	9944.3	
640.72	8185.7	
640.91	8411.7	
641.09	9714.9	
641.28	10344	
641.47	8496.3	
641.66	8841.1	
641.85	10071	
642.03	10103	
642.22	8517.5	
642.41	8344.1	
642.6	9662.3	
642.79	9406.3	
642.97	8344.1	
643.16	8563.2	
643.35	9549	
643.54	9452.1	
643.73	8152.3	
643.91	8458.8	
644.1	9448	
644.29	9833	
644.48	8086.7	
644.67	8149.6	
644.85	9361.3	
645.04	9792	
645.23	7824.6	
645.42	8064.2	
645.6	9333.3	
645.79	9871.2	
645.98	7788.4	
646.17	7275.1	
646.36	8966.7	
646.54	9234.3	
646.73	8026.7	
646.92	7510.6	
647.11	9110	
647.29	9540.1	
647.48	7462.1	
647.67	7319.4	
647.86	9572.9	
648.05	9598.8	
648.23	7557.7	
648.42	8221.2	
648.61	9310.7	
648.8	9243.2	
648.98	7363.8	
649.17	7555	
649.36	8854.1	
649.55	8650.6	
649.73	7358.4	
649.92	7769.3	
650.11	8856.1	
650.3	9163.3	
650.48	7511.3	
650.67	7436.2	
650.86	9288.9	
651.05	8606.9	
651.23	7438.2	
651.42	7413	
651.61	9029.5	
651.79	8684.8	
651.98	7468.9	
652.17	7255.3	
652.36	9032.9	
652.54	8424	
652.73	7417.7	
652.92	7274.4	
653.11	9020.6	
653.29	9220.6	
653.48	6972.7	
653.67	7436.9	
653.85	8880.7	
654.04	9456.2	
654.23	7523.6	
654.42	7285.3	
654.6	8617.2	
654.79	8865	
654.98	6907.8	
655.16	7131	
655.35	8231.5	
655.54	7901.1	
655.73	6682.5	
655.91	6541.2	
656.1	8417.8	
656.29	7929.7	
656.47	6335	
656.66	7267.6	
656.85	8141.4	
657.03	7991.2	
657.22	6823.1	
657.41	6909.8	
657.59	8303.8	
657.78	8352.3	
657.97	6840.9	
658.16	7171.3	
658.34	8802.2	
658.53	9028.1	
658.72	7591.1	
658.9	7844.4	
659.09	8589.9	
659.28	8526.4	
659.46	7032.7	
659.65	7043.6	
659.84	8467	
660.02	8795.3	
660.21	7126.2	
660.4	7026.6	
660.58	8938.7	
660.77	8566.7	
660.96	7299.6	
661.14	6803.4	
661.33	9196.1	
661.52	9116.9	
661.7	6873	
661.89	8492.9	
662.08	8419.2	
662.26	8065.6	
662.45	6922.8	
662.64	7000.6	
662.82	8806.9	
663.01	8256	
663.2	6956.9	
663.38	7425.9	
663.57	8630.1	
663.75	8598.1	
663.94	7090.1	
664.13	7643	
664.31	8470.4	
664.5	8576.2	
664.69	7258	
664.87	7475.8	
665.06	8233.5	
665.25	8566.7	
665.43	7667.6	
665.62	7587	
665.8	8675.9	
665.99	8350.9	
666.18	7131.7	
666.36	7099.6	
666.55	8740.7	
666.74	8578.3	
666.92	6960.4	
667.11	7722.9	
667.29	8433.5	
667.48	8659.5	
667.67	7444.4	
667.85	6826.6	
668.04	8282.7	
668.22	8296.3	
668.41	7060.7	
668.6	7272.3	
668.78	8243.8	
668.97	8439	
669.15	7245	
669.34	6730.3	
669.53	8307.2	
669.71	8494.3	
669.9	6729.6	
670.08	7062.8	
670.27	8116.1	
670.46	8523	
670.64	7225.2	
670.83	7451.9	
671.01	7977.5	
671.2	8287.4	
671.38	6926.9	
671.57	6763.1	
671.76	8794	
671.94	8994.7	
672.13	6733	
672.31	7154.2	
672.5	8776.2	
672.69	8191.2	
672.87	6881.9	
673.06	7066.2	
673.24	8508.6	
673.43	8295	
673.61	7137.9	
673.8	6954.2	
673.98	8430.8	
674.17	8562.6	
674.36	7253.2	
674.54	7117.4	
674.73	8180.3	
674.91	8601.5	
675.1	7075	
675.28	6768.5	
675.47	8321.6	
675.65	8640.4	
675.84	6898.9	
676.03	7074.4	
676.21	8213	
676.4	7925.6	
676.58	7283.9	
676.77	7173.4	
676.95	9021.3	
677.14	8241	
677.32	6663.4	
677.51	6791.1	
677.69	8643.1	
677.88	8103.8	
678.06	6711.2	
678.25	6817	
678.44	8376.9	
678.62	8175.5	
678.81	6604	
678.99	7078.5	
679.18	8795.3	
679.36	8518.9	
679.55	6862.1	
679.73	7236.8	
679.92	8467.7	
680.1	8215.1	
680.29	7597.3	
680.47	6877.8	
680.66	8209.6	
680.84	8580.3	
681.03	6640.2	
681.21	7084.6	
681.4	8185	
681.58	8123.6	
681.77	6747.4	
681.95	6765.1	
682.14	8587.1	
682.32	8763.3	
682.51	7191.8	
682.69	6521.4	
682.88	8095.6	
683.06	8230.1	
683.25	7025.9	
683.43	7245	
683.62	8338	
683.8	8495.7	
683.99	7314.7	
684.17	7034.8	
684.36	8802.9	
684.54	8127	
684.73	6569.9	
684.91	6651.8	
685.1	8254	
685.28	7799.3	
685.46	6642.9	
685.65	6509.8	
685.83	7954.3	
686.02	7603.4	
686.2	6085.2	
686.39	6131.6	
686.57	7349.5	
686.76	8089.5	
686.94	6167.8	
687.13	6311.8	
687.31	7832.1	
687.5	7727.7	
687.68	6008.1	
687.86	6470.9	
688.05	8661.5	
688.23	7417.1	
688.42	6665.5	
688.6	6298.2	
688.79	7683.3	
688.97	7765.2	
689.16	6542.6	
689.34	6009.4	
689.52	8060.8	
689.71	8349.6	
689.89	6734.4	
690.08	6460.7	
690.26	8008.9	
690.45	7782.3	
690.63	6858	
690.81	6608.1	
691	8031.5	
691.18	7843	
691.37	6619	
691.55	7753.6	
691.74	7710.6	
691.92	8766.7	
692.1	6545.3	
692.29	6244.9	
692.47	7869.7	
692.66	7475.8	
692.84	6308.4	
693.02	6527.6	
693.21	7377.5	
693.39	7834.2	
693.58	6681.2	
693.76	6277	
693.94	8424	
694.13	8396	
694.31	6536.4	
694.5	7050.5	
694.68	7780.9	
694.86	7993.9	
695.05	6802.7	
695.23	7034.1	
695.42	8338	
695.6	9471.2	
695.78	7137.2	
695.97	6743.3	
696.15	8484.7	
696.34	8058.1	
696.52	6649.8	
696.7	7088	
696.89	8238.3	
697.07	7888.1	
697.25	6888	
697.44	7563.1	
697.62	8202.1	
697.81	8223.3	
697.99	6630.6	
698.17	6949.4	
698.36	7852.6	
698.54	8162.5	
698.72	6840.2	
698.91	6283.9	
699.09	7873.8	
699.28	7682.6	
699.46	6616.3	
699.64	6458.6	
699.83	7838.3	
700.01	8200.7	
700.19	6967.9	
700.38	6112.5	
700.56	8140.7	
700.74	7733.8	
700.93	6277.7	
701.11	6786.3	
701.29	8072.4	
701.48	8689.5	
701.66	6422.4	
701.84	6614.3	
702.03	7978.2	
702.21	8409.6	
702.39	6340.5	
702.58	6727.6	
702.76	8311.3	
702.94	8227.4	
703.13	6373.3	
703.31	7614.3	
703.49	7991.2	
703.68	8310	
703.86	6468.2	
704.04	6943.3	
704.23	8143.4	
704.41	8218.5	
704.59	6540.5	
704.78	6924.9	
704.96	8934.6	
705.14	8279.3	
705.33	6518.7	
705.51	6826.6	
705.69	7845.1	
705.87	8425.3	
706.06	6864.8	
706.24	6395.8	
706.42	8176.2	
706.61	8179.6	
706.79	6951.5	
706.97	6334.4	
707.16	7874.4	
707.34	8107.9	
707.52	6851.1	
707.7	6489.3	
707.89	7770.7	
708.07	7762.5	
708.25	6944	
708.44	7179.5	
708.62	7696.3	
708.8	8367.3	
708.98	7000.6	
709.17	6507.1	
709.35	7936.6	
709.53	8011.7	
709.72	6308.4	
709.9	6388.3	
710.08	8193.2	
710.26	8057.4	
710.45	7109.2	
710.63	6533	
710.81	7850.5	
710.99	7896.3	
711.18	6784.2	
711.36	6344.6	
711.54	7671	
711.72	8016.4	
711.91	6473.6	
712.09	6134.3	
712.27	7761.8	
712.45	8183.7	
712.64	6378.1	
712.82	5948.7	
713	7347.4	
713.18	7344	
713.37	5869.5	
713.55	6500.3	
713.73	7755.7	
713.91	7026.6	
714.1	5873.6	
714.28	5569.1	
714.46	7304.4	
714.64	6769.2	
714.83	5027.8	
715.01	5289.9	
715.19	6668.2	
715.37	6049	
715.55	4895.3	
715.74	5079	
715.92	6698.9	
716.1	5644.9	
716.28	5545.9	
716.47	5091.3	
716.65	6194.4	
716.83	6039.5	
717.01	4851	
717.19	4810.7	
717.38	7144.7	
717.56	5840.8	
717.74	4925.4	
717.92	4494.6	
718.1	6478.4	
718.29	6059.3	
718.47	4321.9	
718.65	4754.7	
718.83	6612.2	
719.01	6638.1	
719.2	4569.7	
719.38	5188.9	
719.56	6539.2	
719.74	7385.7	
719.92	5115.8	
720.11	5507	
720.29	6691.4	
720.47	6206	
720.65	4760.2	
720.83	5160.9	
721.02	6236.7	
721.2	6043.6	
721.38	4961.5	
721.56	4541	
721.74	5670.1	
721.92	5694	
722.11	5123.3	
722.29	4982.7	
722.47	6392.4	
722.65	5864	
722.83	4522.6	
723.01	4871.4	
723.2	5851.7	
723.38	6126.2	
723.56	4175.1	
723.74	4768.4	
723.92	5590.3	
724.1	6214.9	
724.29	4390.8	
724.47	5014.8	
724.65	5798.5	
724.83	5649.7	
725.01	4343.7	
725.19	4754.7	
725.37	5588.9	
725.56	5467.4	
725.74	4218.8	
725.92	4352.6	
726.1	5634.6	
726.28	5872.2	
726.46	4554.7	
726.64	4356	
726.83	5819	
727.01	5834.7	
727.19	4219.5	
727.37	4640.7	
727.55	5872.9	
727.73	6093.4	
727.91	4171	
728.09	4104.1	
728.28	5958.9	
728.46	6116.6	
728.64	4590.9	
728.82	4549.9	
729	6556.2	
729.18	6272.2	
729.36	4135.5	
729.54	5334.3	
729.72	6760.3	
729.91	5897.5	
730.09	5368.4	
730.27	4646.2	
730.45	5958.9	
730.63	6176	
730.81	4868	
730.99	4465.9	
731.17	6581.5	
731.35	5754.1	
731.53	4749.9	
731.71	4583.4	
731.9	6410.1	
732.08	6391	
732.26	4692.6	
732.44	4469.4	
732.62	6374.6	
732.8	6157.6	
732.98	4831.2	
733.16	4301.4	
733.34	6122.7	
733.52	5326.8	
733.7	4582.7	
733.88	4645.5	
734.07	6016.9	
734.25	5914.5	
734.43	4314.4	
734.61	5000.5	
734.79	6607.4	
734.97	5853.1	
735.15	4291.9	
735.33	4457.1	
735.51	6022.4	
735.69	5760.3	
735.87	4971.1	
736.05	4585.4	
736.23	5872.2	
736.41	5594.4	
736.59	4567	
736.77	4500.8	
736.95	6016.2	
737.13	5653.8	
737.32	4246.8	
737.5	4252.9	
737.68	6341.9	
737.86	5653.1	
738.04	4135.5	
738.22	5024.3	
738.4	5569.1	
738.58	5764.3	
738.76	4341	
738.94	3910.3	
739.12	5646.2	
739.3	5588.2	
739.48	4649.6	
739.66	4542.4	
739.84	5686.5	
740.02	5705	
740.2	3904.8	
740.38	4042.7	
740.56	5870.2	
740.74	5094.7	
740.92	4444.8	
741.1	4291.9	
741.28	5617.6	
741.46	5316.5	
741.64	4123.2	
741.82	4365.6	
742	5578.7	
742.18	5489.9	
742.36	4129.4	
742.54	3993.5	
742.72	5854.5	
742.9	5057.1	
743.08	4286.4	
743.26	3646.7	
743.44	5714.5	
743.62	5701.5	
743.8	4390.2	
743.98	3894.6	
744.16	5535	
744.34	5308.3	
744.52	4245.4	
744.7	4222.2	
744.88	5637.4	
745.06	5370.5	
745.24	4272.7	
745.42	4277.5	
745.6	5689.9	
745.78	5614.2	
745.96	3689.1	
746.14	3776.5	
746.32	6044.9	
746.5	5493.3	
746.68	4037.9	
746.86	3756	
747.03	5685.8	
747.21	4930.1	
747.39	4067.3	
747.57	3689.8	
747.75	5278.3	
747.93	5498.1	
748.11	3681.6	
748.29	3668.6	
748.47	6143.9	
748.65	5130.2	
748.83	4050.9	
749.01	3870	
749.19	5374.6	
749.37	4825.7	
749.55	3889.8	
749.73	3859.7	
749.91	5270.1	
750.09	5153.4	
750.26	3847.5	
750.44	3522.5	
750.62	5212.1	
750.8	5104.9	
750.98	3496.6	
751.16	3654.3	
751.34	5264	
751.52	4918.5	
751.7	4061.8	
751.88	3448.8	
752.06	5464	
752.24	5261.2	
752.42	3459.7	
752.59	3635.1	
752.77	5093.3	
752.95	5755.5	
753.13	3973.1	
753.31	3691.8	
753.49	4937	
753.67	5131.5	
753.85	3789.4	
754.03	3521.1	
754.21	5308.3	
754.38	5380.7	
754.56	3552.5	
754.74	3063.8	
754.92	4721.9	
755.1	5002.5	
755.28	3019.4	
755.46	2983.9	
755.64	5537.7	
755.82	5461.9	
755.99	3102.7	
756.17	3087	
756.35	4087.7	
756.53	4865.3	
756.71	2467.1	
756.89	3084.9	
757.07	4553.3	
757.25	4200.4	
757.42	3223.5	
757.6	3674.7	
757.78	4691.9	
757.96	4147.8	
758.14	3068.5	
758.32	2846	
758.5	3922.5	
758.67	4410.6	
758.85	2966.1	
759.03	3003.7	
759.21	4500.1	
759.39	4166.3	
759.57	2743.6	
759.75	3349.8	
759.92	4928.1	
760.1	4581.3	
760.28	3513.6	
760.46	3654.3	
760.64	4411.3	
760.82	4371	
760.99	3444	
761.17	3116.3	
761.35	4883	
761.53	4206.5	
761.71	3209.8	
761.89	3524.6	
762.06	4746.5	
762.24	4573.1	
762.42	3303.4	
762.6	3043.3	
762.78	4489.8	
762.96	4812	
763.13	3454.2	
763.31	3186.6	
763.49	4902.8	
763.67	4496.7	
763.85	3688.4	
764.02	3944.4	
764.2	5201.2	
764.38	4523.3	
764.56	3178.4	
764.74	3648.1	
764.91	5124	
765.09	4509.6	
765.27	3138.2	
765.45	2962	
765.63	5175.2	
765.8	4999.1	
765.98	2854.9	
766.16	2957.3	
766.34	4210.6	
766.52	4199	
766.69	3448.8	
766.87	2855.6	
767.05	4538.3	
767.23	4867.3	
767.41	3021.4	
767.58	3128.6	
767.76	4814.8	
767.94	4833.9	
768.12	3129.3	
768.29	3366.2	
768.47	4378.6	
768.65	4882.4	
768.83	2893.8	
769	3368.9	
769.18	4332.8	
769.36	4634.6	
769.54	3393.5	
769.72	2857.6	
769.89	4883.7	
770.07	4734.9	
770.25	3016.7	
770.43	3701.4	
770.6	5288.5	
770.78	5277.6	
770.96	3119.7	
771.14	3461.7	
771.31	4813.4	
771.49	4425.7	
771.67	2751.8	
771.85	2791.4	
772.02	4016.1	
772.2	4358.1	
772.38	3173	
772.55	2919.7	
772.73	4586.8	
772.91	4468.7	
773.09	3108.1	
773.26	3143.6	
773.44	4580.6	
773.62	4388.1	
773.8	2882.9	
773.97	2760.7	
774.15	4580.6	
774.33	4422.2	
774.5	2834.4	
774.68	2948.4	
774.86	4601.8	
775.04	4354	
775.21	2845.3	
775.39	2815.3	
775.57	4502.8	
775.74	4621.6	
775.92	2732	
776.1	2604.3	
776.27	4422.2	
776.45	5084.4	
776.63	2777.7	
776.81	2623.4	
776.98	4367	
777.16	4800.4	
777.34	2887.6	
777.51	3036.5	
777.69	4348.5	
777.87	4156	
778.04	2984.6	
778.22	3153.9	
778.4	4159.4	
778.57	4588.1	
778.75	2562	
778.93	2707.4	
779.1	4164.2	
779.28	3927.3	
779.46	2540.2	
779.64	2721.1	
779.81	4641.4	
779.99	5018.2	
780.17	3125.9	
780.34	3205.8	
780.52	4367	
780.69	4317.8	
780.87	2975.7	
781.05	2755.2	
781.22	4406.5	
781.4	4345.8	
781.58	2788.7	
781.75	2312.2	
781.93	4455.7	
782.11	3922.5	
782.28	3258.3	
782.46	2768.9	
782.64	3913	
782.81	4435.9	
782.99	2859	
783.17	2777	
783.34	4388.1	
783.52	4065.9	
783.69	2846	
783.87	3304.1	
784.05	4091.2	
784.22	4044.7	
784.4	3306.8	
784.58	2980.5	
784.75	4653.7	
784.93	4158.1	
785.1	2708.1	
785.28	3063.1	
785.46	4497.3	
785.63	4029	
785.81	2810.5	
785.99	2686.3	
786.16	4215.4	
786.34	4281.6	
786.51	2666.5	
786.69	2992.8	
786.87	3870.7	
787.04	4142.4	
787.22	2702.6	
787.39	3080.8	
787.57	4103.4	
787.75	4593.6	
787.92	3266.5	
788.1	3194.1	
788.27	3957.4	
788.45	3749.8	
788.63	3051.5	
788.8	2359.3	
788.98	4364.9	
789.15	3641.3	
789.33	2486.9	
789.5	2696.5	
789.68	4519.2	
789.86	4597.7	
790.03	2935.4	
790.21	2656.2	
790.38	4560.1	
790.56	4092.5	
790.73	2622.1	
790.91	2576.3	
791.09	4016.7	
791.26	4422.2	
791.44	2835.8	
791.61	2448.7	
791.79	4111.6	
791.96	3972.4	
792.14	2539.5	
792.32	2355.8	
792.49	4046.1	
792.67	4138.9	
792.84	2624.8	
793.02	2448.7	
793.19	4373.1	
793.37	4547.9	
793.54	2312.8	
793.72	2517	
793.89	4628.4	
794.07	3953.3	
794.25	2818.7	
794.42	2338.8	
794.6	4574.5	
794.77	4283.7	
794.95	2927.9	
795.12	2605	
795.3	4035.2	
795.47	4220.9	
795.65	2902	
795.82	2779.8	
796	3875.4	
796.17	4836.6	
796.35	2688.3	
796.52	3088.3	
796.7	4325.3	
796.87	4413.4	
797.05	2642.6	
797.22	3138.2	
797.4	4345.1	
797.57	4831.2	
797.75	2837.8	
797.92	2626.9	
798.1	4569	
798.27	3807.9	
798.45	2383.2	
798.62	2464.4	
798.8	4182.6	
798.97	4394.3	
799.15	2800.3	
799.32	2781.8	
799.5	3768.9	
799.67	4083.6	
799.85	2937.5	
800.02	2340.8	
800.2	3984	
800.37	4015.4	
800.55	3039.2	
800.72	2654.9	
800.9	4414.1	
801.07	4589.5	
801.25	3324.5	
801.42	2828.2	
801.6	4435.2	
801.77	4066.6	
801.95	2728.6	
802.12	2601.6	
802.29	4283	
802.47	4147.1	
802.64	2833.7	
802.82	2281.4	
802.99	3961.5	
803.17	4421.6	
803.34	2755.2	
803.52	2564.1	
803.69	4798.4	
803.87	3789.4	
804.04	2783.2	
804.21	2766.1	
804.39	4637.3	
804.56	3959.4	
804.74	2427.5	
804.91	2804.4	
805.09	3960.8	
805.26	3962.8	
805.44	2504	
805.61	2664.4	
805.78	4407.2	
805.96	4281.6	
806.13	2802.3	
806.31	2936.1	
806.48	3642.7	
806.66	3948.5	
806.83	2831.7	
807	2722.4	
807.18	4028.4	
807.35	4136.2	
807.53	2694.4	
807.7	2340.8	
807.87	4537.6	
808.05	3916.4	
808.22	2917	
808.4	2344.9	
808.57	3835.8	
808.74	3745.1	
808.92	2641.2	
809.09	3112.2	
809.27	4022.2	
809.44	4200.4	
809.61	2323.1	
809.79	2534	
809.96	4790.2	
810.14	4274.1	
810.31	2338.8	
810.48	2874	
810.66	4014	
810.83	4296.6	
811.01	2587.9	
811.18	2770.2	
811.35	4390.8	
811.53	3560.1	
811.7	2943.6	
811.87	2795.5	
812.05	4111.6	
812.22	3889.8	
812.39	2588.6	
812.57	2469.2	
812.74	4022.9	
812.92	4845.5	
813.09	2681.5	
813.26	2784.6	
813.44	4715.8	
813.61	3871.3	
813.78	2271.9	
813.96	2874	
814.13	4011.3	
814.3	3876.8	
814.48	3091.8	
814.65	2637.1	
814.82	4567	
815	3762.8	
815.17	2688.3	
815.34	3119.7	
815.52	3901.4	
815.69	3913	
815.87	2631.6	
816.04	2611.8	
816.21	3853.6	
816.38	3697.3	
816.56	2650.8	
816.73	2484.2	
816.9	4810.7	
817.08	4270	
817.25	2539.5	
817.42	2896.5	
817.6	3743.7	
817.77	3874.8	
817.94	2773.6	
818.12	2433.7	
818.29	3861.8	
818.46	5049.6	
818.64	2607.7	
818.81	2383.2	
818.98	3882.3	
819.16	4878.9	
819.33	2875.3	
819.5	2699.9	
819.67	4140.3	
819.85	4493.9	
820.02	2699.9	
820.19	2835.8	
820.37	4105.5	
820.54	3877.5	
820.71	2753.8	
820.88	3243.3	
821.06	4014	
821.23	3818.1	
821.4	2732	
821.58	2765.4	
821.75	4272.7	
821.92	4035.2	
822.09	2401.6	
822.27	2415.2	
822.44	3956	
822.61	3901.4	
822.79	2347.7	
822.96	3893.9	
823.13	4067.9	
823.3	3708.2	
823.48	2589.3	
823.65	2381.1	
823.82	4427.7	
823.99	3749.8	
824.17	3114.3	
824.34	2411.1	
824.51	4831.2	
824.68	3989.4	
824.86	2546.3	
825.03	2723.1	
825.2	4006.5	
825.37	4514.4	
825.55	2555.9	
825.72	2682.2	
825.89	4772.4	
826.06	4487.8	
826.24	2621.4	
826.41	2713.6	
826.58	4562.2	
826.75	4062.5	
826.92	2345.6	
827.1	2442.5	
827.27	5687.9	
827.44	4612.7	
827.61	2585.9	
827.79	2923.8	
827.96	3886.4	
828.13	3924.6	
828.3	2691.7	
828.47	2325.1	
828.65	4260.5	
828.82	4138.9	
828.99	3111.5	
829.16	2772.3	
829.34	4427.7	
829.51	4329.4	
829.68	2645.3	
829.85	2724.5	
830.02	4739	
830.2	4375.8	
830.37	2230.2	
830.54	2989.4	
830.71	4779.3	
830.88	4022.9	
831.05	2177	
831.23	2480.1	
831.4	4741	
831.57	4928.8	
831.74	2508.1	
831.91	2256.2	
832.09	4325.3	
832.26	4409.3	
832.43	2527.9	
832.6	2747	
832.77	4209.9	
832.94	4623.6	
833.12	2164.7	
833.29	2533.3	
833.46	4231.8	
833.63	5111.7	
833.8	2752.5	
833.97	2508.1	
834.15	4425	
834.32	4343.1	
834.49	2643.9	
834.66	2682.8	
834.83	4390.8	
835	3897.3	
835.17	2472.6	
835.35	2493.7	
835.52	4410.6	
835.69	4229.1	
835.86	2590.7	
836.03	2243.2	
836.2	4429.8	
836.37	4138.9	
836.55	2514.9	
836.72	2443.2	
836.89	4158.7	
837.06	4498	
837.23	2594.8	
837.4	2716.3	
837.57	4828.4	
837.75	5070.1	
837.92	2373.6	
838.09	2529.2	
838.26	4131.4	
838.43	4457.1	
838.6	2640.5	
838.77	2425.5	
838.94	4902.8	
839.11	4831.2	
839.29	2566.8	
839.46	2099.2	
839.63	4442.7	
839.8	4203.8	
839.97	2445.3	
840.14	2483.5	
840.31	4315.1	
840.48	4402.5	
840.65	2194.1	
840.82	2430.3	
841	4387.4	
841.17	4240.7	
841.34	2295.8	
841.51	2397.5	
841.68	4393.6	
841.85	4226.3	
842.02	2422.1	
842.19	2103.9	
842.36	4266.6	
842.53	4291.9	
842.7	2333.3	
842.87	2676.7	
843.05	5107	
843.22	4125.3	
843.39	2257.5	
843.56	2448.7	
843.73	4179.2	
843.9	4494.6	
844.07	3379.1	
844.24	2915.6	
844.41	5528.8	
844.58	3981.9	
844.75	2290.3	
844.92	2366.1	
845.09	4304.1	
845.26	4364.9	
845.43	2298.5	
845.6	2480.1	
845.77	4379.9	
845.94	4249.5	
846.12	2516.3	
846.29	2620	
846.46	4554.7	
846.63	4349.2	
846.8	2316.3	
846.97	2697.9	
847.14	4598.4	
847.31	4339	
847.48	2499.9	
847.65	2736.1	
847.82	4237.2	
847.99	4472.1	
848.16	2899.9	
848.33	2734	
848.5	4071.4	
848.67	4583.4	
848.84	2280.1	
849.01	2411.8	
849.18	4108.9	
849.35	3878.9	
849.52	2760	
849.69	2322.4	
849.86	4553.3	
850.03	4465.9	
850.2	2362.7	
850.37	2670.6	
850.54	4556.7	
850.71	4068.6	
850.88	2653.5	
851.05	2230.2	
851.22	4214	
851.39	4627	
851.56	2209.1	
851.73	2600.9	
851.9	3947.8	
852.07	4453.6	
852.24	2500.6	
852.41	2386.6	
852.58	4370.4	
852.75	4021.5	
852.92	2561.3	
853.09	2266.4	
853.26	3912.3	
853.43	4568.3	
853.6	2338.1	
853.77	2054.1	
853.94	4668	
854.11	3922.5	
854.28	3119.1	
854.44	2454.8	
854.61	4798.4	
854.78	4536.9	
854.95	2323.8	
855.12	2743.6	
855.29	3743	
855.46	4681	
855.63	2319	
855.8	3001	
855.97	4070	
856.14	4558.8	
856.31	2993.4	
856.48	2428.9	
856.65	4190.1	
856.82	3871.3	
856.99	2266.4	
857.16	2415.9	
857.33	4973.8	
857.49	4187.4	
857.66	2451.4	
857.83	2599.6	
858	4192.2	
858.17	4262.5	
858.34	2202.9	
858.51	2375	
858.68	4624.3	
858.85	4702.8	
859.02	2620.7	
859.19	2692.4	
859.36	3974.4	
859.52	3828.3	
859.69	2321.7	
859.86	2624.1	
860.03	3927.3	
860.2	4647.5	
860.37	2197.5	
860.54	2349.7	
860.71	4458.4	
860.88	4628.4	
861.05	2494.4	
861.21	2893.1	
861.38	4644.8	
861.55	3848.8	
861.72	2164	
861.89	2540.2	
862.06	4468	
862.23	4659.1	
862.4	2287.6	
862.56	2367.5	
862.73	4399	
862.9	4246.1	
863.07	2635.1	
863.24	2157.2	
863.41	3934.8	
863.58	3934.8	
863.75	2319.7	
863.91	2676.7	
864.08	4472.1	
864.25	4400.4	
864.42	2738.8	
864.59	3028.9	
864.76	4702.1	
864.93	3944.4	
865.09	2245.3	
865.26	2458.9	
865.43	4592.2	
865.6	4733.5	
865.77	2085.5	
865.94	2283.5	
866.1	4564.9	
866.27	4347.2	
866.44	3233.1	
866.61	2210.4	
866.78	4121.2	
866.95	4372.4	
867.11	2309.4	
867.28	2114.9	
867.45	4629.8	
867.62	3936.2	
867.79	2566.1	
867.96	2338.8	
868.12	3917.8	
868.29	4452.3	
868.46	2328.5	
868.63	2826.9	
868.8	4509.6	
868.97	4372.4	
869.13	2413.2	
869.3	2413.9	
869.47	4268.6	
869.64	4480.3	
869.81	2310.8	
869.97	2338.1	
870.14	4215.4	
870.31	4593.6	
870.48	2232.3	
870.65	2818.7	
870.81	4179.9	
870.98	4148.5	
871.15	2534.7	
871.32	2379.7	
871.48	4323.9	
871.65	4692.6	
871.82	2273.2	
871.99	2514.2	
872.16	4920.6	
872.32	4557.4	
872.49	2369.5	
872.66	2318.3	
872.83	4435.9	
872.99	4013.3	
873.16	2570.2	
873.33	2288.3	
873.5	4242	
873.67	4325.3	
873.83	2408.4	
874	2926.5	
874.17	4326.7	
874.34	4694.6	
874.5	2848.7	
874.67	2707.4	
874.84	4546.5	
875.01	3804.4	
875.17	3054.2	
875.34	2318.3	
875.51	4271.4	
875.68	4970.4	
875.84	2747.7	
876.01	3073.3	
876.18	4433.9	
876.34	4390.8	
876.51	2282.1	
876.68	2248.7	
876.85	4105.5	
877.01	4599.7	
877.18	3037.1	
877.35	2279.4	
877.52	4353.3	
877.68	3949.2	
877.85	2356.5	
878.02	2278	
878.18	4013.3	
878.35	4099.4	
878.52	1942.2	
878.69	2608.4	
878.85	4532.2	
879.02	4411.3	
879.19	3102	
879.35	2424.8	
879.52	4440.7	
879.69	4421.6	
879.86	2114.2	
880.02	2531.3	
880.19	4252.9	
880.36	4811.4	
880.52	2588.6	
880.69	2661.7	
880.86	4531.5	
881.02	4457.1	
881.19	2532	
881.36	2449.4	
881.52	4425.7	
881.69	4015.4	
881.86	2470.5	
882.02	2422.7	
882.19	4558.1	
882.36	5110.4	
882.52	2372.9	
882.69	3044.6	
882.86	4298	
883.02	4312.3	
883.19	2649.4	
883.36	2562.7	
883.52	4481	
883.69	4855.1	
883.86	2353.1	
884.02	2194.1	
884.19	4362.2	
884.36	4261.8	
884.52	2519	
884.69	2534.7	
884.86	4102.8	
885.02	4709	
885.19	2545.6	
885.36	2540.2	
885.52	4141.7	
885.69	4351.3	
885.86	3096.5	
886.02	2796.8	
886.19	4468.7	
886.35	4055	
886.52	2514.2	
886.69	3037.1	
886.85	3870	
887.02	4588.8	
887.19	4588.8	
887.35	4588.8	
887.52	4588.8	
887.68	4588.8	
887.85	4588.8	
888.02	4588.8	
888.18	4588.8	
888.35	4588.8	
888.51	4588.8	
888.68	4588.8	
888.85	4588.8	
889.01	4588.8	
889.18	4588.8	
889.35	4588.8	
889.51	4588.8	
889.68	4588.8	
889.84	4588.8	
890.01	4588.8	
890.17	4588.8	
890.34	4588.8	
890.51	4588.8	
890.67	4588.8	
890.84	4588.8	
891	4588.8	
891.17	4588.8	
891.34	4588.8	
891.5	4588.8	
891.67	4588.8	
891.83	4588.8	
892	4588.8	
892.16	4588.8	
892.33	4588.8	
892.5	4588.8	
892.66	4588.8	
892.83	4588.8	
892.99	4588.8	
893.16	4588.8	
893.32	4588.8	
893.49	4588.8	
893.65	4588.8	
893.82	4588.8	
893.99	4588.8	
894.15	4588.8	
894.32	4588.8	
894.48	4588.8	
894.65	4588.8	
894.81	4588.8	
894.98	4588.8	
895.14	4588.8	
895.31	4588.8	
895.47	4588.8	
895.64	4588.8	
895.81	4588.8	
895.97	4588.8	
896.14	4588.8	
896.3	4588.8	
896.47	4588.8	
896.63	4588.8	
896.8	4588.8	
896.96	4588.8	
897.13	4588.8	
897.29	4588.8	
897.46	4588.8	
897.62	4588.8	
897.79	4588.8	
897.95	4588.8	
898.12	4588.8	
898.28	4588.8	
898.45	4588.8	
898.61	4588.8	
898.78	4588.8	
898.94	4588.8	
899.11	4588.8	
899.27	4588.8	
899.44	4588.8	
899.6	4588.8	
899.77	4588.8	
899.93	4588.8	
900.1	4588.8	
900.26	4588.8	
900.43	4588.8	
900.59	4588.8	
900.76	4588.8	
900.92	4588.8	
901.09	4588.8	
901.25	4588.8	
901.42	4588.8	
901.58	4588.8	
901.75	4588.8	
901.91	4588.8	
902.07	4588.8	
902.24	4588.8	
902.4	4588.8	
902.57	4588.8	
902.73	4588.8	
902.9	4588.8	
903.06	4588.8	
903.23	4588.8	
903.39	4588.8	
903.56	4588.8	
903.72	4588.8	
903.88	4588.8	
904.05	4588.8	
904.21	4588.8	
904.38	4588.8	
904.54	4588.8	
904.71	4588.8	
904.87	4588.8	
905.03	4588.8	
905.2	4588.8	
905.36	4588.8	
905.53	4588.8	
905.69	4588.8	
905.86	4588.8	
906.02	4588.8	
906.18	4588.8	
906.35	4588.8	
906.51	4588.8	
906.68	4588.8	
906.84	4588.8	
907.01	4588.8	
907.17	4588.8	
907.33	4588.8	
907.5	4588.8	
907.66	4588.8	
907.83	4588.8	
907.99	4588.8	
908.15	4588.8	
908.32	4588.8	
908.48	4588.8	
908.65	4588.8	
908.81	4588.8	
908.97	4588.8	
909.14	4588.8	
909.3	4588.8	
909.47	4588.8	
909.63	4588.8	
909.79	4588.8	
909.96	4588.8	
910.12	4588.8	
910.28	4588.8	
910.45	4588.8	
910.61	4588.8	
910.78	4588.8	
910.94	4588.8	
911.1	4588.8	
911.27	4588.8	
911.43	4588.8	
911.59	4588.8	
911.76	4588.8	
911.92	4588.8	
912.08	4588.8	
912.25	4588.8	
912.41	4588.8	
912.57	4588.8	
912.74	4588.8	
912.9	4588.8	
913.07	4588.8	
913.23	4588.8	
913.39	4588.8	
913.56	4588.8	
913.72	4588.8	
913.88	4588.8	
914.05	4588.8	
914.21	4588.8	
914.37	4588.8	
914.54	4588.8	
914.7	4588.8	
914.86	4588.8	
915.03	4588.8	
915.19	4588.8	
