Wavelength	Intensities	
nm	a.u.	
179.22	1903.2	
179.44	1901.2	
179.65	1905.3	
179.86	1897.1	
180.08	1935.3	
180.29	4877.6	
180.51	3487	
180.72	5685.8	
180.94	6621.1	
181.15	3219.4	
181.37	3213.3	
181.58	5452.4	
181.79	5788.9	
182.01	3446.7	
182.22	3631.7	
182.44	5851.7	
182.65	4859.1	
182.87	4585.4	
183.08	3953.3	
183.29	6013.5	
183.51	4990.9	
183.72	3629.7	
183.94	5350.7	
184.15	5372.5	
184.37	5451.7	
184.58	3282.9	
184.79	4421.6	
185.01	5032.5	
185.22	5743.9	
185.44	4635.2	
185.65	3907.5	
185.86	5274.2	
186.08	4912.4	
186.29	3130.7	
186.51	3321.1	
186.72	5001.8	
186.94	5889.3	
187.15	3834.5	
187.36	4014	
187.58	7663.5	
187.79	5552	
188.01	4173.1	
188.22	6447.7	
188.43	6655.2	
188.65	5711.1	
188.86	3352.5	
189.08	4014.7	
189.29	5236.7	
189.5	5246.2	
189.72	3730.7	
189.93	3761.4	
190.15	6001.9	
190.36	7122.2	
190.57	4106.9	
190.79	3947.1	
191	6049	
191.22	5965.7	
191.43	4099.4	
191.64	3305.4	
191.86	6253.8	
192.07	6029.9	
192.29	3510.9	
192.5	3738.9	
192.71	5941.2	
192.93	5126.1	
193.14	3670	
193.35	3814	
193.57	5216.2	
193.78	5917.9	
194	2998.2	
194.21	3642.7	
194.42	4952	
194.64	5451	
194.85	4007.9	
195.07	4724.7	
195.28	5431.2	
195.49	4687.1	
195.71	4939	
195.92	3420.1	
196.13	5576.6	
196.35	5744.6	
196.56	5236	
196.78	4026.3	
196.99	7001.3	
197.2	6584.2	
197.42	4621.6	
197.63	4044.1	
197.84	4846.2	
198.06	5627.8	
198.27	3686.3	
198.48	4986.8	
198.7	5234.6	
198.91	5363.6	
199.13	4023.6	
199.34	4031.1	
199.55	5817.6	
199.77	4709	
199.98	3594.9	
200.19	4088.4	
200.41	5304.9	
200.62	4978.6	
200.83	4247.5	
201.05	4568.3	
201.26	5329.5	
201.47	5040.1	
201.69	3565.5	
201.9	3454.2	
202.11	5424.4	
202.33	6400.6	
202.54	3855.6	
202.76	4268.6	
202.97	5501.5	
203.18	5539.8	
203.4	4261.8	
203.61	4097.3	
203.82	5442.8	
204.04	5051.7	
204.25	4115.1	
204.46	4047.5	
204.68	5421	
204.89	5694.7	
205.1	4001.7	
205.32	3463.8	
205.53	5828.5	
205.74	5978	
205.96	2903.3	
206.17	4106.2	
206.38	5791.7	
206.6	5961.6	
206.81	4646.8	
207.02	3810.6	
207.24	5681.1	
207.45	6088.6	
207.66	3919.8	
207.88	3302	
208.09	5592.3	
208.3	5382.7	
208.52	3546.4	
208.73	3849.5	
208.94	5361.6	
209.15	6105	
209.37	3888.4	
209.58	4064.5	
209.79	6001.2	
210.01	5208	
210.22	3122.5	
210.43	3231	
210.65	5369.8	
210.86	5812.8	
211.07	3949.8	
211.29	3522.5	
211.5	5789.6	
211.71	5320.6	
211.93	3558	
212.14	3516.4	
212.35	5334.3	
212.56	5625.1	
212.78	4073.4	
212.99	3295.2	
213.2	6316.6	
213.42	5195	
213.63	3674.7	
213.84	3898.6	
214.06	4796.3	
214.27	4861.9	
214.48	3842.7	
214.69	4159.4	
214.91	6066.8	
215.12	6140.5	
215.33	4164.9	
215.55	4624.3	
215.76	6668.9	
215.97	5739.8	
216.18	4023.6	
216.4	3880.2	
216.61	5175.9	
216.82	5869.5	
217.04	3578.5	
217.25	3697.3	
217.46	6034	
217.67	5838.1	
217.89	3158	
218.1	3272	
218.31	5533.6	
218.53	5653.8	
218.74	3774.4	
218.95	3653.6	
219.16	5413.5	
219.38	6321.4	
219.59	3613.3	
219.8	4288.4	
220.01	7000.6	
220.23	5406	
220.44	4717.2	
220.65	3494.5	
220.87	5487.9	
221.08	6025.8	
221.29	3308.2	
221.5	4334.2	
221.72	7413	
221.93	5122	
222.14	4085	
222.35	4786.8	
222.57	5408.7	
222.78	5825.1	
222.99	3878.9	
223.2	4223.6	
223.42	5709.7	
223.63	5846.3	
223.84	2956.6	
224.05	2945.7	
224.27	6882.5	
224.48	6356.2	
224.69	4835.9	
224.9	4125.3	
225.12	5599.8	
225.33	5356.8	
225.54	3234.4	
225.75	3647.4	
225.97	4980.7	
226.18	5257.8	
226.39	3925.3	
226.6	3623.5	
226.82	5169.1	
227.03	4999.8	
227.24	4100	
227.45	3362.8	
227.67	5769.8	
227.88	6324.8	
228.09	4501.4	
228.3	4587.4	
228.52	5817.6	
228.73	5406.6	
228.94	3752.6	
229.15	3394.2	
229.36	5352	
229.58	5216.2	
229.79	3814.7	
230	4381.3	
230.21	6483.2	
230.43	5470.1	
230.64	4060.4	
230.85	4247.5	
231.06	5791.7	
231.28	5835.3	
231.49	3359.4	
231.7	3945.8	
231.91	5721.3	
232.12	5474.9	
232.34	3437.2	
232.55	3981.9	
232.76	6067.4	
232.97	5608	
233.18	3544.4	
233.4	3976.5	
233.61	5669.5	
233.82	5195.7	
234.03	3725.3	
234.25	3651.5	
234.46	7540.6	
234.67	5489.2	
234.88	4199.7	
235.09	3624.2	
235.31	5727.5	
235.52	5295.4	
235.73	3986	
235.94	3423.5	
236.15	5146.5	
236.37	6574	
236.58	3557.3	
236.79	3876.1	
237	5739.8	
237.21	4917.2	
237.43	4199.7	
237.64	3249.4	
237.85	9819.3	
238.06	5025	
238.27	4303.5	
238.48	3408.5	
238.7	5712.5	
238.91	5251.7	
239.12	3827	
239.33	3933.5	
239.54	4980	
239.76	5300.8	
239.97	3867.2	
240.18	3911.6	
240.39	6771.3	
240.6	5701.5	
240.82	4018.8	
241.03	3272.7	
241.24	5380	
241.45	6266.8	
241.66	3482.2	
241.87	4223.6	
242.09	6122.7	
242.3	6532.3	
242.51	4237.9	
242.72	3897.3	
242.93	5858.6	
243.14	5335.6	
243.36	4479.6	
243.57	4873.5	
243.78	6296.8	
243.99	5801.2	
244.2	3930.1	
244.41	3605.8	
244.63	4966.3	
244.84	5774.6	
245.05	4164.9	
245.26	3877.5	
245.47	5685.8	
245.68	5974.6	
245.9	5143.1	
246.11	4058.4	
246.32	5296	
246.53	5639.4	
246.74	6351.4	
246.95	3215.3	
247.16	4874.2	
247.38	5370.5	
247.59	3278.8	
247.8	3926.6	
248.01	5113.8	
248.22	5356.1	
248.43	3503.4	
248.64	3776.5	
248.86	4771.8	
249.07	5203.9	
249.28	3402.4	
249.49	4018.1	
249.7	5996.5	
249.91	6044.9	
250.12	3190.7	
250.34	3287	
250.55	5543.9	
250.76	5406	
250.97	4061.1	
251.18	4045.4	
251.39	6103.6	
251.6	5619.6	
251.81	4097.3	
252.03	4106.9	
252.24	5136.3	
252.45	5906.3	
252.66	3390.8	
252.87	4304.1	
253.08	5435.3	
253.29	7144	
253.5	3411.2	
253.72	4706.2	
253.93	5208	
254.14	6421.7	
254.35	3695.9	
254.56	3782.6	
254.77	5713.2	
254.98	5008.6	
255.19	3630.4	
255.41	4662.5	
255.62	5545.2	
255.83	6085.2	
256.04	4156.7	
256.25	4055.7	
256.46	6606.1	
256.67	5098.8	
256.88	3963.5	
257.09	4431.8	
257.31	5114.5	
257.52	5082.4	
257.73	5043.5	
257.94	3713	
258.15	5229.1	
258.36	5451	
258.57	4617.5	
258.78	2921.1	
258.99	5896.8	
259.2	5259.9	
259.41	3728.7	
259.63	3833.8	
259.84	6230.6	
260.05	6666.1	
260.26	4816.1	
260.47	3648.8	
260.68	5971.2	
260.89	5328.1	
261.1	4497.3	
261.31	3544.4	
261.52	6004.6	
261.73	6339.1	
261.95	4776.5	
262.16	4215.4	
262.37	6103.6	
262.58	6223.1	
262.79	4772.4	
263	3828.3	
263.21	5466	
263.42	4911.7	
263.63	3803.1	
263.84	3751.2	
264.05	5933	
264.26	6316.6	
264.47	4632.5	
264.69	4170.3	
264.9	6143.2	
265.11	5646.9	
265.32	3604.4	
265.53	3691.8	
265.74	5588.2	
265.95	4825	
266.16	3913	
266.37	4412	
266.58	5518.6	
266.79	5242.1	
267	3719.1	
267.21	3401.7	
267.42	4978.6	
267.63	5421.7	
267.84	3917.1	
268.06	3335.5	
268.27	5811.5	
268.48	6149.4	
268.69	3771	
268.9	4463.9	
269.11	6122.7	
269.32	4937	
269.53	3880.2	
269.74	3637.9	
269.95	5709.7	
270.16	4808.6	
270.37	3898.6	
270.58	4504.2	
270.79	5248.9	
271	5900.2	
271.21	4200.4	
271.42	3891.8	
271.63	5590.3	
271.84	5000.5	
272.05	3151.8	
272.26	3521.8	
272.47	5407.3	
272.68	5642.8	
272.89	3717.7	
273.11	4323.9	
273.32	5246.2	
273.53	6348.7	
273.74	4248.2	
273.95	4132.8	
274.16	6079.7	
274.37	5462.6	
274.58	4265.9	
274.79	3392.1	
275	5559.6	
275.21	6165.8	
275.42	5165	
275.63	4441.4	
275.84	5677.7	
276.05	7154.9	
276.26	4114.4	
276.47	3794.9	
276.68	5292	
276.89	6491.4	
277.1	4394.9	
277.31	3426.3	
277.52	5630.5	
277.73	5845.6	
277.94	3401	
278.15	3717.1	
278.36	5658.5	
278.57	5053	
278.78	3723.2	
278.99	4223.6	
279.2	5029.1	
279.41	4993.6	
279.62	4969.1	
279.83	3481.5	
280.04	6625.9	
280.25	4918.5	
280.46	4840.7	
280.67	3895.2	
280.88	5035.3	
281.09	6090	
281.3	4100	
281.51	5194.3	
281.72	5104.9	
281.93	5945.9	
282.14	3597.6	
282.35	3946.4	
282.56	5976	
282.77	5900.2	
282.98	3803.8	
283.19	4599.7	
283.4	7256	
283.61	5360.9	
283.82	3396.2	
284.03	4891.2	
284.24	5533.6	
284.45	6037.4	
284.66	4774.5	
284.87	4638	
285.08	5969.1	
285.29	6210.1	
285.5	3331.4	
285.71	3856.3	
285.92	6077	
286.12	6722.8	
286.33	4827.1	
286.54	3799	
286.75	5951.4	
286.96	5285.8	
287.17	3464.5	
287.38	4775.9	
287.59	5017.5	
287.8	4986.1	
288.01	3857.7	
288.22	4393.6	
288.43	5517.2	
288.64	4929.5	
288.85	4538.3	
289.06	4317.1	
289.27	5864	
289.48	6340.5	
289.69	4844.8	
289.9	4362.9	
290.11	6062	
290.32	5145.2	
290.53	4560.8	
290.74	4244.8	
290.94	5900.2	
291.15	5930.9	
291.36	3718.4	
291.57	4381.3	
291.78	5182	
291.99	4825	
292.2	3481.5	
292.41	4244.8	
292.62	5986.9	
292.83	5754.1	
293.04	5231.2	
293.25	3573	
293.46	5177.3	
293.67	6036.7	
293.88	3665.9	
294.09	3512.9	
294.29	4954.7	
294.5	5558.9	
294.71	3939.6	
294.92	3711.6	
295.13	5222.3	
295.34	6494.8	
295.55	3262.4	
295.76	3381.9	
295.97	5833.3	
296.18	6651.8	
296.39	3428.3	
296.6	3650.8	
296.81	5509	
297.01	5834	
297.22	3796.3	
297.43	3658.4	
297.64	5051.7	
297.85	5053.7	
298.06	3063.8	
298.27	3308.2	
298.48	5480.4	
298.69	5107	
298.9	3978.5	
299.11	3538.9	
299.31	4990.2	
299.52	5010.7	
299.73	4311	
299.94	4161.5	
300.15	5431.2	
300.36	5035.3	
300.57	4195.6	
300.78	4135.5	
300.99	5321.3	
301.2	5513.1	
301.4	3638.6	
301.61	3984.7	
301.82	5746.6	
302.03	5847.6	
302.24	4457.7	
302.45	3454.2	
302.66	5664.7	
302.87	6176	
303.08	3685	
303.29	4995.7	
303.49	5175.2	
303.7	5458.5	
303.91	3248.1	
304.12	4724.7	
304.33	4912.4	
304.54	5619.6	
304.75	3659	
304.96	3487.7	
305.16	5711.1	
305.37	6514.6	
305.58	3188	
305.79	3318.4	
306	5725.4	
306.21	4854.4	
306.42	3569.6	
306.63	5618.3	
306.83	5280.3	
307.04	6116.6	
307.25	4002.4	
307.46	3990.1	
307.67	4634.6	
307.88	5835.3	
308.09	3618.8	
308.29	3779.2	
308.5	5499.5	
308.71	6016.2	
308.92	3881.6	
309.13	3514.3	
309.34	5361.6	
309.55	5309	
309.75	4591.5	
309.96	4214.7	
310.17	5801.2	
310.38	5115.1	
310.59	4411.3	
310.8	3423.5	
311.01	5239.4	
311.21	5237.3	
311.42	3437.9	
311.63	3622.9	
311.84	5165	
312.05	5527.5	
312.26	4054.3	
312.46	4477.5	
312.67	5243.5	
312.88	4930.8	
313.09	3515.7	
313.3	3452.2	
313.51	6217.6	
313.71	6633.4	
313.92	3508.9	
314.13	3719.8	
314.34	5558.9	
314.55	5358.9	
314.76	4534.9	
314.96	3946.4	
315.17	5471.5	
315.38	5808	
315.59	3547.1	
315.8	3348.4	
316.01	6371.9	
316.21	6419	
316.42	3405.8	
316.63	3915.7	
316.84	5255.8	
317.05	6154.1	
317.26	4173.8	
317.46	3769.6	
317.67	5369.8	
317.88	5812.1	
318.09	4517.1	
318.3	3293.1	
318.5	5162.2	
318.71	5792.3	
318.92	5732.9	
319.13	4162.8	
319.34	5943.2	
319.54	6115.9	
319.75	3278.1	
319.96	3147	
320.17	5799.2	
320.38	5975.3	
320.58	3201	
320.79	3861.8	
321	5984.8	
321.21	6210.1	
321.42	3867.9	
321.62	3210.5	
321.83	4976.6	
322.04	5439.4	
322.25	3740.3	
322.46	3583.3	
322.66	5517.2	
322.87	5724.8	
323.08	4364.2	
323.29	3492.5	
323.5	6525.5	
323.7	4932.2	
323.91	4835.3	
324.12	4354	
324.33	5523.4	
324.53	5745.9	
324.74	4203.8	
324.95	4384.7	
325.16	4817.5	
325.37	5193	
325.57	3540.9	
325.78	3613.3	
325.99	5470.8	
326.2	4947.2	
326.4	5068.7	
326.61	3253.5	
326.82	5354.1	
327.03	5539.8	
327.24	5085.1	
327.44	4769	
327.65	5685.2	
327.86	4569.7	
328.07	4195.6	
328.27	3433.1	
328.48	6090.7	
328.69	5021.6	
328.9	5124	
329.1	3809.2	
329.31	5328.8	
329.52	6307.7	
329.73	3488.4	
329.93	3989.4	
330.14	5421.7	
330.35	5713.2	
330.56	5819.6	
330.76	4368.3	
330.97	5218.9	
331.18	5644.9	
331.39	3957.4	
331.59	3137.5	
331.8	6032.6	
332.01	6206.7	
332.22	3646.1	
332.42	4149.9	
332.63	5546.6	
332.84	5077.6	
333.05	3951.9	
333.25	3605.1	
333.46	5178.6	
333.67	5454.4	
333.88	3702.7	
334.08	4136.2	
334.29	7236.8	
334.5	6092	
334.7	3444.7	
334.91	5037.3	
335.12	4983.4	
335.33	5883.1	
335.53	3928.7	
335.74	5847	
335.95	5276.3	
336.16	5038.7	
336.36	4016.7	
336.57	4510.3	
336.78	4937.7	
336.98	6056.5	
337.19	4901.5	
337.4	3892.5	
337.61	6559	
337.81	4917.9	
338.02	3596.2	
338.23	4673.5	
338.43	6168.5	
338.64	5069.4	
338.85	3541.6	
339.05	4674.1	
339.26	6240.2	
339.47	4838.7	
339.68	3551.2	
339.88	5246.2	
340.09	5638.7	
340.3	5945.9	
340.5	4164.2	
340.71	3212.6	
340.92	4948.6	
341.13	6200.6	
341.33	3428.3	
341.54	4199.7	
341.75	5650.3	
341.95	5313.8	
342.16	4054.3	
342.37	4327.4	
342.57	4988.2	
342.78	5450.3	
342.99	4426.3	
343.19	3178.4	
343.4	5851	
343.61	5711.1	
343.81	3781.2	
344.02	3512.3	
344.23	5816.9	
344.43	6343.2	
344.64	4356.7	
344.85	4203.8	
345.06	5696.1	
345.26	6032	
345.47	4072.7	
345.68	4844.1	
345.88	4840	
346.09	5940.5	
346.3	4248.2	
346.5	3160	
346.71	5451	
346.92	5155.4	
347.12	3297.2	
347.33	4038.6	
347.54	6025.1	
347.74	6378.7	
347.95	4078.9	
348.16	3056.3	
348.36	5268.1	
348.57	4962.9	
348.78	4025.6	
348.98	4359.4	
349.19	5367.7	
349.39	4889.2	
349.6	3235.8	
349.81	3639.9	
350.01	5677.7	
350.22	5148.6	
350.43	3949.8	
350.63	4721.3	
350.84	5483.1	
351.05	5250.3	
351.25	3582.6	
351.46	3247.4	
351.67	6070.2	
351.87	5154.1	
352.08	3808.5	
352.29	4360.8	
352.49	5907	
352.7	5989.6	
352.9	3448.8	
353.11	4285	
353.32	6649.8	
353.52	5190.2	
353.73	3394.8	
353.94	4400.4	
354.14	5717.2	
354.35	5482.4	
354.55	3506.8	
354.76	3955.3	
354.97	5688.6	
355.17	5466	
355.38	3316.3	
355.59	4661.2	
355.79	5132.2	
356	5533.6	
356.2	3930.7	
356.41	3435.8	
356.62	4876.9	
356.82	5298.8	
357.03	4217.5	
357.24	3801	
357.44	5171.8	
357.65	5286.5	
357.85	5017.5	
358.06	3908.9	
358.27	4855.1	
358.47	5124	
358.68	3286.3	
358.88	4156	
359.09	5700.2	
359.3	6051.1	
359.5	4835.3	
359.71	4265.9	
359.91	6515.3	
360.12	5868.8	
360.33	4151.9	
360.53	4624.3	
360.74	5066.7	
360.94	5094.7	
361.15	4332.8	
361.36	3587.4	
361.56	5978.7	
361.77	5297.4	
361.97	4878.9	
362.18	3807.9	
362.38	5922.7	
362.59	4981.3	
362.8	3465.8	
363	3345.7	
363.21	4753.3	
363.41	5480.4	
363.62	4024.3	
363.83	5100.8	
364.03	5521.3	
364.24	6511.2	
364.44	5094.7	
364.65	5078.3	
364.85	5268.1	
365.06	5112.4	
365.27	3666.5	
365.47	3747.1	
365.68	6291.4	
365.88	5247.6	
366.09	4071.4	
366.29	3741	
366.5	5520.6	
366.71	5980.8	
366.91	5137	
367.12	4253.6	
367.32	6551.5	
367.53	5830.6	
367.73	4209.3	
367.94	5270.8	
368.14	5797.1	
368.35	6694.1	
368.56	4226.3	
368.76	3531.4	
368.97	5885.2	
369.17	7533.8	
369.38	3697.3	
369.58	3906.2	
369.79	4895.3	
369.99	6230.6	
370.2	4958.8	
370.4	3970.3	
370.61	5554.1	
370.82	6737.8	
371.02	3838.6	
371.23	3228.3	
371.43	4805.2	
371.64	6155.5	
371.84	3958	
372.05	5152	
372.25	7447.1	
372.46	5884.5	
372.66	3998.3	
372.87	3893.2	
373.07	5862.7	
373.28	7525.6	
373.48	5034.6	
373.69	4701.5	
373.9	5359.5	
374.1	5378.6	
374.31	4841.4	
374.51	4386.7	
374.72	6137.1	
374.92	5093.3	
375.13	5040.1	
375.33	4255.7	
375.54	5778	
375.74	5156.1	
375.95	4261.8	
376.15	5502.2	
376.36	5707	
376.56	5601.9	
376.77	4390.8	
376.97	4767.7	
377.18	6855.2	
377.38	5879.7	
377.59	5189.6	
377.79	3801	
378	5609.4	
378.2	6065.4	
378.41	3950.5	
378.61	3835.8	
378.82	6143.2	
379.02	5181.4	
379.23	4062.5	
379.43	5229.8	
379.64	6170.5	
379.84	5795.8	
380.05	3902.1	
380.25	3827	
380.46	5941.8	
380.66	5469.4	
380.87	5234.6	
381.07	5566.4	
381.28	6563.1	
381.48	5892	
381.69	3919.1	
381.89	3916.4	
382.1	4827.7	
382.3	6101.6	
382.51	5062.6	
382.71	5887.2	
382.91	5988.9	
383.12	6429.9	
383.32	4270	
383.53	4516.5	
383.73	5767.8	
383.94	5593.7	
384.14	4342.4	
384.35	3586.7	
384.55	5468.8	
384.76	5963.7	
384.96	4291.2	
385.17	4592.2	
385.37	5891.3	
385.58	5216.2	
385.78	4663.2	
385.98	3533.4	
386.19	5367	
386.39	5760.9	
386.6	4061.1	
386.8	4299.4	
387.01	5879.7	
387.21	5961.6	
387.42	4706.9	
387.62	5330.9	
387.83	5256.5	
388.03	5897.5	
388.23	4261.1	
388.44	5183.4	
388.64	4853.7	
388.85	5039.4	
389.05	4648.9	
389.26	5341.8	
389.46	6919.4	
389.67	6313.9	
389.87	4688.5	
390.07	4713.1	
390.28	5524.1	
390.48	5122	
390.69	3887.7	
390.89	4180.6	
391.1	5362.9	
391.3	6289.3	
391.5	5425.1	
391.71	5988.9	
391.91	5952.1	
392.12	6982.2	
392.32	5500.8	
392.53	4779.3	
392.73	5404.6	
392.93	5652.4	
393.14	4344.4	
393.34	5191.6	
393.55	5966.4	
393.75	5570.5	
393.95	4376.5	
394.16	4322.6	
394.36	5284.4	
394.57	6004.6	
394.77	3751.9	
394.98	4280.9	
395.18	5229.8	
395.38	5348.6	
395.59	5168.4	
395.79	4065.9	
396	5421	
396.2	5923.4	
396.4	4896	
396.61	4820.9	
396.81	6053.1	
397.02	5298.8	
397.22	5182.7	
397.42	5202.5	
397.63	6037.4	
397.83	5253.7	
398.04	4037.2	
398.24	4477.5	
398.44	5840.8	
398.65	4958.1	
398.85	3825.6	
399.05	3959.4	
399.26	5275.6	
399.46	6981.5	
399.67	4327.4	
399.87	4014.7	
400.07	5520	
400.28	5920	
400.48	4122.6	
400.69	5270.8	
400.89	6242.2	
401.09	6707.8	
401.3	4050.9	
401.5	5200.5	
401.7	6890	
401.91	7135.1	
402.11	4433.2	
402.32	4719.9	
402.52	6232.7	
402.72	6196.5	
402.93	4843.4	
403.13	3715.7	
403.33	6952.9	
403.54	5760.9	
403.74	4549.2	
403.94	5473.5	
404.15	5717.9	
404.35	6837.5	
404.56	4317.8	
404.76	6110.5	
404.96	6173.9	
405.17	5967.8	
405.37	5498.1	
405.57	4835.9	
405.78	6257.9	
405.98	5683.1	
406.18	4334.2	
406.39	5288.5	
406.59	6224.5	
406.79	5799.8	
407	4150.5	
407.2	4230.4	
407.4	6171.9	
407.61	6259.3	
407.81	4139.6	
408.01	6210.1	
408.22	5144.5	
408.42	7205.4	
408.62	5238	
408.83	4705.5	
409.03	5800.5	
409.23	5617.6	
409.44	4812	
409.64	5177.9	
409.84	6736.5	
410.05	6622.4	
410.25	4929.5	
410.45	4747.9	
410.66	6062.7	
410.86	8561.2	
411.06	5186.8	
411.27	5020.3	
411.47	8284	
411.67	6260.6	
411.88	5298.8	
412.08	5500.8	
412.28	6858.6	
412.49	7432.1	
412.69	5011.4	
412.89	5083.1	
413.09	7225.2	
413.3	7047.1	
413.5	5133.6	
413.7	4727.4	
413.91	6324.1	
414.11	7223.2	
414.31	4844.8	
414.52	5348.6	
414.72	6804.7	
414.92	6731.7	
415.12	4928.1	
415.33	5415.5	
415.53	7166.5	
415.73	7320.1	
415.94	5803.9	
416.14	5203.2	
416.34	6083.1	
416.55	5907	
416.75	6454.5	
416.95	5844.9	
417.15	7107.8	
417.36	7905.8	
417.56	6631.3	
417.76	5747.3	
417.97	7497.6	
418.17	7154.9	
418.37	5317.2	
418.57	5416.2	
418.78	6954.9	
418.98	6628.6	
419.18	6290	
419.38	6168.5	
419.59	6638.1	
419.79	6267.5	
419.99	5196.4	
420.2	5634.6	
420.4	7219.1	
420.6	7375.4	
420.8	5083.7	
421.01	4962.9	
421.21	7017	
421.41	7196.6	
421.61	5618.9	
421.82	5245.5	
422.02	6501.6	
422.22	7530.4	
422.42	6018.3	
422.63	5726.1	
422.83	6595.1	
423.03	7871	
423.23	5668.8	
423.44	4625	
423.64	6726.9	
423.84	6471.6	
424.04	5077.6	
424.25	4762.2	
424.45	7653.3	
424.65	7578.8	
424.85	4658.4	
425.06	5258.5	
425.26	7544.7	
425.46	6578.1	
425.66	5678.3	
425.87	5416.2	
426.07	7342	
426.27	7243.7	
426.47	5575.3	
426.67	4851	
426.88	7710.6	
427.08	7086	
427.28	5692	
427.48	4811.4	
427.69	6062.7	
427.89	6724.8	
428.09	5683.8	
428.29	4840	
428.5	7405.5	
428.7	6924.2	
428.9	4790.9	
429.1	5402.5	
429.3	6821.1	
429.51	7234.8	
429.71	5056.4	
429.91	5874.9	
430.11	7025.2	
430.31	7423.2	
430.52	5345.9	
430.72	5676.3	
430.92	7761.8	
431.12	7191.8	
431.32	4997	
431.53	5468.1	
431.73	6068.8	
431.93	7789.1	
432.13	4899.4	
432.33	4846.2	
432.54	6522.1	
432.74	6942.6	
432.94	4804.5	
433.14	5889.3	
433.34	7103	
433.55	6697.5	
433.75	5787.6	
433.95	7608.2	
434.15	6880.5	
434.35	6555.5	
434.56	5014.1	
434.76	4476.9	
434.96	6807.4	
435.16	7008.1	
435.36	4827.1	
435.56	5983.5	
435.77	6469.5	
435.97	6670.2	
436.17	6752.2	
436.37	5950.7	
436.57	6462.7	
436.78	6329.6	
436.98	7047.1	
437.18	6511.2	
437.38	7156.3	
437.58	6761.7	
437.78	6670.2	
437.99	5272.2	
438.19	7239.6	
438.39	8043.1	
438.59	5248.3	
438.79	4735.6	
438.99	7838.9	
439.2	6646.3	
439.4	4769	
439.6	4764.9	
439.8	6992.4	
440	7989.1	
440.2	5823.1	
440.4	5982.1	
440.61	7372	
440.81	7980.9	
441.01	5051.7	
441.21	5978	
441.41	7764.5	
441.61	7418.4	
441.81	6190.3	
442.02	7324.9	
442.22	8298.4	
442.42	7496.2	
442.62	5095.3	
442.82	5148.6	
443.02	7843.7	
443.22	6870.9	
443.43	5547.3	
443.63	5124.7	
443.83	6722.1	
444.03	6747.4	
444.23	6344.6	
444.43	5950.7	
444.63	7043.6	
444.83	8288.8	
445.04	5182	
445.24	6584.2	
445.44	7447.1	
445.64	7526.3	
445.84	6077.7	
446.04	6109.8	
446.24	6797.9	
446.44	7776.8	
446.65	5210	
446.85	5553.4	
447.05	6823.8	
447.25	7729.7	
447.45	5700.9	
447.65	5014.8	
447.85	7068.2	
448.05	6724.2	
448.25	6135	
448.46	5877	
448.66	7066.2	
448.86	6767.2	
449.06	4890.5	
449.26	6148.7	
449.46	7436.2	
449.66	6450.4	
449.86	5567.1	
450.06	5633.3	
450.26	6713.9	
450.47	7254.6	
450.67	5808.7	
450.87	6163.7	
451.07	7348.1	
451.27	7134.4	
451.47	5113.1	
451.67	5699.5	
451.87	6757.6	
452.07	7950.9	
452.27	5421	
452.47	5336.3	
452.67	7158.3	
452.88	7697.6	
453.08	4721.9	
453.28	6738.5	
453.48	8298.4	
453.68	7026.6	
453.88	5255.8	
454.08	5477.6	
454.28	7316.7	
454.48	7094.8	
454.68	6024.4	
454.88	6618.4	
455.08	7566.6	
455.28	7247.1	
455.48	5132.2	
455.68	5679	
455.89	8035.5	
456.09	7737.9	
456.29	5468.1	
456.49	5535	
456.69	7888.1	
456.89	7088	
457.09	6049.7	
457.29	6333	
457.49	7418.4	
457.69	7591.1	
457.89	5867.4	
458.09	5289.2	
458.29	7204.1	
458.49	7922.9	
458.69	6281.8	
458.89	5737.7	
459.09	8175.5	
459.29	8342.1	
459.49	5864.7	
459.69	6651.1	
459.9	7679.9	
460.1	7192.5	
460.3	5689.9	
460.5	5417.6	
460.7	7646.4	
460.9	7337.9	
461.1	5152	
461.3	6407.4	
461.5	8238.3	
461.7	7959.8	
461.9	5609.4	
462.1	6075	
462.3	7336.5	
462.5	8008.2	
462.7	5576.6	
462.9	5698.1	
463.1	9032.2	
463.3	8740	
463.5	5942.5	
463.7	6878.4	
463.9	7628.7	
464.1	7976.2	
464.3	6032.6	
464.5	6287.9	
464.7	8228.1	
464.9	7947.5	
465.1	7608.2	
465.3	6695.5	
465.5	8620.6	
465.7	8603.5	
465.9	6834.8	
466.1	6687.3	
466.3	8377.6	
466.5	8178.9	
466.7	7626	
466.9	6479.8	
467.1	8113.4	
467.3	9128.5	
467.5	7543.4	
467.7	6382.8	
467.9	9256.1	
468.1	10238	
468.3	7210.2	
468.5	7679.9	
468.7	8108.6	
468.9	8119.5	
469.1	6641.6	
469.3	7470.3	
469.5	10092	
469.7	7658	
469.9	7137.2	
470.1	6501.6	
470.3	8122.2	
470.5	8094.9	
470.7	7808.2	
470.9	6573.3	
471.1	7931.8	
471.3	8399.4	
471.5	6315.3	
471.69	8340	
471.89	7850.5	
472.09	7318.1	
472.29	7125.6	
472.49	7570.7	
472.69	7524.9	
472.89	8398	
473.09	6196.5	
473.29	6430.6	
473.49	7742	
473.69	7871	
473.89	7348.8	
474.09	6533	
474.29	9206.3	
474.49	8812.4	
474.69	7360.4	
474.89	6688.7	
475.09	7937.9	
475.29	7865.6	
475.49	6109.1	
475.69	6407.4	
475.88	9529.9	
476.08	8190.5	
476.28	6035.4	
476.48	6524.1	
476.68	8641.7	
476.88	8519.5	
477.08	6298.2	
477.28	6537.8	
477.48	7972.7	
477.68	8675.9	
477.88	6057.2	
478.08	6427.9	
478.28	8914.1	
478.48	8024.6	
478.67	6531	
478.87	6014.9	
479.07	8743.5	
479.27	8191.9	
479.47	6728.9	
479.67	6717.3	
479.87	8596	
480.07	9038.4	
480.27	5910.4	
480.47	7662.1	
480.67	8234.9	
480.87	8788.5	
481.06	6176	
481.26	7166.5	
481.46	8090.8	
481.66	8058.1	
481.86	6700.3	
482.06	7735.9	
482.26	7765.9	
482.46	8925	
482.66	6625.2	
482.86	6206.7	
483.05	8151.6	
483.25	7551.5	
483.45	9143.5	
483.65	6614.9	
483.85	7772	
484.05	8055.3	
484.25	7096.9	
484.45	7527	
484.65	8953.7	
484.84	8899.8	
485.04	6551.5	
485.24	6476.4	
485.44	9132.6	
485.64	7440.3	
485.84	5855.1	
486.04	7303.1	
486.24	7857.4	
486.44	8310	
486.63	5780.7	
486.83	6567.8	
487.03	7746.1	
487.23	8011	
487.43	5909.8	
487.63	8381.7	
487.83	8091.5	
488.02	9089.6	
488.22	6905.1	
488.42	7518.8	
488.62	8928.5	
488.82	7856	
489.02	6587.6	
489.22	6645	
489.41	8834.3	
489.61	8458.1	
489.81	6326.2	
490.01	6295.5	
490.21	8748.9	
490.41	9383.8	
490.61	6247	
490.8	6440.9	
491	8272.4	
491.2	7575.4	
491.4	7085.3	
491.6	6218.3	
491.8	8264.9	
491.99	8318.2	
492.19	5951.4	
492.39	6334.4	
492.59	8712.1	
492.79	8766	
492.99	7167.2	
493.18	6163	
493.38	8706.6	
493.58	9669.8	
493.78	7005.4	
493.98	6550.8	
494.18	8505.2	
494.37	7935.9	
494.57	7178.1	
494.77	7170.6	
494.97	8628.1	
495.17	8974.2	
495.37	6692.8	
495.56	6989	
495.76	9263	
495.96	8909.3	
496.16	7957.7	
496.36	6847.7	
496.55	9129.2	
496.75	8641.1	
496.95	7321.5	
497.15	7064.8	
497.35	8945.5	
497.54	8989.2	
497.74	6866.8	
497.94	8708	
498.14	9768.8	
498.34	9527.2	
498.53	6642.9	
498.73	7423.2	
498.93	8373.5	
499.13	9079.3	
499.33	7235.5	
499.52	7610.3	
499.72	8871.8	
499.92	9345.6	
500.12	6882.5	
500.32	7094.8	
500.51	9198.8	
500.71	8994.7	
500.91	7995.3	
501.11	7550.9	
501.31	9216.5	
501.5	9538.1	
501.7	8335.2	
501.9	7264.8	
502.1	9000.1	
502.29	9282.8	
502.49	7742.7	
502.69	8178.9	
502.89	9102.5	
503.09	9101.9	
503.28	6709.8	
503.48	6832	
503.68	8345.5	
503.88	8408.3	
504.07	7849.9	
504.27	7365.2	
504.47	8728.4	
504.67	8944.2	
504.86	7673.7	
505.06	7434.1	
505.26	8469.7	
505.46	10368	
505.65	7301	
505.85	7426.6	
506.05	8325.7	
506.25	8897.1	
506.44	6627.2	
506.64	7614.3	
506.84	8209.6	
507.04	9275.3	
507.23	6763.8	
507.43	7397.3	
507.63	10316	
507.83	8496.3	
508.02	7426.6	
508.22	6935.1	
508.42	10480	
508.62	8254.7	
508.81	7505.8	
509.01	7583.6	
509.21	8001.4	
509.4	8263.6	
509.6	7365.9	
509.8	6627.2	
510	8231.5	
510.19	9809.8	
510.39	6694.8	
510.59	6794.5	
510.79	8015.7	
510.98	9613.2	
511.18	6802.7	
511.38	6935.1	
511.57	9011.7	
511.77	8814.5	
511.97	7600.7	
512.17	6571.9	
512.36	8931.9	
512.56	8882	
512.76	6630	
512.95	6344.6	
513.15	9091.6	
513.35	7591.1	
513.55	7505.1	
513.74	6698.9	
513.94	8984.4	
514.14	8355.7	
514.33	7665.5	
514.53	7509.9	
514.73	8293.6	
514.92	8578.3	
515.12	6832.7	
515.32	6707.1	
515.51	8645.8	
515.71	9299.1	
515.91	8460.8	
516.11	6808.8	
516.3	10386	
516.5	8341.4	
516.7	7425.9	
516.89	8057.4	
517.09	8488.8	
517.29	8378.2	
517.48	7763.2	
517.68	7084.6	
517.88	8115.4	
518.07	8774.2	
518.27	7625.3	
518.47	6644.3	
518.66	9430.2	
518.86	8008.9	
519.06	6438.8	
519.25	6926.2	
519.45	8345.5	
519.65	9852.8	
519.84	7615.7	
520.04	8277.2	
520.24	10192	
520.43	9013.8	
520.63	7296.2	
520.83	7071.6	
521.02	8213	
521.22	8835.6	
521.42	7451.9	
521.61	8072.4	
521.81	8341.4	
522.01	8580.3	
522.2	7326.9	
522.4	7214.3	
522.6	9052	
522.79	7860.8	
522.99	7202	
523.18	6514.6	
523.38	8781	
523.58	8673.8	
523.77	8495	
523.97	6504.3	
524.17	10650	
524.36	9808.4	
524.56	7976.8	
524.76	7515.4	
524.95	8817.9	
525.15	8432.9	
525.34	7320.1	
525.54	7403.4	
525.74	9191.3	
525.93	8144.1	
526.13	8502.5	
526.33	7296.2	
526.52	9546.3	
526.72	8991.9	
526.91	8650.6	
527.11	7852.6	
527.31	9488.2	
527.5	9876	
527.7	7608.2	
527.89	6643.6	
528.09	8426.7	
528.29	8971.5	
528.48	8056.7	
528.68	7688.1	
528.87	9341.5	
529.07	9430.9	
529.27	7704.5	
529.46	7061.4	
529.66	9028.8	
529.85	9462.3	
530.05	7058.7	
530.25	7823.2	
530.44	10385	
530.64	8923.7	
530.83	7303.7	
531.03	7632.1	
531.23	9325.8	
531.42	9214.5	
531.62	8292.9	
531.81	7564.5	
532.01	9427.5	
532.21	9985.2	
532.4	7345.4	
532.6	7668.3	
532.79	10392	
532.99	9641.8	
533.18	7735.2	
533.38	8789.9	
533.58	9174.9	
533.77	9915.6	
533.97	7643	
534.16	8497	
534.36	10090	
534.55	9190.6	
534.75	8690.9	
534.95	7776.1	
535.14	9913.5	
535.34	9112.1	
535.53	7506.5	
535.73	9529.9	
535.92	10540	
536.12	9348.3	
536.31	7626	
536.51	8725	
536.71	9612.5	
536.9	9117.6	
537.1	7736.5	
537.29	7874.4	
537.49	10164	
537.68	9118.2	
537.88	8226.7	
538.07	7416.4	
538.27	9266.4	
538.46	10421	
538.66	7278.5	
538.86	7761.1	
539.05	9383.1	
539.25	9835	
539.44	8040.3	
539.64	7692.2	
539.83	9158.5	
540.03	10271	
540.22	7557.7	
540.42	7735.9	
540.61	9443.2	
540.81	9636.4	
541	8191.2	
541.2	8830.2	
541.39	8970.8	
541.59	9448	
541.78	8462.9	
541.98	7616.4	
542.18	8728.4	
542.37	8621.9	
542.57	7923.6	
542.76	8448.6	
542.96	8723.7	
543.15	9559.9	
543.35	7996.6	
543.54	7245.7	
543.74	9769.5	
543.93	9286.2	
544.13	7841	
544.32	8874.5	
544.52	9561.3	
544.71	8758.5	
544.91	6896.9	
545.1	8165.9	
545.3	8790.6	
545.49	9562	
545.69	6861.4	
545.88	7472.4	
546.08	10426	
546.27	9941.5	
546.47	7988.4	
546.66	7281.9	
546.86	9727.9	
547.05	10275	
547.24	7529.7	
547.44	7358.4	
547.63	8680	
547.83	9785.2	
548.02	7751.6	
548.22	8034.2	
548.41	8411	
548.61	9796.1	
548.8	7374.7	
549	7228.6	
549.19	9194.7	
549.39	9456.2	
549.58	6945.3	
549.78	7549.5	
549.97	9432.3	
550.17	8938	
550.36	8536.6	
550.55	9491.7	
550.75	9037.7	
550.94	9941.5	
551.14	7266.2	
551.33	7545.4	
551.53	8357.1	
551.72	9414.5	
551.92	7651.2	
552.11	7376.1	
552.31	9432.9	
552.5	9378.3	
552.69	9140.1	
552.89	7062.8	
553.08	9345.6	
553.28	9038.4	
553.47	7530.4	
553.67	8676.6	
553.86	10077	
554.06	8411.7	
554.25	6649.1	
554.44	7206.1	
554.64	10727	
554.83	10327	
555.03	7187	
555.22	7656	
555.42	9574.9	
555.61	9196.7	
555.8	7348.1	
556	7716.1	
556.19	8356.4	
556.39	9638.4	
556.58	7386.3	
556.78	7397.3	
556.97	9116.9	
557.16	8861.6	
557.36	8677.9	
557.55	7088.7	
557.75	8122.2	
557.94	9982.5	
558.13	7229.3	
558.33	7034.1	
558.52	9747.6	
558.72	8643.1	
558.91	7112.6	
559.1	7247.8	
559.3	8385.1	
559.49	7938.6	
559.69	6691.4	
559.88	7628.7	
560.07	9168.1	
560.27	9504.6	
560.46	7819.8	
560.66	7998	
560.85	8985.8	
561.04	8002.1	
561.24	7114	
561.43	7302.4	
561.63	8398.7	
561.82	8526.4	
562.01	8492.9	
562.21	7460.1	
562.4	9119.6	
562.59	10105	
562.79	7373.4	
562.98	7021.8	
563.18	9006.3	
563.37	10509	
563.56	7997.3	
563.76	6901.7	
563.95	8420.6	
564.14	8393.9	
564.34	7321.5	
564.53	7051.8	
564.73	8867.7	
564.92	9357.2	
565.11	7452.6	
565.31	6899.6	
565.5	9491	
565.69	8426.7	
565.89	7041.6	
566.08	7407.5	
566.27	9412.5	
566.47	9738.8	
566.66	7920.9	
566.85	6625.2	
567.05	8903.9	
567.24	8379.6	
567.44	7017	
567.63	8376.2	
567.82	9150.3	
568.02	8960.5	
568.21	6964.5	
568.4	7383.6	
568.6	8774.2	
568.79	8830.2	
568.98	6784.2	
569.18	6866.2	
569.37	8746.9	
569.56	10836	
569.76	7275.1	
569.95	8277.2	
570.14	9069.8	
570.34	9073.9	
570.53	6740.5	
570.72	6693.4	
570.91	9466.4	
571.11	8559.1	
571.3	7170.6	
571.49	8060.8	
571.69	8585.8	
571.88	8137.9	
572.07	7672.4	
572.27	7730.4	
572.46	8179.6	
572.65	9169.4	
572.85	6816.3	
573.04	7240.3	
573.23	9476	
573.43	8680	
573.62	6711.9	
573.81	7323.5	
574	8716.2	
574.2	8617.9	
574.39	6973.3	
574.58	7214.3	
574.78	9611.1	
574.97	8843.1	
575.16	7491.5	
575.36	7641	
575.55	9171.5	
575.74	9356.5	
575.93	6566.5	
576.13	7707.2	
576.32	8537.3	
576.51	9053.4	
576.71	7021.1	
576.9	8490.9	
577.09	9508	
577.28	8875.9	
577.48	7533.8	
577.67	6479.8	
577.86	8639.7	
578.05	8898.4	
578.25	7114.6	
578.44	7294.9	
578.63	8776.9	
578.83	9866.4	
579.02	6648.4	
579.21	8232.8	
579.4	8886.1	
579.6	8612.4	
579.79	7390.4	
579.98	9631.6	
580.17	9306	
580.37	9312.8	
580.56	6828.6	
580.75	7585.7	
580.94	9766.1	
581.14	9666.4	
581.33	8097	
581.52	6928.3	
581.71	9126.4	
581.91	9865.1	
582.1	6702.3	
582.29	7384.3	
582.48	8873.2	
582.68	8664.3	
582.87	7776.1	
583.06	7468.3	
583.25	9225.4	
583.45	8519.5	
583.64	8107.2	
583.83	8947.6	
584.02	8766	
584.21	9178.3	
584.41	8018.5	
584.6	7376.1	
584.79	8890.2	
584.98	9703.3	
585.18	6871.6	
585.37	6904.4	
585.56	8406.2	
585.75	9214.5	
585.94	7043	
586.14	7783	
586.33	9874.6	
586.52	8794.7	
586.71	7619.1	
586.91	7316	
587.1	8259.5	
587.29	9320.3	
587.48	7242.3	
587.67	7115.3	
587.87	9122.3	
588.06	9273.2	
588.25	8348.9	
588.44	7671.7	
588.63	8866.3	
588.83	9305.3	
589.02	7066.9	
589.21	6952.9	
589.4	8399.4	
589.59	8236.2	
589.78	6144.6	
589.98	6396.5	
590.17	7859.4	
590.36	8361.9	
590.55	5636	
590.74	6573.3	
590.94	9630.9	
591.13	8141.4	
591.32	6170.5	
591.51	5720	
591.7	8563.2	
591.89	8036.2	
592.09	5934.3	
592.28	6392.4	
592.47	7310.6	
592.66	9297.1	
592.85	5997.8	
593.05	6234	
593.24	7939.3	
593.43	8680.7	
593.62	6206.7	
593.81	6690	
594	8051.9	
594.19	8286.1	
594.39	6254.5	
594.58	6130.9	
594.77	8500.4	
594.96	8989.2	
595.15	6113.9	
595.34	6831.3	
595.54	8346.8	
595.73	7590.5	
595.92	5476.3	
596.11	6552.1	
596.3	8841.8	
596.49	7513.3	
596.68	6411.5	
596.88	6922.8	
597.07	8678.6	
597.26	7492.8	
597.45	5977.3	
597.64	7230	
597.83	7809.6	
598.02	8460.8	
598.22	6107.7	
598.41	6784.2	
598.6	8146.8	
598.79	7657.4	
598.98	6176.7	
599.17	7112.6	
599.36	8246.5	
599.55	9429.5	
599.74	8254.7	
599.94	7980.9	
600.13	8825.4	
600.32	7598.6	
600.51	5928.9	
600.7	6177.4	
600.89	9537.4	
601.08	9614.5	
601.27	5909.8	
601.47	6894.8	
601.66	8721.6	
601.85	9478	
602.04	6696.9	
602.23	6639.5	
602.42	7852.6	
602.61	8551.6	
602.8	6562.4	
602.99	6395.8	
603.18	8171.4	
603.37	8507.3	
603.57	7015.7	
603.76	7547.4	
603.95	9286.9	
604.14	8849.3	
604.33	6496.8	
604.52	6793.8	
604.71	8417.2	
604.9	8147.5	
605.09	7474.4	
605.28	7223.2	
605.47	9047.2	
605.66	8841.1	
605.86	7167.9	
606.05	6504.3	
606.24	9079.3	
606.43	7605.5	
606.62	6791.7	
606.81	7653.3	
607	9001.5	
607.19	8353.7	
607.38	6395.1	
607.57	6449.7	
607.76	7987.8	
607.95	7490.8	
608.14	6965.8	
608.33	7531.1	
608.52	7992.5	
608.72	8979	
608.91	6228.6	
609.1	6039.5	
609.29	8169.3	
609.48	7614.3	
609.67	7188.4	
609.86	6191.7	
610.05	7814.4	
610.24	8177.5	
610.43	6063.4	
610.62	5702.2	
610.81	9187.2	
611	8967.4	
611.19	6120	
611.38	6890.7	
611.57	8378.2	
611.76	9712.8	
611.95	5911.1	
612.14	5814.2	
612.33	8176.2	
612.52	7744.7	
612.71	6526.9	
612.9	5677.7	
613.09	7324.2	
613.28	9721.7	
613.47	6225.8	
613.66	7187.7	
613.85	8305.9	
614.04	7808.2	
614.24	6292.7	
614.43	5539.1	
614.62	8337.3	
614.81	8419.9	
615	6895.5	
615.19	6918	
615.38	7704.5	
615.57	7999.4	
615.76	6703	
615.95	7710.6	
616.14	8482.7	
616.33	8061.5	
616.52	7051.8	
616.71	7322.9	
616.9	8387.1	
617.09	8196.7	
617.28	6332.3	
617.47	7595.9	
617.66	7496.2	
617.85	7503.8	
618.04	7272.3	
618.22	6668.9	
618.41	7808.9	
618.6	8746.2	
618.79	6737.1	
618.98	6357.6	
619.17	9081.4	
619.36	7344.7	
619.55	6350.8	
619.74	6523.5	
619.93	8279.9	
620.12	7700.4	
620.31	7019.1	
620.5	7249.8	
620.69	8854.1	
620.88	9222.7	
621.07	7932.5	
621.26	6944.7	
621.45	8514.1	
621.64	8533.2	
621.83	7045	
622.02	6250.4	
622.21	8493.6	
622.4	8258.1	
622.59	7636.2	
622.78	7309.2	
622.97	7821.9	
623.16	8854.7	
623.35	6948.1	
623.54	6107	
623.72	8010.3	
623.91	8211	
624.1	7221.1	
624.29	5945.9	
624.48	9321	
624.67	8457.4	
624.86	7107.8	
625.05	6091.3	
625.24	9366.7	
625.43	7716.1	
625.62	8799.4	
625.81	6394.4	
626	8766.7	
626.19	8013.7	
626.38	7096.9	
626.56	6477.7	
626.75	7808.2	
626.94	8549.6	
627.13	7002.7	
627.32	5797.8	
627.51	8469.7	
627.7	9781.1	
627.89	5832.6	
628.08	6958.3	
628.27	7487.4	
628.46	7802.8	
628.65	6143.9	
628.83	5829.2	
629.02	8316.1	
629.21	7674.4	
629.4	6564.4	
629.59	6783.6	
629.78	7586.4	
629.97	8598.7	
630.16	6891.4	
630.35	6365.1	
630.54	9054.1	
630.72	8693.6	
630.91	6320.7	
631.1	6936.5	
631.29	8242.4	
631.48	8398.7	
631.67	6946	
631.86	6441.5	
632.05	7780.2	
632.24	7913.4	
632.42	6127.5	
632.61	6746	
632.8	7991.2	
632.99	7614.3	
633.18	6707.1	
633.37	7169.9	
633.56	8186.4	
633.75	8131.1	
633.93	6733	
634.12	6260.6	
634.31	9118.2	
634.5	8706.6	
634.69	6479.8	
634.88	6963.8	
635.07	8028.7	
635.25	8641.7	
635.44	7426.6	
635.63	7579.5	
635.82	7899.7	
636.01	7303.1	
636.2	7348.1	
636.39	6832.7	
636.57	8963.3	
636.76	8770.1	
636.95	6171.2	
637.14	7658	
637.33	8272.4	
637.52	9294.4	
637.7	6034.7	
637.89	7064.1	
638.08	7927.7	
638.27	9457.5	
638.46	7107.8	
638.65	7567.9	
638.83	9437	
639.02	7712.7	
639.21	6970.6	
639.4	7578.8	
639.59	8285.4	
639.78	7864.2	
639.96	6296.8	
640.15	6335.1	
640.34	8116.8	
640.53	8219.9	
640.72	6007.4	
640.91	6329.6	
641.09	7555	
641.28	8929.8	
641.47	6302.3	
641.66	7188.4	
641.85	8202.8	
642.03	8524.3	
642.22	7039.6	
642.41	6472.3	
642.6	7707.2	
642.79	7086	
642.97	6135	
643.16	6981.5	
643.35	7600	
643.54	7406.8	
643.73	6077	
643.91	6929.6	
644.1	7258.7	
644.29	7832.8	
644.48	6196.5	
644.67	6290	
644.85	7481.9	
645.04	7755	
645.23	5753.4	
645.42	6010.1	
645.6	7267.6	
645.79	8466.3	
645.98	6016.2	
646.17	5079.6	
646.36	6963.1	
646.54	7576.8	
646.73	6819.7	
646.92	5505.6	
647.11	7195.2	
647.29	8206.2	
647.48	5653.1	
647.67	5413.5	
647.86	8579.6	
648.05	8495.7	
648.23	5984.2	
648.42	7264.1	
648.61	7904.5	
648.8	7546.1	
648.98	5628.5	
649.17	5972.6	
649.36	7109.2	
649.55	6640.2	
649.73	5775.3	
649.92	6545.3	
650.11	7098.3	
650.3	7491.5	
650.48	5882.4	
650.67	5570.5	
650.86	7746.8	
651.05	6625.9	
651.23	5800.5	
651.42	5720.7	
651.61	7096.9	
651.79	7233.4	
651.98	6019.7	
652.17	5649	
652.36	7650.5	
652.54	6748.7	
652.73	5683.1	
652.92	5513.8	
653.11	7714.7	
653.29	7715.4	
653.48	5017.5	
653.67	6077.7	
653.85	7505.8	
654.04	8589.9	
654.23	6277	
654.42	5694	
654.6	7004.7	
654.79	7755	
654.98	5227.1	
655.16	5783.5	
655.35	6597.9	
655.54	6526.9	
655.73	5228.5	
655.91	5265.3	
656.1	7664.9	
656.29	6482.5	
656.47	4797.7	
656.66	6567.8	
656.85	6799.9	
657.03	6827.9	
657.22	5360.9	
657.41	5466	
657.59	6958.3	
657.78	6710.5	
657.97	5005.2	
658.16	5864	
658.34	7578.8	
658.53	8044.4	
658.72	6754.2	
658.9	7292.8	
659.09	7030	
659.28	7178.1	
659.46	5540.4	
659.65	5512.4	
659.84	6873	
660.02	7436.2	
660.21	5438	
660.4	5390.9	
660.58	7850.5	
660.77	7191.1	
660.96	6036.7	
661.14	5070.1	
661.33	8318.8	
661.52	8203.5	
661.7	5016.2	
661.89	8825.4	
662.08	6839.5	
662.26	6381.5	
662.45	5302.9	
662.64	5516.5	
662.82	7548.8	
663.01	6707.1	
663.2	5477	
663.38	6242.9	
663.57	7408.9	
663.75	7224.6	
663.94	5802.6	
664.13	7120.1	
664.31	6810.2	
664.5	7536.5	
664.69	6249	
664.87	6627.9	
665.06	6602	
665.25	7353.6	
665.43	6939.9	
665.62	6927.6	
665.8	7677.2	
665.99	7008.8	
666.18	5786.2	
666.36	5901.6	
666.55	7582.9	
666.74	7468.3	
666.92	5464.7	
667.11	7086.7	
667.29	6940.6	
667.48	7524.9	
667.67	6700.3	
667.85	5913.2	
668.04	7068.2	
668.22	7006.8	
668.41	5886.5	
668.6	6006	
668.78	6810.9	
668.97	7096.9	
669.15	6225.8	
669.34	5190.9	
669.53	6820.4	
669.71	7214.3	
669.9	5386.8	
670.08	6027.2	
670.27	6833.4	
670.46	7406.8	
670.64	6242.9	
670.83	6573.3	
671.01	6675.7	
671.2	7319.4	
671.38	5401.2	
671.57	5290.6	
671.76	8069.7	
671.94	8595.3	
672.13	5320.6	
672.31	6432.7	
672.5	7591.8	
672.69	6871.6	
672.87	5511.8	
673.06	5791.7	
673.24	7348.1	
673.43	6851.8	
673.61	6223.8	
673.8	5707	
673.98	7504.4	
674.17	7685.3	
674.36	6390.3	
674.54	6216.3	
674.73	7298.3	
674.91	7538.6	
675.1	5945.9	
675.28	5628.5	
675.47	7069.6	
675.65	7645.1	
675.84	5780.7	
676.03	6118.6	
676.21	6776.7	
676.4	6355.5	
676.58	6599.2	
676.77	6275.7	
676.95	8344.1	
677.14	6724.8	
677.32	5391.6	
677.51	5214.8	
677.69	7581.6	
677.88	6406.7	
678.06	5259.9	
678.25	5376.6	
678.44	7103	
678.62	6804	
678.81	5085.1	
678.99	6141.2	
679.18	7936.6	
679.36	7525.6	
679.55	5668.1	
679.73	6297.5	
679.92	7474.4	
680.1	6763.1	
680.29	6940.6	
680.47	5683.1	
680.66	6707.1	
680.84	7678.5	
681.03	5018.2	
681.21	6081.1	
681.4	6771.9	
681.58	6651.8	
681.77	5470.1	
681.95	5356.8	
682.14	7677.2	
682.32	7977.5	
682.51	6296.8	
682.69	5180.7	
682.88	6688	
683.06	7344.7	
683.25	6107	
683.43	6481.1	
683.62	7021.1	
683.8	7385.7	
683.99	6554.2	
684.17	5887.2	
684.36	8297	
684.54	6991.8	
684.73	5040.7	
684.91	5281	
685.1	7233.4	
685.28	6548.7	
685.46	5687.2	
685.65	5780.1	
685.83	7285.3	
686.02	6583.5	
686.2	5162.2	
686.39	5297.4	
686.57	6388.3	
686.76	7935.2	
686.94	5182.7	
687.13	5391.6	
687.31	7217	
687.5	6688	
687.68	4772.4	
687.86	6135	
688.05	8299.7	
688.23	6238.1	
688.42	6139.8	
688.6	5258.5	
688.79	6607.4	
688.97	6593.8	
689.16	5720	
689.34	4665.3	
689.52	7404.1	
689.71	7554.3	
689.89	6005.3	
690.08	5280.3	
690.26	6884.6	
690.45	6686.6	
690.63	6120	
690.81	5314.5	
691	6593.1	
691.18	6482.5	
691.37	5559.6	
691.55	7752.9	
691.74	6428.6	
691.92	8471.8	
692.1	5523.4	
692.29	4895.3	
692.47	6688.7	
692.66	5944.6	
692.84	5133.6	
693.02	5848.3	
693.21	6015.6	
693.39	6615.6	
693.58	5825.1	
693.76	5288.5	
693.94	7841	
694.13	7679.2	
694.31	5205.3	
694.5	6298.9	
694.68	6490	
694.86	6908.5	
695.05	5694.7	
695.23	6038.8	
695.42	7253.2	
695.6	9650.7	
695.78	6339.8	
695.97	5341.8	
696.15	7333.1	
696.34	6683.2	
696.52	5112.4	
696.7	5924.1	
696.89	6963.1	
697.07	6375.3	
697.25	5834.7	
697.44	7365.2	
697.62	6842.3	
697.81	7324.9	
697.99	5554.1	
698.17	5954.8	
698.36	6277	
698.54	6968.6	
698.72	5868.8	
698.91	4818.2	
699.09	6539.8	
699.28	6391.7	
699.46	5485.1	
699.64	5400.5	
699.83	6297.5	
700.01	7591.8	
700.19	6238.8	
700.38	4556	
700.56	7565.2	
700.74	6453.1	
700.93	5071.5	
701.11	5831.9	
701.29	7116	
701.48	8159.8	
701.66	5307.7	
701.84	5329.5	
702.03	6619	
702.21	7293.5	
702.39	4805.2	
702.58	5402.5	
702.76	7039.6	
702.94	7236.2	
703.13	4873.5	
703.31	7353.6	
703.49	6284.5	
703.68	7382.2	
703.86	5094.7	
704.04	6099.5	
704.23	6868.9	
704.41	7230.7	
704.59	5172.5	
704.78	6498.2	
704.96	7909.3	
705.14	7331.7	
705.33	4954	
705.51	5814.9	
705.69	6677.7	
705.87	7601.4	
706.06	6103.6	
706.24	4938.3	
706.42	7045.7	
706.61	7311.2	
706.79	6270.9	
706.97	5079	
707.16	6506.4	
707.34	7229.3	
707.52	6167.8	
707.7	5321.3	
707.89	6604	
708.07	6333.7	
708.25	6198.5	
708.44	6240.2	
708.62	6619.7	
708.8	7740	
708.98	6445	
709.17	5384.8	
709.35	7012.9	
709.53	7043.6	
709.72	5093.3	
709.9	5317.9	
710.08	7317.4	
710.26	7408.2	
710.45	6849.8	
710.63	5400.5	
710.81	7025.2	
710.99	6987	
711.18	6065.4	
711.36	5625.8	
711.54	6844.3	
711.72	7505.8	
711.91	5716.6	
712.09	5011.4	
712.27	6982.2	
712.45	7584.3	
712.64	5888.6	
712.82	4819.6	
713	6363.7	
713.18	6517.3	
713.37	4979.3	
713.55	6223.1	
713.73	7428	
713.91	5963	
714.1	5332.2	
714.28	4698.7	
714.46	6992.4	
714.64	6168.5	
714.83	4184	
715.01	4994.3	
715.19	6210.8	
715.37	5573.2	
715.55	4696.7	
715.74	5010.7	
715.92	7210.2	
716.1	5173.2	
716.28	6165.8	
716.47	5137	
716.65	5886.5	
716.83	6032	
717.01	5029.1	
717.19	5156.8	
717.38	8065.6	
717.56	5544.5	
717.74	5308.3	
717.92	4385.4	
718.1	6868.9	
718.29	6064	
718.47	3983.3	
718.65	4740.4	
718.83	6741.9	
719.01	6694.1	
719.2	3943	
719.38	5096.7	
719.56	6474.3	
719.74	8120.9	
719.92	4711	
720.11	5768.4	
720.29	6556.2	
720.47	5654.4	
720.65	4218.8	
720.83	5183.4	
721.02	6019	
721.2	5703.6	
721.38	5167	
721.56	4377.2	
721.74	5187.5	
721.92	5412.8	
722.11	5633.3	
722.29	5442.8	
722.47	6733.7	
722.65	5815.5	
722.83	4427	
723.01	5298.1	
723.2	5988.3	
723.38	6219	
723.56	3823.6	
723.74	5023	
723.92	5449	
724.1	6666.8	
724.29	4351.9	
724.47	5559.6	
724.65	5569.1	
724.83	5433.9	
725.01	4230.4	
725.19	5202.5	
725.37	5554.8	
725.56	5607.3	
725.74	4144.4	
725.92	4391.5	
726.1	5393	
726.28	5790.3	
726.46	4819.6	
726.64	4574.5	
726.83	5687.9	
727.01	5962.3	
727.19	4114.4	
727.37	4913.1	
727.55	5825.1	
727.73	6424.5	
727.91	4102.1	
728.09	3893.2	
728.28	6371.2	
728.46	7138.5	
728.64	5034.6	
728.82	5025	
729	7631.4	
729.18	6787	
729.36	4279.6	
729.54	6721.4	
729.72	7875.1	
729.91	6164.4	
730.09	6324.8	
730.27	4926	
730.45	6001.2	
730.63	6707.8	
730.81	5672.9	
730.99	4608.6	
731.17	7268.2	
731.35	5775.3	
731.53	5235.3	
731.71	4768.4	
731.9	6974	
732.08	7198.6	
732.26	5104.2	
732.44	4741	
732.62	7197.2	
732.8	6724.8	
732.98	5519.3	
733.16	4481.6	
733.34	6638.1	
733.52	5430.5	
733.7	5090.6	
733.88	5354.1	
734.07	6511.2	
734.25	6268.8	
734.43	4483.7	
734.61	6148	
734.79	7828.7	
734.97	6184.2	
735.15	4724	
735.33	5072.1	
735.51	6584.2	
735.69	6130.9	
735.87	6187.6	
736.05	5234.6	
736.23	6396.5	
736.41	6160.3	
736.59	5084.4	
736.77	5142.4	
736.95	6810.9	
737.13	6316.6	
737.32	4815.5	
737.5	4982.7	
737.68	7365.9	
737.86	6173.9	
738.04	4526	
738.22	6520	
738.4	6001.9	
738.58	6299.6	
738.76	5292.6	
738.94	4196.3	
739.12	6122.1	
739.3	5993	
739.48	5920	
739.66	5628.5	
739.84	6452.5	
740.02	6363	
740.2	4311.7	
740.38	4696.7	
740.56	6865.5	
740.74	5710.4	
740.92	5388.9	
741.1	5245.5	
741.28	6283.2	
741.46	6063.4	
741.64	4872.8	
741.82	5450.3	
742	6263.4	
742.18	6178	
742.36	5148.6	
742.54	4656.4	
742.72	6834.1	
742.9	5634	
743.08	5541.8	
743.26	4292.5	
743.44	7107.1	
743.62	6960.4	
743.8	5667.4	
743.98	4699.4	
744.16	6611.5	
744.34	6328.2	
744.52	5573.2	
744.7	5505.6	
744.88	6812.2	
745.06	6303	
745.24	5636	
745.42	5799.2	
745.6	6838.2	
745.78	6655.2	
745.96	4465.9	
746.14	4684.4	
746.32	7596.6	
746.5	6855.2	
746.68	5333.6	
746.86	4755.4	
747.03	7341.3	
747.21	5552	
747.39	5240.1	
747.57	4793.6	
747.75	6449.1	
747.93	6904.4	
748.11	4836.6	
748.29	4620.2	
748.47	8001.4	
748.65	6168.5	
748.83	5525.4	
749.01	5217.5	
749.19	6647.7	
749.37	5764.3	
749.55	5104.2	
749.73	5075.5	
749.91	6309.8	
750.09	5965.7	
750.26	5203.9	
750.44	4593.6	
750.62	6325.5	
750.8	6305.7	
750.98	4489.1	
751.16	4764.9	
751.34	6347.3	
751.52	5690.6	
751.7	5649.7	
751.88	4365.6	
752.06	6872.3	
752.24	6640.9	
752.42	4353.3	
752.59	4743.1	
752.77	6222.4	
752.95	7586.4	
753.13	5526.1	
753.31	4788.8	
753.49	5904.3	
753.67	6370.5	
753.85	5185.5	
754.03	4731.5	
754.21	6690	
754.38	7060	
754.56	4950.6	
754.74	3936.2	
754.92	5931.6	
755.1	6665.5	
755.28	3944.4	
755.46	3994.2	
755.64	7385.7	
755.82	7532.4	
755.99	4253.6	
756.17	4393.6	
756.35	4905.6	
756.53	6545.3	
756.71	3236.5	
756.89	4136.9	
757.07	6072.9	
757.25	5106.3	
757.42	4696.7	
757.6	5631.2	
757.78	6100.2	
757.96	5065.3	
758.14	4382	
758.32	3904.8	
758.5	4631.8	
758.67	5492	
758.85	4194.2	
759.03	4344.4	
759.21	5767.1	
759.39	5117.9	
759.57	3794.9	
759.75	4947.2	
759.92	6333.7	
760.1	5554.1	
760.28	5320.6	
760.46	5562.3	
760.64	5345.2	
760.82	5063.9	
760.99	5143.1	
761.17	4295.3	
761.35	6240.2	
761.53	5140.4	
761.71	4464.6	
761.89	5185.5	
762.06	6173.3	
762.24	5614.2	
762.42	4513	
762.6	4277.5	
762.78	5616.2	
762.96	6308.4	
763.13	4908.3	
763.31	4568.3	
763.49	6402.6	
763.67	5573.2	
763.85	5395	
764.02	6077.7	
764.2	6718.7	
764.38	5909.8	
764.56	4452.3	
764.74	5421.7	
764.91	6901.7	
765.09	5693.4	
765.27	4097.3	
765.45	4002.4	
765.63	6868.9	
765.8	6759	
765.98	3672	
766.16	4056.3	
766.34	5333.6	
766.52	5108.3	
766.69	5042.1	
766.87	3859.7	
767.05	5773.9	
767.23	6397.9	
767.41	4240	
767.58	4437.3	
767.76	6285.9	
767.94	6380.8	
768.12	4347.2	
768.29	5131.5	
768.47	5806.7	
768.65	6509.8	
768.83	3888.4	
769	5108.3	
769.18	5329.5	
769.36	6111.8	
769.54	5162.9	
769.72	3968.3	
769.89	6315.9	
770.07	6461.3	
770.25	4309.6	
770.43	5567.7	
770.6	7123.5	
770.78	7550.9	
770.96	4557.4	
771.14	5134.9	
771.31	6251.8	
771.49	5578	
771.67	3625.6	
771.85	3906.2	
772.02	4833.2	
772.2	5597.1	
772.38	4763.6	
772.55	4147.8	
772.73	5948	
772.91	5649.7	
773.09	4587.4	
773.26	4638	
773.44	5829.2	
773.62	5524.1	
773.8	4080.2	
773.97	3771.7	
774.15	5949.3	
774.33	5465.3	
774.5	3940.3	
774.68	4260.5	
774.86	6109.8	
775.04	5503.6	
775.21	3973.7	
775.39	4005.8	
775.57	5780.1	
775.74	6266.8	
775.92	3818.8	
776.1	3747.8	
776.27	5768.4	
776.45	7122.2	
776.63	4069.3	
776.81	3511.6	
776.98	5453.7	
777.16	6587	
777.34	4127.3	
777.51	4150.6	
777.69	5339.1	
777.87	5215.5	
778.04	4190.1	
778.22	4826.4	
778.4	5235.3	
778.57	5894.7	
778.75	3454.9	
778.93	3756	
779.1	5021.6	
779.28	4867.3	
779.46	3481.5	
779.64	3965.6	
779.81	6122.1	
779.99	7007.5	
780.17	4833.9	
780.34	5007.3	
780.52	5497.4	
780.69	5678.3	
780.87	4302.8	
781.05	3906.2	
781.22	5552	
781.4	5756.2	
781.58	4056.3	
781.75	3140.9	
781.93	5626.5	
782.11	5016.2	
782.28	4966.3	
782.46	3994.9	
782.64	4853.7	
782.81	5815.5	
782.99	4089.1	
783.17	4058.4	
783.34	5724.1	
783.52	4863.2	
783.69	4329.4	
783.87	5097.4	
784.05	5040.1	
784.22	5016.2	
784.4	5121.3	
784.58	4427	
784.75	5956.9	
784.93	5012.1	
785.1	4067.3	
785.28	4689.8	
785.46	5700.2	
785.63	5011.4	
785.81	3958	
785.99	3899.3	
786.16	5144.5	
786.34	5474.9	
786.51	3896.6	
786.69	4299.4	
786.87	4738.3	
787.04	5274.9	
787.22	3725.3	
787.39	4795.7	
787.57	5020.3	
787.75	6130.3	
787.92	4941.1	
788.1	4866	
788.27	5024.3	
788.45	4777.2	
788.63	4671.4	
788.8	3213.9	
788.98	5430.5	
789.15	4728.1	
789.33	3437.9	
789.5	4096.6	
789.68	6001.2	
789.86	6061.3	
790.03	4520.5	
790.21	3920.5	
790.38	5955.5	
790.56	5147.2	
790.73	3806.5	
790.91	3805.8	
791.09	5027.8	
791.26	5866.7	
791.44	3982.6	
791.61	3461.7	
791.79	4992.9	
791.96	5137	
792.14	3615.3	
792.32	3177.1	
792.49	5128.8	
792.67	5141.8	
792.84	3663.8	
793.02	3478.1	
793.19	5502.9	
793.37	6191.7	
793.54	3203.7	
793.72	3524.6	
793.89	6395.8	
794.07	5091.9	
794.25	4163.5	
794.42	3270.6	
794.6	6138.4	
794.77	5771.9	
794.95	4472.1	
795.12	3879.5	
795.3	5007.3	
795.47	5685.8	
795.65	4345.1	
795.82	4098.7	
796	4858.5	
796.17	6873	
796.35	3901.4	
796.52	4715.8	
796.7	5600.5	
796.87	5760.3	
797.05	4989.5	
797.22	4791.6	
797.4	5654.4	
797.57	6765.1	
797.75	4115.7	
797.92	3826.3	
798.1	5960.3	
798.27	4998.4	
798.45	3290.4	
798.62	3617.4	
798.8	5398.4	
798.97	5902.9	
799.15	4364.2	
799.32	4091.8	
799.5	4578.6	
799.67	5442.1	
799.85	4492.6	
800.02	3240.6	
800.2	5012.7	
800.37	5322.7	
800.55	4632.5	
800.72	3893.9	
800.9	5811.5	
801.07	6331.6	
801.25	5177.9	
801.42	4265.2	
801.6	5842.9	
801.77	5653.8	
801.95	3945.1	
802.12	3732.1	
802.29	5541.1	
802.47	5582.1	
802.64	4175.8	
802.82	3140.2	
802.99	4990.9	
803.17	6057.2	
803.34	4100	
803.52	3704.8	
803.69	6768.5	
803.87	4821.6	
804.04	4065.2	
804.21	4209.9	
804.39	6173.3	
804.56	5236.7	
804.74	3449.5	
804.91	4294.6	
805.09	5094	
805.26	5132.9	
805.44	3542.3	
805.61	3900	
805.78	5773.2	
805.96	5770.5	
806.13	4278.2	
806.31	4536.9	
806.48	4559.5	
806.66	5064.6	
806.83	4222.9	
807	4194.9	
807.18	5051.7	
807.35	5449.6	
807.53	4122.6	
807.7	3297.2	
807.87	6229.2	
808.05	5135.6	
808.22	4552	
808.4	3269.9	
808.57	5089.9	
808.74	4688.5	
808.92	3789.4	
809.09	4830.5	
809.27	4902.2	
809.44	5614.2	
809.61	3336.8	
809.79	3758.7	
809.96	6227.2	
810.14	5786.2	
810.31	3234.4	
810.48	4070.7	
810.66	5249.6	
810.83	5919.3	
811.01	3802.4	
811.18	4287.1	
811.35	5863.3	
811.53	4516.5	
811.7	4657.8	
811.87	4294.6	
812.05	5059.8	
812.22	4995.7	
812.39	3676.1	
812.57	3545	
812.74	5039.4	
812.92	6875	
813.09	4009.2	
813.26	4425	
813.44	6552.1	
813.61	5008	
813.78	3265.1	
813.96	4555.4	
814.13	5103.5	
814.3	4754	
814.48	4859.8	
814.65	3949.8	
814.82	6374.6	
815	4870.8	
815.17	4078.2	
815.34	5042.8	
815.52	5011.4	
815.69	5001.8	
815.87	4053.6	
816.04	3540.3	
816.21	5148.6	
816.38	4500.1	
816.56	3986.7	
816.73	3693.9	
816.9	6478.4	
817.08	5924.1	
817.25	3724.6	
817.42	4689.2	
817.6	4675.5	
817.77	5089.9	
817.94	4205.2	
818.12	3619.4	
818.29	4842.1	
818.46	7563.8	
818.64	3846.1	
818.81	3590.8	
818.98	4715.8	
819.16	7032.7	
819.33	4397.7	
819.5	4106.9	
819.67	5547.9	
819.85	6094.1	
820.02	4021.5	
820.19	4287.8	
820.37	5276.3	
820.54	4884.4	
820.71	4177.9	
820.88	5200.5	
821.06	5328.8	
821.23	4906.9	
821.4	4207.9	
821.58	4137.6	
821.75	5837.4	
821.92	5274.2	
822.09	3355.9	
822.27	3425.6	
822.44	5176.6	
822.61	4956.1	
822.79	3379.8	
822.96	6565.8	
823.13	5610.8	
823.3	4845.5	
823.48	3928.7	
823.65	3498.6	
823.82	5836	
823.99	4676.2	
824.17	5015.5	
824.34	3592.8	
824.51	6768.5	
824.68	5154.7	
824.86	3730	
825.03	4179.2	
825.2	5046.9	
825.37	6204	
825.55	3702	
825.72	4123.9	
825.89	6888	
826.06	6291.4	
826.24	3993.5	
826.41	4016.1	
826.58	6180.1	
826.75	5436.7	
826.92	3188	
827.1	3465.2	
827.27	8501.8	
827.44	6761.7	
827.61	3855	
827.79	4632.5	
827.96	4866	
828.13	5216.9	
828.3	4029.7	
828.47	3368.9	
828.65	5307	
828.82	5253.7	
828.99	5161.6	
829.16	4599.1	
829.34	5725.4	
829.51	5532.9	
829.68	4163.5	
829.85	4308.2	
830.02	5998.5	
830.2	5744.6	
830.37	3168.9	
830.54	5008	
830.71	6600.6	
830.88	5086.5	
831.05	3275.4	
831.23	3756.7	
831.4	6268.1	
831.57	7030	
831.74	3829	
831.91	3340.2	
832.09	5330.9	
832.26	5764.3	
832.43	3951.9	
832.6	4498.7	
832.77	5312.4	
832.94	6205.3	
833.12	3153.2	
833.29	3884.3	
833.46	4933.6	
833.63	7284.6	
833.8	4323.9	
833.97	3928.7	
834.15	5735.7	
834.32	5492.7	
834.49	4083	
834.66	4227	
834.83	5917.3	
835	4818.9	
835.17	3750.5	
835.35	3863.2	
835.52	5605.3	
835.69	5531.6	
835.86	4058.4	
836.03	3338.2	
836.2	5699.5	
836.37	5242.8	
836.55	3958	
836.72	3760.1	
836.89	5287.9	
837.06	5713.2	
837.23	4100.7	
837.4	4390.2	
837.57	6599.2	
837.75	7192.5	
837.92	3571.7	
838.09	3882.3	
838.26	5257.1	
838.43	6016.2	
838.6	4175.8	
838.77	3753.2	
838.94	6862.1	
839.11	6619.7	
839.29	3958.7	
839.46	3103.4	
839.63	5677.7	
839.8	5390.3	
839.97	3828.3	
840.14	3827.7	
840.31	5441.5	
840.48	5682.4	
840.65	3199.6	
840.82	3810.6	
841	5715.2	
841.17	5665.4	
841.34	3550.5	
841.51	3562.8	
841.68	5669.5	
841.85	5405.3	
842.02	3698.6	
842.19	2988	
842.36	5428.5	
842.53	5475.6	
842.7	3545	
842.87	4392.2	
843.05	7200	
843.22	5398.4	
843.39	3318.4	
843.56	3583.3	
843.73	5165.7	
843.9	5755.5	
844.07	5697.4	
844.24	4799.1	
844.41	8421.2	
844.58	4975.9	
844.75	3452.2	
844.92	3779.2	
845.09	5773.2	
845.26	5664.7	
845.43	3506.1	
845.6	3745.1	
845.77	5719.3	
845.94	5416.2	
846.12	3877.5	
846.29	4101.4	
846.46	5913.2	
846.63	5714.5	
846.8	3546.4	
846.97	4223.6	
847.14	6151.4	
847.31	5652.4	
847.48	3988.1	
847.65	4405.2	
847.82	6046.3	
847.99	5911.8	
848.16	4750.6	
848.33	4367	
848.5	5311.7	
848.67	6229.2	
848.84	3506.8	
849.01	3657.7	
849.18	5107.6	
849.35	4800.4	
849.52	4454.3	
849.69	3432.4	
849.86	5895.4	
850.03	6155.5	
850.2	3517	
850.37	4308.2	
850.54	6095.4	
850.71	5395	
850.88	4244.1	
851.05	3421.5	
851.22	5647.6	
851.39	6311.2	
851.56	3340.9	
851.73	4059.8	
851.9	4975.2	
852.07	5941.2	
852.24	3915	
852.41	3475.4	
852.58	5563.6	
852.75	5154.1	
852.92	3945.8	
853.09	3401	
853.26	5333.6	
853.43	6158.2	
853.6	3532.7	
853.77	3026.2	
853.94	6236.1	
854.11	5657.9	
854.28	5280.3	
854.44	3819.5	
854.61	6582.9	
854.78	5781.4	
854.95	3452.2	
855.12	4422.2	
855.29	4603.2	
855.46	6422.4	
855.63	3448.8	
855.8	4882.4	
855.97	5301.5	
856.14	6010.8	
856.31	4954.7	
856.48	3847.5	
856.65	5246.2	
856.82	4937	
856.99	3353.9	
857.16	3729.4	
857.33	6942.6	
857.49	5309	
857.66	3756.7	
857.83	4105.5	
858	5322	
858.17	5447.6	
858.34	3272.7	
858.51	3489.7	
858.68	6379.4	
858.85	6532.3	
859.02	4108.9	
859.19	4373.1	
859.36	4955.4	
859.52	5012.7	
859.69	3556.6	
859.86	4169	
860.03	5055.1	
860.2	6300.9	
860.37	3145	
860.54	3505.4	
860.71	5996.5	
860.88	6415.6	
861.05	3949.8	
861.21	4543.8	
861.38	6389	
861.55	4861.2	
861.72	3195.5	
861.89	3947.8	
862.06	6014.9	
862.23	6541.9	
862.4	3383.9	
862.56	3685	
862.73	5807.4	
862.9	5504.9	
863.07	4159.4	
863.24	3143.6	
863.41	4883.7	
863.58	5012.7	
863.75	3617.4	
863.91	4067.9	
864.08	6326.2	
864.25	5900.9	
864.42	4402.5	
864.59	4895.3	
864.76	6666.8	
864.93	5012.1	
865.09	3370.3	
865.26	3798.3	
865.43	6169.2	
865.6	6645.7	
865.77	3009.8	
865.94	3437.9	
866.1	6193.7	
866.27	5967.8	
866.44	5289.9	
866.61	3303.4	
866.78	5444.2	
866.95	5823.1	
867.11	3397.6	
867.28	3116.3	
867.45	6021.7	
867.62	5114.5	
867.79	4025.6	
867.96	3499.3	
868.12	4987.5	
868.29	5996.5	
868.46	3465.8	
868.63	4724	
868.8	6185.5	
868.97	5940.5	
869.13	3724.6	
869.3	3646.7	
869.47	5829.2	
869.64	6019.7	
869.81	3521.1	
869.97	3562.1	
870.14	5698.8	
870.31	6395.1	
870.48	3352.5	
870.65	4470	
870.81	5279.7	
870.98	5285.8	
871.15	3994.9	
871.32	3641.3	
871.48	5780.7	
871.65	6411.5	
871.82	3465.8	
871.99	3873.4	
872.16	6914.6	
872.32	6183.5	
872.49	3501.3	
872.66	3529.3	
872.83	5962.3	
872.99	5208.7	
873.16	4031.8	
873.33	3487.7	
873.5	5550.7	
873.67	5627.1	
873.83	3691.8	
874	4737	
874.17	5684.5	
874.34	6810.2	
874.5	4616.8	
874.67	4380.6	
874.84	6311.2	
875.01	4960.9	
875.17	4945.8	
875.34	3492.5	
875.51	5619.6	
875.68	6763.1	
875.84	4275.5	
876.01	5145.2	
876.18	5874.9	
876.34	5834	
876.51	3577.1	
876.68	3416.7	
876.85	5406.6	
877.01	6229.9	
877.18	5032.5	
877.35	3517.7	
877.52	5459.9	
877.68	4891.9	
877.85	3397.6	
878.02	3518.4	
878.18	5460.6	
878.35	5203.2	
878.52	2822.1	
878.69	3926.6	
878.85	5935	
879.02	5857.2	
879.19	4976.6	
879.35	3781.9	
879.52	5836	
879.69	6092	
879.86	3007.1	
880.02	3941	
880.19	5440.8	
880.36	6653.2	
880.52	4014	
880.69	4159.4	
880.86	6008.7	
881.02	6052.4	
881.19	3867.9	
881.36	3839.3	
881.52	5883.8	
881.69	5193.6	
881.86	3753.2	
882.02	3749.8	
882.19	6150.7	
882.36	7279.2	
882.52	3558	
882.69	4991.6	
882.86	5696.8	
883.02	5573.9	
883.19	4270.7	
883.36	4027.7	
883.52	6021.7	
883.69	6905.1	
883.86	3536.2	
884.02	3211.9	
884.19	5980.1	
884.36	5492.7	
884.52	3969.6	
884.69	3745.1	
884.86	5268.1	
885.02	6553.5	
885.19	3990.1	
885.36	4090.5	
885.52	5464	
885.69	5634	
885.86	5142.4	
886.02	4515.1	
886.19	5948	
886.35	5152.7	
886.52	3913.7	
886.69	4964.3	
886.85	5062.6	
887.02	6311.8	
887.19	6311.8	
887.35	6311.8	
887.52	6311.8	
887.68	6311.8	
887.85	6311.8	
888.02	6311.8	
888.18	6311.8	
888.35	6311.8	
888.51	6311.8	
888.68	6311.8	
888.85	6311.8	
889.01	6311.8	
889.18	6311.8	
889.35	6311.8	
889.51	6311.8	
889.68	6311.8	
889.84	6311.8	
890.01	6311.8	
890.17	6311.8	
890.34	6311.8	
890.51	6311.8	
890.67	6311.8	
890.84	6311.8	
891	6311.8	
891.17	6311.8	
891.34	6311.8	
891.5	6311.8	
891.67	6311.8	
891.83	6311.8	
892	6311.8	
892.16	6311.8	
892.33	6311.8	
892.5	6311.8	
892.66	6311.8	
892.83	6311.8	
892.99	6311.8	
893.16	6311.8	
893.32	6311.8	
893.49	6311.8	
893.65	6311.8	
893.82	6311.8	
893.99	6311.8	
894.15	6311.8	
894.32	6311.8	
894.48	6311.8	
894.65	6311.8	
894.81	6311.8	
894.98	6311.8	
895.14	6311.8	
895.31	6311.8	
895.47	6311.8	
895.64	6311.8	
895.81	6311.8	
895.97	6311.8	
896.14	6311.8	
896.3	6311.8	
896.47	6311.8	
896.63	6311.8	
896.8	6311.8	
896.96	6311.8	
897.13	6311.8	
897.29	6311.8	
897.46	6311.8	
897.62	6311.8	
897.79	6311.8	
897.95	6311.8	
898.12	6311.8	
898.28	6311.8	
898.45	6311.8	
898.61	6311.8	
898.78	6311.8	
898.94	6311.8	
899.11	6311.8	
899.27	6311.8	
899.44	6311.8	
899.6	6311.8	
899.77	6311.8	
899.93	6311.8	
900.1	6311.8	
900.26	6311.8	
900.43	6311.8	
900.59	6311.8	
900.76	6311.8	
900.92	6311.8	
901.09	6311.8	
901.25	6311.8	
901.42	6311.8	
901.58	6311.8	
901.75	6311.8	
901.91	6311.8	
902.07	6311.8	
902.24	6311.8	
902.4	6311.8	
902.57	6311.8	
902.73	6311.8	
902.9	6311.8	
903.06	6311.8	
903.23	6311.8	
903.39	6311.8	
903.56	6311.8	
903.72	6311.8	
903.88	6311.8	
904.05	6311.8	
904.21	6311.8	
904.38	6311.8	
904.54	6311.8	
904.71	6311.8	
904.87	6311.8	
905.03	6311.8	
905.2	6311.8	
905.36	6311.8	
905.53	6311.8	
905.69	6311.8	
905.86	6311.8	
906.02	6311.8	
906.18	6311.8	
906.35	6311.8	
906.51	6311.8	
906.68	6311.8	
906.84	6311.8	
907.01	6311.8	
907.17	6311.8	
907.33	6311.8	
907.5	6311.8	
907.66	6311.8	
907.83	6311.8	
907.99	6311.8	
908.15	6311.8	
908.32	6311.8	
908.48	6311.8	
908.65	6311.8	
908.81	6311.8	
908.97	6311.8	
909.14	6311.8	
909.3	6311.8	
909.47	6311.8	
909.63	6311.8	
909.79	6311.8	
909.96	6311.8	
910.12	6311.8	
910.28	6311.8	
910.45	6311.8	
910.61	6311.8	
910.78	6311.8	
910.94	6311.8	
911.1	6311.8	
911.27	6311.8	
911.43	6311.8	
911.59	6311.8	
911.76	6311.8	
911.92	6311.8	
912.08	6311.8	
912.25	6311.8	
912.41	6311.8	
912.57	6311.8	
912.74	6311.8	
912.9	6311.8	
913.07	6311.8	
913.23	6311.8	
913.39	6311.8	
913.56	6311.8	
913.72	6311.8	
913.88	6311.8	
914.05	6311.8	
914.21	6311.8	
914.37	6311.8	
914.54	6311.8	
914.7	6311.8	
914.86	6311.8	
915.03	6311.8	
915.19	6311.8	
