Wavelength	Intensities	
nm	a.u.	
179.22	1918.4	
179.44	1922.7	
179.65	1914.2	
179.86	1931.2	
180.08	1879.4	
180.29	4834.6	
180.51	3490.4	
180.72	5605.3	
180.94	6602	
181.15	3196.2	
181.37	3160	
181.58	5487.2	
181.79	5791.7	
182.01	3386.7	
182.22	3599	
182.44	5765.7	
182.65	4780.6	
182.87	4586.1	
183.08	3903.4	
183.29	6044.2	
183.51	4947.9	
183.72	3672	
183.94	5350	
184.15	5378.6	
184.37	5415.5	
184.58	3178.4	
184.79	4442	
185.01	5002.5	
185.22	5812.8	
185.44	4635.9	
185.65	3900.7	
185.86	5251	
186.08	4897.4	
186.29	3145	
186.51	3323.2	
186.72	5029.1	
186.94	5948	
187.15	3878.2	
187.36	4001	
187.58	7651.2	
187.79	5479	
188.01	4197.7	
188.22	6507.1	
188.43	6606.1	
188.65	5674.2	
188.86	3321.1	
189.08	4001.7	
189.29	5223.7	
189.5	5197.1	
189.72	3686.3	
189.93	3784.6	
190.15	5933	
190.36	7161.1	
190.57	4111.6	
190.79	3960.8	
191	6057.2	
191.22	6016.9	
191.43	4068.6	
191.64	3357.3	
191.86	6221.7	
192.07	5931.6	
192.29	3575.1	
192.5	3728.7	
192.71	5968.5	
192.93	5072.1	
193.14	3697.3	
193.35	3799.7	
193.57	5155.4	
193.78	6016.9	
194	3012.6	
194.21	3670.6	
194.42	4943.8	
194.64	5395	
194.85	3987.4	
195.07	4746.5	
195.28	5504.3	
195.49	4667.3	
195.71	4894	
195.92	3455.6	
196.13	5595.7	
196.35	5653.1	
196.56	5317.2	
196.78	3968.3	
196.99	6974	
197.2	6580.8	
197.42	4569	
197.63	4087.1	
197.84	4806.6	
198.06	5578.7	
198.27	3739.6	
198.48	4947.9	
198.7	5111.7	
198.91	5290.6	
199.13	4007.2	
199.34	4036.5	
199.55	5774.6	
199.77	4646.8	
199.98	3583.9	
200.19	4068.6	
200.41	5319.3	
200.62	5008	
200.83	4214.7	
201.05	4528.7	
201.26	5263.3	
201.47	5042.8	
201.69	3652.2	
201.9	3416	
202.11	5313.1	
202.33	6388.3	
202.54	3807.9	
202.76	4316.4	
202.97	5489.2	
203.18	5477	
203.4	4204.5	
203.61	4172.4	
203.82	5410.7	
204.04	5022.3	
204.25	4106.2	
204.46	4012	
204.68	5383.4	
204.89	5670.8	
205.1	3979.2	
205.32	3415.3	
205.53	5766.4	
205.74	5898.1	
205.96	2949.1	
206.17	4155.3	
206.38	5763.7	
206.6	5886.5	
206.81	4608.6	
207.02	3739.6	
207.24	5694	
207.45	6017.6	
207.66	3805.1	
207.88	3301.3	
208.09	5602.6	
208.3	5400.5	
208.52	3532.7	
208.73	3816	
208.94	5384.1	
209.15	6097.5	
209.37	3842	
209.58	4138.3	
209.79	5951.4	
210.01	5209.3	
210.22	3072.6	
210.43	3166.2	
210.65	5493.3	
210.86	5786.2	
211.07	3867.2	
211.29	3512.3	
211.5	5764.3	
211.71	5352.7	
211.93	3534.8	
212.14	3526.6	
212.35	5258.5	
212.56	5559.6	
212.78	4054.3	
212.99	3377.1	
213.2	6322.8	
213.42	5233.2	
213.63	3616	
213.84	3885.7	
214.06	4779.3	
214.27	4861.2	
214.48	3826.3	
214.69	4095.3	
214.91	6016.2	
215.12	6158.9	
215.33	4160.1	
215.55	4570.4	
215.76	6658.6	
215.97	5718.6	
216.18	3979.9	
216.4	3883.6	
216.61	5077.6	
216.82	5916.6	
217.04	3547.1	
217.25	3682.9	
217.46	6049	
217.67	5773.9	
217.89	3201.7	
218.1	3256.3	
218.31	5461.2	
218.53	5570.5	
218.74	3710.9	
218.95	3607.2	
219.16	5327.4	
219.38	6262.7	
219.59	3611.3	
219.8	4300.7	
220.01	6941.2	
220.23	5414.8	
220.44	4738.3	
220.65	3543	
220.87	5474.2	
221.08	5998.5	
221.29	3272	
221.5	4378.6	
221.72	7381.6	
221.93	5096.7	
222.14	4134.8	
222.35	4770.4	
222.57	5428.5	
222.78	5743.2	
222.99	3870	
223.2	4156.7	
223.42	5744.6	
223.63	5812.1	
223.84	2973	
224.05	2955.2	
224.27	6903	
224.48	6297.5	
224.69	4795	
224.9	4082.3	
225.12	5616.2	
225.33	5381.4	
225.54	3216.7	
225.75	3601.7	
225.97	4993.6	
226.18	5233.9	
226.39	3918.4	
226.6	3620.8	
226.82	5158.2	
227.03	5011.4	
227.24	4037.2	
227.45	3334.8	
227.67	5808	
227.88	6373.3	
228.09	4478.2	
228.3	4506.2	
228.52	5810.1	
228.73	5367	
228.94	3769.6	
229.15	3317	
229.36	5266.7	
229.58	5218.9	
229.79	3865.9	
230	4383.3	
230.21	6433.4	
230.43	5516.5	
230.64	4042	
230.85	4188.8	
231.06	5863.3	
231.28	5815.5	
231.49	3393.5	
231.7	3952.6	
231.91	5726.1	
232.12	5443.5	
232.34	3435.1	
232.55	3941	
232.76	6045.6	
232.97	5608	
233.18	3607.2	
233.4	3996.3	
233.61	5644.2	
233.82	5113.1	
234.03	3696.6	
234.25	3601	
234.46	7537.9	
234.67	5474.2	
234.88	4154.6	
235.09	3637.9	
235.31	5700.2	
235.52	5270.8	
235.73	4025.6	
235.94	3394.2	
236.15	5159.5	
236.37	6559.6	
236.58	3553.9	
236.79	3879.5	
237	5710.4	
237.21	4848.2	
237.43	4212	
237.64	3242.6	
237.85	9811.8	
238.06	4914.4	
238.27	4234.5	
238.48	3409.2	
238.7	5707.7	
238.91	5233.2	
239.12	3845.4	
239.33	3906.8	
239.54	4994.3	
239.76	5368.4	
239.97	3824.9	
240.18	3829	
240.39	6763.8	
240.6	5763.7	
240.82	3993.5	
241.03	3295.2	
241.24	5416.2	
241.45	6273.6	
241.66	3535.5	
241.87	4183.3	
242.09	6110.5	
242.3	6542.6	
242.51	4212	
242.72	3870.7	
242.93	5909.1	
243.14	5395.7	
243.36	4463.9	
243.57	4909	
243.78	6171.9	
243.99	5752.1	
244.2	3822.2	
244.41	3538.9	
244.63	4911.7	
244.84	5707.7	
245.05	4166.3	
245.26	3919.1	
245.47	5675.6	
245.68	5909.1	
245.9	5137	
246.11	4027	
246.32	5249.6	
246.53	5672.2	
246.74	6336.4	
246.95	3263.8	
247.16	4866.7	
247.38	5401.2	
247.59	3246.7	
247.8	3891.1	
248.01	5072.1	
248.22	5335.6	
248.43	3519.1	
248.64	3787.4	
248.86	4785.4	
249.07	5156.8	
249.28	3427.6	
249.49	4022.9	
249.7	5926.1	
249.91	6095.4	
250.12	3211.2	
250.34	3300.6	
250.55	5515.2	
250.76	5332.9	
250.97	4044.1	
251.18	4028.4	
251.39	6139.1	
251.6	5600.5	
251.81	4160.8	
252.03	4113.7	
252.24	5141.8	
252.45	5933.6	
252.66	3360.7	
252.87	4347.8	
253.08	5433.3	
253.29	7146	
253.5	3358.7	
253.72	4727.4	
253.93	5225.7	
254.14	6426.5	
254.35	3710.9	
254.56	3841.3	
254.77	5711.8	
254.98	5014.8	
255.19	3640.6	
255.41	4744.5	
255.62	5505.6	
255.83	6095.4	
256.04	4217.5	
256.25	4104.8	
256.46	6703	
256.67	5105.6	
256.88	3972.4	
257.09	4489.1	
257.31	5108.3	
257.52	5126.1	
257.73	5048.2	
257.94	3648.8	
258.15	5286.5	
258.36	5419.6	
258.57	4669.4	
258.78	2899.9	
258.99	5928.9	
259.2	5242.1	
259.41	3775.1	
259.63	3827	
259.84	6280.4	
260.05	6660.7	
260.26	4916.5	
260.47	3621.5	
260.68	6002.6	
260.89	5285.8	
261.1	4514.4	
261.31	3511.6	
261.52	6048.3	
261.73	6267.5	
261.95	4820.2	
262.16	4173.1	
262.37	6094.8	
262.58	6188.3	
262.79	4771.8	
263	3764.2	
263.21	5484.5	
263.42	4967.7	
263.63	3804.4	
263.84	3742.3	
264.05	5981.4	
264.26	6358.9	
264.47	4617.5	
264.69	4227.7	
264.9	6139.8	
265.11	5591.6	
265.32	3592.8	
265.53	3691.8	
265.74	5539.1	
265.95	4881	
266.16	3894.6	
266.37	4370.4	
266.58	5446.2	
266.79	5203.9	
267	3667.2	
267.21	3392.1	
267.42	5016.2	
267.63	5359.5	
267.84	3906.8	
268.06	3330.7	
268.27	5853.8	
268.48	6118	
268.69	3763.5	
268.9	4498.7	
269.11	6093.4	
269.32	4859.1	
269.53	3905.5	
269.74	3601	
269.95	5756.8	
270.16	4790.2	
270.37	3865.9	
270.58	4460.5	
270.79	5259.2	
271	5954.8	
271.21	4187.4	
271.42	3899.3	
271.63	5567.1	
271.84	5020.3	
272.05	3151.1	
272.26	3491.1	
272.47	5345.2	
272.68	5616.9	
272.89	3719.8	
273.11	4281.6	
273.32	5207.3	
273.53	6343.2	
273.74	4186.7	
273.95	4050.2	
274.16	6051.1	
274.37	5477.6	
274.58	4257.7	
274.79	3390.1	
275	5494.7	
275.21	6153.5	
275.42	5187.5	
275.63	4384.7	
275.84	5619.6	
276.05	7117.4	
276.26	4136.2	
276.47	3837.9	
276.68	5231.9	
276.89	6399.2	
277.1	4351.3	
277.31	3391.4	
277.52	5705	
277.73	5857.9	
277.94	3345	
278.15	3764.2	
278.36	5655.1	
278.57	5078.3	
278.78	3703.4	
278.99	4283.7	
279.2	5023.7	
279.41	4968.4	
279.62	4883	
279.83	3493.8	
280.04	6664.8	
280.25	4933.6	
280.46	4859.1	
280.67	3862.5	
280.88	5045.5	
281.09	6088.6	
281.3	4124.6	
281.51	5145.9	
281.72	5130.8	
281.93	5973.9	
282.14	3611.3	
282.35	3951.9	
282.56	5904.3	
282.77	5914.5	
282.98	3758.7	
283.19	4626.4	
283.4	7215.7	
283.61	5366.4	
283.82	3347.1	
284.03	4835.3	
284.24	5538.4	
284.45	6035.4	
284.66	4844.8	
284.87	4611.3	
285.08	5973.9	
285.29	6135	
285.5	3321.1	
285.71	3835.8	
285.92	5979.4	
286.12	6696.9	
286.33	4844.8	
286.54	3761.4	
286.75	5908.4	
286.96	5283.1	
287.17	3439.2	
287.38	4759.5	
287.59	5037.3	
287.8	4999.1	
288.01	3833.1	
288.22	4431.1	
288.43	5907	
288.64	4971.8	
288.85	4461.2	
289.06	4302.1	
289.27	5843.5	
289.48	6369.2	
289.69	4799.8	
289.9	4399.7	
290.11	6051.1	
290.32	5152	
290.53	4579.3	
290.74	4235.9	
290.94	5763.7	
291.15	5905.7	
291.36	3721.2	
291.57	4380.6	
291.78	5121.3	
291.99	4825	
292.2	3459.7	
292.41	4255	
292.62	5962.3	
292.83	5760.3	
293.04	5235.3	
293.25	3500.7	
293.46	5175.2	
293.67	6001.9	
293.88	3682.9	
294.09	3512.3	
294.29	4923.3	
294.5	5528.8	
294.71	3953.3	
294.92	3731.4	
295.13	5250.3	
295.34	6552.1	
295.55	3295.9	
295.76	3218	
295.97	5890.6	
296.18	6574.7	
296.39	3431.7	
296.6	3614	
296.81	5530.9	
297.01	5864	
297.22	3816	
297.43	3626.3	
297.64	5053.7	
297.85	5022.3	
298.06	3046.7	
298.27	3231.7	
298.48	5448.3	
298.69	5130.2	
298.9	3915.7	
299.11	3618.8	
299.31	4910.3	
299.52	4967	
299.73	4204.5	
299.94	4159.4	
300.15	5341.8	
300.36	5020.9	
300.57	4179.9	
300.78	4188.1	
300.99	5258.5	
301.2	5514.5	
301.4	3647.4	
301.61	3945.1	
301.82	5751.4	
302.03	5810.1	
302.24	4387.4	
302.45	3478.1	
302.66	5686.5	
302.87	6213.5	
303.08	3613.3	
303.29	5024.3	
303.49	5187.5	
303.7	5412.1	
303.91	3220.1	
304.12	4742.4	
304.33	4945.2	
304.54	5511.1	
304.75	3696.6	
304.96	3514.3	
305.16	5740.5	
305.37	6493.4	
305.58	3165.5	
305.79	3293.8	
306	5738.4	
306.21	4799.8	
306.42	3663.8	
306.63	5567.7	
306.83	5221.6	
307.04	6023.8	
307.25	4014.7	
307.46	3997	
307.67	4618.2	
307.88	5916.6	
308.09	3547.1	
308.29	3802.4	
308.5	5474.9	
308.71	6051.1	
308.92	3910.3	
309.13	3510.2	
309.34	5357.5	
309.55	5336.3	
309.75	4595	
309.96	4102.1	
310.17	5828.5	
310.38	5151.3	
310.59	4397	
310.8	3489.1	
311.01	5275.6	
311.21	5298.1	
311.42	3490.4	
311.63	3564.8	
311.84	5161.6	
312.05	5593.7	
312.26	4067.9	
312.46	4458.4	
312.67	5215.5	
312.88	4904.9	
313.09	3502.7	
313.3	3405.1	
313.51	6175.3	
313.71	6553.5	
313.92	3482.2	
314.13	3772.4	
314.34	5531.6	
314.55	5343.2	
314.76	4601.8	
314.96	3935.5	
315.17	5502.2	
315.38	5842.9	
315.59	3566.2	
315.8	3376.4	
316.01	6364.4	
316.21	6352.8	
316.42	3394.8	
316.63	3987.4	
316.84	5253.7	
317.05	6168.5	
317.26	4163.5	
317.46	3716.4	
317.67	5377.3	
317.88	5784.1	
318.09	4488.5	
318.3	3269.9	
318.5	5163.6	
318.71	5712.5	
318.92	5666	
319.13	4158.1	
319.34	5966.4	
319.54	6030.6	
319.75	3289	
319.96	3089	
320.17	5780.7	
320.38	5986.9	
320.58	3198.2	
320.79	3870	
321	5993.7	
321.21	6181.5	
321.42	3886.4	
321.62	3218	
321.83	5068.7	
322.04	5397.1	
322.25	3734.1	
322.46	3535.5	
322.66	5550	
322.87	5648.3	
323.08	4400.4	
323.29	3480.2	
323.5	6501.6	
323.7	4980.7	
323.91	4843.4	
324.12	4253.6	
324.33	5444.2	
324.53	5812.8	
324.74	4204.5	
324.95	4323.9	
325.16	4848.2	
325.37	5201.2	
325.57	3521.8	
325.78	3545.7	
325.99	5477	
326.2	4891.9	
326.4	5186.8	
326.61	3272.7	
326.82	5375.9	
327.03	5543.2	
327.24	5036	
327.44	4786.8	
327.65	5667.4	
327.86	4611.3	
328.07	4177.9	
328.27	3396.9	
328.48	6075.6	
328.69	4976.6	
328.9	5074.9	
329.1	3725.3	
329.31	5293.3	
329.52	6274.3	
329.73	3502	
329.93	4013.3	
330.14	5434.6	
330.35	5680.4	
330.56	5890.6	
330.76	4351.9	
330.97	5186.1	
331.18	5621	
331.39	3935.5	
331.59	3206.4	
331.8	5967.8	
332.01	6171.9	
332.22	3648.1	
332.42	4197	
332.63	5488.6	
332.84	5053.7	
333.05	3983.3	
333.25	3609.9	
333.46	5212.1	
333.67	5415.5	
333.88	3713.6	
334.08	4112.3	
334.29	8137.3	
334.5	6063.4	
334.7	3424.9	
334.91	5055.1	
335.12	4968.4	
335.33	5848.3	
335.53	3914.4	
335.74	5845.6	
335.95	5171.8	
336.16	5032.5	
336.36	3927.3	
336.57	4537.6	
336.78	4971.1	
336.98	6029.9	
337.19	4810	
337.4	3867.9	
337.61	6572.6	
337.81	4936.3	
338.02	3632.4	
338.23	4673.5	
338.43	6149.4	
338.64	5096	
338.85	3532.1	
339.05	4640	
339.26	6238.8	
339.47	4883	
339.68	3550.5	
339.88	5315.2	
340.09	5661.3	
340.3	5887.2	
340.5	4160.8	
340.71	3139.5	
340.92	4910.3	
341.13	6194.4	
341.33	3433.1	
341.54	4209.9	
341.75	5620.3	
341.95	5266.7	
342.16	3981.3	
342.37	4331.5	
342.57	5057.8	
342.78	5408.7	
342.99	4477.5	
343.19	3145	
343.4	5849.7	
343.61	5711.8	
343.81	3798.3	
344.02	3494.5	
344.23	5811.5	
344.43	6311.8	
344.64	4424.3	
344.85	4243.4	
345.06	5669.5	
345.26	5988.3	
345.47	4199	
345.68	4818.2	
345.88	4761.5	
346.09	5930.9	
346.3	4252.3	
346.5	3158	
346.71	5427.1	
346.92	5111	
347.12	3216	
347.33	4121.9	
347.54	6027.9	
347.74	6339.1	
347.95	4053.6	
348.16	3022.1	
348.36	5232.6	
348.57	4915.8	
348.78	4040	
348.98	4385.4	
349.19	5395.7	
349.39	4913.8	
349.6	3283.6	
349.81	3652.2	
350.01	5695.4	
350.22	5151.3	
350.43	3945.1	
350.63	4690.5	
350.84	5449.6	
351.05	5214.8	
351.25	3569.6	
351.46	3226.2	
351.67	5997.8	
351.87	5134.3	
352.08	3761.4	
352.29	4331.5	
352.49	5835.3	
352.7	5999.2	
352.9	3440.6	
353.11	4293.2	
353.32	6580.8	
353.52	5203.2	
353.73	3426.3	
353.94	4339	
354.14	5720.7	
354.35	5522	
354.55	3494.5	
354.76	3887.7	
354.97	5664	
355.17	5454.4	
355.38	3284.3	
355.59	4655.7	
355.79	5098.8	
356	5522	
356.2	3899.3	
356.41	3394.2	
356.62	4785.4	
356.82	5315.2	
357.03	4190.1	
357.24	3745.7	
357.44	5140.4	
357.65	5287.9	
357.85	5000.5	
358.06	3950.5	
358.27	4843.4	
358.47	5094.7	
358.68	3275.4	
358.88	4138.9	
359.09	5713.2	
359.3	6097.5	
359.5	4803.2	
359.71	4263.2	
359.91	6551.5	
360.12	5806.7	
360.33	4070	
360.53	4624.3	
360.74	5145.2	
360.94	5175.2	
361.15	4340.3	
361.36	3568.9	
361.56	5939.8	
361.77	5380.7	
361.97	4850.3	
362.18	3807.2	
362.38	5948.7	
362.59	4949.3	
362.8	3488.4	
363	3329.3	
363.21	4726.7	
363.41	5485.1	
363.62	4009.9	
363.83	5036.6	
364.03	5548.6	
364.24	6536.4	
364.44	5132.9	
364.65	5060.5	
364.85	5281.7	
365.06	5147.2	
365.27	3695.2	
365.47	3728.7	
365.68	6207.4	
365.88	5251	
366.09	4094.6	
366.29	3718.4	
366.5	5537.7	
366.71	5995.1	
366.91	5033.2	
367.12	4258.4	
367.32	6522.1	
367.53	5816.9	
367.73	4210.6	
367.94	5187.5	
368.14	5724.1	
368.35	6640.2	
368.56	4228.4	
368.76	3773	
368.97	5869.5	
369.17	7541.3	
369.38	3688.4	
369.58	3897.3	
369.79	4883	
369.99	6222.4	
370.2	4960.2	
370.4	4032.5	
370.61	5508.4	
370.82	6784.2	
371.02	3921.2	
371.23	3221.5	
371.43	4786.8	
371.64	6179.4	
371.84	3946.4	
372.05	5181.4	
372.25	7421.8	
372.46	5833.3	
372.66	3918.4	
372.87	3896.6	
373.07	5899.5	
373.28	7479.2	
373.48	4943.1	
373.69	4698.7	
373.9	5324.7	
374.1	5369.8	
374.31	4912.4	
374.51	4397.7	
374.72	6181.5	
374.92	5053.7	
375.13	5043.5	
375.33	4228.4	
375.54	5800.5	
375.74	5231.9	
375.95	4317.1	
376.15	5589.6	
376.36	5735	
376.56	5604.6	
376.77	4340.3	
376.97	4761.5	
377.18	6840.2	
377.38	5824.4	
377.59	5030.5	
377.79	3801.7	
378	5683.8	
378.2	6081.1	
378.41	3916.4	
378.61	3773	
378.82	6169.8	
379.02	5218.9	
379.23	4029.7	
379.43	5169.8	
379.64	6186.9	
379.84	5844.2	
380.05	3913.7	
380.25	3827.7	
380.46	5914.5	
380.66	5492.7	
380.87	5274.2	
381.07	5619.6	
381.28	6531.7	
381.48	5926.8	
381.69	3892.5	
381.89	3907.5	
382.1	4887.1	
382.3	6079.7	
382.51	5096	
382.71	5983.5	
382.91	5970.5	
383.12	6428.6	
383.32	4285.7	
383.53	4513.7	
383.73	5702.9	
383.94	5582.1	
384.14	4397	
384.35	3591.5	
384.55	5461.9	
384.76	5914.5	
384.96	4321.9	
385.17	4660.5	
385.37	5885.2	
385.58	5227.1	
385.78	4609.3	
385.98	3472.7	
386.19	5423.7	
386.39	5752.7	
386.6	4040.6	
386.8	4296	
387.01	5930.9	
387.21	5948	
387.42	4721.3	
387.62	5346.6	
387.83	5215.5	
388.03	5905.7	
388.23	4357.4	
388.44	5104.9	
388.64	4934.9	
388.85	4978.6	
389.05	4689.8	
389.26	5309	
389.46	6937.8	
389.67	6378.7	
389.87	4673.5	
390.07	4726.7	
390.28	5557.5	
390.48	5165.7	
390.69	3906.2	
390.89	4192.2	
391.1	5332.9	
391.3	6222.4	
391.5	5381.4	
391.71	6014.9	
391.91	5997.8	
392.12	7073.7	
392.32	5535.7	
392.53	4648.2	
392.73	5412.1	
392.93	5567.1	
393.14	4385.4	
393.34	5089.9	
393.55	6077	
393.75	5615.5	
393.95	4409.3	
394.16	4277.5	
394.36	5324.7	
394.57	6058.6	
394.77	3826.3	
394.98	4212.7	
395.18	5246.2	
395.38	5519.3	
395.59	5090.6	
395.79	4010.6	
396	5408	
396.2	5925.5	
396.4	4901.5	
396.61	4815.5	
396.81	6111.1	
397.02	5289.2	
397.22	5115.1	
397.42	5235.3	
397.63	6042.9	
397.83	5275.6	
398.04	3997.6	
398.24	4499.4	
398.44	5903.6	
398.65	4919.9	
398.85	3891.8	
399.05	3990.1	
399.26	5253	
399.46	6977.4	
399.67	4326	
399.87	4108.9	
400.07	5543.2	
400.28	5946.6	
400.48	4119.8	
400.69	5257.1	
400.89	6206	
401.09	6598.6	
401.3	4038.6	
401.5	5199.1	
401.7	6890.7	
401.91	7128.3	
402.11	4410	
402.32	4648.2	
402.52	6189	
402.72	6148.7	
402.93	4848.9	
403.13	3679.5	
403.33	7053.2	
403.54	5695.4	
403.74	4585.4	
403.94	5393	
404.15	5722	
404.35	6904.4	
404.56	4312.3	
404.76	6092.7	
404.96	6171.2	
405.17	5921.4	
405.37	5533.6	
405.57	4844.8	
405.78	6163.7	
405.98	5700.2	
406.18	4338.3	
406.39	5342.5	
406.59	6163.7	
406.79	5836.7	
407	4148.5	
407.2	4199.7	
407.4	6193.1	
407.61	6436.8	
407.81	4193.6	
408.01	6384.9	
408.22	5104.2	
408.42	7189.1	
408.62	5264.6	
408.83	4758.8	
409.03	5784.1	
409.23	5562.3	
409.44	4840.7	
409.64	5114.5	
409.84	6658.6	
410.05	6530.3	
410.25	4954.7	
410.45	4719.9	
410.66	6059.3	
410.86	8564.6	
411.06	5086.5	
411.27	4912.4	
411.47	8265.6	
411.67	6143.2	
411.88	5276.3	
412.08	5511.1	
412.28	6917.4	
412.49	7329.7	
412.69	5007.3	
412.89	5018.2	
413.09	7159	
413.3	7005.4	
413.5	5104.2	
413.7	4735.6	
413.91	6296.8	
414.11	7122.2	
414.31	4900.1	
414.52	5307	
414.72	6849.8	
414.92	6722.8	
415.12	4932.2	
415.33	5463.3	
415.53	7047.1	
415.73	7283.9	
415.94	5807.4	
416.14	5199.8	
416.34	6130.3	
416.55	5831.2	
416.75	6438.1	
416.95	5846.3	
417.15	7077.1	
417.36	7819.1	
417.56	6591.7	
417.76	5680.4	
417.97	7479.2	
418.17	7070.3	
418.37	5221.6	
418.57	5322.7	
418.78	6948.1	
418.98	6632.7	
419.18	6280.4	
419.38	6144.6	
419.59	6657.9	
419.79	6272.2	
419.99	5205.9	
420.2	5492	
420.4	7121.5	
420.6	7305.1	
420.8	5085.1	
421.01	4965	
421.21	6926.9	
421.41	7107.8	
421.61	5472.2	
421.82	5133.6	
422.02	6457.2	
422.22	7441	
422.42	5940.5	
422.63	5677	
422.83	6604	
423.03	7837.6	
423.23	5630.5	
423.44	4618.2	
423.64	6663.4	
423.84	6395.8	
424.04	5052.3	
424.25	4820.2	
424.45	7567.2	
424.65	7585	
424.85	4609.3	
425.06	5177.9	
425.26	7562.5	
425.46	6521.4	
425.66	5755.5	
425.87	5382.1	
426.07	7258.7	
426.27	7203.4	
426.47	5567.7	
426.67	4816.1	
426.88	7655.3	
427.08	7107.1	
427.28	5650.3	
427.48	4780.6	
427.69	6008.1	
427.89	6685.3	
428.09	5738.4	
428.29	4794.3	
428.5	7323.5	
428.7	6921.5	
428.9	4760.2	
429.1	5287.2	
429.3	6744.6	
429.51	7156.3	
429.71	5042.1	
429.91	5859.9	
430.11	7033.4	
430.31	7348.8	
430.52	5322.7	
430.72	5656.5	
430.92	7707.2	
431.12	7141.3	
431.32	5012.7	
431.53	5408.7	
431.73	6048.3	
431.93	7795.9	
432.13	4843.4	
432.33	4749.2	
432.54	6538.5	
432.74	6870.3	
432.94	4687.1	
433.14	5808	
433.34	7065.5	
433.55	6534.4	
433.75	5773.9	
433.95	7481.2	
434.15	6847	
434.35	6571.9	
434.56	4949.9	
434.76	4448.9	
434.96	6804	
435.16	7055.9	
435.36	4808.6	
435.56	5939.8	
435.77	6438.1	
435.97	6675	
436.17	6629.3	
436.37	5836.7	
436.57	6442.9	
436.78	6285.9	
436.98	7681.2	
437.18	6498.2	
437.38	7116	
437.58	6694.8	
437.78	6614.9	
437.99	5248.3	
438.19	7171.3	
438.39	7965.2	
438.59	5201.8	
438.79	4717.2	
438.99	7829.4	
439.2	6569.9	
439.4	4742.4	
439.6	4683	
439.8	6938.5	
440	7995.3	
440.2	5800.5	
440.4	5885.9	
440.61	7264.8	
440.81	7926.3	
441.01	4986.8	
441.21	5858.6	
441.41	7837.6	
441.61	7356.3	
441.81	6270.2	
442.02	7287.4	
442.22	8237.6	
442.42	7456.7	
442.62	4984.8	
442.82	5095.3	
443.02	7641	
443.22	6868.9	
443.43	5500.8	
443.63	5059.8	
443.83	6634.7	
444.03	6638.8	
444.23	6309.8	
444.43	5896.1	
444.63	6956.9	
444.83	8275.2	
445.04	5180.7	
445.24	6461.3	
445.44	7343.3	
445.64	7494.9	
445.84	5978.7	
446.04	5945.9	
446.24	6701.6	
446.44	7733.8	
446.65	5203.9	
446.85	5569.1	
447.05	7019.8	
447.25	7690.8	
447.45	5611.4	
447.65	4943.1	
447.85	6987.7	
448.05	6683.2	
448.25	6066.8	
448.46	5831.9	
448.66	7028.6	
448.86	6751.5	
449.06	4843.4	
449.26	6066.1	
449.46	7380.9	
449.66	6373.3	
449.86	5515.2	
450.06	5569.8	
450.26	6612.2	
450.47	7223.9	
450.67	5775.3	
450.87	6177.4	
451.07	7215	
451.27	7105.1	
451.47	5102.2	
451.67	5668.1	
451.87	6725.5	
452.07	7918.8	
452.27	5337	
452.47	5307.7	
452.67	6978.8	
452.88	7684.7	
453.08	4711	
453.28	6690.7	
453.48	8262.9	
453.68	6947.4	
453.88	5213.4	
454.08	5449	
454.28	7379.5	
454.48	7004.7	
454.68	5969.1	
454.88	6561.7	
455.08	7542.7	
455.28	7265.5	
455.48	5105.6	
455.68	5696.8	
455.89	7989.8	
456.09	7669	
456.29	5414.8	
456.49	5515.2	
456.69	7862.2	
456.89	7303.1	
457.09	5993.7	
457.29	6369.9	
457.49	7456.7	
457.69	7537.2	
457.89	5772.5	
458.09	5252.4	
458.29	7087.3	
458.49	7917.4	
458.69	6307.1	
458.89	5602.6	
459.09	8193.2	
459.29	8295.6	
459.49	5788.9	
459.69	6614.9	
459.9	7790.5	
460.1	7152.2	
460.3	5679.7	
460.5	5458.5	
460.7	7608.2	
460.9	7288	
461.1	5193.6	
461.3	6364.4	
461.5	8310	
461.7	7903.8	
461.9	5487.2	
462.1	5997.8	
462.3	7322.2	
462.5	8016.4	
462.7	5563	
462.9	5651.7	
463.1	9024.7	
463.3	8633.6	
463.5	5890	
463.7	6825.9	
463.9	7533.1	
464.1	7987.1	
464.3	5966.4	
464.5	6238.1	
464.7	8212.4	
464.9	7804.1	
465.1	7570	
465.3	6582.2	
465.5	8556.4	
465.7	8548.9	
465.9	6797.2	
466.1	6655.9	
466.3	8308.6	
466.5	8161.2	
466.7	7519.5	
466.9	6420.4	
467.1	8053.3	
467.3	9056.8	
467.5	7403.4	
467.7	6344.6	
467.9	9238.4	
468.1	10147	
468.3	7148.8	
468.5	7533.8	
468.7	8069	
468.9	8035.5	
469.1	6661.4	
469.3	7272.3	
469.5	9994.8	
469.7	7621.9	
469.9	7118.1	
470.1	6339.1	
470.3	8032.8	
470.5	8060.8	
470.7	7695.6	
470.9	6529.6	
471.1	7845.1	
471.3	8302.5	
471.5	6290.7	
471.69	8221.2	
471.89	7670.3	
472.09	7230.7	
472.29	7096.2	
472.49	7509.9	
472.69	7429.3	
472.89	8341.4	
473.09	6145.3	
473.29	6352.1	
473.49	7584.3	
473.69	7804.1	
473.89	7311.9	
474.09	6548	
474.29	9054.1	
474.49	8817.2	
474.69	7207.5	
474.89	6550.1	
475.09	7795.9	
475.29	7782.3	
475.49	6031.3	
475.69	6312.5	
475.88	9397.4	
476.08	8052.6	
476.28	5882.4	
476.48	6408.1	
476.68	8599.4	
476.88	8452	
477.08	6235.4	
477.28	6508.4	
477.48	7835.5	
477.68	8509.3	
477.88	6082.5	
478.08	6421.7	
478.28	8888.9	
478.48	8011.7	
478.67	6374.6	
478.87	5859.9	
479.07	8637.6	
479.27	8068.3	
479.47	6664.8	
479.67	6692.8	
479.87	8402.8	
480.07	8987.2	
480.27	5863.3	
480.47	7503.1	
480.67	8129.1	
480.87	8714.1	
481.06	6090	
481.26	6990.4	
481.46	7957	
481.66	7989.1	
481.86	6602	
482.06	7752.2	
482.26	7742	
482.46	8826.7	
482.66	6535.8	
482.86	6131.6	
483.05	8028	
483.25	7529	
483.45	9038.4	
483.65	6549.4	
483.85	7632.1	
484.05	7950.2	
484.25	7151.5	
484.45	7499	
484.65	8873.2	
484.84	8854.1	
485.04	6460	
485.24	6436.8	
485.44	9144.9	
485.64	7444.4	
485.84	5713.8	
486.04	7139.2	
486.24	7816.4	
486.44	8256	
486.63	5751.4	
486.83	6498.9	
487.03	7692.9	
487.23	7875.1	
487.43	5868.8	
487.63	8246.5	
487.83	8103.8	
488.02	9116.9	
488.22	6862.1	
488.42	7490.8	
488.62	8884.8	
488.82	7787.7	
489.02	6526.9	
489.22	6521.4	
489.41	8813.1	
489.61	8424	
489.81	6223.1	
490.01	6256.5	
490.21	8656.8	
490.41	9276.6	
490.61	6189.6	
490.8	6349.4	
491	8249.2	
491.2	7475.1	
491.4	7086	
491.6	6062.7	
491.8	8150.2	
491.99	8277.2	
492.19	5881.1	
492.39	6236.7	
492.59	8666.3	
492.79	8720.9	
492.99	6987	
493.18	6286.6	
493.38	8722.3	
493.58	9563.3	
493.78	6907.1	
493.98	6539.8	
494.18	8449.9	
494.37	7871.7	
494.57	7148.8	
494.77	6992.4	
494.97	8657.4	
495.17	8948.9	
495.37	6595.1	
495.56	6932.4	
495.76	9082.1	
495.96	8785.8	
496.16	7890.8	
496.36	6782.9	
496.55	8953	
496.75	8520.9	
496.95	7226.6	
497.15	7019.8	
497.35	8965.3	
497.54	8924.4	
497.74	6787	
497.94	8532.5	
498.14	9646.6	
498.34	9435	
498.53	6508.4	
498.73	7364.5	
498.93	8313.4	
499.13	8843.1	
499.33	7082.6	
499.52	7586.4	
499.72	8839.7	
499.92	9272.5	
500.12	6819.7	
500.32	7130.3	
500.51	9164.7	
500.71	9005.6	
500.91	7927	
501.11	7476.5	
501.31	9093	
501.5	9525.1	
501.7	8095.6	
501.9	7147.4	
502.1	8918.9	
502.29	9234.3	
502.49	7544	
502.69	8112.7	
502.89	9093.7	
503.09	9121.7	
503.28	6610.8	
503.48	6703	
503.68	8259.5	
503.88	8341.4	
504.07	7690.8	
504.27	7230.7	
504.47	8720.3	
504.67	8843.1	
504.86	7600.7	
505.06	7361.1	
505.26	8415.1	
505.46	10253	
505.65	7209.5	
505.85	7410.9	
506.05	8345.5	
506.25	8783.7	
506.44	6457.9	
506.64	7430.7	
506.84	8176.2	
507.04	9124.4	
507.23	6713.9	
507.43	7309.2	
507.63	10217	
507.83	8500.4	
508.02	7196.6	
508.22	6851.1	
508.42	10387	
508.62	8150.2	
508.81	7112.6	
509.01	7617.8	
509.21	7987.8	
509.4	8147.5	
509.6	7253.2	
509.8	6573.3	
510	8210.3	
510.19	9779.1	
510.39	6582.2	
510.59	6721.4	
510.79	8133.8	
510.98	9524.4	
511.18	6729.6	
511.38	6884.6	
511.57	8886.1	
511.77	8791.2	
511.97	7538.6	
512.17	6503.7	
512.36	8985.8	
512.56	8882.7	
512.76	6543.3	
512.95	6314.6	
513.15	9007.6	
513.35	7559.7	
513.55	7437.5	
513.74	6699.6	
513.94	8963.3	
514.14	8301.1	
514.33	7641	
514.53	7320.1	
514.73	8262.2	
514.92	8469	
515.12	6829.3	
515.32	6607.4	
515.51	8568.7	
515.71	9145.5	
515.91	8497.7	
516.11	6647.7	
516.3	10271	
516.5	8264.9	
516.7	7354.9	
516.89	7888.1	
517.09	8335.9	
517.29	8275.2	
517.48	7484.6	
517.68	7058.7	
517.88	8048.5	
518.07	8747.6	
518.27	7555	
518.47	6566.5	
518.66	9307.3	
518.86	7940.7	
519.06	6369.9	
519.25	6815.6	
519.45	8196	
519.65	9702.6	
519.84	7478.5	
520.04	8095.6	
520.24	10126	
520.43	9026.8	
520.63	7333.8	
520.83	7010.9	
521.02	8204.2	
521.22	8812.4	
521.42	7569.3	
521.61	8073.8	
521.81	8292.9	
522.01	8544.1	
522.2	7351.5	
522.4	7068.2	
522.6	9027.4	
522.79	7836.9	
522.99	7131.7	
523.18	6445	
523.38	8698.4	
523.58	8754.4	
523.77	8477.2	
523.97	6377.4	
524.17	10600	
524.36	9646.6	
524.56	7890.8	
524.76	7468.3	
524.95	8633.6	
525.15	8341.4	
525.34	7221.8	
525.54	7326.3	
525.74	9152.4	
525.93	8084.7	
526.13	8486.8	
526.33	7294.9	
526.52	9437.7	
526.72	8898.4	
526.91	8397.4	
527.11	7749.5	
527.31	9464.3	
527.5	9830.2	
527.7	7557.7	
527.89	6669.6	
528.09	8324.3	
528.29	8929.1	
528.48	8087.4	
528.68	7635.5	
528.87	9235	
529.07	9325.1	
529.27	7539.9	
529.46	7088	
529.66	8917.5	
529.85	9426.1	
530.05	6993.1	
530.25	7730.4	
530.44	10286	
530.64	8942.1	
530.83	7325.6	
531.03	7446.4	
531.23	9256.8	
531.42	9200.2	
531.62	8349.6	
531.81	7436.2	
532.01	9479.4	
532.21	9884.9	
532.4	7212.3	
532.6	7564.5	
532.79	10362	
532.99	9542.9	
533.18	7731.8	
533.38	8725	
533.58	9040.4	
533.77	9815.9	
533.97	7561.8	
534.16	8418.5	
534.36	9996.1	
534.55	8979	
534.75	8574.2	
534.95	7733.1	
535.14	10015	
535.34	9055.4	
535.53	7363.1	
535.73	9401.5	
535.92	10421	
536.12	9291.6	
536.31	7516.7	
536.51	8667.7	
536.71	9582.4	
536.9	9160.6	
537.1	7568.6	
537.29	7684.7	
537.49	9972.2	
537.68	8989.9	
537.88	8157.1	
538.07	7319.4	
538.27	9132.6	
538.46	10217	
538.66	7220.5	
538.86	7698.3	
539.05	9282.8	
539.25	9779.1	
539.44	7959.1	
539.64	7635.5	
539.83	9152.4	
540.03	10227	
540.22	7512.6	
540.42	7613.7	
540.61	9369.5	
540.81	9508.7	
541	8102.4	
541.2	8710.7	
541.39	8913.4	
541.59	9385.8	
541.78	8443.1	
541.98	7408.2	
542.18	8619.9	
542.37	8638.3	
542.57	7831.4	
542.76	8404.2	
542.96	8722.3	
543.15	9387.9	
543.35	7811	
543.54	7202	
543.74	9690.3	
543.93	9243.2	
544.13	7758.4	
544.32	8857.5	
544.52	9438.4	
544.71	8707.3	
544.91	6868.9	
545.1	8074.5	
545.3	8756.4	
545.49	9419.3	
545.69	6799.3	
545.88	7419.8	
546.08	10330	
546.27	9990	
546.47	7896.3	
546.66	7146.7	
546.86	9583.8	
547.05	10249	
547.24	7528.3	
547.44	7335.1	
547.63	8638.3	
547.83	9768.8	
548.02	7739.3	
548.22	7991.9	
548.41	8406.2	
548.61	9796.8	
548.8	7269.6	
549	7256	
549.19	9019.3	
549.39	9367.4	
549.58	6980.8	
549.78	7469.6	
549.97	9400.2	
550.17	8914.1	
550.36	8470.4	
550.55	9375.6	
550.75	8985.1	
550.94	9858.2	
551.14	7141.9	
551.33	7656	
551.53	8249.2	
551.72	9391.3	
551.92	7559.1	
552.11	7370.6	
552.31	9303.9	
552.5	9372.2	
552.69	9000.1	
552.89	7057.3	
553.08	9255.5	
553.28	9071.1	
553.47	7292.1	
553.67	8510	
553.86	9983.2	
554.06	8270.4	
554.25	6570.6	
554.44	7194.5	
554.64	10811	
554.83	10174	
555.03	7107.8	
555.22	7566.6	
555.42	9486.9	
555.61	9184.5	
555.8	7360.4	
556	7627.3	
556.19	8276.5	
556.39	9632.3	
556.58	7396.6	
556.78	7392.5	
556.97	9087.5	
557.16	8821.3	
557.36	8635.6	
557.55	6997.9	
557.75	8113.4	
557.94	9925.8	
558.13	7121.5	
558.33	6905.1	
558.52	9650.7	
558.72	8543.4	
558.91	7012.9	
559.1	7224.6	
559.3	8190.5	
559.49	7886	
559.69	6603.3	
559.88	7534.5	
560.07	9058.2	
560.27	9482.8	
560.46	7749.5	
560.66	7977.5	
560.85	8850.6	
561.04	8084.7	
561.24	6991.1	
561.43	7214.3	
561.63	8342.1	
561.82	8483.4	
562.01	8396	
562.21	7499.7	
562.4	9056.1	
562.59	10004	
562.79	7283.9	
562.98	6855.9	
563.18	8933.2	
563.37	10418	
563.56	7886	
563.76	6879.8	
563.95	8413.1	
564.14	8330.5	
564.34	7240.9	
564.53	7021.1	
564.73	8900.5	
564.92	9269.8	
565.11	7409.6	
565.31	6840.2	
565.5	9484.1	
565.69	8407.6	
565.89	7032.7	
566.08	7218.4	
566.27	9300.5	
566.47	9835.7	
566.66	7918.8	
566.85	6538.5	
567.05	8954.4	
567.24	8221.9	
567.44	6873	
567.63	8383	
567.82	9142.1	
568.02	8871.1	
568.21	6847	
568.4	7186.3	
568.6	8757.1	
568.79	8723	
568.98	6677.7	
569.18	6886	
569.37	8711.4	
569.56	10778	
569.76	7227.3	
569.95	8212.4	
570.14	9098.4	
570.34	8910	
570.53	6703	
570.72	6704.4	
570.91	9476	
571.11	8490.2	
571.3	7116.7	
571.49	8005.5	
571.69	8628.1	
571.88	8138.6	
572.07	7622.5	
572.27	7585.7	
572.46	8090.2	
572.65	9131.9	
572.85	6967.2	
573.04	7214.3	
573.23	9473.2	
573.43	8632.9	
573.62	6605.4	
573.81	7243	
574	8712.7	
574.2	8569.4	
574.39	6968.6	
574.58	7096.9	
574.78	9513.5	
574.97	8796.7	
575.16	7510.6	
575.36	7705.8	
575.55	9162.6	
575.74	9301.9	
575.93	6608.1	
576.13	7612.3	
576.32	8481.3	
576.51	9086.2	
576.71	7042.3	
576.9	8406.2	
577.09	9499.8	
577.28	8873.2	
577.48	7474.4	
577.67	6496.2	
577.86	8572.1	
578.05	8946.2	
578.25	7065.5	
578.44	7290.1	
578.63	8716.8	
578.83	9970.2	
579.02	6578.1	
579.21	8101.8	
579.4	8924.4	
579.6	8637.6	
579.79	7339.2	
579.98	9600.2	
580.17	9190.6	
580.37	9275.3	
580.56	6795.8	
580.75	7579.5	
580.94	9808.4	
581.14	9572.2	
581.33	8045.8	
581.52	6964.5	
581.71	9132.6	
581.91	9839.8	
582.1	6651.8	
582.29	7298.3	
582.48	8880	
582.68	8702.5	
582.87	7735.2	
583.06	7374.1	
583.25	9112.1	
583.45	8969.4	
583.64	8153.6	
583.83	8802.9	
584.02	8666.3	
584.21	9108	
584.41	7985	
584.6	7410.2	
584.79	8900.5	
584.98	9625.5	
585.18	6808.8	
585.37	6810.2	
585.56	8362.5	
585.75	9166	
585.94	7088.7	
586.14	7701.7	
586.33	9811.8	
586.52	8787.2	
586.71	7476.5	
586.91	7299.6	
587.1	8274.5	
587.29	9271.8	
587.48	7255.3	
587.67	7119.4	
587.87	9130.5	
588.06	9189.2	
588.25	8403.5	
588.44	7633.5	
588.63	8751.7	
588.83	9394	
589.02	7116.7	
589.21	6975.4	
589.4	8364.6	
589.59	8240.3	
589.78	6128.9	
589.98	6365.1	
590.17	7802.1	
590.36	8300.4	
590.55	5703.6	
590.74	6529.6	
590.94	9644.6	
591.13	8135.2	
591.32	6263.4	
591.51	5789.6	
591.7	8628.1	
591.89	8062.2	
592.09	5879	
592.28	6429.3	
592.47	7346.7	
592.66	9340.8	
592.85	5954.1	
593.05	6202.6	
593.24	7978.9	
593.43	8733.2	
593.62	6213.5	
593.81	6747.4	
594	8011	
594.19	8255.4	
594.39	6127.5	
594.58	6219.7	
594.77	8421.9	
594.96	9068.4	
595.15	6141.9	
595.34	6853.9	
595.54	8518.9	
595.73	7482.6	
595.92	5498.8	
596.11	6613.6	
596.3	8870.4	
596.49	7490.1	
596.68	6389	
596.88	6923.5	
597.07	8671.8	
597.26	7432.1	
597.45	6021.7	
597.64	7261.4	
597.83	7764.5	
598.02	8401.5	
598.22	6160.3	
598.41	6836.8	
598.6	8155.7	
598.79	7639.6	
598.98	6128.9	
599.17	7085.3	
599.36	8176.2	
599.55	9434.3	
599.74	8254.7	
599.94	8001.4	
600.13	8863.6	
600.32	7600.7	
600.51	5967.1	
600.7	6067.4	
600.89	9508.7	
601.08	9553.1	
601.27	5936.4	
601.47	6945.3	
601.66	8873.8	
601.85	9404.3	
602.04	6642.2	
602.23	7012.2	
602.42	7886.7	
602.61	8540.7	
602.8	6625.9	
602.99	6406.7	
603.18	8228.1	
603.37	8596	
603.57	7110.5	
603.76	7577.5	
603.95	9306	
604.14	8810.4	
604.33	6475.7	
604.52	6857.3	
604.71	8474.5	
604.9	8075.8	
605.09	7404.8	
605.28	7236.2	
605.47	9118.2	
605.66	8781	
605.86	7176.1	
606.05	6566.5	
606.24	9075.2	
606.43	7639.6	
606.62	6873	
606.81	7619.8	
607	8929.1	
607.19	8297.7	
607.38	6324.1	
607.57	6555.5	
607.76	8112.7	
607.95	7476.5	
608.14	7002	
608.33	7567.9	
608.52	8090.2	
608.72	8953	
608.91	6157.6	
609.1	6094.8	
609.29	8168.7	
609.48	7656.7	
609.67	7228.6	
609.86	6222.4	
610.05	7826	
610.24	8123.6	
610.43	6032	
610.62	5672.9	
610.81	9273.9	
611	9054.1	
611.19	6109.1	
611.38	6842.3	
611.57	8413.1	
611.76	9695.8	
611.95	5952.1	
612.14	5860.6	
612.33	8143.4	
612.52	7786.4	
612.71	6511.2	
612.9	5730.2	
613.09	7283.9	
613.28	9673.2	
613.47	6186.9	
613.66	7101.7	
613.85	8300.4	
614.04	7807.5	
614.24	6231.3	
614.43	5526.8	
614.62	8378.9	
614.81	8414.4	
615	6858.6	
615.19	6943.3	
615.38	7610.9	
615.57	8067.6	
615.76	6698.2	
615.95	7699	
616.14	8487.5	
616.33	8135.9	
616.52	7120.8	
616.71	7382.2	
616.9	8363.2	
617.09	8249.2	
617.28	6412.9	
617.47	7623.9	
617.66	7584.3	
617.85	7580.9	
618.04	7290.1	
618.22	6697.5	
618.41	7826	
618.6	8738.7	
618.79	6682.5	
618.98	6421.7	
619.17	9078	
619.36	7380.9	
619.55	6531.7	
619.74	6530.3	
619.93	8337.3	
620.12	7735.2	
620.31	7061.4	
620.5	7189.1	
620.69	9264.3	
620.88	9290.3	
621.07	8028	
621.26	6950.8	
621.45	8570.1	
621.64	8505.9	
621.83	7140.6	
622.02	6306.4	
622.21	8467.7	
622.4	8244.4	
622.59	7570.7	
622.78	7453.9	
622.97	7895.6	
623.16	8872.5	
623.35	6992.4	
623.54	6158.9	
623.72	8051.2	
623.91	8173.4	
624.1	7311.9	
624.29	5911.8	
624.48	9318.3	
624.67	8570.7	
624.86	7106.5	
625.05	6102.3	
625.24	9358.5	
625.43	7653.3	
625.62	8824.7	
625.81	6368.5	
626	8830.8	
626.19	7998	
626.38	7152.9	
626.56	6525.5	
626.75	7926.3	
626.94	8622.6	
627.13	7106.5	
627.32	5760.3	
627.51	8482.7	
627.7	9951.1	
627.89	5783.5	
628.08	7006.8	
628.27	7570	
628.46	7802.8	
628.65	6167.1	
628.83	5879	
629.02	8405.5	
629.21	7649.2	
629.4	6620.4	
629.59	6866.8	
629.78	7675.8	
629.97	8615.1	
630.16	6909.8	
630.35	6438.8	
630.54	9062.9	
630.72	8761.2	
630.91	6372.6	
631.1	6944	
631.29	8225.3	
631.48	8437.6	
631.67	7045.7	
631.86	6442.9	
632.05	7828	
632.24	7869.7	
632.42	6143.2	
632.61	6718.7	
632.8	8006.9	
632.99	7589.8	
633.18	6696.2	
633.37	7096.2	
633.56	8279.9	
633.75	8107.9	
633.93	6731.7	
634.12	6355.5	
634.31	9078	
634.5	8619.2	
634.69	6500.3	
634.88	7015.7	
635.07	8062.9	
635.25	8591.2	
635.44	7499.7	
635.63	7641.7	
635.82	7837.6	
636.01	7451.9	
636.2	7320.1	
636.39	6892.8	
636.57	9108	
636.76	8703.9	
636.95	6338.5	
637.14	7657.4	
637.33	8299.1	
637.52	9248.6	
637.7	6130.9	
637.89	7058.7	
638.08	7957.7	
638.27	9521.7	
638.46	7095.5	
638.65	7572	
638.83	9432.9	
639.02	7753.6	
639.21	7006.8	
639.4	7600	
639.59	8300.4	
639.78	7995.3	
639.96	6359.6	
640.15	6351.4	
640.34	8112.7	
640.53	8267	
640.72	6013.5	
640.91	6393.1	
641.09	7608.9	
641.28	8890.2	
641.47	6358.3	
641.66	7228.6	
641.85	8241	
642.03	8495	
642.22	7024.5	
642.41	6435.4	
642.6	7719.5	
642.79	7060	
642.97	6227.2	
643.16	6961.7	
643.35	7672.4	
643.54	7449.1	
643.73	6178.7	
643.91	7023.9	
644.1	7296.2	
644.29	7884.7	
644.48	6222.4	
644.67	6281.8	
644.85	7455.3	
645.04	7780.9	
645.23	5784.1	
645.42	6030.6	
645.6	7298.3	
645.79	8441	
645.98	6004.6	
646.17	5046.2	
646.36	6959.7	
646.54	7623.9	
646.73	6842.9	
646.92	5612.8	
647.11	7204.1	
647.29	8259.5	
647.48	5616.9	
647.67	5402.5	
647.86	8577.6	
648.05	8477.2	
648.23	6001.2	
648.42	7337.9	
648.61	7894.9	
648.8	7608.2	
648.98	5705.6	
649.17	5964.4	
649.36	7178.8	
649.55	6717.3	
649.73	5799.8	
649.92	6491.4	
650.11	7223.9	
650.3	7492.8	
650.48	5874.3	
650.67	5779.4	
650.86	7783	
651.05	6660.7	
651.23	5855.1	
651.42	5786.2	
651.61	7112.6	
651.79	7930.4	
651.98	5988.9	
652.17	5648.3	
652.36	7632.1	
652.54	6818.4	
652.73	5739.8	
652.92	5582.1	
653.11	7729	
653.29	7784.3	
653.48	5008.6	
653.67	6027.9	
653.85	7524.9	
654.04	8527.7	
654.23	6247	
654.42	5782.1	
654.6	7040.9	
654.79	7674.4	
654.98	5245.5	
655.16	5801.2	
655.35	6593.1	
655.54	6553.5	
655.73	5284.4	
655.91	5235.3	
656.1	7721.5	
656.29	6573.3	
656.47	4802.5	
656.66	6554.2	
656.85	6923.5	
657.03	6882.5	
657.22	5425.1	
657.41	5497.4	
657.59	6983.6	
657.78	6787	
657.97	5104.2	
658.16	5900.9	
658.34	7628.7	
658.53	8070.4	
658.72	6834.8	
658.9	7368.6	
659.09	7021.8	
659.28	7204.8	
659.46	5676.3	
659.65	5597.1	
659.84	6907.1	
660.02	7406.8	
660.21	5502.9	
660.4	5474.9	
660.58	7924.3	
660.77	7265.5	
660.96	6104.3	
661.14	5155.4	
661.33	8459.5	
661.52	8254	
661.7	5098.1	
661.89	8927.8	
662.08	6898.9	
662.26	6408.1	
662.45	5378	
662.64	5522	
662.82	7532.4	
663.01	6732.4	
663.2	5543.2	
663.38	6272.2	
663.57	7474.4	
663.75	7449.8	
663.94	5872.2	
664.13	7165.8	
664.31	6904.4	
664.5	7632.1	
664.69	6254.5	
664.87	6734.4	
665.06	6612.9	
665.25	7393.2	
665.43	6840.2	
665.62	6976.1	
665.8	7746.1	
665.99	7006.1	
666.18	5839.4	
666.36	5917.9	
666.55	7684	
666.74	7576.1	
666.92	5526.8	
667.11	7138.5	
667.29	7019.8	
667.48	7677.8	
667.67	6662.7	
667.85	5894.1	
668.04	7139.2	
668.22	7073.7	
668.41	5872.2	
668.6	6036.7	
668.78	6807.4	
668.97	7092.8	
669.15	6322.8	
669.34	5209.3	
669.53	6822.5	
669.71	7193.8	
669.9	5376.6	
670.08	6019	
670.27	6866.8	
670.46	7470.3	
670.64	6344.6	
670.83	6576	
671.01	6759.7	
671.2	7370.6	
671.38	5464.7	
671.57	5384.1	
671.76	8028	
671.94	8643.8	
672.13	5383.4	
672.31	6496.8	
672.5	7527.7	
672.69	6918	
672.87	5534.3	
673.06	5801.2	
673.24	7438.2	
673.43	6947.4	
673.61	6312.5	
673.8	5810.1	
673.98	7534.5	
674.17	7688.1	
674.36	6404	
674.54	6280.4	
674.73	7306.5	
674.91	7557.7	
675.1	5937.7	
675.28	5636	
675.47	7136.5	
675.65	7652.6	
675.84	5763	
676.03	6176	
676.21	6880.5	
676.4	6432.7	
676.58	6622.4	
676.77	6351.4	
676.95	8310.7	
677.14	6843.6	
677.32	5479.7	
677.51	5286.5	
677.69	7560.4	
677.88	6496.8	
678.06	5317.9	
678.25	5520	
678.44	7128.3	
678.62	6851.1	
678.81	5134.3	
678.99	6189.6	
679.18	7967.3	
679.36	7443.7	
679.55	5717.9	
679.73	6393.1	
679.92	7466.9	
680.1	6952.2	
680.29	7004.1	
680.47	5720	
680.66	6720.1	
680.84	7666.9	
681.03	5050.3	
681.21	6249.7	
681.4	6803.4	
681.58	6736.5	
681.77	5457.2	
681.95	5414.8	
682.14	7620.5	
682.32	8105.2	
682.51	6432	
682.69	5208	
682.88	6781.5	
683.06	7453.9	
683.25	6082.5	
683.43	6569.9	
683.62	7032	
683.8	7409.6	
683.99	6642.9	
684.17	5895.4	
684.36	8342.7	
684.54	7005.4	
684.73	5063.3	
684.91	5341.8	
685.1	7247.1	
685.28	6554.2	
685.46	5734.3	
685.65	5784.1	
685.83	7352.9	
686.02	6668.9	
686.2	5166.3	
686.39	5337	
686.57	6385.6	
686.76	8066.9	
686.94	5281	
687.13	5418.2	
687.31	7304.4	
687.5	6773.3	
687.68	4874.2	
687.86	6123.4	
688.05	8501.1	
688.23	6187.6	
688.42	6244.3	
688.6	5276.3	
688.79	6747.4	
688.97	6651.8	
689.16	5705	
689.34	4657.8	
689.52	7380.2	
689.71	7650.5	
689.89	6011.5	
690.08	5324.7	
690.26	6946	
690.45	6770.6	
690.63	6218.3	
690.81	5395	
691	6603.3	
691.18	6558.3	
691.37	5599.1	
691.55	7767.3	
691.74	6472.3	
691.92	8562.6	
692.1	5535	
692.29	4967.7	
692.47	6765.8	
692.66	6014.2	
692.84	5116.5	
693.02	5806	
693.21	6096.1	
693.39	6627.9	
693.58	5858.6	
693.76	5283.8	
693.94	7814.4	
694.13	7684	
694.31	5167	
694.5	6392.4	
694.68	6552.1	
694.86	6912.6	
695.05	5634.6	
695.23	5784.8	
695.42	7278.5	
695.6	9707.4	
695.78	6300.9	
695.97	5411.4	
696.15	7326.3	
696.34	6763.8	
696.52	5152.7	
696.7	5944.6	
696.89	6995.2	
697.07	6463.4	
697.25	5870.8	
697.44	7397.9	
697.62	6947.4	
697.81	7314	
697.99	5570.5	
698.17	6055.8	
698.36	6274.3	
698.54	6946.7	
698.72	5862.7	
698.91	4803.2	
699.09	6475.7	
699.28	6371.2	
699.46	5478.3	
699.64	5374.6	
699.83	6331	
700.01	7672.4	
700.19	6238.1	
700.38	4602.5	
700.56	7622.5	
700.74	6487.3	
700.93	5004.6	
701.11	5821.7	
701.29	7027.9	
701.48	8185	
701.66	5296	
701.84	5302.9	
702.03	6748.1	
702.21	7376.8	
702.39	4891.9	
702.58	5535.7	
702.76	7080.5	
702.94	7251.2	
703.13	4869.4	
703.31	7372.7	
703.49	6323.4	
703.68	7566.6	
703.86	5073.5	
704.04	6135	
704.23	6811.5	
704.41	7229.3	
704.59	5251.7	
704.78	6526.2	
704.96	8015.7	
705.14	7305.1	
705.33	5054.4	
705.51	5866.1	
705.69	6728.3	
705.87	7686	
706.06	6229.2	
706.24	5048.2	
706.42	7049.1	
706.61	7348.1	
706.79	6207.4	
706.97	5040.7	
707.16	6462	
707.34	7089.4	
707.52	6206	
707.7	5360.9	
707.89	6626.5	
708.07	6403.3	
708.25	6232	
708.44	6348.7	
708.62	6605.4	
708.8	7718.1	
708.98	6467.5	
709.17	5392.3	
709.35	7058.7	
709.53	7086	
709.72	5124.7	
709.9	5245.5	
710.08	7273.7	
710.26	7332.4	
710.45	6784.2	
710.63	5660.6	
710.81	6995.2	
710.99	6948.8	
711.18	6078.4	
711.36	5588.9	
711.54	6838.2	
711.72	7545.4	
711.91	5646.9	
712.09	4989.5	
712.27	6922.8	
712.45	8083.3	
712.64	5977.3	
712.82	4833.2	
713	6414.2	
713.18	6556.9	
713.37	4980	
713.55	6216.3	
713.73	7406.8	
713.91	5958.2	
714.1	5318.6	
714.28	4827.7	
714.46	7092.8	
714.64	6203.3	
714.83	4098.7	
715.01	5033.9	
715.19	6232.7	
715.37	5606.7	
715.55	4656.4	
715.74	5039.4	
715.92	7245	
716.1	5141.1	
716.28	6169.2	
716.47	5245.5	
716.65	5821	
716.83	6067.4	
717.01	5005.2	
717.19	5093.3	
717.38	8039.6	
717.56	5615.5	
717.74	5302.9	
717.92	4390.8	
718.1	6948.1	
718.29	6124.1	
718.47	4055.7	
718.65	4700.1	
718.83	6789.7	
719.01	6691.4	
719.2	3954.6	
719.38	5132.2	
719.56	6416.3	
719.74	8082.6	
719.92	4676.2	
720.11	5752.7	
720.29	6551.5	
720.47	5633.3	
720.65	4203.1	
720.83	5056.4	
721.02	6025.1	
721.2	5717.9	
721.38	5164.3	
721.56	4416.1	
721.74	5223	
721.92	5466.7	
722.11	5621	
722.29	5335.6	
722.47	6688.7	
722.65	5879	
722.83	4375.8	
723.01	5320.6	
723.2	5950.7	
723.38	6238.1	
723.56	3826.3	
723.74	4995.7	
723.92	5448.3	
724.1	6585.6	
724.29	4363.5	
724.47	5571.2	
724.65	5517.2	
724.83	5397.8	
725.01	4171	
725.19	5177.3	
725.37	5518.6	
725.56	5591	
725.74	4143.7	
725.92	4440.7	
726.1	5444.9	
726.28	5769.1	
726.46	4878.3	
726.64	4463.2	
726.83	5690.6	
727.01	6036.7	
727.19	4091.2	
727.37	4990.9	
727.55	5879.7	
727.73	6427.9	
727.91	4042.7	
728.09	3902.1	
728.28	6380.1	
728.46	7089.4	
728.64	5076.9	
728.82	5042.8	
729	7505.1	
729.18	6753.5	
729.36	4246.8	
729.54	6714.6	
729.72	7898.3	
729.91	6106.4	
730.09	6232	
730.27	4964.3	
730.45	5958.9	
730.63	6675.7	
730.81	5617.6	
730.99	4693.3	
731.17	7270.3	
731.35	5815.5	
731.53	5267.4	
731.71	4783.4	
731.9	6990.4	
732.08	7109.2	
732.26	5054.4	
732.44	4729.4	
732.62	7177.4	
732.8	6668.2	
732.98	5463.3	
733.16	4464.6	
733.34	6637.5	
733.52	5423	
733.7	5067.4	
733.88	5298.8	
734.07	6480.5	
734.25	6208.1	
734.43	4541	
734.61	6194.4	
734.79	7700.4	
734.97	6154.8	
735.15	4659.1	
735.33	5018.9	
735.51	6505.7	
735.69	6149.4	
735.87	6180.8	
736.05	5292.6	
736.23	6377.4	
736.41	6142.5	
736.59	5061.9	
736.77	5202.5	
736.95	6843.6	
737.13	6251.1	
737.32	4787.5	
737.5	5006.6	
737.68	7460.8	
737.86	6191.7	
738.04	4534.9	
738.22	6499.6	
738.4	6014.9	
738.58	6344.6	
738.76	5262.6	
738.94	4220.9	
739.12	6134.3	
739.3	5976	
739.48	5828.5	
739.66	5589.6	
739.84	6382.8	
740.02	6399.2	
740.2	4298.7	
740.38	4650.9	
740.56	6833.4	
740.74	5685.8	
740.92	5352	
741.1	5254.4	
741.28	6249	
741.46	6064	
741.64	4783.4	
741.82	5437.4	
742	6270.2	
742.18	6256.5	
742.36	5109	
742.54	4650.3	
742.72	6894.8	
742.9	5530.2	
743.08	5557.5	
743.26	4253.6	
743.44	7037.5	
743.62	6899.6	
743.8	5670.1	
743.98	4657.1	
744.16	6618.4	
744.34	6312.5	
744.52	5545.9	
744.7	5479.7	
744.88	6699.6	
745.06	6232	
745.24	5625.1	
745.42	5775.3	
745.6	6813.6	
745.78	6559.6	
745.96	4375.1	
746.14	4771.8	
746.32	7615.7	
746.5	6854.6	
746.68	5302.9	
746.86	4767.7	
747.03	7277.8	
747.21	5555.5	
747.39	5274.9	
747.57	4780	
747.75	6461.3	
747.93	6847.7	
748.11	4741.7	
748.29	4634.6	
748.47	8021.2	
748.65	6134.3	
748.83	5453.7	
749.01	5190.2	
749.19	6582.9	
749.37	5828.5	
749.55	4996.4	
749.73	5130.8	
749.91	6232	
750.09	6019.7	
750.26	5241.4	
750.44	4553.3	
750.62	6332.3	
750.8	6310.5	
750.98	4397.7	
751.16	4704.2	
751.34	6339.8	
751.52	5696.1	
751.7	5539.1	
751.88	4377.2	
752.06	6855.2	
752.24	6647.7	
752.42	4354	
752.59	4722.6	
752.77	6219	
752.95	7585	
753.13	5530.2	
753.31	4876.9	
753.49	5928.2	
753.67	6412.9	
753.85	5151.3	
754.03	4713.7	
754.21	6684.6	
754.38	7095.5	
754.56	4882.4	
754.74	3917.8	
754.92	5969.1	
755.1	6664.8	
755.28	3895.9	
755.46	3999.7	
755.64	7405.5	
755.82	7423.9	
755.99	4190.1	
756.17	4348.5	
756.35	4861.2	
756.53	6584.2	
756.71	3203	
756.89	4121.9	
757.07	6078.4	
757.25	5113.8	
757.42	4685.8	
757.6	5620.3	
757.78	6165.1	
757.96	5036.6	
758.14	4416.1	
758.32	3900	
758.5	4655.7	
758.67	5804.6	
758.85	4177.9	
759.03	4358.1	
759.21	5681.7	
759.39	5132.9	
759.57	3761.4	
759.75	4918.5	
759.92	6328.9	
760.1	5586.9	
760.28	5333.6	
760.46	5598.5	
760.64	5351.3	
760.82	5122.7	
760.99	5164.3	
761.17	4235.9	
761.35	6201.9	
761.53	5162.2	
761.71	4448.9	
761.89	5180	
762.06	6091.3	
762.24	5549.3	
762.42	4513.7	
762.6	4339.6	
762.78	5551.4	
762.96	6260.6	
763.13	4900.1	
763.31	4661.2	
763.49	6481.8	
763.67	5527.5	
763.85	5440.8	
764.02	5998.5	
764.2	6708.5	
764.38	5874.3	
764.56	4451.6	
764.74	5320.6	
764.91	6859.3	
765.09	5694	
765.27	4175.8	
765.45	3953.3	
765.63	6906.4	
765.8	6728.3	
765.98	3630.4	
766.16	4092.5	
766.34	5302.9	
766.52	5066.7	
766.69	5048.2	
766.87	3882.9	
767.05	5689.9	
767.23	6537.1	
767.41	4255	
767.58	4487.8	
767.76	6332.3	
767.94	6371.2	
768.12	4275.5	
768.29	5049.6	
768.47	5806.7	
768.65	6544.6	
768.83	3895.9	
769	5096.7	
769.18	5357.5	
769.36	6068.1	
769.54	5087.8	
769.72	3988.8	
769.89	6364.4	
770.07	6483.9	
770.25	4291.2	
770.43	5638.1	
770.6	7187.7	
770.78	7555	
770.96	4461.2	
771.14	5150	
771.31	6264.7	
771.49	5603.9	
771.67	3607.2	
771.85	3918.4	
772.02	4829.1	
772.2	5604.6	
772.38	4666	
772.55	4065.9	
772.73	5855.1	
772.91	5653.8	
773.09	4551.3	
773.26	4595.6	
773.44	5852.4	
773.62	5572.5	
773.8	4007.9	
773.97	3756.7	
774.15	5931.6	
774.33	5541.8	
774.5	3924.6	
774.68	4346.5	
774.86	6048.3	
775.04	5521.3	
775.21	3966.9	
775.39	3958.7	
775.57	5836	
775.74	6268.1	
775.92	3824.2	
776.1	3773	
776.27	5817.6	
776.45	7106.5	
776.63	3939.6	
776.81	3508.9	
776.98	5405.3	
777.16	6578.8	
777.34	4127.3	
777.51	4161.5	
777.69	5366.4	
777.87	5209.3	
778.04	4237.9	
778.22	4883	
778.4	5201.2	
778.57	5910.4	
778.75	3480.9	
778.93	3695.9	
779.1	5014.1	
779.28	4885.8	
779.46	3427.6	
779.64	3979.2	
779.81	6059.3	
779.99	6997.2	
780.17	4878.3	
780.34	4992.9	
780.52	5512.4	
780.69	5758.9	
780.87	4321.9	
781.05	3870.7	
781.22	5551.4	
781.4	5644.9	
781.58	4016.1	
781.75	3123.8	
781.93	5637.4	
782.11	4984.1	
782.28	4819.6	
782.46	3962.1	
782.64	4874.2	
782.81	5873.6	
782.99	4083.6	
783.17	4033.8	
783.34	5705	
783.52	4925.4	
783.69	4274.1	
783.87	5091.3	
784.05	5069.4	
784.22	4961.5	
784.4	5089.9	
784.58	4427.7	
784.75	5961.6	
784.93	5019.6	
785.1	4037.2	
785.28	4713.7	
785.46	5636	
785.63	4973.2	
785.81	3998.3	
785.99	3898	
786.16	5187.5	
786.34	5542.5	
786.51	3965.6	
786.69	4294.6	
786.87	4747.2	
787.04	5322.7	
787.22	3717.7	
787.39	4758.1	
787.57	4988.9	
787.75	6152.8	
787.92	4882.4	
788.1	4848.9	
788.27	5066	
788.45	4803.9	
788.63	4561.5	
788.8	3223.5	
788.98	5595.1	
789.15	4758.8	
789.33	3355.9	
789.5	4089.1	
789.68	5953.4	
789.86	6118	
790.03	4511.7	
790.21	3943	
790.38	6006.7	
790.56	5144.5	
790.73	3773.7	
790.91	3872	
791.09	5023	
791.26	5851	
791.44	4050.2	
791.61	3459.7	
791.79	5053	
791.96	5051	
792.14	3572.3	
792.32	3127.2	
792.49	4989.5	
792.67	5143.1	
792.84	3605.1	
793.02	3415.3	
793.19	5477.6	
793.37	6227.9	
793.54	3145	
793.72	3537.5	
793.89	6407.4	
794.07	5048.2	
794.25	4168.3	
794.42	3214.6	
794.6	6114.6	
794.77	5770.5	
794.95	4435.9	
795.12	3879.5	
795.3	5053.7	
795.47	5694	
795.65	4202.4	
795.82	4080.9	
796	4827.1	
796.17	6850.5	
796.35	3964.2	
796.52	4715.1	
796.7	5565.7	
796.87	5692.7	
797.05	4930.8	
797.22	4824.3	
797.4	5660.6	
797.57	6677.7	
797.75	4092.5	
797.92	3792.2	
798.1	5997.1	
798.27	5025	
798.45	3283.6	
798.62	3592.1	
798.8	5364.3	
798.97	5824.4	
799.15	4319.2	
799.32	4101.4	
799.5	4586.8	
799.67	5386.2	
799.85	4481.6	
800.02	3233.7	
800.2	4991.6	
800.37	5325.4	
800.55	4629.1	
800.72	3857	
800.9	5836.7	
801.07	6244.9	
801.25	5254.4	
801.42	4286.4	
801.6	5894.7	
801.77	5595.1	
801.95	3918.4	
802.12	3771	
802.29	5593	
802.47	5520.6	
802.64	4213.4	
802.82	3120.4	
802.99	4962.9	
803.17	6034	
803.34	4050.2	
803.52	3764.2	
803.69	6685.3	
803.87	4769.7	
804.04	4014	
804.21	4184.7	
804.39	6133.7	
804.56	5260.5	
804.74	3429	
804.91	4244.1	
805.09	4998.4	
805.26	5134.3	
805.44	3542.3	
805.61	3879.5	
805.78	5742.5	
805.96	5706.3	
806.13	4301.4	
806.31	4577.9	
806.48	4605.9	
806.66	5162.2	
806.83	4222.2	
807	4158.7	
807.18	5018.9	
807.35	5386.2	
807.53	4097.3	
807.7	3295.9	
807.87	6206	
808.05	5061.2	
808.22	4541	
808.4	3272	
808.57	5082.4	
808.74	4724	
808.92	3723.2	
809.09	4912.4	
809.27	4928.8	
809.44	5591	
809.61	3315	
809.79	3704.1	
809.96	6212.9	
810.14	5837.4	
810.31	3240.6	
810.48	3934.1	
810.66	5153.4	
810.83	5949.3	
811.01	3752.6	
811.18	4226.3	
811.35	5812.8	
811.53	4465.3	
811.7	4537.6	
811.87	4250.2	
812.05	5082.4	
812.22	4958.1	
812.39	3668.6	
812.57	3519.1	
812.74	5144.5	
812.92	6828.6	
813.09	3956	
813.26	4356.7	
813.44	6516	
813.61	5040.1	
813.78	3258.3	
813.96	4508.3	
814.13	5076.2	
814.3	4730.1	
814.48	4839.4	
814.65	3931.4	
814.82	6313.9	
815	4925.4	
815.17	4113.7	
815.34	4973.8	
815.52	5014.8	
815.69	5015.5	
815.87	4029	
816.04	3459	
816.21	5076.9	
816.38	4500.1	
816.56	3937.6	
816.73	3624.9	
816.9	6485.9	
817.08	5900.2	
817.25	3698.6	
817.42	4645.5	
817.6	4679.6	
817.77	5130.2	
817.94	4109.6	
818.12	3644	
818.29	4851	
818.46	7576.1	
818.64	3855	
818.81	3582.6	
818.98	4764.9	
819.16	6989	
819.33	4367.6	
819.5	4106.2	
819.67	5470.8	
819.85	6120.7	
820.02	4022.9	
820.19	4290.5	
820.37	5337.7	
820.54	4850.3	
820.71	4152.6	
820.88	5182.7	
821.06	5301.5	
821.23	4891.9	
821.4	4203.1	
821.58	4128.7	
821.75	5866.7	
821.92	5237.3	
822.09	3340.2	
822.27	3469.9	
822.44	5139.7	
822.61	5012.7	
822.79	3376.4	
822.96	6534.4	
823.13	5565.7	
823.3	4736.3	
823.48	3822.9	
823.65	3486.3	
823.82	5866.1	
823.99	4661.9	
824.17	4942.4	
824.34	3506.1	
824.51	6724.8	
824.68	5130.8	
824.86	3671.3	
825.03	4133.5	
825.2	5096	
825.37	6165.1	
825.55	3680.2	
825.72	4126	
825.89	6829.3	
826.06	6266.1	
826.24	3957.4	
826.41	4009.9	
826.58	6219.7	
826.75	5431.9	
826.92	3121.1	
827.1	3458.3	
827.27	8460.8	
827.44	6778.1	
827.61	3764.8	
827.79	4606.6	
827.96	4811.4	
828.13	5174.5	
828.3	3953.3	
828.47	3344.3	
828.65	5315.2	
828.82	5300.1	
828.99	5098.1	
829.16	4493.2	
829.34	5762.3	
829.51	5498.1	
829.68	4094.6	
829.85	4298.7	
830.02	5944.6	
830.2	5739.8	
830.37	3190.1	
830.54	4939	
830.71	6516.6	
830.88	5103.5	
831.05	3241.9	
831.23	3784	
831.4	6277.7	
831.57	7091.4	
831.74	3769.6	
831.91	3340.2	
832.09	5314.5	
832.26	5745.9	
832.43	3926	
832.6	4472.8	
832.77	5348.6	
832.94	6081.8	
833.12	3118.4	
833.29	3837.2	
833.46	5470.8	
833.63	7262.8	
833.8	4271.4	
833.97	3970.3	
834.15	5689.3	
834.32	5474.2	
834.49	4098	
834.66	4203.8	
834.83	5956.9	
835	4820.9	
835.17	3822.2	
835.35	3822.2	
835.52	5668.8	
835.69	5514.5	
835.86	3956	
836.03	3299.3	
836.2	5674.2	
836.37	5273.5	
836.55	3939.6	
836.72	3697.3	
836.89	5262.6	
837.06	5728.9	
837.23	3997	
837.4	4418.8	
837.57	6513.9	
837.75	7267.6	
837.92	3615.3	
838.09	3819.5	
838.26	5224.4	
838.43	6060.6	
838.6	4100.7	
838.77	3688.4	
838.94	6912.6	
839.11	6580.1	
839.29	3973.7	
839.46	3122.5	
839.63	5687.9	
839.8	5436.7	
839.97	3859.1	
840.14	3847.5	
840.31	5451.7	
840.48	5674.2	
840.65	3141.6	
840.82	3719.8	
841	5733.6	
841.17	5653.8	
841.34	3433.8	
841.51	3591.5	
841.68	5581.4	
841.85	5356.1	
842.02	3656.3	
842.19	2964.1	
842.36	5467.4	
842.53	5445.5	
842.7	3517.7	
842.87	4348.5	
843.05	7156.3	
843.22	5404.6	
843.39	3350.5	
843.56	3601	
843.73	5164.3	
843.9	5772.5	
844.07	5730.9	
844.24	4795	
844.41	8431.5	
844.58	4892.6	
844.75	3414.6	
844.92	3670	
845.09	5708.4	
845.26	5730.9	
845.43	3495.2	
845.6	3706.8	
845.77	5645.6	
845.94	5410.1	
846.12	3893.9	
846.29	4139.6	
846.46	5917.3	
846.63	5713.8	
846.8	3512.9	
846.97	4119.8	
847.14	6163	
847.31	5669.5	
847.48	3922.5	
847.65	4318.5	
847.82	5940.5	
847.99	5973.2	
848.16	4674.1	
848.33	4399	
848.5	5257.8	
848.67	6182.1	
848.84	3466.5	
849.01	3649.5	
849.18	5043.5	
849.35	4820.2	
849.52	4395.6	
849.69	3426.9	
849.86	5877.7	
850.03	6174.6	
850.2	3536.2	
850.37	4333.5	
850.54	6053.1	
850.71	5340.4	
850.88	4225.6	
851.05	3412.6	
851.22	5580	
851.39	6253.1	
851.56	3309.5	
851.73	4081.6	
851.9	5002.5	
852.07	5906.3	
852.24	3921.2	
852.41	3489.7	
852.58	5584.1	
852.75	5028.4	
852.92	3902.1	
853.09	3442	
853.26	5238	
853.43	6201.2	
853.6	3491.1	
853.77	2975	
853.94	6269.5	
854.11	5659.9	
854.28	5279	
854.44	3846.1	
854.61	6690.7	
854.78	5769.1	
854.95	3501.3	
855.12	4484.4	
855.29	4575.2	
855.46	6473.6	
855.63	3489.7	
855.8	4843.4	
855.97	5240.1	
856.14	6030.6	
856.31	4913.8	
856.48	3755.3	
856.65	5203.2	
856.82	4934.9	
856.99	3390.1	
857.16	3792.8	
857.33	6907.8	
857.49	5384.1	
857.66	3751.2	
857.83	4058.4	
858	5298.8	
858.17	5476.3	
858.34	3329.3	
858.51	3467.2	
858.68	6416.3	
858.85	6453.8	
859.02	4085.7	
859.19	4370.4	
859.36	4924	
859.52	5044.1	
859.69	3511.6	
859.86	4151.2	
860.03	5091.3	
860.2	6316.6	
860.37	3161.4	
860.54	3539.6	
860.71	5915.2	
860.88	6322.1	
861.05	3980.6	
861.21	4402.5	
861.38	6384.9	
861.55	4891.9	
861.72	3190.1	
861.89	3955.3	
862.06	5987.6	
862.23	6511.9	
862.4	3409.9	
862.56	3607.8	
862.73	5857.9	
862.9	5460.6	
863.07	4116.4	
863.24	3211.9	
863.41	4901.5	
863.58	5014.8	
863.75	3596.9	
863.91	4069.3	
864.08	6311.2	
864.25	5879	
864.42	4397.7	
864.59	4922.6	
864.76	6631.3	
864.93	4951.3	
865.09	3408.5	
865.26	3693.9	
865.43	6177.4	
865.6	6556.9	
865.77	3021.4	
865.94	3460.4	
866.1	6248.4	
866.27	5936.4	
866.44	5293.3	
866.61	3285.6	
866.78	5392.3	
866.95	5839.4	
867.11	3325.2	
867.28	3063.8	
867.45	6027.9	
867.62	5068	
867.79	4005.8	
867.96	3511.6	
868.12	4973.2	
868.29	5924.1	
868.46	3476.1	
868.63	4654.4	
868.8	6130.9	
868.97	5913.2	
869.13	3663.8	
869.3	3647.4	
869.47	5768.4	
869.64	6092	
869.81	3559.4	
869.97	3600.3	
870.14	5677	
870.31	6362.4	
870.48	3400.3	
870.65	4371	
870.81	5278.3	
870.98	5227.8	
871.15	3905.5	
871.32	3616	
871.48	5770.5	
871.65	6464.8	
871.82	3453.6	
871.99	3827.7	
872.16	6860	
872.32	6220.4	
872.49	3523.2	
872.66	3511.6	
872.83	5913.2	
872.99	5142.4	
873.16	4011.3	
873.33	3495.2	
873.5	5563.6	
873.67	5571.8	
873.83	3633.8	
874	4667.3	
874.17	5752.7	
874.34	6771.3	
874.5	4485.7	
874.67	4444.1	
874.84	6378.7	
875.01	4978.6	
875.17	4991.6	
875.34	3510.9	
875.51	5593	
875.68	6744.6	
875.84	4214.7	
876.01	5223.7	
876.18	5875.6	
876.34	5892	
876.51	3506.8	
876.68	3419.4	
876.85	5397.8	
877.01	6195.1	
877.18	5013.4	
877.35	3509.5	
877.52	5459.9	
877.68	4885.8	
877.85	3346.4	
878.02	3396.9	
878.18	5437.4	
878.35	5214.8	
878.52	2809.1	
878.69	3915.7	
878.85	5910.4	
879.02	5857.9	
879.19	4982.7	
879.35	3784.6	
879.52	5840.8	
879.69	6063.4	
879.86	2964.1	
880.02	3897.3	
880.19	5453.7	
880.36	6610.2	
880.52	4049.5	
880.69	4134.2	
880.86	5990.3	
881.02	6032	
881.19	3823.6	
881.36	3796.3	
881.52	5816.2	
881.69	5158.2	
881.86	3850.9	
882.02	3678.8	
882.19	6210.1	
882.36	7190.4	
882.52	3549.1	
882.69	4944.5	
882.86	5709.1	
883.02	5589.6	
883.19	4304.8	
883.36	3981.9	
883.52	5976.7	
883.69	6873.7	
883.86	3515.7	
884.02	3165.5	
884.19	5884.5	
884.36	5453.1	
884.52	3919.1	
884.69	3705.5	
884.86	5184.1	
885.02	6513.2	
885.19	3897.3	
885.36	4089.8	
885.52	5503.6	
885.69	5595.1	
885.86	5098.8	
886.02	4501.4	
886.19	5902.2	
886.35	5396.4	
886.52	3824.2	
886.69	4911.7	
886.85	5008.6	
887.02	6353.5	
887.19	6353.5	
887.35	6353.5	
887.52	6353.5	
887.68	6353.5	
887.85	6353.5	
888.02	6353.5	
888.18	6353.5	
888.35	6353.5	
888.51	6353.5	
888.68	6353.5	
888.85	6353.5	
889.01	6353.5	
889.18	6353.5	
889.35	6353.5	
889.51	6353.5	
889.68	6353.5	
889.84	6353.5	
890.01	6353.5	
890.17	6353.5	
890.34	6353.5	
890.51	6353.5	
890.67	6353.5	
890.84	6353.5	
891	6353.5	
891.17	6353.5	
891.34	6353.5	
891.5	6353.5	
891.67	6353.5	
891.83	6353.5	
892	6353.5	
892.16	6353.5	
892.33	6353.5	
892.5	6353.5	
892.66	6353.5	
892.83	6353.5	
892.99	6353.5	
893.16	6353.5	
893.32	6353.5	
893.49	6353.5	
893.65	6353.5	
893.82	6353.5	
893.99	6353.5	
894.15	6353.5	
894.32	6353.5	
894.48	6353.5	
894.65	6353.5	
894.81	6353.5	
894.98	6353.5	
895.14	6353.5	
895.31	6353.5	
895.47	6353.5	
895.64	6353.5	
895.81	6353.5	
895.97	6353.5	
896.14	6353.5	
896.3	6353.5	
896.47	6353.5	
896.63	6353.5	
896.8	6353.5	
896.96	6353.5	
897.13	6353.5	
897.29	6353.5	
897.46	6353.5	
897.62	6353.5	
897.79	6353.5	
897.95	6353.5	
898.12	6353.5	
898.28	6353.5	
898.45	6353.5	
898.61	6353.5	
898.78	6353.5	
898.94	6353.5	
899.11	6353.5	
899.27	6353.5	
899.44	6353.5	
899.6	6353.5	
899.77	6353.5	
899.93	6353.5	
900.1	6353.5	
900.26	6353.5	
900.43	6353.5	
900.59	6353.5	
900.76	6353.5	
900.92	6353.5	
901.09	6353.5	
901.25	6353.5	
901.42	6353.5	
901.58	6353.5	
901.75	6353.5	
901.91	6353.5	
902.07	6353.5	
902.24	6353.5	
902.4	6353.5	
902.57	6353.5	
902.73	6353.5	
902.9	6353.5	
903.06	6353.5	
903.23	6353.5	
903.39	6353.5	
903.56	6353.5	
903.72	6353.5	
903.88	6353.5	
904.05	6353.5	
904.21	6353.5	
904.38	6353.5	
904.54	6353.5	
904.71	6353.5	
904.87	6353.5	
905.03	6353.5	
905.2	6353.5	
905.36	6353.5	
905.53	6353.5	
905.69	6353.5	
905.86	6353.5	
906.02	6353.5	
906.18	6353.5	
906.35	6353.5	
906.51	6353.5	
906.68	6353.5	
906.84	6353.5	
907.01	6353.5	
907.17	6353.5	
907.33	6353.5	
907.5	6353.5	
907.66	6353.5	
907.83	6353.5	
907.99	6353.5	
908.15	6353.5	
908.32	6353.5	
908.48	6353.5	
908.65	6353.5	
908.81	6353.5	
908.97	6353.5	
909.14	6353.5	
909.3	6353.5	
909.47	6353.5	
909.63	6353.5	
909.79	6353.5	
909.96	6353.5	
910.12	6353.5	
910.28	6353.5	
910.45	6353.5	
910.61	6353.5	
910.78	6353.5	
910.94	6353.5	
911.1	6353.5	
911.27	6353.5	
911.43	6353.5	
911.59	6353.5	
911.76	6353.5	
911.92	6353.5	
912.08	6353.5	
912.25	6353.5	
912.41	6353.5	
912.57	6353.5	
912.74	6353.5	
912.9	6353.5	
913.07	6353.5	
913.23	6353.5	
913.39	6353.5	
913.56	6353.5	
913.72	6353.5	
913.88	6353.5	
914.05	6353.5	
914.21	6353.5	
914.37	6353.5	
914.54	6353.5	
914.7	6353.5	
914.86	6353.5	
915.03	6353.5	
915.19	6353.5	
