Wavelength	Intensities	
nm	a.u.	
179.22	1778.3	
179.44	1781.1	
179.65	1775.6	
179.86	1786.5	
180.08	1805.6	
180.29	4357.4	
180.51	3173	
180.72	5259.2	
180.94	6005.3	
181.15	2915.6	
181.37	2918.4	
181.58	5089.9	
181.79	5296.7	
182.01	3047.4	
182.22	3250.1	
182.44	5326.8	
182.65	4536.3	
182.87	4057.7	
183.08	3544.4	
183.29	5566.4	
183.51	4633.9	
183.72	3233.1	
183.94	4600.4	
184.15	5042.8	
184.37	4970.4	
184.58	2856.9	
184.79	3917.1	
185.01	4659.1	
185.22	5339.1	
185.44	4145.8	
185.65	3464.5	
185.86	4988.2	
186.08	4563.6	
186.29	2819.4	
186.51	3022.1	
186.72	4702.1	
186.94	5545.2	
187.15	3519.1	
187.36	3515	
187.58	6935.1	
187.79	5082.4	
188.01	3705.5	
188.22	5599.1	
188.43	5995.1	
188.65	5277.6	
188.86	3018.7	
189.08	3574.4	
189.29	4839.4	
189.5	4846.2	
189.72	3291.1	
189.93	3339.6	
190.15	5520	
190.36	6435.4	
190.57	3659	
190.79	3539.6	
191	5477	
191.22	5509.7	
191.43	3624.2	
191.64	3055.6	
191.86	5593	
192.07	5479.7	
192.29	3164.1	
192.5	3256.3	
192.71	5485.1	
192.93	4737.6	
193.14	3291.8	
193.35	3345	
193.57	4819.6	
193.78	5517.9	
194	2697.9	
194.21	3273.3	
194.42	4622.9	
194.64	5072.8	
194.85	3554.6	
195.07	4079.6	
195.28	5020.3	
195.49	4402.5	
195.71	4293.9	
195.92	3087	
196.13	5178.6	
196.35	5287.2	
196.56	4571.1	
196.78	3527.3	
196.99	6361	
197.2	5925.5	
197.42	4043.4	
197.63	3629.7	
197.84	4521.9	
198.06	5161.6	
198.27	3306.1	
198.48	4371.7	
198.7	4787.5	
198.91	4983.4	
199.13	3579.2	
199.34	3627.6	
199.55	5442.1	
199.77	4354.7	
199.98	3179.1	
200.19	3651.5	
200.41	4956.1	
200.62	4640	
200.83	3734.1	
201.05	4004.5	
201.26	4938.3	
201.47	4741.7	
201.69	3189.4	
201.9	3127.9	
202.11	4995	
202.33	5827.8	
202.54	3416	
202.76	3779.9	
202.97	5096	
203.18	5080.3	
203.4	3770.3	
203.61	3709.6	
203.82	5075.5	
204.04	4755.4	
204.25	3637.9	
204.46	3513.6	
204.68	5014.8	
204.89	5235.3	
205.1	3492.5	
205.32	3107.5	
205.53	5299.5	
205.74	5500.2	
205.96	2676.7	
206.17	3713.6	
206.38	5286.5	
206.6	5477	
206.81	4007.9	
207.02	3355.3	
207.24	5200.5	
207.45	5569.8	
207.66	3447.4	
207.88	2967.5	
208.09	5164.3	
208.3	5020.3	
208.52	3175.7	
208.73	3514.3	
208.94	4992.3	
209.15	5630.5	
209.37	3433.1	
209.58	3627	
209.79	5421	
210.01	4875.5	
210.22	2766.8	
210.43	2975	
210.65	4986.1	
210.86	5336.3	
211.07	3451.5	
211.29	3131.3	
211.5	5270.1	
211.71	4932.2	
211.93	3130.7	
212.14	3188.7	
212.35	4932.9	
212.56	5134.9	
212.78	3630.4	
212.99	3042.6	
213.2	5836	
213.42	4799.1	
213.63	3346.4	
213.84	3476.8	
214.06	4513	
214.27	4571.7	
214.48	3424.9	
214.69	3646.1	
214.91	5550.7	
215.12	5579.3	
215.33	3664.5	
215.55	4023.6	
215.76	5990.3	
215.97	5300.1	
216.18	3532.1	
216.4	3489.7	
216.61	4699.4	
216.82	5451	
217.04	3189.4	
217.25	3345.7	
217.46	5562.3	
217.67	5330.2	
217.89	2876.7	
218.1	2949.1	
218.31	5079.6	
218.53	5184.1	
218.74	3327.3	
218.95	3241.9	
219.16	4945.8	
219.38	5793	
219.59	3218	
219.8	3792.8	
220.01	6261.3	
220.23	5023	
220.44	4137.6	
220.65	3126.6	
220.87	5059.2	
221.08	5537	
221.29	2990	
221.5	3859.1	
221.72	6670.9	
221.93	4762.9	
222.14	3604.4	
222.35	4227	
222.57	4962.2	
222.78	5318.6	
222.99	3439.9	
223.2	3660.4	
223.42	5259.2	
223.63	5330.2	
223.84	2712.9	
224.05	2687.6	
224.27	6179.4	
224.48	5722	
224.69	4283	
224.9	3636.5	
225.12	5134.3	
225.33	4973.8	
225.54	2919.7	
225.75	3241.9	
225.97	4641.4	
226.18	4952	
226.39	3448.8	
226.6	3250.1	
226.82	4778.6	
227.03	4666.6	
227.24	3626.3	
227.45	3031.7	
227.67	5358.9	
227.88	5809.4	
228.09	4040.6	
228.3	4031.8	
228.52	5378.6	
228.73	4968.4	
228.94	3273.3	
229.15	3005.1	
229.36	4954.7	
229.58	4916.5	
229.79	3441.3	
230	3943.7	
230.21	5898.1	
230.43	5059.8	
230.64	3573.7	
230.85	3724.6	
231.06	5358.2	
231.28	5325.4	
231.49	3041.2	
231.7	3544.4	
231.91	5316.5	
232.12	5027.1	
232.34	3092.4	
232.55	3471.3	
232.76	5524.7	
232.97	5158.8	
233.18	3196.2	
233.4	3571	
233.61	5187.5	
233.82	4779.3	
234.03	3361.4	
234.25	3272.7	
234.46	6763.1	
234.67	5034.6	
234.88	3632.4	
235.09	3225.6	
235.31	5236.7	
235.52	4894	
235.73	3543.7	
235.94	3053.5	
236.15	4750.6	
236.37	5988.9	
236.58	3129.3	
236.79	3474.7	
237	5257.8	
237.21	4569.7	
237.43	3740.3	
237.64	2916.3	
237.85	8594	
238.06	4617.5	
238.27	3649.5	
238.48	3062.4	
238.7	5275.6	
238.91	4909	
239.12	3347.1	
239.33	3471.3	
239.54	4597.7	
239.76	4965	
239.97	3359.4	
240.18	3489.1	
240.39	6118	
240.6	5236	
240.82	3575.8	
241.03	2954.5	
241.24	4990.9	
241.45	5770.5	
241.66	3175	
241.87	3752.6	
242.09	5593.7	
242.3	5912.5	
242.51	3807.9	
242.72	3483.6	
242.93	5411.4	
243.14	4977.2	
243.36	3992.2	
243.57	4283.7	
243.78	5764.3	
243.99	5319.9	
244.2	3426.9	
244.41	3174.4	
244.63	4627	
244.84	5261.9	
245.05	3710.2	
245.26	3405.1	
245.47	5299.5	
245.68	5436	
245.9	4497.3	
246.11	3619.4	
246.32	4827.7	
246.53	5248.3	
246.74	5485.8	
246.95	2969.6	
247.16	4615.4	
247.38	4979.3	
247.59	2911.5	
247.8	3464.5	
248.01	4704.9	
248.22	4955.4	
248.43	3195.5	
248.64	3368.9	
248.86	4492.6	
249.07	4784.7	
249.28	3082.2	
249.49	3582.6	
249.7	5461.9	
249.91	5526.8	
250.12	2953.9	
250.34	2970.9	
250.55	5126.1	
250.76	5003.9	
250.97	3590.1	
251.18	3637.2	
251.39	5598.5	
251.6	5170.4	
251.81	3586.7	
252.03	3684.3	
252.24	4805.9	
252.45	5437.4	
252.66	3050.8	
252.87	3855	
253.08	4983.4	
253.29	6343.2	
253.5	3046	
253.72	4127.3	
253.93	4926	
254.14	5859.2	
254.35	3315	
254.56	3391.4	
254.77	5156.1	
254.98	4674.8	
255.19	3273.3	
255.41	4183.3	
255.62	5186.8	
255.83	5537	
256.04	3696.6	
256.25	3626.3	
256.46	6103.6	
256.67	4726	
256.88	3556.6	
257.09	3962.1	
257.31	4732.9	
257.52	4724	
257.73	4394.3	
257.94	3311.6	
258.15	4949.3	
258.36	5046.9	
258.57	4074.1	
258.78	2683.5	
258.99	5431.2	
259.2	4846.9	
259.41	3291.8	
259.63	3399.6	
259.84	5717.2	
260.05	6070.2	
260.26	4299.4	
260.47	3300.6	
260.68	5525.4	
260.89	4876.9	
261.1	3940.3	
261.31	3189.4	
261.52	5567.1	
261.73	5836	
261.95	4214.7	
262.16	3709.6	
262.37	5642.8	
262.58	5640.8	
262.79	4177.9	
263	3332	
263.21	5025.7	
263.42	4876.9	
263.63	3422.2	
263.84	3282.9	
264.05	5496.7	
264.26	5769.8	
264.47	4086.4	
264.69	3731.4	
264.9	5651	
265.11	5225.7	
265.32	3206.4	
265.53	3277.4	
265.74	5095.3	
265.95	4481	
266.16	3506.1	
266.37	3875.4	
266.58	5081	
266.79	4865.3	
267	3259	
267.21	3026.2	
267.42	4666.6	
267.63	4967	
267.84	3452.9	
268.06	2999.6	
268.27	5427.1	
268.48	5586.9	
268.69	3379.8	
268.9	3904.8	
269.11	5600.5	
269.32	4535.6	
269.53	3472	
269.74	3179.1	
269.95	5279.7	
270.16	4483.7	
270.37	3482.2	
270.58	3971	
270.79	4838	
271	5435.3	
271.21	3665.2	
271.42	3451.5	
271.63	5179.3	
271.84	4691.9	
272.05	2807.8	
272.26	3089.7	
272.47	5079	
272.68	5097.4	
272.89	3281.5	
273.11	3812	
273.32	4792.9	
273.53	5835.3	
273.74	3724.6	
273.95	3643.3	
274.16	5522.7	
274.37	4987.5	
274.58	3779.2	
274.79	3051.5	
275	5152	
275.21	5550	
275.42	4493.2	
275.63	3797.6	
275.84	5218.2	
276.05	6488	
276.26	3666.5	
276.47	3410.6	
276.68	4938.3	
276.89	5828.5	
277.1	3898	
277.31	3008.5	
277.52	5180	
277.73	5463.3	
277.94	2996.9	
278.15	3364.8	
278.36	5252.4	
278.57	4743.1	
278.78	3356.6	
278.99	3708.2	
279.2	4668	
279.41	4656.4	
279.62	4276.2	
279.83	3061.7	
280.04	6012.2	
280.25	4638.6	
280.46	4295.3	
280.67	3524.6	
280.88	4684.4	
281.09	5633.3	
281.3	3651.5	
281.51	4510.3	
281.72	4772.4	
281.93	5444.9	
282.14	3216	
282.35	3523.9	
282.56	5449	
282.77	5401.9	
282.98	3343	
283.19	4005.1	
283.4	6518.7	
283.61	4915.1	
283.82	3078.8	
284.03	4275.5	
284.24	5156.8	
284.45	5556.1	
284.66	4247.5	
284.87	4010.6	
285.08	5550	
285.29	5664.7	
285.5	2996.9	
285.71	3405.1	
285.92	5512.4	
286.12	6056.5	
286.33	4230.4	
286.54	3452.2	
286.75	5414.1	
286.96	4876.2	
287.17	3125.2	
287.38	4162.2	
287.59	4795.7	
287.8	4760.2	
288.01	3410.6	
288.22	3885.7	
288.43	5446.2	
288.64	4592.2	
288.85	4018.8	
289.06	3797.6	
289.27	5432.6	
289.48	5741.1	
289.69	4240	
289.9	3871.3	
290.11	5541.8	
290.32	4829.8	
290.53	4102.8	
290.74	3780.6	
290.94	5362.3	
291.15	5386.2	
291.36	3253.5	
291.57	3888.4	
291.78	4790.2	
291.99	4472.8	
292.2	3164.1	
292.41	3715.7	
292.62	5491.3	
292.83	5310.4	
293.04	4552.6	
293.25	3151.8	
293.46	4844.1	
293.67	5502.2	
293.88	3280.8	
294.09	3136.8	
294.29	4630.5	
294.5	5141.1	
294.71	3502.7	
294.92	3316.3	
295.13	4889.9	
295.34	6014.2	
295.55	2975	
295.76	2921.8	
295.97	5325.4	
296.18	5986.2	
296.39	3095.2	
296.6	3295.2	
296.81	5093.3	
297.01	5386.2	
297.22	3432.4	
297.43	3264.5	
297.64	4734.2	
297.85	4652.3	
298.06	2742.9	
298.27	2969.6	
298.48	5051.7	
298.69	4775.9	
298.9	3534.8	
299.11	3169.6	
299.31	4616.1	
299.52	4618.9	
299.73	3722.5	
299.94	3704.1	
300.15	5037.3	
300.36	4709.6	
300.57	3689.1	
300.78	3689.8	
300.99	4899.4	
301.2	5094	
301.4	3235.1	
301.61	3556.6	
301.82	5292.6	
302.03	5377.3	
302.24	3901.4	
302.45	3140.9	
302.66	5231.2	
302.87	5648.3	
303.08	3263.8	
303.29	4358.8	
303.49	4838	
303.7	4970.4	
303.91	2942.2	
304.12	4158.7	
304.33	4587.4	
304.54	5146.5	
304.75	3278.1	
304.96	3191.4	
305.16	5314.5	
305.37	5952.1	
305.58	2879.4	
305.79	2949.1	
306	5302.9	
306.21	4505.5	
306.42	3265.8	
306.63	4853	
306.83	4924	
307.04	5481	
307.25	3549.1	
307.46	3578.5	
307.67	4401.8	
307.88	5345.2	
308.09	3248.8	
308.29	3385.3	
308.5	5060.5	
308.71	5522.7	
308.92	3459.7	
309.13	3146.4	
309.34	4903.5	
309.55	4995.7	
309.75	4052.2	
309.96	3702.7	
310.17	5388.2	
310.38	4722.6	
310.59	3866.6	
310.8	3078.8	
311.01	5180.7	
311.21	4926.7	
311.42	3150.5	
311.63	3242.6	
311.84	4805.2	
312.05	5088.5	
312.26	3600.3	
312.46	3924.6	
312.67	4875.5	
312.88	4638	
313.09	3175	
313.3	3122.5	
313.51	5701.5	
313.71	5963.7	
313.92	3141.6	
314.13	3356.6	
314.34	5204.6	
314.55	4943.8	
314.76	3986.7	
314.96	3521.8	
315.17	5146.5	
315.38	5296.7	
315.59	3154.6	
315.8	3065.8	
316.01	5700.9	
316.21	5788.9	
316.42	3071.3	
316.63	3536.8	
316.84	4905.6	
317.05	5599.1	
317.26	3761.4	
317.46	3314.3	
317.67	4967.7	
317.88	5350.7	
318.09	3941.7	
318.3	2947	
318.5	4805.2	
318.71	5278.3	
318.92	4980.7	
319.13	3700.7	
319.34	5446.9	
319.54	5560.9	
319.75	2970.2	
319.96	2835.8	
320.17	5347.9	
320.38	5477	
320.58	2925.9	
320.79	3496.6	
321	5494.7	
321.21	5569.1	
321.42	3478.8	
321.62	2914.3	
321.83	4737	
322.04	5012.7	
322.25	3378.5	
322.46	3146.4	
322.66	5111	
322.87	5277.6	
323.08	3908.9	
323.29	3133.4	
323.5	5950	
323.7	4638.6	
323.91	4270.7	
324.12	3793.5	
324.33	5143.8	
324.53	5297.4	
324.74	3617.4	
324.95	3908.9	
325.16	4512.4	
325.37	4863.2	
325.57	3190.1	
325.78	3196.2	
325.99	5074.9	
326.2	4607.2	
326.4	4379.2	
326.61	2968.2	
326.82	4906.3	
327.03	5080.3	
327.24	4504.8	
327.44	4112.3	
327.65	5258.5	
327.86	4315.8	
328.07	3693.9	
328.27	3039.9	
328.48	5590.3	
328.69	4653	
328.9	4475.5	
329.1	3359.4	
329.31	4944.5	
329.52	5657.2	
329.73	3170.3	
329.93	3536.8	
330.14	5007.3	
330.35	5218.9	
330.56	5112.4	
330.76	3818.1	
330.97	4863.9	
331.18	5251	
331.39	3500	
331.59	2872.6	
331.8	5474.9	
332.01	5628.5	
332.22	3329.3	
332.42	3639.9	
332.63	5143.8	
332.84	4743.1	
333.05	3539.6	
333.25	3286.3	
333.46	4775.9	
333.67	4981.3	
333.88	3276.8	
334.08	3633.8	
334.29	7014.3	
334.5	5573.2	
334.7	3072	
334.91	4459.8	
335.12	4587.4	
335.33	5386.8	
335.53	3480.9	
335.74	5062.6	
335.95	4869.4	
336.16	4676.9	
336.36	3484.3	
336.57	3947.8	
336.78	4603.8	
336.98	5486.5	
337.19	4268	
337.4	3456.3	
337.61	5976.7	
337.81	4657.1	
338.02	3257	
338.23	4128.7	
338.43	5672.9	
338.64	4710.3	
338.85	3165.5	
339.05	4146.5	
339.26	5725.4	
339.47	4513	
339.68	3194.1	
339.88	4594.3	
340.09	5246.9	
340.3	5401.2	
340.5	3661.1	
340.71	2887.6	
340.92	4618.2	
341.13	5616.9	
341.33	3049.4	
341.54	3719.1	
341.75	5226.4	
341.95	4943.1	
342.16	3549.1	
342.37	3857.7	
342.57	4678.2	
342.78	5015.5	
342.99	3873.4	
343.19	2865.8	
343.4	5371.8	
343.61	5257.8	
343.81	3401.7	
344.02	3095.2	
344.23	5341.1	
344.43	5629.9	
344.64	3837.2	
344.85	3849.5	
345.06	5262.6	
345.26	5518.6	
345.47	3634.5	
345.68	4267.3	
345.88	4511	
346.09	5374.6	
346.3	3665.9	
346.5	2834.4	
346.71	4958.8	
346.92	4790.2	
347.12	2923.8	
347.33	3707.5	
347.54	5437.4	
347.74	5830.6	
347.95	3632.4	
348.16	2765.4	
348.36	4805.2	
348.57	4683.7	
348.78	3616	
348.98	3882.3	
349.19	4967.7	
349.39	4508.3	
349.6	2930	
349.81	3254.9	
350.01	5257.8	
350.22	4819.6	
350.43	3509.5	
350.63	4147.1	
350.84	5021.6	
351.05	4854.4	
351.25	3211.2	
351.46	2878.1	
351.67	5465.3	
351.87	4720.6	
352.08	3405.1	
352.29	3804.4	
352.49	5386.2	
352.7	5483.8	
352.9	3017.3	
353.11	3810.6	
353.32	5984.8	
353.52	4833.9	
353.73	3058.3	
353.94	3819.5	
354.14	5231.9	
354.35	5087.2	
354.55	3224.9	
354.76	3491.8	
354.97	5260.5	
355.17	5059.8	
355.38	2985.9	
355.59	4068.6	
355.79	4730.8	
356	5094.7	
356.2	3450.8	
356.41	3063.8	
356.62	4474.8	
356.82	4948.6	
357.03	3747.8	
357.24	3349.1	
357.44	4678.9	
357.65	4823	
357.85	4429.8	
358.06	3512.9	
358.27	4544.4	
358.47	4731.5	
358.68	3001.6	
358.88	3664.5	
359.09	5233.2	
359.3	5485.1	
359.5	4303.5	
359.71	3766.9	
359.91	5831.9	
360.12	5261.9	
360.33	3673.4	
360.53	4051.6	
360.74	4756.7	
360.94	4830.5	
361.15	3855	
361.36	3222.1	
361.56	5434.6	
361.77	4973.2	
361.97	4274.1	
362.18	3373.7	
362.38	5442.1	
362.59	4637.3	
362.8	3201	
363	3042.6	
363.21	4457.1	
363.41	4982.7	
363.62	3583.9	
363.83	4465.3	
364.03	5104.9	
364.24	5906.3	
364.44	4512.4	
364.65	4481.6	
364.85	4848.9	
365.06	4590.9	
365.27	3295.2	
365.47	3302	
365.68	5812.8	
365.88	4887.1	
366.09	3680.9	
366.29	3429.7	
366.5	5109	
366.71	5481.7	
366.91	4450.2	
367.12	3842	
367.32	5976	
367.53	5246.9	
367.73	3767.6	
367.94	4603.2	
368.14	5280.3	
368.35	5992.4	
368.56	3661.1	
368.76	3218.7	
368.97	5379.3	
369.17	6703	
369.38	3326.6	
369.58	3535.5	
369.79	4619.5	
369.99	5689.9	
370.2	4375.1	
370.4	3579.8	
370.61	5133.6	
370.82	6217.6	
371.02	3522.5	
371.23	2949.1	
371.43	4549.2	
371.64	5677	
371.84	3518.4	
372.05	4564.2	
372.25	6736.5	
372.46	5383.4	
372.66	3559.4	
372.87	3494.5	
373.07	5433.3	
373.28	6780.1	
373.48	4371.7	
373.69	4138.3	
373.9	5044.1	
374.1	5027.1	
374.31	4434.5	
374.51	3954.6	
374.72	5650.3	
374.92	4740.4	
375.13	4499.4	
375.33	3846.1	
375.54	5310.4	
375.74	4862.6	
375.95	3874.1	
376.15	4919.9	
376.36	5362.3	
376.56	5212.1	
376.77	3905.5	
376.97	4270	
377.18	6253.8	
377.38	5445.5	
377.59	4582.7	
377.79	3505.4	
378	5257.1	
378.2	5625.8	
378.41	3578.5	
378.61	3515.7	
378.82	5595.7	
379.02	4930.1	
379.23	3697.3	
379.43	4658.4	
379.64	5684.5	
379.84	5380	
380.05	3510.9	
380.25	3494.5	
380.46	5500.2	
380.66	5127.4	
380.87	4690.5	
381.07	4962.9	
381.28	6079.1	
381.48	5484.5	
381.69	3585.3	
381.89	3613.3	
382.1	4620.9	
382.3	5599.8	
382.51	4504.8	
382.71	5364.3	
382.91	5418.9	
383.12	5857.9	
383.32	3845.4	
383.53	4066.6	
383.73	5327.4	
383.94	5232.6	
384.14	4068.6	
384.35	3292.5	
384.55	5007.3	
384.76	5498.8	
384.96	3907.5	
385.17	4108.2	
385.37	5489.2	
385.58	4832.5	
385.78	4135.5	
385.98	3207.8	
386.19	5073.5	
386.39	5393.7	
386.6	3653.6	
386.8	3930.7	
387.01	5489.9	
387.21	5479	
387.42	4229.7	
387.62	4786.8	
387.83	4917.9	
388.03	5377.3	
388.23	3959.4	
388.44	4586.8	
388.64	4661.9	
388.85	4780.6	
389.05	4176.5	
389.26	4744.5	
389.46	6155.5	
389.67	5838.8	
389.87	4195.6	
390.07	4268	
390.28	5182.7	
390.48	4810.7	
390.69	3487.7	
390.89	3800.3	
391.1	4989.5	
391.3	5782.1	
391.5	4874.8	
391.71	5302.2	
391.91	5491.3	
392.12	6312.5	
392.32	4876.2	
392.53	4183.3	
392.73	5040.1	
392.93	5217.5	
393.14	3905.5	
393.34	4616.1	
393.55	5578	
393.75	5193	
393.95	3941.7	
394.16	3896.6	
394.36	4973.2	
394.57	5598.5	
394.77	3530.7	
394.98	3884.3	
395.18	5024.3	
395.38	5128.1	
395.59	4648.9	
395.79	3752.6	
396	5075.5	
396.2	5507	
396.4	4570.4	
396.61	4324.6	
396.81	5603.2	
397.02	5005.9	
397.22	4640.7	
397.42	4683.7	
397.63	5659.9	
397.83	5003.2	
398.04	3654.9	
398.24	4105.5	
398.44	5436	
398.65	4614.1	
398.85	3540.3	
399.05	3629.7	
399.26	4991.6	
399.46	6390.3	
399.67	4044.1	
399.87	3801.7	
400.07	5255.8	
400.28	5540.4	
400.48	3828.3	
400.69	4688.5	
400.89	5770.5	
401.09	6152.1	
401.3	3749.8	
401.5	4632.5	
401.7	6404	
401.91	6515.3	
402.11	4068.6	
402.32	4240.7	
402.52	5799.2	
402.72	5663.3	
402.93	4422.9	
403.13	3404.4	
403.33	6367.1	
403.54	5319.9	
403.74	4103.4	
403.94	4876.9	
404.15	5422.3	
404.35	6353.5	
404.56	4002.4	
404.76	5569.1	
404.96	5765.7	
405.17	5612.8	
405.37	5291.3	
405.57	4332.8	
405.78	5797.8	
405.98	5406	
406.18	3971	
406.39	4709.6	
406.59	5745.9	
406.79	5412.1	
407	3796.9	
407.2	3908.2	
407.4	5901.6	
407.61	6018.3	
407.81	3956	
408.01	5679.7	
408.22	4947.2	
408.42	6621.1	
408.62	4831.8	
408.83	4453	
409.03	5467.4	
409.23	5352	
409.44	4470.7	
409.64	4792.9	
409.84	6286.6	
410.05	6222.4	
410.25	4588.8	
410.45	4412.7	
410.66	5774.6	
410.86	7885.4	
411.06	4769.7	
411.27	4674.8	
411.47	7602.7	
411.67	5975.3	
411.88	4875.5	
412.08	5036	
412.28	6426.5	
412.49	6852.5	
412.69	4595.6	
412.89	4650.3	
413.09	6683.2	
413.3	6569.9	
413.5	4826.4	
413.7	4399.7	
413.91	5952.1	
414.11	6744	
414.31	4636.6	
414.52	4992.3	
414.72	6460.7	
414.92	6353.5	
415.12	4588.8	
415.33	5043.5	
415.53	6625.9	
415.73	6840.9	
415.94	5382.1	
416.14	4872.8	
416.34	5811.5	
416.55	5617.6	
416.75	5907	
416.95	5313.1	
417.15	6716	
417.36	7268.2	
417.56	6014.2	
417.76	5214.1	
417.97	6960.4	
418.17	6708.5	
418.37	4894	
418.57	4907.6	
418.78	6537.8	
418.98	6261.3	
419.18	5687.9	
419.38	5565	
419.59	6207.4	
419.79	5939.8	
419.99	4799.1	
420.2	5152.7	
420.4	6754.9	
420.6	6832	
420.8	4732.2	
421.01	4575.2	
421.21	6573.3	
421.41	6655.9	
421.61	5087.8	
421.82	4805.2	
422.02	6170.5	
422.22	6944	
422.42	5449.6	
422.63	5173.2	
422.83	6232.7	
423.03	7246.4	
423.23	5256.5	
423.44	4287.8	
423.64	6266.1	
423.84	6031.3	
424.04	4719.2	
424.25	4398.4	
424.45	7087.3	
424.65	6969.2	
424.85	4326.7	
425.06	4657.8	
425.26	7056.6	
425.46	6212.9	
425.66	5171.1	
425.87	4904.9	
426.07	6744	
426.27	6636.8	
426.47	5059.8	
426.67	4525.3	
426.88	7104.4	
427.08	6624.5	
427.28	5271.5	
427.48	4442.7	
427.69	5690.6	
427.89	6318	
428.09	5175.9	
428.29	4458.4	
428.5	6803.4	
428.7	6420.4	
428.9	4422.9	
429.1	4872.8	
429.3	6417	
429.51	6681.8	
429.71	4711	
429.91	5341.8	
430.11	6665.5	
430.31	7095.5	
430.52	4924	
430.72	5147.9	
430.92	7140.6	
431.12	6671.6	
431.32	4618.9	
431.53	5079.6	
431.73	5707.7	
431.93	7189.1	
432.13	4653.7	
432.33	4528.7	
432.54	6221	
432.74	6441.5	
432.94	4437.9	
433.14	5382.7	
433.34	6695.5	
433.55	6247.7	
433.75	5324	
433.95	6743.3	
434.15	6365.8	
434.35	6229.2	
434.56	4609.3	
434.76	4227.7	
434.96	6432.7	
435.16	6587.6	
435.36	4483	
435.56	5430.5	
435.77	6094.8	
435.97	6275	
436.17	6090.7	
436.37	5472.2	
436.57	6109.1	
436.78	6050.4	
436.98	6920.8	
437.18	5917.3	
437.38	6720.1	
437.58	6281.8	
437.78	5983.5	
437.99	4818.2	
438.19	6720.1	
438.39	7920.2	
438.59	4780	
438.79	4389.5	
438.99	7279.8	
439.2	6175.3	
439.4	4498	
439.6	4465.3	
439.8	6546.7	
440	7436.9	
440.2	5454.4	
440.4	5513.8	
440.61	6876.4	
440.81	7334.5	
441.01	4670.7	
441.21	5454.4	
441.41	7201.3	
441.61	6878.4	
441.81	5619.6	
442.02	6478.4	
442.22	7662.1	
442.42	6978.1	
442.62	4698	
442.82	4813.4	
443.02	7313.3	
443.22	6478.4	
443.43	5141.1	
443.63	4724.7	
443.83	6348	
444.03	6366.5	
444.23	5792.3	
444.43	5377.3	
444.63	6573.3	
444.83	7612.3	
445.04	4883.7	
445.24	5874.9	
445.44	6944.7	
445.64	6963.1	
445.84	5541.1	
446.04	5498.8	
446.24	6300.9	
446.44	7290.8	
446.65	4846.9	
446.85	5202.5	
447.05	6500.3	
447.25	7202.7	
447.45	5212.8	
447.65	4688.5	
447.85	6681.2	
448.05	6367.8	
448.25	5501.5	
448.46	5382.1	
448.66	6692.8	
448.86	6409.5	
449.06	4634.6	
449.26	5529.5	
449.46	6933.7	
449.66	6180.8	
449.86	5171.1	
450.06	5122	
450.26	6339.8	
450.47	6849.8	
450.67	5352	
450.87	5689.9	
451.07	6889.4	
451.27	6735.1	
451.47	4835.9	
451.67	5209.3	
451.87	6457.2	
452.07	7435.5	
452.27	4965.6	
452.47	5011.4	
452.67	6744	
452.88	6988.4	
453.08	4456.4	
453.28	6069.5	
453.48	7714.7	
453.68	6606.7	
453.88	4917.2	
454.08	5158.2	
454.28	6961	
454.48	6641.6	
454.68	5563	
454.88	6014.2	
455.08	7115.3	
455.28	6879.8	
455.48	4823	
455.68	5302.2	
455.89	7462.1	
456.09	7182.2	
456.29	5119.9	
456.49	5220.3	
456.69	7392.5	
456.89	6774	
457.09	5553.4	
457.29	5880.4	
457.49	7068.2	
457.69	7115.3	
457.89	5463.3	
458.09	5001.1	
458.29	6820.4	
458.49	7377.5	
458.69	5815.5	
458.89	5304.2	
459.09	7574.1	
459.29	7729.7	
459.49	5362.3	
459.69	6077.7	
459.9	7278.5	
460.1	6847.7	
460.3	5300.1	
460.5	5072.1	
460.7	7271.7	
460.9	7032.7	
461.1	4893.3	
461.3	5934.3	
461.5	7776.1	
461.7	7536.5	
461.9	5309	
462.1	5674.9	
462.3	7086.7	
462.5	7546.1	
462.7	5337	
462.9	5388.9	
463.1	8477.9	
463.3	8122.2	
463.5	5535	
463.7	6299.6	
463.9	7314	
464.1	7556.3	
464.3	5644.9	
464.5	5866.7	
464.7	7745.4	
464.9	7451.9	
465.1	6981.5	
465.3	6130.3	
465.5	8077.9	
465.7	7999.4	
465.9	6411.5	
466.1	6215.6	
466.3	7877.9	
466.5	7734.5	
466.7	6941.2	
466.9	6025.8	
467.1	7752.9	
467.3	8505.9	
467.5	6974.7	
467.7	6036	
467.9	8681.3	
468.1	9495.7	
468.3	6674.3	
468.5	7004.7	
468.7	7714	
468.9	7633.5	
469.1	6177.4	
469.3	6843.6	
469.5	9272.5	
469.7	7265.5	
469.9	6597.9	
470.1	6022.4	
470.3	7737.2	
470.5	7693.5	
470.7	7146	
470.9	6169.8	
471.1	7522.2	
471.3	7843.7	
471.5	5956.9	
471.69	7609.6	
471.89	7463.5	
472.09	7005.4	
472.29	6621.1	
472.49	6920.1	
472.69	7191.1	
472.89	7917.4	
473.09	5868.1	
473.29	6001.9	
473.49	7349.5	
473.69	7449.8	
473.89	6797.2	
474.09	6170.5	
474.29	8641.7	
474.49	8363.9	
474.69	6750.1	
474.89	6251.1	
475.09	7537.9	
475.29	7401.4	
475.49	5747.3	
475.69	5874.3	
475.88	8797.4	
476.08	7844.4	
476.28	5660.6	
476.48	6078.4	
476.68	8123.6	
476.88	7937.9	
477.08	5932.3	
477.28	6205.3	
477.48	7565.2	
477.68	8118.8	
477.88	5821.7	
478.08	6070.2	
478.28	8449.2	
478.48	7695.6	
478.67	6087.9	
478.87	5595.7	
479.07	8221.2	
479.27	7735.2	
479.47	6226.5	
479.67	6265.4	
479.87	8034.2	
480.07	8504.5	
480.27	5691.3	
480.47	7010.2	
480.67	7789.8	
480.87	8299.1	
481.06	5909.1	
481.26	6541.2	
481.46	7735.2	
481.66	7600.7	
481.86	6306.4	
482.06	7117.4	
482.26	7443.7	
482.46	8355.7	
482.66	6202.6	
482.86	5815.5	
483.05	7881.9	
483.25	7283.3	
483.45	8426	
483.65	6196.5	
483.85	7397.9	
484.05	7683.3	
484.25	6589	
484.45	6913.3	
484.65	8402.8	
484.84	8471.1	
485.04	6174.6	
485.24	6146.6	
485.44	8716.8	
485.64	7301	
485.84	5636.7	
486.04	6739.2	
486.24	7632.1	
486.44	7892.2	
486.63	5566.4	
486.83	6234.7	
487.03	7617.8	
487.23	7633.5	
487.43	5698.8	
487.63	7552.2	
487.83	7794.6	
488.02	8581	
488.22	6505	
488.42	6992.4	
488.62	8485.4	
488.82	7535.8	
489.02	6174.6	
489.22	6216.3	
489.41	8413.1	
489.61	8023.3	
489.81	6021.7	
490.01	5953.4	
490.21	8361.9	
490.41	8886.1	
490.61	5940.5	
490.8	6110.5	
491	7861.5	
491.2	7311.2	
491.4	6570.6	
491.6	5847.6	
491.8	7898.3	
491.99	7916.1	
492.19	5722	
492.39	6032.6	
492.59	8357.1	
492.79	8415.8	
492.99	6834.8	
493.18	6006	
493.38	8444.5	
493.58	8995.4	
493.78	6614.9	
493.98	6311.2	
494.18	8163.9	
494.37	7746.1	
494.57	6795.8	
494.77	6797.2	
494.97	8361.2	
495.17	8616.5	
495.37	6397.2	
495.56	6674.3	
495.76	8766	
495.96	8492.9	
496.16	7490.1	
496.36	6625.9	
496.55	8655.4	
496.75	8303.1	
496.95	6950.8	
497.15	6600.6	
497.35	8561.9	
497.54	8610.3	
497.74	6561.7	
497.94	8148.2	
498.14	9218.6	
498.34	9082.1	
498.53	6385.6	
498.73	6952.2	
498.93	8058.1	
499.13	8510	
499.33	6843.6	
499.52	7258	
499.72	8658.8	
499.92	8794.7	
500.12	6557.6	
500.32	6837.5	
500.51	8843.1	
500.71	8619.9	
500.91	7529	
501.11	7155.6	
501.31	8743.5	
501.5	9107.3	
501.7	7710.6	
501.9	6750.8	
502.1	8551	
502.29	8890.2	
502.49	7218.4	
502.69	7607.5	
502.89	8708.6	
503.09	8692.9	
503.28	6408.1	
503.48	6520	
503.68	8061.5	
503.88	8078.6	
504.07	7363.8	
504.27	6917.4	
504.47	8464.3	
504.67	8494.3	
504.86	7258.7	
505.06	7015.7	
505.26	8201.4	
505.46	9598.8	
505.65	6954.9	
505.85	7122.2	
506.05	8185	
506.25	8530.5	
506.44	6373.3	
506.64	7183.6	
506.84	8033.5	
507.04	8822	
507.23	6511.2	
507.43	7065.5	
507.63	9744.9	
507.83	8162.5	
508.02	7044.3	
508.22	6675.7	
508.42	9865.1	
508.62	7978.2	
508.81	6847.7	
509.01	7337.9	
509.21	7862.8	
509.4	8152.3	
509.6	7071	
509.8	6467.5	
510	8221.2	
510.19	9334	
510.39	6436.1	
510.59	6509.1	
510.79	8021.9	
510.98	9164.7	
511.18	6602	
511.38	6677.1	
511.57	8758.5	
511.77	8561.2	
511.97	7263.5	
512.17	6511.2	
512.36	8652	
512.56	8499.1	
512.76	6390.3	
512.95	6249	
513.15	8808.3	
513.35	7630	
513.55	7227.3	
513.74	6454.5	
513.94	8681.3	
514.14	8170	
514.33	7285.3	
514.53	7068.2	
514.73	8099	
514.92	8223.3	
515.12	6556.9	
515.32	6423.8	
515.51	8336.6	
515.71	8828.8	
515.91	7979.6	
516.11	6492.7	
516.3	9786.6	
516.5	8003.5	
516.7	6970.6	
516.89	7359.7	
517.09	8166.6	
517.29	8032.8	
517.48	7223.2	
517.68	6696.2	
517.88	7786.4	
518.07	8469	
518.27	7176.8	
518.47	6315.3	
518.66	8900.5	
518.86	7800.7	
519.06	6208.8	
519.25	6559	
519.45	8023.3	
519.65	9285.5	
519.84	7139.2	
520.04	7750.9	
520.24	9652.8	
520.43	8537.3	
520.63	6926.2	
520.83	6635.4	
521.02	7874.4	
521.22	8393.3	
521.42	7040.9	
521.61	7528.3	
521.81	8123.6	
522.01	8323.6	
522.2	6994.5	
522.4	6773.3	
522.6	8637.6	
522.79	7647.1	
522.99	6778.8	
523.18	6296.1	
523.38	8367.3	
523.58	8396.7	
523.77	7918.1	
523.97	6287.3	
524.17	9983.2	
524.36	9245.2	
524.56	7430	
524.76	7017.7	
524.95	8384.4	
525.15	8115.4	
525.34	7038.2	
525.54	6982.9	
525.74	8809.7	
525.93	7947.5	
526.13	8064.9	
526.33	7004.7	
526.52	9057.5	
526.72	8615.8	
526.91	8066.3	
527.11	7344.7	
527.31	9127.8	
527.5	9479.4	
527.7	7325.6	
527.89	6437.4	
528.09	8232.8	
528.29	8697.7	
528.48	7628.7	
528.68	7383.6	
528.87	9084.8	
529.07	9103.9	
529.27	7284.6	
529.46	6883.9	
529.66	8743.5	
529.85	9044.5	
530.05	6701	
530.25	7400.7	
530.44	9908.8	
530.64	8731.9	
530.83	7223.9	
531.03	7218.4	
531.23	9075.9	
531.42	8996.7	
531.62	7909.9	
531.81	7330.4	
532.01	9221.3	
532.21	9474.6	
532.4	6965.1	
532.6	7349.5	
532.79	9925.8	
532.99	9198.8	
533.18	7395.2	
533.38	8322.3	
533.58	8925.7	
533.77	9480	
533.97	7387	
534.16	8075.1	
534.36	9759.9	
534.55	8892.3	
534.75	8450.6	
534.95	7484	
535.14	9579.7	
535.34	8910	
535.53	7234.8	
535.73	8780.3	
535.92	10073	
536.12	8898.4	
536.31	7251.9	
536.51	8307.9	
536.71	9283.4	
536.9	8921.6	
537.1	7421.8	
537.29	7486.7	
537.49	9624.1	
537.68	8767.4	
537.88	7890.1	
538.07	7077.1	
538.27	8974.9	
538.46	9925.8	
538.66	6989	
538.86	7443	
539.05	9139.4	
539.25	9458.2	
539.44	7684	
539.64	7346.7	
539.83	8955.1	
540.03	9763.3	
540.22	7240.9	
540.42	7247.8	
540.61	9208.4	
540.81	9265	
541	7764.5	
541.2	8164.6	
541.39	8800.8	
541.59	9033.6	
541.78	7963.2	
541.98	7275.8	
542.18	8464.3	
542.37	8430.1	
542.57	7585.7	
542.76	7993.2	
542.96	8464.9	
543.15	9064.3	
543.35	7609.6	
543.54	7002.7	
543.74	9280	
543.93	8950.3	
544.13	7468.9	
544.32	8426.7	
544.52	9211.1	
544.71	8573.5	
544.91	6727.6	
545.1	7735.2	
545.3	8581	
545.49	9153.1	
545.69	6734.4	
545.88	7233.4	
546.08	9923.1	
546.27	9579	
546.47	7657.4	
546.66	7051.8	
546.86	9366.7	
547.05	9807	
547.24	7274.4	
547.44	7021.1	
547.63	8450.6	
547.83	9376.3	
548.02	7432.8	
548.22	7648.5	
548.41	8288.8	
548.61	9497.8	
548.8	7023.9	
549	6981.5	
549.19	8777.6	
549.39	9140.8	
549.58	6713.2	
549.78	7363.8	
549.97	9141.4	
550.17	8641.7	
550.36	7973.4	
550.55	8885.5	
550.75	8721.6	
550.94	9458.9	
551.14	6930.3	
551.33	7290.1	
551.53	8123.6	
551.72	9035	
551.92	7228.6	
552.11	7060	
552.31	9004.9	
552.5	9045.2	
552.69	8574.2	
552.89	6748.7	
553.08	8929.1	
553.28	8692.3	
553.47	7006.8	
553.67	7985	
553.86	9509.4	
554.06	7992.5	
554.25	6402.6	
554.44	6939.2	
554.64	10177	
554.83	9682.1	
555.03	6892.8	
555.22	7220.5	
555.42	9137.4	
555.61	8788.5	
555.8	7066.2	
556	7214.3	
556.19	8150.2	
556.39	9273.9	
556.58	6961.7	
556.78	7143.3	
556.97	8723.7	
557.16	8533.9	
557.36	8013.7	
557.55	6778.1	
557.75	7866.2	
557.94	9429.5	
558.13	6803.4	
558.33	6638.1	
558.52	9235	
558.72	8258.8	
558.91	6799.3	
559.1	6890	
559.3	8061.5	
559.49	7766.6	
559.69	6348.7	
559.88	7203.4	
560.07	8740	
560.27	9101.9	
560.46	7374.1	
560.66	7488.7	
560.85	8586.5	
561.04	7793.2	
561.24	6734.4	
561.43	6842.9	
561.63	8054.7	
561.82	8349.6	
562.01	7876.5	
562.21	7111.9	
562.4	8636.3	
562.59	9497.8	
562.79	7008.8	
562.98	6686.6	
563.18	8656.8	
563.37	9819.3	
563.56	7397.9	
563.76	6572.6	
563.95	8142.7	
564.14	8080.6	
564.34	6954.9	
564.53	6728.9	
564.73	8734.6	
564.92	8764.6	
565.11	7155.6	
565.31	6559.6	
565.5	9139.4	
565.69	8175.5	
565.89	6851.1	
566.08	6944.7	
566.27	8961.9	
566.47	9418.6	
566.66	7555.6	
566.85	6486.6	
567.05	8656.1	
567.24	8238.3	
567.44	6753.5	
567.63	7916.1	
567.82	8877.9	
568.02	8566	
568.21	6642.9	
568.4	7034.1	
568.6	8538.7	
568.79	8522.3	
568.98	6668.9	
569.18	6693.4	
569.37	8501.8	
569.56	10240	
569.76	7017	
569.95	7858.1	
570.14	8929.1	
570.34	8743.5	
570.53	6673	
570.72	6622.4	
570.91	9269.8	
571.11	8548.9	
571.3	7066.9	
571.49	7771.4	
571.69	8684.1	
571.88	8199.4	
572.07	7492.8	
572.27	7537.2	
572.46	8075.1	
572.65	9041.1	
572.85	6849.1	
573.04	7128.3	
573.23	9290.3	
573.43	8619.9	
573.62	6687.3	
573.81	7196.6	
574	8719.6	
574.2	8556.4	
574.39	6987.7	
574.58	7137.2	
574.78	9348.3	
574.97	8786.5	
575.16	7387	
575.36	7606.2	
575.55	9118.2	
575.74	9208.4	
575.93	6805.4	
576.13	7613	
576.32	8533.2	
576.51	9016.5	
576.71	7041.6	
576.9	8217.1	
577.09	9421.3	
577.28	8843.8	
577.48	7425.9	
577.67	6581.5	
577.86	8594.6	
578.05	8897.7	
578.25	7285.3	
578.44	7315.3	
578.63	8785.8	
578.83	9703.3	
579.02	6704.4	
579.21	7991.9	
579.4	8902.5	
579.6	8615.8	
579.79	7283.3	
579.98	9087.5	
580.17	9157.2	
580.37	9195.4	
580.56	6833.4	
580.75	7536.5	
580.94	9637.1	
581.14	9563.3	
581.33	7983	
581.52	7028.6	
581.71	9138.7	
581.91	9707.4	
582.1	6758.3	
582.29	7150.1	
582.48	8735.3	
582.68	8669.7	
582.87	7568.6	
583.06	7372.7	
583.25	9165.3	
583.45	8863.6	
583.64	7916.1	
583.83	8447.9	
584.02	8705.2	
584.21	9035	
584.41	7866.2	
584.6	7212.9	
584.79	8834.9	
584.98	9359.2	
585.18	6842.9	
585.37	6793.1	
585.56	8431.5	
585.75	9003.6	
585.94	7002.7	
586.14	7566.6	
586.33	9521.7	
586.52	8775.5	
586.71	7399.3	
586.91	7174.7	
587.1	8202.1	
587.29	9088.9	
587.48	7076.4	
587.67	7030	
587.87	9013.1	
588.06	8996	
588.25	8225.3	
588.44	7604.8	
588.63	8590.5	
588.83	9167.4	
589.02	7083.2	
589.21	6981.5	
589.4	8535.3	
589.59	8365.3	
589.78	6384.9	
589.98	6630	
590.17	8028.7	
590.36	8531.8	
590.55	6054.5	
590.74	6779.5	
590.94	9624.1	
591.13	8428.8	
591.32	6564.4	
591.51	6207.4	
591.7	8756.4	
591.89	8314.8	
592.09	6311.8	
592.28	6680.5	
592.47	7606.2	
592.66	9273.9	
592.85	6226.5	
593.05	6472.3	
593.24	8201.4	
593.43	8934.6	
593.62	6455.2	
593.81	6972.7	
594	8173.4	
594.19	8426	
594.39	6401.3	
594.58	6417.7	
594.77	8520.9	
594.96	8938.7	
595.15	6328.2	
595.34	6903	
595.54	8471.1	
595.73	7816.4	
595.92	5882.4	
596.11	6871.6	
596.3	8961.9	
596.49	7821.2	
596.68	6639.5	
596.88	6948.1	
597.07	8661.5	
597.26	7650.5	
597.45	6193.7	
597.64	7084.6	
597.83	7851.2	
598.02	8421.2	
598.22	6180.8	
598.41	6791.7	
598.6	8282.7	
598.79	7801.4	
598.98	6234	
599.17	7120.8	
599.36	8246.5	
599.55	9284.8	
599.74	7961.8	
599.94	7765.2	
600.13	8751	
600.32	7641.7	
600.51	6050.4	
600.7	6138.4	
600.89	9142.1	
601.08	9251.4	
601.27	5917.9	
601.47	6719.4	
601.66	8651.3	
601.85	9097.1	
602.04	6636.1	
602.23	6509.1	
602.42	7742	
602.61	8303.1	
602.8	6408.1	
602.99	6335.7	
603.18	8030.8	
603.37	8259.5	
603.57	6701.6	
603.76	7288.7	
603.95	8916.9	
604.14	8515.5	
604.33	6318	
604.52	6647.7	
604.71	8234.2	
604.9	7918.1	
605.09	7318.1	
605.28	6911.2	
605.47	8731.2	
605.66	8463.6	
605.86	6790.4	
606.05	6315.3	
606.24	8758.5	
606.43	7469.6	
606.62	6595.1	
606.81	7150.1	
607	8641.7	
607.19	7978.2	
607.38	6072.9	
607.57	6275	
607.76	7780.2	
607.95	7300.3	
608.14	6668.2	
608.33	7058	
608.52	7783.6	
608.72	8431.5	
608.91	5972.6	
609.1	5909.1	
609.29	7865.6	
609.48	7526.3	
609.67	6745.3	
609.86	6031.3	
610.05	7565.9	
610.24	7753.6	
610.43	5871.5	
610.62	5509	
610.81	8755.1	
611	8575.5	
611.19	6024.4	
611.38	6599.2	
611.57	8041	
611.76	9179.7	
611.95	5732.9	
612.14	5671.5	
612.33	7913.4	
612.52	7559.7	
612.71	6285.9	
612.9	5587.5	
613.09	7250.5	
613.28	9127.1	
613.47	6168.5	
613.66	6797.2	
613.85	8008.2	
614.04	7636.2	
614.24	6088.6	
614.43	5385.5	
614.62	8072.4	
614.81	8049.9	
615	6600.6	
615.19	6543.9	
615.38	7499	
615.57	7808.2	
615.76	6506.4	
615.95	7195.9	
616.14	8122.2	
616.33	7825.3	
616.52	6687.3	
616.71	6849.1	
616.9	8110	
617.09	7912.7	
617.28	6123.4	
617.47	7195.2	
617.66	7357.7	
617.85	7329	
618.04	6984.3	
618.22	6421.7	
618.41	7590.5	
618.6	8433.5	
618.79	6399.9	
618.98	6128.9	
619.17	8699.1	
619.36	7185	
619.55	6229.9	
619.74	6328.9	
619.93	8011.7	
620.12	7529.7	
620.31	6697.5	
620.5	6877.1	
620.69	8529.8	
620.88	8868.4	
621.07	7490.8	
621.26	6705.7	
621.45	8159.8	
621.64	8271.1	
621.83	6701.6	
622.02	6053.8	
622.21	8246.5	
622.4	8133.8	
622.59	7268.9	
622.78	7010.2	
622.97	7695.6	
623.16	8486.8	
623.35	6741.9	
623.54	6010.1	
623.72	7869.7	
623.91	8016.4	
624.1	6914.6	
624.29	5784.8	
624.48	8933.9	
624.67	8305.2	
624.86	6802.7	
625.05	6063.4	
625.24	9029.5	
625.43	7696.9	
625.62	8313.4	
625.81	6256.5	
626	8484.7	
626.19	7922.2	
626.38	6912.6	
626.56	6475.7	
626.75	7761.8	
626.94	8400.8	
627.13	6917.4	
627.32	5887.9	
627.51	8409	
627.7	9348.3	
627.89	5770.5	
628.08	6986.3	
628.27	7636.9	
628.46	7901.7	
628.65	6229.9	
628.83	5889.3	
629.02	8353.7	
629.21	7660.8	
629.4	6570.6	
629.59	6701	
629.78	7653.3	
629.97	8426.7	
630.16	6774	
630.35	6376	
630.54	8780.3	
630.72	8548.2	
630.91	6335	
631.1	6818.4	
631.29	8130.4	
631.48	8251.3	
631.67	6895.5	
631.86	6349.4	
632.05	7876.5	
632.24	7915.4	
632.42	6099.5	
632.61	6646.3	
632.8	7912.7	
632.99	7579.5	
633.18	6572.6	
633.37	6975.4	
633.56	8224	
633.75	7987.8	
633.93	6635.4	
634.12	6303	
634.31	8904.6	
634.5	8544.1	
634.69	6402	
634.88	6832	
635.07	7979.6	
635.25	8470.4	
635.44	7135.8	
635.63	7380.2	
635.82	7803.4	
636.01	7404.8	
636.2	7093.5	
636.39	6688.7	
636.57	8819.9	
636.76	8560.5	
636.95	6239.5	
637.14	7391.8	
637.33	8195.3	
637.52	8917.5	
637.7	6040.8	
637.89	6913.3	
638.08	7834.8	
638.27	9054.8	
638.46	6865.5	
638.65	7217	
638.83	9054.1	
639.02	7699	
639.21	6854.6	
639.4	7262.1	
639.59	8104.5	
639.78	7750.9	
639.96	6180.8	
640.15	6172.6	
640.34	8017.8	
640.53	8033.5	
640.72	6001.2	
640.91	6251.8	
641.09	7487.4	
641.28	8660.9	
641.47	6268.8	
641.66	6944.7	
641.85	8034.2	
642.03	8232.8	
642.22	6726.2	
642.41	6328.9	
642.6	7613	
642.79	7044.3	
642.97	6073.6	
643.16	6759	
643.35	7449.8	
643.54	7394.5	
643.73	6019.7	
643.91	6706.4	
644.1	7247.1	
644.29	7714.7	
644.48	6158.2	
644.67	6212.9	
644.85	7378.1	
645.04	7771.4	
645.23	5790.3	
645.42	6014.2	
645.6	7331.7	
645.79	8361.2	
645.98	5969.8	
646.17	5262.6	
646.36	7122.8	
646.54	7538.6	
646.73	6714.6	
646.92	5724.8	
647.11	7266.2	
647.29	8220.5	
647.48	5752.1	
647.67	5539.1	
647.86	8439.7	
648.05	8328.4	
648.23	5962.3	
648.42	7131	
648.61	7811.6	
648.8	7519.5	
648.98	5637.4	
649.17	6000.5	
649.36	7146.7	
649.55	6749.4	
649.73	5687.2	
649.92	6368.5	
650.11	7081.9	
650.3	7384.3	
650.48	5817.6	
650.67	5651	
650.86	7682.6	
651.05	6672.3	
651.23	5829.9	
651.42	5739.1	
651.61	7159	
651.79	7237.5	
651.98	5918.6	
652.17	5638.7	
652.36	7534.5	
652.54	6722.1	
652.73	5573.2	
652.92	5505.6	
653.11	7573.4	
653.29	7644.4	
653.48	5100.1	
653.67	5866.7	
653.85	7310.6	
654.04	8283.4	
654.23	6096.1	
654.42	5662.6	
654.6	6900.3	
654.79	7464.2	
654.98	5228.5	
655.16	5723.4	
655.35	6582.9	
655.54	6512.5	
655.73	5314.5	
655.91	5136.3	
656.1	7511.9	
656.29	6466.8	
656.47	4811.4	
656.66	6281.8	
656.85	6681.8	
657.03	6702.3	
657.22	5266	
657.41	5400.5	
657.59	6790.4	
657.78	6640.9	
657.97	4990.2	
658.16	5681.7	
658.34	7415	
658.53	7812.3	
658.72	6401.3	
658.9	6794.5	
659.09	7077.1	
659.28	6962.4	
659.46	5440.1	
659.65	5321.3	
659.84	6727.6	
660.02	7157.7	
660.21	5388.9	
660.4	5221	
660.58	7577.5	
660.77	6897.6	
660.96	5726.8	
661.14	5029.1	
661.33	7981.6	
661.52	7905.8	
661.7	4909	
661.89	7920.2	
662.08	6647	
662.26	6365.1	
662.45	5171.8	
662.64	5334.3	
662.82	7296.2	
663.01	6511.2	
663.2	5292.6	
663.38	5934.3	
663.57	7249.1	
663.75	7039.6	
663.94	5606	
664.13	6591	
664.31	6658.6	
664.5	7161.1	
664.69	5898.8	
664.87	6220.4	
665.06	6429.9	
665.25	7091.4	
665.43	6423.1	
665.62	6340.5	
665.8	7297.6	
665.99	6739.9	
666.18	5549.3	
666.36	5618.9	
666.55	7267.6	
666.74	7160.4	
666.92	5298.8	
667.11	6592.4	
667.29	6726.9	
667.48	7293.5	
667.67	6238.8	
667.85	5428.5	
668.04	6722.1	
668.22	6729.6	
668.41	5580.7	
668.6	5705	
668.78	6528.2	
668.97	6794.5	
669.15	5870.2	
669.34	5051	
669.53	6556.9	
669.71	6880.5	
669.9	5089.9	
670.08	5727.5	
670.27	6519.4	
670.46	7051.8	
670.64	5890.6	
670.83	6075	
671.01	6479.8	
671.2	6978.8	
671.38	5255.1	
671.57	5112.4	
671.76	7539.9	
671.94	8047.2	
672.13	5072.8	
672.31	5971.2	
672.5	7189.1	
672.69	6550.8	
672.87	5261.9	
673.06	5502.2	
673.24	7128.3	
673.43	6650.4	
673.61	5758.2	
673.8	5476.3	
673.98	7159.7	
674.17	7256	
674.36	5926.1	
674.54	5836	
674.73	6954.9	
674.91	7248.4	
675.1	5546.6	
675.28	5143.8	
675.47	6728.3	
675.65	7298.3	
675.84	5524.1	
676.03	5741.8	
676.21	6584.9	
676.4	6116.6	
676.58	6122.7	
676.77	5936.4	
676.95	7905.8	
677.14	6582.9	
677.32	5144.5	
677.51	4997	
677.69	7292.1	
677.88	6326.9	
678.06	5066.7	
678.25	5188.9	
678.44	6772.6	
678.62	6526.9	
678.81	4943.8	
678.99	5724.1	
679.18	7524.2	
679.36	7084.6	
679.55	5440.8	
679.73	5924.8	
679.92	7079.1	
680.1	6608.8	
680.29	6404.7	
680.47	5394.3	
680.66	6596.5	
680.84	7243	
681.03	4811.4	
681.21	5884.5	
681.4	6618.4	
681.58	6516.6	
681.77	5172.5	
681.95	5054.4	
682.14	7281.2	
682.32	7546.1	
682.51	6004	
682.69	4917.2	
682.88	6434	
683.06	7016.3	
683.25	5710.4	
683.43	6095.4	
683.62	6737.8	
683.8	7135.8	
683.99	6202.6	
684.17	5580	
684.36	7802.1	
684.54	6731	
684.73	4967	
684.91	5053	
685.1	6963.8	
685.28	6518	
685.46	5566.4	
685.65	5598.5	
685.83	7132.4	
686.02	6567.8	
686.2	5150	
686.39	5220.3	
686.57	6391.7	
686.76	7651.2	
686.94	5076.2	
687.13	5263.3	
687.31	7020.4	
687.5	6582.9	
687.68	4767	
687.86	5795.8	
688.05	8081.3	
688.23	6077	
688.42	5862.7	
688.6	5068.7	
688.79	6483.2	
688.97	6446.3	
689.16	5547.9	
689.34	4607.9	
689.52	7075.7	
689.71	7281.2	
689.89	5721.3	
690.08	5158.2	
690.26	6792.4	
690.45	6587.6	
690.63	5883.8	
690.81	5301.5	
691	6541.2	
691.18	6485.9	
691.37	5438.7	
691.55	7208.8	
691.74	6389.7	
691.92	8133.8	
692.1	5416.2	
692.29	4976.6	
692.47	6605.4	
692.66	6081.1	
692.84	5111	
693.02	5604.6	
693.21	6073.6	
693.39	6548	
693.58	5631.2	
693.76	5124.7	
693.94	7563.1	
694.13	7393.2	
694.31	5088.5	
694.5	5982.8	
694.68	6442.9	
694.86	6761	
695.05	5365.7	
695.23	5496.7	
695.42	6956.3	
695.6	8885.5	
695.78	5929.6	
695.97	5255.8	
696.15	7050.5	
696.34	6570.6	
696.52	5014.8	
696.7	5716.6	
696.89	6792.4	
697.07	6369.2	
697.25	5628.5	
697.44	6847.7	
697.62	6838.9	
697.81	7075.7	
697.99	5381.4	
698.17	5735	
698.36	6269.5	
698.54	6778.8	
698.72	5633.3	
698.91	4778.6	
699.09	6512.5	
699.28	6365.1	
699.46	5310.4	
699.64	5204.6	
699.83	6281.1	
700.01	7295.5	
700.19	5882.4	
700.38	4553.3	
700.56	7331.7	
700.74	6341.2	
700.93	4898.7	
701.11	5623	
701.29	6830	
701.48	7688.8	
701.66	5086.5	
701.84	5112.4	
702.03	6517.3	
702.21	7062.8	
702.39	4746.5	
702.58	5235.3	
702.76	6841.6	
702.94	6887.3	
703.13	4670.1	
703.31	6822.5	
703.49	6223.1	
703.68	7090.1	
703.86	4823.6	
704.04	5735.7	
704.23	6640.2	
704.41	6990.4	
704.59	5046.9	
704.78	6041.5	
704.96	7595.9	
705.14	6963.1	
705.33	4744.5	
705.51	5463.3	
705.69	6413.6	
705.87	7139.9	
706.06	5725.4	
706.24	4738.3	
706.42	6712.6	
706.61	6939.2	
706.79	5823.7	
706.97	4759.5	
707.16	6293.4	
707.34	6711.2	
707.52	5717.9	
707.7	4906.9	
707.89	6421.1	
708.07	6051.1	
708.25	5653.8	
708.44	5810.8	
708.62	6271.6	
708.8	7202	
708.98	5857.2	
709.17	4998.4	
709.35	6638.1	
709.53	6698.9	
709.72	4859.8	
709.9	5167.7	
710.08	6894.1	
710.26	6909.8	
710.45	6063.4	
710.63	5020.3	
710.81	6561.7	
710.99	6550.8	
711.18	5486.5	
711.36	5066	
711.54	6370.5	
711.72	7042.3	
711.91	5213.4	
712.09	4705.5	
712.27	6520	
712.45	7475.8	
712.64	5489.2	
712.82	4534.9	
713	6122.1	
713.18	6194.4	
713.37	4628.4	
713.55	5641.5	
713.73	6935.1	
713.91	5810.1	
714.1	5010.7	
714.28	4553.3	
714.46	6653.9	
714.64	5995.8	
714.83	4176.5	
715.01	4802.5	
715.19	6102.9	
715.37	5584.8	
715.55	4506.2	
715.74	4779.3	
715.92	6798.6	
716.1	5109	
716.28	5769.1	
716.47	4905.6	
716.65	5689.9	
716.83	5771.9	
717.01	4739.7	
717.19	4834.6	
717.38	7496.9	
717.56	5519.3	
717.74	4975.2	
717.92	4246.1	
718.1	6505.7	
718.29	5859.2	
718.47	3883.6	
718.65	4434.5	
718.83	6420.4	
719.01	6272.2	
719.2	3743.7	
719.38	4619.5	
719.56	5997.1	
719.74	7404.8	
719.92	4406.5	
720.11	5268.7	
720.29	6191	
720.47	5421.7	
720.65	3984	
720.83	4750.6	
721.02	5704.3	
721.2	5531.6	
721.38	4755.4	
721.56	4149.2	
721.74	5056.4	
721.92	5237.3	
722.11	5184.8	
722.29	4988.9	
722.47	6289.3	
722.65	5616.2	
722.83	4164.2	
723.01	4934.2	
723.2	5617.6	
723.38	5988.9	
723.56	3654.9	
723.74	4621.6	
723.92	5217.5	
724.1	6199.2	
724.29	4039.3	
724.47	5096	
724.65	5287.2	
724.83	5168.4	
725.01	3937.6	
725.19	4683.7	
725.37	5307.7	
725.56	5294.7	
725.74	3938.2	
725.92	4070	
726.1	5207.3	
726.28	5450.3	
726.46	4465.3	
726.64	4154.6	
726.83	5441.5	
727.01	5649	
727.19	3797.6	
727.37	4548.5	
727.55	5541.1	
727.73	5934.3	
727.91	3814.7	
728.09	3660.4	
728.28	5987.6	
728.46	6299.6	
728.64	4564.9	
728.82	4500.1	
729	6885.3	
729.18	6270.2	
729.36	3814	
729.54	5838.8	
729.72	7115.3	
729.91	5590.3	
730.09	5424.4	
730.27	4421.6	
730.45	5499.5	
730.63	6062	
730.81	4909	
730.99	4107.5	
731.17	6486.6	
731.35	5253.7	
731.53	4525.3	
731.71	4200.4	
731.9	6294.1	
732.08	6364.4	
732.26	4446.1	
732.44	4104.1	
732.62	6453.1	
732.8	6015.6	
732.98	4859.8	
733.16	3984.7	
733.34	6013.5	
733.52	4926	
733.7	4408.6	
733.88	4607.2	
734.07	5816.9	
734.25	5623	
734.43	3940.3	
734.61	5219.6	
734.79	6877.8	
734.97	5548.6	
735.15	4062.5	
735.33	4329.4	
735.51	5875.6	
735.69	5545.2	
735.87	5408	
736.05	4474.8	
736.23	5584.1	
736.41	5478.3	
736.59	4360.8	
736.77	4460.5	
736.95	6085.9	
737.13	5565.7	
737.32	4044.7	
737.5	4209.9	
737.68	6541.2	
737.86	5446.2	
738.04	3878.2	
738.22	5480.4	
738.4	5241.4	
738.58	5569.8	
738.76	4414.7	
738.94	3479.5	
739.12	5399.1	
739.3	5347.2	
739.48	5012.1	
739.66	4676.9	
739.84	5638.7	
740.02	5599.8	
740.2	3596.9	
740.38	3898	
740.56	5941.8	
740.74	4920.6	
740.92	4497.3	
741.1	4399.7	
741.28	5452.4	
741.46	5309	
741.64	4048.8	
741.82	4650.3	
742	5507	
742.18	5448.3	
742.36	4214.7	
742.54	3918.4	
742.72	6022.4	
742.9	4867.3	
743.08	4553.3	
743.26	3581.2	
743.44	6129.6	
743.62	5979.4	
743.8	4769	
743.98	3934.1	
744.16	5810.1	
744.34	5472.9	
744.52	4648.2	
744.7	4637.3	
744.88	5870.8	
745.06	5399.8	
745.24	4710.3	
745.42	4790.9	
745.6	5988.9	
745.78	5797.8	
745.96	3672.7	
746.14	3991.5	
746.32	6668.2	
746.5	5988.9	
746.68	4448.9	
746.86	3962.1	
747.03	6343.2	
747.21	4940.4	
747.39	4422.2	
747.57	3952.6	
747.75	5613.5	
747.93	5985.5	
748.11	3923.2	
748.29	3957.4	
748.47	7006.1	
748.65	5358.2	
748.83	4614.8	
749.01	4341.7	
749.19	5781.4	
749.37	5087.2	
749.55	4250.2	
749.73	4306.9	
749.91	5578	
750.09	5339.7	
750.26	4376.5	
750.44	3836.5	
750.62	5544.5	
750.8	5459.9	
750.98	3771	
751.16	4000.4	
751.34	5681.7	
751.52	5016.2	
751.7	4757.4	
751.88	3756	
752.06	6068.1	
752.24	5817.6	
752.42	3623.5	
752.59	3949.8	
752.77	5493.3	
752.95	6574.7	
753.13	4617.5	
753.31	4113	
753.49	5220.3	
753.67	5653.8	
753.85	4339.6	
754.03	3971.7	
754.21	5904.3	
754.38	6194.4	
754.56	4136.9	
754.74	3367.5	
754.92	5285.8	
755.1	5810.1	
755.28	3385.3	
755.46	3394.8	
755.64	6625.9	
755.82	6747.4	
755.99	3794.9	
756.17	3861.8	
756.35	4639.3	
756.53	5941.2	
756.71	2925.9	
756.89	3725.3	
757.07	5557.5	
757.25	4793.6	
757.42	4164.2	
757.6	4889.9	
757.78	5588.9	
757.96	4770.4	
758.14	3891.8	
758.32	3444.7	
758.5	4431.1	
758.67	5098.8	
758.85	3764.2	
759.03	3900	
759.21	5310.4	
759.39	4764.9	
759.57	3405.8	
759.75	4387.4	
759.92	5863.3	
760.1	5222.3	
760.28	4635.9	
760.46	4872.8	
760.64	4981.3	
760.82	4770.4	
760.99	4519.2	
761.17	3792.2	
761.35	5635.3	
761.53	4769	
761.71	3869.3	
761.89	4520.5	
762.06	5469.4	
762.24	5070.8	
762.42	4021.5	
762.6	3734.8	
762.78	5124.7	
762.96	5659.2	
763.13	4236.6	
763.31	3947.1	
763.49	5745.2	
763.67	4985.4	
763.85	4661.2	
764.02	5148.6	
764.2	6024.4	
764.38	5210.7	
764.56	3900.7	
764.74	4646.2	
764.91	6099.5	
765.09	5126.7	
765.27	3644.7	
765.45	3419.4	
765.63	6161.7	
765.8	5993	
765.98	3253.5	
766.16	3501.3	
766.34	4781.3	
766.52	4620.9	
766.69	4328	
766.87	3392.8	
767.05	5166.3	
767.23	5805.3	
767.41	3691.1	
767.58	3831.1	
767.76	5664.7	
767.94	5724.8	
768.12	3743	
768.29	4331.5	
768.47	5240.1	
768.65	5812.8	
768.83	3418.1	
769	4406.5	
769.18	4859.1	
769.36	5450.3	
769.54	4391.5	
769.72	3463.8	
769.89	5753.4	
770.07	5814.9	
770.25	3741	
770.43	4807.9	
770.6	6362.4	
770.78	6726.2	
770.96	3900	
771.14	4493.9	
771.31	5722.7	
771.49	5061.9	
771.67	3201	
771.85	3428.3	
772.02	4449.6	
772.2	5117.9	
772.38	4082.3	
772.55	3689.8	
772.73	5362.3	
772.91	5139.7	
773.09	3962.1	
773.26	4025.6	
773.44	5299.5	
773.62	5011.4	
773.8	3495.9	
773.97	3324.5	
774.15	5397.8	
774.33	5047.6	
774.5	3442.6	
774.68	3755.3	
774.86	5576.6	
775.04	5083.7	
775.21	3508.9	
775.39	3494.5	
775.57	5270.1	
775.74	5595.1	
775.92	3380.5	
776.1	3274.7	
776.27	5278.3	
776.45	6348	
776.63	3554.6	
776.81	3159.3	
776.98	4954.7	
777.16	5884.5	
777.34	3656.3	
777.51	3946.4	
777.69	4986.1	
777.87	4795	
778.04	3713.6	
778.22	4159.4	
778.4	4790.9	
778.57	5353.4	
778.75	3062.4	
778.93	3287	
779.1	4693.9	
779.28	4552.6	
779.46	3128.6	
779.64	3489.7	
779.81	5498.1	
779.99	6262	
780.17	4153.3	
780.34	4314.4	
780.52	5048.9	
780.69	5259.9	
780.87	3804.4	
781.05	3383.9	
781.22	5142.4	
781.4	5169.1	
781.58	3539.6	
781.75	2852.1	
781.93	5212.8	
782.11	4631.1	
782.28	4311.7	
782.46	3591.5	
782.64	4455.7	
782.81	5268.1	
782.99	3645.4	
783.17	3646.7	
783.34	5189.6	
783.52	4564.9	
783.69	3760.1	
783.87	4508.3	
784.05	4648.2	
784.22	4622.3	
784.4	4485.7	
784.58	3882.3	
784.75	5466	
784.93	4701.5	
785.1	3549.1	
785.28	4113.7	
785.46	5245.5	
785.63	4622.3	
785.81	3548.4	
785.99	3430.3	
786.16	4800.4	
786.34	5085.1	
786.51	3457	
786.69	3843.4	
786.87	4414.7	
787.04	4874.2	
787.22	3340.9	
787.39	4112.3	
787.57	4643.4	
787.75	5552.7	
787.92	4365.6	
788.1	4248.2	
788.27	4690.5	
788.45	4418.8	
788.63	3974.4	
788.8	2896.5	
788.98	5102.2	
789.15	4355.3	
789.33	3062.4	
789.5	3564.1	
789.68	5485.8	
789.86	5492.7	
790.03	3882.9	
790.21	3490.4	
790.38	5464	
790.56	4838.7	
790.73	3409.9	
790.91	3383.9	
791.09	4659.8	
791.26	5273.5	
791.44	3634.5	
791.61	3061	
791.79	4656.4	
791.96	4700.8	
792.14	3213.9	
792.32	2902	
792.49	4644.8	
792.67	4782.7	
792.84	3285.6	
793.02	3123.8	
793.19	5047.6	
793.37	5680.4	
793.54	2889.7	
793.72	3144.3	
793.89	5687.2	
794.07	4646.8	
794.25	3606.5	
794.42	2986.6	
794.6	5582.1	
794.77	5176.6	
794.95	3835.2	
795.12	3394.8	
795.3	4683.7	
795.47	5212.8	
795.65	3751.2	
795.82	3627.6	
796	4546.5	
796.17	6118.6	
796.35	3555.3	
796.52	4148.5	
796.7	5166.3	
796.87	5256.5	
797.05	3501.3	
797.22	4239.3	
797.4	5257.1	
797.57	6024.4	
797.75	3643.3	
797.92	3442.6	
798.1	5477.6	
798.27	4611.3	
798.45	2936.1	
798.62	3168.9	
798.8	4931.5	
798.97	5402.5	
799.15	3842	
799.32	3620.8	
799.5	4308.9	
799.67	4952.7	
799.85	3943.7	
800.02	2893.1	
800.2	4658.4	
800.37	4936.3	
800.55	4053.6	
800.72	3414.6	
800.9	5281	
801.07	5735.7	
801.25	4576.5	
801.42	3773.7	
801.6	5416.2	
801.77	5072.1	
801.95	3512.3	
802.12	3362.1	
802.29	5171.1	
802.47	5018.2	
802.64	3766.9	
802.82	2868.5	
802.99	4631.1	
803.17	5479.7	
803.34	3617.4	
803.52	3273.3	
803.69	6035.4	
803.87	4432.5	
804.04	3596.9	
804.21	3743.7	
804.39	5618.9	
804.56	4812	
804.74	3103.4	
804.91	3749.8	
805.09	4631.1	
805.26	4735.6	
805.44	3166.8	
805.61	3464.5	
805.78	5251	
805.96	5281	
806.13	3775.8	
806.31	4048.2	
806.48	4262.5	
806.66	4724.7	
806.83	3721.2	
807	3700	
807.18	4684.4	
807.35	5025	
807.53	3687.7	
807.7	3029.6	
807.87	5672.9	
808.05	4706.9	
808.22	4024.3	
808.4	2953.2	
808.57	4694.6	
808.74	4380.6	
808.92	3340.9	
809.09	4278.2	
809.27	4669.4	
809.44	5134.3	
809.61	3004.4	
809.79	3323.9	
809.96	5727.5	
810.14	5335.6	
810.31	2938.8	
810.48	3557.3	
810.66	4814.1	
810.83	5387.5	
811.01	3364.1	
811.18	3710.2	
811.35	5324.7	
811.53	4221.5	
811.7	4016.1	
811.87	3790.1	
812.05	4772.4	
812.22	4663.9	
812.39	3264.5	
812.57	3137.5	
812.74	4771.1	
812.92	6130.3	
813.09	3545	
813.26	3802.4	
813.44	5925.5	
813.61	4607.9	
813.78	2988	
813.96	3939.6	
814.13	4730.8	
814.3	4418.8	
814.48	4255	
814.65	3469.3	
814.82	5968.5	
815	4481.6	
815.17	3618.8	
815.34	4353.3	
815.52	4590.9	
815.69	4656.4	
815.87	3547.8	
816.04	3607.8	
816.21	4676.2	
816.38	4192.9	
816.56	3517.7	
816.73	3271.3	
816.9	5889.3	
817.08	5297.4	
817.25	3301.3	
817.42	4115.7	
817.6	4308.9	
817.77	4719.2	
817.94	3711.6	
818.12	3244	
818.29	4561.5	
818.46	6802	
818.64	3438.5	
818.81	3175.7	
818.98	4444.8	
819.16	6292.7	
819.33	3857.7	
819.5	3627	
819.67	4990.9	
819.85	5575.9	
820.02	3593.5	
820.19	3734.8	
820.37	4917.9	
820.54	4581.3	
820.71	3720.5	
820.88	4515.8	
821.06	4868	
821.23	4463.9	
821.4	3723.9	
821.58	3660.4	
821.75	5309	
821.92	4843.4	
822.09	3009.8	
822.27	3068.5	
822.44	4711.7	
822.61	4690.5	
822.79	2982.5	
822.96	5691.3	
823.13	5106.3	
823.3	4449.6	
823.48	3466.5	
823.65	3118.4	
823.82	5330.2	
823.99	4298	
824.17	4375.1	
824.34	3177.8	
824.51	6078.4	
824.68	4781.3	
824.86	3353.9	
825.03	3673.4	
825.2	4769	
825.37	5643.5	
825.55	3264.5	
825.72	3633.8	
825.89	6118	
826.06	5700.9	
826.24	3535.5	
826.41	3580.5	
826.58	5673.6	
826.75	5013.4	
826.92	2912.2	
827.1	3164.8	
827.27	7528.3	
827.44	6055.8	
827.61	3377.8	
827.79	4061.8	
827.96	4522.6	
828.13	4746.5	
828.3	3487.7	
828.47	2985.9	
828.65	4975.9	
828.82	4890.5	
828.99	4449.6	
829.16	3935.5	
829.34	5257.8	
829.51	5085.1	
829.68	3643.3	
829.85	3685	
830.02	5531.6	
830.2	5290.6	
830.37	2855.6	
830.54	4307.6	
830.71	5980.8	
830.88	4743.8	
831.05	2904	
831.23	3304.1	
831.4	5730.2	
831.57	6348.7	
831.74	3363.4	
831.91	2979.8	
832.09	4960.2	
832.26	5249.6	
832.43	3454.9	
832.6	3976.5	
832.77	4922	
832.94	5571.8	
833.12	2794.1	
833.29	3516.4	
833.46	5087.2	
833.63	6569.2	
833.8	3805.8	
833.97	3497.2	
834.15	5264.6	
834.32	5100.1	
834.49	3597.6	
834.66	3730	
834.83	5468.8	
835	4506.2	
835.17	3393.5	
835.35	3325.9	
835.52	5168.4	
835.69	5097.4	
835.86	3562.1	
836.03	2939.5	
836.2	5248.9	
836.37	4919.9	
836.55	3477.5	
836.72	3280.2	
836.89	4888.5	
837.06	5384.1	
837.23	3542.3	
837.4	3825.6	
837.57	5990.3	
837.75	6500.3	
837.92	3216	
838.09	3430.3	
838.26	4886.5	
838.43	5478.3	
838.6	3629	
838.77	3255.6	
838.94	6187.6	
839.11	5969.8	
839.29	3478.1	
839.46	2772.9	
839.63	5268.7	
839.8	5032.5	
839.97	3400.3	
840.14	3374.4	
840.31	5082.4	
840.48	5297.4	
840.65	2853.5	
840.82	3337.5	
841	5251.7	
841.17	5195	
841.34	3108.1	
841.51	3154.6	
841.68	5201.8	
841.85	4949.3	
842.02	3240.6	
842.19	2693.8	
842.36	5112.4	
842.53	5032.5	
842.7	3128.6	
842.87	3775.1	
843.05	6500.9	
843.22	4949.3	
843.39	3007.8	
843.56	3209.8	
843.73	4784.1	
843.9	5326.1	
844.07	4941.7	
844.24	4157.4	
844.41	7416.4	
844.58	4592.2	
844.75	3032.4	
844.92	3278.8	
845.09	5257.8	
845.26	5208.7	
845.43	3078.8	
845.6	3283.6	
845.77	5205.3	
845.94	4954	
846.12	3442.6	
846.29	3572.3	
846.46	5415.5	
846.63	5259.9	
846.8	3119.7	
846.97	3676.1	
847.14	5651.7	
847.31	5206.6	
847.48	3496.6	
847.65	3844	
847.82	5471.5	
847.99	5460.6	
848.16	4061.8	
848.33	3820.1	
848.5	4786.8	
848.67	5611.4	
848.84	3102	
849.01	3237.8	
849.18	4749.2	
849.35	4504.2	
849.52	3852.2	
849.69	3026.2	
849.86	5438	
850.03	5582.8	
850.2	3136.8	
850.37	3736.9	
850.54	5567.7	
850.71	4956.1	
850.88	3691.8	
851.05	2988.7	
851.22	5098.8	
851.39	5715.9	
851.56	2906.1	
851.73	3546.4	
851.9	4601.1	
852.07	5429.8	
852.24	3396.2	
852.41	3089.7	
852.58	5115.1	
852.75	4680.3	
852.92	3436.5	
853.09	3046	
853.26	4846.9	
853.43	5617.6	
853.6	3071.3	
853.77	2631.6	
853.94	5673.6	
854.11	5173.2	
854.28	4519.9	
854.44	3405.1	
854.61	6095.4	
854.78	5523.4	
854.95	3060.3	
855.12	3816.7	
855.29	4235.2	
855.46	5768.4	
855.63	3106.8	
855.8	4244.1	
855.97	4812.7	
856.14	5572.5	
856.31	4320.5	
856.48	3327.3	
856.65	4889.9	
856.82	4559.5	
856.99	2979.8	
857.16	3320.4	
857.33	6327.5	
857.49	4969.1	
857.66	3319.8	
857.83	3560.1	
858	4995.7	
858.17	5177.9	
858.34	2964.1	
858.51	3069.2	
858.68	5812.8	
858.85	5816.2	
859.02	3566.2	
859.19	3789.4	
859.36	4635.2	
859.52	4696.7	
859.69	3134.1	
859.86	3635.1	
860.03	4702.1	
860.2	5728.9	
860.37	2837.1	
860.54	3155.2	
860.71	5426.4	
860.88	5750.7	
861.05	3432.4	
861.21	3906.2	
861.38	5736.4	
861.55	4554	
861.72	2811.2	
861.89	3504.8	
862.06	5478.3	
862.23	5933.6	
862.4	3075.4	
862.56	3220.1	
862.73	5316.5	
862.9	5038	
863.07	3637.2	
863.24	2816	
863.41	4587.4	
863.58	4678.2	
863.75	3155.9	
863.91	3536.8	
864.08	5726.1	
864.25	5309	
864.42	3880.9	
864.59	4246.8	
864.76	6037.4	
864.93	4674.8	
865.09	3022.1	
865.26	3312.2	
865.43	5606.7	
865.6	5982.1	
865.77	2682.2	
865.94	3122.5	
866.1	5663.3	
866.27	5395.7	
866.44	4641.4	
866.61	2941.6	
866.78	5005.9	
866.95	5326.1	
867.11	3044	
867.28	2737.5	
867.45	5493.3	
867.62	4705.5	
867.79	3543.7	
867.96	3074.7	
868.12	4644.8	
868.29	5412.8	
868.46	2682.8	
868.63	4088.4	
868.8	5563.6	
868.97	5402.5	
869.13	3198.9	
869.3	3196.9	
869.47	5254.4	
869.64	5504.3	
869.81	3132.7	
869.97	3086.3	
870.14	5224.4	
870.31	5799.8	
870.48	3008.5	
870.65	3911.6	
870.81	4928.1	
870.98	4945.2	
871.15	3494.5	
871.32	3194.8	
871.48	5296.7	
871.65	5792.3	
871.82	3080.8	
871.99	3383.9	
872.16	6243.6	
872.32	5644.2	
872.49	3164.1	
872.66	3099.9	
872.83	5403.9	
872.99	4789.5	
873.16	3489.7	
873.33	3089	
873.5	5102.9	
873.67	5174.5	
873.83	3231	
874	4113	
874.17	5218.2	
874.34	6148	
874.5	3952.6	
874.67	3822.2	
874.84	5798.5	
875.01	4600.4	
875.17	4332.1	
875.34	3056.9	
875.51	5180.7	
875.68	6141.2	
875.84	3770.3	
876.01	4472.1	
876.18	5359.5	
876.34	5303.6	
876.51	3136.8	
876.68	3069.2	
876.85	4923.3	
877.01	5655.1	
877.18	4373.1	
877.35	3108.8	
877.52	5179.3	
877.68	4570.4	
877.85	3031.7	
878.02	3052.2	
878.18	5014.8	
878.35	4807.9	
878.52	2538.1	
878.69	3430.3	
878.85	5481	
879.02	5378.6	
879.19	4361.5	
879.35	3295.2	
879.52	5380	
879.69	5558.2	
879.86	2736.8	
880.02	3433.8	
880.19	5014.1	
880.36	6068.1	
880.52	3541.6	
880.69	3623.5	
880.86	5431.9	
881.02	5483.1	
881.19	3427.6	
881.36	3355.3	
881.52	5373.9	
881.69	4762.2	
881.86	3330	
882.02	3214.6	
882.19	5635.3	
882.36	6474.3	
882.52	3116.3	
882.69	4264.6	
882.86	5172.5	
883.02	5146.5	
883.19	3749.1	
883.36	3514.3	
883.52	5523.4	
883.69	6240.2	
883.86	3142.3	
884.02	2843.9	
884.19	5410.7	
884.36	5065.3	
884.52	3480.2	
884.69	3274.7	
884.86	4858.5	
885.02	5912.5	
885.19	3460.4	
885.36	3594.9	
885.52	5014.8	
885.69	5221	
885.86	4362.9	
886.02	3915	
886.19	5428.5	
886.35	4897.4	
886.52	3386.7	
886.69	4306.2	
886.85	4706.9	
887.02	5692.7	
887.19	5692.7	
887.35	5692.7	
887.52	5692.7	
887.68	5692.7	
887.85	5692.7	
888.02	5692.7	
888.18	5692.7	
888.35	5692.7	
888.51	5692.7	
888.68	5692.7	
888.85	5692.7	
889.01	5692.7	
889.18	5692.7	
889.35	5692.7	
889.51	5692.7	
889.68	5692.7	
889.84	5692.7	
890.01	5692.7	
890.17	5692.7	
890.34	5692.7	
890.51	5692.7	
890.67	5692.7	
890.84	5692.7	
891	5692.7	
891.17	5692.7	
891.34	5692.7	
891.5	5692.7	
891.67	5692.7	
891.83	5692.7	
892	5692.7	
892.16	5692.7	
892.33	5692.7	
892.5	5692.7	
892.66	5692.7	
892.83	5692.7	
892.99	5692.7	
893.16	5692.7	
893.32	5692.7	
893.49	5692.7	
893.65	5692.7	
893.82	5692.7	
893.99	5692.7	
894.15	5692.7	
894.32	5692.7	
894.48	5692.7	
894.65	5692.7	
894.81	5692.7	
894.98	5692.7	
895.14	5692.7	
895.31	5692.7	
895.47	5692.7	
895.64	5692.7	
895.81	5692.7	
895.97	5692.7	
896.14	5692.7	
896.3	5692.7	
896.47	5692.7	
896.63	5692.7	
896.8	5692.7	
896.96	5692.7	
897.13	5692.7	
897.29	5692.7	
897.46	5692.7	
897.62	5692.7	
897.79	5692.7	
897.95	5692.7	
898.12	5692.7	
898.28	5692.7	
898.45	5692.7	
898.61	5692.7	
898.78	5692.7	
898.94	5692.7	
899.11	5692.7	
899.27	5692.7	
899.44	5692.7	
899.6	5692.7	
899.77	5692.7	
899.93	5692.7	
900.1	5692.7	
900.26	5692.7	
900.43	5692.7	
900.59	5692.7	
900.76	5692.7	
900.92	5692.7	
901.09	5692.7	
901.25	5692.7	
901.42	5692.7	
901.58	5692.7	
901.75	5692.7	
901.91	5692.7	
902.07	5692.7	
902.24	5692.7	
902.4	5692.7	
902.57	5692.7	
902.73	5692.7	
902.9	5692.7	
903.06	5692.7	
903.23	5692.7	
903.39	5692.7	
903.56	5692.7	
903.72	5692.7	
903.88	5692.7	
904.05	5692.7	
904.21	5692.7	
904.38	5692.7	
904.54	5692.7	
904.71	5692.7	
904.87	5692.7	
905.03	5692.7	
905.2	5692.7	
905.36	5692.7	
905.53	5692.7	
905.69	5692.7	
905.86	5692.7	
906.02	5692.7	
906.18	5692.7	
906.35	5692.7	
906.51	5692.7	
906.68	5692.7	
906.84	5692.7	
907.01	5692.7	
907.17	5692.7	
907.33	5692.7	
907.5	5692.7	
907.66	5692.7	
907.83	5692.7	
907.99	5692.7	
908.15	5692.7	
908.32	5692.7	
908.48	5692.7	
908.65	5692.7	
908.81	5692.7	
908.97	5692.7	
909.14	5692.7	
909.3	5692.7	
909.47	5692.7	
909.63	5692.7	
909.79	5692.7	
909.96	5692.7	
910.12	5692.7	
910.28	5692.7	
910.45	5692.7	
910.61	5692.7	
910.78	5692.7	
910.94	5692.7	
911.1	5692.7	
911.27	5692.7	
911.43	5692.7	
911.59	5692.7	
911.76	5692.7	
911.92	5692.7	
912.08	5692.7	
912.25	5692.7	
912.41	5692.7	
912.57	5692.7	
912.74	5692.7	
912.9	5692.7	
913.07	5692.7	
913.23	5692.7	
913.39	5692.7	
913.56	5692.7	
913.72	5692.7	
913.88	5692.7	
914.05	5692.7	
914.21	5692.7	
914.37	5692.7	
914.54	5692.7	
914.7	5692.7	
914.86	5692.7	
915.03	5692.7	
915.19	5692.7	
