Wavelength	Intensities	
nm	a.u.	
179.22	1797.3	
179.44	1797.8	
179.65	1796.8	
179.86	1798.8	
180.08	1804.3	
180.29	4267.3	
180.51	3169.6	
180.72	5143.8	
180.94	5958.2	
181.15	2966.1	
181.37	2916.3	
181.58	5057.8	
181.79	5300.8	
182.01	3036.5	
182.22	3196.9	
182.44	5320.6	
182.65	4478.9	
182.87	3998.3	
183.08	3458.3	
183.29	5567.7	
183.51	4627	
183.72	3194.8	
183.94	4624.3	
184.15	4995	
184.37	4930.8	
184.58	2833.7	
184.79	3834.5	
185.01	4637.3	
185.22	5309.7	
185.44	3990.8	
185.65	3457.7	
185.86	4889.2	
186.08	4558.8	
186.29	2746.3	
186.51	3041.9	
186.72	4683	
186.94	5409.4	
187.15	3460.4	
187.36	3488.4	
187.58	6864.1	
187.79	5015.5	
188.01	3662.5	
188.22	5554.1	
188.43	6029.2	
188.65	5218.2	
188.86	2976.4	
189.08	3548.4	
189.29	4797	
189.5	4787.5	
189.72	3284.9	
189.93	3326.6	
190.15	5427.1	
190.36	6412.2	
190.57	3635.8	
190.79	3484.3	
191	5391.6	
191.22	5445.5	
191.43	3601.7	
191.64	3029.6	
191.86	5636.7	
192.07	5369.8	
192.29	3142.9	
192.5	3262.4	
192.71	5475.6	
192.93	4806.6	
193.14	3212.6	
193.35	3343	
193.57	4758.8	
193.78	5440.1	
194	2656.2	
194.21	3200.3	
194.42	4614.8	
194.64	4999.8	
194.85	3536.2	
195.07	4060.4	
195.28	4980	
195.49	4367.6	
195.71	4276.8	
195.92	3024.8	
196.13	5186.1	
196.35	5191.6	
196.56	4498	
196.78	3546.4	
196.99	6273.6	
197.2	5868.8	
197.42	3975.1	
197.63	3586	
197.84	4539.7	
198.06	5111	
198.27	3251.5	
198.48	4237.9	
198.7	4836.6	
198.91	4943.8	
199.13	3553.2	
199.34	3566.9	
199.55	5358.9	
199.77	4336.2	
199.98	3139.5	
200.19	3624.2	
200.41	4924	
200.62	4653	
200.83	3726.6	
201.05	3976.5	
201.26	4842.8	
201.47	4641.4	
201.69	3182.5	
201.9	3110.2	
202.11	4958.1	
202.33	5802.6	
202.54	3377.8	
202.76	3753.9	
202.97	5005.2	
203.18	5095.3	
203.4	3737.5	
203.61	3653.6	
203.82	5060.5	
204.04	4700.1	
204.25	3566.2	
204.46	3497.2	
204.68	5025	
204.89	5183.4	
205.1	3507.5	
205.32	3008.5	
205.53	5292	
205.74	5421.7	
205.96	2644.6	
206.17	3572.3	
206.38	5281.7	
206.6	5426.4	
206.81	4111.6	
207.02	3322.5	
207.24	5185.5	
207.45	5522.7	
207.66	3428.3	
207.88	2992.8	
208.09	5142.4	
208.3	5000.5	
208.52	3161.4	
208.73	3462.4	
208.94	4967.7	
209.15	5513.1	
209.37	3435.8	
209.58	3835.8	
209.79	5380.7	
210.01	4799.8	
210.22	2816	
210.43	2914.9	
210.65	4954.7	
210.86	5309.7	
211.07	3409.2	
211.29	3157.3	
211.5	5176.6	
211.71	4890.5	
211.93	3132.7	
212.14	3181.2	
212.35	4942.4	
212.56	5032.5	
212.78	3544.4	
212.99	2979.1	
213.2	5648.3	
213.42	4733.5	
213.63	3199.6	
213.84	3445.4	
214.06	4506.9	
214.27	4515.8	
214.48	3338.9	
214.69	3645.4	
214.91	5568.4	
215.12	5575.3	
215.33	3596.2	
215.55	3988.8	
215.76	6006	
215.97	5294	
216.18	3441.3	
216.4	3453.6	
216.61	4713.7	
216.82	5342.5	
217.04	3173	
217.25	3294.5	
217.46	5494.7	
217.67	5281.7	
217.89	2863.7	
218.1	2935.4	
218.31	5029.8	
218.53	5112.4	
218.74	3304.7	
218.95	3169.6	
219.16	4952	
219.38	5727.5	
219.59	3209.2	
219.8	3802.4	
220.01	6234	
220.23	5011.4	
220.44	4119.8	
220.65	3042.6	
220.87	5066	
221.08	5464	
221.29	2998.2	
221.5	3888.4	
221.72	6610.8	
221.93	4690.5	
222.14	3591.5	
222.35	4194.9	
222.57	4969.1	
222.78	5262.6	
222.99	3437.2	
223.2	3631.7	
223.42	5193	
223.63	5360.2	
223.84	2633.7	
224.05	2656.9	
224.27	6204	
224.48	5708.4	
224.69	4111.6	
224.9	3646.7	
225.12	5130.2	
225.33	4966.3	
225.54	2906.1	
225.75	3222.1	
225.97	4650.3	
226.18	4879.6	
226.39	3408.5	
226.6	3213.9	
226.82	4789.5	
227.03	4631.8	
227.24	3542.3	
227.45	2991.4	
227.67	5296	
227.88	5672.2	
228.09	3948.5	
228.3	3954.6	
228.52	5292.6	
228.73	4906.9	
228.94	3297.9	
229.15	2949.8	
229.36	4932.2	
229.58	4921.3	
229.79	3412.6	
230	3880.2	
230.21	5892	
230.43	4988.9	
230.64	3520.5	
230.85	3679.5	
231.06	5386.8	
231.28	5309.7	
231.49	2985.3	
231.7	3469.9	
231.91	5231.2	
232.12	5000.5	
232.34	3044.6	
232.55	3479.5	
232.76	5447.6	
232.97	5128.1	
233.18	3117	
233.4	3560.7	
233.61	5137	
233.82	4803.2	
234.03	3278.1	
234.25	3258.3	
234.46	6666.8	
234.67	4985.4	
234.88	3656.3	
235.09	3175	
235.31	5169.8	
235.52	4856.4	
235.73	3541.6	
235.94	3004.4	
236.15	4695.3	
236.37	5937.1	
236.58	3190.7	
236.79	3491.8	
237	5235.3	
237.21	4571.7	
237.43	3656.3	
237.64	2908.8	
237.85	8538.7	
238.06	4624.3	
238.27	3657.7	
238.48	3001	
238.7	5268.7	
238.91	4825	
239.12	3358.7	
239.33	3504.1	
239.54	4654.4	
239.76	4857.8	
239.97	3343.7	
240.18	3401	
240.39	6081.1	
240.6	5184.1	
240.82	3560.1	
241.03	2968.9	
241.24	4947.9	
241.45	5681.1	
241.66	3169.6	
241.87	3692.5	
242.09	5536.3	
242.3	5894.1	
242.51	3676.8	
242.72	3350.5	
242.93	5334.3	
243.14	4905.6	
243.36	3881.6	
243.57	4211.3	
243.78	5686.5	
243.99	5160.9	
244.2	3392.8	
244.41	3111.5	
244.63	4553.3	
244.84	5175.2	
245.05	3632.4	
245.26	3461.1	
245.47	5276.3	
245.68	5326.8	
245.9	4458.4	
246.11	3575.1	
246.32	4855.1	
246.53	5223	
246.74	5375.9	
246.95	2902.7	
247.16	4617.5	
247.38	4980.7	
247.59	2922.5	
247.8	3450.8	
248.01	4692.6	
248.22	4950.6	
248.43	3110.9	
248.64	3325.9	
248.86	4500.8	
249.07	4771.8	
249.28	3063.8	
249.49	3586.7	
249.7	5442.8	
249.91	5518.6	
250.12	2873.3	
250.34	2933.4	
250.55	5083.1	
250.76	4980.7	
250.97	3559.4	
251.18	3618.1	
251.39	5542.5	
251.6	5193	
251.81	3635.1	
252.03	3503.4	
252.24	4846.2	
252.45	5311.7	
252.66	3020.1	
252.87	3756	
253.08	4997	
253.29	6346	
253.5	3003	
253.72	4080.2	
253.93	4859.1	
254.14	5794.4	
254.35	3316.3	
254.56	3317.7	
254.77	5134.9	
254.98	4640.7	
255.19	3257.6	
255.41	4072.7	
255.62	5081	
255.83	5487.2	
256.04	3660.4	
256.25	3530.7	
256.46	5993	
256.67	4692.6	
256.88	3532.7	
257.09	3858.4	
257.31	4597.7	
257.52	4695.3	
257.73	4316.4	
257.94	3252.9	
258.15	4872.1	
258.36	4963.6	
258.57	4118.5	
258.78	2633.7	
258.99	5355.4	
259.2	4772.4	
259.41	3284.9	
259.63	3336.8	
259.84	5636.7	
260.05	6020.3	
260.26	4275.5	
260.47	3179.8	
260.68	5440.1	
260.89	4881.7	
261.1	3926.6	
261.31	3166.2	
261.52	5478.3	
261.73	5756.2	
261.95	4209.3	
262.16	3633.8	
262.37	5564.3	
262.58	5672.9	
262.79	4106.9	
263	3291.1	
263.21	5016.2	
263.42	4823	
263.63	3419.4	
263.84	3291.8	
264.05	5369.8	
264.26	5755.5	
264.47	4003.8	
264.69	3648.1	
264.9	5644.2	
265.11	5132.2	
265.32	3184.6	
265.53	3243.3	
265.74	5076.2	
265.95	4462.5	
266.16	3498.6	
266.37	3824.2	
266.58	5046.2	
266.79	4777.2	
267	3233.1	
267.21	3020.8	
267.42	4616.8	
267.63	4973.8	
267.84	3403	
268.06	2936.1	
268.27	5363.6	
268.48	5516.5	
268.69	3358	
268.9	3959.4	
269.11	5548.6	
269.32	4548.5	
269.53	3401.7	
269.74	3179.1	
269.95	5213.4	
270.16	4465.9	
270.37	3449.5	
270.58	3977.2	
270.79	4846.9	
271	5335.6	
271.21	3619.4	
271.42	3433.1	
271.63	5111.7	
271.84	4651.6	
272.05	2783.9	
272.26	3097.2	
272.47	4982.7	
272.68	5118.6	
272.89	3318.4	
273.11	3726.6	
273.32	4803.9	
273.53	5735.7	
273.74	3706.8	
273.95	3633.8	
274.16	5455.1	
274.37	5001.8	
274.58	3767.6	
274.79	2977.1	
275	5099.4	
275.21	5492.7	
275.42	4415.4	
275.63	3813.3	
275.84	5273.5	
276.05	6410.1	
276.26	3630.4	
276.47	3417.4	
276.68	4891.2	
276.89	5779.4	
277.1	3854.3	
277.31	3033.7	
277.52	5212.1	
277.73	5393.7	
277.94	3008.5	
278.15	3367.5	
278.36	5168.4	
278.57	4698	
278.78	3253.5	
278.99	3714.3	
279.2	4732.9	
279.41	4642.7	
279.62	4264.6	
279.83	3097.9	
280.04	5982.1	
280.25	4586.1	
280.46	4256.4	
280.67	3398.9	
280.88	4717.2	
281.09	5539.8	
281.3	3588.7	
281.51	4491.2	
281.72	4700.1	
281.93	5427.8	
282.14	3164.1	
282.35	3481.5	
282.56	5431.9	
282.77	5352.7	
282.98	3304.1	
283.19	3986	
283.4	6492.7	
283.61	4961.5	
283.82	3101.3	
284.03	4175.1	
284.24	5145.2	
284.45	5485.1	
284.66	4184	
284.87	4007.2	
285.08	5448.3	
285.29	5573.2	
285.5	2951.1	
285.71	3384.6	
285.92	5481.7	
286.12	6017.6	
286.33	4137.6	
286.54	3369.6	
286.75	5369.1	
286.96	4834.6	
287.17	3126.6	
287.38	4062.5	
287.59	4719.9	
287.8	4653	
288.01	3422.2	
288.22	3830.4	
288.43	5381.4	
288.64	4508.3	
288.85	3916.4	
289.06	3772.4	
289.27	5597.8	
289.48	5727.5	
289.69	4179.9	
289.9	3863.8	
290.11	5513.1	
290.32	4770.4	
290.53	3959.4	
290.74	3645.4	
290.94	5330.2	
291.15	5370.5	
291.36	3228.3	
291.57	3787.4	
291.78	4801.8	
291.99	4488.5	
292.2	3145.7	
292.41	3694.5	
292.62	5443.5	
292.83	5311.7	
293.04	4534.9	
293.25	3119.1	
293.46	4831.2	
293.67	5420.3	
293.88	3199.6	
294.09	3130	
294.29	4620.2	
294.5	5063.9	
294.71	3445.4	
294.92	3306.8	
295.13	4792.2	
295.34	5895.4	
295.55	2952.5	
295.76	3075.4	
295.97	5309.7	
296.18	5854.5	
296.39	3070.6	
296.6	3229	
296.81	5067.4	
297.01	5294	
297.22	3411.2	
297.43	3235.1	
297.64	4747.2	
297.85	4631.8	
298.06	2740.9	
298.27	2922.5	
298.48	4987.5	
298.69	4723.3	
298.9	3521.1	
299.11	3164.1	
299.31	4597.7	
299.52	4630.5	
299.73	3704.8	
299.94	3561.4	
300.15	4983.4	
300.36	4679.6	
300.57	3608.5	
300.78	3640.6	
300.99	4806.6	
301.2	5059.2	
301.4	3246.7	
301.61	3450.8	
301.82	5272.8	
302.03	5340.4	
302.24	3790.1	
302.45	3012.6	
302.66	5208	
302.87	5565	
303.08	3279.5	
303.29	4319.2	
303.49	4784.7	
303.7	4977.2	
303.91	2846.7	
304.12	4162.2	
304.33	4549.2	
304.54	5115.8	
304.75	3252.9	
304.96	3121.8	
305.16	5240.1	
305.37	5892.7	
305.58	2828.2	
305.79	2909.5	
306	5257.1	
306.21	4489.8	
306.42	3156.6	
306.63	4820.2	
306.83	4869.4	
307.04	5386.8	
307.25	3524.6	
307.46	3480.2	
307.67	4364.9	
307.88	5268.7	
308.09	3232.4	
308.29	3276.1	
308.5	5010.7	
308.71	5433.3	
308.92	3419.4	
309.13	3113.6	
309.34	4922.6	
309.55	4915.1	
309.75	3957.4	
309.96	3641.3	
310.17	5315.2	
310.38	4756.7	
310.59	3808.5	
310.8	3035.1	
311.01	4861.9	
311.21	4900.1	
311.42	3098.6	
311.63	3173.7	
311.84	4783.4	
312.05	5039.4	
312.26	3627	
312.46	3905.5	
312.67	4808.6	
312.88	4632.5	
313.09	3101.3	
313.3	3090.4	
313.51	5575.9	
313.71	5924.1	
313.92	3115	
314.13	3298.6	
314.34	5117.9	
314.55	4883	
314.76	3966.2	
314.96	3468.6	
315.17	5125.4	
315.38	5270.1	
315.59	3148.4	
315.8	2931.3	
316.01	5681.1	
316.21	5730.2	
316.42	3024.8	
316.63	3489.7	
316.84	4894.6	
317.05	5528.2	
317.26	3687	
317.46	3350.5	
317.67	4989.5	
317.88	5296.7	
318.09	3896.6	
318.3	2888.3	
318.5	4782	
318.71	5259.9	
318.92	4944.5	
319.13	3683.6	
319.34	5401.9	
319.54	5512.4	
319.75	2913.6	
319.96	2820.7	
320.17	5247.6	
320.38	5412.8	
320.58	2893.8	
320.79	3400.3	
321	5493.3	
321.21	5560.9	
321.42	3393.5	
321.62	2859	
321.83	4666	
322.04	5037.3	
322.25	3311.6	
322.46	3163.4	
322.66	5031.9	
322.87	5195	
323.08	3770.3	
323.29	3056.9	
323.5	5901.6	
323.7	4623.6	
323.91	4193.6	
324.12	3816	
324.33	5068.7	
324.53	5229.8	
324.74	3649.5	
324.95	3807.9	
325.16	4469.4	
325.37	4845.5	
325.57	3143.6	
325.78	3190.1	
325.99	5028.4	
326.2	4541	
326.4	4438.6	
326.61	2914.3	
326.82	4958.8	
327.03	5042.8	
327.24	4374.5	
327.44	4091.8	
327.65	5165.7	
327.86	4318.5	
328.07	3651.5	
328.27	3006.4	
328.48	5547.9	
328.69	4592.9	
328.9	4426.3	
329.1	3344.3	
329.31	4880.3	
329.52	5730.2	
329.73	3130	
329.93	3558.7	
330.14	5042.8	
330.35	5158.2	
330.56	5001.8	
330.76	3815.4	
330.97	4831.2	
331.18	5103.5	
331.39	3502.7	
331.59	2867.2	
331.8	5450.3	
332.01	5592.3	
332.22	3283.6	
332.42	3662.5	
332.63	5081.7	
332.84	4726.7	
333.05	3458.3	
333.25	3250.1	
333.46	4776.5	
333.67	5052.3	
333.88	3265.8	
334.08	3586	
334.29	6389	
334.5	5527.5	
334.7	3052.8	
334.91	4344.4	
335.12	4622.9	
335.33	5315.8	
335.53	3472.7	
335.74	4990.9	
335.95	4830.5	
336.16	4601.1	
336.36	3409.9	
336.57	3931.4	
336.78	4564.2	
336.98	5464	
337.19	4205.2	
337.4	3345.7	
337.61	5948	
337.81	4608.6	
338.02	3208.5	
338.23	4029	
338.43	5651	
338.64	4678.9	
338.85	3181.9	
339.05	4027.7	
339.26	5677.7	
339.47	4438.6	
339.68	3147	
339.88	4532.2	
340.09	5180	
340.3	5371.1	
340.5	3635.8	
340.71	2874	
340.92	4561.5	
341.13	5593	
341.33	3065.1	
341.54	3655.6	
341.75	5203.2	
341.95	4827.1	
342.16	3512.3	
342.37	3758.7	
342.57	4625.7	
342.78	4951.3	
342.99	3904.1	
343.19	2881.5	
343.4	5303.6	
343.61	5199.1	
343.81	3335.5	
344.02	3099.9	
344.23	5256.5	
344.43	5710.4	
344.64	3857.7	
344.85	3766.2	
345.06	5166.3	
345.26	5470.1	
345.47	3575.1	
345.68	4152.6	
345.88	4526.7	
346.09	5333.6	
346.3	3680.9	
346.5	2798.2	
346.71	4986.1	
346.92	4771.1	
347.12	2965.5	
347.33	3586	
347.54	5438	
347.74	5801.9	
347.95	3563.5	
348.16	2702.6	
348.36	4813.4	
348.57	4655	
348.78	3576.4	
348.98	3779.2	
349.19	4961.5	
349.39	4501.4	
349.6	2911.5	
349.81	3198.9	
350.01	5244.2	
350.22	4726.7	
350.43	3481.5	
350.63	4071.4	
350.84	5021.6	
351.05	4801.8	
351.25	3186.6	
351.46	2940.2	
351.67	5436	
351.87	4686.4	
352.08	3362.8	
352.29	3840.6	
352.49	5388.2	
352.7	5104.9	
352.9	3071.3	
353.11	3803.1	
353.32	5936.4	
353.52	4829.1	
353.73	3069.2	
353.94	3796.9	
354.14	5218.9	
354.35	5081	
354.55	3182.5	
354.76	3475.4	
354.97	5169.1	
355.17	4995	
355.38	3034.4	
355.59	4053.6	
355.79	4719.9	
356	5056.4	
356.2	3415.3	
356.41	3087	
356.62	4526.7	
356.82	4936.3	
357.03	3680.9	
357.24	3339.6	
357.44	4691.2	
357.65	4796.3	
357.85	4375.1	
358.06	3521.8	
358.27	4533.5	
358.47	4657.8	
358.68	3000.3	
358.88	3632.4	
359.09	5183.4	
359.3	5488.6	
359.5	4247.5	
359.71	3821.5	
359.91	5831.2	
360.12	5323.4	
360.33	3648.8	
360.53	4115.7	
360.74	4717.2	
360.94	4812	
361.15	3863.8	
361.36	3215.3	
361.56	5437.4	
361.77	4991.6	
361.97	4261.8	
362.18	3418.7	
362.38	5411.4	
362.59	4627.7	
362.8	3168.2	
363	3033.7	
363.21	4456.4	
363.41	5020.3	
363.62	3616	
363.83	4392.9	
364.03	5132.9	
364.24	5887.9	
364.44	4538.3	
364.65	4480.3	
364.85	4969.1	
365.06	4635.2	
365.27	3334.1	
365.47	3387.3	
365.68	5798.5	
365.88	4887.1	
366.09	3695.2	
366.29	3379.8	
366.5	5086.5	
366.71	5455.8	
366.91	4435.9	
367.12	3866.6	
367.32	6008.7	
367.53	5350	
367.73	3759.4	
367.94	4600.4	
368.14	5307	
368.35	5974.6	
368.56	3762.1	
368.76	3374.4	
368.97	5435.3	
369.17	6723.5	
369.38	3330.7	
369.58	3567.6	
369.79	4623.6	
369.99	5724.1	
370.2	4389.5	
370.4	3716.4	
370.61	5107	
370.82	6182.8	
371.02	3581.9	
371.23	3046.7	
371.43	4570.4	
371.64	5610.8	
371.84	3591.5	
372.05	4510.3	
372.25	6624.5	
372.46	5354.8	
372.66	3552.5	
372.87	3558.7	
373.07	5393.7	
373.28	6774.7	
373.48	4344.4	
373.69	4130.8	
373.9	5047.6	
374.1	5036.6	
374.31	4359.4	
374.51	3888.4	
374.72	5683.8	
374.92	4771.8	
375.13	4475.5	
375.33	3764.8	
375.54	5360.2	
375.74	4937	
375.95	3933.5	
376.15	4881	
376.36	5383.4	
376.56	5243.5	
376.77	3933.5	
376.97	4261.8	
377.18	6240.2	
377.38	5421	
377.59	4547.2	
377.79	3583.9	
378	5238	
378.2	5519.3	
378.41	3618.8	
378.61	3556.6	
378.82	5657.2	
379.02	4967.7	
379.23	3697.3	
379.43	4583.4	
379.64	5819.6	
379.84	5417.6	
380.05	3607.8	
380.25	3536.8	
380.46	5509.7	
380.66	5148.6	
380.87	4689.2	
381.07	4898.1	
381.28	6022.4	
381.48	5477.6	
381.69	3609.2	
381.89	3658.4	
382.1	4701.5	
382.3	5586.9	
382.51	4508.3	
382.71	5271.5	
382.91	5442.1	
383.12	5888.6	
383.32	3864.5	
383.53	4060.4	
383.73	5337.7	
383.94	5227.1	
384.14	4057.7	
384.35	3300.6	
384.55	5097.4	
384.76	5449.6	
384.96	3837.9	
385.17	4095.3	
385.37	5454.4	
385.58	4868.7	
385.78	4177.9	
385.98	3273.3	
386.19	5070.1	
386.39	5414.8	
386.6	3649.5	
386.8	3831.1	
387.01	5433.9	
387.21	5494.7	
387.42	4182.6	
387.62	4664.6	
387.83	4978.6	
388.03	5375.9	
388.23	3967.6	
388.44	4543.8	
388.64	4746.5	
388.85	4820.2	
389.05	4186	
389.26	4687.8	
389.46	6315.9	
389.67	5823.1	
389.87	4217.5	
390.07	4199.7	
390.28	5130.2	
390.48	4824.3	
390.69	3551.9	
390.89	3831.1	
391.1	5010	
391.3	5788.9	
391.5	4820.2	
391.71	5244.8	
391.91	5588.9	
392.12	6358.9	
392.32	4878.3	
392.53	4287.1	
392.73	5079.6	
392.93	5184.1	
393.14	3913	
393.34	4573.1	
393.55	5535.7	
393.75	5211.4	
393.95	3936.2	
394.16	3885	
394.36	5045.5	
394.57	5566.4	
394.77	3497.9	
394.98	3788.1	
395.18	4941.1	
395.38	5027.8	
395.59	4534.2	
395.79	3720.5	
396	5027.1	
396.2	5463.3	
396.4	4343.7	
396.61	4356	
396.81	5625.1	
397.02	4999.1	
397.22	4621.6	
397.42	4614.1	
397.63	5659.9	
397.83	4976.6	
398.04	3700	
398.24	4063.2	
398.44	5416.9	
398.65	4653	
398.85	3595.6	
399.05	3620.1	
399.26	4969.1	
399.46	6327.5	
399.67	3958	
399.87	3755.3	
400.07	5224.4	
400.28	5521.3	
400.48	3786	
400.69	4595.6	
400.89	6085.2	
401.09	6112.5	
401.3	3700	
401.5	4612.7	
401.7	6249	
401.91	6505.7	
402.11	4062.5	
402.32	4111.6	
402.52	5764.3	
402.72	5653.8	
402.93	4364.9	
403.13	3446.7	
403.33	6391.7	
403.54	5347.9	
403.74	4104.8	
403.94	4784.1	
404.15	5407.3	
404.35	6250.4	
404.56	3955.3	
404.76	5430.5	
404.96	5707.7	
405.17	5459.2	
405.37	5088.5	
405.57	4283	
405.78	5657.9	
405.98	5284.4	
406.18	3915.7	
406.39	4629.1	
406.59	5694	
406.79	5302.2	
407	3726.6	
407.2	3820.8	
407.4	5775.3	
407.61	5893.4	
407.81	3834.5	
408.01	5528.8	
408.22	4855.7	
408.42	6400.6	
408.62	4662.5	
408.83	4220.2	
409.03	5427.1	
409.23	5275.6	
409.44	4286.4	
409.64	4571.7	
409.84	6105	
410.05	6026.5	
410.25	4399.7	
410.45	4292.5	
410.66	5616.9	
410.86	7626.6	
411.06	4650.9	
411.27	4495.3	
411.47	7458	
411.67	5750	
411.88	4681	
412.08	4790.9	
412.28	6256.5	
412.49	6656.6	
412.69	4452.3	
412.89	4523.3	
413.09	6492.7	
413.3	6389	
413.5	4601.8	
413.7	4270	
413.91	5830.6	
414.11	6533	
414.31	4468.7	
414.52	4777.2	
414.72	6274.3	
414.92	6180.1	
415.12	4430.4	
415.33	4860.5	
415.53	6431.3	
415.73	6638.1	
415.94	5125.4	
416.14	4638	
416.34	5717.9	
416.55	5455.1	
416.75	5668.8	
416.95	5171.8	
417.15	6474.3	
417.36	7061.4	
417.56	5853.1	
417.76	5042.1	
417.97	6806.8	
418.17	6452.5	
418.37	4700.1	
418.57	4688.5	
418.78	6353.5	
418.98	6119.3	
419.18	5440.1	
419.38	5378.6	
419.59	5991	
419.79	5739.1	
419.99	4625.7	
420.2	4909	
420.4	6474.3	
420.6	6576	
420.8	4478.2	
421.01	4419.5	
421.21	6331	
421.41	6480.5	
421.61	4828.4	
421.82	4625	
422.02	5892	
422.22	6640.2	
422.42	5237.3	
422.63	4945.8	
422.83	6049	
423.03	7071.6	
423.23	4978.6	
423.44	4159.4	
423.64	6056.5	
423.84	5840.1	
424.04	4621.6	
424.25	4248.9	
424.45	6813.6	
424.65	6734.4	
424.85	4135.5	
425.06	4548.5	
425.26	6922.8	
425.46	5933	
425.66	4946.5	
425.87	4708.3	
426.07	6602.7	
426.27	6415.6	
426.47	4776.5	
426.67	4285.7	
426.88	6898.2	
427.08	6391.7	
427.28	5014.8	
427.48	4265.9	
427.69	5525.4	
427.89	6058.6	
428.09	4961.5	
428.29	4179.2	
428.5	6562.4	
428.7	6215.6	
428.9	4173.1	
429.1	4564.2	
429.3	6150.1	
429.51	6425.8	
429.71	4467.3	
429.91	5053	
430.11	6447.7	
430.31	6856.6	
430.52	4663.9	
430.72	4921.3	
430.92	6834.8	
431.12	6344.6	
431.32	4372.4	
431.53	4762.2	
431.73	5496.1	
431.93	6835.4	
432.13	4299.4	
432.33	4212.7	
432.54	5900.2	
432.74	6165.8	
432.94	4117.1	
433.14	4965.6	
433.34	6400.6	
433.55	5926.8	
433.75	5003.9	
433.95	6374	
434.15	6188.3	
434.35	5996.5	
434.56	4328.7	
434.76	3938.2	
434.96	6119.3	
435.16	6288.6	
435.36	4169	
435.56	5096.7	
435.77	5819.6	
435.97	5985.5	
436.17	5697.4	
436.37	5044.8	
436.57	5792.3	
436.78	5755.5	
436.98	5119.2	
437.18	5511.8	
437.38	6318.7	
437.58	6029.2	
437.78	5676.3	
437.99	4539	
438.19	6375.3	
438.39	6984.3	
438.59	4449.6	
438.79	4081.6	
438.99	6929	
439.2	5928.2	
439.4	4212.7	
439.6	4150.5	
439.8	6136.4	
440	7029.3	
440.2	4987.5	
440.4	5003.2	
440.61	6446.3	
440.81	6893.5	
441.01	4257.7	
441.21	4939.7	
441.41	6755.6	
441.61	6421.1	
441.81	5199.1	
442.02	6020.3	
442.22	7211.6	
442.42	6588.3	
442.62	4340.3	
442.82	4377.2	
443.02	6839.5	
443.22	6040.1	
443.43	4752.7	
443.63	4366.3	
443.83	5921.4	
444.03	5922.7	
444.23	5313.8	
444.43	4975.2	
444.63	6229.2	
444.83	7148.8	
445.04	4429.1	
445.24	5384.1	
445.44	6544.6	
445.64	6576.7	
445.84	5098.1	
446.04	5161.6	
446.24	5941.2	
446.44	6772.6	
446.65	4374.5	
446.85	4764.3	
447.05	6023.1	
447.25	6719.4	
447.45	4805.9	
447.65	4302.1	
447.85	6303.6	
448.05	5907.7	
448.25	5139.7	
448.46	4923.3	
448.66	6263.4	
448.86	5990.3	
449.06	4237.9	
449.26	5128.8	
449.46	6449.1	
449.66	5753.4	
449.86	4745.8	
450.06	4677.6	
450.26	5859.2	
450.47	6370.5	
450.67	4908.3	
450.87	5131.5	
451.07	6433.4	
451.27	6243.6	
451.47	4382	
451.67	4800.4	
451.87	5993.7	
452.07	6898.9	
452.27	4474.8	
452.47	4497.3	
452.67	6221.7	
452.88	6588.3	
453.08	3986.7	
453.28	5592.3	
453.48	7208.2	
453.68	6158.2	
453.88	4345.8	
454.08	4601.1	
454.28	6495.5	
454.48	6120	
454.68	4973.8	
454.88	5489.2	
455.08	6615.6	
455.28	6233.3	
455.48	4273.4	
455.68	4858.5	
455.89	6919.4	
456.09	6625.2	
456.29	4472.1	
456.49	4581.3	
456.69	6721.4	
456.89	6144.6	
457.09	5031.2	
457.29	5276.9	
457.49	6472.9	
457.69	6541.2	
457.89	4811.4	
458.09	4326.7	
458.29	6221.7	
458.49	6849.1	
458.69	5177.9	
458.89	4564.9	
459.09	6955.6	
459.29	7083.9	
459.49	4749.9	
459.69	5388.2	
459.9	6601.3	
460.1	6204.7	
460.3	4687.8	
460.5	4489.8	
460.7	6574	
460.9	6326.2	
461.1	4213.4	
461.3	5261.2	
461.5	7042.3	
461.7	6760.3	
461.9	4547.2	
462.1	4892.6	
462.3	6306.4	
462.5	6762.4	
462.7	4571.1	
462.9	4667.3	
463.1	7688.1	
463.3	7388.4	
463.5	4716.5	
463.7	5470.8	
463.9	6439.5	
464.1	6752.2	
464.3	4846.2	
464.5	5104.9	
464.7	6957.6	
464.9	6691.4	
465.1	6184.2	
465.3	5395	
465.5	7228.6	
465.7	7186.3	
465.9	5500.8	
466.1	5397.1	
466.3	6937.2	
466.5	6961.7	
466.7	6039.5	
466.9	5228.5	
467.1	6904.4	
467.3	7572	
467.5	6002.6	
467.7	5160.9	
467.9	7791.8	
468.1	8537.3	
468.3	5793	
468.5	6052.4	
468.7	6750.1	
468.9	6753.5	
469.1	5426.4	
469.3	5868.1	
469.5	8442.4	
469.7	6377.4	
469.9	5692	
470.1	5098.1	
470.3	6845.7	
470.5	6804.7	
470.7	6197.8	
470.9	5259.9	
471.1	6619	
471.3	7062.1	
471.5	5018.9	
471.69	6593.8	
471.89	6503.7	
472.09	6193.7	
472.29	5655.1	
472.49	5965.1	
472.69	6305	
472.89	7004.1	
473.09	4830.5	
473.29	5082.4	
473.49	6417.7	
473.69	6576.7	
473.89	5810.8	
474.09	5199.1	
474.29	7574.8	
474.49	7347.4	
474.69	5809.4	
474.89	5326.8	
475.09	6518	
475.29	6561.7	
475.49	4814.1	
475.69	4979.3	
475.88	7914.7	
476.08	6905.8	
476.28	4784.7	
476.48	5140.4	
476.68	7268.9	
476.88	7094.8	
477.08	5029.1	
477.28	5253.7	
477.48	6732.4	
477.68	7212.9	
477.88	4855.1	
478.08	5125.4	
478.28	7346.1	
478.48	6741.2	
478.67	5074.9	
478.87	4720.6	
479.07	7206.8	
479.27	6816.3	
479.47	5271.5	
479.67	5293.3	
479.87	7124.2	
480.07	7508.5	
480.27	4678.9	
480.47	6093.4	
480.67	6832	
480.87	7335.1	
481.06	4937.7	
481.26	5636.7	
481.46	6838.2	
481.66	6728.3	
481.86	5283.1	
482.06	6116.6	
482.26	6505.7	
482.46	7193.1	
482.66	5251	
482.86	4889.9	
483.05	6901.7	
483.25	6318.7	
483.45	7298.3	
483.65	5277.6	
483.85	6367.8	
484.05	6653.9	
484.25	5616.9	
484.45	5967.1	
484.65	7314.7	
484.84	7411.6	
485.04	5129.5	
485.24	5125.4	
485.44	7651.9	
485.64	6281.1	
485.84	4573.8	
486.04	5702.9	
486.24	6546	
486.44	6817	
486.63	4504.2	
486.83	5255.8	
487.03	6477.7	
487.23	6642.2	
487.43	4607.9	
487.63	6518.7	
487.83	6567.8	
488.02	7424.6	
488.22	5380	
488.42	5919.3	
488.62	7308.5	
488.82	6445	
489.02	5098.8	
489.22	5073.5	
489.41	7215	
489.61	6863.4	
489.81	4824.3	
490.01	4916.5	
490.21	7147.4	
490.41	7744.1	
490.61	4882.4	
490.8	4966.3	
491	6714.6	
491.2	6249.7	
491.4	5424.4	
491.6	4797.7	
491.8	6767.9	
491.99	6774.7	
492.19	4630.5	
492.39	4866	
492.59	7191.8	
492.79	7202.7	
492.99	5539.1	
493.18	4843.4	
493.38	7279.8	
493.58	7827.3	
493.78	5432.6	
493.98	5026.4	
494.18	6903	
494.37	6394.4	
494.57	5540.4	
494.77	5401.2	
494.97	7070.3	
495.17	7239.6	
495.37	5011.4	
495.56	5328.8	
495.76	7428.7	
495.96	7126.9	
496.16	6112.5	
496.36	5167	
496.55	7229.3	
496.75	6747.4	
496.95	5522.7	
497.15	5339.1	
497.35	7251.9	
497.54	7195.9	
497.74	5226.4	
497.94	6464.1	
498.14	7758.4	
498.34	7595.2	
498.53	4938.3	
498.73	5593	
498.93	6602	
499.13	7193.1	
499.33	5402.5	
499.52	5853.1	
499.72	7143.3	
499.92	7365.2	
500.12	5076.9	
500.32	5296.7	
500.51	7363.8	
500.71	7148.8	
500.91	5939.8	
501.11	5664	
501.31	7260	
501.5	7656	
501.7	6203.3	
501.9	5422.3	
502.1	7185.6	
502.29	7390.4	
502.49	5726.1	
502.69	6210.1	
502.89	7336.5	
503.09	7280.5	
503.28	5030.5	
503.48	4974.5	
503.68	6726.2	
503.88	6660.7	
504.07	5849	
504.27	5458.5	
504.47	6971.3	
504.67	7148.1	
504.86	5771.9	
505.06	5566.4	
505.26	6805.4	
505.46	8164.6	
505.65	5421	
505.85	5745.9	
506.05	6733.7	
506.25	7124.2	
506.44	4931.5	
506.64	5659.2	
506.84	6663.4	
507.04	7480.5	
507.23	5129.5	
507.43	5603.9	
507.63	8247.2	
507.83	6827.2	
508.02	5566.4	
508.22	5215.5	
508.42	8501.8	
508.62	6556.9	
508.81	5448.3	
509.01	5850.4	
509.21	6502.3	
509.4	6794.5	
509.6	5616.2	
509.8	5107.6	
510	6711.2	
510.19	7782.3	
510.39	5124	
510.59	5177.3	
510.79	6550.1	
510.98	7660.8	
511.18	5210	
511.38	5313.8	
511.57	7284.6	
511.77	7054.6	
511.97	5813.5	
512.17	5078.3	
512.36	7247.8	
512.56	7234.1	
512.76	5038	
512.95	4801.8	
513.15	7395.9	
513.35	6178.7	
513.55	5780.7	
513.74	5070.8	
513.94	7223.9	
514.14	6701	
514.33	5838.1	
514.53	5577.3	
514.73	6703	
514.92	6922.8	
515.12	5060.5	
515.32	5040.1	
515.51	6926.2	
515.71	7330.4	
515.91	6562.4	
516.11	5117.9	
516.3	8299.1	
516.5	6595.1	
516.7	5507.7	
516.89	6023.1	
517.09	6601.3	
517.29	6646.3	
517.48	5636.7	
517.68	5266.7	
517.88	6414.9	
518.07	7005.4	
518.27	5649	
518.47	4876.9	
518.66	7400	
518.86	6309.8	
519.06	4735.6	
519.25	5134.3	
519.45	6626.5	
519.65	7769.3	
519.84	5660.6	
520.04	6169.8	
520.24	8148.2	
520.43	7068.9	
520.63	5364.3	
520.83	5193.6	
521.02	6499.6	
521.22	6971.3	
521.42	5632.6	
521.61	6044.9	
521.81	6666.1	
522.01	6882.5	
522.2	5493.3	
522.4	5213.4	
522.6	7252.5	
522.79	6189	
522.99	5364.3	
523.18	4726	
523.38	6926.9	
523.58	6933.7	
523.77	6324.1	
523.97	4788.8	
524.17	8429.4	
524.36	7717.4	
524.56	5865.4	
524.76	5541.1	
524.95	6803.4	
525.15	6551.5	
525.34	5311.7	
525.54	5336.3	
525.74	7136.5	
525.93	6346	
526.13	6245.6	
526.33	5268.1	
526.52	7389.8	
526.72	6924.2	
526.91	6309.8	
527.11	5653.8	
527.31	7346.7	
527.5	7632.1	
527.7	5639.4	
527.89	4764.3	
528.09	6527.6	
528.29	6916	
528.48	5808.7	
528.68	5633.3	
528.87	7202.7	
529.07	7361.8	
529.27	5535	
529.46	5180.7	
529.66	6967.2	
529.85	7316	
530.05	5003.9	
530.25	5600.5	
530.44	8084.7	
530.64	6866.8	
530.83	5342.5	
531.03	5564.3	
531.23	7309.2	
531.42	7099.6	
531.62	6132.3	
531.81	5435.3	
532.01	7377.5	
532.21	7683.3	
532.4	5226.4	
532.6	5470.8	
532.79	7921.5	
532.99	7307.8	
533.18	5445.5	
533.38	6354.2	
533.58	6909.8	
533.77	7545.4	
533.97	5413.5	
534.16	6059.3	
534.36	7653.3	
534.55	6879.1	
534.75	6316.6	
534.95	5509.7	
535.14	7594.6	
535.34	6913.3	
535.53	5255.1	
535.73	6809.5	
535.92	8083.3	
536.12	7040.2	
536.31	5335.6	
536.51	6253.8	
536.71	7409.6	
536.9	7012.9	
537.1	5466.7	
537.29	5585.5	
537.49	7639.6	
537.68	6886.6	
537.88	5833.3	
538.07	5211.4	
538.27	7112.6	
538.46	7927	
538.66	5094.7	
538.86	5472.2	
539.05	7088	
539.25	7463.5	
539.44	5709.1	
539.64	5382.7	
539.83	6956.9	
540.03	7803.4	
540.22	5253	
540.42	5371.1	
540.61	7218.4	
540.81	7263.5	
541	5845.6	
541.2	6309.8	
541.39	6795.8	
541.59	7113.3	
541.78	6012.2	
541.98	5271.5	
542.18	6604.7	
542.37	6559	
542.57	5663.3	
542.76	6030.6	
542.96	6688	
543.15	7218.4	
543.35	5713.8	
543.54	5029.8	
543.74	7440.3	
543.93	7085.3	
544.13	5695.4	
544.32	6570.6	
544.52	7348.8	
544.71	6706.4	
544.91	4943.1	
545.1	5931.6	
545.3	6781.5	
545.49	7261.4	
545.69	4902.2	
545.88	5403.2	
546.08	8071	
546.27	7701.7	
546.47	5848.3	
546.66	5163.6	
546.86	7479.9	
547.05	7943.4	
547.24	5362.9	
547.44	5294	
547.63	6648.4	
547.83	7558.4	
548.02	5545.2	
548.22	5711.1	
548.41	6497.5	
548.61	7509.9	
548.8	5175.9	
549	5233.2	
549.19	7003.4	
549.39	7351.5	
549.58	4984.8	
549.78	5438	
549.97	7262.1	
550.17	6885.3	
550.36	6210.1	
550.55	7004.1	
550.75	6965.1	
550.94	7702.4	
551.14	5238	
551.33	5569.8	
551.53	6369.9	
551.72	7187	
551.92	5528.8	
552.11	5390.3	
552.31	7302.4	
552.5	7273.7	
552.69	6645	
552.89	5068	
553.08	7228.6	
553.28	6870.3	
553.47	5315.2	
553.67	6266.8	
553.86	7776.8	
554.06	6362.4	
554.25	4759.5	
554.44	5199.8	
554.64	8447.9	
554.83	7860.1	
555.03	5115.1	
555.22	5443.5	
555.42	7423.9	
555.61	7152.2	
555.8	5332.9	
556	5492	
556.19	6492.1	
556.39	7523.6	
556.58	5365.7	
556.78	5366.4	
556.97	7109.9	
557.16	6819.7	
557.36	6322.8	
557.55	5035.3	
557.75	6230.6	
557.94	7698.3	
558.13	5144.5	
558.33	4959.5	
558.52	7498.3	
558.72	6548.7	
558.91	5102.9	
559.1	5242.8	
559.3	6340.5	
559.49	6173.9	
559.69	4766.3	
559.88	5616.2	
560.07	7086.7	
560.27	7438.2	
560.46	5674.2	
560.66	5795.8	
560.85	6926.9	
561.04	6216.3	
561.24	4971.8	
561.43	5199.8	
561.63	6410.1	
561.82	6728.9	
562.01	6167.8	
562.21	5494	
562.4	7000	
562.59	7733.8	
562.79	5276.9	
562.98	5029.1	
563.18	6982.2	
563.37	8113.4	
563.56	5700.9	
563.76	4963.6	
563.95	6449.1	
564.14	6441.5	
564.34	5285.1	
564.53	5038	
564.73	6923.5	
564.92	7175.4	
565.11	5388.9	
565.31	4893.3	
565.5	7389.8	
565.69	6459.3	
565.89	5113.8	
566.08	5268.7	
566.27	7231.4	
566.47	7593.9	
566.66	5785.5	
566.85	4720.6	
567.05	6939.2	
567.24	6492.7	
567.44	4963.6	
567.63	6107	
567.82	7094.2	
568.02	6870.3	
568.21	4971.1	
568.4	5294	
568.6	6746	
568.79	6733	
568.98	4914.4	
569.18	4956.8	
569.37	6762.4	
569.56	8404.2	
569.76	5278.3	
569.95	6001.2	
570.14	7079.1	
570.34	6961.7	
570.53	4864.6	
570.72	4861.2	
570.91	7450.5	
571.11	6707.8	
571.3	5287.2	
571.49	6038.1	
571.69	6792.4	
571.88	6410.8	
572.07	5627.8	
572.27	5758.2	
572.46	6378.1	
572.65	7257.3	
572.85	5017.5	
573.04	5315.8	
573.23	7417.7	
573.43	6764.4	
573.62	4859.8	
573.81	5382.7	
574	6813.6	
574.2	6623.8	
574.39	5146.5	
574.58	5247.6	
574.78	7447.1	
574.97	6819.7	
575.16	5504.9	
575.36	5663.3	
575.55	7190.4	
575.74	7229.3	
575.93	4749.2	
576.13	5621.7	
576.32	6679.8	
576.51	7134.4	
576.71	5078.3	
576.9	6225.8	
577.09	7421.8	
577.28	7009.5	
577.48	5408	
577.67	4734.2	
577.86	6702.3	
578.05	7021.1	
578.25	5245.5	
578.44	5304.9	
578.63	6836.1	
578.83	7777.5	
579.02	4799.1	
579.21	5950	
579.4	6982.2	
579.6	6642.9	
579.79	5304.2	
579.98	7084.6	
580.17	7204.1	
580.37	7365.2	
580.56	4932.9	
580.75	5588.2	
580.94	7584.3	
581.14	7585	
581.33	5871.5	
581.52	5020.9	
581.71	7097.6	
581.91	7696.9	
582.1	4790.2	
582.29	5223	
582.48	6791.7	
582.68	6698.2	
582.87	5636	
583.06	5375.9	
583.25	7151.5	
583.45	6505.7	
583.64	5900.2	
583.83	6358.3	
584.02	6717.3	
584.21	7046.4	
584.41	5893.4	
584.6	5255.8	
584.79	6824.5	
584.98	7404.8	
585.18	4855.7	
585.37	4899.4	
585.56	6454.5	
585.75	6997.9	
585.94	5035.3	
586.14	5599.8	
586.33	7586.4	
586.52	6776	
586.71	5474.9	
586.91	5261.2	
587.1	6299.6	
587.29	7247.8	
587.48	5198.4	
587.67	5069.4	
587.87	7028.6	
588.06	7081.9	
588.25	6200.6	
588.44	5664.7	
588.63	6855.9	
588.83	7262.1	
589.02	5216.9	
589.21	5066.7	
589.4	6626.5	
589.59	6485.9	
589.78	4588.8	
589.98	4801.8	
590.17	6257.2	
590.36	6726.9	
590.55	4371.7	
590.74	5051	
590.94	7840.3	
591.13	6716.7	
591.32	4915.1	
591.51	4485.1	
591.7	7003.4	
591.89	6625.2	
592.09	4526	
592.28	4977.9	
592.47	5872.9	
592.66	7609.6	
592.85	4541.7	
593.05	4749.2	
593.24	6445	
593.43	7065.5	
593.62	4780.6	
593.81	5242.8	
594	6526.2	
594.19	6711.9	
594.39	4744.5	
594.58	4661.9	
594.77	6863.4	
594.96	7261.4	
595.15	4686.4	
595.34	5172.5	
595.54	6787.7	
595.73	6110.5	
595.92	4147.8	
596.11	5097.4	
596.3	7152.9	
596.49	6130.3	
596.68	4891.9	
596.88	5284.4	
597.07	6973.3	
597.26	5983.5	
597.45	4543.1	
597.64	5466	
597.83	6179.4	
598.02	6771.3	
598.22	4619.5	
598.41	5152.7	
598.6	6613.6	
598.79	6086.6	
598.98	4614.8	
599.17	5388.2	
599.36	6617.7	
599.55	7499	
599.74	6314.6	
599.94	6036	
600.13	7072.3	
600.32	6087.9	
600.51	4431.1	
600.7	4544.4	
600.89	7610.3	
601.08	7589.8	
601.27	4389.5	
601.47	5178.6	
601.66	6972	
601.85	7456	
602.04	4945.2	
602.23	5114.5	
602.42	6193.1	
602.61	6765.8	
602.8	4872.8	
602.99	4752.7	
603.18	6550.1	
603.37	6635.4	
603.57	5221	
603.76	5688.6	
603.95	7276.4	
604.14	6920.8	
604.33	4784.7	
604.52	5049.6	
604.71	6633.4	
604.9	6363	
605.09	5561.6	
605.28	5317.9	
605.47	7135.8	
605.66	6860	
605.86	5180.7	
606.05	4702.8	
606.24	7251.9	
606.43	6013.5	
606.62	5042.1	
606.81	5691.3	
607	7120.8	
607.19	6425.8	
607.38	4553.3	
607.57	4741	
607.76	6272.2	
607.95	5862.7	
608.14	5107.6	
608.33	5584.8	
608.52	6260.6	
608.72	7003.4	
608.91	4480.3	
609.1	4476.9	
609.29	6317.3	
609.48	5990.3	
609.67	5220.3	
609.86	4478.9	
610.05	6096.1	
610.24	6329.6	
610.43	4441.4	
610.62	4075.5	
610.81	7288	
611	7065.5	
611.19	4519.2	
611.38	5126.1	
611.57	6615.6	
611.76	7639.6	
611.95	4306.2	
612.14	4262.5	
612.33	6360.3	
612.52	6079.7	
612.71	4768.4	
612.9	4166.9	
613.09	5699.5	
613.28	7636.9	
613.47	4739.7	
613.66	5375.9	
613.85	6580.8	
614.04	6123.4	
614.24	4669.4	
614.43	4046.1	
614.62	6602.7	
614.81	6612.9	
615	5044.1	
615.19	5063.3	
615.38	6027.9	
615.57	6315.9	
615.76	4918.5	
615.95	5706.3	
616.14	6677.1	
616.33	6380.1	
616.52	5214.8	
616.71	5412.1	
616.9	6602	
617.09	6409.5	
617.28	4722.6	
617.47	5649.7	
617.66	5894.7	
617.85	5934.3	
618.04	5439.4	
618.22	4956.8	
618.41	6199.9	
618.6	6898.2	
618.79	4885.1	
618.98	4590.9	
619.17	7047.1	
619.36	5673.6	
619.55	4750.6	
619.74	4774.5	
619.93	6449.1	
620.12	6049.7	
620.31	5211.4	
620.5	5298.1	
620.69	7002.7	
620.88	7299.6	
621.07	5946.6	
621.26	5077.6	
621.45	6602	
621.64	6609.5	
621.83	5212.8	
622.02	4500.1	
622.21	6753.5	
622.4	6516	
622.59	5592.3	
622.78	5444.2	
622.97	6143.9	
623.16	6854.6	
623.35	5107	
623.54	4461.2	
623.72	6258.6	
623.91	6354.2	
624.1	5329.5	
624.29	4280.3	
624.48	7280.5	
624.67	6606.1	
624.86	5218.2	
625.05	4488.5	
625.24	7250.5	
625.43	6109.1	
625.62	6627.2	
625.81	4666.6	
626	6855.2	
626.19	6336.4	
626.38	5208.7	
626.56	4747.9	
626.75	6221	
626.94	6725.5	
627.13	5287.2	
627.32	4255	
627.51	6692.1	
627.7	7679.2	
627.89	4192.2	
628.08	5276.3	
628.27	6005.3	
628.46	6266.1	
628.65	4659.1	
628.83	4261.8	
629.02	6709.1	
629.21	6109.1	
629.4	4929.5	
629.59	5083.7	
629.78	5968.5	
629.97	6835.4	
630.16	5087.2	
630.35	4711	
630.54	7206.8	
630.72	7002	
630.91	4716.5	
631.1	5137	
631.29	6498.2	
631.48	6519.4	
631.67	5208.7	
631.86	4797.7	
632.05	6212.2	
632.24	6269.5	
632.42	4577.9	
632.61	4993.6	
632.8	6287.3	
632.99	6003.3	
633.18	4969.1	
633.37	5264.6	
633.56	6481.1	
633.75	6315.3	
633.93	5008	
634.12	4771.1	
634.31	7210.9	
634.5	6773.3	
634.69	4761.5	
634.88	5165.7	
635.07	6278.4	
635.25	6759.7	
635.44	5466	
635.63	5663.3	
635.82	6182.8	
636.01	5743.2	
636.2	5406	
636.39	5020.3	
636.57	7201.3	
636.76	6886	
636.95	4588.1	
637.14	5725.4	
637.33	6602.7	
637.52	7264.1	
637.7	4418.2	
637.89	5257.1	
638.08	6219.7	
638.27	7415.7	
638.46	5270.8	
638.65	5651	
638.83	7435.5	
639.02	6123.4	
639.21	5270.1	
639.4	5662	
639.59	6554.9	
639.78	6167.8	
639.96	4671.4	
640.15	4726.7	
640.34	6419.7	
640.53	6543.9	
640.72	4453	
640.91	4749.2	
641.09	5967.8	
641.28	7075	
641.47	4754	
641.66	5372.5	
641.85	6535.8	
642.03	6723.5	
642.22	5237.3	
642.41	4865.3	
642.6	6094.1	
642.79	5591	
642.97	4638	
643.16	5128.1	
643.35	5996.5	
643.54	5957.5	
643.73	4558.8	
643.91	5263.3	
644.1	5801.2	
644.29	6324.8	
644.48	4602.5	
644.67	4712.4	
644.85	5948	
645.04	6296.1	
645.23	4356.7	
645.42	4591.5	
645.6	5930.9	
645.79	6845	
645.98	4608.6	
646.17	3889.8	
646.36	5737	
646.54	6191.7	
646.73	5249.6	
646.92	4369	
647.11	5868.1	
647.29	6706.4	
647.48	4340.3	
647.67	4225	
647.86	6974.7	
648.05	6878.4	
648.23	4688.5	
648.42	5643.5	
648.61	6437.4	
648.8	6229.2	
648.98	4325.3	
649.17	4608.6	
649.36	5907	
649.55	5539.1	
649.73	4424.3	
649.92	5036	
650.11	5776	
650.3	6075	
650.48	4534.9	
650.67	4209.9	
650.86	6268.8	
651.05	5415.5	
651.23	4418.8	
651.42	4452.3	
651.61	5810.1	
651.79	5904.3	
651.98	4638.6	
652.17	4318.5	
652.36	6283.2	
652.54	5547.9	
652.73	4379.9	
652.92	4298.7	
653.11	6352.1	
653.29	6376	
653.48	3870.7	
653.67	4659.1	
653.85	6083.8	
654.04	6947.4	
654.23	4771.8	
654.42	4432.5	
654.6	5745.9	
654.79	6307.7	
654.98	4060.4	
655.16	4550.6	
655.35	5471.5	
655.54	5373.9	
655.73	4133.5	
655.91	4071.4	
656.1	6355.5	
656.29	5343.8	
656.47	3797.6	
656.66	5144.5	
656.85	5578	
657.03	5634.6	
657.22	4185.4	
657.41	4274.1	
657.59	5677	
657.78	5445.5	
657.97	3898.6	
658.16	4597	
658.34	6259.3	
658.53	6528.2	
658.72	5221.6	
658.9	5627.1	
659.09	5845.6	
659.28	5784.1	
659.46	4333.5	
659.65	4227.7	
659.84	5599.1	
660.02	6016.9	
660.21	4171.7	
660.4	4085.7	
660.58	6338.5	
660.77	5855.1	
660.96	4584	
661.14	3895.2	
661.33	6791.7	
661.52	6716	
661.7	3778.5	
661.89	6745.3	
662.08	5574.6	
662.26	5161.6	
662.45	4119.8	
662.64	4206.5	
662.82	6157.6	
663.01	5477.6	
663.2	4163.5	
663.38	4788.8	
663.57	6017.6	
663.75	5965.1	
663.94	4354	
664.13	5519.3	
664.31	5603.2	
664.5	6080.4	
664.69	4735.6	
664.87	5077.6	
665.06	5386.2	
665.25	5938.4	
665.43	5276.9	
665.62	5238.7	
665.8	6155.5	
665.99	5645.6	
666.18	4405.9	
666.36	4496.7	
666.55	6188.3	
666.74	6090.7	
666.92	4162.2	
667.11	5494	
667.29	5680.4	
667.48	6122.7	
667.67	5119.2	
667.85	4333.5	
668.04	5636.7	
668.22	5676.3	
668.41	4530.8	
668.6	4603.8	
668.78	5456.5	
668.97	5644.2	
669.15	4800.4	
669.34	3933.5	
669.53	5473.5	
669.71	5787.6	
669.9	4085.7	
670.08	4585.4	
670.27	5539.1	
670.46	6068.8	
670.64	4785.4	
670.83	4990.9	
671.01	5347.9	
671.2	5965.7	
671.38	4156.7	
671.57	4028.4	
671.76	6415.6	
671.94	6842.9	
672.13	4006.5	
672.31	4856.4	
672.5	6105	
672.69	5490.6	
672.87	4201.7	
673.06	4371.7	
673.24	5967.8	
673.43	5558.9	
673.61	4737	
673.8	4341	
673.98	6025.1	
674.17	6195.1	
674.36	4954.7	
674.54	4749.9	
674.73	5944.6	
674.91	6173.3	
675.1	4504.8	
675.28	4178.5	
675.47	5769.8	
675.65	6138.4	
675.84	4384	
676.03	4699.4	
676.21	5555.5	
676.4	5107	
676.58	5005.9	
676.77	4821.6	
676.95	6779.5	
677.14	5492	
677.32	4121.9	
677.51	4027	
677.69	6264.1	
677.88	5289.2	
678.06	4042.7	
678.25	4131.4	
678.44	5668.1	
678.62	5495.4	
678.81	3875.4	
678.99	4612	
679.18	6378.1	
679.36	5963.7	
679.55	4285	
679.73	4801.1	
679.92	5952.8	
680.1	5575.3	
680.29	5287.9	
680.47	4291.9	
680.66	5485.1	
680.84	6204.7	
681.03	3818.8	
681.21	4830.5	
681.4	5510.4	
681.58	5457.2	
681.77	4217.5	
681.95	4087.7	
682.14	6240.2	
682.32	6454.5	
682.51	4930.1	
682.69	3931.4	
682.88	5423.7	
683.06	5930.9	
683.25	4672.1	
683.43	4984.1	
683.62	5760.3	
683.8	6038.1	
683.99	5106.3	
684.17	4540.3	
684.36	6766.5	
684.54	5685.8	
684.73	3941.7	
684.91	4090.5	
685.1	5933	
685.28	5464	
685.46	4614.8	
685.65	4648.9	
685.83	6149.4	
686.02	5701.5	
686.2	4242	
686.39	4247.5	
686.57	5518.6	
686.76	6651.1	
686.94	4136.2	
687.13	4358.1	
687.31	6007.4	
687.5	5609.4	
687.68	3859.7	
687.86	4866	
688.05	7064.8	
688.23	5185.5	
688.42	4840	
688.6	4197.7	
688.79	5507	
688.97	5594.4	
689.16	4477.5	
689.34	3646.7	
689.52	6115.2	
689.71	6284.5	
689.89	4715.1	
690.08	4165.6	
690.26	5762.3	
690.45	5522	
690.63	4885.1	
690.81	4288.4	
691	5580.7	
691.18	5403.2	
691.37	4406.5	
691.55	6210.1	
691.74	5440.1	
691.92	7089.4	
692.1	4428.4	
692.29	3941.7	
692.47	5615.5	
692.66	5098.1	
692.84	4102.1	
693.02	4566.3	
693.21	5096	
693.39	5586.9	
693.58	4631.8	
693.76	4111	
693.94	6523.5	
694.13	6311.2	
694.31	4071.4	
694.5	4999.8	
694.68	5358.9	
694.86	5729.5	
695.05	4429.8	
695.23	4450.2	
695.42	5920.7	
695.6	7748.8	
695.78	4838.7	
695.97	4186.7	
696.15	5960.3	
696.34	5431.9	
696.52	3953.9	
696.7	4633.2	
696.89	5814.2	
697.07	5312.4	
697.25	4573.8	
697.44	5811.5	
697.62	5776.6	
697.81	6016.9	
697.99	4344.4	
698.17	4676.9	
698.36	5258.5	
698.54	5799.8	
698.72	4607.2	
698.91	3811.3	
699.09	5438.7	
699.28	5239.4	
699.46	4388.8	
699.64	4169.7	
699.83	5350.7	
700.01	6303.6	
700.19	4876.9	
700.38	3596.9	
700.56	6236.7	
700.74	5408	
700.93	3889.8	
701.11	4579.3	
701.29	5847	
701.48	6696.2	
701.66	4053.6	
701.84	4088.4	
702.03	5458.5	
702.21	5976.7	
702.39	3760.8	
702.58	4235.2	
702.76	5825.8	
702.94	5857.9	
703.13	3754.6	
703.31	5719.3	
703.49	5220.3	
703.68	6389	
703.86	3895.9	
704.04	4812	
704.23	5685.8	
704.41	5940.5	
704.59	4005.1	
704.78	4869.4	
704.96	6565.1	
705.14	6005.3	
705.33	3842.7	
705.51	4528.1	
705.69	5477	
705.87	6178.7	
706.06	4715.1	
706.24	3840.6	
706.42	5736.4	
706.61	5952.8	
706.79	4831.8	
706.97	3846.8	
707.16	5326.8	
707.34	5772.5	
707.52	4735.6	
707.7	3990.1	
707.89	5344.5	
708.07	5165.7	
708.25	4752	
708.44	4874.8	
708.62	5345.9	
708.8	6313.9	
708.98	4970.4	
709.17	4095.9	
709.35	5668.8	
709.53	5715.9	
709.72	3885	
709.9	4243.4	
710.08	5960.3	
710.26	5954.8	
710.45	5205.3	
710.63	4156.7	
710.81	5650.3	
710.99	5666	
711.18	4657.1	
711.36	4243.4	
711.54	5521.3	
711.72	6115.9	
711.91	4341	
712.09	3832.4	
712.27	5664	
712.45	6140.5	
712.64	4544.4	
712.82	3723.9	
713	5299.5	
713.18	5441.5	
713.37	3905.5	
713.55	4876.2	
713.73	6145.3	
713.91	5038.7	
714.1	4220.2	
714.28	3788.1	
714.46	5964.4	
714.64	5269.4	
714.83	3474.7	
715.01	4072.7	
715.19	5423	
715.37	4848.9	
715.55	3849.5	
715.74	4128.7	
715.92	6178	
716.1	4547.9	
716.28	5085.8	
716.47	4369	
716.65	5100.1	
716.83	5245.5	
717.01	4153.3	
717.19	4209.3	
717.38	6908.5	
717.56	4970.4	
717.74	4390.8	
717.92	3629.7	
718.1	5877.7	
718.29	5279.7	
718.47	3328.6	
718.65	3829.7	
718.83	5780.7	
719.01	5691.3	
719.2	3251.5	
719.38	4130.8	
719.56	5465.3	
719.74	6751.5	
719.92	3761.4	
720.11	4584.7	
720.29	5573.9	
720.47	4838.7	
720.65	3414	
720.83	4166.3	
721.02	5157.5	
721.2	4999.1	
721.38	4218.1	
721.56	3627	
721.74	4576.5	
721.92	4739.7	
722.11	4628.4	
722.29	4367	
722.47	5741.1	
722.65	5117.9	
722.83	3663.1	
723.01	4374.5	
723.2	5181.4	
723.38	5378	
723.56	3153.2	
723.74	4113	
723.92	4760.2	
724.1	5668.1	
724.29	3590.8	
724.47	4610.7	
724.65	4894	
724.83	4708.3	
725.01	3541.6	
725.19	4179.2	
725.37	4818.2	
725.56	4805.2	
725.74	3437.2	
725.92	3641.3	
726.1	4707.6	
726.28	5006.6	
726.46	3992.2	
726.64	3747.1	
726.83	5085.8	
727.01	5212.8	
727.19	3371.6	
727.37	4022.2	
727.55	5107	
727.73	5539.1	
727.91	3336.1	
728.09	3301.3	
728.28	5563	
728.46	5877	
728.64	4149.9	
728.82	4097.3	
729	6385.6	
729.18	5799.8	
729.36	3422.2	
729.54	5358.2	
729.72	6609.5	
729.91	5100.8	
730.09	5079	
730.27	4016.7	
730.45	5088.5	
730.63	5648.3	
730.81	4390.2	
730.99	3693.9	
731.17	6027.2	
731.35	4905.6	
731.53	4085.7	
731.71	3819.5	
731.9	5821.7	
732.08	5900.9	
732.26	4033.1	
732.44	3689.8	
732.62	5980.8	
732.8	5565	
732.98	4390.8	
733.16	3568.2	
733.34	5550	
733.52	4633.9	
733.7	4044.7	
733.88	4173.8	
734.07	5432.6	
734.25	5285.8	
734.43	3547.8	
734.61	4886.5	
734.79	6502.3	
734.97	5199.8	
735.15	3669.3	
735.33	3893.9	
735.51	5433.9	
735.69	5141.1	
735.87	4833.2	
736.05	4073.4	
736.23	5347.2	
736.41	5153.4	
736.59	3972.4	
736.77	4143	
736.95	5691.3	
737.13	5226.4	
737.32	3708.2	
737.5	3863.2	
737.68	6171.2	
737.86	5187.5	
738.04	3605.8	
738.22	5152	
738.4	5066	
738.58	5256.5	
738.76	4105.5	
738.94	3240.6	
739.12	5158.8	
739.3	4986.1	
739.48	4560.1	
739.66	4339.6	
739.84	5335.6	
740.02	5258.5	
740.2	3354.6	
740.38	3581.2	
740.56	5621	
740.74	4691.2	
740.92	4194.2	
741.1	4080.9	
741.28	5168.4	
741.46	4997.7	
741.64	3797.6	
741.82	4206.5	
742	5279	
742.18	5149.3	
742.36	3932.1	
742.54	3730.7	
742.72	5738.4	
742.9	4681.7	
743.08	4236.6	
743.26	3289.7	
743.44	5844.9	
743.62	5698.8	
743.8	4465.9	
743.98	3625.6	
744.16	5461.2	
744.34	5261.2	
744.52	4291.2	
744.7	4293.9	
744.88	5629.2	
745.06	5221.6	
745.24	4386.1	
745.42	4452.3	
745.6	5702.9	
745.78	5590.3	
745.96	3506.1	
746.14	3689.8	
746.32	6348	
746.5	5683.1	
746.68	4199	
746.86	3727.3	
747.03	6028.5	
747.21	4768.4	
747.39	4231.8	
747.57	3713.6	
747.75	5403.9	
747.93	5725.4	
748.11	3689.1	
748.29	3697.3	
748.47	6731.7	
748.65	5227.1	
748.83	4359.4	
749.01	4144.4	
749.19	5569.1	
749.37	4904.9	
749.55	4036.5	
749.73	4016.1	
749.91	5342.5	
750.09	5144.5	
750.26	4163.5	
750.44	3640.6	
750.62	5341.8	
750.8	5315.2	
750.98	3523.9	
751.16	3799	
751.34	5446.9	
751.52	4835.9	
751.7	4472.1	
751.88	3493.2	
752.06	5745.2	
752.24	5578.7	
752.42	3472	
752.59	3792.8	
752.77	5297.4	
752.95	6309.8	
753.13	4404.5	
753.31	3796.3	
753.49	5036	
753.67	5390.9	
753.85	4092.5	
754.03	3692.5	
754.21	5662	
754.38	6009.4	
754.56	3964.9	
754.74	3175	
754.92	5135.6	
755.1	5647.6	
755.28	3281.5	
755.46	3310.9	
755.64	6364.4	
755.82	6499.6	
755.99	3623.5	
756.17	3690.4	
756.35	4464.6	
756.53	5753.4	
756.71	2757.2	
756.89	3638.6	
757.07	5393.7	
757.25	4649.6	
757.42	4029.7	
757.6	4761.5	
757.78	5401.2	
757.96	4582.7	
758.14	3658.4	
758.32	3358.7	
758.5	4263.2	
758.67	4924.7	
758.85	3568.9	
759.03	3687.7	
759.21	5152	
759.39	4614.1	
759.57	3251.5	
759.75	4162.8	
759.92	5655.8	
760.1	5083.1	
760.28	4426.3	
760.46	4694.6	
760.64	4879.6	
760.82	4651.6	
760.99	4089.8	
761.17	3629.7	
761.35	5461.9	
761.53	4666	
761.71	3713	
761.89	4341	
762.06	5362.3	
762.24	4945.2	
762.42	3807.2	
762.6	3606.5	
762.78	4916.5	
762.96	5401.9	
763.13	4109.6	
763.31	3771.7	
763.49	5603.2	
763.67	4846.9	
763.85	4469.4	
764.02	4932.9	
764.2	5794.4	
764.38	5066	
764.56	3736.9	
764.74	4419.5	
764.91	5872.2	
765.09	4977.2	
765.27	3452.9	
765.45	3257.6	
765.63	5997.1	
765.8	5788.2	
765.98	3127.9	
766.16	3365.5	
766.34	4645.5	
766.52	4521.9	
766.69	4182.6	
766.87	3231.7	
767.05	4946.5	
767.23	5610.8	
767.41	3534.8	
767.58	3711.6	
767.76	5486.5	
767.94	5587.5	
768.12	3569.6	
768.29	4181.3	
768.47	5016.2	
768.65	5749.3	
768.83	3249.4	
769	4274.1	
769.18	4681.7	
769.36	5279	
769.54	4206.5	
769.72	3326.6	
769.89	5578.7	
770.07	5635.3	
770.25	3638.6	
770.43	4673.5	
770.6	6295.5	
770.78	6384.9	
770.96	3768.9	
771.14	4201.7	
771.31	5509	
771.49	4946.5	
771.67	3083.6	
771.85	3278.8	
772.02	4351.3	
772.2	5025.7	
772.38	3908.2	
772.55	3515	
772.73	5242.8	
772.91	5025.7	
773.09	3777.8	
773.26	3861.8	
773.44	5148.6	
773.62	4909.7	
773.8	3388.7	
773.97	3211.9	
774.15	5223	
774.33	4947.2	
774.5	3354.6	
774.68	3662.5	
774.86	5363.6	
775.04	4930.8	
775.21	3392.8	
775.39	3388	
775.57	5216.9	
775.74	5454.4	
775.92	3275.4	
776.1	3178.4	
776.27	5177.3	
776.45	6170.5	
776.63	3387.3	
776.81	3063.8	
776.98	4894	
777.16	5763.7	
777.34	3498.6	
777.51	3717.7	
777.69	4851	
777.87	4681	
778.04	3620.1	
778.22	4064.5	
778.4	4721.3	
778.57	5289.2	
778.75	2977.1	
778.93	3217.4	
779.1	4581.3	
779.28	4426.3	
779.46	3009.8	
779.64	3358	
779.81	5390.3	
779.99	6147.3	
780.17	4095.3	
780.34	4167.6	
780.52	4945.2	
780.69	5115.1	
780.87	3722.5	
781.05	3331.4	
781.22	5069.4	
781.4	5087.8	
781.58	3457	
781.75	2808.4	
781.93	5051.7	
782.11	4469.4	
782.28	4165.6	
782.46	3407.1	
782.64	4418.8	
782.81	5199.8	
782.99	3551.2	
783.17	3564.8	
783.34	5142.4	
783.52	4479.6	
783.69	3635.8	
783.87	4373.1	
784.05	4651.6	
784.22	4550.6	
784.4	4342.4	
784.58	3743.7	
784.75	5369.8	
784.93	4674.1	
785.1	3470.6	
785.28	4002.4	
785.46	5132.9	
785.63	4572.4	
785.81	3442.6	
785.99	3347.7	
786.16	4747.2	
786.34	5014.1	
786.51	3351.2	
786.69	3708.2	
786.87	4341.7	
787.04	4794.3	
787.22	3279.5	
787.39	4100	
787.57	4573.8	
787.75	5511.1	
787.92	4228.4	
788.1	4131.4	
788.27	4629.8	
788.45	4390.8	
788.63	3872	
788.8	2813.9	
788.98	5034.6	
789.15	4278.9	
789.33	2999.6	
789.5	3469.9	
789.68	5349.3	
789.86	5436.7	
790.03	3921.2	
790.21	3405.1	
790.38	5377.3	
790.56	4691.9	
790.73	3284.3	
790.91	3235.1	
791.09	4675.5	
791.26	5203.2	
791.44	3523.2	
791.61	3027.6	
791.79	4599.7	
791.96	4666	
792.14	3142.3	
792.32	2791.4	
792.49	4611.3	
792.67	4689.2	
792.84	3220.8	
793.02	3014.6	
793.19	5027.1	
793.37	5532.9	
793.54	2754.5	
793.72	3100.6	
793.89	5694	
794.07	4530.1	
794.25	3499.3	
794.42	2860.3	
794.6	5462.6	
794.77	5186.1	
794.95	3816.7	
795.12	3361.4	
795.3	4567.7	
795.47	5098.1	
795.65	3642.7	
795.82	3563.5	
796	4497.3	
796.17	6032.6	
796.35	3492.5	
796.52	4086.4	
796.7	5048.2	
796.87	5142.4	
797.05	3415.3	
797.22	4172.4	
797.4	5182.7	
797.57	5935.7	
797.75	3595.6	
797.92	3334.1	
798.1	5360.9	
798.27	4491.9	
798.45	2830.3	
798.62	3111.5	
798.8	4883	
798.97	5309.7	
799.15	3759.4	
799.32	3564.1	
799.5	4295.3	
799.67	4891.9	
799.85	3850.9	
800.02	2859	
800.2	4532.8	
800.37	4914.4	
800.55	3992.9	
800.72	3356.6	
800.9	5245.5	
801.07	5583.4	
801.25	4507.6	
801.42	3674.1	
801.6	5383.4	
801.77	5004.6	
801.95	3437.2	
802.12	3263.1	
802.29	5030.5	
802.47	4961.5	
802.64	3667.9	
802.82	2848.7	
802.99	4586.1	
803.17	5423.7	
803.34	3572.3	
803.52	3201	
803.69	6001.2	
803.87	4415.4	
804.04	3529.3	
804.21	3620.8	
804.39	5538.4	
804.56	4732.2	
804.74	3046	
804.91	3740.3	
805.09	4609.3	
805.26	4683	
805.44	3107.5	
805.61	3405.1	
805.78	5220.3	
805.96	5198.4	
806.13	3677.5	
806.31	3949.8	
806.48	4229.7	
806.66	4625	
806.83	3712.3	
807	3586.7	
807.18	4627	
807.35	4962.2	
807.53	3554.6	
807.7	2891	
807.87	5625.1	
808.05	4697.4	
808.22	3892.5	
808.4	2953.9	
808.57	4594.3	
808.74	4314.4	
808.92	3317	
809.09	4177.2	
809.27	4556.7	
809.44	5040.7	
809.61	3010.5	
809.79	3228.3	
809.96	5666	
810.14	5268.7	
810.31	2865.1	
810.48	3487.7	
810.66	4714.4	
810.83	5296.7	
811.01	3327.9	
811.18	3716.4	
811.35	5261.2	
811.53	4166.9	
811.7	3988.8	
811.87	3715	
812.05	4689.2	
812.22	4610.7	
812.39	3235.1	
812.57	3138.2	
812.74	4688.5	
812.92	6064	
813.09	3568.2	
813.26	3764.2	
813.44	5866.7	
813.61	4573.8	
813.78	2912.9	
813.96	3864.5	
814.13	4675.5	
814.3	4389.5	
814.48	4209.9	
814.65	3454.9	
814.82	5913.2	
815	4425.7	
815.17	3537.5	
815.34	4317.1	
815.52	4599.7	
815.69	4641.4	
815.87	3523.2	
816.04	3521.1	
816.21	4671.4	
816.38	4190.1	
816.56	3502	
816.73	3251.5	
816.9	5807.4	
817.08	5319.3	
817.25	3202.3	
817.42	3994.9	
817.6	4304.1	
817.77	4633.2	
817.94	3686.3	
818.12	3211.9	
818.29	4458.4	
818.46	6634.7	
818.64	3372.3	
818.81	3135.4	
818.98	4353.3	
819.16	6207.4	
819.33	3860.4	
819.5	3531.4	
819.67	4984.1	
819.85	5529.5	
820.02	3523.9	
820.19	3689.1	
820.37	4904.2	
820.54	4558.8	
820.71	3561.4	
820.88	4525.3	
821.06	4811.4	
821.23	4478.9	
821.4	3611.9	
821.58	3614.7	
821.75	5246.2	
821.92	4737	
822.09	2923.1	
822.27	3060.3	
822.44	4693.3	
822.61	4584.7	
822.79	2940.9	
822.96	5564.3	
823.13	5044.1	
823.3	4384	
823.48	3418.1	
823.65	3061	
823.82	5295.4	
823.99	4282.3	
824.17	4259.1	
824.34	3079.5	
824.51	6008.1	
824.68	4686.4	
824.86	3324.5	
825.03	3590.1	
825.2	4674.8	
825.37	5568.4	
825.55	3235.8	
825.72	3496.6	
825.89	6049	
826.06	5601.9	
826.24	3499.3	
826.41	3521.1	
826.58	5629.2	
826.75	4900.8	
826.92	2817.3	
827.1	3105.4	
827.27	7479.2	
827.44	6025.1	
827.61	3270.6	
827.79	4016.7	
827.96	4463.2	
828.13	4740.4	
828.3	3431	
828.47	2914.3	
828.65	4926.7	
828.82	4841.4	
828.99	4467.3	
829.16	3876.8	
829.34	5203.2	
829.51	5066	
829.68	3586	
829.85	3687.7	
830.02	5508.4	
830.2	5284.4	
830.37	2830.3	
830.54	4268	
830.71	5878.4	
830.88	4700.8	
831.05	2824.8	
831.23	3276.1	
831.4	5643.5	
831.57	6269.5	
831.74	3293.8	
831.91	2960	
832.09	4871.4	
832.26	5227.8	
832.43	3445.4	
832.6	3823.6	
832.77	4911.7	
832.94	5541.8	
833.12	2820.1	
833.29	3354.6	
833.46	5070.8	
833.63	6387.6	
833.8	3774.4	
833.97	3437.2	
834.15	5228.5	
834.32	5048.2	
834.49	3538.2	
834.66	3653.6	
834.83	5406.6	
835	4457.7	
835.17	3289	
835.35	3321.1	
835.52	5203.9	
835.69	4982	
835.86	3556.6	
836.03	2854.2	
836.2	5206.6	
836.37	4864.6	
836.55	3386.7	
836.72	3224.9	
836.89	4833.2	
837.06	5311.7	
837.23	3488.4	
837.4	3746.4	
837.57	5854.5	
837.75	6414.9	
837.92	3121.1	
838.09	3318.4	
838.26	4805.2	
838.43	5442.8	
838.6	3558	
838.77	3238.5	
838.94	6157.6	
839.11	5966.4	
839.29	3452.2	
839.46	2759.3	
839.63	5233.9	
839.8	4957.4	
839.97	3350.5	
840.14	3325.9	
840.31	5005.2	
840.48	5213.4	
840.65	2793.4	
840.82	3273.3	
841	5227.1	
841.17	5158.8	
841.34	3048.1	
841.51	3154.6	
841.68	5143.8	
841.85	4913.1	
842.02	3178.4	
842.19	2660.3	
842.36	5023	
842.53	4978.6	
842.7	3022.1	
842.87	3720.5	
843.05	6464.8	
843.22	4913.1	
843.39	2957.3	
843.56	3239.9	
843.73	4778.6	
843.9	5253	
844.07	4905.6	
844.24	4048.8	
844.41	7380.9	
844.58	4550.6	
844.75	2923.8	
844.92	3231.7	
845.09	5193	
845.26	5171.8	
845.43	3078.8	
845.6	3282.2	
845.77	5234.6	
845.94	4949.9	
846.12	3382.6	
846.29	3561.4	
846.46	5396.4	
846.63	5145.2	
846.8	3039.9	
846.97	3596.2	
847.14	5601.2	
847.31	5121.3	
847.48	3405.1	
847.65	3784.6	
847.82	5468.8	
847.99	5384.8	
848.16	4087.1	
848.33	3775.8	
848.5	4794.3	
848.67	5612.1	
848.84	3102.7	
849.01	3216	
849.18	4715.1	
849.35	4414.7	
849.52	3781.9	
849.69	3005.1	
849.86	5374.6	
850.03	5478.3	
850.2	3079.5	
850.37	3707.5	
850.54	5417.6	
850.71	4922.6	
850.88	3650.2	
851.05	3040.6	
851.22	5068	
851.39	5606.7	
851.56	2919.7	
851.73	3470.6	
851.9	4593.6	
852.07	5437.4	
852.24	3363.4	
852.41	3025.5	
852.58	5103.5	
852.75	4726.7	
852.92	3394.2	
853.09	2994.1	
853.26	4803.9	
853.43	5612.1	
853.6	3069.2	
853.77	2658.3	
853.94	5565	
854.11	5109.7	
854.28	4523.3	
854.44	3304.1	
854.61	5948	
854.78	5443.5	
854.95	3016.7	
855.12	3741.6	
855.29	4252.3	
855.46	5684.5	
855.63	3111.5	
855.8	4201.1	
855.97	4805.2	
856.14	5472.2	
856.31	4255.7	
856.48	3303.4	
856.65	4823.6	
856.82	4537.6	
856.99	2945.7	
857.16	3284.3	
857.33	6230.6	
857.49	4908.3	
857.66	3290.4	
857.83	3550.5	
858	4930.1	
858.17	5041.4	
858.34	2929.3	
858.51	3055.6	
858.68	5715.9	
858.85	5778.7	
859.02	3522.5	
859.19	3792.8	
859.36	4621.6	
859.52	4653.7	
859.69	3062.4	
859.86	3576.4	
860.03	4689.2	
860.2	5721.3	
860.37	2829.6	
860.54	3121.1	
860.71	5360.2	
860.88	5707	
861.05	3420.8	
861.21	3874.8	
861.38	5687.2	
861.55	4445.5	
861.72	2834.4	
861.89	3395.5	
862.06	5486.5	
862.23	5814.9	
862.4	3003.7	
862.56	3164.8	
862.73	5302.2	
862.9	5035.3	
863.07	3552.5	
863.24	2824.8	
863.41	4540.3	
863.58	4616.1	
863.75	3121.8	
863.91	3529.3	
864.08	5657.9	
864.25	5315.2	
864.42	3820.8	
864.59	4283	
864.76	5930.9	
864.93	4643.4	
865.09	2992.8	
865.26	3281.5	
865.43	5616.2	
865.6	5841.5	
865.77	2714.2	
865.94	2992.8	
866.1	5626.5	
866.27	5352	
866.44	4536.3	
866.61	2903.3	
866.78	4925.4	
866.95	5291.3	
867.11	2962.7	
867.28	2755.2	
867.45	5480.4	
867.62	4691.9	
867.79	3594.9	
867.96	3100.6	
868.12	4624.3	
868.29	5449	
868.46	2674.6	
868.63	3988.1	
868.8	5493.3	
868.97	5307.7	
869.13	3176.4	
869.3	3150.5	
869.47	5216.2	
869.64	5410.1	
869.81	3046.7	
869.97	3057.6	
870.14	5122.7	
870.31	5652.4	
870.48	2976.4	
870.65	3789.4	
870.81	4939	
870.98	4949.9	
871.15	3429	
871.32	3213.3	
871.48	5224.4	
871.65	5780.7	
871.82	3024.2	
871.99	3354.6	
872.16	6171.9	
872.32	5586.9	
872.49	3119.1	
872.66	3110.9	
872.83	5395	
872.99	4785.4	
873.16	3493.2	
873.33	3051.5	
873.5	5032.5	
873.67	5084.4	
873.83	3221.5	
874	4112.3	
874.17	5154.1	
874.34	6046.3	
874.5	3956.7	
874.67	3757.3	
874.84	5698.8	
875.01	4515.8	
875.17	4274.1	
875.34	3026.9	
875.51	5123.3	
875.68	6130.3	
875.84	3676.8	
876.01	4396.3	
876.18	5376.6	
876.34	5290.6	
876.51	3079.5	
876.68	3028.9	
876.85	4890.5	
877.01	5610.8	
877.18	4339	
877.35	3010.5	
877.52	5082.4	
877.68	4605.9	
877.85	3016	
878.02	2974.3	
878.18	5003.2	
878.35	4786.1	
878.52	2450.1	
878.69	3378.5	
878.85	5388.9	
879.02	5339.1	
879.19	4373.1	
879.35	3312.9	
879.52	5342.5	
879.69	5474.9	
879.86	2620	
880.02	3457	
880.19	5040.1	
880.36	6019	
880.52	3495.9	
880.69	3629	
880.86	5406.6	
881.02	5471.5	
881.19	3347.1	
881.36	3311.6	
881.52	5347.2	
881.69	4703.5	
881.86	3331.4	
882.02	3252.9	
882.19	5593	
882.36	6426.5	
882.52	3099.3	
882.69	4226.3	
882.86	5175.9	
883.02	5091.9	
883.19	3687	
883.36	3452.2	
883.52	5439.4	
883.69	6103.6	
883.86	3118.4	
884.02	2790.7	
884.19	5379.3	
884.36	5057.1	
884.52	3403.7	
884.69	3249.4	
884.86	4805.2	
885.02	5814.2	
885.19	3421.5	
885.36	3487.7	
885.52	4933.6	
885.69	5169.8	
885.86	4342.4	
886.02	3844.7	
886.19	5425.8	
886.35	4904.9	
886.52	3345	
886.69	4194.9	
886.85	4654.4	
887.02	5650.3	
887.19	5650.3	
887.35	5650.3	
887.52	5650.3	
887.68	5650.3	
887.85	5650.3	
888.02	5650.3	
888.18	5650.3	
888.35	5650.3	
888.51	5650.3	
888.68	5650.3	
888.85	5650.3	
889.01	5650.3	
889.18	5650.3	
889.35	5650.3	
889.51	5650.3	
889.68	5650.3	
889.84	5650.3	
890.01	5650.3	
890.17	5650.3	
890.34	5650.3	
890.51	5650.3	
890.67	5650.3	
890.84	5650.3	
891	5650.3	
891.17	5650.3	
891.34	5650.3	
891.5	5650.3	
891.67	5650.3	
891.83	5650.3	
892	5650.3	
892.16	5650.3	
892.33	5650.3	
892.5	5650.3	
892.66	5650.3	
892.83	5650.3	
892.99	5650.3	
893.16	5650.3	
893.32	5650.3	
893.49	5650.3	
893.65	5650.3	
893.82	5650.3	
893.99	5650.3	
894.15	5650.3	
894.32	5650.3	
894.48	5650.3	
894.65	5650.3	
894.81	5650.3	
894.98	5650.3	
895.14	5650.3	
895.31	5650.3	
895.47	5650.3	
895.64	5650.3	
895.81	5650.3	
895.97	5650.3	
896.14	5650.3	
896.3	5650.3	
896.47	5650.3	
896.63	5650.3	
896.8	5650.3	
896.96	5650.3	
897.13	5650.3	
897.29	5650.3	
897.46	5650.3	
897.62	5650.3	
897.79	5650.3	
897.95	5650.3	
898.12	5650.3	
898.28	5650.3	
898.45	5650.3	
898.61	5650.3	
898.78	5650.3	
898.94	5650.3	
899.11	5650.3	
899.27	5650.3	
899.44	5650.3	
899.6	5650.3	
899.77	5650.3	
899.93	5650.3	
900.1	5650.3	
900.26	5650.3	
900.43	5650.3	
900.59	5650.3	
900.76	5650.3	
900.92	5650.3	
901.09	5650.3	
901.25	5650.3	
901.42	5650.3	
901.58	5650.3	
901.75	5650.3	
901.91	5650.3	
902.07	5650.3	
902.24	5650.3	
902.4	5650.3	
902.57	5650.3	
902.73	5650.3	
902.9	5650.3	
903.06	5650.3	
903.23	5650.3	
903.39	5650.3	
903.56	5650.3	
903.72	5650.3	
903.88	5650.3	
904.05	5650.3	
904.21	5650.3	
904.38	5650.3	
904.54	5650.3	
904.71	5650.3	
904.87	5650.3	
905.03	5650.3	
905.2	5650.3	
905.36	5650.3	
905.53	5650.3	
905.69	5650.3	
905.86	5650.3	
906.02	5650.3	
906.18	5650.3	
906.35	5650.3	
906.51	5650.3	
906.68	5650.3	
906.84	5650.3	
907.01	5650.3	
907.17	5650.3	
907.33	5650.3	
907.5	5650.3	
907.66	5650.3	
907.83	5650.3	
907.99	5650.3	
908.15	5650.3	
908.32	5650.3	
908.48	5650.3	
908.65	5650.3	
908.81	5650.3	
908.97	5650.3	
909.14	5650.3	
909.3	5650.3	
909.47	5650.3	
909.63	5650.3	
909.79	5650.3	
909.96	5650.3	
910.12	5650.3	
910.28	5650.3	
910.45	5650.3	
910.61	5650.3	
910.78	5650.3	
910.94	5650.3	
911.1	5650.3	
911.27	5650.3	
911.43	5650.3	
911.59	5650.3	
911.76	5650.3	
911.92	5650.3	
912.08	5650.3	
912.25	5650.3	
912.41	5650.3	
912.57	5650.3	
912.74	5650.3	
912.9	5650.3	
913.07	5650.3	
913.23	5650.3	
913.39	5650.3	
913.56	5650.3	
913.72	5650.3	
913.88	5650.3	
914.05	5650.3	
914.21	5650.3	
914.37	5650.3	
914.54	5650.3	
914.7	5650.3	
914.86	5650.3	
915.03	5650.3	
915.19	5650.3	
