Wavelength	Intensities	
nm	a.u.	
179.22	1915	
179.44	1915.9	
179.65	1914.2	
179.86	1917.6	
180.08	1937.4	
180.29	5195.7	
180.51	3624.9	
180.72	5806.7	
180.94	6846.4	
181.15	3345.7	
181.37	3269.2	
181.58	5591.6	
181.79	5940.5	
182.01	3437.9	
182.22	3834.5	
182.44	5928.2	
182.65	4958.1	
182.87	4728.1	
183.08	4153.3	
183.29	6246.3	
183.51	5099.4	
183.72	3827	
183.94	5610.8	
184.15	5511.1	
184.37	5564.3	
184.58	3317	
184.79	4605.2	
185.01	5142.4	
185.22	5849.7	
185.44	4820.9	
185.65	4100	
185.86	5377.3	
186.08	5069.4	
186.29	3211.2	
186.51	3469.9	
186.72	5172.5	
186.94	6100.9	
187.15	4071.4	
187.36	4148.5	
187.58	8002.1	
187.79	5634.6	
188.01	4386.1	
188.22	6870.3	
188.43	6838.9	
188.65	5865.4	
188.86	3443.3	
189.08	4171	
189.29	5378.6	
189.5	5270.8	
189.72	3845.4	
189.93	3966.2	
190.15	6156.9	
190.36	7384.3	
190.57	4292.5	
190.79	4121.9	
191	6243.6	
191.22	6209.4	
191.43	4267.3	
191.64	3457	
191.86	6439.5	
192.07	6225.1	
192.29	3585.3	
192.5	3855	
192.71	6186.9	
192.93	5216.2	
193.14	3805.8	
193.35	3916.4	
193.57	5315.2	
193.78	6250.4	
194	3087.7	
194.21	3780.6	
194.42	5046.9	
194.64	5584.8	
194.85	4149.2	
195.07	4904.2	
195.28	5584.8	
195.49	4866.7	
195.71	5230.5	
195.92	3570.3	
196.13	5778	
196.35	5879	
196.56	5563.6	
196.78	4192.9	
196.99	7268.9	
197.2	6819.1	
197.42	4827.7	
197.63	4225.6	
197.84	4944.5	
198.06	5727.5	
198.27	3842	
198.48	5237.3	
198.7	5290.6	
198.91	5405.3	
199.13	4234.5	
199.34	4229.7	
199.55	5917.9	
199.77	4807.3	
199.98	3657.7	
200.19	4238.6	
200.41	5427.8	
200.62	5110.4	
200.83	4431.8	
201.05	4739.7	
201.26	5409.4	
201.47	5189.6	
201.69	3713.6	
201.9	3558	
202.11	5497.4	
202.33	6545.3	
202.54	4039.3	
202.76	4384	
202.97	5698.1	
203.18	5679.7	
203.4	4384.7	
203.61	4292.5	
203.82	5659.2	
204.04	5166.3	
204.25	4265.9	
204.46	4153.3	
204.68	5566.4	
204.89	5904.3	
205.1	4104.8	
205.32	3540.3	
205.53	5961	
205.74	6076.3	
205.96	3024.2	
206.17	4338.3	
206.38	5936.4	
206.6	6072.9	
206.81	4826.4	
207.02	3870	
207.24	5804.6	
207.45	6290	
207.66	3942.3	
207.88	3404.4	
208.09	5742.5	
208.3	5579.3	
208.52	3664.5	
208.73	4059.1	
208.94	5561.6	
209.15	6293.4	
209.37	4005.1	
209.58	4257	
209.79	6098.2	
210.01	5354.8	
210.22	3170.9	
210.43	3347.1	
210.65	5611.4	
210.86	5980.8	
211.07	4004.5	
211.29	3698.6	
211.5	5897.5	
211.71	5466.7	
211.93	3638.6	
212.14	3646.7	
212.35	5386.2	
212.56	5780.1	
212.78	4230.4	
212.99	3535.5	
213.2	6595.1	
213.42	5315.8	
213.63	3832.4	
213.84	4064.5	
214.06	4904.2	
214.27	5033.9	
214.48	4023.6	
214.69	4329.4	
214.91	6331.6	
215.12	6305	
215.33	4373.1	
215.55	4805.2	
215.76	6830.7	
215.97	5976	
216.18	4080.2	
216.4	4070	
216.61	5235.3	
216.82	6033.3	
217.04	3676.1	
217.25	3817.4	
217.46	6341.9	
217.67	6006	
217.89	3272	
218.1	3438.5	
218.31	5680.4	
218.53	5741.8	
218.74	3878.2	
218.95	3770.3	
219.16	5504.9	
219.38	6472.3	
219.59	3766.2	
219.8	4531.5	
220.01	7219.1	
220.23	5592.3	
220.44	4959.5	
220.65	3683.6	
220.87	5609.4	
221.08	6231.3	
221.29	3381.2	
221.5	4548.5	
221.72	7635.5	
221.93	5269.4	
222.14	4243.4	
222.35	5010	
222.57	5552.7	
222.78	5941.8	
222.99	4040	
223.2	4422.2	
223.42	5831.9	
223.63	6025.8	
223.84	3076.7	
224.05	3093.1	
224.27	7104.4	
224.48	6614.9	
224.69	5020.9	
224.9	4259.1	
225.12	5721.3	
225.33	5504.9	
225.54	3382.6	
225.75	3817.4	
225.97	5107	
226.18	5399.8	
226.39	4055.7	
226.6	3804.4	
226.82	5313.8	
227.03	5152	
227.24	4270.7	
227.45	3476.1	
227.67	5950.7	
227.88	6542.6	
228.09	4691.9	
228.3	4749.9	
228.52	6010.1	
228.73	5537.7	
228.94	3921.9	
229.15	3508.9	
229.36	5446.2	
229.58	5346.6	
229.79	3955.3	
230	4597	
230.21	6664.8	
230.43	5663.3	
230.64	4218.8	
230.85	4379.9	
231.06	6006	
231.28	6028.5	
231.49	3426.3	
231.7	4058.4	
231.91	5900.9	
232.12	5596.4	
232.34	3536.8	
232.55	4104.1	
232.76	6197.2	
232.97	5777.3	
233.18	3676.8	
233.4	4121.9	
233.61	5812.8	
233.82	5309	
234.03	3836.5	
234.25	3807.2	
234.46	7735.2	
234.67	5632.6	
234.88	4330.8	
235.09	3741	
235.31	5961	
235.52	5418.2	
235.73	4239.3	
235.94	3546.4	
236.15	5231.2	
236.37	6780.1	
236.58	3723.9	
236.79	4080.9	
237	5864.7	
237.21	5021.6	
237.43	4361.5	
237.64	3376.4	
237.85	10297	
238.06	5050.3	
238.27	4433.9	
238.48	3521.1	
238.7	5941.8	
238.91	5431.9	
239.12	4010.6	
239.33	3989.4	
239.54	5148.6	
239.76	5506.3	
239.97	3972.4	
240.18	4044.1	
240.39	7060.7	
240.6	5875.6	
240.82	4175.1	
241.03	3376.4	
241.24	5523.4	
241.45	6498.9	
241.66	3674.7	
241.87	4345.1	
242.09	6373.3	
242.3	6784.9	
242.51	4435.2	
242.72	4123.2	
242.93	6087.9	
243.14	5511.8	
243.36	4692.6	
243.57	5113.8	
243.78	6475.7	
243.99	5945.3	
244.2	4101.4	
244.41	3690.4	
244.63	5064.6	
244.84	5949.3	
245.05	4362.2	
245.26	4063.9	
245.47	5866.1	
245.68	6145.3	
245.9	5554.8	
246.11	4261.1	
246.32	5383.4	
246.53	5767.8	
246.74	6601.3	
246.95	3343.7	
247.16	4980	
247.38	5494	
247.59	3391.4	
247.8	4033.1	
248.01	5244.8	
248.22	5443.5	
248.43	3720.5	
248.64	3929.4	
248.86	4906.3	
249.07	5289.2	
249.28	3560.1	
249.49	4233.8	
249.7	6120	
249.91	6358.3	
250.12	3358.7	
250.34	3403.7	
250.55	5644.2	
250.76	5606.7	
250.97	4184.7	
251.18	4263.9	
251.39	6310.5	
251.6	5773.9	
251.81	4264.6	
252.03	4306.9	
252.24	5279.7	
252.45	6130.3	
252.66	3477.5	
252.87	4534.9	
253.08	5557.5	
253.29	7436.2	
253.5	3494.5	
253.72	4927.4	
253.93	5378.6	
254.14	6663.4	
254.35	3775.1	
254.56	3944.4	
254.77	5812.1	
254.98	5170.4	
255.19	3760.8	
255.41	4984.1	
255.62	5706.3	
255.83	6305.7	
256.04	4298.7	
256.25	4262.5	
256.46	6651.8	
256.67	5236.7	
256.88	4183.3	
257.09	4719.9	
257.31	5238	
257.52	5253	
257.73	5236.7	
257.94	3845.4	
258.15	5350	
258.36	5593.7	
258.57	4803.9	
258.78	3014.6	
258.99	6094.1	
259.2	5430.5	
259.41	3919.1	
259.63	4007.9	
259.84	6458.6	
260.05	6991.1	
260.26	5128.8	
260.47	3776.5	
260.68	6212.9	
260.89	5513.1	
261.1	4709.6	
261.31	3676.8	
261.52	6127.5	
261.73	6578.1	
261.95	5020.3	
262.16	4435.2	
262.37	6285.2	
262.58	6427.2	
262.79	4938.3	
263	3953.3	
263.21	5586.2	
263.42	5047.6	
263.63	3972.4	
263.84	3893.9	
264.05	6137.1	
264.26	6571.9	
264.47	4844.1	
264.69	4222.2	
264.9	6251.1	
265.11	5765.7	
265.32	3716.4	
265.53	3874.1	
265.74	5694.7	
265.95	4919.2	
266.16	4076.1	
266.37	4614.8	
266.58	5685.2	
266.79	5410.1	
267	3804.4	
267.21	3519.1	
267.42	5106.3	
267.63	5540.4	
267.84	3990.1	
268.06	3454.2	
268.27	6014.2	
268.48	6336.4	
268.69	3924.6	
268.9	4696	
269.11	6225.8	
269.32	5023	
269.53	4020.8	
269.74	3750.5	
269.95	5887.2	
270.16	4883	
270.37	4037.9	
270.58	4709	
270.79	5374.6	
271	6164.4	
271.21	4365.6	
271.42	4057	
271.63	5721.3	
271.84	5212.1	
272.05	3188.7	
272.26	3619.4	
272.47	5608	
272.68	5775.3	
272.89	3896.6	
273.11	4518.5	
273.32	5380	
273.53	6608.8	
273.74	4435.2	
273.95	4386.7	
274.16	6259.3	
274.37	5693.4	
274.58	4463.9	
274.79	3542.3	
275	5725.4	
275.21	6281.8	
275.42	5374.6	
275.63	4584.7	
275.84	5811.5	
276.05	7308.5	
276.26	4319.2	
276.47	4044.1	
276.68	5408.7	
276.89	6648.4	
277.1	4611.3	
277.31	3580.5	
277.52	5834	
277.73	6004.6	
277.94	3508.9	
278.15	3874.1	
278.36	5782.8	
278.57	5240.1	
278.78	3880.9	
278.99	4410.6	
279.2	5166.3	
279.41	5188.9	
279.62	5074.2	
279.83	3530	
280.04	6936.5	
280.25	5068.7	
280.46	5066	
280.67	4092.5	
280.88	5157.5	
281.09	6337.8	
281.3	4261.1	
281.51	5503.6	
281.72	5289.2	
281.93	6169.8	
282.14	3814	
282.35	4050.9	
282.56	6103.6	
282.77	6092.7	
282.98	3921.2	
283.19	4775.9	
283.4	7458.7	
283.61	5470.1	
283.82	3533.4	
284.03	5042.1	
284.24	5626.5	
284.45	6283.9	
284.66	5015.5	
284.87	4875.5	
285.08	6136.4	
285.29	6360.3	
285.5	3398.9	
285.71	4013.3	
285.92	6221.7	
286.12	6918.7	
286.33	5017.5	
286.54	3893.2	
286.75	6049.7	
286.96	5442.8	
287.17	3627	
287.38	4958.1	
287.59	5167	
287.8	5098.8	
288.01	3969.6	
288.22	4566.3	
288.43	6135	
288.64	5069.4	
288.85	4700.1	
289.06	4442.7	
289.27	6352.8	
289.48	6580.8	
289.69	5085.1	
289.9	4557.4	
290.11	6236.1	
290.32	5247.6	
290.53	4846.9	
290.74	4359.4	
290.94	6074.3	
291.15	6100.2	
291.36	3796.3	
291.57	4526	
291.78	5275.6	
291.99	4919.9	
292.2	3619.4	
292.41	4441.4	
292.62	6109.8	
292.83	5924.1	
293.04	5556.1	
293.25	3667.2	
293.46	5312.4	
293.67	6251.1	
293.88	3762.8	
294.09	3682.2	
294.29	5039.4	
294.5	5699.5	
294.71	4090.5	
294.92	3925.3	
295.13	5353.4	
295.34	6795.8	
295.55	3441.3	
295.76	3508.9	
295.97	5976.7	
296.18	6825.2	
296.39	3596.9	
296.6	3814.7	
296.81	5665.4	
297.01	6023.1	
297.22	3988.8	
297.43	3797.6	
297.64	5155.4	
297.85	5211.4	
298.06	3084.2	
298.27	3420.8	
298.48	5627.1	
298.69	5259.2	
298.9	4116.4	
299.11	3715	
299.31	5060.5	
299.52	5060.5	
299.73	4425.7	
299.94	4328.7	
300.15	5593	
300.36	5141.8	
300.57	4312.3	
300.78	4291.9	
300.99	5446.2	
301.2	5718.6	
301.4	3731.4	
301.61	4086.4	
301.82	5940.5	
302.03	6066.8	
302.24	4647.5	
302.45	3586.7	
302.66	5873.6	
302.87	6447	
303.08	3803.1	
303.29	5231.2	
303.49	5287.9	
303.7	5621	
303.91	3371	
304.12	4966.3	
304.33	5071.5	
304.54	5700.2	
304.75	3836.5	
304.96	3618.8	
305.16	5910.4	
305.37	6722.1	
305.58	3249.4	
305.79	3403.7	
306	5917.3	
306.21	4955.4	
306.42	3805.1	
306.63	5943.2	
306.83	5414.8	
307.04	6232.7	
307.25	4138.9	
307.46	4205.8	
307.67	4771.8	
307.88	6092	
308.09	3729.4	
308.29	3921.9	
308.5	5639.4	
308.71	6225.1	
308.92	4100.7	
309.13	3649.5	
309.34	5523.4	
309.55	5451.7	
309.75	4740.4	
309.96	4349.2	
310.17	5999.2	
310.38	5274.9	
310.59	4622.9	
310.8	3522.5	
311.01	5384.1	
311.21	5416.2	
311.42	3584.6	
311.63	3736.2	
311.84	5240.8	
312.05	5719.3	
312.26	4231.1	
312.46	4650.9	
312.67	5419.6	
312.88	5146.5	
313.09	3661.1	
313.3	3585.3	
313.51	6438.1	
313.71	6801.3	
313.92	3664.5	
314.13	3876.8	
314.34	5680.4	
314.55	5494	
314.76	4687.1	
314.96	4087.1	
315.17	5698.1	
315.38	6139.1	
315.59	3635.8	
315.8	3538.2	
316.01	6505.7	
316.21	6593.1	
316.42	3529.3	
316.63	4083	
316.84	5447.6	
317.05	6342.6	
317.26	4340.3	
317.46	3889.8	
317.67	5502.9	
317.88	5985.5	
318.09	4747.2	
318.3	3414.6	
318.5	5269.4	
318.71	5946.6	
318.92	6010.1	
319.13	4388.1	
319.34	6124.1	
319.54	6253.8	
319.75	3414.6	
319.96	3189.4	
320.17	5963.7	
320.38	6210.8	
320.58	3355.3	
320.79	4031.1	
321	6126.2	
321.21	6351.4	
321.42	4043.4	
321.62	3332.7	
321.83	5161.6	
322.04	5605.3	
322.25	3851.5	
322.46	3714.3	
322.66	5739.1	
322.87	5853.8	
323.08	4577.9	
323.29	3614.7	
323.5	6685.9	
323.7	5104.9	
323.91	5104.2	
324.12	4552	
324.33	5666.7	
324.53	5947.3	
324.74	4346.5	
324.95	4603.2	
325.16	4914.4	
325.37	5388.9	
325.57	3738.2	
325.78	3779.2	
325.99	5655.1	
326.2	5096.7	
326.4	5467.4	
326.61	3354.6	
326.82	5578.7	
327.03	5724.8	
327.24	5272.2	
327.44	4991.6	
327.65	5860.6	
327.86	4687.1	
328.07	4362.2	
328.27	3517	
328.48	6291.4	
328.69	5164.3	
328.9	5316.5	
329.1	3956.7	
329.31	5470.8	
329.52	6511.9	
329.73	3728.7	
329.93	4126.7	
330.14	5556.1	
330.35	5852.4	
330.56	6100.2	
330.76	4621.6	
330.97	5382.1	
331.18	5745.2	
331.39	4061.8	
331.59	3294.5	
331.8	6235.4	
332.01	6345.3	
332.22	3745.7	
332.42	4323.9	
332.63	5702.2	
332.84	5291.3	
333.05	4098.7	
333.25	3717.1	
333.46	5365	
333.67	5586.2	
333.88	3844	
334.08	4321.9	
334.29	7619.8	
334.5	6325.5	
334.7	3545	
334.91	5333.6	
335.12	5113.8	
335.33	6018.3	
335.53	4093.2	
335.74	6085.9	
335.95	5354.1	
336.16	5195.7	
336.36	4093.2	
336.57	4734.9	
336.78	5142.4	
336.98	6208.8	
337.19	4963.6	
337.4	4001.7	
337.61	6818.4	
337.81	5128.1	
338.02	3697.3	
338.23	4896.7	
338.43	6421.1	
338.64	5216.2	
338.85	3689.1	
339.05	4922.6	
339.26	6395.1	
339.47	4980	
339.68	3685	
339.88	5500.8	
340.09	5866.1	
340.3	6083.8	
340.5	4294.6	
340.71	3305.4	
340.92	4971.1	
341.13	6389	
341.33	3599	
341.54	4388.1	
341.75	5822.4	
341.95	5440.8	
342.16	4143.7	
342.37	4536.9	
342.57	5162.9	
342.78	5552	
342.99	4652.3	
343.19	3294.5	
343.4	5978.7	
343.61	5860.6	
343.81	3928.7	
344.02	3639.2	
344.23	6040.8	
344.43	6442.2	
344.64	4615.4	
344.85	4491.9	
345.06	5844.2	
345.26	6250.4	
345.47	4313	
345.68	5056.4	
345.88	4887.8	
346.09	6081.8	
346.3	4403.1	
346.5	3246.7	
346.71	5616.9	
346.92	5274.2	
347.12	3320.4	
347.33	4274.8	
347.54	6145.3	
347.74	6606.7	
347.95	4211.3	
348.16	3072.6	
348.36	5356.8	
348.57	5188.9	
348.78	4169.7	
348.98	4553.3	
349.19	5533.6	
349.39	5004.6	
349.6	3358	
349.81	3767.6	
350.01	5816.9	
350.22	5240.8	
350.43	4085	
350.63	4939.7	
350.84	5571.2	
351.05	5382.7	
351.25	3696.6	
351.46	3370.3	
351.67	6206.7	
351.87	5200.5	
352.08	3950.5	
352.29	4450.9	
352.49	6023.8	
352.7	5704.3	
352.9	3599	
353.11	4487.1	
353.32	6776	
353.52	5358.9	
353.73	3510.2	
353.94	4597	
354.14	5861.3	
354.35	5751.4	
354.55	3586	
354.76	4078.9	
354.97	5788.2	
355.17	5593	
355.38	3408.5	
355.59	4896.7	
355.79	5194.3	
356	5737	
356.2	4031.8	
356.41	3472	
356.62	4925.4	
356.82	5485.1	
357.03	4357.4	
357.24	3906.2	
357.44	5283.8	
357.65	5395	
357.85	5295.4	
358.06	4048.2	
358.27	4947.9	
358.47	5211.4	
358.68	3310.2	
358.88	4287.1	
359.09	5753.4	
359.3	6250.4	
359.5	5078.3	
359.71	4427.7	
359.91	6689.3	
360.12	6065.4	
360.33	4308.2	
360.53	4808.6	
360.74	5240.8	
360.94	5288.5	
361.15	4487.1	
361.36	3724.6	
361.56	6122.1	
361.77	5513.1	
361.97	5014.1	
362.18	3936.2	
362.38	6100.9	
362.59	5079	
362.8	3557.3	
363	3424.2	
363.21	4919.2	
363.41	5537.7	
363.62	4151.2	
363.83	5257.8	
364.03	5652.4	
364.24	6683.2	
364.44	5322	
364.65	5247.6	
364.85	5366.4	
365.06	5302.2	
365.27	3805.8	
365.47	3779.9	
365.68	6455.2	
365.88	5367.7	
366.09	4199	
366.29	3892.5	
366.5	5693.4	
366.71	6139.1	
366.91	5305.6	
367.12	4410.6	
367.32	6754.2	
367.53	5923.4	
367.73	4363.5	
367.94	5326.1	
368.14	5965.1	
368.35	6849.1	
368.56	4279.6	
368.76	3609.2	
368.97	5999.2	
369.17	7828	
369.38	3734.1	
369.58	4033.1	
369.79	5036.6	
369.99	6449.7	
370.2	5146.5	
370.4	4198.3	
370.61	5674.9	
370.82	6903.7	
371.02	4059.1	
371.23	3312.2	
371.43	4822.3	
371.64	6337.8	
371.84	4041.3	
372.05	5334.3	
372.25	7757.7	
372.46	6038.1	
372.66	4040	
372.87	3982.6	
373.07	6075.6	
373.28	7714	
373.48	5177.9	
373.69	4825.7	
373.9	5513.1	
374.1	5432.6	
374.31	5056.4	
374.51	4510.3	
374.72	6356.2	
374.92	5137.7	
375.13	5130.2	
375.33	4299.4	
375.54	5873.6	
375.74	5284.4	
375.95	4405.9	
376.15	5764.3	
376.36	5846.3	
376.56	5697.4	
376.77	4492.6	
376.97	4964.3	
377.18	6982.2	
377.38	5922.7	
377.59	5300.1	
377.79	3844.7	
378	5733.6	
378.2	6197.2	
378.41	3971.7	
378.61	3885	
378.82	6200.6	
379.02	5204.6	
379.23	4156.7	
379.43	5403.9	
379.64	6337.8	
379.84	5939.8	
380.05	3960.1	
380.25	3839.3	
380.46	5975.3	
380.66	5582.8	
380.87	5331.5	
381.07	5771.9	
381.28	6737.8	
381.48	5999.9	
381.69	3931.4	
381.89	4041.3	
382.1	4938.3	
382.3	6227.9	
382.51	5236.7	
382.71	6085.9	
382.91	6035.4	
383.12	6613.6	
383.32	4385.4	
383.53	4595	
383.73	5916.6	
383.94	5654.4	
384.14	4530.1	
384.35	3594.2	
384.55	5606	
384.76	6110.5	
384.96	4364.2	
385.17	4779.3	
385.37	6029.9	
385.58	5297.4	
385.78	4816.8	
385.98	3536.8	
386.19	5494	
386.39	5897.5	
386.6	4133.5	
386.8	4416.1	
387.01	6021	
387.21	6042.9	
387.42	4780	
387.62	5436	
387.83	5313.8	
388.03	6012.8	
388.23	4440	
388.44	5304.9	
388.64	4919.2	
388.85	5115.8	
389.05	4774.5	
389.26	5470.8	
389.46	7081.9	
389.67	6457.2	
389.87	4730.8	
390.07	4882.4	
390.28	5612.8	
390.48	5212.1	
390.69	3999	
390.89	4280.3	
391.1	5365	
391.3	6389	
391.5	5618.3	
391.71	6211.5	
391.91	6069.5	
392.12	7146	
392.32	5663.3	
392.53	4809.3	
392.73	5493.3	
392.93	5722	
393.14	4447.5	
393.34	5296	
393.55	6107	
393.75	5647.6	
393.95	4466.6	
394.16	4459.8	
394.36	5386.2	
394.57	6095.4	
394.77	3855.6	
394.98	4323.9	
395.18	5271.5	
395.38	5416.2	
395.59	5274.2	
395.79	4092.5	
396	5454.4	
396.2	5966.4	
396.4	5130.2	
396.61	5012.1	
396.81	6209.4	
397.02	5412.1	
397.22	5248.9	
397.42	5371.1	
397.63	6141.2	
397.83	5317.2	
398.04	4028.4	
398.24	4595	
398.44	5970.5	
398.65	4972.5	
398.85	3926	
399.05	4029	
399.26	5234.6	
399.46	7136.5	
399.67	4425	
399.87	4102.8	
400.07	5618.9	
400.28	5984.2	
400.48	4216.8	
400.69	5274.9	
400.89	6288.6	
401.09	6746.7	
401.3	4045.4	
401.5	5307	
401.7	6937.8	
401.91	7296.9	
402.11	4472.8	
402.32	4747.9	
402.52	6313.9	
402.72	6194.4	
402.93	4985.4	
403.13	3725.3	
403.33	7100.3	
403.54	5724.8	
403.74	4627	
403.94	5658.5	
404.15	5778.7	
404.35	7010.9	
404.56	4368.3	
404.76	6376.7	
404.96	6224.5	
405.17	6030.6	
405.37	5705	
405.57	4926	
405.78	6279.8	
405.98	5749.3	
406.18	4399.7	
406.39	5434.6	
406.59	6304.3	
406.79	5921.4	
407	4228.4	
407.2	4425.7	
407.4	6228.6	
407.61	6402	
407.81	4236.6	
408.01	6526.9	
408.22	5068	
408.42	7352.9	
408.62	5360.9	
408.83	4740.4	
409.03	5773.2	
409.23	5552.7	
409.44	4864.6	
409.64	5227.8	
409.84	6710.5	
410.05	6560.3	
410.25	4962.2	
410.45	4756.7	
410.66	6039.5	
410.86	8654	
411.06	5176.6	
411.27	5016.2	
411.47	8399.4	
411.67	6165.8	
411.88	5298.1	
412.08	5543.2	
412.28	6943.3	
412.49	7428	
412.69	5002.5	
412.89	4961.5	
413.09	7281.2	
413.3	7007.5	
413.5	5041.4	
413.7	4681.7	
413.91	6272.2	
414.11	7224.6	
414.31	4932.9	
414.52	5352	
414.72	6861.4	
414.92	6726.9	
415.12	4924.7	
415.33	5466	
415.53	7123.5	
415.73	7357	
415.94	5859.9	
416.14	5317.2	
416.34	6051.1	
416.55	5861.3	
416.75	6569.9	
416.95	5902.9	
417.15	7029.3	
417.36	7913.4	
417.56	6854.6	
417.76	5615.5	
417.97	7529.7	
418.17	7185	
418.37	5233.2	
418.57	5348.6	
418.78	6926.2	
418.98	6616.3	
419.18	6296.8	
419.38	6262	
419.59	6626.5	
419.79	6223.8	
419.99	5180	
420.2	5585.5	
420.4	7144.7	
420.6	7386.3	
420.8	5054.4	
421.01	4947.9	
421.21	6928.3	
421.41	7218.4	
421.61	5497.4	
421.82	5211.4	
422.02	6418.3	
422.22	7491.5	
422.42	6084.5	
422.63	5682.4	
422.83	6531	
423.03	7850.5	
423.23	5702.2	
423.44	4640	
423.64	6701.6	
423.84	6488.6	
424.04	5188.9	
424.25	4747.9	
424.45	7673.1	
424.65	7701.7	
424.85	4483.7	
425.06	5193.6	
425.26	7593.9	
425.46	6481.8	
425.66	5689.9	
425.87	5397.1	
426.07	7378.1	
426.27	7273	
426.47	5623	
426.67	4866	
426.88	7733.8	
427.08	7087.3	
427.28	5763.7	
427.48	4731.5	
427.69	6022.4	
427.89	6724.8	
428.09	5776.6	
428.29	4867.3	
428.5	7458	
428.7	6929	
428.9	4685.1	
429.1	5418.2	
429.3	6816.3	
429.51	7226.6	
429.71	5070.8	
429.91	5923.4	
430.11	7134.4	
430.31	7408.2	
430.52	5405.3	
430.72	5660.6	
430.92	7778.2	
431.12	7147.4	
431.32	5034.6	
431.53	5554.1	
431.73	6010.1	
431.93	7840.3	
432.13	4921.3	
432.33	4756.7	
432.54	6529.6	
432.74	6890.7	
432.94	4702.8	
433.14	5896.8	
433.34	7083.9	
433.55	6563.1	
433.75	5819.6	
433.95	7698.3	
434.15	6843.6	
434.35	6523.5	
434.56	4950.6	
434.76	4469.4	
434.96	6784.9	
435.16	7100.3	
435.36	4771.8	
435.56	6013.5	
435.77	6477.7	
435.97	6569.2	
436.17	6742.6	
436.37	5885.9	
436.57	6417	
436.78	6292	
436.98	7836.9	
437.18	6580.1	
437.38	7176.1	
437.58	6701.6	
437.78	6724.8	
437.99	5302.9	
438.19	7259.4	
438.39	8103.8	
438.59	5217.5	
438.79	4644.1	
438.99	7828	
439.2	6620.4	
439.4	4739	
439.6	4762.9	
439.8	6974	
440	8067.6	
440.2	5810.8	
440.4	6001.9	
440.61	7350.2	
440.81	8004.1	
441.01	4887.1	
441.21	5977.3	
441.41	7779.6	
441.61	7385.7	
441.81	6261.3	
442.02	7365.2	
442.22	8381.7	
442.42	7511.3	
442.62	5000.5	
442.82	5048.9	
443.02	7789.8	
443.22	6766.5	
443.43	5464	
443.63	4985.4	
443.83	6617	
444.03	6719.4	
444.23	6332.3	
444.43	5927.5	
444.63	6933.1	
444.83	8403.5	
445.04	5198.4	
445.24	6489.3	
445.44	7410.9	
445.64	7572	
445.84	6032.6	
446.04	6001.9	
446.24	6757.6	
446.44	7836.9	
446.65	5243.5	
446.85	5558.9	
447.05	6934.4	
447.25	7770.7	
447.45	5688.6	
447.65	4932.9	
447.85	7027.9	
448.05	6724.8	
448.25	6113.2	
448.46	5872.2	
448.66	7124.9	
448.86	6705.7	
449.06	4753.3	
449.26	6118	
449.46	7404.8	
449.66	6406.7	
449.86	5594.4	
450.06	5601.2	
450.26	6552.8	
450.47	7244.3	
450.67	5776.6	
450.87	6262.7	
451.07	7294.2	
451.27	7072.3	
451.47	5132.9	
451.67	5749.3	
451.87	6690.7	
452.07	7948.2	
452.27	5360.9	
452.47	5326.1	
452.67	7071.6	
452.88	7733.1	
453.08	4675.5	
453.28	6763.8	
453.48	8310.7	
453.68	6951.5	
453.88	5201.2	
454.08	5440.8	
454.28	7329.7	
454.48	7036.8	
454.68	6061.3	
454.88	6617.7	
455.08	7491.5	
455.28	7225.2	
455.48	5109.7	
455.68	5757.5	
455.89	7987.8	
456.09	7576.8	
456.29	5471.5	
456.49	5492.7	
456.69	7812.3	
456.89	7193.8	
457.09	5962.3	
457.29	6358.9	
457.49	7365.9	
457.69	7501.7	
457.89	5749.3	
458.09	5151.3	
458.29	7122.8	
458.49	7875.8	
458.69	6199.2	
458.89	5678.3	
459.09	8157.1	
459.29	8307.9	
459.49	5770.5	
459.69	6633.4	
459.9	7728.4	
460.1	7133.8	
460.3	5640.1	
460.5	5403.2	
460.7	7661.5	
460.9	7301.7	
461.1	4990.2	
461.3	6520.7	
461.5	8323.6	
461.7	7886	
461.9	5467.4	
462.1	6023.8	
462.3	7376.8	
462.5	8089.5	
462.7	5493.3	
462.9	5584.8	
463.1	8992.6	
463.3	8725.7	
463.5	5748	
463.7	6800.6	
463.9	7506.5	
464.1	7942.7	
464.3	5883.1	
464.5	6285.2	
464.7	8159.1	
464.9	7825.3	
465.1	7699.7	
465.3	6541.2	
465.5	8591.9	
465.7	8470.4	
465.9	6849.1	
466.1	6691.4	
466.3	8274.5	
466.5	8134.5	
466.7	7524.2	
466.9	6302.3	
467.1	8030.8	
467.3	9087.5	
467.5	7470.3	
467.7	6270.2	
467.9	9239.8	
468.1	10258	
468.3	7114	
468.5	7570	
468.7	7974.8	
468.9	8047.2	
469.1	6612.9	
469.3	7331.7	
469.5	10071	
469.7	7545.4	
469.9	7067.5	
470.1	6333.7	
470.3	8017.8	
470.5	8077.2	
470.7	7673.7	
470.9	6366.5	
471.1	7832.8	
471.3	8324.3	
471.5	6191	
471.69	8404.9	
471.89	7588.4	
472.09	7143.3	
472.29	7086.7	
472.49	7572	
472.69	7432.8	
472.89	8215.1	
473.09	6109.1	
473.29	6305.7	
473.49	7561.1	
473.69	7800	
473.89	7304.4	
474.09	6401.3	
474.29	9080.7	
474.49	8787.2	
474.69	7301	
474.89	6580.1	
475.09	7718.8	
475.29	7729	
475.49	5905.7	
475.69	6156.2	
475.88	9488.9	
476.08	8084.7	
476.28	5853.1	
476.48	6474.3	
476.68	8555.7	
476.88	8411	
477.08	6223.1	
477.28	6488	
477.48	7837.6	
477.68	8537.3	
477.88	5996.5	
478.08	6348	
478.28	8720.9	
478.48	8009.6	
478.67	6414.9	
478.87	5879	
479.07	8709.3	
479.27	8084	
479.47	6592.4	
479.67	6599.9	
479.87	8393.9	
480.07	9034.3	
480.27	5792.3	
480.47	7560.4	
480.67	8099	
480.87	8811	
481.06	6109.1	
481.26	7103.7	
481.46	8103.1	
481.66	7929.7	
481.86	6582.2	
482.06	7800.7	
482.26	7705.8	
482.46	8549.6	
482.66	6593.1	
482.86	6060.6	
483.05	8008.9	
483.25	7461.4	
483.45	9071.1	
483.65	6598.6	
483.85	7636.2	
484.05	7931.8	
484.25	7032.7	
484.45	7453.2	
484.65	8893	
484.84	8830.2	
485.04	6442.9	
485.24	6472.9	
485.44	9110	
485.64	7354.9	
485.84	5681.1	
486.04	7238.2	
486.24	7702.4	
486.44	8202.8	
486.63	5628.5	
486.83	6416.3	
487.03	7541.3	
487.23	7842.4	
487.43	5732.3	
487.63	8316.1	
487.83	7991.2	
488.02	9088.2	
488.22	6804.7	
488.42	7523.6	
488.62	8847.9	
488.82	7727.7	
489.02	6500.9	
489.22	6523.5	
489.41	8795.3	
489.61	8341.4	
489.81	6207.4	
490.01	6246.3	
490.21	8574.8	
490.41	9364	
490.61	6204.7	
490.8	6325.5	
491	8169.3	
491.2	7359.7	
491.4	7038.9	
491.6	6055.2	
491.8	8002.1	
491.99	8253.3	
492.19	5814.9	
492.39	6181.5	
492.59	8656.8	
492.79	8669.7	
492.99	7064.1	
493.18	6122.7	
493.38	8700.5	
493.58	9618.6	
493.78	6982.9	
493.98	6475	
494.18	8365.3	
494.37	7831.4	
494.57	7075.7	
494.77	7026.6	
494.97	8604.2	
495.17	8867	
495.37	6508.4	
495.56	6842.3	
495.76	9108	
495.96	8734.6	
496.16	7871.7	
496.36	6730.3	
496.55	8897.1	
496.75	8442.4	
496.95	7192.5	
497.15	6943.3	
497.35	8858.8	
497.54	8858.1	
497.74	6666.8	
497.94	8587.8	
498.14	9638.4	
498.34	9397.4	
498.53	6326.2	
498.73	7279.2	
498.93	8236.2	
499.13	8785.8	
499.33	7020.4	
499.52	7619.8	
499.72	8665	
499.92	9183.8	
500.12	6695.5	
500.32	6932.4	
500.51	9144.2	
500.71	8952.4	
500.91	7912	
501.11	7430.7	
501.31	8999.5	
501.5	9378.3	
501.7	8103.8	
501.9	6918	
502.1	8854.7	
502.29	9055.4	
502.49	7458	
502.69	8050.6	
502.89	9013.1	
503.09	9086.2	
503.28	6476.4	
503.48	6707.8	
503.68	8045.1	
503.88	8272.4	
504.07	7577.5	
504.27	7233.4	
504.47	8567.3	
504.67	8768.7	
504.86	7539.9	
505.06	7279.2	
505.26	8299.1	
505.46	10248	
505.65	7111.9	
505.85	7370	
506.05	8134.5	
506.25	8740	
506.44	6380.1	
506.64	7436.9	
506.84	8101.1	
507.04	9052.7	
507.23	6597.2	
507.43	7149.5	
507.63	10256	
507.83	8381	
508.02	7165.2	
508.22	6803.4	
508.42	10395	
508.62	7994.6	
508.81	7069.6	
509.01	7557	
509.21	7799.3	
509.4	8033.5	
509.6	7234.1	
509.8	6427.9	
510	8072.4	
510.19	9782.5	
510.39	6524.1	
510.59	6587.6	
510.79	7935.9	
510.98	9476.6	
511.18	6687.3	
511.38	6741.2	
511.57	8832.9	
511.77	8770.1	
511.97	7461.4	
512.17	6393.1	
512.36	8807.6	
512.56	8716.8	
512.76	6503.7	
512.95	6249	
513.15	8966.7	
513.35	7370.6	
513.55	7369.3	
513.74	6472.9	
513.94	8818.6	
514.14	8155	
514.33	7591.1	
514.53	7329.7	
514.73	8197.3	
514.92	8428.8	
515.12	6781.5	
515.32	6495.5	
515.51	8462.2	
515.71	9138	
515.91	8536.6	
516.11	6617	
516.3	10489	
516.5	8015.1	
516.7	7358.4	
516.89	7906.5	
517.09	8183	
517.29	8115.4	
517.48	7391.1	
517.68	6886	
517.88	7980.9	
518.07	8616.5	
518.27	7358.4	
518.47	6429.9	
518.66	9181.7	
518.86	7724.9	
519.06	6304.3	
519.25	6791.1	
519.45	8127.7	
519.65	9644.6	
519.84	7389.8	
520.04	8174.8	
520.24	10202	
520.43	8798.8	
520.63	7174.7	
520.83	6810.2	
521.02	8010.3	
521.22	8728.4	
521.42	7538.6	
521.61	8021.2	
521.81	8135.2	
522.01	8424.7	
522.2	7243.7	
522.4	6851.1	
522.6	8865	
522.79	7582.3	
522.99	6970.6	
523.18	6256.5	
523.38	8602.2	
523.58	8592.6	
523.77	8372.8	
523.97	6208.8	
524.17	10604	
524.36	9632.3	
524.56	7682.6	
524.76	7373.4	
524.95	8548.2	
525.15	8177.5	
525.34	7048.4	
525.54	7124.2	
525.74	8901.2	
525.93	7841.7	
526.13	8421.9	
526.33	7035.5	
526.52	9330.5	
526.72	8751	
526.91	8344.1	
527.11	7546.1	
527.31	9317.6	
527.5	9776.3	
527.7	7319.4	
527.89	6337.8	
528.09	8133.2	
528.29	8728.4	
528.48	7834.2	
528.68	7471	
528.87	9036.3	
529.07	9183.8	
529.27	7334.5	
529.46	6750.1	
529.66	8697	
529.85	9279.3	
530.05	6767.2	
530.25	7503.8	
530.44	10353	
530.64	8619.2	
530.83	7002.7	
531.03	7359.7	
531.23	8926.4	
531.42	9002.2	
531.62	8120.9	
531.81	7208.8	
532.01	9151	
532.21	9641.2	
532.4	6908.5	
532.6	7352.9	
532.79	10133	
532.99	9217.2	
533.18	7488.1	
533.38	8589.2	
533.58	8632.9	
533.77	9546.9	
533.97	7307.8	
534.16	8185	
534.36	9742.2	
534.55	8838.4	
534.75	8362.5	
534.95	7392.5	
535.14	9700.5	
535.34	8734.6	
535.53	7048.4	
535.73	9242.5	
535.92	10122	
536.12	9037	
536.31	7095.5	
536.51	8416.5	
536.71	9174.9	
536.9	8708	
537.1	7280.5	
537.29	7402.7	
537.49	9718.3	
537.68	8647.2	
537.88	7876.5	
538.07	7068.2	
538.27	8972.2	
538.46	10093	
538.66	6880.5	
538.86	7404.1	
539.05	8987.2	
539.25	9547.6	
539.44	7695.6	
539.64	7346.7	
539.83	8865.7	
540.03	9968.1	
540.22	7134.4	
540.42	7297.6	
540.61	9044.5	
540.81	9250	
541	7862.8	
541.2	8423.3	
541.39	8644.5	
541.59	9028.8	
541.78	8208.3	
541.98	7186.3	
542.18	8287.4	
542.37	8344.8	
542.57	7588.4	
542.76	8280.6	
542.96	8286.8	
543.15	9183.1	
543.35	7606.8	
543.54	6804.7	
543.74	9410.4	
543.93	8966	
544.13	7557	
544.32	8637	
544.52	9251.4	
544.71	8421.2	
544.91	6516	
545.1	7841.7	
545.3	8426.7	
545.49	9225.4	
545.69	6481.1	
545.88	7096.9	
546.08	10138	
546.27	9747.6	
546.47	7766.6	
546.66	6918	
546.86	9422.7	
547.05	10201	
547.24	7152.2	
547.44	7097.6	
547.63	8277.9	
547.83	9469.8	
548.02	7496.2	
548.22	7695.6	
548.41	8074.5	
548.61	9556.5	
548.8	6954.2	
549	6898.9	
549.19	8759.8	
549.39	9119.6	
549.58	6586.3	
549.78	7225.9	
549.97	9233.6	
550.17	8761.2	
550.36	8226	
550.55	9232.2	
550.75	8695	
550.94	9646.6	
551.14	6847	
551.33	7377.5	
551.53	8029.4	
551.72	9028.8	
551.92	7435.5	
552.11	7170.6	
552.31	9006.3	
552.5	9229.5	
552.69	8908.7	
552.89	6681.2	
553.08	9028.8	
553.28	8750.3	
553.47	7160.4	
553.67	8397.4	
553.86	9861	
554.06	8002.8	
554.25	6298.2	
554.44	6871.6	
554.64	10577	
554.83	10111	
555.03	6891.4	
555.22	7374.7	
555.42	9225.4	
555.61	9031.5	
555.8	7124.2	
556	7459.4	
556.19	8026.7	
556.39	9334	
556.58	7214.3	
556.78	7124.9	
556.97	8875.2	
557.16	8636.3	
557.36	8441	
557.55	6754.2	
557.75	7760.4	
557.94	9642.5	
558.13	6857.3	
558.33	6665.5	
558.52	9392	
558.72	8247.9	
558.91	6731	
559.1	7012.9	
559.3	7924.3	
559.49	7670.3	
559.69	6272.2	
559.88	7342.7	
560.07	8767.4	
560.27	9314.2	
560.46	7619.8	
560.66	7766.6	
560.85	8584.4	
561.04	7761.8	
561.24	6729.6	
561.43	6967.2	
561.63	7980.9	
561.82	8314.1	
562.01	8267.6	
562.21	7273	
562.4	8819.2	
562.59	9759.9	
562.79	6979.5	
562.98	6754.9	
563.18	8627.4	
563.37	10255	
563.56	7569.3	
563.76	6547.4	
563.95	8109.3	
564.14	8047.8	
564.34	6949.4	
564.53	6752.8	
564.73	8590.5	
564.92	8925	
565.11	7168.6	
565.31	6415.6	
565.5	9239.8	
565.69	8196	
565.89	6775.4	
566.08	6975.4	
566.27	9068.4	
566.47	9531.2	
566.66	7692.2	
566.85	6193.7	
567.05	8576.2	
567.24	7976.8	
567.44	6596.5	
567.63	8093.6	
567.82	8882.7	
568.02	8586.5	
568.21	6576.7	
568.4	7028.6	
568.6	8419.9	
568.79	8445.1	
568.98	6275	
569.18	6528.2	
569.37	8353	
569.56	10553	
569.76	6840.2	
569.95	7857.4	
570.14	8791.2	
570.34	8610.3	
570.53	6335.7	
570.72	6304.3	
570.91	9149.6	
571.11	8158.4	
571.3	6800.6	
571.49	7858.7	
571.69	8181.6	
571.88	7709.2	
572.07	7275.8	
572.27	7428	
572.46	7711.3	
572.65	8871.8	
572.85	6521.4	
573.04	6871.6	
573.23	9054.1	
573.43	8312	
573.62	6181.5	
573.81	6860	
574	8232.2	
574.2	8080.6	
574.39	6554.2	
574.58	6720.1	
574.78	9205.6	
574.97	8391.2	
575.16	7114.6	
575.36	7279.2	
575.55	8742.1	
575.74	8879.3	
575.93	6137.1	
576.13	7270.3	
576.32	8039.6	
576.51	8723	
576.71	6571.9	
576.9	8553	
577.09	9079.3	
577.28	8463.6	
577.48	7206.1	
577.67	6024.4	
577.86	8095.6	
578.05	8490.9	
578.25	6778.8	
578.44	6794.5	
578.63	8329.8	
578.83	9583.8	
579.02	6063.4	
579.21	7804.1	
579.4	8564.6	
579.6	8074.5	
579.79	6950.1	
579.98	9302.6	
580.17	8959.9	
580.37	8974.9	
580.56	6342.6	
580.75	7239.6	
580.94	9501.2	
581.14	9277.3	
581.33	7634.1	
581.52	6566.5	
581.71	8780.3	
581.91	9463.7	
582.1	6198.5	
582.29	6891.4	
582.48	8419.2	
582.68	8269	
582.87	7446.4	
583.06	6992.4	
583.25	8822	
583.45	8123.6	
583.64	7763.8	
583.83	8429.4	
584.02	8197.3	
584.21	8695.7	
584.41	7804.1	
584.6	6912.6	
584.79	8476.5	
584.98	9327.8	
585.18	6376	
585.37	6429.3	
585.56	7948.2	
585.75	8887.5	
585.94	6615.6	
586.14	7436.9	
586.33	9497.8	
586.52	8425.3	
586.71	7195.2	
586.91	6916	
587.1	7806.2	
587.29	8875.2	
587.48	6832	
587.67	6707.1	
587.87	8652.7	
588.06	8834.9	
588.25	8114.7	
588.44	7309.9	
588.63	8277.2	
588.83	8980.3	
589.02	6683.9	
589.21	6537.1	
589.4	8082	
589.59	7789.8	
589.78	5681.7	
589.98	6062.7	
590.17	7362.4	
590.36	8025.3	
590.55	5229.8	
590.74	6181.5	
590.94	9389.3	
591.13	7820.5	
591.32	5842.9	
591.51	5331.5	
591.7	8343.4	
591.89	7692.2	
592.09	5541.8	
592.28	6060.6	
592.47	7004.1	
592.66	8929.1	
592.85	5567.1	
593.05	5838.8	
593.24	7608.9	
593.43	8362.5	
593.62	5780.1	
593.81	6374.6	
594	7636.9	
594.19	7922.9	
594.39	5874.9	
594.58	5793.7	
594.77	8077.2	
594.96	8705.9	
595.15	5773.9	
595.34	6531	
595.54	8201.4	
595.73	7091.4	
595.92	5009.3	
596.11	6258.6	
596.3	8597.4	
596.49	7204.1	
596.68	6023.1	
596.88	6574.7	
597.07	8426	
597.26	7167.2	
597.45	5625.8	
597.64	7058.7	
597.83	7363.8	
598.02	8111.3	
598.22	5795.8	
598.41	6462.7	
598.6	7804.1	
598.79	7249.1	
598.98	5752.1	
599.17	6804	
599.36	7880.6	
599.55	9165.3	
599.74	8061.5	
599.94	7735.9	
600.13	8503.8	
600.32	7340.6	
600.51	5575.9	
600.7	5754.8	
600.89	9247.9	
601.08	9273.9	
601.27	5597.8	
601.47	6595.1	
601.66	8499.1	
601.85	9291.6	
602.04	6366.5	
602.23	6611.5	
602.42	7495.6	
602.61	8234.2	
602.8	6349.4	
602.99	5998.5	
603.18	8006.9	
603.37	8246.5	
603.57	6789	
603.76	7366.5	
603.95	9052	
604.14	8485.4	
604.33	6110.5	
604.52	6447	
604.71	8292.9	
604.9	7733.8	
605.09	7117.4	
605.28	6969.9	
605.47	8829.5	
605.66	8561.9	
605.86	6784.2	
606.05	6209.4	
606.24	8817.9	
606.43	7227.3	
606.62	6451.1	
606.81	7425.9	
607	8621.9	
607.19	7908.6	
607.38	5999.2	
607.57	6285.2	
607.76	7706.5	
607.95	7089.4	
608.14	6653.2	
608.33	7285.3	
608.52	7817.1	
608.72	8544.8	
608.91	5831.9	
609.1	5716.6	
609.29	7850.5	
609.48	7296.2	
609.67	6868.9	
609.86	5840.8	
610.05	7370.6	
610.24	7770.7	
610.43	5663.3	
610.62	5269.4	
610.81	9021.3	
611	8684.1	
611.19	5845.6	
611.38	6659.3	
611.57	8141.4	
611.76	9485.5	
611.95	5567.1	
612.14	5413.5	
612.33	7923.6	
612.52	7291.5	
612.71	6077.7	
612.9	5349.3	
613.09	6955.6	
613.28	9465	
613.47	5907	
613.66	6999.3	
613.85	7942.7	
614.04	7451.2	
614.24	6066.8	
614.43	5168.4	
614.62	8110.6	
614.81	8045.8	
615	6578.8	
615.19	6610.8	
615.38	7329	
615.57	7759.8	
615.76	6354.8	
615.95	7525.6	
616.14	8247.2	
616.33	7784.3	
616.52	6737.1	
616.71	7110.5	
616.9	8118.8	
617.09	7938.6	
617.28	5970.5	
617.47	7471.7	
617.66	7110.5	
617.85	7170.6	
618.04	7117.4	
618.22	6430.6	
618.41	7446.4	
618.6	8479.3	
618.79	6247.7	
618.98	5925.5	
619.17	8676.6	
619.36	7024.5	
619.55	6145.3	
619.74	6259.3	
619.93	7944.8	
620.12	7399.3	
620.31	6797.9	
620.5	6898.9	
620.69	9019.9	
620.88	8933.2	
621.07	7761.1	
621.26	6613.6	
621.45	8079.2	
621.64	8096.3	
621.83	6739.2	
622.02	5786.2	
622.21	8240.3	
622.4	7902.4	
622.59	7255.3	
622.78	6958.3	
622.97	7456.7	
623.16	8565.3	
623.35	6539.2	
623.54	5743.2	
623.72	7730.4	
623.91	7819.8	
624.1	6861.4	
624.29	5398.4	
624.48	9032.9	
624.67	8122.2	
624.86	6728.3	
625.05	5679	
625.24	9119.6	
625.43	7288	
625.62	8657.4	
625.81	5910.4	
626	8486.8	
626.19	7640.3	
626.38	6733.7	
626.56	6142.5	
626.75	7404.8	
626.94	8258.1	
627.13	6740.5	
627.32	5345.2	
627.51	8065.6	
627.7	9534.7	
627.89	5461.2	
628.08	6617.7	
628.27	7119.4	
628.46	7323.5	
628.65	5710.4	
628.83	5272.8	
629.02	8114.7	
629.21	7307.2	
629.4	6210.1	
629.59	6492.1	
629.78	7206.1	
629.97	8173.4	
630.16	6489.3	
630.35	5976.7	
630.54	8792.6	
630.72	8398	
630.91	5881.8	
631.1	6594.5	
631.29	7853.3	
631.48	8101.1	
631.67	6574.7	
631.86	6080.4	
632.05	7357	
632.24	7481.2	
632.42	5700.2	
632.61	6300.9	
632.8	7617.1	
632.99	7249.8	
633.18	6387.6	
633.37	6810.9	
633.56	7912	
633.75	7726.3	
633.93	6321.4	
634.12	5995.1	
634.31	8724.3	
634.5	8357.1	
634.69	6070.2	
634.88	6679.1	
635.07	7635.5	
635.25	8305.9	
635.44	7018.4	
635.63	7354.3	
635.82	7488.1	
636.01	6970.6	
636.2	7009.5	
636.39	6507.8	
636.57	8729.1	
636.76	8450.6	
636.95	5837.4	
637.14	7438.9	
637.33	8004.1	
637.52	9011.1	
637.7	5678.3	
637.89	6724.8	
638.08	7539.3	
638.27	9176.9	
638.46	6769.2	
638.65	7329	
638.83	9217.2	
639.02	7389.1	
639.21	6784.2	
639.4	7191.8	
639.59	7972.1	
639.78	7477.1	
639.96	5967.1	
640.15	6053.1	
640.34	7790.5	
640.53	8047.8	
640.72	5674.2	
640.91	6014.9	
641.09	7194.5	
641.28	8605.6	
641.47	5997.1	
641.66	6891.4	
641.85	7927	
642.03	8206.9	
642.22	6785.6	
642.41	6185.5	
642.6	7332.4	
642.79	6682.5	
642.97	5915.2	
643.16	6734.4	
643.35	7326.3	
643.54	7066.2	
643.73	5833.3	
643.91	6680.5	
644.1	6924.2	
644.29	7620.5	
644.48	5918.6	
644.67	5930.2	
644.85	7185	
645.04	7446.4	
645.23	5427.1	
645.42	5715.9	
645.6	6932.4	
645.79	8252.6	
645.98	5754.1	
646.17	4705.5	
646.36	6617	
646.54	7314.7	
646.73	6591	
646.92	5242.8	
647.11	6901.7	
647.29	8024.6	
647.48	5349.3	
647.67	5131.5	
647.86	8342.7	
648.05	8232.8	
648.23	5737.7	
648.42	7189.1	
648.61	7591.8	
648.8	7270.3	
648.98	5357.5	
649.17	5750.7	
649.36	6914.6	
649.55	6406	
649.73	5470.8	
649.92	6208.1	
650.11	6849.8	
650.3	7233.4	
650.48	5695.4	
650.67	5268.1	
650.86	7589.8	
651.05	6324.1	
651.23	5628.5	
651.42	5483.1	
651.61	6936.5	
651.79	7079.1	
651.98	5767.1	
652.17	5410.1	
652.36	7439.6	
652.54	6400.6	
652.73	5468.1	
652.92	5239.4	
653.11	7567.2	
653.29	7619.1	
653.48	4698	
653.67	5821	
653.85	7238.9	
654.04	8380.3	
654.23	5976	
654.42	5495.4	
654.6	6864.8	
654.79	7599.3	
654.98	4984.8	
655.16	5548.6	
655.35	6378.7	
655.54	6326.2	
655.73	5118.6	
655.91	4971.8	
656.1	7591.1	
656.29	6285.9	
656.47	4542.4	
656.66	6443.6	
656.85	6606.1	
657.03	6696.9	
657.22	5149.3	
657.41	5253	
657.59	6734.4	
657.78	6492.7	
657.97	4825	
658.16	5651	
658.34	7393.2	
658.53	7776.1	
658.72	6617.7	
658.9	7148.1	
659.09	6756.9	
659.28	6957.6	
659.46	5426.4	
659.65	5360.9	
659.84	6590.4	
660.02	7234.1	
660.21	5216.9	
660.4	5133.6	
660.58	7713.3	
660.77	6993.8	
660.96	5870.2	
661.14	4762.2	
661.33	8265.6	
661.52	8094.9	
661.7	4780.6	
661.89	8755.1	
662.08	6619.7	
662.26	6236.7	
662.45	5100.8	
662.64	5276.3	
662.82	7281.2	
663.01	6480.5	
663.2	5223	
663.38	6070.2	
663.57	7217.7	
663.75	7099.6	
663.94	5598.5	
664.13	7066.9	
664.31	6576.7	
664.5	7363.1	
664.69	6032.6	
664.87	6526.9	
665.06	6400.6	
665.25	7155.6	
665.43	6696.2	
665.62	6763.1	
665.8	7590.5	
665.99	6752.2	
666.18	5666	
666.36	5752.1	
666.55	7447.1	
666.74	7292.8	
666.92	5154.7	
667.11	6889.4	
667.29	6726.2	
667.48	7490.8	
667.67	6526.2	
667.85	5589.6	
668.04	6854.6	
668.22	6780.8	
668.41	5710.4	
668.6	5819	
668.78	6571.2	
668.97	6814.3	
669.15	6108.4	
669.34	5000.5	
669.53	6589.7	
669.71	7025.2	
669.9	5185.5	
670.08	5835.3	
670.27	6625.9	
670.46	7251.2	
670.64	6131.6	
670.83	6399.2	
671.01	6477.7	
671.2	7188.4	
671.38	5238.7	
671.57	5152.7	
671.76	7811	
671.94	8393.9	
672.13	5031.2	
672.31	6298.2	
672.5	7369.3	
672.69	6572.6	
672.87	5240.8	
673.06	5466	
673.24	7161.7	
673.43	6682.5	
673.61	6034.7	
673.8	5560.9	
673.98	7381.6	
674.17	7581.6	
674.36	6191.7	
674.54	6026.5	
674.73	7090.8	
674.91	7402	
675.1	5709.1	
675.28	5328.8	
675.47	6842.3	
675.65	7487.4	
675.84	5511.1	
676.03	5853.8	
676.21	6632	
676.4	6082.5	
676.58	6483.2	
676.77	6109.8	
676.95	8182.3	
677.14	6601.3	
677.32	5243.5	
677.51	5004.6	
677.69	7489.4	
677.88	6144.6	
678.06	5079	
678.25	5152	
678.44	6959.7	
678.62	6575.3	
678.81	4818.2	
678.99	5965.7	
679.18	7713.3	
679.36	7222.5	
679.55	5430.5	
679.73	6164.4	
679.92	7227.3	
680.1	6617.7	
680.29	6804	
680.47	5466	
680.66	6568.5	
680.84	7496.2	
681.03	4748.6	
681.21	5997.1	
681.4	6556.9	
681.58	6470.2	
681.77	5221.6	
681.95	5177.9	
682.14	7540.6	
682.32	7845.1	
682.51	6221.7	
682.69	4943.8	
682.88	6488	
683.06	7268.2	
683.25	5919.3	
683.43	6329.6	
683.62	6803.4	
683.8	7259.4	
683.99	6467.5	
684.17	5700.2	
684.36	8250.6	
684.54	6690.7	
684.73	4805.2	
684.91	5123.3	
685.1	6956.9	
685.28	6385.6	
685.46	5556.8	
685.65	5643.5	
685.83	7181.5	
686.02	6454.5	
686.2	4952	
686.39	5128.8	
686.57	6371.2	
686.76	7959.1	
686.94	5039.4	
687.13	5222.3	
687.31	7073	
687.5	6464.1	
687.68	4592.9	
687.86	5926.8	
688.05	8404.2	
688.23	5977.3	
688.42	6000.5	
688.6	5063.9	
688.79	6434.7	
688.97	6348.7	
689.16	5560.9	
689.34	4380.6	
689.52	7305.1	
689.71	7385	
689.89	5797.8	
690.08	5046.2	
690.26	6655.9	
690.45	6531.7	
690.63	5981.4	
690.81	5167.7	
691	6326.9	
691.18	6261.3	
691.37	5352	
691.55	7726.3	
691.74	6287.9	
691.92	8396.7	
692.1	5347.9	
692.29	4685.8	
692.47	6483.9	
692.66	5810.1	
692.84	4965.6	
693.02	5638.7	
693.21	5839.4	
693.39	6424.5	
693.58	5730.9	
693.76	5029.1	
693.94	7770	
694.13	7542	
694.31	5040.1	
694.5	6133.7	
694.68	6285.2	
694.86	6597.2	
695.05	5391.6	
695.23	5582.1	
695.42	7051.8	
695.6	9615.9	
695.78	6143.9	
695.97	5111.7	
696.15	7043.6	
696.34	6461.3	
696.52	4890.5	
696.7	5791.7	
696.89	6798.6	
697.07	6190.3	
697.25	5640.1	
697.44	7363.8	
697.62	6737.8	
697.81	7234.1	
697.99	5248.3	
698.17	5845.6	
698.36	5994.4	
698.54	6730.3	
698.72	5665.4	
698.91	4537.6	
699.09	6320.7	
699.28	6184.2	
699.46	5276.9	
699.64	5160.2	
699.83	6082.5	
700.01	7538.6	
700.19	5951.4	
700.38	4315.8	
700.56	7406.1	
700.74	6169.8	
700.93	4832.5	
701.11	5686.5	
701.29	6880.5	
701.48	8018.5	
701.66	5079	
701.84	5081	
702.03	6375.3	
702.21	7144	
702.39	4579.3	
702.58	5257.8	
702.76	6799.9	
702.94	6929	
703.13	4621.6	
703.31	7268.9	
703.49	6060.6	
703.68	7122.2	
703.86	4747.9	
704.04	5881.1	
704.23	6612.9	
704.41	7122.8	
704.59	4998.4	
704.78	6354.2	
704.96	7801.4	
705.14	7107.8	
705.33	4814.1	
705.51	5700.9	
705.69	6473.6	
705.87	7418.4	
706.06	5964.4	
706.24	4713.7	
706.42	6819.1	
706.61	7163.1	
706.79	6029.9	
706.97	4840	
707.16	6293.4	
707.34	6896.2	
707.52	5997.8	
707.7	5081.7	
707.89	6462	
708.07	6034.7	
708.25	6049.7	
708.44	6131.6	
708.62	6384.9	
708.8	7596.6	
708.98	6317.3	
709.17	5194.3	
709.35	6828.6	
709.53	6886.6	
709.72	4882.4	
709.9	5034.6	
710.08	7000	
710.26	7133.8	
710.45	6604.7	
710.63	5255.1	
710.81	6799.3	
710.99	6786.3	
711.18	5896.1	
711.36	5362.3	
711.54	6598.6	
711.72	7301	
711.91	5397.1	
712.09	4807.9	
712.27	6748.1	
712.45	7443.7	
712.64	5756.8	
712.82	4623.6	
713	6094.8	
713.18	6320.7	
713.37	4755.4	
713.55	6167.8	
713.73	7330.4	
713.91	5698.8	
714.1	5158.2	
714.28	4625	
714.46	6909.2	
714.64	6048.3	
714.83	4017.4	
715.01	4990.2	
715.19	6125.5	
715.37	5589.6	
715.55	4665.3	
715.74	4934.9	
715.92	7202.7	
716.1	5025.7	
716.28	6149.4	
716.47	5186.1	
716.65	5810.8	
716.83	5963	
717.01	4954.7	
717.19	5097.4	
717.38	8104.5	
717.56	5560.9	
717.74	5293.3	
717.92	4302.1	
718.1	6838.9	
718.29	5963	
718.47	3891.1	
718.65	4641.4	
718.83	6760.3	
719.01	6672.3	
719.2	3822.2	
719.38	4987.5	
719.56	6379.4	
719.74	8135.2	
719.92	4567.7	
720.11	5793	
720.29	6425.8	
720.47	5478.3	
720.65	4113.7	
720.83	5025	
721.02	5878.4	
721.2	5658.5	
721.38	5119.9	
721.56	4293.9	
721.74	5115.8	
721.92	5307	
722.11	5692.7	
722.29	5305.6	
722.47	6611.5	
722.65	5764.3	
722.83	4371	
723.01	5410.1	
723.2	5864	
723.38	6152.1	
723.56	3663.8	
723.74	5000.5	
723.92	5339.1	
724.1	6593.1	
724.29	4295.3	
724.47	5589.6	
724.65	5396.4	
724.83	5365	
725.01	4171	
725.19	5119.9	
725.37	5475.6	
725.56	5550.7	
725.74	3970.3	
725.92	4293.2	
726.1	5370.5	
726.28	5710.4	
726.46	4793.6	
726.64	4532.8	
726.83	5653.1	
727.01	5943.2	
727.19	4048.2	
727.37	4984.1	
727.55	5732.3	
727.73	6402	
727.91	3953.9	
728.09	3792.8	
728.28	6476.4	
728.46	6990.4	
728.64	5051	
728.82	4985.4	
729	7508.5	
729.18	6657.3	
729.36	4131.4	
729.54	6784.2	
729.72	7944.1	
729.91	6051.7	
730.09	6299.6	
730.27	4840.7	
730.45	5900.9	
730.63	6622.4	
730.81	5552.7	
730.99	4501.4	
731.17	7156.3	
731.35	5696.1	
731.53	5111.7	
731.71	4672.1	
731.9	6866.2	
732.08	7190.4	
732.26	5055.1	
732.44	4631.8	
732.62	7109.9	
732.8	6630	
732.98	5406.6	
733.16	4375.8	
733.34	6552.8	
733.52	5205.9	
733.7	5029.1	
733.88	5239.4	
734.07	6469.5	
734.25	6206	
734.43	4344.4	
734.61	6136.4	
734.79	7876.5	
734.97	6006	
735.15	4612.7	
735.33	4929.5	
735.51	6471.6	
735.69	6066.8	
735.87	6436.1	
736.05	5190.2	
736.23	6292.7	
736.41	6082.5	
736.59	5070.1	
736.77	5157.5	
736.95	6813.6	
737.13	6191	
737.32	4702.1	
737.5	4856.4	
737.68	7393.2	
737.86	6034	
738.04	4390.2	
738.22	6559	
738.4	5797.8	
738.58	6172.6	
738.76	5227.1	
738.94	4048.2	
739.12	5988.3	
739.3	5843.5	
739.48	5877	
739.66	5536.3	
739.84	6420.4	
740.02	6313.2	
740.2	4140.3	
740.38	4567.7	
740.56	6775.4	
740.74	5490.6	
740.92	5310.4	
741.1	5264.6	
741.28	6120.7	
741.46	6027.2	
741.64	4786.1	
741.82	5388.2	
742	6214.9	
742.18	6143.2	
742.36	5102.9	
742.54	4581.3	
742.72	6845	
742.9	5444.9	
743.08	5472.9	
743.26	4181.3	
743.44	7127.6	
743.62	6914.6	
743.8	5634.6	
743.98	4746.5	
744.16	6642.9	
744.34	6236.1	
744.52	5475.6	
744.7	5498.1	
744.88	6737.8	
745.06	6234.7	
745.24	5637.4	
745.42	5771.2	
745.6	6776.7	
745.78	6561	
745.96	4403.1	
746.14	4670.7	
746.32	7602.7	
746.5	6877.8	
746.68	5375.9	
746.86	4780	
747.03	7348.1	
747.21	5500.2	
747.39	5333.6	
747.57	4769.7	
747.75	6477.7	
747.93	6828.6	
748.11	4741.7	
748.29	4598.4	
748.47	8170.7	
748.65	6147.3	
748.83	5501.5	
749.01	5212.8	
749.19	6681.8	
749.37	5787.6	
749.55	5090.6	
749.73	5228.5	
749.91	6239.5	
750.09	5875.6	
750.26	5177.9	
750.44	4601.1	
750.62	6362.4	
750.8	6271.6	
750.98	4367.6	
751.16	4831.2	
751.34	6365.1	
751.52	5651.7	
751.7	5707	
751.88	4353.3	
752.06	6890.7	
752.24	6675	
752.42	4259.1	
752.59	4755.4	
752.77	6269.5	
752.95	7587.7	
753.13	5512.4	
753.31	4859.1	
753.49	5886.5	
753.67	6436.8	
753.85	5203.2	
754.03	4803.9	
754.21	6714.6	
754.38	7096.2	
754.56	4962.9	
754.74	3923.9	
754.92	5913.2	
755.1	6754.2	
755.28	4016.1	
755.46	4009.9	
755.64	7536.5	
755.82	7643	
755.99	4351.3	
756.17	4446.8	
756.35	4994.3	
756.53	6655.2	
756.71	3254.9	
756.89	4347.8	
757.07	6248.4	
757.25	5269.4	
757.42	4875.5	
757.6	5734.3	
757.78	6214.2	
757.96	5111.7	
758.14	4451.6	
758.32	3983.3	
758.5	4610.7	
758.67	5560.2	
758.85	4242.7	
759.03	4384.7	
759.21	5739.8	
759.39	5145.2	
759.57	3837.2	
759.75	5094.7	
759.92	6395.8	
760.1	5597.8	
760.28	5522.7	
760.46	5741.8	
760.64	5408	
760.82	5133.6	
760.99	5303.6	
761.17	4347.8	
761.35	6328.9	
761.53	5212.1	
761.71	4427.7	
761.89	5211.4	
762.06	6213.5	
762.24	5585.5	
762.42	4642.7	
762.6	4344.4	
762.78	5623.7	
762.96	6327.5	
763.13	5055.1	
763.31	4596.3	
763.49	6574	
763.67	5558.2	
763.85	5616.9	
764.02	6272.9	
764.2	6858.6	
764.38	5882.4	
764.56	4528.1	
764.74	5569.8	
764.91	6957.6	
765.09	5782.1	
765.27	4185.4	
765.45	3992.9	
765.63	6991.8	
765.8	6882.5	
765.98	3629	
766.16	4113	
766.34	5310.4	
766.52	5088.5	
766.69	5133.6	
766.87	3887.7	
767.05	5676.3	
767.23	6587	
767.41	4293.2	
767.58	4637.3	
767.76	6410.1	
767.94	6490.7	
768.12	4300.7	
768.29	5201.2	
768.47	5922	
768.65	6668.2	
768.83	3998.3	
769	5300.8	
769.18	5344.5	
769.36	6182.8	
769.54	5040.7	
769.72	4125.3	
769.89	6402.6	
770.07	6594.5	
770.25	4346.5	
770.43	5750	
770.6	7367.9	
770.78	7861.5	
770.96	4654.4	
771.14	5328.1	
771.31	6339.8	
771.49	5652.4	
771.67	3667.9	
771.85	3994.9	
772.02	4909.7	
772.2	5710.4	
772.38	4760.8	
772.55	4175.8	
772.73	6006.7	
772.91	5729.5	
773.09	4713.1	
773.26	4705.5	
773.44	5950	
773.62	5601.9	
773.8	4113	
773.97	3809.9	
774.15	6072.9	
774.33	5644.2	
774.5	4022.9	
774.68	4455.7	
774.86	6183.5	
775.04	5700.9	
775.21	4115.7	
775.39	4101.4	
775.57	5975.3	
775.74	6441.5	
775.92	3967.6	
776.1	3838.6	
776.27	5920	
776.45	7328.3	
776.63	4134.2	
776.81	3611.3	
776.98	5546.6	
777.16	6778.1	
777.34	4316.4	
777.51	4624.3	
777.69	5580	
777.87	5299.5	
778.04	4302.1	
778.22	5076.9	
778.4	5310.4	
778.57	6037.4	
778.75	3500	
778.93	3878.2	
779.1	5076.2	
779.28	4990.2	
779.46	3594.2	
779.64	4143.7	
779.81	6298.9	
779.99	7182.2	
780.17	5027.1	
780.34	5184.8	
780.52	5610.8	
780.69	5936.4	
780.87	4450.2	
781.05	3963.5	
781.22	5614.2	
781.4	5788.9	
781.58	4123.2	
781.75	3166.8	
781.93	5771.9	
782.11	5078.3	
782.28	5093.3	
782.46	4126	
782.64	4926	
782.81	5904.3	
782.99	4212	
783.17	4247.5	
783.34	5807.4	
783.52	4956.1	
783.69	4508.3	
783.87	5380	
784.05	5159.5	
784.22	5083.1	
784.4	5319.3	
784.58	4543.1	
784.75	6100.9	
784.93	5070.8	
785.1	4185.4	
785.28	4887.1	
785.46	5780.7	
785.63	5071.5	
785.81	4143	
785.99	3994.9	
786.16	5215.5	
786.34	5687.9	
786.51	4043.4	
786.69	4464.6	
786.87	4835.3	
787.04	5440.1	
787.22	3442	
787.39	4891.2	
787.57	5080.3	
787.75	6352.8	
787.92	5111.7	
788.1	4837.3	
788.27	5105.6	
788.45	4946.5	
788.63	4730.8	
788.8	3354.6	
788.98	5477.6	
789.15	4810.7	
789.33	3452.2	
789.5	4280.3	
789.68	6159.6	
789.86	6285.2	
790.03	4485.7	
790.21	4045.4	
790.38	6066.8	
790.56	5321.3	
790.73	3923.2	
790.91	3978.5	
791.09	5138.4	
791.26	6016.2	
791.44	4180.6	
791.61	3531.4	
791.79	5128.1	
791.96	5214.1	
792.14	3750.5	
792.32	3250.8	
792.49	5196.4	
792.67	5237.3	
792.84	3738.2	
793.02	3519.1	
793.19	5653.8	
793.37	6455.9	
793.54	3306.8	
793.72	3687.7	
793.89	6610.8	
794.07	5233.9	
794.25	4374.5	
794.42	3349.8	
794.6	6315.3	
794.77	5908.4	
794.95	4631.1	
795.12	4052.2	
795.3	5118.6	
795.47	5898.8	
795.65	4476.2	
795.82	4240	
796	5008	
796.17	7061.4	
796.35	4083.6	
796.52	4963.6	
796.7	5727.5	
796.87	5859.2	
797.05	5136.3	
797.22	5018.2	
797.4	5812.8	
797.57	6902.3	
797.75	4278.9	
797.92	3961.5	
798.1	6128.2	
798.27	5184.1	
798.45	3414	
798.62	3725.3	
798.8	5489.9	
798.97	6117.3	
799.15	4526	
799.32	4205.2	
799.5	4685.1	
799.67	5582.8	
799.85	4646.8	
800.02	3335.5	
800.2	5061.9	
800.37	5547.9	
800.55	4935.6	
800.72	4025.6	
800.9	5995.1	
801.07	6516.6	
801.25	5463.3	
801.42	4465.9	
801.6	6039.5	
801.77	5751.4	
801.95	3908.9	
802.12	3891.8	
802.29	5722.7	
802.47	5739.8	
802.64	4373.1	
802.82	3272	
802.99	5077.6	
803.17	6217	
803.34	4312.3	
803.52	3866.6	
803.69	6924.2	
803.87	4876.2	
804.04	4220.2	
804.21	4355.3	
804.39	6341.9	
804.56	5382.7	
804.74	3604.4	
804.91	4438.6	
805.09	5162.9	
805.26	5321.3	
805.44	3659	
805.61	4059.8	
805.78	5874.9	
805.96	5964.4	
806.13	4459.8	
806.31	4777.9	
806.48	4678.2	
806.66	5219.6	
806.83	4354	
807	4306.9	
807.18	5120.6	
807.35	5607.3	
807.53	4283.7	
807.7	3403	
807.87	6419	
808.05	5233.9	
808.22	4844.8	
808.4	3393.5	
808.57	5211.4	
808.74	4792.2	
808.92	3939.6	
809.09	5054.4	
809.27	5091.3	
809.44	5778.7	
809.61	3506.1	
809.79	3840.6	
809.96	6451.8	
810.14	5995.8	
810.31	3344.3	
810.48	4119.1	
810.66	5335.6	
810.83	6196.5	
811.01	3921.2	
811.18	4730.8	
811.35	5997.8	
811.53	4659.8	
811.7	4792.2	
811.87	4465.9	
812.05	5207.3	
812.22	5114.5	
812.39	3736.9	
812.57	3640.6	
812.74	5231.9	
812.92	7090.1	
813.09	4151.2	
813.26	4597	
813.44	6707.8	
813.61	5135.6	
813.78	3390.8	
813.96	4647.5	
814.13	5211.4	
814.3	4878.3	
814.48	5079.6	
814.65	4134.8	
814.82	6670.2	
815	5050.3	
815.17	4256.4	
815.34	5195	
815.52	5147.9	
815.69	5152.7	
815.87	4329.4	
816.04	3644.7	
816.21	5287.9	
816.38	4531.5	
816.56	4078.9	
816.73	3745.1	
816.9	6617	
817.08	6038.8	
817.25	3905.5	
817.42	4902.2	
817.6	4707.6	
817.77	5261.9	
817.94	4375.1	
818.12	3775.8	
818.29	4894.6	
818.46	7977.5	
818.64	3961.5	
818.81	3734.1	
818.98	4842.1	
819.16	7193.8	
819.33	4582.7	
819.5	4298.7	
819.67	5635.3	
819.85	6356.2	
820.02	4139.6	
820.19	4493.9	
820.37	5455.1	
820.54	5097.4	
820.71	4341	
820.88	5423.7	
821.06	5443.5	
821.23	4973.8	
821.4	4397	
821.58	4342.4	
821.75	6057.2	
821.92	5318.6	
822.09	3435.8	
822.27	3761.4	
822.44	5214.1	
822.61	5137.7	
822.79	3454.2	
822.96	6864.8	
823.13	5817.6	
823.3	4913.8	
823.48	4040.6	
823.65	3616.7	
823.82	5982.1	
823.99	4770.4	
824.17	5159.5	
824.34	3732.8	
824.51	6959	
824.68	5321.3	
824.86	3894.6	
825.03	4357.4	
825.2	5255.1	
825.37	6415.6	
825.55	3814.7	
825.72	4315.8	
825.89	7088	
826.06	6527.6	
826.24	4131.4	
826.41	4235.2	
826.58	6383.5	
826.75	5528.2	
826.92	3251.5	
827.1	3626.3	
827.27	8903.9	
827.44	7019.1	
827.61	3947.1	
827.79	4876.9	
827.96	4902.2	
828.13	5332.9	
828.3	4163.5	
828.47	3502	
828.65	5473.5	
828.82	5489.9	
828.99	5439.4	
829.16	4784.7	
829.34	5865.4	
829.51	5641.5	
829.68	4268.6	
829.85	4499.4	
830.02	6166.4	
830.2	5892.7	
830.37	3298.6	
830.54	5262.6	
830.71	6737.1	
830.88	5214.8	
831.05	3308.2	
831.23	3861.8	
831.4	6414.9	
831.57	7262.1	
831.74	4012.7	
831.91	3463.1	
832.09	5453.1	
832.26	5863.3	
832.43	4108.9	
832.6	4651.6	
832.77	5455.8	
832.94	6322.1	
833.12	3228.3	
833.29	4074.8	
833.46	5105.6	
833.63	7546.1	
833.8	4537.6	
833.97	4156.7	
834.15	5894.7	
834.32	5652.4	
834.49	4324.6	
834.66	4397	
834.83	6162.3	
835	4908.3	
835.17	3974.4	
835.35	4010.6	
835.52	5746.6	
835.69	5660.6	
835.86	4213.4	
836.03	3437.2	
836.2	5858.6	
836.37	5421	
836.55	4097.3	
836.72	3860.4	
836.89	5401.2	
837.06	5909.1	
837.23	4232.5	
837.4	4563.6	
837.57	6740.5	
837.75	7552.9	
837.92	3789.4	
838.09	4020.2	
838.26	5388.2	
838.43	6226.5	
838.6	4328.7	
838.77	3859.1	
838.94	7085.3	
839.11	6842.3	
839.29	4130.1	
839.46	3237.8	
839.63	5844.9	
839.8	5532.9	
839.97	3990.1	
840.14	4023.6	
840.31	5584.8	
840.48	5867.4	
840.65	3287.7	
840.82	3885	
841	5819.6	
841.17	5810.1	
841.34	3695.2	
841.51	3750.5	
841.68	5746.6	
841.85	5479	
842.02	3840.6	
842.19	3141.6	
842.36	5559.6	
842.53	5546.6	
842.7	3687.7	
842.87	4584	
843.05	7454.6	
843.22	5546.6	
843.39	3459	
843.56	3719.1	
843.73	5285.1	
843.9	5938.4	
844.07	6072.2	
844.24	5016.2	
844.41	8798.1	
844.58	5063.9	
844.75	3581.2	
844.92	3783.3	
845.09	5874.3	
845.26	5879	
845.43	3636.5	
845.6	3898.6	
845.77	5848.3	
845.94	5546.6	
846.12	4042.7	
846.29	4253.6	
846.46	6059.3	
846.63	5884.5	
846.8	3672.7	
846.97	4374.5	
847.14	6358.3	
847.31	5808	
847.48	4151.9	
847.65	4573.8	
847.82	6213.5	
847.99	6161.7	
848.16	4904.9	
848.33	4532.2	
848.5	5395	
848.67	6371.2	
848.84	3621.5	
849.01	3756	
849.18	5193.6	
849.35	4859.8	
849.52	4616.8	
849.69	3577.8	
849.86	6045.6	
850.03	6389.7	
850.2	3725.3	
850.37	4546.5	
850.54	6272.9	
850.71	5553.4	
850.88	4420.9	
851.05	3633.1	
851.22	5711.1	
851.39	6440.9	
851.56	3473.4	
851.73	4281.6	
851.9	5115.1	
852.07	6126.2	
852.24	4044.1	
852.41	3648.8	
852.58	5690.6	
852.75	5203.9	
852.92	4061.8	
853.09	3582.6	
853.26	5410.1	
853.43	6358.3	
853.6	3608.5	
853.77	3140.9	
853.94	6453.8	
854.11	5810.1	
854.28	5512.4	
854.44	3965.6	
854.61	6913.9	
854.78	5954.1	
854.95	3620.1	
855.12	4620.2	
855.29	4637.3	
855.46	6550.1	
855.63	3584.6	
855.8	5083.1	
855.97	5392.3	
856.14	6262	
856.31	5264.6	
856.48	3956	
856.65	5412.1	
856.82	5061.2	
856.99	3465.2	
857.16	3919.8	
857.33	7219.1	
857.49	5509.7	
857.66	3915.7	
857.83	4323.9	
858	5347.2	
858.17	5619.6	
858.34	3478.8	
858.51	3674.7	
858.68	6666.8	
858.85	6656.6	
859.02	4313.7	
859.19	4493.9	
859.36	5068.7	
859.52	5171.1	
859.69	3627	
859.86	4275.5	
860.03	5184.1	
860.2	6498.2	
860.37	3339.6	
860.54	3680.9	
860.71	6135.7	
860.88	6599.2	
861.05	4143	
861.21	4631.1	
861.38	6622.4	
861.55	4972.5	
861.72	3307.5	
861.89	4072	
862.06	6180.8	
862.23	6691.4	
862.4	3565.5	
862.56	3806.5	
862.73	6021.7	
862.9	5594.4	
863.07	4321.2	
863.24	3241.9	
863.41	4976.6	
863.58	5121.3	
863.75	3756.7	
863.91	4201.1	
864.08	6547.4	
864.25	6006.7	
864.42	4650.3	
864.59	5195.7	
864.76	6886	
864.93	5114.5	
865.09	3553.2	
865.26	3895.2	
865.43	6354.8	
865.6	6861.4	
865.77	3121.8	
865.94	3653.6	
866.1	6513.9	
866.27	6146.6	
866.44	5595.1	
866.61	3485	
866.78	5556.1	
866.95	5994.4	
867.11	3532.7	
867.28	3203.7	
867.45	6205.3	
867.62	5272.8	
867.79	4248.9	
867.96	3629.7	
868.12	5196.4	
868.29	6210.1	
868.46	3675.4	
868.63	4950.6	
868.8	6356.2	
868.97	6052.4	
869.13	3792.8	
869.3	3777.8	
869.47	5956.2	
869.64	6228.6	
869.81	3691.8	
869.97	3659.7	
870.14	5860.6	
870.31	6606.7	
870.48	3542.3	
870.65	4607.9	
870.81	5440.8	
870.98	5408.7	
871.15	4192.2	
871.32	3790.8	
871.48	5980.8	
871.65	6660.7	
871.82	3680.9	
871.99	4031.1	
872.16	7132.4	
872.32	6386.2	
872.49	3656.3	
872.66	3680.2	
872.83	6066.8	
872.99	5341.1	
873.16	4218.1	
873.33	3620.1	
873.5	5752.7	
873.67	5708.4	
873.83	3822.2	
874	4919.9	
874.17	5902.2	
874.34	7038.9	
874.5	4764.9	
874.67	4619.5	
874.84	6554.2	
875.01	5111	
875.17	5195.7	
875.34	3648.8	
875.51	5790.3	
875.68	6974	
875.84	4406.5	
876.01	5452.4	
876.18	6044.2	
876.34	6030.6	
876.51	3707.5	
876.68	3611.3	
876.85	5498.1	
877.01	6371.2	
877.18	5274.9	
877.35	3605.1	
877.52	5577.3	
877.68	5027.1	
877.85	3550.5	
878.02	3583.9	
878.18	5679.7	
878.35	5301.5	
878.52	2859.6	
878.69	4079.6	
878.85	6140.5	
879.02	6077.7	
879.19	5228.5	
879.35	3969.6	
879.52	6080.4	
879.69	6272.2	
879.86	3163.4	
880.02	4031.8	
880.19	5563.6	
880.36	6888	
880.52	4237.9	
880.69	4328	
880.86	6189.6	
881.02	6281.8	
881.19	3992.2	
881.36	4020.2	
881.52	6034.7	
881.69	5319.9	
881.86	3916.4	
882.02	3906.2	
882.19	6394.4	
882.36	7421.8	
882.52	3717.7	
882.69	5267.4	
882.86	5793	
883.02	5726.8	
883.19	4477.5	
883.36	4248.2	
883.52	6180.8	
883.69	7175.4	
883.86	3710.9	
884.02	3310.2	
884.19	6134.3	
884.36	5648.3	
884.52	4137.6	
884.69	3893.2	
884.86	5322.7	
885.02	6825.2	
885.19	4074.1	
885.36	4242.7	
885.52	5715.2	
885.69	5781.4	
885.86	5363.6	
886.02	4778.6	
886.19	6165.8	
886.35	5509	
886.52	4093.2	
886.69	5200.5	
886.85	5146.5	
887.02	6530.3	
887.19	6530.3	
887.35	6530.3	
887.52	6530.3	
887.68	6530.3	
887.85	6530.3	
888.02	6530.3	
888.18	6530.3	
888.35	6530.3	
888.51	6530.3	
888.68	6530.3	
888.85	6530.3	
889.01	6530.3	
889.18	6530.3	
889.35	6530.3	
889.51	6530.3	
889.68	6530.3	
889.84	6530.3	
890.01	6530.3	
890.17	6530.3	
890.34	6530.3	
890.51	6530.3	
890.67	6530.3	
890.84	6530.3	
891	6530.3	
891.17	6530.3	
891.34	6530.3	
891.5	6530.3	
891.67	6530.3	
891.83	6530.3	
892	6530.3	
892.16	6530.3	
892.33	6530.3	
892.5	6530.3	
892.66	6530.3	
892.83	6530.3	
892.99	6530.3	
893.16	6530.3	
893.32	6530.3	
893.49	6530.3	
893.65	6530.3	
893.82	6530.3	
893.99	6530.3	
894.15	6530.3	
894.32	6530.3	
894.48	6530.3	
894.65	6530.3	
894.81	6530.3	
894.98	6530.3	
895.14	6530.3	
895.31	6530.3	
895.47	6530.3	
895.64	6530.3	
895.81	6530.3	
895.97	6530.3	
896.14	6530.3	
896.3	6530.3	
896.47	6530.3	
896.63	6530.3	
896.8	6530.3	
896.96	6530.3	
897.13	6530.3	
897.29	6530.3	
897.46	6530.3	
897.62	6530.3	
897.79	6530.3	
897.95	6530.3	
898.12	6530.3	
898.28	6530.3	
898.45	6530.3	
898.61	6530.3	
898.78	6530.3	
898.94	6530.3	
899.11	6530.3	
899.27	6530.3	
899.44	6530.3	
899.6	6530.3	
899.77	6530.3	
899.93	6530.3	
900.1	6530.3	
900.26	6530.3	
900.43	6530.3	
900.59	6530.3	
900.76	6530.3	
900.92	6530.3	
901.09	6530.3	
901.25	6530.3	
901.42	6530.3	
901.58	6530.3	
901.75	6530.3	
901.91	6530.3	
902.07	6530.3	
902.24	6530.3	
902.4	6530.3	
902.57	6530.3	
902.73	6530.3	
902.9	6530.3	
903.06	6530.3	
903.23	6530.3	
903.39	6530.3	
903.56	6530.3	
903.72	6530.3	
903.88	6530.3	
904.05	6530.3	
904.21	6530.3	
904.38	6530.3	
904.54	6530.3	
904.71	6530.3	
904.87	6530.3	
905.03	6530.3	
905.2	6530.3	
905.36	6530.3	
905.53	6530.3	
905.69	6530.3	
905.86	6530.3	
906.02	6530.3	
906.18	6530.3	
906.35	6530.3	
906.51	6530.3	
906.68	6530.3	
906.84	6530.3	
907.01	6530.3	
907.17	6530.3	
907.33	6530.3	
907.5	6530.3	
907.66	6530.3	
907.83	6530.3	
907.99	6530.3	
908.15	6530.3	
908.32	6530.3	
908.48	6530.3	
908.65	6530.3	
908.81	6530.3	
908.97	6530.3	
909.14	6530.3	
909.3	6530.3	
909.47	6530.3	
909.63	6530.3	
909.79	6530.3	
909.96	6530.3	
910.12	6530.3	
910.28	6530.3	
910.45	6530.3	
910.61	6530.3	
910.78	6530.3	
910.94	6530.3	
911.1	6530.3	
911.27	6530.3	
911.43	6530.3	
911.59	6530.3	
911.76	6530.3	
911.92	6530.3	
912.08	6530.3	
912.25	6530.3	
912.41	6530.3	
912.57	6530.3	
912.74	6530.3	
912.9	6530.3	
913.07	6530.3	
913.23	6530.3	
913.39	6530.3	
913.56	6530.3	
913.72	6530.3	
913.88	6530.3	
914.05	6530.3	
914.21	6530.3	
914.37	6530.3	
914.54	6530.3	
914.7	6530.3	
914.86	6530.3	
915.03	6530.3	
915.19	6530.3	
