Wavelength	Intensities	
nm	a.u.	
179.22	1936.7	
179.44	1929.9	
179.65	1943.5	
179.86	1916.2	
180.08	1925.1	
180.29	5033.9	
180.51	3602.4	
180.72	5746.6	
180.94	6860	
181.15	3395.5	
181.37	3262.4	
181.58	5634	
181.79	5944.6	
182.01	3461.7	
182.22	3751.2	
182.44	5923.4	
182.65	4945.8	
182.87	4786.8	
183.08	4134.2	
183.29	6190.3	
183.51	5148.6	
183.72	3770.3	
183.94	5537.7	
184.15	5517.9	
184.37	5535.7	
184.58	3348.4	
184.79	4597	
185.01	5109	
185.22	5923.4	
185.44	4867.3	
185.65	4059.8	
185.86	5417.6	
186.08	4972.5	
186.29	3197.6	
186.51	3487	
186.72	5128.1	
186.94	6062.7	
187.15	4043.4	
187.36	4222.2	
187.58	7989.1	
187.79	5655.1	
188.01	4330.1	
188.22	6853.9	
188.43	6811.5	
188.65	5908.4	
188.86	3431.7	
189.08	4182.6	
189.29	5416.2	
189.5	5330.2	
189.72	3853.6	
189.93	3943	
190.15	6118.6	
190.36	7322.9	
190.57	4311	
190.79	4149.9	
191	6234.7	
191.22	6212.2	
191.43	4332.8	
191.64	3515	
191.86	6419	
192.07	6127.5	
192.29	3611.9	
192.5	3901.4	
192.71	6091.3	
192.93	5241.4	
193.14	3771	
193.35	3912.3	
193.57	5278.3	
193.78	6191.7	
194	3127.2	
194.21	3767.6	
194.42	5046.2	
194.64	5530.9	
194.85	4134.2	
195.07	4939	
195.28	5600.5	
195.49	4834.6	
195.71	5229.8	
195.92	3551.2	
196.13	5769.1	
196.35	5914.5	
196.56	5516.5	
196.78	4201.7	
196.99	7305.8	
197.2	6817.7	
197.42	4774.5	
197.63	4217.5	
197.84	4970.4	
198.06	5741.8	
198.27	3915.7	
198.48	5206.6	
198.7	5318.6	
198.91	5418.9	
199.13	4250.2	
199.34	4241.3	
199.55	5970.5	
199.77	4846.2	
199.98	3653.6	
200.19	4248.9	
200.41	5496.7	
200.62	5109	
200.83	4381.3	
201.05	4751.3	
201.26	5416.9	
201.47	5120.6	
201.69	3783.3	
201.9	3543	
202.11	5464.7	
202.33	6626.5	
202.54	4004.5	
202.76	4470.7	
202.97	5696.8	
203.18	5677.7	
203.4	4450.2	
203.61	4201.1	
203.82	5623	
204.04	5213.4	
204.25	4235.9	
204.46	4197	
204.68	5555.5	
204.89	5819.6	
205.1	4104.8	
205.32	3540.3	
205.53	6034.7	
205.74	6096.1	
205.96	2980.5	
206.17	4257	
206.38	5944.6	
206.6	6068.1	
206.81	4816.1	
207.02	3947.8	
207.24	5819.6	
207.45	6205.3	
207.66	4034.5	
207.88	3410.6	
208.09	5773.9	
208.3	5562.3	
208.52	3672.7	
208.73	4078.9	
208.94	5540.4	
209.15	6233.3	
209.37	4004.5	
209.58	4179.2	
209.79	6109.1	
210.01	5349.3	
210.22	3186	
210.43	3345.7	
210.65	5528.2	
210.86	5978.7	
211.07	3964.9	
211.29	3638.6	
211.5	5969.8	
211.71	5455.1	
211.93	3663.8	
212.14	3611.3	
212.35	5495.4	
212.56	5765.7	
212.78	4281.6	
212.99	3442.6	
213.2	6571.9	
213.42	5225.7	
213.63	3812	
213.84	4119.1	
214.06	4911.7	
214.27	5009.3	
214.48	4016.1	
214.69	4323.9	
214.91	6277	
215.12	6380.8	
215.33	4384.7	
215.55	4814.1	
215.76	6865.5	
215.97	5961	
216.18	4197	
216.4	3994.9	
216.61	5213.4	
216.82	6022.4	
217.04	3739.6	
217.25	3840.6	
217.46	6167.8	
217.67	5959.6	
217.89	3258.3	
218.1	3434.4	
218.31	5637.4	
218.53	5739.8	
218.74	3854.3	
218.95	3774.4	
219.16	5541.1	
219.38	6509.8	
219.59	3786.7	
219.8	4524	
220.01	7256.6	
220.23	5616.9	
220.44	4982.7	
220.65	3731.4	
220.87	5601.2	
221.08	6224.5	
221.29	3381.2	
221.5	4618.9	
221.72	7671.7	
221.93	5272.2	
222.14	4209.3	
222.35	4978.6	
222.57	5599.1	
222.78	5984.8	
222.99	3965.6	
223.2	4323.9	
223.42	5972.6	
223.63	6026.5	
223.84	3107.5	
224.05	3069.2	
224.27	7148.1	
224.48	6473.6	
224.69	5000.5	
224.9	4257	
225.12	5796.4	
225.33	5535	
225.54	3369.6	
225.75	3786.7	
225.97	5087.2	
226.18	5384.1	
226.39	4065.9	
226.6	3796.9	
226.82	5265.3	
227.03	5165	
227.24	4203.1	
227.45	3487.7	
227.67	5929.6	
227.88	6581.5	
228.09	4751.3	
228.3	4780	
228.52	6026.5	
228.73	5563.6	
228.94	3871.3	
229.15	3438.5	
229.36	5427.1	
229.58	5383.4	
229.79	4007.2	
230	4604.5	
230.21	6608.1	
230.43	5653.8	
230.64	4188.1	
230.85	4384	
231.06	5993.7	
231.28	6052.4	
231.49	3458.3	
231.7	4101.4	
231.91	5924.8	
232.12	5616.2	
232.34	3568.9	
232.55	4107.5	
232.76	6171.2	
232.97	5748.6	
233.18	3659.7	
233.4	4176.5	
233.61	5799.2	
233.82	5262.6	
234.03	3863.2	
234.25	3827.7	
234.46	7750.2	
234.67	5628.5	
234.88	4397	
235.09	3734.1	
235.31	5877.7	
235.52	5400.5	
235.73	4177.9	
235.94	3560.1	
236.15	5326.1	
236.37	6784.9	
236.58	3678.2	
236.79	4078.9	
237	5885.9	
237.21	5067.4	
237.43	4317.8	
237.64	3369.6	
237.85	10258	
238.06	5109	
238.27	4448.9	
238.48	3519.1	
238.7	5844.2	
238.91	5399.1	
239.12	4028.4	
239.33	4077.5	
239.54	5142.4	
239.76	5454.4	
239.97	3975.8	
240.18	4029.7	
240.39	7052.5	
240.6	5832.6	
240.82	4174.4	
241.03	3405.8	
241.24	5588.2	
241.45	6486.6	
241.66	3666.5	
241.87	4374.5	
242.09	6337.1	
242.3	6808.1	
242.51	4406.5	
242.72	4032.5	
242.93	6135.7	
243.14	5472.9	
243.36	4656.4	
243.57	5106.3	
243.78	6509.8	
243.99	5972.6	
244.2	4113	
244.41	3631.7	
244.63	5046.9	
244.84	5924.8	
245.05	4317.8	
245.26	4011.3	
245.47	5856.5	
245.68	6205.3	
245.9	5452.4	
246.11	4266.6	
246.32	5397.8	
246.53	5784.1	
246.74	6646.3	
246.95	3424.2	
247.16	4978.6	
247.38	5577.3	
247.59	3346.4	
247.8	4121.9	
248.01	5236	
248.22	5454.4	
248.43	3639.9	
248.64	3951.9	
248.86	4921.3	
249.07	5297.4	
249.28	3548.4	
249.49	4171	
249.7	6115.2	
249.91	6358.9	
250.12	3343	
250.34	3403	
250.55	5645.6	
250.76	5537.7	
250.97	4199.7	
251.18	4214.7	
251.39	6335.7	
251.6	5695.4	
251.81	4375.1	
252.03	4203.8	
252.24	5393	
252.45	6113.2	
252.66	3540.3	
252.87	4515.8	
253.08	5588.9	
253.29	7430.7	
253.5	3510.2	
253.72	4975.2	
253.93	5343.2	
254.14	6627.9	
254.35	3835.8	
254.56	3931.4	
254.77	5827.2	
254.98	5134.9	
255.19	3745.7	
255.41	4889.9	
255.62	5640.8	
255.83	6253.1	
256.04	4380.6	
256.25	4217.5	
256.46	6880.5	
256.67	5199.8	
256.88	4173.1	
257.09	4673.5	
257.31	5203.9	
257.52	5246.9	
257.73	5270.8	
257.94	3884.3	
258.15	5397.8	
258.36	5634.6	
258.57	4872.8	
258.78	3005.1	
258.99	6107	
259.2	5378.6	
259.41	3836.5	
259.63	3961.5	
259.84	6459.3	
260.05	6999.3	
260.26	5169.1	
260.47	3744.4	
260.68	6228.6	
260.89	5490.6	
261.1	4691.9	
261.31	3669.3	
261.52	6173.9	
261.73	6587.6	
261.95	5018.2	
262.16	4381.3	
262.37	6306.4	
262.58	6445	
262.79	4973.8	
263	3917.1	
263.21	5560.9	
263.42	5063.9	
263.63	3981.3	
263.84	3936.9	
264.05	6225.1	
264.26	6572.6	
264.47	4829.1	
264.69	4394.9	
264.9	6320.7	
265.11	5840.1	
265.32	3723.2	
265.53	3861.8	
265.74	5649.7	
265.95	4966.3	
266.16	4104.1	
266.37	4574.5	
266.58	5678.3	
266.79	5343.2	
267	3793.5	
267.21	3530.7	
267.42	5087.8	
267.63	5544.5	
267.84	3990.1	
268.06	3485	
268.27	6004.6	
268.48	6332.3	
268.69	3922.5	
268.9	4676.2	
269.11	6298.2	
269.32	5019.6	
269.53	4078.9	
269.74	3780.6	
269.95	5909.1	
270.16	4925.4	
270.37	4041.3	
270.58	4702.1	
270.79	5432.6	
271	6106.4	
271.21	4328	
271.42	4082.3	
271.63	5732.3	
271.84	5170.4	
272.05	3223.5	
272.26	3649.5	
272.47	5569.1	
272.68	5824.4	
272.89	3870	
273.11	4531.5	
273.32	5369.8	
273.53	6579.4	
273.74	4407.2	
273.95	4271.4	
274.16	6296.8	
274.37	5612.8	
274.58	4433.9	
274.79	3485	
275	5727.5	
275.21	6290.7	
275.42	5310.4	
275.63	4579.3	
275.84	5882.4	
276.05	7306.5	
276.26	4276.8	
276.47	4009.9	
276.68	5393	
276.89	6613.6	
277.1	4607.9	
277.31	3612.6	
277.52	5864	
277.73	5993	
277.94	3482.2	
278.15	3929.4	
278.36	5821	
278.57	5192.3	
278.78	3876.8	
278.99	4380.6	
279.2	5141.8	
279.41	5106.3	
279.62	5119.9	
279.83	3601	
280.04	6850.5	
280.25	5071.5	
280.46	5042.8	
280.67	4044.7	
280.88	5197.1	
281.09	6280.4	
281.3	4259.1	
281.51	5434.6	
281.72	5251.7	
281.93	6150.7	
282.14	3756.7	
282.35	4049.5	
282.56	6046.3	
282.77	6085.9	
282.98	3952.6	
283.19	4842.8	
283.4	7505.8	
283.61	5526.1	
283.82	3576.4	
284.03	5100.1	
284.24	5641.5	
284.45	6247	
284.66	5115.8	
284.87	4915.1	
285.08	6135	
285.29	6313.2	
285.5	3394.8	
285.71	3944.4	
285.92	6266.1	
286.12	6892.1	
286.33	5018.2	
286.54	3882.3	
286.75	6077.7	
286.96	5451	
287.17	3668.6	
287.38	4895.3	
287.59	5169.1	
287.8	5113.8	
288.01	3975.8	
288.22	4566.3	
288.43	6142.5	
288.64	5079.6	
288.85	4709.6	
289.06	4482.3	
289.27	6000.5	
289.48	6569.9	
289.69	5035.3	
289.9	4502.1	
290.11	6303	
290.32	5281.7	
290.53	4838	
290.74	4404.5	
290.94	6008.7	
291.15	6070.9	
291.36	3829	
291.57	4555.4	
291.78	5346.6	
291.99	4974.5	
292.2	3592.8	
292.41	4406.5	
292.62	6148	
292.83	5937.7	
293.04	5478.3	
293.25	3730	
293.46	5367.7	
293.67	6111.8	
293.88	3750.5	
294.09	3645.4	
294.29	5096	
294.5	5743.2	
294.71	4089.8	
294.92	3900	
295.13	5362.3	
295.34	6757.6	
295.55	3444.7	
295.76	3504.8	
295.97	5994.4	
296.18	6756.9	
296.39	3614	
296.6	3781.9	
296.81	5681.7	
297.01	6030.6	
297.22	3968.3	
297.43	3771.7	
297.64	5199.8	
297.85	5229.1	
298.06	3148.4	
298.27	3425.6	
298.48	5687.9	
298.69	5244.2	
298.9	4122.6	
299.11	3715.7	
299.31	5057.8	
299.52	5104.2	
299.73	4397	
299.94	4339	
300.15	5540.4	
300.36	5122	
300.57	4327.4	
300.78	4302.8	
300.99	5387.5	
301.2	5696.1	
301.4	3760.8	
301.61	4132.1	
301.82	5896.8	
302.03	6012.2	
302.24	4630.5	
302.45	3620.1	
302.66	5831.9	
302.87	6425.8	
303.08	3818.1	
303.29	5233.2	
303.49	5351.3	
303.7	5662.6	
303.91	3383.9	
304.12	4954.7	
304.33	5091.9	
304.54	5698.8	
304.75	3834.5	
304.96	3621.5	
305.16	5954.8	
305.37	6741.9	
305.58	3316.3	
305.79	3422.2	
306	5868.8	
306.21	4978.6	
306.42	3854.3	
306.63	5851	
306.83	5418.9	
307.04	6236.1	
307.25	4151.9	
307.46	4169.7	
307.67	4756.7	
307.88	6100.9	
308.09	3723.2	
308.29	3902.1	
308.5	5649.7	
308.71	6274.3	
308.92	4060.4	
309.13	3671.3	
309.34	5414.8	
309.55	5514.5	
309.75	4818.2	
309.96	4379.2	
310.17	6029.2	
310.38	5275.6	
310.59	4592.2	
310.8	4254.3	
311.01	6280.4	
311.21	5485.1	
311.42	3581.2	
311.63	3768.3	
311.84	5269.4	
312.05	5720	
312.26	4239.3	
312.46	4667.3	
312.67	5333.6	
312.88	5063.3	
313.09	3654.9	
313.3	3581.2	
313.51	6420.4	
313.71	6793.1	
313.92	3616.7	
314.13	3886.4	
314.34	5765	
314.55	5481	
314.76	4749.9	
314.96	4151.2	
315.17	5635.3	
315.38	6042.9	
315.59	3647.4	
315.8	3557.3	
316.01	6563.1	
316.21	6522.8	
316.42	3561.4	
316.63	4087.7	
316.84	5466.7	
317.05	6359.6	
317.26	4297.3	
317.46	3866.6	
317.67	5522	
317.88	5953.4	
318.09	4364.2	
318.3	3405.8	
318.5	5283.8	
318.71	5919.3	
318.92	5956.2	
319.13	4291.9	
319.34	6097.5	
319.54	6219.7	
319.75	3393.5	
319.96	3245.3	
320.17	6055.2	
320.38	6243.6	
320.58	3347.1	
320.79	4022.9	
321	6197.2	
321.21	6343.9	
321.42	4132.8	
321.62	3335.5	
321.83	5133.6	
322.04	5563	
322.25	3857.7	
322.46	3682.2	
322.66	5698.1	
322.87	5855.8	
323.08	4543.1	
323.29	3562.1	
323.5	6746	
323.7	5166.3	
323.91	5003.2	
324.12	4493.2	
324.33	5653.8	
324.53	5938.4	
324.74	4393.6	
324.95	4576.5	
325.16	4925.4	
325.37	5405.3	
325.57	3691.1	
325.78	3759.4	
325.99	5618.3	
326.2	5048.9	
326.4	5208.7	
326.61	3406.5	
326.82	5539.1	
327.03	5702.9	
327.24	5229.8	
327.44	5001.1	
327.65	5874.3	
327.86	4756.1	
328.07	4361.5	
328.27	3511.6	
328.48	6286.6	
328.69	5197.1	
328.9	5380	
329.1	3950.5	
329.31	5464	
329.52	6435.4	
329.73	3665.2	
329.93	4107.5	
330.14	5553.4	
330.35	5864.7	
330.56	6148.7	
330.76	4552	
330.97	5449.6	
331.18	5806.7	
331.39	4091.8	
331.59	3249.4	
331.8	6233.3	
332.01	6385.6	
332.22	3756.7	
332.42	4366.3	
332.63	5739.1	
332.84	5272.2	
333.05	4118.5	
333.25	3745.7	
333.46	5312.4	
333.67	5603.2	
333.88	3878.9	
334.08	4311	
334.29	7433.4	
334.5	6311.2	
334.7	3606.5	
334.91	5271.5	
335.12	5082.4	
335.33	5992.4	
335.53	4052.2	
335.74	6096.8	
335.95	5314.5	
336.16	5157.5	
336.36	4119.1	
336.57	4680.3	
336.78	5134.9	
336.98	6243.6	
337.19	5103.5	
337.4	4029.7	
337.61	6698.2	
337.81	5086.5	
338.02	3790.1	
338.23	4880.3	
338.43	6382.8	
338.64	5201.8	
338.85	3700	
339.05	4857.1	
339.26	6442.9	
339.47	4908.3	
339.68	3703.4	
339.88	5555.5	
340.09	5801.9	
340.3	6072.9	
340.5	4341	
340.71	3287	
340.92	5033.9	
341.13	6358.9	
341.33	3583.9	
341.54	4381.3	
341.75	5806.7	
341.95	5474.2	
342.16	4113.7	
342.37	4498.7	
342.57	5106.3	
342.78	5495.4	
342.99	4622.3	
343.19	3290.4	
343.4	5993	
343.61	5865.4	
343.81	3940.3	
344.02	3620.8	
344.23	5927.5	
344.43	6440.2	
344.64	4534.9	
344.85	4484.4	
345.06	5864	
345.26	6177.4	
345.47	4271.4	
345.68	5085.8	
345.88	4926	
346.09	6120.7	
346.3	4367	
346.5	3295.2	
346.71	5618.3	
346.92	5229.1	
347.12	3334.1	
347.33	4281.6	
347.54	6180.8	
347.74	6574.7	
347.95	4190.8	
348.16	3091.1	
348.36	5397.8	
348.57	5210	
348.78	4154	
348.98	4564.9	
349.19	5500.2	
349.39	5016.8	
349.6	3395.5	
349.81	3745.1	
350.01	5874.3	
350.22	5276.9	
350.43	4046.8	
350.63	4941.7	
350.84	5591.6	
351.05	5362.3	
351.25	3697.3	
351.46	3327.3	
351.67	6171.2	
351.87	5257.1	
352.08	4009.2	
352.29	4552.6	
352.49	6079.7	
352.7	5685.2	
352.9	3631	
353.11	4481.6	
353.32	6776	
353.52	5358.2	
353.73	3551.9	
353.94	4517.8	
354.14	5941.2	
354.35	5726.8	
354.55	3624.9	
354.76	4076.1	
354.97	5852.4	
355.17	5618.9	
355.38	3416	
355.59	4875.5	
355.79	5270.8	
356	5679.7	
356.2	4060.4	
356.41	3471.3	
356.62	4971.8	
356.82	5471.5	
357.03	4358.1	
357.24	3921.9	
357.44	5268.7	
357.65	5376.6	
357.85	5173.2	
358.06	4111.6	
358.27	4981.3	
358.47	5243.5	
358.68	3424.2	
358.88	4280.3	
359.09	5816.2	
359.3	6207.4	
359.5	5049.6	
359.71	4502.1	
359.91	6742.6	
360.12	6000.5	
360.33	4285.7	
360.53	4791.6	
360.74	5279.7	
360.94	5244.2	
361.15	4491.2	
361.36	3663.8	
361.56	6052.4	
361.77	5472.9	
361.97	5048.2	
362.18	3912.3	
362.38	6004.6	
362.59	5174.5	
362.8	3628.3	
363	3411.9	
363.21	4902.2	
363.41	5609.4	
363.62	4160.1	
363.83	5230.5	
364.03	5646.9	
364.24	6737.1	
364.44	5378.6	
364.65	5309.7	
364.85	5395	
365.06	5040.7	
365.27	3822.2	
365.47	3809.2	
365.68	6452.5	
365.88	5362.9	
366.09	4235.9	
366.29	3917.8	
366.5	5709.1	
366.71	6139.8	
366.91	5230.5	
367.12	4394.9	
367.32	6761	
367.53	5952.8	
367.73	4320.5	
367.94	5401.9	
368.14	5940.5	
368.35	6892.1	
368.56	4280.9	
368.76	3751.9	
368.97	6032	
369.17	7887.4	
369.38	3802.4	
369.58	4083	
369.79	5066	
369.99	6405.4	
370.2	5128.1	
370.4	4192.9	
370.61	5745.2	
370.82	6988.4	
371.02	4027.7	
371.23	3383.2	
371.43	4885.1	
371.64	6264.1	
371.84	4042.7	
372.05	5378.6	
372.25	7703.1	
372.46	6069.5	
372.66	4045.4	
372.87	4067.3	
373.07	6071.5	
373.28	7783.6	
373.48	5178.6	
373.69	4825.7	
373.9	5502.9	
374.1	5560.9	
374.31	5001.8	
374.51	4539	
374.72	6371.9	
374.92	5205.9	
375.13	5289.2	
375.33	4428.4	
375.54	5963	
375.74	5320.6	
375.95	4354.7	
376.15	5758.2	
376.36	5855.8	
376.56	5749.3	
376.77	4504.8	
376.97	5002.5	
377.18	7012.2	
377.38	6052.4	
377.59	5390.3	
377.79	3944.4	
378	5798.5	
378.2	6293.4	
378.41	4033.8	
378.61	3909.6	
378.82	6263.4	
379.02	5328.8	
379.23	4141	
379.43	5399.8	
379.64	6363.7	
379.84	5993.7	
380.05	3996.3	
380.25	3879.5	
380.46	6092	
380.66	5606	
380.87	5365	
381.07	5809.4	
381.28	6731	
381.48	6081.1	
381.69	4026.3	
381.89	4104.8	
382.1	5011.4	
382.3	6251.8	
382.51	5228.5	
382.71	6199.9	
382.91	6081.1	
383.12	6662.7	
383.32	4408.6	
383.53	4683.7	
383.73	5931.6	
383.94	5715.9	
384.14	4524	
384.35	3633.1	
384.55	5565.7	
384.76	6126.8	
384.96	4450.9	
385.17	4777.2	
385.37	6013.5	
385.58	5309.7	
385.78	4815.5	
385.98	3665.9	
386.19	5550	
386.39	5952.8	
386.6	4111.6	
386.8	4420.2	
387.01	6090	
387.21	6085.9	
387.42	4920.6	
387.62	5463.3	
387.83	5358.2	
388.03	6075	
388.23	4446.8	
388.44	5313.8	
388.64	5120.6	
388.85	5171.8	
389.05	4837.3	
389.26	5511.1	
389.46	7184.3	
389.67	6537.8	
389.87	4827.7	
390.07	4877.6	
390.28	5707	
390.48	5285.1	
390.69	4060.4	
390.89	4298.7	
391.1	5459.9	
391.3	6377.4	
391.5	5623	
391.71	6268.1	
391.91	6160.3	
392.12	7281.2	
392.32	5732.9	
392.53	4848.9	
392.73	5528.8	
392.93	5757.5	
393.14	4534.9	
393.34	5346.6	
393.55	6238.8	
393.75	5627.1	
393.95	4561.5	
394.16	4440.7	
394.36	5492	
394.57	6111.8	
394.77	3959.4	
394.98	4463.9	
395.18	5386.8	
395.38	5507	
395.59	5306.3	
395.79	4179.2	
396	5505.6	
396.2	6008.7	
396.4	5059.2	
396.61	4999.8	
396.81	6269.5	
397.02	5444.9	
397.22	5297.4	
397.42	5365	
397.63	6225.8	
397.83	5414.1	
398.04	4175.8	
398.24	4753.3	
398.44	5996.5	
398.65	5026.4	
398.85	3944.4	
399.05	4121.9	
399.26	5352	
399.46	7142.6	
399.67	4496.7	
399.87	4227.7	
400.07	5786.9	
400.28	6170.5	
400.48	4330.8	
400.69	5425.1	
400.89	6330.3	
401.09	6862.1	
401.3	4139.6	
401.5	5423.7	
401.7	7058	
401.91	7387	
402.11	4487.1	
402.32	4818.9	
402.52	6359.6	
402.72	6339.8	
402.93	5043.5	
403.13	3874.1	
403.33	7233.4	
403.54	5829.9	
403.74	4731.5	
403.94	5689.9	
404.15	5963.7	
404.35	7193.1	
404.56	4469.4	
404.76	6547.4	
404.96	6351.4	
405.17	6191	
405.37	6058.6	
405.57	4964.3	
405.78	6402.6	
405.98	5811.5	
406.18	4528.7	
406.39	5531.6	
406.59	6369.9	
406.79	6000.5	
407	4225.6	
407.2	4463.2	
407.4	6369.9	
407.61	6666.1	
407.81	4458.4	
408.01	6685.9	
408.22	5352	
408.42	7441	
408.62	5520.6	
408.83	4889.9	
409.03	5918.6	
409.23	5696.1	
409.44	5067.4	
409.64	5367	
409.84	6878.4	
410.05	6762.4	
410.25	5112.4	
410.45	4853.7	
410.66	6204.7	
410.86	8772.8	
411.06	5328.8	
411.27	5180.7	
411.47	8598.7	
411.67	6473.6	
411.88	5463.3	
412.08	5728.9	
412.28	7088.7	
412.49	7640.3	
412.69	5153.4	
412.89	5128.1	
413.09	7392.5	
413.3	7292.1	
413.5	5281.7	
413.7	4803.9	
413.91	6492.7	
414.11	7406.8	
414.31	5106.3	
414.52	5517.9	
414.72	7055.9	
414.92	6933.7	
415.12	5081.7	
415.33	5654.4	
415.53	7301.7	
415.73	7529.7	
415.94	6062	
416.14	5460.6	
416.34	6281.8	
416.55	6026.5	
416.75	6756.2	
416.95	6092.7	
417.15	7277.8	
417.36	8068.3	
417.56	6920.8	
417.76	5879.7	
417.97	7734.5	
418.17	7402.7	
418.37	5442.8	
418.57	5598.5	
418.78	7107.8	
418.98	6817.7	
419.18	6425.8	
419.38	6377.4	
419.59	6805.4	
419.79	6421.7	
419.99	5436	
420.2	5801.9	
420.4	7299	
420.6	7561.8	
420.8	5309.7	
421.01	5201.2	
421.21	7094.8	
421.41	7446.4	
421.61	5670.1	
421.82	5375.2	
422.02	6660.7	
422.22	7668.3	
422.42	6274.3	
422.63	5905.7	
422.83	6834.8	
423.03	8048.5	
423.23	5862.7	
423.44	4780	
423.64	6925.5	
423.84	6657.9	
424.04	5286.5	
424.25	4981.3	
424.45	7909.3	
424.65	7866.2	
424.85	4772.4	
425.06	5413.5	
425.26	7826.7	
425.46	6434.7	
425.66	5903.6	
425.87	5593.7	
426.07	7569.3	
426.27	7425.3	
426.47	5727.5	
426.67	5050.3	
426.88	7921.5	
427.08	7410.2	
427.28	6049	
427.48	5021.6	
427.69	6211.5	
427.89	6872.3	
428.09	6046.3	
428.29	5044.1	
428.5	7699.7	
428.7	7154.9	
428.9	4906.3	
429.1	5573.2	
429.3	7080.5	
429.51	7532.4	
429.71	5277.6	
429.91	6115.9	
430.11	7372	
430.31	7852.6	
430.52	5640.8	
430.72	5876.3	
430.92	7959.8	
431.12	7378.1	
431.32	5229.1	
431.53	5663.3	
431.73	6234.7	
431.93	8049.9	
432.13	5235.3	
432.33	5098.8	
432.54	6813.6	
432.74	7247.8	
432.94	5012.7	
433.14	6133.7	
433.34	7276.4	
433.55	6794.5	
433.75	6052.4	
433.95	7912	
434.15	7073.7	
434.35	6742.6	
434.56	5140.4	
434.76	4601.8	
434.96	7086	
435.16	7382.2	
435.36	5072.8	
435.56	6278.4	
435.77	6694.8	
435.97	6903.7	
436.17	7037.5	
436.37	6165.8	
436.57	6723.5	
436.78	6560.3	
436.98	8106.5	
437.18	6858	
437.38	7422.5	
437.58	6878.4	
437.78	6952.9	
437.99	5521.3	
438.19	7507.9	
438.39	9058.2	
438.59	5444.2	
438.79	4969.1	
438.99	8196	
439.2	6905.8	
439.4	5058.5	
439.6	5060.5	
439.8	7281.2	
440	8445.1	
440.2	6090	
440.4	6324.1	
440.61	7659.4	
440.81	8218.5	
441.01	5281	
441.21	6193.7	
441.41	8077.9	
441.61	7673.7	
441.81	6466.1	
442.02	7680.6	
442.22	8658.8	
442.42	7757.7	
442.62	5274.9	
442.82	5410.7	
443.02	8092.9	
443.22	7086.7	
443.43	5778.7	
443.63	5302.9	
443.83	6865.5	
444.03	6929.6	
444.23	6640.9	
444.43	6251.8	
444.63	7271.7	
444.83	8646.5	
445.04	5412.8	
445.24	6784.2	
445.44	7693.5	
445.64	7801.4	
445.84	6404.7	
446.04	6397.9	
446.24	7037.5	
446.44	8127	
446.65	5465.3	
446.85	5836	
447.05	7206.1	
447.25	7998	
447.45	6005.3	
447.65	5244.8	
447.85	7436.9	
448.05	7045	
448.25	6361.7	
448.46	6221.7	
448.66	7318.1	
448.86	7048.4	
449.06	5112.4	
449.26	6469.5	
449.46	7729	
449.66	6724.2	
449.86	5854.5	
450.06	5801.2	
450.26	6932.4	
450.47	7577.5	
450.67	6186.9	
450.87	6529.6	
451.07	7699.7	
451.27	7434.1	
451.47	5378	
451.67	6067.4	
451.87	7056.6	
452.07	8378.9	
452.27	5691.3	
452.47	5738.4	
452.67	7429.3	
452.88	7909.9	
453.08	4992.3	
453.28	7171.3	
453.48	8691.6	
453.68	7342	
453.88	5637.4	
454.08	5834.7	
454.28	7813	
454.48	7335.8	
454.68	6430.6	
454.88	7008.8	
455.08	7854	
455.28	7599.3	
455.48	5442.1	
455.68	6113.9	
455.89	8374.8	
456.09	8077.9	
456.29	5835.3	
456.49	5851.7	
456.69	8317.5	
456.89	7503.8	
457.09	6417.7	
457.29	6763.1	
457.49	7913.4	
457.69	8076.5	
457.89	6225.8	
458.09	5612.1	
458.29	7628	
458.49	8352.3	
458.69	6705	
458.89	6028.5	
459.09	8562.6	
459.29	8766.7	
459.49	6189.6	
459.69	7015	
459.9	8127.7	
460.1	7669.6	
460.3	6150.7	
460.5	5890	
460.7	8114.1	
460.9	7810.3	
461.1	5399.8	
461.3	6882.5	
461.5	8752.3	
461.7	8466.3	
461.9	5870.2	
462.1	6419	
462.3	7866.2	
462.5	8420.6	
462.7	5980.8	
462.9	6109.1	
463.1	9617.3	
463.3	9237	
463.5	6349.4	
463.7	7327.6	
463.9	7981.6	
464.1	8490.9	
464.3	6408.1	
464.5	6705.7	
464.7	8684.8	
464.9	8317.5	
465.1	8213.7	
465.3	7140.6	
465.5	9117.6	
465.7	9043.8	
465.9	7368.6	
466.1	7216.4	
466.3	8888.2	
466.5	8672.5	
466.7	8164.6	
466.9	6945.3	
467.1	8621.3	
467.3	9653.4	
467.5	8109.3	
467.7	6914.6	
467.9	9942.2	
468.1	10835	
468.3	7675.8	
468.5	8213.7	
468.7	8620.6	
468.9	8551	
469.1	7175.4	
469.3	7952.3	
469.5	10660	
469.7	8146.1	
469.9	7708.6	
470.1	6956.3	
470.3	8653.4	
470.5	8617.2	
470.7	8277.2	
470.9	6980.8	
471.1	8404.9	
471.3	8927.1	
471.5	6788.3	
471.69	8933.2	
471.89	8284	
472.09	7811	
472.29	7807.5	
472.49	8201.4	
472.69	8000	
472.89	8905.9	
473.09	6679.8	
473.29	6851.8	
473.49	8122.9	
473.69	8320.9	
473.89	7922.9	
474.09	7132.4	
474.29	9781.1	
474.49	9530.6	
474.69	7897.7	
474.89	7267.6	
475.09	8379.6	
475.29	8360.5	
475.49	6634.1	
475.69	6870.3	
475.88	10034	
476.08	8714.1	
476.28	6492.1	
476.48	7029.3	
476.68	9150.3	
476.88	9031.5	
477.08	6834.1	
477.28	7152.9	
477.48	8410.3	
477.68	9226.1	
477.88	6675	
478.08	7015	
478.28	9492.3	
478.48	8656.8	
478.67	7045.7	
478.87	6404.7	
479.07	9358.5	
479.27	8814.5	
479.47	7229.3	
479.67	7279.8	
479.87	9106.6	
480.07	9805.7	
480.27	6542.6	
480.47	8344.8	
480.67	8828.1	
480.87	9529.2	
481.06	6849.8	
481.26	7705.8	
481.46	8714.1	
481.66	8736	
481.86	7236.8	
482.06	8432.2	
482.26	8505.9	
482.46	9439.1	
482.66	7266.9	
482.86	6898.2	
483.05	8819.2	
483.25	8189.1	
483.45	9906.7	
483.65	7256.6	
483.85	8397.4	
484.05	8684.8	
484.25	7717.4	
484.45	8306.6	
484.65	9643.2	
484.84	9723.8	
485.04	7210.2	
485.24	7206.8	
485.44	9921	
485.64	8243.8	
485.84	6401.3	
486.04	8015.7	
486.24	8486.1	
486.44	8954.4	
486.63	6385.6	
486.83	7380.2	
487.03	8404.9	
487.23	8648.6	
487.43	6524.1	
487.63	9097.8	
487.83	8756.4	
488.02	9770.2	
488.22	7555.6	
488.42	8256	
488.62	9613.2	
488.82	8513.4	
489.02	7261.4	
489.22	7355.6	
489.41	9422	
489.61	9143.5	
489.81	6961.7	
490.01	7024.5	
490.21	9428.2	
490.41	10178	
490.61	6751.5	
490.8	7095.5	
491	8871.8	
491.2	8144.8	
491.4	7691.5	
491.6	6783.6	
491.8	8871.1	
491.99	9028.1	
492.19	6607.4	
492.39	7137.9	
492.59	9573.6	
492.79	9554.5	
492.99	7987.1	
493.18	7017.7	
493.38	9705.3	
493.58	10387	
493.78	7841.7	
493.98	7410.9	
494.18	9295.7	
494.37	8738	
494.57	8114.1	
494.77	7909.3	
494.97	9573.6	
495.17	9875.3	
495.37	7503.8	
495.56	7731.8	
495.76	10096	
495.96	9654.1	
496.16	8965.3	
496.36	7712.7	
496.55	9843.2	
496.75	9478.7	
496.95	8076.5	
497.15	7978.9	
497.35	9781.1	
497.54	9852.1	
497.74	7751.6	
497.94	9645.3	
498.14	10635	
498.34	10368	
498.53	7415.7	
498.73	8228.7	
498.93	9170.1	
499.13	9947	
499.33	8028	
499.52	8688.8	
499.72	9775	
499.92	10148	
500.12	7760.4	
500.32	8028.7	
500.51	10101	
500.71	9970.9	
500.91	8941.4	
501.11	8488.1	
501.31	10014	
501.5	10445	
501.7	9203.6	
501.9	8014.4	
502.1	9861.7	
502.29	10058	
502.49	8484.1	
502.69	9041.8	
502.89	10077	
503.09	10029	
503.28	7554.3	
503.48	7576.1	
503.68	9129.2	
503.88	9256.8	
504.07	8781	
504.27	8170	
504.47	9707.4	
504.67	9800.2	
504.86	8568.7	
505.06	8370	
505.26	9341.5	
505.46	11226	
505.65	8189.8	
505.85	8342.1	
506.05	9244.5	
506.25	9796.1	
506.44	7456	
506.64	8430.8	
506.84	9093	
507.04	10241	
507.23	7656	
507.43	8337.3	
507.63	11269	
507.83	9384.5	
508.02	8290.2	
508.22	7790.5	
508.42	11518	
508.62	9041.1	
508.81	8217.8	
509.01	8830.8	
509.21	8989.9	
509.4	9307.3	
509.6	8357.1	
509.8	7716.1	
510	9298.5	
510.19	10892	
510.39	7811.6	
510.59	7847.8	
510.79	9188.6	
510.98	10656	
511.18	7832.8	
511.38	7948.8	
511.57	10004	
511.77	9952.4	
511.97	8706.6	
512.17	7564.5	
512.36	9990.7	
512.56	10043	
512.76	7730.4	
512.95	7366.5	
513.15	10225	
513.35	8699.1	
513.55	8653.4	
513.74	7728.4	
513.94	10075	
514.14	9516.2	
514.33	8846.5	
514.53	8503.8	
514.73	9361.3	
514.92	9630.2	
515.12	7927.7	
515.32	7768.6	
515.51	9623.4	
515.71	10396	
515.91	9737.4	
516.11	7914.7	
516.3	11605	
516.5	9308.7	
516.7	8509.3	
516.89	9062.3	
517.09	9396.1	
517.29	9424.1	
517.48	8727.1	
517.68	8133.2	
517.88	9104.6	
518.07	9823.4	
518.27	8734.6	
518.47	7644.4	
518.66	10437	
518.86	8991.9	
519.06	7447.8	
519.25	8037.6	
519.45	9377.6	
519.65	10991	
519.84	8704.5	
520.04	9513.5	
520.24	11280	
520.43	10073	
520.63	8368.7	
520.83	8142	
521.02	9228.8	
521.22	9959.3	
521.42	8664.3	
521.61	9377.6	
521.81	9581.1	
522.01	9665	
522.2	8548.2	
522.4	8318.8	
522.6	10324	
522.79	9069.1	
522.99	8437.6	
523.18	7766.6	
523.38	9981.8	
523.58	10129	
523.77	9927.2	
523.97	7750.2	
524.17	12069	
524.36	11117	
524.56	9233.6	
524.76	8890.2	
524.95	10071	
525.15	9714.2	
525.34	8703.2	
525.54	8723	
525.74	10570	
525.93	9441.8	
526.13	9867.1	
526.33	8671.8	
526.52	10844	
526.72	10327	
526.91	10066	
527.11	9185.1	
527.31	10974	
527.5	11410	
527.7	9229.5	
527.89	8067.6	
528.09	9932	
528.29	10501	
528.48	9611.8	
528.68	9220	
528.87	10907	
529.07	10841	
529.27	9187.9	
529.46	8658.8	
529.66	10543	
529.85	11041	
530.05	8411	
530.25	9278.7	
530.44	12004	
530.64	10478	
530.83	8869.8	
531.03	9189.9	
531.23	10840	
531.42	10777	
531.62	9966.8	
531.81	9200.8	
532.01	11110	
532.21	11772	
532.4	8927.1	
532.6	9275.3	
532.79	12284	
532.99	11307	
533.18	9342.8	
533.38	10484	
533.58	10746	
533.77	11658	
533.97	9346.9	
534.16	10196	
534.36	11816	
534.55	10922	
534.75	10511	
534.95	9534	
535.14	11742	
535.34	10854	
535.53	9086.2	
535.73	11377	
535.92	12306	
536.12	10999	
536.31	9291	
536.51	10523	
536.71	11438	
536.9	10853	
537.1	9368.8	
537.29	9509.4	
537.49	11854	
537.68	10731	
537.88	9958.6	
538.07	9161.2	
538.27	11050	
538.46	12192	
538.66	8974.9	
538.86	9595.4	
539.05	11075	
539.25	11742	
539.44	9897.2	
539.64	9417.9	
539.83	10912	
540.03	12033	
540.22	9226.8	
540.42	9458.2	
540.61	11216	
540.81	11444	
541	9830.9	
541.2	10655	
541.39	10687	
541.59	11200	
541.78	10226	
541.98	9196.1	
542.18	10436	
542.37	10331	
542.57	9599.5	
542.76	10202	
542.96	10454	
543.15	11262	
543.35	9646.6	
543.54	8957.1	
543.74	11489	
543.93	11067	
544.13	9617.3	
544.32	10774	
544.52	11381	
544.71	10454	
544.91	8573.5	
545.1	10016	
545.3	10512	
545.49	11327	
545.69	8587.8	
545.88	9260.2	
546.08	12306	
546.27	11913	
546.47	9755.8	
546.66	8991.3	
546.86	11633	
547.05	12084	
547.24	9258.9	
547.44	9099.8	
547.63	10350	
547.83	11690	
548.02	9598.8	
548.22	9752.4	
548.41	10172	
548.61	11717	
548.8	9028.8	
549	8969.4	
549.19	10875	
549.39	11174	
549.58	8739.4	
549.78	9351.7	
549.97	11211	
550.17	10731	
550.36	10275	
550.55	11387	
550.75	10606	
550.94	11748	
551.14	8895.7	
551.33	9273.9	
551.53	10118	
551.72	11107	
551.92	9439.8	
552.11	9095.7	
552.31	11098	
552.5	11273	
552.69	10869	
552.89	8718.9	
553.08	11087	
553.28	10778	
553.47	9071.8	
553.67	10400	
553.86	11796	
554.06	9894.4	
554.25	8169.3	
554.44	8975.6	
554.64	12538	
554.83	12037	
555.03	8828.8	
555.22	9281.4	
555.42	11224	
555.61	10931	
555.8	8996	
556	9284.1	
556.19	10012	
556.39	11334	
556.58	9154.4	
556.78	9060.2	
556.97	10823	
557.16	10417	
557.36	10419	
557.55	8731.9	
557.75	9729.9	
557.94	11632	
558.13	8850.6	
558.33	8583.7	
558.52	11348	
558.72	10200	
558.91	8711.4	
559.1	8873.2	
559.3	10000	
559.49	9613.2	
559.69	8168	
559.88	9304.6	
560.07	10759	
560.27	11144	
560.46	9512.8	
560.66	9704.6	
560.85	10522	
561.04	9693.7	
561.24	8679.3	
561.43	8815.8	
561.63	9953.8	
561.82	10161	
562.01	10202	
562.21	9139.4	
562.4	10712	
562.59	11637	
562.79	9070.5	
562.98	8679.3	
563.18	10651	
563.37	12237	
563.56	9538.1	
563.76	8482.7	
563.95	10113	
564.14	10004	
564.34	8976.2	
564.53	8821.3	
564.73	10642	
564.92	11035	
565.11	9220	
565.31	8527.1	
565.5	11303	
565.69	10173	
565.89	8736	
566.08	9126.4	
566.27	11113	
566.47	11636	
566.66	9804.3	
566.85	8218.5	
567.05	10690	
567.24	10080	
567.44	8684.1	
567.63	10236	
567.82	10819	
568.02	10718	
568.21	8621.3	
568.4	9113.5	
568.6	10512	
568.79	10529	
568.98	8576.2	
569.18	8694.3	
569.37	10555	
569.56	12701	
569.76	8995.4	
569.95	10099	
570.14	10965	
570.34	10872	
570.53	8532.5	
570.72	8555.7	
570.91	11466	
571.11	10471	
571.3	9038.4	
571.49	10068	
571.69	10598	
571.88	9972.2	
572.07	9723.8	
572.27	9672.6	
572.46	9994.8	
572.65	11187	
572.85	8813.1	
573.04	9228.1	
573.23	11428	
573.43	10555	
573.62	8596.7	
573.81	9343.5	
574	10694	
574.2	10489	
574.39	9037.7	
574.58	9159.9	
574.78	11611	
574.97	10886	
575.16	9531.2	
575.36	9781.1	
575.55	11239	
575.74	11377	
575.93	8595.3	
576.13	9796.1	
576.32	10524	
576.51	11120	
576.71	9085.5	
576.9	10514	
577.09	11548	
577.28	10983	
577.48	9393.4	
577.67	8525.7	
577.86	10636	
578.05	10976	
578.25	9234.3	
578.44	9368.1	
578.63	10778	
578.83	11985	
579.02	8540.7	
579.21	10294	
579.4	10908	
579.6	10682	
579.79	9437	
579.98	11809	
580.17	11387	
580.37	11407	
580.56	8694.3	
580.75	9643.2	
580.94	11983	
581.14	11803	
581.33	10165	
581.52	8948.9	
581.71	11268	
581.91	11891	
582.1	8584.4	
582.29	9293.7	
582.48	10882	
582.68	10753	
582.87	9738.1	
583.06	9337.4	
583.25	11131	
583.45	10432	
583.64	10137	
583.83	10905	
584.02	10562	
584.21	11183	
584.41	9985.2	
584.6	9293.7	
584.79	10843	
584.98	11540	
585.18	8757.8	
585.37	8779	
585.56	10202	
585.75	11096	
585.94	9029.5	
586.14	9716.2	
586.33	11770	
586.52	10735	
586.71	9505.3	
586.91	9156.5	
587.1	9998.2	
587.29	11219	
587.48	9041.8	
587.67	8972.2	
587.87	11012	
588.06	11105	
588.25	10323	
588.44	9567.4	
588.63	10642	
588.83	11265	
589.02	8961.9	
589.21	8842.4	
589.4	10345	
589.59	10111	
589.78	7972.1	
589.98	8344.8	
590.17	9752.4	
590.36	10317	
590.55	7580.9	
590.74	8391.9	
590.94	11810	
591.13	10249	
591.32	8217.8	
591.51	7716.1	
591.7	10654	
591.89	10153	
592.09	7938.6	
592.28	8383.7	
592.47	9340.8	
592.66	11343	
592.85	7842.4	
593.05	8180.3	
593.24	9934.7	
593.43	10815	
593.62	8245.1	
593.81	8846.5	
594	10036	
594.19	10199	
594.39	8154.3	
594.58	8077.9	
594.77	10384	
594.96	11021	
595.15	8023.3	
595.34	8697.7	
595.54	10357	
595.73	9379.7	
595.92	7389.1	
596.11	8583.7	
596.3	10843	
596.49	9486.9	
596.68	8311.3	
596.88	8808.3	
597.07	10651	
597.26	9254.1	
597.45	7714.7	
597.64	9153.1	
597.83	9633	
598.02	10249	
598.22	7892.9	
598.41	8602.2	
598.6	10046	
598.79	9399.5	
598.98	8015.1	
599.17	8922.3	
599.36	10027	
599.55	11258	
599.74	10141	
599.94	9848	
600.13	10587	
600.32	9298.5	
600.51	7602.7	
600.7	7809.6	
600.89	11359	
601.08	11361	
601.27	7568.6	
601.47	8637.6	
601.66	10448	
601.85	11154	
602.04	8265.6	
602.23	8796	
602.42	9494.4	
602.61	10115	
602.8	8206.9	
602.99	7961.1	
603.18	9859.6	
603.37	10139	
603.57	8584.4	
603.76	9222.7	
603.95	11051	
604.14	10424	
604.33	8056.7	
604.52	8411.7	
604.71	10058	
604.9	9692.4	
605.09	9020.6	
605.28	8893	
605.47	10709	
605.66	10348	
605.86	8689.5	
606.05	8078.6	
606.24	10626	
606.43	9155.8	
606.62	8390.5	
606.81	9241.8	
607	10532	
607.19	9895.1	
607.38	7680.6	
607.57	8042.4	
607.76	9495.1	
607.95	8953	
608.14	8490.9	
608.33	9076.6	
608.52	9568.8	
608.72	10408	
608.91	7679.9	
609.1	7563.8	
609.29	9637.1	
609.48	9020.6	
609.67	8487.5	
609.86	7676.5	
610.05	9170.8	
610.24	9615.2	
610.43	7453.2	
610.62	6967.2	
610.81	10783	
611	10376	
611.19	7544	
611.38	8432.2	
611.57	9860.3	
611.76	11254	
611.95	7337.2	
612.14	7240.9	
612.33	9715.6	
612.52	9144.9	
612.71	7920.9	
612.9	7053.2	
613.09	8740.7	
613.28	11216	
613.47	7664.2	
613.66	8711.4	
613.85	9829.6	
614.04	9303.9	
614.24	7749.5	
614.43	6952.2	
614.62	9829.6	
614.81	9846	
615	8322.9	
615.19	8315.4	
615.38	9088.9	
615.57	9446.6	
615.76	8172.8	
615.95	9275.9	
616.14	9982.5	
616.33	9632.3	
616.52	8507.3	
616.71	8739.4	
616.9	9839.8	
617.09	9692.4	
617.28	7787.1	
617.47	9416.6	
617.66	8902.5	
617.85	9000.8	
618.04	8862.2	
618.22	8240.3	
618.41	9284.8	
618.6	10217	
618.79	8192.6	
618.98	7804.1	
619.17	10746	
619.36	8871.1	
619.55	8019.8	
619.74	8066.9	
619.93	9856.2	
620.12	9328.5	
620.31	8660.9	
620.5	8844.5	
620.69	10559	
620.88	10934	
621.07	9597.5	
621.26	8482	
621.45	10108	
621.64	10117	
621.83	8733.2	
622.02	7803.4	
622.21	10151	
622.4	9881.4	
622.59	9267.1	
622.78	8990.6	
622.97	9448	
623.16	10565	
623.35	8587.1	
623.54	7719.5	
623.72	9667.1	
623.91	9866.4	
624.1	8901.2	
624.29	7504.4	
624.48	11045	
624.67	10255	
624.86	8750.3	
625.05	7788.4	
625.24	11044	
625.43	9362.6	
625.62	10651	
625.81	8044.4	
626	10479	
626.19	9690.3	
626.38	8925	
626.56	8253.3	
626.75	9530.6	
626.94	10162	
627.13	8869.8	
627.32	7430.7	
627.51	10218	
627.7	11645	
627.89	7616.4	
628.08	8843.1	
628.27	9315.5	
628.46	9577.7	
628.65	7908.6	
628.83	7598	
629.02	10276	
629.21	9282.1	
629.4	8348.9	
629.59	8600.1	
629.78	9372.2	
629.97	10421	
630.16	8661.5	
630.35	8170.7	
630.54	10877	
630.72	10547	
630.91	8033.5	
631.1	8682	
631.29	9938.8	
631.48	10219	
631.67	8753.7	
631.86	8148.9	
632.05	9524.4	
632.24	9605.7	
632.42	7864.2	
632.61	8497	
632.8	9764.7	
632.99	9366	
633.18	8373.5	
633.37	8821.3	
633.56	9891	
633.75	9723.8	
633.93	8387.1	
634.12	8121.6	
634.31	10745	
634.5	10329	
634.69	8122.2	
634.88	8652.7	
635.07	9680.1	
635.25	10408	
635.44	9119.6	
635.63	9445.2	
635.82	9457.5	
636.01	8923.7	
636.2	9007	
636.39	8594.6	
636.57	10643	
636.76	10450	
636.95	7838.9	
637.14	9436.4	
637.33	9912.9	
637.52	10913	
637.7	7682.6	
637.89	8591.2	
638.08	9533.3	
638.27	11115	
638.46	8850.6	
638.65	9263	
638.83	11067	
639.02	9253.4	
639.21	8629.5	
639.4	9145.5	
639.59	9861.7	
639.78	9414.5	
639.96	7838.9	
640.15	7858.1	
640.34	9610.4	
640.53	9815.2	
640.72	7528.3	
640.91	7851.2	
641.09	8932.6	
641.28	10499	
641.47	7748.1	
641.66	8763.9	
641.85	9770.2	
642.03	10008	
642.22	8505.2	
642.41	7879.9	
642.6	9161.9	
642.79	8471.8	
642.97	7674.4	
643.16	8553	
643.35	9011.1	
643.54	8811	
643.73	7531.1	
643.91	8448.6	
644.1	8684.8	
644.29	9279.3	
644.48	7608.2	
644.67	7624.6	
644.85	8918.9	
645.04	9201.5	
645.23	7172.7	
645.42	7464.8	
645.6	8686.1	
645.79	9970.2	
645.98	7475.8	
646.17	6409.5	
646.36	8346.2	
646.54	9090.9	
646.73	8301.1	
646.92	6984.9	
647.11	8564.6	
647.29	9716.2	
647.48	7107.1	
647.67	6741.9	
647.86	9938.1	
648.05	10077	
648.23	7377.5	
648.42	8789.9	
648.61	9339.4	
648.8	9062.9	
648.98	6966.5	
649.17	7421.8	
649.36	8518.9	
649.55	8054	
649.73	7107.1	
649.92	7908.6	
650.11	8457.4	
650.3	8776.9	
650.48	7242.3	
650.67	6924.9	
650.86	9144.9	
651.05	7950.2	
651.23	7172	
651.42	7071.6	
651.61	8534.6	
651.79	8721.6	
651.98	7310.6	
652.17	6896.9	
652.36	8976.2	
652.54	8004.1	
652.73	6985.6	
652.92	6836.8	
653.11	9054.8	
653.29	9105.3	
653.48	6164.4	
653.67	7277.8	
653.85	8807.6	
654.04	9841.2	
654.23	7474.4	
654.42	6828.6	
654.6	8161.2	
654.79	8917.5	
654.98	6329.6	
655.16	6933.7	
655.35	7702.4	
655.54	7675.8	
655.73	6421.1	
655.91	6421.7	
656.1	8918.2	
656.29	7615.7	
656.47	5917.9	
656.66	7800.7	
656.85	8025.3	
657.03	8067.6	
657.22	6535.1	
657.41	6629.3	
657.59	8158.4	
657.78	7829.4	
657.97	6238.8	
658.16	7038.2	
658.34	8736	
658.53	9282.1	
658.72	7949.5	
658.9	8506.6	
659.09	8083.3	
659.28	8226.7	
659.46	6651.1	
659.65	6716.7	
659.84	7977.5	
660.02	8497.7	
660.21	6568.5	
660.4	6450.4	
660.58	9005.6	
660.77	8372.8	
660.96	7174.7	
661.14	6102.9	
661.33	9530.6	
661.52	9424.8	
661.7	6005.3	
661.89	10158	
662.08	7909.3	
662.26	7370	
662.45	6328.2	
662.64	6467.5	
662.82	8596.7	
663.01	7740.6	
663.2	6543.9	
663.38	7343.3	
663.57	8477.9	
663.75	8407.6	
663.94	6885.3	
664.13	8180.3	
664.31	7875.1	
664.5	8596	
664.69	7050.5	
664.87	7725.6	
665.06	7542	
665.25	8385.1	
665.43	7873.8	
665.62	7954.3	
665.8	8655.4	
665.99	7961.8	
666.18	6704.4	
666.36	6935.8	
666.55	8615.8	
666.74	8568.7	
666.92	6415.6	
667.11	8201.4	
667.29	7944.8	
667.48	8748.9	
667.67	7684	
667.85	6831.3	
668.04	8068.3	
668.22	8053.3	
668.41	6905.8	
668.6	7062.1	
668.78	7742	
668.97	8036.2	
669.15	7279.2	
669.34	6126.2	
669.53	7783	
669.71	8146.1	
669.9	6296.8	
670.08	7140.6	
670.27	7751.6	
670.46	8354.3	
670.64	7275.1	
670.83	7529	
671.01	7646.4	
671.2	8296.3	
671.38	6403.3	
671.57	6355.5	
671.76	8917.5	
671.94	9578.3	
672.13	6157.6	
672.31	7417.7	
672.5	8590.5	
672.69	7702.4	
672.87	6370.5	
673.06	6743.3	
673.24	8241.7	
673.43	7805.5	
673.61	7199.3	
673.8	6655.2	
673.98	8496.3	
674.17	8736	
674.36	7348.1	
674.54	7196.6	
674.73	8336.6	
674.91	8462.9	
675.1	6922.1	
675.28	6541.2	
675.47	7972.1	
675.65	8524.3	
675.84	6689.3	
676.03	7081.2	
676.21	7836.2	
676.4	7288	
676.58	7659.4	
676.77	7292.8	
676.95	9357.9	
677.14	7752.2	
677.32	6373.3	
677.51	6097.5	
677.69	8647.2	
677.88	7385.7	
678.06	6222.4	
678.25	6361.7	
678.44	8189.1	
678.62	7760.4	
678.81	6011.5	
678.99	7027.3	
679.18	8862.2	
679.36	8434.9	
679.55	6723.5	
679.73	7245.7	
679.92	8389.8	
680.1	7802.8	
680.29	7976.8	
680.47	6696.9	
680.66	7672.4	
680.84	8665	
681.03	5890.6	
681.21	7005.4	
681.4	7746.8	
681.58	7650.5	
681.77	6373.3	
681.95	6324.8	
682.14	8673.8	
682.32	9056.1	
682.51	7391.1	
682.69	6150.1	
682.88	7690.1	
683.06	8387.8	
683.25	7025.9	
683.43	7503.8	
683.62	7996	
683.8	8447.9	
683.99	7580.2	
684.17	6953.5	
684.36	9417.2	
684.54	7937.9	
684.73	5982.1	
684.91	6111.1	
685.1	8157.1	
685.28	7457.3	
685.46	6728.9	
685.65	6854.6	
685.83	8428.8	
686.02	7757.7	
686.2	6232.7	
686.39	6431.3	
686.57	7506.5	
686.76	9160.6	
686.94	6289.3	
687.13	6393.1	
687.31	8302.5	
687.5	7770	
687.68	5861.3	
687.86	7341.3	
688.05	9427.5	
688.23	7265.5	
688.42	7202	
688.6	6303	
688.79	7714	
688.97	7755	
689.16	6930.3	
689.34	5680.4	
689.52	8533.9	
689.71	8762.6	
689.89	7200	
690.08	6406.7	
690.26	8016.4	
690.45	7960.5	
690.63	7391.1	
690.81	6574.7	
691	7751.6	
691.18	7662.8	
691.37	6716.7	
691.55	9107.3	
691.74	7692.2	
691.92	9931.3	
692.1	6754.2	
692.29	6167.8	
692.47	7955.7	
692.66	7215.7	
692.84	6356.9	
693.02	6959	
693.21	7342.7	
693.39	7914.7	
693.58	7105.8	
693.76	6484.6	
693.94	9219.3	
694.13	8944.2	
694.31	6492.1	
694.5	7663.5	
694.68	7817.8	
694.86	8063.5	
695.05	6894.8	
695.23	7408.9	
695.42	8613.8	
695.6	11073	
695.78	7625.3	
695.97	6683.2	
696.15	8604.2	
696.34	7933.1	
696.52	6384.2	
696.7	7299	
696.89	8223.3	
697.07	7719.5	
697.25	7180.2	
697.44	8890.9	
697.62	8316.8	
697.81	8681.3	
697.99	6862.1	
698.17	7552.2	
698.36	7582.3	
698.54	8375.5	
698.72	7249.8	
698.91	6253.1	
699.09	7941.3	
699.28	7816.4	
699.46	6833.4	
699.64	6755.6	
699.83	7634.1	
700.01	9098.4	
700.19	7606.8	
700.38	6015.6	
700.56	9079.3	
700.74	7888.8	
700.93	6408.8	
701.11	7295.5	
701.29	8429.4	
701.48	9662.3	
701.66	6726.9	
701.84	6761	
702.03	8023.3	
702.21	8727.8	
702.39	6236.1	
702.58	6918	
702.76	8445.1	
702.94	8668.4	
703.13	6268.8	
703.31	8912.1	
703.49	7815.7	
703.68	9322.4	
703.86	6530.3	
704.04	7533.8	
704.23	8294.3	
704.41	8787.2	
704.59	6647	
704.78	8014.4	
704.96	9485.5	
705.14	8853.4	
705.33	6503	
705.51	7378.8	
705.69	8161.2	
705.87	9067.7	
706.06	7742.7	
706.24	6432	
706.42	8529.8	
706.61	8804.9	
706.79	7710.6	
706.97	6485.2	
707.16	7948.8	
707.34	8581.7	
707.52	7673.7	
707.7	6724.2	
707.89	8285.4	
708.07	7819.8	
708.25	7705.1	
708.44	7869.7	
708.62	8109.3	
708.8	9247.3	
708.98	7965.9	
709.17	6885.3	
709.35	8571.4	
709.53	8625.4	
709.72	6592.4	
709.9	6688	
710.08	8749.6	
710.26	8861.6	
710.45	8285.4	
710.63	6973.3	
710.81	8482.7	
710.99	8441	
711.18	7590.5	
711.36	7076.4	
711.54	8245.8	
711.72	9030.2	
711.91	7077.1	
712.09	6480.5	
712.27	8340	
712.45	9121.7	
712.64	7456	
712.82	6226.5	
713	7731.8	
713.18	7915.4	
713.37	6447.7	
713.55	7638.2	
713.73	8999.5	
713.91	7315.3	
714.1	6708.5	
714.28	6100.2	
714.46	8441.7	
714.64	7501	
714.83	5459.2	
715.01	6395.8	
715.19	7505.8	
715.37	6864.1	
715.55	5937.1	
715.74	6374	
715.92	8496.3	
716.1	6432.7	
716.28	7449.1	
716.47	6494.1	
716.65	7095.5	
716.83	7227.3	
717.01	6285.2	
717.19	6362.4	
717.38	9450	
717.56	6823.8	
717.74	6599.2	
717.92	5647.6	
718.1	8225.3	
718.29	7388.4	
718.47	5291.3	
718.65	6028.5	
718.83	8164.6	
719.01	8071	
719.2	5224.4	
719.38	6544.6	
719.56	7873.8	
719.74	9597.5	
719.92	6002.6	
720.11	7205.4	
720.29	7866.2	
720.47	6905.1	
720.65	5480.4	
720.83	6433.4	
721.02	7182.2	
721.2	6984.3	
721.38	6369.2	
721.56	5547.3	
721.74	6500.9	
721.92	6606.7	
722.11	6957.6	
722.29	6656.6	
722.47	8093.6	
722.65	7195.9	
722.83	5638.7	
723.01	6715.3	
723.2	7182.9	
723.38	7436.9	
723.56	5031.9	
723.74	6406	
723.92	6701.6	
724.1	7880.6	
724.29	5631.9	
724.47	6859.3	
724.65	6648.4	
724.83	6654.5	
725.01	5367	
725.19	6467.5	
725.37	6733.7	
725.56	6800.6	
725.74	5267.4	
725.92	5538.4	
726.1	6661.4	
726.28	6999.3	
726.46	5967.1	
726.64	5700.9	
726.83	6890	
727.01	7262.8	
727.19	5341.8	
727.37	6260.6	
727.55	6997.9	
727.73	7634.1	
727.91	5309	
728.09	5108.3	
728.28	7658.7	
728.46	8296.3	
728.64	6291.4	
728.82	6225.1	
729	8895	
729.18	7969.3	
729.36	5467.4	
729.54	7993.2	
729.72	9286.2	
729.91	7352.9	
730.09	7647.8	
730.27	6258.6	
730.45	7210.9	
730.63	7993.9	
730.81	6895.5	
730.99	5879.7	
731.17	8461.5	
731.35	6970.6	
731.53	6484.6	
731.71	6067.4	
731.9	8168	
732.08	8449.2	
732.26	6328.9	
732.44	5940.5	
732.62	8477.2	
732.8	7875.8	
732.98	6720.8	
733.16	5649	
733.34	7909.9	
733.52	6497.5	
733.7	6199.2	
733.88	6538.5	
734.07	7721.5	
734.25	7447.1	
734.43	5569.8	
734.61	7373.4	
734.79	9071.8	
734.97	7215.7	
735.15	5742.5	
735.33	6175.3	
735.51	7671.7	
735.69	7225.9	
735.87	7359.7	
736.05	6371.2	
736.23	7440.3	
736.41	7161.1	
736.59	6179.4	
736.77	6341.9	
736.95	7905.2	
737.13	7346.1	
737.32	5825.8	
737.5	6108.4	
737.68	8518.9	
737.86	7221.8	
738.04	5522.7	
738.22	7571.3	
738.4	6985.6	
738.58	7277.8	
738.76	6285.2	
738.94	5141.8	
739.12	7075.7	
739.3	6975.4	
739.48	6961.7	
739.66	6672.3	
739.84	7447.8	
740.02	7380.2	
740.2	5199.8	
740.38	5559.6	
740.56	7826	
740.74	6594.5	
740.92	6380.1	
741.1	6210.8	
741.28	7158.3	
741.46	6990.4	
741.64	5852.4	
741.82	6358.9	
742	7205.4	
742.18	7114	
742.36	5969.8	
742.54	5603.2	
742.72	7835.5	
742.9	6484.6	
743.08	6526.2	
743.26	5160.2	
743.44	8029.4	
743.62	7798.7	
743.8	6630.6	
743.98	5631.2	
744.16	7533.1	
744.34	7172	
744.52	6554.2	
744.7	6410.8	
744.88	7524.9	
745.06	7210.9	
745.24	6498.9	
745.42	6618.4	
745.6	7732.4	
745.78	7399.3	
745.96	5234.6	
746.14	5546.6	
746.32	8462.9	
746.5	7692.9	
746.68	6255.2	
746.86	5561.6	
747.03	8183	
747.21	6290	
747.39	6129.6	
747.57	5640.8	
747.75	7248.4	
747.93	7655.3	
748.11	5522	
748.29	5461.2	
748.47	8973.5	
748.65	6959	
748.83	6307.1	
749.01	6054.5	
749.19	7404.1	
749.37	6597.2	
749.55	5879.7	
749.73	5973.9	
749.91	7053.2	
750.09	6724.8	
750.26	6006.7	
750.44	5372.5	
750.62	7176.8	
750.8	7088.7	
750.98	5159.5	
751.16	5626.5	
751.34	7109.2	
751.52	6463.4	
751.7	6376.7	
751.88	5165.7	
752.06	7685.3	
752.24	7456	
752.42	5103.5	
752.59	5563	
752.77	7022.5	
752.95	8423.3	
753.13	6294.8	
753.31	5649	
753.49	6657.9	
753.67	7115.3	
753.85	5963	
754.03	5516.5	
754.21	7419.8	
754.38	7790.5	
754.56	5635.3	
754.74	4582.7	
754.92	6610.8	
755.1	7354.3	
755.28	4591.5	
755.46	4531.5	
755.64	8085.4	
755.82	8191.9	
755.99	4757.4	
756.17	4789.5	
756.35	5360.2	
756.53	6988.4	
756.71	3548.4	
756.89	4601.1	
757.07	6620.4	
757.25	5597.1	
757.42	5209.3	
757.6	6243.6	
757.78	6767.9	
757.96	5599.8	
758.14	4969.7	
758.32	4429.8	
758.5	5149.3	
758.67	6044.9	
758.85	4795	
759.03	4851	
759.21	6257.2	
759.39	5625.1	
759.57	4270.7	
759.75	5513.1	
759.92	6898.2	
760.1	6109.8	
760.28	5986.2	
760.46	6225.8	
760.64	5842.2	
760.82	5628.5	
760.99	5556.8	
761.17	4859.1	
761.35	6850.5	
761.53	5774.6	
761.71	5051	
761.89	5813.5	
762.06	6728.9	
762.24	6232	
762.42	5119.2	
762.6	4911	
762.78	6221	
762.96	7014.3	
763.13	5556.8	
763.31	5279	
763.49	7146	
763.67	6186.9	
763.85	6161.7	
764.02	6854.6	
764.2	7339.2	
764.38	6517.3	
764.56	5093.3	
764.74	6110.5	
764.91	7518.8	
765.09	6326.2	
765.27	4721.3	
765.45	4496	
765.63	7504.4	
765.8	7393.8	
765.98	4200.4	
766.16	4601.1	
766.34	5808.7	
766.52	5650.3	
766.69	5707.7	
766.87	4514.4	
767.05	6244.3	
767.23	6900.3	
767.41	4744.5	
767.58	5025	
767.76	6840.9	
767.94	6976.7	
768.12	4787.5	
768.29	5644.9	
768.47	6312.5	
768.65	7132.4	
768.83	4412.7	
769	5657.2	
769.18	5797.1	
769.36	6623.1	
769.54	5678.3	
769.72	4394.9	
769.89	6836.8	
770.07	6987	
770.25	4775.2	
770.43	6178.7	
770.6	7688.8	
770.78	7999.4	
770.96	5025.7	
771.14	5705.6	
771.31	6691.4	
771.49	6064.7	
771.67	4013.3	
771.85	4371.7	
772.02	5168.4	
772.2	6069.5	
772.38	5055.8	
772.55	4569	
772.73	6306.4	
772.91	6096.1	
773.09	5020.3	
773.26	5048.9	
773.44	6288.6	
773.62	5892	
773.8	4358.1	
773.97	4140.3	
774.15	6320.7	
774.33	5947.3	
774.5	4275.5	
774.68	4696	
774.86	6503.7	
775.04	6000.5	
775.21	4377.2	
775.39	4356.7	
775.57	6252.4	
775.74	6680.5	
775.92	4219.5	
776.1	4119.8	
776.27	6168.5	
776.45	7600	
776.63	4297.3	
776.81	3868.6	
776.98	5754.1	
777.16	6982.9	
777.34	4535.6	
777.51	4859.8	
777.69	5732.3	
777.87	5573.9	
778.04	4525.3	
778.22	5255.8	
778.4	5520.6	
778.57	6235.4	
778.75	3739.6	
778.93	4076.8	
779.1	5328.1	
779.28	5199.8	
779.46	3798.3	
779.64	4358.8	
779.81	6412.9	
779.99	7412.3	
780.17	5189.6	
780.34	5309	
780.52	5779.4	
780.69	5988.9	
780.87	4672.1	
781.05	4205.2	
781.22	5844.9	
781.4	6008.1	
781.58	4354.7	
781.75	3426.3	
781.93	5954.1	
782.11	5342.5	
782.28	5317.2	
782.46	4340.3	
782.64	5126.7	
782.81	6100.2	
782.99	4385.4	
783.17	4347.2	
783.34	6060.6	
783.52	5151.3	
783.69	4544.4	
783.87	5498.1	
784.05	5193.6	
784.22	5279.7	
784.4	5462.6	
784.58	4738.3	
784.75	6296.1	
784.93	5218.2	
785.1	4317.1	
785.28	5040.1	
785.46	6008.7	
785.63	5257.1	
785.81	4263.9	
785.99	4117.8	
786.16	5413.5	
786.34	5821.7	
786.51	4191.5	
786.69	4576.5	
786.87	4935.6	
787.04	5503.6	
787.22	3951.9	
787.39	5025.7	
787.57	5188.2	
787.75	6438.1	
787.92	5247.6	
788.1	5195.7	
788.27	5261.9	
788.45	5004.6	
788.63	4888.5	
788.8	3450.8	
788.98	5698.8	
789.15	4928.1	
789.33	3639.9	
789.5	4371.7	
789.68	6315.3	
789.86	6371.9	
790.03	4838.7	
790.21	4195.6	
790.38	6255.2	
790.56	5339.7	
790.73	4007.2	
790.91	4095.3	
791.09	5196.4	
791.26	6078.4	
791.44	4298	
791.61	3664.5	
791.79	5227.8	
791.96	5345.9	
792.14	3803.8	
792.32	3377.1	
792.49	5182	
792.67	5423	
792.84	3900	
793.02	3648.1	
793.19	6025.8	
793.37	6585.6	
793.54	3389.4	
793.72	3758.7	
793.89	6666.8	
794.07	5311.7	
794.25	4422.9	
794.42	3415.3	
794.6	6477	
794.77	5975.3	
794.95	4710.3	
795.12	4143	
795.3	5230.5	
795.47	5941.2	
795.65	4553.3	
795.82	4377.9	
796	4991.6	
796.17	7164.5	
796.35	4184	
796.52	4923.3	
796.7	5812.8	
796.87	5922.7	
797.05	5199.1	
797.22	5045.5	
797.4	5912.5	
797.57	6969.2	
797.75	4264.6	
797.92	4091.8	
798.1	6238.8	
798.27	5235.3	
798.45	3422.2	
798.62	3766.9	
798.8	5593.7	
798.97	6154.1	
799.15	4594.3	
799.32	4311	
799.5	4788.8	
799.67	5662	
799.85	4744.5	
800.02	3365.5	
800.2	5185.5	
800.37	5570.5	
800.55	4900.1	
800.72	4076.1	
800.9	6047.7	
801.07	6552.1	
801.25	5453.1	
801.42	4462.5	
801.6	6087.9	
801.77	5794.4	
801.95	4063.9	
802.12	3895.2	
802.29	5741.1	
802.47	5766.4	
802.64	4465.9	
802.82	3354.6	
802.99	5177.9	
803.17	6277.7	
803.34	4334.9	
803.52	3883.6	
803.69	6929	
803.87	4978.6	
804.04	4249.5	
804.21	4398.4	
804.39	6420.4	
804.56	5407.3	
804.74	3611.3	
804.91	4504.8	
805.09	5171.8	
805.26	5335.6	
805.44	3670.6	
805.61	4093.2	
805.78	5945.3	
805.96	6025.1	
806.13	4496.7	
806.31	4781.3	
806.48	4772.4	
806.66	5340.4	
806.83	4427	
807	4382.7	
807.18	5145.2	
807.35	5623.7	
807.53	4412.7	
807.7	3483.6	
807.87	6471.6	
808.05	5311.1	
808.22	4872.1	
808.4	3486.3	
808.57	5270.8	
808.74	4860.5	
808.92	3953.9	
809.09	5126.7	
809.27	5065.3	
809.44	5776	
809.61	3458.3	
809.79	3812	
809.96	6466.8	
810.14	6093.4	
810.31	3345.7	
810.48	4212.7	
810.66	5356.1	
810.83	6175.3	
811.01	3938.9	
811.18	4450.2	
811.35	6109.1	
811.53	4630.5	
811.7	4810	
811.87	4533.5	
812.05	5198.4	
812.22	5126.7	
812.39	3855.6	
812.57	3710.9	
812.74	5244.8	
812.92	7108.5	
813.09	4126.7	
813.26	4513.7	
813.44	6801.3	
813.61	5189.6	
813.78	3472	
813.96	4727.4	
814.13	5251	
814.3	4870.8	
814.48	5096.7	
814.65	4211.3	
814.82	6584.9	
815	5068.7	
815.17	4295.3	
815.34	5243.5	
815.52	5165.7	
815.69	5173.9	
815.87	4258.4	
816.04	4160.8	
816.21	5330.2	
816.38	4620.2	
816.56	4141.7	
816.73	3809.2	
816.9	6655.2	
817.08	6105.7	
817.25	3892.5	
817.42	4844.1	
817.6	4778.6	
817.77	5314.5	
817.94	4366.3	
818.12	3784	
818.29	4975.2	
818.46	7984.3	
818.64	3992.9	
818.81	3703.4	
818.98	4901.5	
819.16	7225.2	
819.33	4593.6	
819.5	4282.3	
819.67	5640.1	
819.85	6344.6	
820.02	4227	
820.19	4486.4	
820.37	5519.3	
820.54	5074.2	
820.71	4393.6	
820.88	5419.6	
821.06	5520	
821.23	5005.9	
821.4	4371	
821.58	4308.9	
821.75	6083.8	
821.92	5400.5	
822.09	3433.1	
822.27	3533.4	
822.44	5296.7	
822.61	5188.2	
822.79	3504.8	
822.96	6804.7	
823.13	5906.3	
823.3	4985.4	
823.48	4095.9	
823.65	3673.4	
823.82	5992.4	
823.99	4758.1	
824.17	5199.1	
824.34	3700.7	
824.51	7015.7	
824.68	5309	
824.86	3895.9	
825.03	4422.2	
825.2	5292.6	
825.37	6483.2	
825.55	3850.9	
825.72	4302.1	
825.89	7073	
826.06	6516.6	
826.24	4177.9	
826.41	4261.8	
826.58	6388.3	
826.75	5620.3	
826.92	3269.9	
827.1	3608.5	
827.27	8895	
827.44	7003.4	
827.61	3960.8	
827.79	4857.8	
827.96	4952.7	
828.13	5345.9	
828.3	4103.4	
828.47	3501.3	
828.65	5503.6	
828.82	5460.6	
828.99	5436	
829.16	4723.3	
829.34	5913.9	
829.51	5669.5	
829.68	4300.7	
829.85	4511	
830.02	6287.9	
830.2	5935.7	
830.37	3276.1	
830.54	5272.2	
830.71	6803.4	
830.88	5192.3	
831.05	3325.2	
831.23	3922.5	
831.4	6400.6	
831.57	7255.3	
831.74	3983.3	
831.91	3509.5	
832.09	5462.6	
832.26	5911.8	
832.43	4145.8	
832.6	4733.5	
832.77	5513.8	
832.94	6339.1	
833.12	3259	
833.29	4128.7	
833.46	5638.7	
833.63	7584.3	
833.8	4468	
833.97	4204.5	
834.15	5902.9	
834.32	5634	
834.49	4321.2	
834.66	4362.2	
834.83	6156.9	
835	4946.5	
835.17	3990.8	
835.35	3996.3	
835.52	5749.3	
835.69	5625.8	
835.86	4250.2	
836.03	3486.3	
836.2	5824.4	
836.37	5441.5	
836.55	4101.4	
836.72	3874.8	
836.89	5411.4	
837.06	6004	
837.23	4186.7	
837.4	4556	
837.57	6783.6	
837.75	7560.4	
837.92	3793.5	
838.09	3992.2	
838.26	5378	
838.43	6183.5	
838.6	4321.9	
838.77	3867.9	
838.94	7132.4	
839.11	6820.4	
839.29	4132.1	
839.46	3209.8	
839.63	5842.9	
839.8	5573.2	
839.97	4040.6	
840.14	4038.6	
840.31	5639.4	
840.48	5919.3	
840.65	3308.8	
840.82	3967.6	
841	5838.1	
841.17	5886.5	
841.34	3771.7	
841.51	3747.8	
841.68	5767.8	
841.85	5546.6	
842.02	3847.5	
842.19	3175	
842.36	5653.8	
842.53	5623	
842.7	3671.3	
842.87	4580.6	
843.05	7559.7	
843.22	5495.4	
843.39	3519.8	
843.56	3793.5	
843.73	5311.1	
843.9	5946.6	
844.07	6082.5	
844.24	5089.9	
844.41	8729.1	
844.58	5067.4	
844.75	3566.2	
844.92	3914.4	
845.09	5900.2	
845.26	5871.5	
845.43	3578.5	
845.6	3872	
845.77	5879	
845.94	5607.3	
846.12	4138.3	
846.29	4336.9	
846.46	6113.2	
846.63	5872.9	
846.8	3671.3	
846.97	4410.6	
847.14	6371.9	
847.31	5831.9	
847.48	4161.5	
847.65	4601.1	
847.82	6188.3	
847.99	6169.8	
848.16	4931.5	
848.33	4554.7	
848.5	5403.2	
848.67	6332.3	
848.84	3641.3	
849.01	3880.9	
849.18	5258.5	
849.35	4859.1	
849.52	4657.8	
849.69	3594.2	
849.86	6070.2	
850.03	6360.3	
850.2	3711.6	
850.37	4560.8	
850.54	6292.7	
850.71	5518.6	
850.88	4392.2	
851.05	3590.1	
851.22	5773.9	
851.39	6460.7	
851.56	3480.2	
851.73	4218.1	
851.9	5168.4	
852.07	6107	
852.24	4113.7	
852.41	3571.7	
852.58	5692.7	
852.75	5183.4	
852.92	4126.7	
853.09	3572.3	
853.26	5450.3	
853.43	6374.6	
853.6	3568.2	
853.77	3091.1	
853.94	6450.4	
854.11	5818.3	
854.28	5512.4	
854.44	3981.9	
854.61	6983.6	
854.78	6213.5	
854.95	3639.2	
855.12	4682.3	
855.29	4659.8	
855.46	6510.5	
855.63	3621.5	
855.8	5086.5	
855.97	5372.5	
856.14	6197.8	
856.31	5256.5	
856.48	4003.8	
856.65	5338.4	
856.82	5118.6	
856.99	3490.4	
857.16	3968.3	
857.33	7277.1	
857.49	5500.2	
857.66	3947.8	
857.83	4272.1	
858	5372.5	
858.17	5684.5	
858.34	3420.8	
858.51	3594.2	
858.68	6706.4	
858.85	6720.8	
859.02	4374.5	
859.19	4515.8	
859.36	5094.7	
859.52	5207.3	
859.69	3647.4	
859.86	4368.3	
860.03	5222.3	
860.2	6436.8	
860.37	3290.4	
860.54	3677.5	
860.71	6079.1	
860.88	6509.1	
861.05	4148.5	
861.21	4605.2	
861.38	6636.1	
861.55	5010	
861.72	3312.9	
861.89	4055.7	
862.06	6227.9	
862.23	6746	
862.4	3577.8	
862.56	3874.8	
862.73	6038.1	
862.9	5661.3	
863.07	4314.4	
863.24	3294.5	
863.41	5035.3	
863.58	5126.7	
863.75	3772.4	
863.91	4259.1	
864.08	6547.4	
864.25	6077.7	
864.42	4640.7	
864.59	5126.1	
864.76	6918.7	
864.93	5122	
865.09	3575.1	
865.26	3873.4	
865.43	6395.8	
865.6	6809.5	
865.77	3166.8	
865.94	3607.2	
866.1	6465.4	
866.27	6169.8	
866.44	5535	
866.61	3463.8	
866.78	5544.5	
866.95	6008.1	
867.11	3521.1	
867.28	3265.8	
867.45	6197.8	
867.62	5189.6	
867.79	4249.5	
867.96	3635.1	
868.12	5163.6	
868.29	6157.6	
868.46	3612.6	
868.63	4919.2	
868.8	6390.3	
868.97	6038.1	
869.13	3875.4	
869.3	3807.9	
869.47	5988.9	
869.64	6209.4	
869.81	3715	
869.97	3686.3	
870.14	5847	
870.31	6631.3	
870.48	3611.9	
870.65	4613.4	
870.81	5442.8	
870.98	5406	
871.15	4199	
871.32	3831.7	
871.48	5992.4	
871.65	6651.8	
871.82	3620.1	
871.99	4024.9	
872.16	7134.4	
872.32	6535.1	
872.49	3737.5	
872.66	3698.6	
872.83	6130.3	
872.99	5309	
873.16	4272.7	
873.33	3646.7	
873.5	5681.1	
873.67	5780.1	
873.83	3792.2	
874	4987.5	
874.17	5935	
874.34	7120.1	
874.5	4739.7	
874.67	4567.7	
874.84	6588.3	
875.01	5114.5	
875.17	5266	
875.34	3606.5	
875.51	5795.8	
875.68	6991.1	
875.84	4416.8	
876.01	5444.9	
876.18	6034.7	
876.34	5980.8	
876.51	3667.2	
876.68	3570.3	
876.85	5494.7	
877.01	6398.5	
877.18	5211.4	
877.35	3674.1	
877.52	5617.6	
877.68	5037.3	
877.85	3568.2	
878.02	3594.9	
878.18	5622.4	
878.35	5283.1	
878.52	2902.7	
878.69	4090.5	
878.85	6087.2	
879.02	6092.7	
879.19	5239.4	
879.35	3958	
879.52	6005.3	
879.69	6337.1	
879.86	3118.4	
880.02	4111	
880.19	5586.2	
880.36	6868.9	
880.52	4204.5	
880.69	4337.6	
880.86	6202.6	
881.02	6283.9	
881.19	4041.3	
881.36	4022.9	
881.52	6016.2	
881.69	5350	
881.86	3917.1	
882.02	3893.9	
882.19	6433.4	
882.36	7510.6	
882.52	3729.4	
882.69	5231.9	
882.86	5836.7	
883.02	5728.9	
883.19	4458.4	
883.36	4227.7	
883.52	6199.2	
883.69	7074.4	
883.86	3703.4	
884.02	3273.3	
884.19	6146	
884.36	5689.9	
884.52	4166.9	
884.69	3870.7	
884.86	5335	
885.02	6703.7	
885.19	4085	
885.36	4267.3	
885.52	5631.9	
885.69	5850.4	
885.86	5402.5	
886.02	4707.6	
886.19	6158.9	
886.35	5536.3	
886.52	3990.1	
886.69	5225.1	
886.85	5126.7	
887.02	6549.4	
887.19	6549.4	
887.35	6549.4	
887.52	6549.4	
887.68	6549.4	
887.85	6549.4	
888.02	6549.4	
888.18	6549.4	
888.35	6549.4	
888.51	6549.4	
888.68	6549.4	
888.85	6549.4	
889.01	6549.4	
889.18	6549.4	
889.35	6549.4	
889.51	6549.4	
889.68	6549.4	
889.84	6549.4	
890.01	6549.4	
890.17	6549.4	
890.34	6549.4	
890.51	6549.4	
890.67	6549.4	
890.84	6549.4	
891	6549.4	
891.17	6549.4	
891.34	6549.4	
891.5	6549.4	
891.67	6549.4	
891.83	6549.4	
892	6549.4	
892.16	6549.4	
892.33	6549.4	
892.5	6549.4	
892.66	6549.4	
892.83	6549.4	
892.99	6549.4	
893.16	6549.4	
893.32	6549.4	
893.49	6549.4	
893.65	6549.4	
893.82	6549.4	
893.99	6549.4	
894.15	6549.4	
894.32	6549.4	
894.48	6549.4	
894.65	6549.4	
894.81	6549.4	
894.98	6549.4	
895.14	6549.4	
895.31	6549.4	
895.47	6549.4	
895.64	6549.4	
895.81	6549.4	
895.97	6549.4	
896.14	6549.4	
896.3	6549.4	
896.47	6549.4	
896.63	6549.4	
896.8	6549.4	
896.96	6549.4	
897.13	6549.4	
897.29	6549.4	
897.46	6549.4	
897.62	6549.4	
897.79	6549.4	
897.95	6549.4	
898.12	6549.4	
898.28	6549.4	
898.45	6549.4	
898.61	6549.4	
898.78	6549.4	
898.94	6549.4	
899.11	6549.4	
899.27	6549.4	
899.44	6549.4	
899.6	6549.4	
899.77	6549.4	
899.93	6549.4	
900.1	6549.4	
900.26	6549.4	
900.43	6549.4	
900.59	6549.4	
900.76	6549.4	
900.92	6549.4	
901.09	6549.4	
901.25	6549.4	
901.42	6549.4	
901.58	6549.4	
901.75	6549.4	
901.91	6549.4	
902.07	6549.4	
902.24	6549.4	
902.4	6549.4	
902.57	6549.4	
902.73	6549.4	
902.9	6549.4	
903.06	6549.4	
903.23	6549.4	
903.39	6549.4	
903.56	6549.4	
903.72	6549.4	
903.88	6549.4	
904.05	6549.4	
904.21	6549.4	
904.38	6549.4	
904.54	6549.4	
904.71	6549.4	
904.87	6549.4	
905.03	6549.4	
905.2	6549.4	
905.36	6549.4	
905.53	6549.4	
905.69	6549.4	
905.86	6549.4	
906.02	6549.4	
906.18	6549.4	
906.35	6549.4	
906.51	6549.4	
906.68	6549.4	
906.84	6549.4	
907.01	6549.4	
907.17	6549.4	
907.33	6549.4	
907.5	6549.4	
907.66	6549.4	
907.83	6549.4	
907.99	6549.4	
908.15	6549.4	
908.32	6549.4	
908.48	6549.4	
908.65	6549.4	
908.81	6549.4	
908.97	6549.4	
909.14	6549.4	
909.3	6549.4	
909.47	6549.4	
909.63	6549.4	
909.79	6549.4	
909.96	6549.4	
910.12	6549.4	
910.28	6549.4	
910.45	6549.4	
910.61	6549.4	
910.78	6549.4	
910.94	6549.4	
911.1	6549.4	
911.27	6549.4	
911.43	6549.4	
911.59	6549.4	
911.76	6549.4	
911.92	6549.4	
912.08	6549.4	
912.25	6549.4	
912.41	6549.4	
912.57	6549.4	
912.74	6549.4	
912.9	6549.4	
913.07	6549.4	
913.23	6549.4	
913.39	6549.4	
913.56	6549.4	
913.72	6549.4	
913.88	6549.4	
914.05	6549.4	
914.21	6549.4	
914.37	6549.4	
914.54	6549.4	
914.7	6549.4	
914.86	6549.4	
915.03	6549.4	
915.19	6549.4	
