Wavelength	Intensities	
nm	a.u.	
179.22	1924.2	
179.44	1932.3	
179.65	1916.2	
179.86	1948.3	
180.08	1951	
180.29	5053	
180.51	3564.1	
180.72	5735.7	
180.94	6769.9	
181.15	3311.6	
181.37	3271.3	
181.58	5530.9	
181.79	5845.6	
182.01	3424.9	
182.22	3678.8	
182.44	5855.1	
182.65	4901.5	
182.87	4631.8	
183.08	4036.5	
183.29	6173.9	
183.51	5088.5	
183.72	3769.6	
183.94	5475.6	
184.15	5463.3	
184.37	5548.6	
184.58	3255.6	
184.79	4550.6	
185.01	5051	
185.22	5820.3	
185.44	4792.2	
185.65	3959.4	
185.86	5390.3	
186.08	4949.3	
186.29	3137.5	
186.51	3485	
186.72	5061.2	
186.94	6034	
187.15	3948.5	
187.36	4100.7	
187.58	7858.7	
187.79	5570.5	
188.01	4307.6	
188.22	6679.1	
188.43	6763.1	
188.65	5839.4	
188.86	3377.8	
189.08	4080.9	
189.29	5349.3	
189.5	5238.7	
189.72	3814.7	
189.93	3846.8	
190.15	6008.7	
190.36	7246.4	
190.57	4185.4	
190.79	4091.8	
191	6118	
191.22	6100.2	
191.43	4188.8	
191.64	3422.2	
191.86	6379.4	
192.07	6112.5	
192.29	3574.4	
192.5	3820.8	
192.71	6070.9	
192.93	5225.7	
193.14	3786	
193.35	3898.6	
193.57	5255.1	
193.78	6124.8	
194	3022.8	
194.21	3730.7	
194.42	5054.4	
194.64	5447.6	
194.85	4158.7	
195.07	4816.1	
195.28	5542.5	
195.49	4794.3	
195.71	5068.7	
195.92	3542.3	
196.13	5666	
196.35	5813.5	
196.56	5416.9	
196.78	4155.3	
196.99	7189.1	
197.2	6750.1	
197.42	4769	
197.63	4218.1	
197.84	4917.2	
198.06	5716.6	
198.27	3821.5	
198.48	5092.6	
198.7	5259.2	
198.91	5410.1	
199.13	4080.9	
199.34	4162.2	
199.55	5910.4	
199.77	4859.8	
199.98	3678.2	
200.19	4190.1	
200.41	5327.4	
200.62	5081	
200.83	4353.3	
201.05	4646.8	
201.26	5376.6	
201.47	5116.5	
201.69	3665.2	
201.9	3492.5	
202.11	5417.6	
202.33	6507.1	
202.54	3900	
202.76	4453	
202.97	5608.7	
203.18	5599.1	
203.4	4313.7	
203.61	4209.3	
203.82	5556.1	
204.04	5126.1	
204.25	4227.7	
204.46	4095.9	
204.68	5467.4	
204.89	5692	
205.1	4039.3	
205.32	3529.3	
205.53	5906.3	
205.74	6042.2	
205.96	2945	
206.17	4291.2	
206.38	5863.3	
206.6	6029.9	
206.81	4732.9	
207.02	3878.2	
207.24	5707.7	
207.45	6130.3	
207.66	4023.6	
207.88	3395.5	
208.09	5700.2	
208.3	5444.9	
208.52	3633.8	
208.73	4018.8	
208.94	5525.4	
209.15	6265.4	
209.37	3932.1	
209.58	4134.2	
209.79	5997.8	
210.01	5272.2	
210.22	3111.5	
210.43	3422.2	
210.65	5497.4	
210.86	5932.3	
211.07	3953.9	
211.29	3614	
211.5	5862	
211.71	5455.8	
211.93	3651.5	
212.14	3624.9	
212.35	5434.6	
212.56	5653.8	
212.78	4171.7	
212.99	3435.1	
213.2	6432.7	
213.42	5252.4	
213.63	3749.8	
213.84	4040	
214.06	4874.2	
214.27	4949.3	
214.48	3960.8	
214.69	4232.5	
214.91	6169.8	
215.12	6322.8	
215.33	4227	
215.55	4761.5	
215.76	6777.4	
215.97	5865.4	
216.18	4093.9	
216.4	4020.2	
216.61	5165.7	
216.82	6028.5	
217.04	3672	
217.25	3797.6	
217.46	6178	
217.67	5891.3	
217.89	3276.8	
218.1	3339.6	
218.31	5567.1	
218.53	5715.9	
218.74	3774.4	
218.95	3644	
219.16	5470.8	
219.38	6487.3	
219.59	3718.4	
219.8	4386.7	
220.01	7171.3	
220.23	5530.9	
220.44	4898.7	
220.65	3605.8	
220.87	5601.9	
221.08	6121.4	
221.29	3360	
221.5	4527.4	
221.72	7518.8	
221.93	5173.9	
222.14	4178.5	
222.35	4912.4	
222.57	5492.7	
222.78	5889.3	
222.99	3932.8	
223.2	4277.5	
223.42	5829.9	
223.63	5976	
223.84	2995.5	
224.05	3015.3	
224.27	7063.4	
224.48	6470.9	
224.69	4987.5	
224.9	4131.4	
225.12	5696.1	
225.33	5442.8	
225.54	3355.9	
225.75	3730	
225.97	5057.1	
226.18	5365.7	
226.39	3938.9	
226.6	3710.2	
226.82	5220.3	
227.03	5038	
227.24	4179.2	
227.45	3454.9	
227.67	5879.7	
227.88	6492.1	
228.09	4650.3	
228.3	4707.6	
228.52	5997.1	
228.73	5406	
228.94	3921.2	
229.15	3444.7	
229.36	5423	
229.58	5290.6	
229.79	3867.2	
230	4511	
230.21	6596.5	
230.43	5535.7	
230.64	4151.2	
230.85	4336.2	
231.06	5981.4	
231.28	5947.3	
231.49	3414	
231.7	4038.6	
231.91	5805.3	
232.12	5521.3	
232.34	3443.3	
232.55	4044.1	
232.76	6128.9	
232.97	5704.3	
233.18	3613.3	
233.4	4117.1	
233.61	5762.3	
233.82	5187.5	
234.03	3809.2	
234.25	3769.6	
234.46	7691.5	
234.67	5580	
234.88	4251.6	
235.09	3669.3	
235.31	5820.3	
235.52	5399.1	
235.73	4117.1	
235.94	3479.5	
236.15	5232.6	
236.37	6701.6	
236.58	3713.6	
236.79	4030.4	
237	5771.9	
237.21	4980	
237.43	4263.2	
237.64	3362.8	
237.85	10089	
238.06	5032.5	
238.27	4381.3	
238.48	3434.4	
238.7	5886.5	
238.91	5305.6	
239.12	3948.5	
239.33	4002.4	
239.54	5099.4	
239.76	5374.6	
239.97	3900	
240.18	4019.5	
240.39	6939.9	
240.6	5803.9	
240.82	4143	
241.03	3368.9	
241.24	5489.2	
241.45	6426.5	
241.66	3659	
241.87	4291.2	
242.09	6278.4	
242.3	6701.6	
242.51	4359.4	
242.72	3981.3	
242.93	6033.3	
243.14	5481.7	
243.36	4604.5	
243.57	4979.3	
243.78	6406	
243.99	5851.7	
244.2	4037.2	
244.41	3616	
244.63	5069.4	
244.84	5824.4	
245.05	4216.8	
245.26	3969.6	
245.47	5751.4	
245.68	6104.3	
245.9	5332.2	
246.11	4231.8	
246.32	5333.6	
246.53	5797.8	
246.74	6473.6	
246.95	3307.5	
247.16	4928.8	
247.38	5494	
247.59	3300.6	
247.8	4049.5	
248.01	5178.6	
248.22	5398.4	
248.43	3635.1	
248.64	3882.9	
248.86	4853.7	
249.07	5249.6	
249.28	3446.7	
249.49	4115.1	
249.7	6099.5	
249.91	6180.1	
250.12	3319.8	
250.34	3386.7	
250.55	5588.9	
250.76	5484.5	
250.97	4185.4	
251.18	4173.8	
251.39	6239.5	
251.6	5667.4	
251.81	4268	
252.03	4223.6	
252.24	5186.1	
252.45	6006.7	
252.66	3443.3	
252.87	4414.7	
253.08	5496.7	
253.29	7334.5	
253.5	3503.4	
253.72	4870.1	
253.93	5343.8	
254.14	6571.2	
254.35	3732.1	
254.56	3941	
254.77	5784.1	
254.98	5113.8	
255.19	3725.9	
255.41	4884.4	
255.62	5594.4	
255.83	6228.6	
256.04	4309.6	
256.25	4191.5	
256.46	6795.8	
256.67	5231.9	
256.88	4118.5	
257.09	4587.4	
257.31	5171.1	
257.52	5177.9	
257.73	5172.5	
257.94	3723.9	
258.15	5280.3	
258.36	5489.2	
258.57	4784.7	
258.78	3028.3	
258.99	6038.1	
259.2	5311.1	
259.41	3800.3	
259.63	3887	
259.84	6369.9	
260.05	6824.5	
260.26	5036	
260.47	3731.4	
260.68	6065.4	
260.89	5427.1	
261.1	4549.9	
261.31	3564.1	
261.52	6123.4	
261.73	6462	
261.95	4947.9	
262.16	4268	
262.37	6249	
262.58	6307.1	
262.79	4936.3	
263	3904.8	
263.21	5575.9	
263.42	4977.9	
263.63	3946.4	
263.84	3867.9	
264.05	6112.5	
264.26	6399.9	
264.47	4805.9	
264.69	4379.9	
264.9	6212.9	
265.11	5782.1	
265.32	3697.9	
265.53	3768.9	
265.74	5651	
265.95	4945.2	
266.16	3995.6	
266.37	4552.6	
266.58	5679.7	
266.79	5374.6	
267	3762.8	
267.21	3471.3	
267.42	5037.3	
267.63	5550.7	
267.84	3998.3	
268.06	3401.7	
268.27	5930.9	
268.48	6232	
268.69	3816.7	
268.9	4640	
269.11	6238.8	
269.32	4956.8	
269.53	3994.2	
269.74	3661.8	
269.95	5852.4	
270.16	4840	
270.37	4082.3	
270.58	4648.9	
270.79	5362.3	
271	6017.6	
271.21	4305.5	
271.42	4026.3	
271.63	5697.4	
271.84	5147.9	
272.05	3232.4	
272.26	3562.1	
272.47	5588.9	
272.68	5732.9	
272.89	3854.3	
273.11	4421.6	
273.32	5261.9	
273.53	6525.5	
273.74	4287.8	
273.95	4172.4	
274.16	6133	
274.37	5511.1	
274.58	4446.8	
274.79	3472.7	
275	5597.8	
275.21	6198.5	
275.42	5367	
275.63	4476.9	
275.84	5805.3	
276.05	7258.7	
276.26	4145.1	
276.47	3956.7	
276.68	5326.1	
276.89	6554.9	
277.1	4506.9	
277.31	3445.4	
277.52	5786.9	
277.73	5905.7	
277.94	3468.6	
278.15	3888.4	
278.36	5714.5	
278.57	5143.8	
278.78	3832.4	
278.99	4336.2	
279.2	5119.9	
279.41	5071.5	
279.62	5025.7	
279.83	3537.5	
280.04	6718.7	
280.25	4955.4	
280.46	5012.7	
280.67	4007.2	
280.88	5127.4	
281.09	6211.5	
281.3	4151.9	
281.51	5307	
281.72	5195	
281.93	6038.8	
282.14	3620.8	
282.35	4048.8	
282.56	6062	
282.77	6029.2	
282.98	3818.8	
283.19	4716.5	
283.4	7393.2	
283.61	5478.3	
283.82	3553.9	
284.03	5025.7	
284.24	5645.6	
284.45	6204.7	
284.66	4935.6	
284.87	4751.3	
285.08	6135	
285.29	6234	
285.5	3360	
285.71	3882.9	
285.92	6148.7	
286.12	6895.5	
286.33	4909	
286.54	3881.6	
286.75	5954.1	
286.96	5375.2	
287.17	3520.5	
287.38	4851.6	
287.59	5109	
287.8	5038	
288.01	3911.6	
288.22	4577.9	
288.43	5910.4	
288.64	4991.6	
288.85	4623.6	
289.06	4424.3	
289.27	5945.9	
289.48	6475.7	
289.69	4868.7	
289.9	4579.9	
290.11	6063.4	
290.32	5191.6	
290.53	4739	
290.74	4325.3	
290.94	5960.3	
291.15	6054.5	
291.36	3747.8	
291.57	4507.6	
291.78	5229.8	
291.99	4961.5	
292.2	3575.8	
292.41	4364.9	
292.62	6098.2	
292.83	5883.8	
293.04	5365	
293.25	3595.6	
293.46	5268.1	
293.67	6142.5	
293.88	3790.1	
294.09	3603.1	
294.29	5019.6	
294.5	5666	
294.71	4009.9	
294.92	3822.2	
295.13	5270.8	
295.34	6655.9	
295.55	3325.9	
295.76	3480.2	
295.97	5954.1	
296.18	6728.9	
296.39	3532.1	
296.6	3771	
296.81	5662.6	
297.01	5925.5	
297.22	3889.1	
297.43	3690.4	
297.64	5174.5	
297.85	5199.8	
298.06	3091.8	
298.27	3383.2	
298.48	5549.3	
298.69	5240.8	
298.9	4042	
299.11	3659	
299.31	5023	
299.52	5033.9	
299.73	4352.6	
299.94	4272.1	
300.15	5531.6	
300.36	5081	
300.57	4209.3	
300.78	4196.3	
300.99	5347.2	
301.2	5623	
301.4	3709.6	
301.61	4100	
301.82	5902.2	
302.03	6003.3	
302.24	4590.2	
302.45	3514.3	
302.66	5833.3	
302.87	6302.3	
303.08	3689.8	
303.29	5212.8	
303.49	5219.6	
303.7	5545.9	
303.91	3330.7	
304.12	4890.5	
304.33	5016.8	
304.54	5685.2	
304.75	3780.6	
304.96	3576.4	
305.16	5831.2	
305.37	6599.9	
305.58	3201.7	
305.79	3388.7	
306	5905	
306.21	4910.3	
306.42	3755.3	
306.63	5759.6	
306.83	5404.6	
307.04	6113.2	
307.25	4157.4	
307.46	4119.1	
307.67	4698	
307.88	6042.9	
308.09	3628.3	
308.29	3873.4	
308.5	5628.5	
308.71	6176.7	
308.92	3970.3	
309.13	3579.8	
309.34	5391.6	
309.55	5440.1	
309.75	4728.8	
309.96	4276.2	
310.17	5947.3	
310.38	5185.5	
310.59	4497.3	
310.8	3531.4	
311.01	5352	
311.21	5361.6	
311.42	3562.1	
311.63	3691.1	
311.84	5255.8	
312.05	5677.7	
312.26	4204.5	
312.46	4551.3	
312.67	5356.1	
312.88	5082.4	
313.09	3601	
313.3	3476.1	
313.51	6329.6	
313.71	6720.8	
313.92	3577.8	
314.13	3853.6	
314.34	5780.1	
314.55	5427.8	
314.76	4642.1	
314.96	4117.8	
315.17	5569.8	
315.38	5927.5	
315.59	3610.6	
315.8	3485.6	
316.01	6455.2	
316.21	6520.7	
316.42	3473.4	
316.63	4003.1	
316.84	5397.8	
317.05	6290.7	
317.26	4298	
317.46	3818.8	
317.67	5455.8	
317.88	5913.9	
318.09	4546.5	
318.3	3349.1	
318.5	5210	
318.71	5867.4	
318.92	5996.5	
319.13	4227	
319.34	5961	
319.54	6221	
319.75	3368.9	
319.96	3196.2	
320.17	5928.2	
320.38	6128.9	
320.58	3283.6	
320.79	3966.9	
321	6147.3	
321.21	6255.2	
321.42	4046.8	
321.62	3289.7	
321.83	5106.3	
322.04	5606	
322.25	3830.4	
322.46	3678.8	
322.66	5569.1	
322.87	5773.2	
323.08	4440	
323.29	3571.7	
323.5	6554.9	
323.7	5089.9	
323.91	4984.1	
324.12	4487.8	
324.33	5590.3	
324.53	5855.8	
324.74	4276.2	
324.95	4564.2	
325.16	4866.7	
325.37	5345.2	
325.57	3603.1	
325.78	3721.8	
325.99	5596.4	
326.2	5030.5	
326.4	5248.3	
326.61	3338.2	
326.82	5443.5	
327.03	5659.2	
327.24	5189.6	
327.44	4906.9	
327.65	5806	
327.86	4698.7	
328.07	4231.8	
328.27	3439.9	
328.48	6192.4	
328.69	5087.8	
328.9	5249.6	
329.1	3904.1	
329.31	5395.7	
329.52	6409.5	
329.73	3659	
329.93	4112.3	
330.14	5565	
330.35	5735	
330.56	5996.5	
330.76	4491.2	
330.97	5320.6	
331.18	5745.9	
331.39	4022.2	
331.59	3259.7	
331.8	6182.1	
332.01	6321.4	
332.22	3779.9	
332.42	4213.4	
332.63	5631.9	
332.84	5263.3	
333.05	4075.5	
333.25	3718.4	
333.46	5335	
333.67	5535	
333.88	3758	
334.08	4280.9	
334.29	7391.8	
334.5	6259.3	
334.7	3543.7	
334.91	5199.1	
335.12	5006.6	
335.33	5956.9	
335.53	4058.4	
335.74	5995.8	
335.95	5320.6	
336.16	5130.8	
336.36	3983.3	
336.57	4685.8	
336.78	5024.3	
336.98	6132.3	
337.19	4985.4	
337.4	3978.5	
337.61	6703	
337.81	5048.9	
338.02	3736.9	
338.23	4780	
338.43	6265.4	
338.64	5191.6	
338.85	3644	
339.05	4782.7	
339.26	6398.5	
339.47	4988.9	
339.68	3639.2	
339.88	5402.5	
340.09	5712.5	
340.3	5992.4	
340.5	4315.8	
340.71	3266.5	
340.92	4982.7	
341.13	6301.6	
341.33	3488.4	
341.54	4293.9	
341.75	5767.1	
341.95	5360.2	
342.16	4098.7	
342.37	4502.8	
342.57	5087.8	
342.78	5477.6	
342.99	4584	
343.19	3254.2	
343.4	5947.3	
343.61	5847	
343.81	3832.4	
344.02	3519.8	
344.23	5958.9	
344.43	6395.1	
344.64	4484.4	
344.85	4385.4	
345.06	5796.4	
345.26	6173.9	
345.47	4245.4	
345.68	4987.5	
345.88	4855.7	
346.09	6027.9	
346.3	4296	
346.5	3269.9	
346.71	5545.2	
346.92	5219.6	
347.12	3362.1	
347.33	4197.7	
347.54	6074.3	
347.74	6554.2	
347.95	4161.5	
348.16	3094.5	
348.36	5292.6	
348.57	5257.8	
348.78	4094.6	
348.98	4509.6	
349.19	5467.4	
349.39	4997	
349.6	3306.8	
349.81	3698.6	
350.01	5769.8	
350.22	5211.4	
350.43	3993.5	
350.63	4889.9	
350.84	5559.6	
351.05	5315.2	
351.25	3674.1	
351.46	3339.6	
351.67	6055.2	
351.87	5290.6	
352.08	3928.7	
352.29	4439.3	
352.49	5998.5	
352.7	6024.4	
352.9	3555.3	
353.11	4405.2	
353.32	6666.8	
353.52	5305.6	
353.73	3546.4	
353.94	4515.8	
354.14	5818.3	
354.35	5664	
354.55	3608.5	
354.76	4048.8	
354.97	5845.6	
355.17	5573.9	
355.38	3415.3	
355.59	4775.2	
355.79	5175.2	
356	5631.2	
356.2	3975.8	
356.41	3509.5	
356.62	5024.3	
356.82	5461.9	
357.03	4268	
357.24	3871.3	
357.44	5304.2	
357.65	5449	
357.85	5207.3	
358.06	4106.2	
358.27	4990.2	
358.47	5188.2	
358.68	3420.8	
358.88	4356.7	
359.09	5773.2	
359.3	6170.5	
359.5	5048.2	
359.71	4463.9	
359.91	6611.5	
360.12	6006	
360.33	4311.7	
360.53	4785.4	
360.74	5239.4	
360.94	5373.9	
361.15	4526.7	
361.36	3722.5	
361.56	6057.9	
361.77	5517.9	
361.97	5052.3	
362.18	3995.6	
362.38	6112.5	
362.59	5153.4	
362.8	3699.3	
363	3538.2	
363.21	4933.6	
363.41	5632.6	
363.62	4280.9	
363.83	5311.1	
364.03	5727.5	
364.24	6733.7	
364.44	5398.4	
364.65	5332.2	
364.85	5518.6	
365.06	5158.2	
365.27	3860.4	
365.47	3895.9	
365.68	6519.4	
365.88	5516.5	
366.09	4314.4	
366.29	3959.4	
366.5	5709.1	
366.71	6219.7	
366.91	5381.4	
367.12	4531.5	
367.32	6836.8	
367.53	6034	
367.73	4416.1	
367.94	5477	
368.14	5993.7	
368.35	7014.3	
368.56	4419.5	
368.76	3757.3	
368.97	6133	
369.17	7808.9	
369.38	3957.4	
369.58	4199	
369.79	5182.7	
369.99	6490	
370.2	5259.9	
370.4	4280.3	
370.61	5879.7	
370.82	7033.4	
371.02	4226.3	
371.23	3577.8	
371.43	5119.2	
371.64	6451.8	
371.84	4201.1	
372.05	5446.9	
372.25	7808.9	
372.46	6223.8	
372.66	4248.9	
372.87	4213.4	
373.07	6222.4	
373.28	7950.9	
373.48	5282.4	
373.69	4992.9	
373.9	5773.9	
374.1	5773.9	
374.31	5253	
374.51	4792.9	
374.72	6552.8	
374.92	5427.1	
375.13	5383.4	
375.33	4622.3	
375.54	6156.2	
375.74	5602.6	
375.95	4694.6	
376.15	6023.8	
376.36	6199.2	
376.56	5984.8	
376.77	4832.5	
376.97	5284.4	
377.18	7261.4	
377.38	6354.2	
377.59	5624.4	
377.79	4317.1	
378	6085.2	
378.2	6519.4	
378.41	4399	
378.61	4272.1	
378.82	6608.8	
379.02	5741.8	
379.23	4560.8	
379.43	5726.1	
379.64	6669.6	
379.84	6339.8	
380.05	4448.2	
380.25	4288.4	
380.46	6421.1	
380.66	5998.5	
380.87	5767.1	
381.07	6044.9	
381.28	7008.1	
381.48	6419.7	
381.69	4407.9	
381.89	4449.6	
382.1	5366.4	
382.3	6566.5	
382.51	5560.2	
382.71	6487.3	
382.91	6419.7	
383.12	6961.7	
383.32	4762.2	
383.53	4939.7	
383.73	6279.8	
383.94	6080.4	
384.14	4853.7	
384.35	4059.1	
384.55	5948.7	
384.76	6380.1	
384.96	4775.2	
385.17	5081	
385.37	6327.5	
385.58	5672.9	
385.78	5067.4	
385.98	3955.3	
386.19	5810.1	
386.39	6238.1	
386.6	4433.2	
386.8	4683	
387.01	6406.7	
387.21	6397.2	
387.42	5164.3	
387.62	5781.4	
387.83	5670.1	
388.03	6356.2	
388.23	4808.6	
388.44	5622.4	
388.64	5412.1	
388.85	5524.1	
389.05	5192.3	
389.26	5937.7	
389.46	7475.1	
389.67	6842.9	
389.87	5147.9	
390.07	5301.5	
390.28	6119.3	
390.48	5709.1	
390.69	4439.3	
390.89	4732.2	
391.1	5879.7	
391.3	6763.1	
391.5	5920.7	
391.71	6617	
391.91	6542.6	
392.12	7678.5	
392.32	6035.4	
392.53	5287.2	
392.73	5926.1	
392.93	6134.3	
393.14	4911	
393.34	5635.3	
393.55	6602.7	
393.75	6152.1	
393.95	4883.7	
394.16	4846.2	
394.36	5855.8	
394.57	6536.4	
394.77	4382.7	
394.98	4782.7	
395.18	5804.6	
395.38	6057.9	
395.59	5715.2	
395.79	4607.9	
396	6092.7	
396.2	6546	
396.4	5440.1	
396.61	5515.2	
396.81	6699.6	
397.02	6070.9	
397.22	5770.5	
397.42	5926.1	
397.63	6739.2	
397.83	5987.6	
398.04	4635.2	
398.24	5201.8	
398.44	6516	
398.65	5664.7	
398.85	4616.8	
399.05	4747.2	
399.26	5986.2	
399.46	7784.3	
399.67	5134.9	
399.87	4825	
400.07	6337.1	
400.28	6727.6	
400.48	4870.8	
400.69	6078.4	
400.89	7576.1	
401.09	7510.6	
401.3	4843.4	
401.5	6043.6	
401.7	7748.8	
401.91	8052.6	
402.11	5266	
402.32	5524.1	
402.52	7092.1	
402.72	6994.5	
402.93	5709.7	
403.13	4434.5	
403.33	7699.7	
403.54	6328.9	
403.74	5221.6	
403.94	6210.8	
404.15	6461.3	
404.35	7667.6	
404.56	4980	
404.76	6877.1	
404.96	6892.1	
405.17	6767.2	
405.37	6057.2	
405.57	5538.4	
405.78	6981.5	
405.98	6546	
406.18	5063.9	
406.39	6132.3	
406.59	6940.6	
406.79	6568.5	
407	4820.2	
407.2	4962.9	
407.4	6963.8	
407.61	7221.1	
407.81	5059.2	
408.01	6970.6	
408.22	5974.6	
408.42	8093.6	
408.62	6272.9	
408.83	5714.5	
409.03	6783.6	
409.23	6571.2	
409.44	5950	
409.64	6274.3	
409.84	7869	
410.05	7774.8	
410.25	6105	
410.45	5829.2	
410.66	7307.2	
410.86	9927.2	
411.06	6427.2	
411.27	6252.4	
411.47	9656.9	
411.67	7595.9	
411.88	6602	
412.08	6858	
412.28	8246.5	
412.49	8732.5	
412.69	6349.4	
412.89	6453.8	
413.09	8495	
413.3	8493.6	
413.5	6516	
413.7	6126.8	
413.91	7660.1	
414.11	8641.1	
414.31	6381.5	
414.52	6880.5	
414.72	8350.3	
414.92	8286.1	
415.12	6365.8	
415.33	6940.6	
415.53	8605.6	
415.73	8798.8	
415.94	7305.1	
416.14	6733	
416.34	7591.1	
416.55	7308.5	
416.75	8017.8	
416.95	7348.1	
417.15	8618.5	
417.36	9374.9	
417.56	8251.3	
417.76	7279.2	
417.97	9046.6	
418.17	8786.5	
418.37	6833.4	
418.57	6993.8	
418.78	8553	
418.98	8185.7	
419.18	7901.1	
419.38	7752.9	
419.59	8215.8	
419.79	7772	
419.99	6752.2	
420.2	7210.2	
420.4	8783.1	
420.6	8906.6	
420.8	6720.1	
421.01	6518	
421.21	8590.5	
421.41	8808.3	
421.61	7022.5	
421.82	6780.1	
422.02	8058.8	
422.22	9070.5	
422.42	7639.6	
422.63	7247.1	
422.83	8254	
423.03	9487.6	
423.23	7221.1	
423.44	6164.4	
423.64	8265.6	
423.84	7893.6	
424.04	6614.3	
424.25	6255.9	
424.45	9120.3	
424.65	9014.5	
424.85	6072.2	
425.06	6626.5	
425.26	9063.6	
425.46	7647.8	
425.66	7170.6	
425.87	6770.6	
426.07	8836.3	
426.27	8621.9	
426.47	6939.2	
426.67	6258.6	
426.88	9136.7	
427.08	8566.7	
427.28	7276.4	
427.48	6161	
427.69	7430.7	
427.89	8132.5	
428.09	7122.8	
428.29	6219	
428.5	8869.1	
428.7	8379.6	
428.9	6261.3	
429.1	6694.1	
429.3	8224.6	
429.51	8742.8	
429.71	6442.9	
429.91	7334.5	
430.11	8580.3	
430.31	9217.2	
430.52	6844.3	
430.72	7172.7	
430.92	9232.9	
431.12	8650.6	
431.32	6477	
431.53	6954.2	
431.73	7552.2	
431.93	9368.1	
432.13	6497.5	
432.33	6299.6	
432.54	8051.2	
432.74	8463.6	
432.94	6326.2	
433.14	7335.1	
433.34	8579.6	
433.55	8174.1	
433.75	7330.4	
433.95	9213.8	
434.15	8411	
434.35	8068.3	
434.56	6495.5	
434.76	6113.9	
434.96	8492.9	
435.16	8775.5	
435.36	6523.5	
435.56	7583.6	
435.77	8135.9	
435.97	8338	
436.17	8385.1	
436.37	7630	
436.57	8168	
436.78	8082	
436.98	7514.7	
437.18	8199.4	
437.38	8839.7	
437.58	8413.1	
437.78	8352.3	
437.99	6969.2	
438.19	8791.9	
438.39	10401	
438.59	6866.2	
438.79	6300.9	
438.99	9474.6	
439.2	8292.2	
439.4	6364.4	
439.6	6310.5	
439.8	8630.8	
440	9801.6	
440.2	7491.5	
440.4	7649.8	
440.61	9099.8	
440.81	9706.7	
441.01	6729.6	
441.21	7771.4	
441.41	9671.2	
441.61	9254.8	
441.81	8157.1	
442.02	9245.9	
442.22	10116	
442.42	9377	
442.62	6857.3	
442.82	6943.3	
443.02	9637.1	
443.22	8806.3	
443.43	7352.9	
443.63	6991.1	
443.83	8494.3	
444.03	8571.4	
444.23	8314.1	
444.43	7896.3	
444.63	8962.6	
444.83	10241	
445.04	7200.7	
445.24	8531.2	
445.44	9243.8	
445.64	9418.6	
445.84	7825.3	
446.04	7959.8	
446.24	8551.6	
446.44	9686.9	
446.65	6959.7	
446.85	7449.1	
447.05	8863.6	
447.25	9647.3	
447.45	7465.5	
447.65	6869.6	
447.85	8869.1	
448.05	8439.7	
448.25	7918.8	
448.46	7785.7	
448.66	8935.3	
448.86	8570.7	
449.06	6681.2	
449.26	7914.7	
449.46	9329.9	
449.66	8211.7	
449.86	7374.1	
450.06	7391.8	
450.26	8501.8	
450.47	9167.4	
450.67	7619.8	
450.87	8041.7	
451.07	9116.2	
451.27	8975.6	
451.47	7079.1	
451.67	7636.2	
451.87	8684.1	
452.07	9846.6	
452.27	7342	
452.47	7192.5	
452.67	8884.8	
452.88	9452.1	
453.08	6548.7	
453.28	8723.7	
453.48	10232	
453.68	8867.7	
453.88	7174.7	
454.08	7404.8	
454.28	9353.8	
454.48	9092.3	
454.68	8004.1	
454.88	8534.6	
455.08	9532.6	
455.28	9321.7	
455.48	7054.6	
455.68	7773.4	
455.89	10056	
456.09	9724.4	
456.29	7453.9	
456.49	7587.7	
456.69	9921	
456.89	9122.3	
457.09	8105.2	
457.29	8513.4	
457.49	9593.4	
457.69	9697.8	
457.89	8033.5	
458.09	7417.7	
458.29	9260.9	
458.49	10163	
458.69	8527.1	
458.89	7859.4	
459.09	10461	
459.29	10484	
459.49	8069	
459.69	8881.4	
459.9	10025	
460.1	9585.2	
460.3	7923.6	
460.5	7651.2	
460.7	9937.4	
460.9	9742.2	
461.1	7335.1	
461.3	8837	
461.5	10718	
461.7	10277	
461.9	7832.8	
462.1	8311.3	
462.3	9759.9	
462.5	10405	
462.7	8015.7	
462.9	8136.6	
463.1	11492	
463.3	11239	
463.5	8335.2	
463.7	9516.2	
463.9	10098	
464.1	10611	
464.3	8634.9	
464.5	8878.6	
464.7	10927	
464.9	10543	
465.1	10356	
465.3	9383.1	
465.5	11342	
465.7	11135	
465.9	9662.3	
466.1	9309.4	
466.3	11155	
466.5	10845	
466.7	10425	
466.9	9059.5	
467.1	10979	
467.3	11835	
467.5	10451	
467.7	9184.5	
467.9	12103	
468.1	13050	
468.3	10032	
468.5	10451	
468.7	11026	
468.9	10910	
469.1	9633.6	
469.3	10340	
469.5	13052	
469.7	10539	
469.9	9940.2	
470.1	9269.1	
470.3	11006	
470.5	10989	
470.7	10481	
470.9	9297.1	
471.1	10737	
471.3	11096	
471.5	9258.2	
471.69	11261	
471.89	10646	
472.09	10080	
472.29	10034	
472.49	10395	
472.69	10275	
472.89	11283	
473.09	9092.3	
473.29	9047.2	
473.49	10484	
473.69	10712	
473.89	10141	
474.09	9424.1	
474.29	11893	
474.49	11567	
474.69	10189	
474.89	9493.7	
475.09	10688	
475.29	10600	
475.49	8832.9	
475.69	9078.6	
475.88	12256	
476.08	10856	
476.28	8726.4	
476.48	9145.5	
476.68	11251	
476.88	11048	
477.08	8903.9	
477.28	9320.3	
477.48	10393	
477.68	11289	
477.88	8831.5	
478.08	9140.1	
478.28	11594	
478.48	10628	
478.67	9074.5	
478.87	8495.7	
479.07	11540	
479.27	10788	
479.47	9415.9	
479.67	9510.8	
479.87	11258	
480.07	11800	
480.27	8541.4	
480.47	10294	
480.67	10895	
480.87	11441	
481.06	8912.8	
481.26	9859.6	
481.46	10752	
481.66	10720	
481.86	9379	
482.06	10525	
482.26	10530	
482.46	11521	
482.66	9293.7	
482.86	8897.7	
483.05	10833	
483.25	10264	
483.45	11915	
483.65	9381.1	
483.85	10403	
484.05	10771	
484.25	9721	
484.45	10388	
484.65	11715	
484.84	11722	
485.04	9254.1	
485.24	9284.1	
485.44	11989	
485.64	10256	
485.84	8658.8	
486.04	10150	
486.24	10710	
486.44	11127	
486.63	8624.7	
486.83	9572.9	
487.03	10651	
487.23	10983	
487.43	8742.8	
487.63	11342	
487.83	10972	
488.02	11954	
488.22	9962	
488.42	10523	
488.62	11855	
488.82	10781	
489.02	9480.7	
489.22	9620.7	
489.41	11656	
489.61	11400	
489.81	9273.9	
490.01	9220.6	
490.21	11765	
490.41	12446	
490.61	9237.7	
490.8	9392	
491	11183	
491.2	10434	
491.4	9958.6	
491.6	9093.7	
491.8	11105	
491.99	11260	
492.19	8869.8	
492.39	9254.8	
492.59	11570	
492.79	11761	
492.99	10141	
493.18	9338.7	
493.38	11740	
493.58	12755	
493.78	10022	
493.98	9637.7	
494.18	11673	
494.37	11255	
494.57	10523	
494.77	10352	
494.97	12067	
495.17	12328	
495.37	10021	
495.56	10300	
495.76	12704	
495.96	12245	
496.16	11409	
496.36	10316	
496.55	12566	
496.75	12120	
496.95	11264	
497.15	10441	
497.35	12431	
497.54	12516	
497.74	10372	
497.94	12092	
498.14	13226	
498.34	13033	
498.53	10161	
498.73	10917	
498.93	11818	
499.13	12566	
499.33	10861	
499.52	11381	
499.72	12611	
499.92	12831	
500.12	10505	
500.32	10787	
500.51	12716	
500.71	12663	
500.91	11560	
501.11	11199	
501.31	12809	
501.5	13144	
501.7	11861	
501.9	10888	
502.1	12480	
502.29	12906	
502.49	11296	
502.69	11801	
502.89	12772	
503.09	12788	
503.28	10206	
503.48	10316	
503.68	11828	
503.88	11898	
504.07	11301	
504.27	10727	
504.47	12299	
504.67	12419	
504.86	11194	
505.06	10905	
505.26	11880	
505.46	13653	
505.65	10647	
505.85	10848	
506.05	11694	
506.25	12235	
506.44	9911.5	
506.64	10765	
506.84	11656	
507.04	12550	
507.23	9981.1	
507.43	10629	
507.63	13629	
507.83	11771	
508.02	10531	
508.22	10084	
508.42	13784	
508.62	11430	
508.81	10671	
509.01	10939	
509.21	11276	
509.4	11568	
509.6	10559	
509.8	9992	
510	11476	
510.19	13153	
510.39	9966.1	
510.59	9970.9	
510.79	11456	
510.98	12975	
511.18	10103	
511.38	10278	
511.57	12165	
511.77	12121	
511.97	10860	
512.17	9778.4	
512.36	12252	
512.56	12173	
512.76	9860.3	
512.95	9650	
513.15	12304	
513.35	10916	
513.55	10789	
513.74	9877.4	
513.94	12297	
514.14	11714	
514.33	10872	
514.53	10806	
514.73	11580	
514.92	11888	
515.12	10229	
515.32	10038	
515.51	11951	
515.71	12618	
515.91	11850	
516.11	10139	
516.3	13773	
516.5	11564	
516.7	10680	
516.89	11461	
517.09	11810	
517.29	11597	
517.48	11137	
517.68	10484	
517.88	11550	
518.07	12032	
518.27	10912	
518.47	9914.2	
518.66	12803	
518.86	11288	
519.06	9767.4	
519.25	10340	
519.45	11686	
519.65	13297	
519.84	10950	
520.04	11693	
520.24	13596	
520.43	12321	
520.63	10574	
520.83	10237	
521.02	11482	
521.22	12047	
521.42	10826	
521.61	11434	
521.81	11680	
522.01	11881	
522.2	10563	
522.4	10316	
522.6	12377	
522.79	11161	
522.99	10528	
523.18	9884.2	
523.38	12207	
523.58	12246	
523.77	12102	
523.97	10111	
524.17	14245	
524.36	13459	
524.56	11656	
524.76	11251	
524.95	12499	
525.15	12111	
525.34	11038	
525.54	11073	
525.74	12880	
525.93	11930	
526.13	12273	
526.33	11049	
526.52	13328	
526.72	12781	
526.91	12334	
527.11	11826	
527.31	13288	
527.5	13810	
527.7	11566	
527.89	10615	
528.09	12277	
528.29	13023	
528.48	11975	
528.68	11693	
528.87	13287	
529.07	13305	
529.27	11527	
529.46	10993	
529.66	12918	
529.85	13500	
530.05	11026	
530.25	11710	
530.44	14460	
530.64	12938	
530.83	11359	
531.03	11651	
531.23	13316	
531.42	13326	
531.62	12490	
531.81	11640	
532.01	13450	
532.21	14134	
532.4	11483	
532.6	11857	
532.79	14591	
532.99	13756	
533.18	11942	
533.38	13018	
533.58	13513	
533.77	14220	
533.97	12052	
534.16	12974	
534.36	14453	
534.55	13532	
534.75	12945	
534.95	12176	
535.14	14358	
535.34	13562	
535.53	11684	
535.73	13939	
535.92	14970	
536.12	13599	
536.31	11742	
536.51	13173	
536.71	13842	
536.9	13483	
537.1	12026	
537.29	12185	
537.49	14382	
537.68	13349	
537.88	12547	
538.07	11665	
538.27	13669	
538.46	14824	
538.66	11632	
538.86	12205	
539.05	13756	
539.25	14198	
539.44	12484	
539.64	11926	
539.83	13450	
540.03	14645	
540.22	11896	
540.42	11940	
540.61	13691	
540.81	13827	
541	12415	
541.2	13004	
541.39	13121	
541.59	13650	
541.78	12803	
541.98	11697	
542.18	12761	
542.37	12814	
542.57	12114	
542.76	12682	
542.96	12778	
543.15	13644	
543.35	11985	
543.54	11329	
543.74	13839	
543.93	13312	
544.13	11815	
544.32	13093	
544.52	13553	
544.71	12704	
544.91	10886	
545.1	12170	
545.3	12769	
545.49	13556	
545.69	10776	
545.88	11419	
546.08	14422	
546.27	14059	
546.47	11908	
546.66	11156	
546.86	13601	
547.05	14374	
547.24	11482	
547.44	11361	
547.63	12419	
547.83	13790	
548.02	11742	
548.22	11937	
548.41	12286	
548.61	13739	
548.8	11249	
549	11112	
549.19	12846	
549.39	13462	
549.58	10800	
549.78	11381	
549.97	13370	
550.17	12781	
550.36	13168	
550.55	13284	
550.75	12703	
550.94	13730	
551.14	10981	
551.33	11445	
551.53	12159	
551.72	13195	
551.92	11390	
552.11	11217	
552.31	13237	
552.5	13305	
552.69	13022	
552.89	10819	
553.08	13111	
553.28	12841	
553.47	11224	
553.67	12294	
553.86	13751	
554.06	11975	
554.25	10255	
554.44	10890	
554.64	14475	
554.83	13983	
555.03	10905	
555.22	11314	
555.42	13242	
555.61	12899	
555.8	11083	
556	11417	
556.19	12140	
556.39	13409	
556.58	11073	
556.78	11037	
556.97	12805	
557.16	12560	
557.36	12476	
557.55	10715	
557.75	11796	
557.94	13638	
558.13	10798	
558.33	10579	
558.52	13347	
558.72	12182	
558.91	10633	
559.1	10895	
559.3	12012	
559.49	11480	
559.69	10182	
559.88	11247	
560.07	12611	
560.27	13091	
560.46	11439	
560.66	11500	
560.85	12500	
561.04	11443	
561.24	10417	
561.43	10797	
561.63	11912	
561.82	12099	
562.01	12082	
562.21	11080	
562.4	12522	
562.59	13831	
562.79	10871	
562.98	10581	
563.18	12517	
563.37	14175	
563.56	11452	
563.76	10537	
563.95	12060	
564.14	11977	
564.34	10939	
564.53	10631	
564.73	12538	
564.92	12925	
565.11	11084	
565.31	10574	
565.5	13204	
565.69	12040	
565.89	10630	
566.08	10996	
566.27	13052	
566.47	13579	
566.66	11561	
566.85	10304	
567.05	12556	
567.24	12065	
567.44	10664	
567.63	12076	
567.82	12720	
568.02	12607	
568.21	10533	
568.4	11009	
568.6	12431	
568.79	12350	
568.98	10332	
569.18	10732	
569.37	12413	
569.56	14482	
569.76	10880	
569.95	11918	
570.14	12730	
570.34	12749	
570.53	10423	
570.72	10305	
570.91	13272	
571.11	12261	
571.3	10851	
571.49	11927	
571.69	12394	
571.88	11857	
572.07	11365	
572.27	11288	
572.46	11854	
572.65	12966	
572.85	10606	
573.04	10889	
573.23	13169	
573.43	12447	
573.62	10443	
573.81	11159	
574	12514	
574.2	12295	
574.39	10895	
574.58	11024	
574.78	13540	
574.97	12715	
575.16	11443	
575.36	11592	
575.55	13065	
575.74	13203	
575.93	10529	
576.13	11635	
576.32	12384	
576.51	13060	
576.71	10927	
576.9	12249	
577.09	13387	
577.28	12933	
577.48	11378	
577.67	10503	
577.86	12556	
578.05	12864	
578.25	11105	
578.44	11264	
578.63	12791	
578.83	13873	
579.02	10509	
579.21	12113	
579.4	12813	
579.6	12553	
579.79	11324	
579.98	13639	
580.17	13257	
580.37	13295	
580.56	10723	
580.75	11560	
580.94	13755	
581.14	13661	
581.33	12100	
581.52	10950	
581.71	13195	
581.91	13827	
582.1	10647	
582.29	11282	
582.48	12738	
582.68	12747	
582.87	11871	
583.06	11499	
583.25	13145	
583.45	12961	
583.64	12131	
583.83	12985	
584.02	12572	
584.21	13153	
584.41	12101	
584.6	11366	
584.79	12941	
584.98	13663	
585.18	10828	
585.37	10821	
585.56	12299	
585.75	13228	
585.94	11031	
586.14	11723	
586.33	13849	
586.52	12717	
586.71	11467	
586.91	11102	
587.1	12099	
587.29	13180	
587.48	10997	
587.67	10905	
587.87	12865	
588.06	12996	
588.25	12215	
588.44	11500	
588.63	12409	
588.83	13017	
589.02	10739	
589.21	10513	
589.4	11921	
589.59	11830	
589.78	9471.2	
589.98	9716.2	
590.17	11135	
590.36	11764	
590.55	8819.9	
590.74	9701.9	
590.94	12972	
591.13	11336	
591.32	9376.3	
591.51	8953	
591.7	11847	
591.89	11249	
592.09	9168.8	
592.28	9607.7	
592.47	10569	
592.66	12570	
592.85	9141.4	
593.05	9422	
593.24	11179	
593.43	11974	
593.62	9540.8	
593.81	10028	
594	11278	
594.19	11525	
594.39	9420.7	
594.58	9326.4	
594.77	11654	
594.96	12146	
595.15	9243.8	
595.34	10003	
595.54	11652	
595.73	10626	
595.92	8702.5	
596.11	9893.7	
596.3	12061	
596.49	10692	
596.68	9598.8	
596.88	10170	
597.07	11783	
597.26	10632	
597.45	9204.3	
597.64	10449	
597.83	10955	
598.02	11600	
598.22	9205.6	
598.41	9835	
598.6	11340	
598.79	10692	
598.98	9319.6	
599.17	10254	
599.36	11318	
599.55	12727	
599.74	11505	
599.94	11320	
600.13	11915	
600.32	10689	
600.51	9132.6	
600.7	9353.8	
600.89	12656	
601.08	12818	
601.27	9056.8	
601.47	10104	
601.66	11980	
601.85	12613	
602.04	9734	
602.23	9987.3	
602.42	11023	
602.61	11665	
602.8	9665	
602.99	9478.7	
603.18	11346	
603.37	11613	
603.57	10110	
603.76	10816	
603.95	12432	
604.14	12004	
604.33	9560.6	
604.52	9934	
604.71	11581	
604.9	11200	
605.09	10503	
605.28	10425	
605.47	12220	
605.66	11860	
605.86	10229	
606.05	9523.7	
606.24	12147	
606.43	10720	
606.62	9904	
606.81	10750	
607	11950	
607.19	11351	
607.38	9337.4	
607.57	9532.6	
607.76	11027	
607.95	10473	
608.14	9954.5	
608.33	10546	
608.52	10996	
608.72	11995	
608.91	9157.8	
609.1	9071.1	
609.29	11204	
609.48	10711	
609.67	10115	
609.86	9133.3	
610.05	10628	
610.24	10970	
610.43	8947.6	
610.62	8533.9	
610.81	12252	
611	12066	
611.19	9082.1	
611.38	9787.2	
611.57	11312	
611.76	12661	
611.95	8850	
612.14	8742.8	
612.33	10979	
612.52	10639	
612.71	9382.4	
612.9	8683.4	
613.09	10189	
613.28	12638	
613.47	9176.9	
613.66	10171	
613.85	11218	
614.04	10690	
614.24	9181	
614.43	8234.9	
614.62	11293	
614.81	11284	
615	9741.5	
615.19	9815.9	
615.38	10546	
615.57	10871	
615.76	9549.7	
615.95	10693	
616.14	11359	
616.33	10966	
616.52	9921.7	
616.71	10180	
616.9	11319	
617.09	11138	
617.28	9217.9	
617.47	10807	
617.66	10423	
617.85	10530	
618.04	10210	
618.22	9719	
618.41	10790	
618.6	11804	
618.79	9562	
618.98	9336.7	
619.17	12076	
619.36	10415	
619.55	9516.2	
619.74	9432.9	
619.93	11330	
620.12	10791	
620.31	10178	
620.5	10387	
620.69	12071	
620.88	12355	
621.07	11152	
621.26	10047	
621.45	11574	
621.64	11645	
621.83	10230	
622.02	9465.7	
622.21	11690	
622.4	11388	
622.59	10872	
622.78	10402	
622.97	11030	
623.16	12073	
623.35	10008	
623.54	9138.7	
623.72	11223	
623.91	11454	
624.1	10347	
624.29	8993.3	
624.48	12543	
624.67	11695	
624.86	10316	
625.05	9260.2	
625.24	12618	
625.43	10906	
625.62	11954	
625.81	9548.3	
626	11955	
626.19	11172	
626.38	10269	
626.56	9699.9	
626.75	10970	
626.94	11798	
627.13	10277	
627.32	8854.1	
627.51	11665	
627.7	13011	
627.89	8991.3	
628.08	10180	
628.27	10780	
628.46	10922	
628.65	9288.9	
628.83	8941.4	
629.02	11485	
629.21	10681	
629.4	9747	
629.59	10004	
629.78	10729	
629.97	11701	
630.16	9955.2	
630.35	9488.2	
630.54	12236	
630.72	11925	
630.91	9366	
631.1	10028	
631.29	11402	
631.48	11600	
631.67	10120	
631.86	9512.1	
632.05	10965	
632.24	10974	
632.42	9161.9	
632.61	9823.4	
632.8	11080	
632.99	10695	
633.18	9812.5	
633.37	10249	
633.56	11362	
633.75	11225	
633.93	9754.5	
634.12	9544.2	
634.31	12226	
634.5	11784	
634.69	9587.9	
634.88	10051	
635.07	11168	
635.25	11733	
635.44	10559	
635.63	10677	
635.82	10988	
636.01	10464	
636.2	10385	
636.39	9977.7	
636.57	12149	
636.76	11834	
636.95	9383.1	
637.14	10854	
637.33	11537	
637.52	12587	
637.7	9091.6	
637.89	10079	
638.08	10950	
638.27	12469	
638.46	10193	
638.65	10636	
638.83	12525	
639.02	10733	
639.21	10034	
639.4	10647	
639.59	11259	
639.78	10825	
639.96	9289.6	
640.15	9271.8	
640.34	11072	
640.53	11237	
640.72	8905.9	
640.91	9224.1	
641.09	10405	
641.28	11946	
641.47	9306	
641.66	10119	
641.85	11155	
642.03	11300	
642.22	9906	
642.41	9343.5	
642.6	10443	
642.79	9852.1	
642.97	9026.8	
643.16	9846.6	
643.35	10388	
643.54	10338	
643.73	8938.7	
643.91	9710.1	
644.1	10004	
644.29	10739	
644.48	8897.1	
644.67	8991.3	
644.85	10150	
645.04	10516	
645.23	8361.2	
645.42	8668.4	
645.6	9892.4	
645.79	11095	
645.98	8496.3	
646.17	7527.7	
646.36	9491	
646.54	10053	
646.73	9282.8	
646.92	8063.5	
647.11	9583.1	
647.29	10710	
647.48	8111.3	
647.67	7742.7	
647.86	10914	
648.05	10986	
648.23	8463.6	
648.42	9755.2	
648.61	10239	
648.8	10032	
648.98	8010.3	
649.17	8347.5	
649.36	9536	
649.55	9122.3	
649.73	8063.5	
649.92	8884.1	
650.11	9556.5	
650.3	9787.2	
650.48	8221.2	
650.67	7965.2	
650.86	10235	
651.05	9031.5	
651.23	8122.9	
651.42	8137.3	
651.61	9476.6	
651.79	9613.2	
651.98	8270.4	
652.17	7938.6	
652.36	10019	
652.54	9050	
652.73	8002.1	
652.92	7771.4	
653.11	9951.8	
653.29	10127	
653.48	7150.8	
653.67	8286.8	
653.85	9695.8	
654.04	10816	
654.23	8310	
654.42	7869	
654.6	9112.1	
654.79	9779.7	
654.98	7280.5	
655.16	7798	
655.35	8565.3	
655.54	8624	
655.73	7341.3	
655.91	7193.1	
656.1	9847.3	
656.29	8578.9	
656.47	6799.3	
656.66	8636.3	
656.85	8888.9	
657.03	8843.8	
657.22	7509.2	
657.41	7612.3	
657.59	9160.6	
657.78	8876.6	
657.97	7247.1	
658.16	7939.3	
658.34	9702.6	
658.53	10260	
658.72	8901.8	
658.9	9467.8	
659.09	9076.6	
659.28	9286.9	
659.46	7793.2	
659.65	7572.7	
659.84	9011.7	
660.02	9534.7	
660.21	7557	
660.4	7444.4	
660.58	10084	
660.77	9371.5	
660.96	8221.9	
661.14	7176.1	
661.33	10481	
661.52	10401	
661.7	7043.6	
661.89	11083	
662.08	8940.1	
662.26	8460.2	
662.45	7350.8	
662.64	7610.9	
662.82	9628.2	
663.01	8756.4	
663.2	7557	
663.38	8361.9	
663.57	9580.4	
663.75	9464.3	
663.94	7909.3	
664.13	9157.2	
664.31	8795.3	
664.5	9581.8	
664.69	8008.2	
664.87	8693.6	
665.06	8510.7	
665.25	9318.3	
665.43	8922.3	
665.62	8950.3	
665.8	9706	
665.99	9003.6	
666.18	7726.3	
666.36	7940.7	
666.55	9556.5	
666.74	9583.8	
666.92	7418.4	
667.11	9098.4	
667.29	8875.2	
667.48	9529.9	
667.67	8723.7	
667.85	7674.4	
668.04	8964.6	
668.22	9037	
668.41	7803.4	
668.6	7970	
668.78	8690.9	
668.97	9030.2	
669.15	8195.3	
669.34	7103	
669.53	8712.7	
669.71	9138.7	
669.9	7303.7	
670.08	7899.7	
670.27	8736	
670.46	9280.7	
670.64	8194.6	
670.83	8471.1	
671.01	8591.2	
671.2	9307.3	
671.38	7318.8	
671.57	7192.5	
671.76	9943.6	
671.94	10516	
672.13	7245	
672.31	8262.9	
672.5	9597.5	
672.69	8708.6	
672.87	7371.3	
673.06	7615	
673.24	9225.4	
673.43	8754.4	
673.61	8168.7	
673.8	7578.2	
673.98	9507.4	
674.17	9586.5	
674.36	8229.4	
674.54	8067.6	
674.73	9170.1	
674.91	9460.9	
675.1	7791.2	
675.28	7407.5	
675.47	9002.9	
675.65	9562.6	
675.84	7639.6	
676.03	7955.7	
676.21	8732.5	
676.4	8252.6	
676.58	8541.4	
676.77	8246.5	
676.95	10314	
677.14	8643.8	
677.32	7297.6	
677.51	7058.7	
677.69	9434.3	
677.88	8298.4	
678.06	7240.9	
678.25	7271.7	
678.44	8987.2	
678.62	8637.6	
678.81	7002	
678.99	8051.9	
679.18	9747	
679.36	9245.9	
679.55	7510.6	
679.73	8224.6	
679.92	9258.9	
680.1	8724.3	
680.29	8877.3	
680.47	7591.8	
680.66	8617.2	
680.84	9492.3	
681.03	6810.2	
681.21	7939.3	
681.4	8766.7	
681.58	8545.5	
681.77	7309.9	
681.95	7203.4	
682.14	9570.8	
682.32	9862.3	
682.51	8258.1	
682.69	6913.9	
682.88	8524.3	
683.06	9257.5	
683.25	7905.8	
683.43	8398	
683.62	8806.9	
683.8	9180.4	
683.99	8469	
684.17	7634.1	
684.36	10111	
684.54	8646.5	
684.73	6675.7	
684.91	6847	
685.1	8783.7	
685.28	8226.7	
685.46	7380.9	
685.65	7529.7	
685.83	9046.6	
686.02	8333.2	
686.2	6835.4	
686.39	6847	
686.57	7891.5	
686.76	9763.3	
686.94	6852.5	
687.13	7023.2	
687.31	8816.5	
687.5	8348.9	
687.68	6505.7	
687.86	7841.7	
688.05	10215	
688.23	7924.3	
688.42	7912.7	
688.6	7042.3	
688.79	8388.5	
688.97	8352.3	
689.16	7507.2	
689.34	6365.1	
689.52	9179	
689.71	9402.2	
689.89	7830.1	
690.08	6959.7	
690.26	8692.9	
690.45	8554.4	
690.63	8054	
690.81	7146.7	
691	8219.9	
691.18	8320.2	
691.37	7339.2	
691.55	9614.5	
691.74	8172.8	
691.92	10359	
692.1	7260.7	
692.29	6647.7	
692.47	8523	
692.66	7717.4	
692.84	6942.6	
693.02	7538.6	
693.21	7911.3	
693.39	8447.9	
693.58	7729	
693.76	7072.3	
693.94	9724.4	
694.13	9503.9	
694.31	7066.9	
694.5	8396.7	
694.68	8408.3	
694.86	8772.8	
695.05	7610.3	
695.23	8002.1	
695.42	9204.3	
695.6	11752	
695.78	8292.2	
695.97	7319.4	
696.15	9301.9	
696.34	8568	
696.52	7016.3	
696.7	7866.9	
696.89	8938.7	
697.07	8350.3	
697.25	7785	
697.44	9342.2	
697.62	8910	
697.81	9331.9	
697.99	7389.8	
698.17	7843.7	
698.36	8136.6	
698.54	8910.7	
698.72	7801.4	
698.91	6726.2	
699.09	8467	
699.28	8329.8	
699.46	7440.3	
699.64	7326.9	
699.83	8132.5	
700.01	9680.1	
700.19	8158.4	
700.38	6584.2	
700.56	9674.6	
700.74	8444.5	
700.93	6986.3	
701.11	7939.3	
701.29	9120.3	
701.48	10290	
701.66	7269.6	
701.84	7307.8	
702.03	8645.8	
702.21	9372.9	
702.39	6889.4	
702.58	7585.7	
702.76	9024	
702.94	9229.5	
703.13	6858.6	
703.31	9420.7	
703.49	8346.2	
703.68	9961.3	
703.86	7029.3	
704.04	8213	
704.23	8877.9	
704.41	9329.2	
704.59	7274.4	
704.78	8609.7	
704.96	10044	
705.14	9443.9	
705.33	7014.3	
705.51	7920.2	
705.69	8685.4	
705.87	9620.7	
706.06	8279.9	
706.24	7047.7	
706.42	9092.3	
706.61	9512.1	
706.79	8299.7	
706.97	7141.9	
707.16	8553	
707.34	9241.8	
707.52	8155	
707.7	7372	
707.89	8783.7	
708.07	8353.7	
708.25	8258.1	
708.44	8425.3	
708.62	8617.9	
708.8	9860.3	
708.98	8561.9	
709.17	7434.1	
709.35	9106.6	
709.53	9083.4	
709.72	7117.4	
709.9	7610.3	
710.08	9421.3	
710.26	9350.3	
710.45	8878.6	
710.63	7464.8	
710.81	9020.6	
710.99	8953	
711.18	8086.1	
711.36	7638.9	
711.54	8777.6	
711.72	9544.9	
711.91	7662.8	
712.09	6909.2	
712.27	8916.9	
712.45	9564.7	
712.64	7771.4	
712.82	6683.9	
713	8226	
713.18	8227.4	
713.37	6729.6	
713.55	7963.9	
713.73	9235	
713.91	7607.5	
714.1	6956.9	
714.28	6375.3	
714.46	8598.7	
714.64	7655.3	
714.83	5651.7	
715.01	6467.5	
715.19	7585.7	
715.37	6963.1	
715.55	6005.3	
715.74	6346	
715.92	8533.2	
716.1	6475	
716.28	7583.6	
716.47	6548	
716.65	7187	
716.83	7279.8	
717.01	6283.9	
717.19	6395.1	
717.38	9413.8	
717.56	6894.1	
717.74	6625.2	
717.92	5784.1	
718.1	8340	
718.29	7492.8	
718.47	5412.8	
718.65	6173.3	
718.83	8226.7	
719.01	8227.4	
719.2	5447.6	
719.38	6675.7	
719.56	7897.7	
719.74	9661	
719.92	6155.5	
720.11	7315.3	
720.29	7997.3	
720.47	7075.7	
720.65	5657.9	
720.83	6563.7	
721.02	7283.3	
721.2	6982.2	
721.38	6434.7	
721.56	5626.5	
721.74	6477.7	
721.92	6754.2	
722.11	6899.6	
722.29	6679.1	
722.47	7985.7	
722.65	7205.4	
722.83	5706.3	
723.01	6661.4	
723.2	7245.7	
723.38	7468.9	
723.56	5027.1	
723.74	6384.2	
723.92	6731	
724.1	7879.9	
724.29	5565	
724.47	6841.6	
724.65	6799.3	
724.83	6676.4	
725.01	5484.5	
725.19	6421.7	
725.37	6762.4	
725.56	6816.3	
725.74	5316.5	
725.92	5588.2	
726.1	6625.2	
726.28	7033.4	
726.46	6068.1	
726.64	5699.5	
726.83	6970.6	
727.01	7291.5	
727.19	5311.1	
727.37	6212.9	
727.55	7037.5	
727.73	7613.7	
727.91	5297.4	
728.09	5133.6	
728.28	7661.5	
728.46	8301.1	
728.64	6379.4	
728.82	6270.9	
729	8913.4	
729.18	8054.7	
729.36	5453.7	
729.54	7965.2	
729.72	9205.6	
729.91	7527	
730.09	7645.8	
730.27	6386.9	
730.45	7304.4	
730.63	8075.1	
730.81	7019.8	
730.99	5945.3	
731.17	8575.5	
731.35	7111.9	
731.53	6587	
731.71	6128.2	
731.9	8258.8	
732.08	8581	
732.26	6407.4	
732.44	6031.3	
732.62	8558.5	
732.8	7892.9	
732.98	6774.7	
733.16	5730.9	
733.34	7888.8	
733.52	6649.1	
733.7	6267.5	
733.88	6562.4	
734.07	7740.6	
734.25	7501	
734.43	5743.2	
734.61	7448.5	
734.79	9135.3	
734.97	7391.8	
735.15	5940.5	
735.33	6219	
735.51	7727	
735.69	7418.4	
735.87	7444.4	
736.05	6533	
736.23	7535.2	
736.41	7449.8	
736.59	6305.7	
736.77	6457.9	
736.95	8164.6	
737.13	7495.6	
737.32	5948	
737.5	6244.9	
737.68	8645.8	
737.86	7311.2	
738.04	5757.5	
738.22	7752.2	
738.4	7079.1	
738.58	7466.9	
738.76	6407.4	
738.94	5354.8	
739.12	7325.6	
739.3	7182.2	
739.48	6954.9	
739.66	6837.5	
739.84	7644.4	
740.02	7589.8	
740.2	5438	
740.38	5803.9	
740.56	7932.5	
740.74	6724.8	
740.92	6425.8	
741.1	6382.8	
741.28	7354.3	
741.46	7135.8	
741.64	5950	
741.82	6533	
742	7282.6	
742.18	7396.6	
742.36	6157.6	
742.54	5709.7	
742.72	7955	
742.9	6640.9	
743.08	6597.9	
743.26	5358.2	
743.44	8186.4	
743.62	7960.5	
743.8	6765.1	
743.98	5751.4	
744.16	7661.5	
744.34	7311.9	
744.52	6600.6	
744.7	6563.7	
744.88	7765.2	
745.06	7253.2	
745.24	6589	
745.42	6762.4	
745.6	7839.6	
745.78	7610.3	
745.96	5284.4	
746.14	5746.6	
746.32	8606.2	
746.5	7840.3	
746.68	6294.8	
746.86	5701.5	
747.03	8301.8	
747.21	6489.3	
747.39	6266.8	
747.57	5616.9	
747.75	7384.3	
747.93	7787.1	
748.11	5655.8	
748.29	5595.1	
748.47	9003.6	
748.65	6995.9	
748.83	6414.9	
749.01	6161.7	
749.19	7518.8	
749.37	6691.4	
749.55	5887.2	
749.73	6002.6	
749.91	7157.7	
750.09	6969.2	
750.26	6148	
750.44	5483.1	
750.62	7262.8	
750.8	7269.6	
750.98	5336.3	
751.16	5601.9	
751.34	7276.4	
751.52	6622.4	
751.7	6464.1	
751.88	5276.9	
752.06	7766.6	
752.24	7522.2	
752.42	5171.1	
752.59	5546.6	
752.77	7091.4	
752.95	8402.1	
753.13	6432	
753.31	5726.1	
753.49	6792.4	
753.67	7391.8	
753.85	5966.4	
754.03	5556.1	
754.21	7578.2	
754.38	7913.4	
754.56	5674.2	
754.74	4675.5	
754.92	6705.7	
755.1	7423.9	
755.28	4595.6	
755.46	4644.8	
755.64	7978.9	
755.82	7990.5	
755.99	4760.2	
756.17	4788.8	
756.35	5289.2	
756.53	6935.1	
756.71	3508.2	
756.89	4556.7	
757.07	6540.5	
757.25	5601.9	
757.42	5227.1	
757.6	6109.1	
757.78	6685.3	
757.96	5602.6	
758.14	4984.8	
758.32	4418.2	
758.5	5132.2	
758.67	6023.8	
758.85	4649.6	
759.03	4868.7	
759.21	6206.7	
759.39	5615.5	
759.57	4276.2	
759.75	5522.7	
759.92	6939.2	
760.1	6105.7	
760.28	5870.8	
760.46	6182.1	
760.64	5939.8	
760.82	5646.9	
760.99	5740.5	
761.17	4903.5	
761.35	6866.2	
761.53	5791	
761.71	5099.4	
761.89	5805.3	
762.06	6731	
762.24	6253.1	
762.42	5139	
762.6	4946.5	
762.78	6235.4	
762.96	6990.4	
763.13	5616.9	
763.31	5278.3	
763.49	7148.1	
763.67	6247	
763.85	6174.6	
764.02	6748.7	
764.2	7401.4	
764.38	6584.2	
764.56	5183.4	
764.74	6075.6	
764.91	7521.5	
765.09	6358.3	
765.27	4825.7	
765.45	4636.6	
765.63	7523.6	
765.8	7539.3	
765.98	4301.4	
766.16	4692.6	
766.34	5930.9	
766.52	5687.9	
766.69	5604.6	
766.87	4569	
767.05	6331	
767.23	7176.8	
767.41	4790.9	
767.58	5096.7	
767.76	6883.9	
767.94	6961	
768.12	4849.6	
768.29	5638.7	
768.47	6320	
768.65	7048.4	
768.83	4463.2	
769	5673.6	
769.18	5896.1	
769.36	6653.2	
769.54	5678.3	
769.72	4446.1	
769.89	6898.9	
770.07	7019.1	
770.25	4778.6	
770.43	6126.8	
770.6	7744.1	
770.78	8161.8	
770.96	4991.6	
771.14	4868	
771.31	6739.2	
771.49	6063.4	
771.67	4076.8	
771.85	4361.5	
772.02	5286.5	
772.2	6111.8	
772.38	5190.9	
772.55	4676.2	
772.73	6393.8	
772.91	6116.6	
773.09	4949.9	
773.26	5104.2	
773.44	6323.4	
773.62	5889.3	
773.8	4474.8	
773.97	4163.5	
774.15	6341.2	
774.33	5937.1	
774.5	4370.4	
774.68	4807.3	
774.86	6520	
775.04	5883.1	
775.21	4414.7	
775.39	4411.3	
775.57	6196.5	
775.74	6709.8	
775.92	4232.5	
776.1	4139.6	
776.27	6214.9	
776.45	7500.3	
776.63	4414.7	
776.81	3870	
776.98	5797.8	
777.16	7016.3	
777.34	4552.6	
777.51	4853.7	
777.69	5781.4	
777.87	5567.7	
778.04	4510.3	
778.22	5297.4	
778.4	5569.8	
778.57	6234	
778.75	3786	
778.93	4102.1	
779.1	5347.9	
779.28	5253.7	
779.46	3775.1	
779.64	4321.9	
779.81	6419.7	
779.99	7360.4	
780.17	5166.3	
780.34	5360.2	
780.52	5791.7	
780.69	6040.1	
780.87	4641.4	
781.05	4162.2	
781.22	5848.3	
781.4	5945.9	
781.58	4320.5	
781.75	3463.8	
781.93	5862	
782.11	5285.8	
782.28	5253.7	
782.46	4311	
782.64	5118.6	
782.81	6059.9	
782.99	4382.7	
783.17	4314.4	
783.34	5943.2	
783.52	5162.9	
783.69	4579.9	
783.87	5410.1	
784.05	5394.3	
784.22	5302.2	
784.4	5407.3	
784.58	4667.3	
784.75	6197.8	
784.93	5221.6	
785.1	4242	
785.28	4960.9	
785.46	6015.6	
785.63	5227.8	
785.81	4222.9	
785.99	4089.8	
786.16	5432.6	
786.34	5806	
786.51	4146.5	
786.69	4558.1	
786.87	4962.2	
787.04	5502.9	
787.22	3988.1	
787.39	4984.8	
787.57	5175.9	
787.75	6392.4	
787.92	5142.4	
788.1	5186.8	
788.27	5263.3	
788.45	4966.3	
788.63	4857.8	
788.8	3472.7	
788.98	5586.9	
789.15	4948.6	
789.33	3637.9	
789.5	4308.2	
789.68	6171.9	
789.86	6316.6	
790.03	4702.1	
790.21	4121.9	
790.38	6107.7	
790.56	5416.2	
790.73	3923.2	
790.91	4002.4	
791.09	5183.4	
791.26	6014.2	
791.44	4238.6	
791.61	3696.6	
791.79	5151.3	
791.96	5287.2	
792.14	3781.9	
792.32	3387.3	
792.49	5205.9	
792.67	5344.5	
792.84	3833.8	
793.02	3642.7	
793.19	5923.4	
793.37	6414.2	
793.54	3391.4	
793.72	3689.8	
793.89	6607.4	
794.07	5208	
794.25	4412.7	
794.42	3374.4	
794.6	6346	
794.77	5879.7	
794.95	4604.5	
795.12	4089.1	
795.3	5172.5	
795.47	5903.6	
795.65	4477.5	
795.82	4260.5	
796	4988.9	
796.17	7071.6	
796.35	4147.1	
796.52	4836.6	
796.7	5808	
796.87	5863.3	
797.05	5105.6	
797.22	5095.3	
797.4	5834.7	
797.57	6851.1	
797.75	4225	
797.92	3986.7	
798.1	6171.9	
798.27	5193	
798.45	3489.7	
798.62	3710.2	
798.8	5467.4	
798.97	6118.6	
799.15	4487.1	
799.32	4291.2	
799.5	4777.9	
799.67	5627.1	
799.85	4667.3	
800.02	3356.6	
800.2	5123.3	
800.37	5511.1	
800.55	4852.3	
800.72	3958	
800.9	5999.2	
801.07	6458.6	
801.25	5451	
801.42	4387.4	
801.6	6062	
801.77	5771.2	
801.95	4141	
802.12	3911.6	
802.29	5757.5	
802.47	5793.7	
802.64	4374.5	
802.82	3271.3	
802.99	5140.4	
803.17	6235.4	
803.34	4233.8	
803.52	3801.7	
803.69	6921.5	
803.87	4939	
804.04	4191.5	
804.21	4411.3	
804.39	6300.2	
804.56	5372.5	
804.74	3558	
804.91	4394.9	
805.09	5191.6	
805.26	5291.3	
805.44	3657	
805.61	4059.1	
805.78	5812.1	
805.96	5854.5	
806.13	4427.7	
806.31	4732.9	
806.48	4735.6	
806.66	5250.3	
806.83	4356.7	
807	4302.8	
807.18	5155.4	
807.35	5570.5	
807.53	4238.6	
807.7	3380.5	
807.87	6432	
808.05	5210.7	
808.22	4732.2	
808.4	3424.2	
808.57	5188.2	
808.74	4771.1	
808.92	3890.5	
809.09	5006.6	
809.27	5050.3	
809.44	5750.7	
809.61	3446.7	
809.79	3831.1	
809.96	6424.5	
810.14	6023.1	
810.31	3324.5	
810.48	4123.2	
810.66	5259.9	
810.83	6109.1	
811.01	3934.8	
811.18	4397.7	
811.35	5948	
811.53	4585.4	
811.7	4748.6	
811.87	4488.5	
812.05	5176.6	
812.22	5068.7	
812.39	3788.7	
812.57	3632.4	
812.74	5231.2	
812.92	6978.1	
813.09	4116.4	
813.26	4506.9	
813.44	6725.5	
813.61	5079	
813.78	3419.4	
813.96	4607.2	
814.13	5165	
814.3	4827.7	
814.48	4996.4	
814.65	4084.3	
814.82	6472.3	
815	4964.3	
815.17	4247.5	
815.34	5152.7	
815.52	5109	
815.69	5177.9	
815.87	4177.2	
816.04	3627	
816.21	5227.8	
816.38	4511	
816.56	4067.3	
816.73	3770.3	
816.9	6605.4	
817.08	6053.1	
817.25	3837.2	
817.42	4897.4	
817.6	4720.6	
817.77	5228.5	
817.94	4281.6	
818.12	3777.8	
818.29	4959.5	
818.46	7761.8	
818.64	3914.4	
818.81	3734.1	
818.98	4786.8	
819.16	7157	
819.33	4579.3	
819.5	4291.9	
819.67	5550.7	
819.85	6325.5	
820.02	4181.3	
820.19	4402.5	
820.37	5406	
820.54	4965	
820.71	4314.4	
820.88	5345.9	
821.06	5403.9	
821.23	4983.4	
821.4	4375.1	
821.58	4280.3	
821.75	5932.3	
821.92	5379.3	
822.09	3422.8	
822.27	3566.9	
822.44	5244.2	
822.61	5094	
822.79	3452.9	
822.96	6745.3	
823.13	5738.4	
823.3	4881.7	
823.48	4005.1	
823.65	3634.5	
823.82	5938.4	
823.99	4718.5	
824.17	5177.9	
824.34	3651.5	
824.51	6927.6	
824.68	5257.1	
824.86	3863.2	
825.03	4306.9	
825.2	5211.4	
825.37	6311.8	
825.55	3740.3	
825.72	4261.1	
825.89	6976.1	
826.06	6439.5	
826.24	4080.9	
826.41	4130.8	
826.58	6379.4	
826.75	5522	
826.92	3218.7	
827.1	3604.4	
827.27	8716.8	
827.44	6939.2	
827.61	3892.5	
827.79	4774.5	
827.96	4906.9	
828.13	5268.7	
828.3	4106.2	
828.47	3449.5	
828.65	5442.1	
828.82	5385.5	
828.99	5350	
829.16	4640	
829.34	5876.3	
829.51	5611.4	
829.68	4240.7	
829.85	4486.4	
830.02	6128.2	
830.2	5860.6	
830.37	3245.3	
830.54	5150.6	
830.71	6739.9	
830.88	5113.8	
831.05	3308.2	
831.23	3863.2	
831.4	6415.6	
831.57	7177.4	
831.74	3921.9	
831.91	3437.9	
832.09	5409.4	
832.26	5840.1	
832.43	3988.1	
832.6	4580.6	
832.77	5484.5	
832.94	6253.1	
833.12	3249.4	
833.29	4031.1	
833.46	5634.6	
833.63	7491.5	
833.8	4478.9	
833.97	4125.3	
834.15	5853.1	
834.32	5554.1	
834.49	4233.2	
834.66	4339.6	
834.83	6100.9	
835	4898.7	
835.17	3891.8	
835.35	3906.2	
835.52	5711.1	
835.69	5594.4	
835.86	4148.5	
836.03	3393.5	
836.2	5765	
836.37	5408.7	
836.55	4072.7	
836.72	3830.4	
836.89	5364.3	
837.06	5977.3	
837.23	4158.1	
837.4	4596.3	
837.57	6719.4	
837.75	7468.9	
837.92	3762.1	
838.09	3969.6	
838.26	5395.7	
838.43	6136.4	
838.6	4291.9	
838.77	3777.8	
838.94	7096.2	
839.11	6720.1	
839.29	4026.3	
839.46	3178.4	
839.63	5830.6	
839.8	5519.3	
839.97	3900.7	
840.14	3986	
840.31	5563.6	
840.48	5820.3	
840.65	3285.6	
840.82	4007.2	
841	5832.6	
841.17	5756.2	
841.34	3660.4	
841.51	3696.6	
841.68	5724.8	
841.85	5401.2	
842.02	3770.3	
842.19	3123.8	
842.36	5507	
842.53	5556.1	
842.7	3619.4	
842.87	4515.8	
843.05	7365.9	
843.22	5449.6	
843.39	3377.1	
843.56	3658.4	
843.73	5242.1	
843.9	5918.6	
844.07	5991	
844.24	4982.7	
844.41	8684.1	
844.58	5005.2	
844.75	3491.8	
844.92	3892.5	
845.09	5838.8	
845.26	5788.9	
845.43	3570.3	
845.6	3809.9	
845.77	5848.3	
845.94	5472.9	
846.12	4025.6	
846.29	4285	
846.46	5989.6	
846.63	5808	
846.8	3657.7	
846.97	4258.4	
847.14	6311.8	
847.31	5842.9	
847.48	4130.1	
847.65	4524	
847.82	6122.7	
847.99	6069.5	
848.16	4870.8	
848.33	4446.8	
848.5	5348.6	
848.67	6333	
848.84	3571.7	
849.01	3772.4	
849.18	5190.2	
849.35	4856.4	
849.52	4519.9	
849.69	3569.6	
849.86	6006	
850.03	6273.6	
850.2	3603.1	
850.37	4471.4	
850.54	6174.6	
850.71	5539.1	
850.88	4405.2	
851.05	3596.2	
851.22	5686.5	
851.39	6410.1	
851.56	3376.4	
851.73	4149.2	
851.9	5110.4	
852.07	6016.2	
852.24	3995.6	
852.41	3601	
852.58	5642.2	
852.75	5192.3	
852.92	4032.5	
853.09	3524.6	
853.26	5435.3	
853.43	6301.6	
853.6	3586.7	
853.77	3017.3	
853.94	6408.8	
854.11	5757.5	
854.28	5406	
854.44	3943	
854.61	6874.3	
854.78	6133.7	
854.95	3575.1	
855.12	4594.3	
855.29	4630.5	
855.46	6602	
855.63	3575.1	
855.8	5101.5	
855.97	5360.9	
856.14	6186.2	
856.31	5023	
856.48	4035.2	
856.65	5313.1	
856.82	4992.3	
856.99	3429	
857.16	3917.1	
857.33	7197.9	
857.49	5386.8	
857.66	3931.4	
857.83	4191.5	
858	5365.7	
858.17	5644.2	
858.34	3437.2	
858.51	3590.1	
858.68	6534.4	
858.85	6571.2	
859.02	4146.5	
859.19	4459.1	
859.36	5035.3	
859.52	5080.3	
859.69	3635.1	
859.86	4340.3	
860.03	5156.1	
860.2	6464.8	
860.37	3268.6	
860.54	3632.4	
860.71	6015.6	
860.88	6462.7	
861.05	4010.6	
861.21	4539	
861.38	6521.4	
861.55	4922.6	
861.72	3276.1	
861.89	4081.6	
862.06	6223.1	
862.23	6658.6	
862.4	3472.7	
862.56	3796.3	
862.73	5971.9	
862.9	5522.7	
863.07	4203.1	
863.24	3210.5	
863.41	4978.6	
863.58	5046.9	
863.75	3690.4	
863.91	4138.3	
864.08	6468.2	
864.25	5975.3	
864.42	4545.8	
864.59	5057.1	
864.76	6817.7	
864.93	5070.8	
865.09	3468.6	
865.26	3883.6	
865.43	6330.3	
865.6	6752.8	
865.77	3143.6	
865.94	3608.5	
866.1	6342.6	
866.27	6083.8	
866.44	5411.4	
866.61	3388	
866.78	5541.8	
866.95	5980.1	
867.11	3482.2	
867.28	3163.4	
867.45	6104.3	
867.62	5141.1	
867.79	4179.2	
867.96	3609.9	
868.12	5111	
868.29	6169.8	
868.46	3132	
868.63	4814.8	
868.8	6289.3	
868.97	6044.9	
869.13	3742.3	
869.3	3736.2	
869.47	5930.2	
869.64	6156.2	
869.81	3651.5	
869.97	3693.2	
870.14	5833.3	
870.31	6537.1	
870.48	3583.9	
870.65	4577.2	
870.81	5401.9	
870.98	5343.8	
871.15	4129.4	
871.32	3726.6	
871.48	5932.3	
871.65	6541.9	
871.82	3566.2	
871.99	3977.8	
872.16	7034.8	
872.32	6340.5	
872.49	3649.5	
872.66	3626.3	
872.83	6024.4	
872.99	5274.2	
873.16	4164.2	
873.33	3577.8	
873.5	5685.8	
873.67	5692	
873.83	3844	
874	4778.6	
874.17	5819.6	
874.34	6920.8	
874.5	4634.6	
874.67	4516.5	
874.84	6455.9	
875.01	5031.2	
875.17	5122.7	
875.34	3568.2	
875.51	5697.4	
875.68	6926.2	
875.84	4337.6	
876.01	5376.6	
876.18	5964.4	
876.34	5882.4	
876.51	3656.3	
876.68	3503.4	
876.85	5420.3	
877.01	6294.8	
877.18	5186.1	
877.35	3532.1	
877.52	5592.3	
877.68	4993.6	
877.85	3490.4	
878.02	3535.5	
878.18	5623	
878.35	5268.7	
878.52	2865.8	
878.69	4011.3	
878.85	6027.2	
879.02	5969.1	
879.19	5143.1	
879.35	3918.4	
879.52	5964.4	
879.69	6189	
879.86	3071.3	
880.02	4040.6	
880.19	5537.7	
880.36	6938.5	
880.52	4164.9	
880.69	4287.8	
880.86	6100.2	
881.02	6184.9	
881.19	3992.9	
881.36	3837.2	
881.52	5950.7	
881.69	5330.2	
881.86	3848.1	
882.02	3788.7	
882.19	6249.7	
882.36	7424.6	
882.52	3698.6	
882.69	5121.3	
882.86	5773.9	
883.02	5634	
883.19	4408.6	
883.36	4123.9	
883.52	6171.9	
883.69	7031.4	
883.86	3661.8	
884.02	3263.8	
884.19	6049.7	
884.36	5572.5	
884.52	4054.3	
884.69	3766.2	
884.86	5313.8	
885.02	6743.3	
885.19	4000.4	
885.36	4192.9	
885.52	5554.8	
885.69	5699.5	
885.86	5260.5	
886.02	4616.8	
886.19	6002.6	
886.35	5519.3	
886.52	4023.6	
886.69	5068	
886.85	5140.4	
887.02	6427.9	
887.19	6427.9	
887.35	6427.9	
887.52	6427.9	
887.68	6427.9	
887.85	6427.9	
888.02	6427.9	
888.18	6427.9	
888.35	6427.9	
888.51	6427.9	
888.68	6427.9	
888.85	6427.9	
889.01	6427.9	
889.18	6427.9	
889.35	6427.9	
889.51	6427.9	
889.68	6427.9	
889.84	6427.9	
890.01	6427.9	
890.17	6427.9	
890.34	6427.9	
890.51	6427.9	
890.67	6427.9	
890.84	6427.9	
891	6427.9	
891.17	6427.9	
891.34	6427.9	
891.5	6427.9	
891.67	6427.9	
891.83	6427.9	
892	6427.9	
892.16	6427.9	
892.33	6427.9	
892.5	6427.9	
892.66	6427.9	
892.83	6427.9	
892.99	6427.9	
893.16	6427.9	
893.32	6427.9	
893.49	6427.9	
893.65	6427.9	
893.82	6427.9	
893.99	6427.9	
894.15	6427.9	
894.32	6427.9	
894.48	6427.9	
894.65	6427.9	
894.81	6427.9	
894.98	6427.9	
895.14	6427.9	
895.31	6427.9	
895.47	6427.9	
895.64	6427.9	
895.81	6427.9	
895.97	6427.9	
896.14	6427.9	
896.3	6427.9	
896.47	6427.9	
896.63	6427.9	
896.8	6427.9	
896.96	6427.9	
897.13	6427.9	
897.29	6427.9	
897.46	6427.9	
897.62	6427.9	
897.79	6427.9	
897.95	6427.9	
898.12	6427.9	
898.28	6427.9	
898.45	6427.9	
898.61	6427.9	
898.78	6427.9	
898.94	6427.9	
899.11	6427.9	
899.27	6427.9	
899.44	6427.9	
899.6	6427.9	
899.77	6427.9	
899.93	6427.9	
900.1	6427.9	
900.26	6427.9	
900.43	6427.9	
900.59	6427.9	
900.76	6427.9	
900.92	6427.9	
901.09	6427.9	
901.25	6427.9	
901.42	6427.9	
901.58	6427.9	
901.75	6427.9	
901.91	6427.9	
902.07	6427.9	
902.24	6427.9	
902.4	6427.9	
902.57	6427.9	
902.73	6427.9	
902.9	6427.9	
903.06	6427.9	
903.23	6427.9	
903.39	6427.9	
903.56	6427.9	
903.72	6427.9	
903.88	6427.9	
904.05	6427.9	
904.21	6427.9	
904.38	6427.9	
904.54	6427.9	
904.71	6427.9	
904.87	6427.9	
905.03	6427.9	
905.2	6427.9	
905.36	6427.9	
905.53	6427.9	
905.69	6427.9	
905.86	6427.9	
906.02	6427.9	
906.18	6427.9	
906.35	6427.9	
906.51	6427.9	
906.68	6427.9	
906.84	6427.9	
907.01	6427.9	
907.17	6427.9	
907.33	6427.9	
907.5	6427.9	
907.66	6427.9	
907.83	6427.9	
907.99	6427.9	
908.15	6427.9	
908.32	6427.9	
908.48	6427.9	
908.65	6427.9	
908.81	6427.9	
908.97	6427.9	
909.14	6427.9	
909.3	6427.9	
909.47	6427.9	
909.63	6427.9	
909.79	6427.9	
909.96	6427.9	
910.12	6427.9	
910.28	6427.9	
910.45	6427.9	
910.61	6427.9	
910.78	6427.9	
910.94	6427.9	
911.1	6427.9	
911.27	6427.9	
911.43	6427.9	
911.59	6427.9	
911.76	6427.9	
911.92	6427.9	
912.08	6427.9	
912.25	6427.9	
912.41	6427.9	
912.57	6427.9	
912.74	6427.9	
912.9	6427.9	
913.07	6427.9	
913.23	6427.9	
913.39	6427.9	
913.56	6427.9	
913.72	6427.9	
913.88	6427.9	
914.05	6427.9	
914.21	6427.9	
914.37	6427.9	
914.54	6427.9	
914.7	6427.9	
914.86	6427.9	
915.03	6427.9	
915.19	6427.9	
