Wavelength	Intensities	
nm	a.u.	
179.22	1932.3	
179.44	1923.7	
179.65	1940.8	
179.86	1906.7	
180.08	1910.1	
180.29	4949.3	
180.51	3486.3	
180.72	5692.7	
180.94	6627.9	
181.15	3209.8	
181.37	3177.1	
181.58	5551.4	
181.79	5815.5	
182.01	3369.6	
182.22	3648.1	
182.44	5796.4	
182.65	4831.2	
182.87	4524.6	
183.08	3994.9	
183.29	6097.5	
183.51	4988.9	
183.72	3659	
183.94	5410.1	
184.15	5432.6	
184.37	5449.6	
184.58	3242.6	
184.79	4399.7	
185.01	5046.2	
185.22	5739.1	
185.44	4704.2	
185.65	3966.9	
185.86	5311.1	
186.08	4902.8	
186.29	3134.1	
186.51	3372.3	
186.72	5044.1	
186.94	5941.8	
187.15	3902.7	
187.36	4027	
187.58	7838.3	
187.79	5509.7	
188.01	4252.3	
188.22	6554.9	
188.43	6623.1	
188.65	5786.2	
188.86	3354.6	
189.08	4044.1	
189.29	5133.6	
189.5	5243.5	
189.72	3729.4	
189.93	3839.3	
190.15	5999.9	
190.36	7138.5	
190.57	4132.8	
190.79	3971.7	
191	6056.5	
191.22	5976	
191.43	4079.6	
191.64	3381.9	
191.86	6285.9	
192.07	6011.5	
192.29	3519.1	
192.5	3686.3	
192.71	5993	
192.93	5145.9	
193.14	3714.3	
193.35	3765.5	
193.57	5153.4	
193.78	6032.6	
194	3012.6	
194.21	3662.5	
194.42	4947.9	
194.64	5433.9	
194.85	4018.8	
195.07	4777.2	
195.28	5468.1	
195.49	4724.7	
195.71	4973.8	
195.92	3512.9	
196.13	5593.7	
196.35	5748	
196.56	5406.6	
196.78	3969.6	
196.99	7143.3	
197.2	6675.7	
197.42	4670.7	
197.63	4098.7	
197.84	4839.4	
198.06	5567.7	
198.27	3738.9	
198.48	5040.1	
198.7	5175.2	
198.91	5326.1	
199.13	4122.6	
199.34	4078.2	
199.55	5857.2	
199.77	4681	
199.98	3557.3	
200.19	4093.9	
200.41	5319.9	
200.62	5039.4	
200.83	4302.1	
201.05	4552.6	
201.26	5405.3	
201.47	5038	
201.69	3605.8	
201.9	3464.5	
202.11	5375.2	
202.33	6483.9	
202.54	3881.6	
202.76	4289.1	
202.97	5538.4	
203.18	5538.4	
203.4	4237.2	
203.61	4126.7	
203.82	5509.7	
204.04	5063.9	
204.25	4128	
204.46	4013.3	
204.68	5479	
204.89	5677.7	
205.1	4035.2	
205.32	3405.8	
205.53	5862.7	
205.74	6013.5	
205.96	2956.6	
206.17	4201.7	
206.38	5815.5	
206.6	5994.4	
206.81	4669.4	
207.02	3762.8	
207.24	5655.8	
207.45	6104.3	
207.66	3910.3	
207.88	3274	
208.09	5615.5	
208.3	5378	
208.52	3561.4	
208.73	3844	
208.94	5395	
209.15	6154.8	
209.37	3874.8	
209.58	4123.2	
209.79	5989.6	
210.01	5238	
210.22	3100.6	
210.43	3237.8	
210.65	5405.3	
210.86	5862.7	
211.07	3906.2	
211.29	3553.9	
211.5	5764.3	
211.71	5337.7	
211.93	3533.4	
212.14	3572.3	
212.35	5401.9	
212.56	5610.8	
212.78	4137.6	
212.99	3393.5	
213.2	6403.3	
213.42	5188.9	
213.63	3663.1	
213.84	3971.7	
214.06	4794.3	
214.27	4917.2	
214.48	3880.9	
214.69	4216.8	
214.91	6118.6	
215.12	6221	
215.33	4242	
215.55	4599.7	
215.76	6679.1	
215.97	5829.9	
216.18	4057.7	
216.4	3889.1	
216.61	5093.3	
216.82	5955.5	
217.04	3622.9	
217.25	3788.7	
217.46	6078.4	
217.67	5865.4	
217.89	3175.7	
218.1	3302	
218.31	5462.6	
218.53	5614.2	
218.74	3771	
218.95	3634.5	
219.16	5315.8	
219.38	6339.1	
219.59	3683.6	
219.8	4404.5	
220.01	7023.9	
220.23	5480.4	
220.44	4789.5	
220.65	3488.4	
220.87	5477	
221.08	6101.6	
221.29	3321.8	
221.5	4444.8	
221.72	7441	
221.93	5195	
222.14	4146.5	
222.35	4793.6	
222.57	5463.3	
222.78	5805.3	
222.99	3867.9	
223.2	4207.2	
223.42	5722	
223.63	5878.4	
223.84	2975.7	
224.05	2970.9	
224.27	6959	
224.48	6355.5	
224.69	4870.8	
224.9	4100	
225.12	5671.5	
225.33	5402.5	
225.54	3224.9	
225.75	3650.2	
225.97	4992.9	
226.18	5257.1	
226.39	3942.3	
226.6	3622.9	
226.82	5209.3	
227.03	5045.5	
227.24	4044.7	
227.45	3350.5	
227.67	5805.3	
227.88	6310.5	
228.09	4549.9	
228.3	4634.6	
228.52	5861.3	
228.73	5384.8	
228.94	3787.4	
229.15	3362.1	
229.36	5312.4	
229.58	5225.1	
229.79	3827.7	
230	4440	
230.21	6515.3	
230.43	5498.8	
230.64	4027.7	
230.85	4248.2	
231.06	5874.9	
231.28	5798.5	
231.49	3330.7	
231.7	3972.4	
231.91	5724.8	
232.12	5474.2	
232.34	3532.1	
232.55	3981.9	
232.76	6091.3	
232.97	5625.1	
233.18	3564.1	
233.4	4055	
233.61	5684.5	
233.82	5129.5	
234.03	3725.9	
234.25	3671.3	
234.46	7526.3	
234.67	5476.3	
234.88	4139.6	
235.09	3603.7	
235.31	5735.7	
235.52	5330.2	
235.73	4089.8	
235.94	3398.9	
236.15	5137	
236.37	6600.6	
236.58	3614.7	
236.79	3944.4	
237	5754.1	
237.21	4982.7	
237.43	4173.8	
237.64	3304.1	
237.85	9995.5	
238.06	5021.6	
238.27	4281.6	
238.48	3359.4	
238.7	5773.2	
238.91	5363.6	
239.12	3900.7	
239.33	3918.4	
239.54	5190.9	
239.76	5354.8	
239.97	3858.4	
240.18	3901.4	
240.39	6847.7	
240.6	5711.8	
240.82	4038.6	
241.03	3310.9	
241.24	5379.3	
241.45	6281.8	
241.66	3563.5	
241.87	4194.9	
242.09	6144.6	
242.3	6533.7	
242.51	4248.9	
242.72	3934.1	
242.93	5874.9	
243.14	5345.9	
243.36	4571.1	
243.57	4908.3	
243.78	6339.1	
243.99	5784.8	
244.2	3939.6	
244.41	3555.3	
244.63	5009.3	
244.84	5733.6	
245.05	4141.7	
245.26	3954.6	
245.47	5750	
245.68	5979.4	
245.9	5260.5	
246.11	4102.8	
246.32	5285.8	
246.53	5676.3	
246.74	6350.1	
246.95	3298.6	
247.16	4908.3	
247.38	5465.3	
247.59	3263.1	
247.8	3956.7	
248.01	5147.9	
248.22	5385.5	
248.43	3575.8	
248.64	3846.1	
248.86	4827.7	
249.07	5162.9	
249.28	3437.9	
249.49	4043.4	
249.7	6016.9	
249.91	6079.1	
250.12	3233.7	
250.34	3368.9	
250.55	5565	
250.76	5375.2	
250.97	4061.8	
251.18	4125.3	
251.39	6178	
251.6	5561.6	
251.81	4129.4	
252.03	4141.7	
252.24	5203.2	
252.45	5954.8	
252.66	3398.9	
252.87	4308.9	
253.08	5462.6	
253.29	7231.4	
253.5	3404.4	
253.72	4776.5	
253.93	5251	
254.14	6447	
254.35	3748.5	
254.56	3862.5	
254.77	5657.9	
254.98	5056.4	
255.19	3700.7	
255.41	4799.8	
255.62	5528.8	
255.83	6056.5	
256.04	4213.4	
256.25	4080.2	
256.46	6692.1	
256.67	5156.1	
256.88	3979.9	
257.09	4528.7	
257.31	5104.9	
257.52	5077.6	
257.73	5067.4	
257.94	3700	
258.15	5193	
258.36	5468.8	
258.57	4710.3	
258.78	2975	
258.99	5940.5	
259.2	5270.8	
259.41	3738.2	
259.63	3808.5	
259.84	6306.4	
260.05	6781.5	
260.26	4925.4	
260.47	3635.8	
260.68	6053.1	
260.89	5337.7	
261.1	4429.1	
261.31	3575.8	
261.52	5928.2	
261.73	6300.2	
261.95	4796.3	
262.16	4283.7	
262.37	6090	
262.58	6221.7	
262.79	4838	
263	3806.5	
263.21	5407.3	
263.42	5037.3	
263.63	3851.5	
263.84	3806.5	
264.05	6045.6	
264.26	6386.9	
264.47	4682.3	
264.69	4249.5	
264.9	6136.4	
265.11	5630.5	
265.32	3648.1	
265.53	3741.6	
265.74	5568.4	
265.95	4825	
266.16	3938.2	
266.37	4352.6	
266.58	5554.1	
266.79	5258.5	
267	3767.6	
267.21	3467.9	
267.42	5013.4	
267.63	5449.6	
267.84	3901.4	
268.06	3339.6	
268.27	5900.2	
268.48	6160.3	
268.69	3816.7	
268.9	4504.8	
269.11	6113.9	
269.32	4838.7	
269.53	3911.6	
269.74	3610.6	
269.95	5805.3	
270.16	4811.4	
270.37	3902.1	
270.58	4497.3	
270.79	5300.8	
271	5962.3	
271.21	4233.8	
271.42	3943	
271.63	5554.8	
271.84	5055.1	
272.05	3088.3	
272.26	3558.7	
272.47	5436	
272.68	5640.8	
272.89	3744.4	
273.11	4275.5	
273.32	5266.7	
273.53	6442.9	
273.74	4291.2	
273.95	4121.9	
274.16	6058.6	
274.37	5504.3	
274.58	4259.1	
274.79	3462.4	
275	5545.2	
275.21	6127.5	
275.42	5130.8	
275.63	4454.3	
275.84	5670.1	
276.05	7239.6	
276.26	4148.5	
276.47	3892.5	
276.68	5300.1	
276.89	6450.4	
277.1	4358.8	
277.31	3414.6	
277.52	5679	
277.73	5898.8	
277.94	3401	
278.15	3791.5	
278.36	5608	
278.57	5111	
278.78	3715.7	
278.99	4280.3	
279.2	5037.3	
279.41	5040.1	
279.62	4922	
279.83	3470.6	
280.04	6666.1	
280.25	4952.7	
280.46	4913.1	
280.67	3973.7	
280.88	5059.8	
281.09	6130.9	
281.3	4155.3	
281.51	5216.2	
281.72	5971.9	
281.93	5936.4	
282.14	3622.9	
282.35	3960.1	
282.56	5943.9	
282.77	5885.9	
282.98	3775.8	
283.19	4659.8	
283.4	7339.9	
283.61	5343.8	
283.82	3382.6	
284.03	4887.1	
284.24	5541.1	
284.45	6120.7	
284.66	4894.6	
284.87	4698.7	
285.08	5997.1	
285.29	6173.3	
285.5	3345	
285.71	3836.5	
285.92	6086.6	
286.12	6757.6	
286.33	4790.2	
286.54	3789.4	
286.75	5914.5	
286.96	5300.8	
287.17	3443.3	
287.38	4749.9	
287.59	5054.4	
287.8	5004.6	
288.01	3793.5	
288.22	4454.3	
288.43	5920.7	
288.64	4949.3	
288.85	4579.9	
289.06	4338.3	
289.27	5802.6	
289.48	6382.2	
289.69	4897.4	
289.9	4445.5	
290.11	6122.7	
290.32	5188.9	
290.53	4599.1	
290.74	4307.6	
290.94	5905	
291.15	5968.5	
291.36	3700	
291.57	4414.7	
291.78	5193.6	
291.99	4856.4	
292.2	3512.9	
292.41	4297.3	
292.62	6001.9	
292.83	5773.2	
293.04	5264.6	
293.25	3524.6	
293.46	5203.9	
293.67	6032	
293.88	3670.6	
294.09	3543.7	
294.29	4999.1	
294.5	5583.4	
294.71	3932.8	
294.92	3790.1	
295.13	5222.3	
295.34	6565.1	
295.55	3321.1	
295.76	3362.8	
295.97	5853.1	
296.18	6614.9	
296.39	3478.1	
296.6	3670.6	
296.81	5575.3	
297.01	5892	
297.22	3786.7	
297.43	3654.9	
297.64	5079	
297.85	5134.3	
298.06	3028.9	
298.27	3254.9	
298.48	5524.7	
298.69	5211.4	
298.9	3943.7	
299.11	3585.3	
299.31	4954	
299.52	4928.1	
299.73	4259.8	
299.94	4191.5	
300.15	5418.2	
300.36	5056.4	
300.57	4240	
300.78	4200.4	
300.99	5330.2	
301.2	5593.7	
301.4	3603.1	
301.61	4029	
301.82	5767.8	
302.03	5886.5	
302.24	4457.1	
302.45	3462.4	
302.66	5735.7	
302.87	6329.6	
303.08	3693.9	
303.29	5053	
303.49	5216.9	
303.7	5472.9	
303.91	3251.5	
304.12	4857.8	
304.33	4945.8	
304.54	5597.1	
304.75	3720.5	
304.96	3500	
305.16	5812.8	
305.37	6541.9	
305.58	3200.3	
305.79	3305.4	
306	5773.9	
306.21	4889.9	
306.42	3532.1	
306.63	5618.9	
306.83	5309	
307.04	6013.5	
307.25	4095.3	
307.46	4017.4	
307.67	4661.2	
307.88	5875.6	
308.09	3575.1	
308.29	3740.3	
308.5	5530.9	
308.71	6051.1	
308.92	3979.9	
309.13	3562.1	
309.34	5388.2	
309.55	5373.9	
309.75	4571.1	
309.96	4190.8	
310.17	5877	
310.38	5179.3	
310.59	4443.4	
310.8	3481.5	
311.01	5260.5	
311.21	5304.9	
311.42	3489.1	
311.63	3672	
311.84	5186.1	
312.05	5608.7	
312.26	4056.3	
312.46	4416.8	
312.67	5265.3	
312.88	4969.7	
313.09	3554.6	
313.3	3459.7	
313.51	6216.3	
313.71	6584.2	
313.92	3523.2	
314.13	3768.9	
314.34	5579.3	
314.55	5326.8	
314.76	4570.4	
314.96	3972.4	
315.17	5486.5	
315.38	6010.8	
315.59	3538.2	
315.8	3409.9	
316.01	6341.9	
316.21	6348.7	
316.42	3418.7	
316.63	3913.7	
316.84	5289.9	
317.05	6135.7	
317.26	4192.9	
317.46	3759.4	
317.67	5370.5	
317.88	5809.4	
318.09	4526	
318.3	3263.8	
318.5	5138.4	
318.71	5778.7	
318.92	5868.8	
319.13	4216.8	
319.34	6037.4	
319.54	6100.2	
319.75	3353.9	
319.96	3161.4	
320.17	5876.3	
320.38	5988.3	
320.58	3195.5	
320.79	3900	
321	6001.2	
321.21	6227.2	
321.42	3946.4	
321.62	3231.7	
321.83	5072.1	
322.04	5541.8	
322.25	3743.7	
322.46	3598.3	
322.66	5500.8	
322.87	5699.5	
323.08	4420.2	
323.29	3447.4	
323.5	6537.1	
323.7	5042.8	
323.91	4903.5	
324.12	4324.6	
324.33	5504.9	
324.53	5767.1	
324.74	4179.9	
324.95	4374.5	
325.16	4846.2	
325.37	5309	
325.57	3592.1	
325.78	3624.9	
325.99	5520.6	
326.2	4889.9	
326.4	5210.7	
326.61	3244	
326.82	5386.2	
327.03	5560.9	
327.24	5076.2	
327.44	4837.3	
327.65	5735	
327.86	4588.8	
328.07	4200.4	
328.27	3401	
328.48	6123.4	
328.69	5009.3	
328.9	5090.6	
329.1	3840.6	
329.31	5331.5	
329.52	6275	
329.73	3592.8	
329.93	3992.9	
330.14	5450.3	
330.35	5696.8	
330.56	5845.6	
330.76	4392.2	
330.97	5204.6	
331.18	5683.1	
331.39	3996.3	
331.59	3198.9	
331.8	6058.6	
332.01	6180.1	
332.22	3651.5	
332.42	4267.3	
332.63	5553.4	
332.84	5164.3	
333.05	3936.9	
333.25	3616	
333.46	5220.3	
333.67	5474.2	
333.88	3700	
334.08	4145.1	
334.29	7326.9	
334.5	6150.7	
334.7	3443.3	
334.91	5104.9	
335.12	4986.8	
335.33	5866.1	
335.53	3947.8	
335.74	5887.9	
335.95	5176.6	
336.16	5068.7	
336.36	3966.9	
336.57	4560.8	
336.78	4971.8	
336.98	6068.8	
337.19	4875.5	
337.4	3872.7	
337.61	6571.9	
337.81	4971.1	
338.02	3614	
338.23	4753.3	
338.43	6288.6	
338.64	5122	
338.85	3620.8	
339.05	4741	
339.26	6311.8	
339.47	4917.2	
339.68	3556	
339.88	5341.8	
340.09	5658.5	
340.3	5893.4	
340.5	4201.1	
340.71	3197.6	
340.92	4954.7	
341.13	6190.3	
341.33	3428.3	
341.54	4214	
341.75	5711.1	
341.95	5236	
342.16	4044.1	
342.37	4336.2	
342.57	5015.5	
342.78	5410.1	
342.99	4470.7	
343.19	3226.9	
343.4	5827.8	
343.61	5664.7	
343.81	3846.1	
344.02	3535.5	
344.23	5900.2	
344.43	6311.2	
344.64	4436.6	
344.85	4311.7	
345.06	5737.7	
345.26	6039.5	
345.47	4116.4	
345.68	4883.7	
345.88	4826.4	
346.09	5968.5	
346.3	4231.1	
346.5	3183.2	
346.71	5485.8	
346.92	5145.2	
347.12	3259	
347.33	4092.5	
347.54	5984.2	
347.74	6411.5	
347.95	4063.9	
348.16	3031	
348.36	5227.1	
348.57	4930.1	
348.78	4079.6	
348.98	4458.4	
349.19	5399.1	
349.39	4924	
349.6	3229	
349.81	3688.4	
350.01	5730.2	
350.22	5181.4	
350.43	3979.9	
350.63	4683	
350.84	5495.4	
351.05	5223.7	
351.25	3599.6	
351.46	3300	
351.67	6112.5	
351.87	5161.6	
352.08	3819.5	
352.29	4308.9	
352.49	5871.5	
352.7	6085.9	
352.9	3497.2	
353.11	4326.7	
353.32	6657.3	
353.52	5255.1	
353.73	3447.4	
353.94	4435.2	
354.14	5752.7	
354.35	5526.8	
354.55	3594.2	
354.76	3933.5	
354.97	5703.6	
355.17	5461.2	
355.38	3366.9	
355.59	4686.4	
355.79	5146.5	
356	5547.9	
356.2	3915	
356.41	3417.4	
356.62	4869.4	
356.82	5329.5	
357.03	4245.4	
357.24	3760.8	
357.44	5163.6	
357.65	5301.5	
357.85	5105.6	
358.06	3939.6	
358.27	4891.9	
358.47	5119.2	
358.68	3311.6	
358.88	4191.5	
359.09	5707.7	
359.3	6120	
359.5	4884.4	
359.71	4350.6	
359.91	6570.6	
360.12	5912.5	
360.33	4187.4	
360.53	4627.7	
360.74	5115.8	
360.94	5228.5	
361.15	4400.4	
361.36	3605.1	
361.56	5951.4	
361.77	5359.5	
361.97	4875.5	
362.18	3861.1	
362.38	5939.8	
362.59	4982.7	
362.8	3528.7	
363	3411.2	
363.21	4846.9	
363.41	5457.2	
363.62	4049.5	
363.83	5175.9	
364.03	5559.6	
364.24	6572.6	
364.44	5173.2	
364.65	5062.6	
364.85	5332.2	
365.06	5140.4	
365.27	3716.4	
365.47	3723.9	
365.68	6335	
365.88	5316.5	
366.09	4136.9	
366.29	3772.4	
366.5	5567.1	
366.71	6018.3	
366.91	5141.1	
367.12	4294.6	
367.32	6594.5	
367.53	5847	
367.73	4248.2	
367.94	5234.6	
368.14	5820.3	
368.35	6699.6	
368.56	4228.4	
368.76	3527.3	
368.97	5851	
369.17	7630.7	
369.38	3700	
369.58	3960.1	
369.79	4940.4	
369.99	6201.2	
370.2	4930.1	
370.4	4050.2	
370.61	5645.6	
370.82	6830	
371.02	3990.1	
371.23	3291.1	
371.43	4802.5	
371.64	6183.5	
371.84	3971.7	
372.05	5237.3	
372.25	7510.6	
372.46	5922	
372.66	3897.3	
372.87	3927.3	
373.07	5928.2	
373.28	7599.3	
373.48	4990.9	
373.69	4686.4	
373.9	5408	
374.1	5489.2	
374.31	4963.6	
374.51	4470.7	
374.72	6255.9	
374.92	5085.8	
375.13	5101.5	
375.33	4280.3	
375.54	5812.1	
375.74	5281	
375.95	4299.4	
376.15	5584.8	
376.36	5739.8	
376.56	5627.1	
376.77	4364.2	
376.97	4861.9	
377.18	6843.6	
377.38	5870.8	
377.59	5133.6	
377.79	3848.1	
378	5707.7	
378.2	6149.4	
378.41	3942.3	
378.61	3831.1	
378.82	6192.4	
379.02	5279	
379.23	4111.6	
379.43	5208	
379.64	6204	
379.84	5895.4	
380.05	3915	
380.25	3863.2	
380.46	5997.8	
380.66	5539.1	
380.87	5277.6	
381.07	5629.9	
381.28	6610.8	
381.48	5960.3	
381.69	3936.9	
381.89	3993.5	
382.1	4904.2	
382.3	6208.8	
382.51	5143.1	
382.71	6004	
382.91	5987.6	
383.12	6509.1	
383.32	4338.3	
383.53	4558.1	
383.73	5776.6	
383.94	5602.6	
384.14	4483	
384.35	3569.6	
384.55	5497.4	
384.76	5975.3	
384.96	4293.9	
385.17	4615.4	
385.37	5958.2	
385.58	5271.5	
385.78	4660.5	
385.98	3541.6	
386.19	5419.6	
386.39	5869.5	
386.6	4132.1	
386.8	4263.9	
387.01	5971.2	
387.21	6010.8	
387.42	4801.1	
387.62	5339.7	
387.83	5266	
388.03	5959.6	
388.23	4384.7	
388.44	5234.6	
388.64	4902.2	
388.85	5119.9	
389.05	4786.1	
389.26	5339.7	
389.46	6954.2	
389.67	6368.5	
389.87	4663.2	
390.07	4793.6	
390.28	5642.2	
390.48	5231.2	
390.69	3918.4	
390.89	4279.6	
391.1	5302.2	
391.3	6311.2	
391.5	5442.8	
391.71	6088.6	
391.91	5993.7	
392.12	7073.7	
392.32	5504.3	
392.53	4728.1	
392.73	5420.3	
392.93	5631.2	
393.14	4430.4	
393.34	5166.3	
393.55	5943.2	
393.75	5539.1	
393.95	4444.1	
394.16	4351.3	
394.36	5318.6	
394.57	6114.6	
394.77	3870.7	
394.98	4375.1	
395.18	5289.2	
395.38	5375.9	
395.59	5195	
395.79	4109.6	
396	5372.5	
396.2	5912.5	
396.4	4936.3	
396.61	4851	
396.81	6150.1	
397.02	5371.8	
397.22	5217.5	
397.42	5294	
397.63	6111.1	
397.83	5276.3	
398.04	4048.8	
398.24	4579.9	
398.44	5898.8	
398.65	4908.3	
398.85	3900.7	
399.05	3986.7	
399.26	5247.6	
399.46	6994.5	
399.67	4398.4	
399.87	4111	
400.07	5638.1	
400.28	6001.9	
400.48	4140.3	
400.69	5297.4	
400.89	6216.3	
401.09	6663.4	
401.3	4049.5	
401.5	5198.4	
401.7	6947.4	
401.91	7142.6	
402.11	4387.4	
402.32	4646.2	
402.52	6212.2	
402.72	6156.9	
402.93	4839.4	
403.13	3663.1	
403.33	6990.4	
403.54	5669.5	
403.74	4544.4	
403.94	5498.1	
404.15	5776	
404.35	6898.2	
404.56	4365.6	
404.76	6224.5	
404.96	6221.7	
405.17	5984.8	
405.37	5698.1	
405.57	4869.4	
405.78	6191	
405.98	5678.3	
406.18	4285	
406.39	5283.1	
406.59	6206.7	
406.79	5787.6	
407	4155.3	
407.2	4252.9	
407.4	6237.4	
407.61	6509.8	
407.81	4242	
408.01	6528.2	
408.22	5186.8	
408.42	7285.3	
408.62	5294	
408.83	4808.6	
409.03	5849.7	
409.23	5611.4	
409.44	4859.1	
409.64	5186.8	
409.84	6776.7	
410.05	6631.3	
410.25	4994.3	
410.45	4769.7	
410.66	6019	
410.86	8606.2	
411.06	5239.4	
411.27	5073.5	
411.47	8348.2	
411.67	6277	
411.88	5356.1	
412.08	5503.6	
412.28	6854.6	
412.49	7338.6	
412.69	5003.9	
412.89	5045.5	
413.09	7208.2	
413.3	7065.5	
413.5	5106.3	
413.7	4746.5	
413.91	6320.7	
414.11	7200	
414.31	4857.1	
414.52	5352	
414.72	6860.7	
414.92	6791.1	
415.12	4937.7	
415.33	5449.6	
415.53	7118.7	
415.73	7325.6	
415.94	5821	
416.14	5218.2	
416.34	6161.7	
416.55	5872.2	
416.75	6409.5	
416.95	5862.7	
417.15	7163.1	
417.36	7864.2	
417.56	6684.6	
417.76	5630.5	
417.97	7568.6	
418.17	7130.3	
418.37	5211.4	
418.57	5313.8	
418.78	6929.6	
418.98	6581.5	
419.18	6167.1	
419.38	6124.1	
419.59	6665.5	
419.79	6207.4	
419.99	5169.1	
420.2	5569.1	
420.4	7206.1	
420.6	7358.4	
420.8	4999.8	
421.01	4995	
421.21	6879.8	
421.41	7131	
421.61	5457.2	
421.82	5167.7	
422.02	6423.8	
422.22	7484.6	
422.42	5983.5	
422.63	5653.1	
422.83	6626.5	
423.03	7831.4	
423.23	5707.7	
423.44	4669.4	
423.64	6626.5	
423.84	6457.2	
424.04	5055.1	
424.25	4765.6	
424.45	7613	
424.65	7494.2	
424.85	4594.3	
425.06	5152.7	
425.26	7511.9	
425.46	6569.9	
425.66	5657.9	
425.87	5317.9	
426.07	7280.5	
426.27	7180.2	
426.47	5384.8	
426.67	4818.2	
426.88	7650.5	
427.08	7102.4	
427.28	5712.5	
427.48	4729.4	
427.69	5985.5	
427.89	6683.2	
428.09	5604.6	
428.29	4842.8	
428.5	7372	
428.7	6863.4	
428.9	4741.7	
429.1	5347.9	
429.3	6815.6	
429.51	7252.5	
429.71	5048.9	
429.91	5832.6	
430.11	7059.3	
430.31	7335.8	
430.52	5380	
430.72	5585.5	
430.92	7686.7	
431.12	7165.8	
431.32	4949.3	
431.53	5356.8	
431.73	5935	
431.93	7789.8	
432.13	4966.3	
432.33	4749.2	
432.54	6466.8	
432.74	6910.5	
432.94	4708.3	
433.14	5795.8	
433.34	7011.6	
433.55	6515.3	
433.75	5738.4	
433.95	7548.1	
434.15	6791.1	
434.35	6460	
434.56	4908.3	
434.76	4392.9	
434.96	6793.8	
435.16	7008.1	
435.36	4775.9	
435.56	5890	
435.77	6385.6	
435.97	6619	
436.17	6638.1	
436.37	5861.3	
436.57	6388.3	
436.78	6372.6	
436.98	7588.4	
437.18	6474.3	
437.38	7090.1	
437.58	6592.4	
437.78	6567.2	
437.99	5168.4	
438.19	7143.3	
438.39	7905.2	
438.59	5201.2	
438.79	4617.5	
438.99	7856	
439.2	6666.8	
439.4	4820.2	
439.6	4769.7	
439.8	6923.5	
440	8005.5	
440.2	5779.4	
440.4	5859.9	
440.61	7278.5	
440.81	7899	
441.01	4967	
441.21	5881.8	
441.41	7705.1	
441.61	7329.7	
441.81	6182.8	
442.02	7208.8	
442.22	8134.5	
442.42	7436.2	
442.62	5004.6	
442.82	5058.5	
443.02	7672.4	
443.22	6835.4	
443.43	5434.6	
443.63	5029.1	
443.83	6559.6	
444.03	6717.3	
444.23	6240.8	
444.43	5743.9	
444.63	6866.8	
444.83	8181	
445.04	5089.9	
445.24	6374.6	
445.44	7309.2	
445.64	7426.6	
445.84	5954.1	
446.04	5876.3	
446.24	6660	
446.44	7714.7	
446.65	5085.1	
446.85	5499.5	
447.05	7123.5	
447.25	7656	
447.45	5573.2	
447.65	4905.6	
447.85	6950.8	
448.05	6576	
448.25	6037.4	
448.46	5758.2	
448.66	7053.2	
448.86	6670.2	
449.06	4767.7	
449.26	6034.7	
449.46	7309.2	
449.66	6374.6	
449.86	5476.3	
450.06	5424.4	
450.26	6534.4	
450.47	7189.1	
450.67	5722	
450.87	6060.6	
451.07	7329.7	
451.27	6984.9	
451.47	4964.3	
451.67	5657.9	
451.87	6592.4	
452.07	7856	
452.27	5227.8	
452.47	5242.8	
452.67	6981.5	
452.88	7618.4	
453.08	4590.9	
453.28	6646.3	
453.48	8194.6	
453.68	6912.6	
453.88	5141.1	
454.08	5377.3	
454.28	7284.6	
454.48	6934.4	
454.68	5894.7	
454.88	6436.8	
455.08	7414.3	
455.28	7138.5	
455.48	5027.8	
455.68	5670.1	
455.89	7882.6	
456.09	7545.4	
456.29	5387.5	
456.49	5418.2	
456.69	7887.4	
456.89	7021.1	
457.09	5955.5	
457.29	6218.3	
457.49	7374.1	
457.69	7450.5	
457.89	5733.6	
458.09	5167.7	
458.29	7136.5	
458.49	7803.4	
458.69	6113.9	
458.89	5584.1	
459.09	8021.2	
459.29	8156.4	
459.49	5705	
459.69	6480.5	
459.9	7628.7	
460.1	7101	
460.3	5584.8	
460.5	5343.8	
460.7	7543.4	
460.9	7320.8	
461.1	4944.5	
461.3	6330.3	
461.5	8138.6	
461.7	7817.8	
461.9	5449.6	
462.1	5939.8	
462.3	7234.8	
462.5	7831.4	
462.7	5378	
462.9	5585.5	
463.1	8985.8	
463.3	8430.8	
463.5	5730.2	
463.7	6712.6	
463.9	7445	
464.1	7735.2	
464.3	5851.7	
464.5	6146.6	
464.7	8043.7	
464.9	7678.5	
465.1	7476.5	
465.3	6451.1	
465.5	8448.6	
465.7	8322.9	
465.9	6712.6	
466.1	6563.1	
466.3	8151.6	
466.5	7951.6	
466.7	7387	
466.9	6289.3	
467.1	7929.1	
467.3	8869.8	
467.5	7406.1	
467.7	6130.9	
467.9	9097.1	
468.1	10129	
468.3	6903	
468.5	7480.5	
468.7	7843	
468.9	7817.1	
469.1	6361.7	
469.3	7212.3	
469.5	9940.8	
469.7	7379.5	
469.9	6940.6	
470.1	6173.9	
470.3	7879.2	
470.5	7886	
470.7	7423.2	
470.9	6238.8	
471.1	7572	
471.3	8148.2	
471.5	6048.3	
471.69	8004.1	
471.89	7502.4	
472.09	7045.7	
472.29	6782.2	
472.49	7288	
472.69	7268.9	
472.89	8133.2	
473.09	5948.7	
473.29	6184.2	
473.49	7468.9	
473.69	7628.7	
473.89	7105.1	
474.09	6280.4	
474.29	8914.8	
474.49	8634.2	
474.69	6993.1	
474.89	6447	
475.09	7629.4	
475.29	7529	
475.49	5766.4	
475.69	5993.7	
475.88	9192.6	
476.08	7891.5	
476.28	5745.9	
476.48	6252.4	
476.68	8349.6	
476.88	8212.4	
477.08	6096.1	
477.28	6454.5	
477.48	7736.5	
477.68	8484.1	
477.88	5892	
478.08	6200.6	
478.28	8629.5	
478.48	7798.7	
478.67	6268.8	
478.87	5711.8	
479.07	8464.9	
479.27	7939.3	
479.47	6525.5	
479.67	6449.7	
479.87	8299.1	
480.07	8852	
480.27	5674.9	
480.47	7376.8	
480.67	7915.4	
480.87	8587.1	
481.06	5950.7	
481.26	6831.3	
481.46	7794.6	
481.66	7788.4	
481.86	6423.8	
482.06	7494.2	
482.26	7506.5	
482.46	8628.1	
482.66	6386.2	
482.86	6009.4	
483.05	7922.9	
483.25	7308.5	
483.45	8945.5	
483.65	6358.9	
483.85	7466.9	
484.05	7824.6	
484.25	6769.2	
484.45	7316	
484.65	8762.6	
484.84	8686.1	
485.04	6315.9	
485.24	6285.9	
485.44	8995.4	
485.64	7249.8	
485.84	5554.8	
486.04	7047.7	
486.24	7676.5	
486.44	8037.6	
486.63	5560.9	
486.83	6263.4	
487.03	7550.2	
487.23	7781.6	
487.43	5591	
487.63	8032.8	
487.83	7770	
488.02	8895.7	
488.22	6705	
488.42	7275.8	
488.62	8641.7	
488.82	7546.8	
489.02	6219.7	
489.22	6311.8	
489.41	8482	
489.61	8138.6	
489.81	6051.7	
490.01	6062	
490.21	8567.3	
490.41	9159.9	
490.61	5930.2	
490.8	6128.2	
491	7950.9	
491.2	7220.5	
491.4	6719.4	
491.6	5857.9	
491.8	8011.7	
491.99	8066.9	
492.19	5717.2	
492.39	6122.1	
492.59	8518.2	
492.79	8600.1	
492.99	6969.2	
493.18	6056.5	
493.38	8559.8	
493.58	9333.3	
493.78	6739.2	
493.98	6418.3	
494.18	8273.1	
494.37	7723.6	
494.57	6967.2	
494.77	6916	
494.97	8364.6	
495.17	8813.8	
495.37	6339.1	
495.56	6754.9	
495.76	8865	
495.96	8477.9	
496.16	7552.9	
496.36	6567.8	
496.55	8691.6	
496.75	8236.2	
496.95	6891.4	
497.15	6811.5	
497.35	8710.7	
497.54	8647.2	
497.74	6569.9	
497.94	8402.1	
498.14	9331.9	
498.34	9220	
498.53	6283.9	
498.73	7073	
498.93	8006.9	
499.13	8584.4	
499.33	6867.5	
499.52	7448.5	
499.72	8556.4	
499.92	8991.3	
500.12	6465.4	
500.32	6836.1	
500.51	8852.7	
500.71	8584.4	
500.91	7651.2	
501.11	7140.6	
501.31	8775.5	
501.5	9201.5	
501.7	7871	
501.9	6789	
502.1	8531.2	
502.29	8954.4	
502.49	7254.6	
502.69	7598	
502.89	8781	
503.09	8764.6	
503.28	6277	
503.48	6416.3	
503.68	7937.9	
503.88	7972.1	
504.07	7398.6	
504.27	6872.3	
504.47	8345.5	
504.67	8503.2	
504.86	7335.1	
505.06	6984.3	
505.26	8038.3	
505.46	9871.2	
505.65	6804.7	
505.85	7087.3	
506.05	7964.6	
506.25	8331.8	
506.44	6184.9	
506.64	7127.6	
506.84	7830.1	
507.04	8816.5	
507.23	6390.3	
507.43	6958.3	
507.63	9867.8	
507.83	8098.4	
508.02	6904.4	
508.22	6541.9	
508.42	10122	
508.62	7823.9	
508.81	6721.4	
509.01	7347.4	
509.21	7735.9	
509.4	7875.8	
509.6	6980.2	
509.8	6369.9	
510	7916.8	
510.19	9443.9	
510.39	6393.8	
510.59	6363.7	
510.79	7770	
510.98	9138.7	
511.18	6418.3	
511.38	6523.5	
511.57	8591.9	
511.77	8441	
511.97	7287.4	
512.17	6189	
512.36	8549.6	
512.56	8544.8	
512.76	6323.4	
512.95	5997.1	
513.15	8697	
513.35	7309.9	
513.55	7225.2	
513.74	6333.7	
513.94	8779	
514.14	8064.2	
514.33	7331	
514.53	7189.7	
514.73	8039	
514.92	8205.5	
515.12	6477.7	
515.32	6374.6	
515.51	8273.8	
515.71	8843.8	
515.91	8217.1	
516.11	6468.2	
516.3	10031	
516.5	7903.8	
516.7	6933.1	
516.89	7585	
517.09	8062.9	
517.29	7902.4	
517.48	7258	
517.68	6692.8	
517.88	7778.2	
518.07	8355	
518.27	7200	
518.47	6262	
518.66	8959.2	
518.86	7526.3	
519.06	6104.3	
519.25	6554.2	
519.45	7884	
519.65	9407	
519.84	7161.7	
520.04	7791.8	
520.24	9708.1	
520.43	8497.7	
520.63	6808.8	
520.83	6561	
521.02	7714.7	
521.22	8548.2	
521.42	7112.6	
521.61	7698.3	
521.81	7959.1	
522.01	8226.7	
522.2	7040.2	
522.4	6767.2	
522.6	8649.3	
522.79	7491.5	
522.99	6797.2	
523.18	6122.7	
523.38	8388.5	
523.58	8386.4	
523.77	8120.9	
523.97	6115.2	
524.17	10241	
524.36	9239.8	
524.56	7407.5	
524.76	7137.2	
524.95	8362.5	
525.15	7983	
525.34	6861.4	
525.54	6798.6	
525.74	8613.8	
525.93	7649.8	
526.13	8059.4	
526.33	6714.6	
526.52	9080.7	
526.72	8536.6	
526.91	8008.9	
527.11	7280.5	
527.31	9118.9	
527.5	9419.3	
527.7	7129	
527.89	6199.2	
528.09	7918.8	
528.29	8511.4	
528.48	7559.1	
528.68	7309.2	
528.87	8919.6	
529.07	8879.3	
529.27	7089.4	
529.46	6493.4	
529.66	8405.5	
529.85	8897.7	
530.05	6402	
530.25	7201.3	
530.44	9932.6	
530.64	8498.4	
530.83	6920.1	
531.03	7102.4	
531.23	8873.8	
531.42	8851.3	
531.62	7909.9	
531.81	7098.3	
532.01	9079.3	
532.21	9536.7	
532.4	6813.6	
532.6	7230.7	
532.79	9844.6	
532.99	8971.5	
533.18	7192.5	
533.38	8266.3	
533.58	8501.1	
533.77	9346.2	
533.97	7129	
534.16	7913.4	
534.36	9510.8	
534.55	8594	
534.75	8342.7	
534.95	7203.4	
535.14	9315.5	
535.34	8621.3	
535.53	6874.3	
535.73	8789.9	
535.92	9907.4	
536.12	8736	
536.31	6954.9	
536.51	8176.9	
536.71	9125.7	
536.9	8659.5	
537.1	7126.2	
537.29	7325.6	
537.49	9457.5	
537.68	8576.9	
537.88	7739.3	
538.07	6868.9	
538.27	8665.6	
538.46	9786.6	
538.66	6744.6	
538.86	7139.2	
539.05	8792.6	
539.25	9209	
539.44	7454.6	
539.64	6994.5	
539.83	8658.8	
540.03	9544.9	
540.22	7025.9	
540.42	7092.1	
540.61	8923	
540.81	8975.6	
541	7524.2	
541.2	8210.3	
541.39	8404.2	
541.59	8835.6	
541.78	7866.9	
541.98	6928.3	
542.18	8056	
542.37	7968	
542.57	7288	
542.76	7803.4	
542.96	8082.6	
543.15	8899.8	
543.35	7298.3	
543.54	6601.3	
543.74	9140.1	
543.93	8657.4	
544.13	7281.2	
544.32	8443.8	
544.52	9022	
544.71	8213.7	
544.91	6317.3	
545.1	7669	
545.3	8146.8	
545.49	8944.2	
545.69	6322.8	
545.88	6962.4	
546.08	9866.4	
546.27	9471.2	
546.47	7475.8	
546.66	6677.7	
546.86	9171.5	
547.05	9800.2	
547.24	7040.2	
547.44	6772.6	
547.63	8094.3	
547.83	9253.4	
548.02	7239.6	
548.22	7388.4	
548.41	7883.3	
548.61	9325.8	
548.8	6738.5	
549	6777.4	
549.19	8514.8	
549.39	8875.9	
549.58	6455.9	
549.78	6976.7	
549.97	8962.6	
550.17	8518.9	
550.36	7914.7	
550.55	8936.7	
550.75	8465.6	
550.94	9434.3	
551.14	6637.5	
551.33	7150.1	
551.53	7826.7	
551.72	8811.7	
551.92	7182.2	
552.11	6898.2	
552.31	8912.1	
552.5	8974.2	
552.69	8584.4	
552.89	6609.5	
553.08	8924.4	
553.28	8484.7	
553.47	6972.7	
553.67	8092.2	
553.86	9547.6	
554.06	7767.9	
554.25	6091.3	
554.44	6677.7	
554.64	10317	
554.83	9783.8	
555.03	6693.4	
555.22	7081.9	
555.42	8951	
555.61	8764.6	
555.8	6970.6	
556	7182.2	
556.19	7896.3	
556.39	9160.6	
556.58	6919.4	
556.78	6841.6	
556.97	8615.1	
557.16	8286.1	
557.36	8120.2	
557.55	6544.6	
557.75	7589.8	
557.94	9366.7	
558.13	6679.1	
558.33	6357.6	
558.52	9135.3	
558.72	7996.6	
558.91	6517.3	
559.1	6800.6	
559.3	7724.9	
559.49	7468.3	
559.69	6096.8	
559.88	7185	
560.07	8586.5	
560.27	9013.8	
560.46	7331.7	
560.66	7454.6	
560.85	8414.4	
561.04	7542	
561.24	6507.1	
561.43	6795.8	
561.63	7783	
561.82	8105.9	
562.01	8021.2	
562.21	7008.8	
562.4	8630.1	
562.59	9594.7	
562.79	6944	
562.98	6535.8	
563.18	8561.2	
563.37	9941.5	
563.56	7313.3	
563.76	6334.4	
563.95	7896.3	
564.14	7806.2	
564.34	6818.4	
564.53	6561.7	
564.73	8424.7	
564.92	8806.9	
565.11	6996.5	
565.31	6274.3	
565.5	9062.3	
565.69	7965.2	
565.89	6570.6	
566.08	6882.5	
566.27	8876.6	
566.47	9276.6	
566.66	7416.4	
566.85	6000.5	
567.05	8393.3	
567.24	7838.9	
567.44	6464.1	
567.63	7929.7	
567.82	8694.3	
568.02	8382.3	
568.21	6376	
568.4	6823.1	
568.6	8198.7	
568.79	8253.3	
568.98	6253.1	
569.18	6339.1	
569.37	8110	
569.56	10222	
569.76	6700.3	
569.95	7656.7	
570.14	8590.5	
570.34	8382.3	
570.53	6081.8	
570.72	6096.8	
570.91	8871.1	
571.11	7972.1	
571.3	6602	
571.49	7554.3	
571.69	8054.7	
571.88	7642.3	
572.07	7193.1	
572.27	7161.7	
572.46	7681.9	
572.65	8731.9	
572.85	6337.8	
573.04	6838.9	
573.23	8956.4	
573.43	8137.9	
573.62	6101.6	
573.81	6770.6	
574	8155	
574.2	8035.5	
574.39	6451.1	
574.58	6606.7	
574.78	8910.7	
574.97	8231.5	
575.16	6875.7	
575.36	7083.9	
575.55	8658.1	
575.74	8778.3	
575.93	6047	
576.13	7176.8	
576.32	7993.9	
576.51	8583	
576.71	6471.6	
576.9	7921.5	
577.09	8940.7	
577.28	8427.4	
577.48	6962.4	
577.67	5945.3	
577.86	8086.1	
578.05	8365.3	
578.25	6684.6	
578.44	6764.4	
578.63	8193.9	
578.83	9413.1	
579.02	6016.9	
579.21	7630	
579.4	8438.3	
579.6	7964.6	
579.79	6879.1	
579.98	9058.8	
580.17	8712.1	
580.37	8845.2	
580.56	6300.9	
580.75	7058	
580.94	9339.4	
581.14	9128.5	
581.33	7519.5	
581.52	6466.1	
581.71	8589.2	
581.91	9356.5	
582.1	6134.3	
582.29	6760.3	
582.48	8312.7	
582.68	8221.2	
582.87	7324.2	
583.06	6873	
583.25	8576.2	
583.45	7945.4	
583.64	7586.4	
583.83	8335.9	
584.02	8123.6	
584.21	8664.3	
584.41	7601.4	
584.6	6792.4	
584.79	8211.7	
584.98	9036.3	
585.18	6267.5	
585.37	6294.1	
585.56	7818.5	
585.75	8631.5	
585.94	6510.5	
586.14	7117.4	
586.33	9288.2	
586.52	8213	
586.71	6862.7	
586.91	6783.6	
587.1	7652.6	
587.29	8727.8	
587.48	6615.6	
587.67	6451.8	
587.87	8588.5	
588.06	8544.1	
588.25	7780.9	
588.44	6993.8	
588.63	7997.3	
588.83	8611.7	
589.02	6365.1	
589.21	6121.4	
589.4	7718.1	
589.59	7384.3	
589.78	5419.6	
589.98	5713.8	
590.17	7217.7	
590.36	7793.2	
590.55	5020.3	
590.74	6062	
590.94	9168.8	
591.13	7625.3	
591.32	5758.9	
591.51	5362.9	
591.7	8137.3	
591.89	7480.5	
592.09	5450.3	
592.28	5860.6	
592.47	6786.3	
592.66	8764.6	
592.85	5444.2	
593.05	5719.3	
593.24	7462.8	
593.43	8289.5	
593.62	5772.5	
593.81	6264.7	
594	7498.3	
594.19	7758.4	
594.39	5685.2	
594.58	5586.9	
594.77	7858.1	
594.96	8374.8	
595.15	5578.7	
595.34	6217	
595.54	7877.9	
595.73	7011.6	
595.92	4982.7	
596.11	6205.3	
596.3	8476.5	
596.49	7055.3	
596.68	6040.1	
596.88	6465.4	
597.07	8283.4	
597.26	6986.3	
597.45	5539.8	
597.64	6693.4	
597.83	7285.3	
598.02	7834.2	
598.22	5574.6	
598.41	6373.3	
598.6	7696.3	
598.79	7235.5	
598.98	5685.8	
599.17	6631.3	
599.36	7787.1	
599.55	9069.8	
599.74	7819.8	
599.94	7556.3	
600.13	8389.8	
600.32	7238.9	
600.51	5515.2	
600.7	5633.3	
600.89	9050	
601.08	9030.9	
601.27	5511.1	
601.47	6483.9	
601.66	8324.3	
601.85	9039.7	
602.04	6196.5	
602.23	6430.6	
602.42	7479.2	
602.61	8096.3	
602.8	6202.6	
602.99	5917.9	
603.18	7798	
603.37	8107.2	
603.57	6589	
603.76	7146	
603.95	8858.8	
604.14	8371.4	
604.33	6031.3	
604.52	6344.6	
604.71	8097	
604.9	7618.4	
605.09	6925.5	
605.28	6888.7	
605.47	8537.3	
605.66	8282.7	
605.86	6619	
606.05	6066.1	
606.24	8675.9	
606.43	7167.2	
606.62	6376	
606.81	7122.8	
607	8420.6	
607.19	7758.4	
607.38	5754.1	
607.57	6118	
607.76	7632.1	
607.95	7062.8	
608.14	6457.2	
608.33	7062.8	
608.52	7564.5	
608.72	8484.1	
608.91	5691.3	
609.1	5614.2	
609.29	7709.9	
609.48	7221.8	
609.67	6629.3	
609.86	5727.5	
610.05	7221.1	
610.24	7695.6	
610.43	5502.9	
610.62	5202.5	
610.81	8799.4	
611	8532.5	
611.19	5662.6	
611.38	6488.6	
611.57	7871	
611.76	9266.4	
611.95	5501.5	
612.14	5388.2	
612.33	7748.1	
612.52	7250.5	
612.71	6029.9	
612.9	5227.1	
613.09	6892.1	
613.28	9228.1	
613.47	5767.1	
613.66	6774	
613.85	7861.5	
614.04	7329	
614.24	5836	
614.43	5070.8	
614.62	7954.3	
614.81	7956.4	
615	6449.7	
615.19	6427.2	
615.38	7216.4	
615.57	7551.5	
615.76	6260	
615.95	7271.7	
616.14	7987.1	
616.33	7623.2	
616.52	6666.8	
616.71	6864.8	
616.9	7958.4	
617.09	7826.7	
617.28	5905.7	
617.47	7268.9	
617.66	6950.1	
617.85	7068.9	
618.04	6912.6	
618.22	6285.9	
618.41	7380.9	
618.6	8310.7	
618.79	6202.6	
618.98	5841.5	
619.17	8563.2	
619.36	6868.2	
619.55	6010.1	
619.74	6053.8	
619.93	7867.6	
620.12	7228.6	
620.31	6563.7	
620.5	6733.7	
620.69	8791.9	
620.88	8773.5	
621.07	7464.8	
621.26	6465.4	
621.45	8026	
621.64	7925	
621.83	6595.8	
622.02	5744.6	
622.21	7982.3	
622.4	7658	
622.59	7073.7	
622.78	6874.3	
622.97	7350.8	
623.16	8310	
623.35	6474.3	
623.54	5558.9	
623.72	7461.4	
623.91	7721.5	
624.1	6695.5	
624.29	5369.1	
624.48	8816.5	
624.67	8031.5	
624.86	6561.7	
625.05	5627.1	
625.24	8837.7	
625.43	7212.9	
625.62	8256.7	
625.81	5732.9	
626	8335.2	
626.19	7449.1	
626.38	6503.7	
626.56	6017.6	
626.75	7148.8	
626.94	8022.6	
627.13	6429.3	
627.32	5223	
627.51	7838.9	
627.7	9315.5	
627.89	5348.6	
628.08	6483.9	
628.27	7038.2	
628.46	7299	
628.65	5672.2	
628.83	5296	
629.02	7845.1	
629.21	7148.1	
629.4	6085.2	
629.59	6331.6	
629.78	7144.7	
629.97	8152.3	
630.16	6350.8	
630.35	5827.8	
630.54	8495.7	
630.72	8258.8	
630.91	5842.2	
631.1	6382.2	
631.29	7652.6	
631.48	7841.7	
631.67	6506.4	
631.86	5930.2	
632.05	7272.3	
632.24	7362.4	
632.42	5572.5	
632.61	6287.3	
632.8	7391.8	
632.99	7090.8	
633.18	6166.4	
633.37	6709.8	
633.56	7756.3	
633.75	7557.7	
633.93	6132.3	
634.12	5893.4	
634.31	8611	
634.5	8127.7	
634.69	5890.6	
634.88	6434.7	
635.07	7493.5	
635.25	8123.6	
635.44	6953.5	
635.63	7107.1	
635.82	7393.2	
636.01	6930.3	
636.2	6814.3	
636.39	6434	
636.57	8632.9	
636.76	8295	
636.95	5802.6	
637.14	7227.3	
637.33	7865.6	
637.52	8793.3	
637.7	5578	
637.89	6526.2	
638.08	7398.6	
638.27	8996	
638.46	6585.6	
638.65	7034.8	
638.83	8964	
639.02	7264.1	
639.21	6531.7	
639.4	7030	
639.59	7808.2	
639.78	7313.3	
639.96	5842.2	
640.15	5920.7	
640.34	7645.7	
640.53	7785	
640.72	5553.4	
640.91	5903.6	
641.09	7066.2	
641.28	8441	
641.47	5862	
641.66	6685.9	
641.85	7744.1	
642.03	8039	
642.22	6554.2	
642.41	6012.8	
642.6	7190.4	
642.79	6547.4	
642.97	5739.8	
643.16	6498.2	
643.35	7135.1	
643.54	6894.1	
643.73	5649.7	
643.91	6422.4	
644.1	6748.1	
644.29	7387	
644.48	5691.3	
644.67	5724.1	
644.85	6946.7	
645.04	7277.1	
645.23	5248.9	
645.42	5530.9	
645.6	6754.9	
645.79	7921.5	
645.98	5446.2	
646.17	4489.1	
646.36	6450.4	
646.54	7185	
646.73	6365.1	
646.92	5068	
647.11	6718.7	
647.29	7813.7	
647.48	5244.2	
647.67	4932.9	
647.86	8075.8	
648.05	8125	
648.23	5598.5	
648.42	7032.7	
648.61	7450.5	
648.8	7188.4	
648.98	5265.3	
649.17	5591	
649.36	6795.8	
649.55	6256.5	
649.73	5281	
649.92	6057.2	
650.11	6659.3	
650.3	6918.7	
650.48	5326.8	
650.67	5258.5	
650.86	7324.9	
651.05	6212.9	
651.23	5358.9	
651.42	5321.3	
651.61	6806.8	
651.79	6967.9	
651.98	5622.4	
652.17	5248.3	
652.36	7299	
652.54	6372.6	
652.73	5231.2	
652.92	5130.8	
653.11	7317.4	
653.29	7294.2	
653.48	4560.1	
653.67	5568.4	
653.85	7033.4	
654.04	8083.3	
654.23	5785.5	
654.42	5330.2	
654.6	6586.3	
654.79	7253.9	
654.98	4761.5	
655.16	5382.7	
655.35	6227.9	
655.54	6130.9	
655.73	4953.4	
655.91	4947.9	
656.1	7477.1	
656.29	6154.1	
656.47	4475.5	
656.66	6190.3	
656.85	6477.7	
657.03	6535.1	
657.22	4956.1	
657.41	5150	
657.59	6590.4	
657.78	6379.4	
657.97	4733.5	
658.16	5493.3	
658.34	7236.8	
658.53	7728.4	
658.72	6416.3	
658.9	6995.9	
659.09	6687.3	
659.28	6821.1	
659.46	5205.3	
659.65	5194.3	
659.84	6501.6	
660.02	7116.7	
660.21	5006.6	
660.4	5046.9	
660.58	7477.8	
660.77	6898.2	
660.96	5588.2	
661.14	4681.7	
661.33	8065.6	
661.52	7884	
661.7	4670.1	
661.89	8376.9	
662.08	6429.9	
662.26	5981.4	
662.45	4911	
662.64	5087.2	
662.82	7125.6	
663.01	6373.3	
663.2	5140.4	
663.38	5848.3	
663.57	7068.2	
663.75	6926.9	
663.94	5426.4	
664.13	6767.9	
664.31	6430.6	
664.5	7157	
664.69	5683.8	
664.87	6220.4	
665.06	6157.6	
665.25	6989.7	
665.43	6536.4	
665.62	6583.5	
665.8	7240.9	
665.99	6584.2	
666.18	5442.1	
666.36	5524.1	
666.55	7266.2	
666.74	7150.1	
666.92	5046.2	
667.11	6711.2	
667.29	6579.4	
667.48	7208.2	
667.67	6300.2	
667.85	5413.5	
668.04	6577.4	
668.22	6623.1	
668.41	5520.6	
668.6	5659.2	
668.78	6442.2	
668.97	6646.3	
669.15	5907.7	
669.34	4832.5	
669.53	6449.7	
669.71	6778.8	
669.9	5012.1	
670.08	5637.4	
670.27	6386.2	
670.46	6999.3	
670.64	5908.4	
670.83	6109.8	
671.01	6268.8	
671.2	6932.4	
671.38	5115.1	
671.57	4891.9	
671.76	7534.5	
671.94	8219.2	
672.13	4885.8	
672.31	6016.2	
672.5	7079.8	
672.69	6396.5	
672.87	5073.5	
673.06	5352	
673.24	6945.3	
673.43	6488.6	
673.61	5905	
673.8	5322	
673.98	7218.4	
674.17	7326.3	
674.36	5971.9	
674.54	5832.6	
674.73	6894.8	
674.91	7154.9	
675.1	5502.2	
675.28	5143.8	
675.47	6701.6	
675.65	7241.6	
675.84	5329.5	
676.03	5652.4	
676.21	6437.4	
676.4	5939.1	
676.58	6195.8	
676.77	5905	
676.95	7879.9	
677.14	6373.3	
677.32	5091.3	
677.51	4769	
677.69	7195.9	
677.88	6033.3	
678.06	4900.1	
678.25	4967.7	
678.44	6694.8	
678.62	6427.2	
678.81	4704.9	
678.99	5704.3	
679.18	7556.3	
679.36	7036.1	
679.55	5215.5	
679.73	5972.6	
679.92	7011.6	
680.1	6464.1	
680.29	6571.9	
680.47	5325.4	
680.66	6389.7	
680.84	7185	
681.03	4564.2	
681.21	5629.9	
681.4	6477	
681.58	6229.9	
681.77	5028.4	
681.95	4997.7	
682.14	7318.1	
682.32	7526.3	
682.51	5961	
682.69	4744.5	
682.88	6306.4	
683.06	6989	
683.25	5644.9	
683.43	6036	
683.62	6584.2	
683.8	6957.6	
683.99	6107	
684.17	5403.9	
684.36	7797.3	
684.54	6398.5	
684.73	4571.1	
684.91	4792.9	
685.1	6750.1	
685.28	6152.8	
685.46	5307	
685.65	5457.8	
685.83	7076.4	
686.02	6383.5	
686.2	4919.9	
686.39	5038.7	
686.57	6129.6	
686.76	7699	
686.94	4843.4	
687.13	5042.8	
687.31	6879.1	
687.5	6386.2	
687.68	4392.2	
687.86	5743.2	
688.05	7931.1	
688.23	5816.9	
688.42	5795.8	
688.6	4894	
688.79	6356.2	
688.97	6234	
689.16	5360.9	
689.34	4228.4	
689.52	6985.6	
689.71	7126.9	
689.89	5605.3	
690.08	4853.7	
690.26	6461.3	
690.45	6291.4	
690.63	5745.9	
690.81	4932.2	
691	6171.9	
691.18	6027.9	
691.37	5120.6	
691.55	7299.6	
691.74	5976	
691.92	8106.5	
692.1	5156.1	
692.29	4578.6	
692.47	6249	
692.66	5527.5	
692.84	4732.9	
693.02	5456.5	
693.21	5685.8	
693.39	6157.6	
693.58	5498.8	
693.76	4861.2	
693.94	7499.7	
694.13	7206.8	
694.31	4843.4	
694.5	6007.4	
694.68	6094.1	
694.86	6429.9	
695.05	5185.5	
695.23	5638.1	
695.42	6867.5	
695.6	9231.6	
695.78	5866.7	
695.97	4857.1	
696.15	6778.1	
696.34	6198.5	
696.52	4655.7	
696.7	5486.5	
696.89	6514.6	
697.07	6027.2	
697.25	5415.5	
697.44	7092.8	
697.62	6543.3	
697.81	6849.8	
697.99	5156.8	
698.17	5547.3	
698.36	5807.4	
698.54	6530.3	
698.72	5435.3	
698.91	4412	
699.09	6139.1	
699.28	5958.9	
699.46	5125.4	
699.64	4906.3	
699.83	5916.6	
700.01	7305.8	
700.19	5876.3	
700.38	4222.9	
700.56	7243.7	
700.74	6085.9	
700.93	4615.4	
701.11	5511.1	
701.29	6712.6	
701.48	7763.2	
701.66	4865.3	
701.84	4901.5	
702.03	6114.6	
702.21	6850.5	
702.39	4426.3	
702.58	5021.6	
702.76	6574	
702.94	6679.1	
703.13	4518.5	
703.31	6995.2	
703.49	5915.2	
703.68	6829.3	
703.86	4629.8	
704.04	5656.5	
704.23	6393.1	
704.41	6859.3	
704.59	4803.9	
704.78	6066.8	
704.96	7550.9	
705.14	6997.9	
705.33	4595.6	
705.51	5539.8	
705.69	6246.3	
705.87	7027.9	
706.06	5767.8	
706.24	4631.1	
706.42	6607.4	
706.61	6887.3	
706.79	5804.6	
706.97	4558.1	
707.16	5987.6	
707.34	6715.3	
707.52	5785.5	
707.7	4817.5	
707.89	6313.2	
708.07	5928.2	
708.25	5735	
708.44	5866.7	
708.62	6126.2	
708.8	7446.4	
708.98	6020.3	
709.17	5005.2	
709.35	6599.9	
709.53	6665.5	
709.72	4624.3	
709.9	4802.5	
710.08	6896.2	
710.26	6896.2	
710.45	6307.1	
710.63	4971.8	
710.81	6529.6	
710.99	6589	
711.18	5667.4	
711.36	5164.3	
711.54	6279.1	
711.72	7113.3	
711.91	5269.4	
712.09	4613.4	
712.27	6462.7	
712.45	7165.2	
712.64	5544.5	
712.82	4362.9	
713	5914.5	
713.18	6096.1	
713.37	4450.9	
713.55	5695.4	
713.73	6946	
713.91	5479.7	
714.1	4852.3	
714.28	4368.3	
714.46	6625.2	
714.64	5790.3	
714.83	3842.7	
715.01	4695.3	
715.19	5941.2	
715.37	5372.5	
715.55	4483	
715.74	4795	
715.92	6922.8	
716.1	4857.8	
716.28	5925.5	
716.47	4986.8	
716.65	5602.6	
716.83	5729.5	
717.01	4744.5	
717.19	4919.9	
717.38	7923.6	
717.56	5463.3	
717.74	5081	
717.92	4250.9	
718.1	6722.8	
718.29	5889.3	
718.47	3830.4	
718.65	4526.7	
718.83	6526.2	
719.01	6462.7	
719.2	3620.8	
719.38	4766.3	
719.56	6179.4	
719.74	7785	
719.92	4241.3	
720.11	5431.9	
720.29	6224.5	
720.47	5256.5	
720.65	3876.8	
720.83	4822.3	
721.02	5687.2	
721.2	5365.7	
721.38	4893.3	
721.56	4163.5	
721.74	4923.3	
721.92	5199.8	
722.11	5444.9	
722.29	5124.7	
722.47	6515.3	
722.65	5594.4	
722.83	4205.2	
723.01	5139.7	
723.2	5757.5	
723.38	5969.1	
723.56	3555.3	
723.74	4791.6	
723.92	5195	
724.1	6384.9	
724.29	4102.1	
724.47	5265.3	
724.65	5274.9	
724.83	5221	
725.01	4047.5	
725.19	4943.1	
725.37	5328.8	
725.56	5304.2	
725.74	3814.7	
725.92	4189.5	
726.1	5155.4	
726.28	5585.5	
726.46	4545.8	
726.64	4307.6	
726.83	5448.3	
727.01	5828.5	
727.19	3870	
727.37	4716.5	
727.55	5602.6	
727.73	6174.6	
727.91	3818.8	
728.09	3721.2	
728.28	6242.9	
728.46	6937.8	
728.64	4953.4	
728.82	4857.8	
729	7352.2	
729.18	6554.2	
729.36	3996.3	
729.54	6462	
729.72	7669	
729.91	5930.9	
730.09	6064	
730.27	4747.9	
730.45	5798.5	
730.63	6510.5	
730.81	5388.9	
730.99	4397	
731.17	6989.7	
731.35	5467.4	
731.53	4968.4	
731.71	4482.3	
731.9	6695.5	
732.08	6884.6	
732.26	4823	
732.44	4452.3	
732.62	6972	
732.8	6382.2	
732.98	5305.6	
733.16	4202.4	
733.34	6389	
733.52	5223.7	
733.7	4788.8	
733.88	5145.2	
734.07	6301.6	
734.25	6079.1	
734.43	4255.7	
734.61	5935.7	
734.79	7597.3	
734.97	5907	
735.15	4448.2	
735.33	4806.6	
735.51	6365.1	
735.69	5966.4	
735.87	6056.5	
736.05	5071.5	
736.23	6148.7	
736.41	5965.7	
736.59	4901.5	
736.77	5003.9	
736.95	6680.5	
737.13	6042.2	
737.32	4578.6	
737.5	4800.4	
737.68	7297.6	
737.86	6001.9	
738.04	4295.3	
738.22	6352.8	
738.4	5902.9	
738.58	6147.3	
738.76	5041.4	
738.94	3982.6	
739.12	5958.9	
739.3	5819.6	
739.48	5760.3	
739.66	5427.1	
739.84	6292.7	
740.02	6280.4	
740.2	4104.8	
740.38	4501.4	
740.56	6615.6	
740.74	5478.3	
740.92	5150	
741.1	5136.3	
741.28	6111.8	
741.46	5934.3	
741.64	4695.3	
741.82	5257.1	
742	6027.9	
742.18	6083.1	
742.36	4955.4	
742.54	4526.7	
742.72	6711.2	
742.9	5354.1	
743.08	5343.2	
743.26	4169	
743.44	7023.2	
743.62	6759.7	
743.8	5539.1	
743.98	4557.4	
744.16	6495.5	
744.34	6229.2	
744.52	5485.8	
744.7	5382.1	
744.88	6646.3	
745.06	6163.7	
745.24	5559.6	
745.42	5626.5	
745.6	6738.5	
745.78	6454.5	
745.96	4392.2	
746.14	4648.2	
746.32	7569.3	
746.5	6834.1	
746.68	5308.3	
746.86	4696.7	
747.03	7217.7	
747.21	5454.4	
747.39	5227.1	
747.57	4726	
747.75	6318.7	
747.93	6791.1	
748.11	4642.7	
748.29	4635.2	
748.47	8017.1	
748.65	6105.7	
748.83	5447.6	
749.01	5171.1	
749.19	6638.8	
749.37	5798.5	
749.55	5036.6	
749.73	5102.9	
749.91	6313.9	
750.09	5953.4	
750.26	5186.1	
750.44	4545.8	
750.62	6365.8	
750.8	6274.3	
750.98	4369	
751.16	4806.6	
751.34	6365.8	
751.52	5645.6	
751.7	5589.6	
751.88	4366.3	
752.06	6911.2	
752.24	6614.9	
752.42	4343.7	
752.59	4677.6	
752.77	6206	
752.95	7542.7	
753.13	5506.3	
753.31	4872.1	
753.49	5892	
753.67	6450.4	
753.85	5200.5	
754.03	4696.7	
754.21	6709.8	
754.38	7144	
754.56	4918.5	
754.74	3878.9	
754.92	5859.9	
755.1	6637.5	
755.28	3905.5	
755.46	3930.7	
755.64	7393.2	
755.82	7396.6	
755.99	4166.3	
756.17	4385.4	
756.35	4809.3	
756.53	6537.8	
756.71	3149.1	
756.89	4127.3	
757.07	6082.5	
757.25	5140.4	
757.42	4724	
757.6	5666.7	
757.78	6138.4	
757.96	5104.2	
758.14	4461.2	
758.32	3852.9	
758.5	4571.7	
758.67	5468.8	
758.85	4158.1	
759.03	4335.5	
759.21	5686.5	
759.39	5102.9	
759.57	3778.5	
759.75	4891.2	
759.92	6365.1	
760.1	5541.8	
760.28	5337	
760.46	5567.1	
760.64	5367.7	
760.82	5125.4	
760.99	5253	
761.17	4316.4	
761.35	6211.5	
761.53	5145.9	
761.71	4430.4	
761.89	5201.2	
762.06	6163	
762.24	5627.8	
762.42	4545.8	
762.6	4376.5	
762.78	5643.5	
762.96	6395.1	
763.13	4992.9	
763.31	4681.7	
763.49	6546	
763.67	5687.2	
763.85	5517.2	
764.02	6173.9	
764.2	6787.7	
764.38	5937.7	
764.56	4567	
764.74	5493.3	
764.91	6905.1	
765.09	5778	
765.27	4255.7	
765.45	4066.6	
765.63	7007.5	
765.8	6893.5	
765.98	3802.4	
766.16	4117.1	
766.34	5362.9	
766.52	5129.5	
766.69	5124.7	
766.87	4031.1	
767.05	5799.8	
767.23	6567.8	
767.41	4340.3	
767.58	4584	
767.76	6393.1	
767.94	6507.8	
768.12	4465.3	
768.29	5307.7	
768.47	5939.1	
768.65	6690	
768.83	4027	
769	5209.3	
769.18	5422.3	
769.36	6223.1	
769.54	5061.9	
769.72	4040.6	
769.89	6498.9	
770.07	6664.1	
770.25	4410	
770.43	5825.1	
770.6	7365.9	
770.78	7656	
770.96	4631.8	
771.14	5323.4	
771.31	6453.8	
771.49	5732.3	
771.67	3786	
771.85	4023.6	
772.02	4986.8	
772.2	5773.2	
772.38	4826.4	
772.55	4248.9	
772.73	5963	
772.91	5832.6	
773.09	4666	
773.26	4707.6	
773.44	5876.3	
773.62	5599.1	
773.8	4160.1	
773.97	3853.6	
774.15	6061.3	
774.33	5683.1	
774.5	4044.7	
774.68	4459.1	
774.86	6245.6	
775.04	5611.4	
775.21	4145.8	
775.39	4097.3	
775.57	5920	
775.74	6412.9	
775.92	4055.7	
776.1	3863.2	
776.27	5917.9	
776.45	7133.8	
776.63	4113.7	
776.81	3652.2	
776.98	5539.8	
777.16	6782.9	
777.34	4241.3	
777.51	4222.9	
777.69	5494	
777.87	5338.4	
778.04	4315.8	
778.22	4964.3	
778.4	5277.6	
778.57	6008.7	
778.75	3525.9	
778.93	3869.3	
779.1	5147.9	
779.28	4951.3	
779.46	3567.6	
779.64	4088.4	
779.81	6181.5	
779.99	7092.8	
780.17	4891.2	
780.34	5094.7	
780.52	5591	
780.69	5818.3	
780.87	4394.9	
781.05	3945.8	
781.22	5661.3	
781.4	5743.9	
781.58	4092.5	
781.75	3194.8	
781.93	5668.1	
782.11	5023	
782.28	5031.9	
782.46	4071.4	
782.64	4951.3	
782.81	5933.6	
782.99	4199.7	
783.17	4141	
783.34	5791.7	
783.52	4946.5	
783.69	4374.5	
783.87	5240.8	
784.05	4931.5	
784.22	5055.1	
784.4	5147.2	
784.58	4437.3	
784.75	5942.5	
784.93	5061.9	
785.1	4042	
785.28	4759.5	
785.46	5705.6	
785.63	5039.4	
785.81	4071.4	
785.99	3888.4	
786.16	5272.2	
786.34	5646.9	
786.51	3949.2	
786.69	4399.7	
786.87	4816.8	
787.04	5356.1	
787.22	3783.3	
787.39	4731.5	
787.57	4995	
787.75	6227.2	
787.92	5007.3	
788.1	4861.2	
788.27	5076.9	
788.45	4810	
788.63	4624.3	
788.8	3267.2	
788.98	5638.1	
789.15	4831.8	
789.33	3409.9	
789.5	4149.9	
789.68	6021.7	
789.86	6150.7	
790.03	4586.1	
790.21	3967.6	
790.38	5982.8	
790.56	5264.6	
790.73	3839.3	
790.91	3880.2	
791.09	5053.7	
791.26	5892.7	
791.44	4014.7	
791.61	3465.2	
791.79	5089.2	
791.96	5143.1	
792.14	3640.6	
792.32	3120.4	
792.49	5038.7	
792.67	5212.1	
792.84	3721.8	
793.02	3485.6	
793.19	5520.6	
793.37	6271.6	
793.54	3176.4	
793.72	3558	
793.89	6473.6	
794.07	5090.6	
794.25	4192.2	
794.42	3277.4	
794.6	6139.1	
794.77	5825.8	
794.95	4434.5	
795.12	3866.6	
795.3	5117.2	
795.47	5695.4	
795.65	4298	
795.82	4106.2	
796	4897.4	
796.17	6862.1	
796.35	3954.6	
796.52	4785.4	
796.7	5602.6	
796.87	5774.6	
797.05	4873.5	
797.22	4925.4	
797.4	5696.1	
797.57	6754.9	
797.75	4087.7	
797.92	3852.9	
798.1	5963.7	
798.27	5023	
798.45	3308.8	
798.62	3529.3	
798.8	5382.7	
798.97	5871.5	
799.15	4368.3	
799.32	4100.7	
799.5	4620.9	
799.67	5453.7	
799.85	4506.9	
800.02	3222.1	
800.2	5011.4	
800.37	5456.5	
800.55	4627	
800.72	3855	
800.9	5847.6	
801.07	6317.3	
801.25	5313.1	
801.42	4237.2	
801.6	5930.2	
801.77	5630.5	
801.95	3938.2	
802.12	3827.7	
802.29	5611.4	
802.47	5563.6	
802.64	4225.6	
802.82	3138.9	
802.99	5017.5	
803.17	6127.5	
803.34	4156.7	
803.52	3705.5	
803.69	6756.2	
803.87	4802.5	
804.04	4073.4	
804.21	4136.9	
804.39	6166.4	
804.56	5234.6	
804.74	3481.5	
804.91	4326	
805.09	5048.9	
805.26	5150.6	
805.44	3531.4	
805.61	3838.6	
805.78	5709.1	
805.96	5793	
806.13	4307.6	
806.31	4624.3	
806.48	4530.1	
806.66	5149.3	
806.83	4270	
807	4156.7	
807.18	5025.7	
807.35	5492	
807.53	4107.5	
807.7	3302	
807.87	6275.7	
808.05	5116.5	
808.22	4569	
808.4	3277.4	
808.57	5125.4	
808.74	4720.6	
808.92	3816.7	
809.09	4883	
809.27	4969.7	
809.44	5623	
809.61	3332	
809.79	3738.9	
809.96	6325.5	
810.14	5885.9	
810.31	3202.3	
810.48	4003.8	
810.66	5173.2	
810.83	5973.9	
811.01	3824.9	
811.18	4261.8	
811.35	5895.4	
811.53	4504.8	
811.7	4648.2	
811.87	4356.7	
812.05	5089.9	
812.22	5033.2	
812.39	3657.7	
812.57	3519.1	
812.74	5107.6	
812.92	6864.1	
813.09	3990.1	
813.26	4409.3	
813.44	6585.6	
813.61	5027.1	
813.78	3292.5	
813.96	4516.5	
814.13	5154.7	
814.3	4805.9	
814.48	4883.7	
814.65	3972.4	
814.82	6370.5	
815	4904.2	
815.17	4118.5	
815.34	5052.3	
815.52	4985.4	
815.69	5079.6	
815.87	4108.9	
816.04	3536.2	
816.21	5197.7	
816.38	4482.3	
816.56	3947.1	
816.73	3698.6	
816.9	6496.2	
817.08	5932.3	
817.25	3732.8	
817.42	4655	
817.6	4681.7	
817.77	5129.5	
817.94	4204.5	
818.12	3667.9	
818.29	4852.3	
818.46	7665.5	
818.64	3844.7	
818.81	3571	
818.98	4732.9	
819.16	6984.9	
819.33	4431.1	
819.5	4109.6	
819.67	5453.1	
819.85	6196.5	
820.02	4079.6	
820.19	4326.7	
820.37	5301.5	
820.54	4944.5	
820.71	4194.9	
820.88	5190.2	
821.06	5368.4	
821.23	4915.8	
821.4	4225.6	
821.58	4186.7	
821.75	5927.5	
821.92	5251.7	
822.09	3340.9	
822.27	3631.7	
822.44	5102.2	
822.61	4995.7	
822.79	3372.3	
822.96	6550.1	
823.13	5646.2	
823.3	4791.6	
823.48	3921.9	
823.65	3502.7	
823.82	5849.7	
823.99	4631.1	
824.17	4997	
824.34	3640.6	
824.51	6822.5	
824.68	5170.4	
824.86	3734.8	
825.03	4136.9	
825.2	5053	
825.37	6293.4	
825.55	3669.3	
825.72	4101.4	
825.89	6864.1	
826.06	6346.7	
826.24	4066.6	
826.41	4059.8	
826.58	6251.8	
826.75	5391.6	
826.92	3166.2	
827.1	3495.9	
827.27	8574.8	
827.44	6806.1	
827.61	3836.5	
827.79	4676.2	
827.96	4811.4	
828.13	5266.7	
828.3	3953.3	
828.47	3414	
828.65	5316.5	
828.82	5256.5	
828.99	5212.8	
829.16	4524	
829.34	5738.4	
829.51	5507	
829.68	4230.4	
829.85	4356.7	
830.02	6031.3	
830.2	5774.6	
830.37	3140.9	
830.54	4981.3	
830.71	6562.4	
830.88	5054.4	
831.05	3205.8	
831.23	3763.5	
831.4	6262	
831.57	7051.2	
831.74	3803.1	
831.91	3317.7	
832.09	5382.1	
832.26	5708.4	
832.43	4012	
832.6	4483	
832.77	5322.7	
832.94	6164.4	
833.12	3125.2	
833.29	3898	
833.46	5103.5	
833.63	7292.8	
833.8	4345.1	
833.97	3973.1	
834.15	5793.7	
834.32	5481.7	
834.49	4157.4	
834.66	4258.4	
834.83	5960.3	
835	4864.6	
835.17	3814	
835.35	3909.6	
835.52	5635.3	
835.69	5473.5	
835.86	4087.1	
836.03	3310.9	
836.2	5645.6	
836.37	5341.1	
836.55	3966.2	
836.72	3693.9	
836.89	5294	
837.06	5762.3	
837.23	4065.9	
837.4	4416.1	
837.57	6630.6	
837.75	7360.4	
837.92	3585.3	
838.09	3878.9	
838.26	5223.7	
838.43	6043.6	
838.6	4150.5	
838.77	3741	
838.94	6952.2	
839.11	6572.6	
839.29	4002.4	
839.46	3163.4	
839.63	5718.6	
839.8	5472.2	
839.97	3838.6	
840.14	3788.1	
840.31	5461.2	
840.48	5748.6	
840.65	3168.2	
840.82	3730	
841	5676.3	
841.17	5737	
841.34	3595.6	
841.51	3606.5	
841.68	5622.4	
841.85	5380.7	
842.02	3740.3	
842.19	3034.4	
842.36	5522	
842.53	5479	
842.7	3531.4	
842.87	4378.6	
843.05	7250.5	
843.22	5403.2	
843.39	3361.4	
843.56	3631.7	
843.73	5178.6	
843.9	5781.4	
844.07	5821.7	
844.24	4833.2	
844.41	8485.4	
844.58	4929.5	
844.75	3454.9	
844.92	3731.4	
845.09	5718.6	
845.26	5686.5	
845.43	3528	
845.6	3689.8	
845.77	5726.1	
845.94	5404.6	
846.12	3937.6	
846.29	4136.2	
846.46	5907	
846.63	5691.3	
846.8	3482.9	
846.97	4194.2	
847.14	6179.4	
847.31	5725.4	
847.48	3922.5	
847.65	4438.6	
847.82	5968.5	
847.99	5989.6	
848.16	4807.9	
848.33	4420.9	
848.5	5314.5	
848.67	6227.2	
848.84	3482.9	
849.01	3672.7	
849.18	5103.5	
849.35	4774.5	
849.52	4515.8	
849.69	3421.5	
849.86	5835.3	
850.03	6163.7	
850.2	3560.7	
850.37	4313.7	
850.54	6066.8	
850.71	5369.1	
850.88	4268	
851.05	3465.8	
851.22	5659.9	
851.39	6327.5	
851.56	3345.7	
851.73	4073.4	
851.9	4988.9	
852.07	5969.8	
852.24	3949.8	
852.41	3512.3	
852.58	5562.3	
852.75	5079.6	
852.92	3962.8	
853.09	3409.9	
853.26	5316.5	
853.43	6172.6	
853.6	3493.2	
853.77	3003.7	
853.94	6268.1	
854.11	5666.7	
854.28	5313.8	
854.44	3809.9	
854.61	6701.6	
854.78	5805.3	
854.95	3514.3	
855.12	4454.3	
855.29	4608.6	
855.46	6333.7	
855.63	3509.5	
855.8	4901.5	
855.97	5236.7	
856.14	6040.1	
856.31	4957.4	
856.48	3945.1	
856.65	5279.7	
856.82	4903.5	
856.99	3373	
857.16	3766.2	
857.33	7017.7	
857.49	5374.6	
857.66	3799	
857.83	4093.9	
858	5377.3	
858.17	5532.9	
858.34	3319.1	
858.51	3530	
858.68	6406.7	
858.85	6481.1	
859.02	4125.3	
859.19	4376.5	
859.36	4950.6	
859.52	5066	
859.69	3534.1	
859.86	4174.4	
860.03	5087.8	
860.2	6318.7	
860.37	3166.8	
860.54	3540.9	
860.71	5960.3	
860.88	6410.8	
861.05	4003.8	
861.21	4451.6	
861.38	6370.5	
861.55	4959.5	
861.72	3239.2	
861.89	3951.2	
862.06	6021.7	
862.23	6563.7	
862.4	3446.7	
862.56	3707.5	
862.73	5881.1	
862.9	5532.9	
863.07	4190.1	
863.24	3161.4	
863.41	4909	
863.58	5027.1	
863.75	3556	
863.91	4044.7	
864.08	6377.4	
864.25	5907	
864.42	4438.6	
864.59	4909	
864.76	6713.2	
864.93	5059.2	
865.09	3423.5	
865.26	3727.3	
865.43	6199.9	
865.6	6667.5	
865.77	3051.5	
865.94	3481.5	
866.1	6326.2	
866.27	5950	
866.44	5402.5	
866.61	3358.7	
866.78	5390.3	
866.95	5864	
867.11	3419.4	
867.28	3084.2	
867.45	6080.4	
867.62	5026.4	
867.79	4235.9	
867.96	3487	
868.12	5029.8	
868.29	6021	
868.46	3523.2	
868.63	4770.4	
868.8	6135	
868.97	5941.8	
869.13	3728.7	
869.3	3694.5	
869.47	5829.2	
869.64	6048.3	
869.81	3525.9	
869.97	3499.3	
870.14	5756.2	
870.31	6453.8	
870.48	3412.6	
870.65	4402.5	
870.81	5332.2	
870.98	5277.6	
871.15	3984	
871.32	3624.9	
871.48	5803.3	
871.65	6447	
871.82	3482.9	
871.99	3900.7	
872.16	6883.2	
872.32	6288.6	
872.49	3538.9	
872.66	3569.6	
872.83	5986.9	
872.99	5251	
873.16	4072.7	
873.33	3544.4	
873.5	5575.9	
873.67	5583.4	
873.83	3742.3	
874	4740.4	
874.17	5681.7	
874.34	6855.2	
874.5	4506.2	
874.67	4407.2	
874.84	6407.4	
875.01	4965	
875.17	4958.1	
875.34	3503.4	
875.51	5591	
875.68	6805.4	
875.84	4278.9	
876.01	5182.7	
876.18	5875.6	
876.34	5882.4	
876.51	3538.2	
876.68	3532.1	
876.85	5352.7	
877.01	6227.2	
877.18	5086.5	
877.35	3496.6	
877.52	5525.4	
877.68	4887.1	
877.85	3416.7	
878.02	3441.3	
878.18	5532.2	
878.35	5175.2	
878.52	2790.7	
878.69	4020.2	
878.85	5876.3	
879.02	5877	
879.19	5036.6	
879.35	3809.9	
879.52	5915.9	
879.69	6106.4	
879.86	3016.7	
880.02	3968.3	
880.19	5505.6	
880.36	6685.9	
880.52	4046.1	
880.69	4232.5	
880.86	6103.6	
881.02	6051.7	
881.19	3879.5	
881.36	3833.8	
881.52	5892.7	
881.69	5180	
881.86	3779.2	
882.02	3753.9	
882.19	6156.2	
882.36	7331	
882.52	3620.8	
882.69	4968.4	
882.86	5733.6	
883.02	5640.1	
883.19	4346.5	
883.36	4086.4	
883.52	6034	
883.69	6803.4	
883.86	3539.6	
884.02	3181.9	
884.19	5993	
884.36	5470.1	
884.52	4057.7	
884.69	3739.6	
884.86	5222.3	
885.02	6637.5	
885.19	3974.4	
885.36	4080.2	
885.52	5537	
885.69	5735	
885.86	5110.4	
886.02	4577.9	
886.19	6014.9	
886.35	5460.6	
886.52	3876.8	
886.69	4883.7	
886.85	5067.4	
887.02	6408.1	
887.19	6408.1	
887.35	6408.1	
887.52	6408.1	
887.68	6408.1	
887.85	6408.1	
888.02	6408.1	
888.18	6408.1	
888.35	6408.1	
888.51	6408.1	
888.68	6408.1	
888.85	6408.1	
889.01	6408.1	
889.18	6408.1	
889.35	6408.1	
889.51	6408.1	
889.68	6408.1	
889.84	6408.1	
890.01	6408.1	
890.17	6408.1	
890.34	6408.1	
890.51	6408.1	
890.67	6408.1	
890.84	6408.1	
891	6408.1	
891.17	6408.1	
891.34	6408.1	
891.5	6408.1	
891.67	6408.1	
891.83	6408.1	
892	6408.1	
892.16	6408.1	
892.33	6408.1	
892.5	6408.1	
892.66	6408.1	
892.83	6408.1	
892.99	6408.1	
893.16	6408.1	
893.32	6408.1	
893.49	6408.1	
893.65	6408.1	
893.82	6408.1	
893.99	6408.1	
894.15	6408.1	
894.32	6408.1	
894.48	6408.1	
894.65	6408.1	
894.81	6408.1	
894.98	6408.1	
895.14	6408.1	
895.31	6408.1	
895.47	6408.1	
895.64	6408.1	
895.81	6408.1	
895.97	6408.1	
896.14	6408.1	
896.3	6408.1	
896.47	6408.1	
896.63	6408.1	
896.8	6408.1	
896.96	6408.1	
897.13	6408.1	
897.29	6408.1	
897.46	6408.1	
897.62	6408.1	
897.79	6408.1	
897.95	6408.1	
898.12	6408.1	
898.28	6408.1	
898.45	6408.1	
898.61	6408.1	
898.78	6408.1	
898.94	6408.1	
899.11	6408.1	
899.27	6408.1	
899.44	6408.1	
899.6	6408.1	
899.77	6408.1	
899.93	6408.1	
900.1	6408.1	
900.26	6408.1	
900.43	6408.1	
900.59	6408.1	
900.76	6408.1	
900.92	6408.1	
901.09	6408.1	
901.25	6408.1	
901.42	6408.1	
901.58	6408.1	
901.75	6408.1	
901.91	6408.1	
902.07	6408.1	
902.24	6408.1	
902.4	6408.1	
902.57	6408.1	
902.73	6408.1	
902.9	6408.1	
903.06	6408.1	
903.23	6408.1	
903.39	6408.1	
903.56	6408.1	
903.72	6408.1	
903.88	6408.1	
904.05	6408.1	
904.21	6408.1	
904.38	6408.1	
904.54	6408.1	
904.71	6408.1	
904.87	6408.1	
905.03	6408.1	
905.2	6408.1	
905.36	6408.1	
905.53	6408.1	
905.69	6408.1	
905.86	6408.1	
906.02	6408.1	
906.18	6408.1	
906.35	6408.1	
906.51	6408.1	
906.68	6408.1	
906.84	6408.1	
907.01	6408.1	
907.17	6408.1	
907.33	6408.1	
907.5	6408.1	
907.66	6408.1	
907.83	6408.1	
907.99	6408.1	
908.15	6408.1	
908.32	6408.1	
908.48	6408.1	
908.65	6408.1	
908.81	6408.1	
908.97	6408.1	
909.14	6408.1	
909.3	6408.1	
909.47	6408.1	
909.63	6408.1	
909.79	6408.1	
909.96	6408.1	
910.12	6408.1	
910.28	6408.1	
910.45	6408.1	
910.61	6408.1	
910.78	6408.1	
910.94	6408.1	
911.1	6408.1	
911.27	6408.1	
911.43	6408.1	
911.59	6408.1	
911.76	6408.1	
911.92	6408.1	
912.08	6408.1	
912.25	6408.1	
912.41	6408.1	
912.57	6408.1	
912.74	6408.1	
912.9	6408.1	
913.07	6408.1	
913.23	6408.1	
913.39	6408.1	
913.56	6408.1	
913.72	6408.1	
913.88	6408.1	
914.05	6408.1	
914.21	6408.1	
914.37	6408.1	
914.54	6408.1	
914.7	6408.1	
914.86	6408.1	
915.03	6408.1	
915.19	6408.1	
