Wavelength	Intensities	
nm	a.u.	
179.22	1804.6	
179.44	1797.4	
179.65	1811.8	
179.86	1783.1	
180.08	1810.4	
180.29	4377.9	
180.51	3213.9	
180.72	5279.7	
180.94	6000.5	
181.15	2932	
181.37	2933.4	
181.58	5143.1	
181.79	5422.3	
182.01	3084.2	
182.22	3332	
182.44	5396.4	
182.65	4536.9	
182.87	4028.4	
183.08	3557.3	
183.29	5545.2	
183.51	4610	
183.72	3309.5	
183.94	4682.3	
184.15	4996.4	
184.37	5024.3	
184.58	2908.8	
184.79	3811.3	
185.01	4688.5	
185.22	5357.5	
185.44	4110.3	
185.65	3525.2	
185.86	4917.9	
186.08	4575.2	
186.29	2846.7	
186.51	3007.8	
186.72	4720.6	
186.94	5531.6	
187.15	3510.2	
187.36	3644.7	
187.58	6987	
187.79	5087.8	
188.01	3737.5	
188.22	5664.7	
188.43	6094.1	
188.65	5282.4	
188.86	3050.8	
189.08	3561.4	
189.29	4839.4	
189.5	4850.3	
189.72	3305.4	
189.93	3403.7	
190.15	5474.9	
190.36	6420.4	
190.57	3657.7	
190.79	3480.9	
191	5556.8	
191.22	5460.6	
191.43	3702	
191.64	3110.2	
191.86	5736.4	
192.07	5454.4	
192.29	3232.4	
192.5	3351.8	
192.71	5500.8	
192.93	4866	
193.14	3317	
193.35	3368.9	
193.57	4825	
193.78	5488.6	
194	2686.3	
194.21	3287.7	
194.42	4615.4	
194.64	5040.1	
194.85	3581.9	
195.07	4142.4	
195.28	5037.3	
195.49	4389.5	
195.71	4332.8	
195.92	3125.9	
196.13	5240.1	
196.35	5332.2	
196.56	4614.8	
196.78	3635.1	
196.99	6397.9	
197.2	5968.5	
197.42	3585.3	
197.63	3682.9	
197.84	4496.7	
198.06	5261.2	
198.27	3351.8	
198.48	4391.5	
198.7	4782	
198.91	4982.7	
199.13	3582.6	
199.34	3650.2	
199.55	5436.7	
199.77	4372.4	
199.98	3263.8	
200.19	3631	
200.41	4885.8	
200.62	4724	
200.83	3713	
201.05	4059.8	
201.26	4950.6	
201.47	4743.1	
201.69	3258.3	
201.9	3109.5	
202.11	4987.5	
202.33	5911.8	
202.54	3440.6	
202.76	3779.2	
202.97	5090.6	
203.18	5145.2	
203.4	3751.9	
203.61	3695.2	
203.82	5040.1	
204.04	4699.4	
204.25	3631	
204.46	3540.3	
204.68	4999.8	
204.89	5228.5	
205.1	3543	
205.32	3120.4	
205.53	5379.3	
205.74	5505.6	
205.96	2682.2	
206.17	3693.9	
206.38	5319.9	
206.6	5416.9	
206.81	4105.5	
207.02	3388.7	
207.24	5226.4	
207.45	5582.1	
207.66	3476.8	
207.88	2970.2	
208.09	5151.3	
208.3	5052.3	
208.52	3213.3	
208.73	3482.9	
208.94	4983.4	
209.15	5627.8	
209.37	3442	
209.58	3623.5	
209.79	5481.7	
210.01	4819.6	
210.22	2863.1	
210.43	2937.5	
210.65	4995	
210.86	5365.7	
211.07	3459	
211.29	3140.9	
211.5	5285.8	
211.71	4932.2	
211.93	3152.5	
212.14	3175.7	
212.35	4985.4	
212.56	5111.7	
212.78	3568.2	
212.99	3039.9	
213.2	5859.9	
213.42	4848.2	
213.63	3329.3	
213.84	3505.4	
214.06	4513	
214.27	4591.5	
214.48	3394.8	
214.69	3671.3	
214.91	5561.6	
215.12	5698.8	
215.33	3733.4	
215.55	4060.4	
215.76	6075	
215.97	5292	
216.18	3545	
216.4	3483.6	
216.61	4759.5	
216.82	5438.7	
217.04	3252.9	
217.25	3269.2	
217.46	5605.3	
217.67	5341.8	
217.89	2887	
218.1	3030.3	
218.31	5050.3	
218.53	5175.2	
218.74	3361.4	
218.95	3231	
219.16	4941.7	
219.38	5739.8	
219.59	3278.1	
219.8	3870.7	
220.01	6335.7	
220.23	5057.1	
220.44	4156.7	
220.65	3188.7	
220.87	5079.6	
221.08	5579.3	
221.29	2985.3	
221.5	3942.3	
221.72	6707.1	
221.93	4802.5	
222.14	3616	
222.35	4262.5	
222.57	5016.2	
222.78	5343.2	
222.99	3478.8	
223.2	3727.3	
223.42	5229.8	
223.63	5332.9	
223.84	2797.5	
224.05	2681.5	
224.27	6272.2	
224.48	5763	
224.69	4302.8	
224.9	3658.4	
225.12	5184.8	
225.33	4975.2	
225.54	2944.3	
225.75	3214.6	
225.97	4682.3	
226.18	4933.6	
226.39	3491.1	
226.6	3271.3	
226.82	4857.8	
227.03	4696	
227.24	3590.1	
227.45	3050.1	
227.67	5350.7	
227.88	5780.1	
228.09	4022.9	
228.3	4052.9	
228.52	5406	
228.73	5063.3	
228.94	3388	
229.15	3016.7	
229.36	4950.6	
229.58	4912.4	
229.79	3429.7	
230	3960.1	
230.21	5963	
230.43	5059.8	
230.64	3640.6	
230.85	3704.8	
231.06	5409.4	
231.28	5373.9	
231.49	3005.7	
231.7	3533.4	
231.91	5283.8	
232.12	5067.4	
232.34	3137.5	
232.55	3553.2	
232.76	5524.7	
232.97	5141.8	
233.18	3192.8	
233.4	3578.5	
233.61	5233.2	
233.82	4801.8	
234.03	3384.6	
234.25	3323.9	
234.46	6777.4	
234.67	5034.6	
234.88	3673.4	
235.09	3222.1	
235.31	5298.1	
235.52	4898.7	
235.73	3586.7	
235.94	3065.1	
236.15	4783.4	
236.37	5950	
236.58	3198.9	
236.79	3469.9	
237	5285.1	
237.21	4567	
237.43	3707.5	
237.64	2952.5	
237.85	8647.2	
238.06	4670.1	
238.27	3740.3	
238.48	3018.7	
238.7	5335.6	
238.91	4894	
239.12	3440.6	
239.33	3549.1	
239.54	4763.6	
239.76	4940.4	
239.97	3405.8	
240.18	3497.9	
240.39	6055.8	
240.6	5225.1	
240.82	3652.2	
241.03	3035.1	
241.24	5001.8	
241.45	5719.3	
241.66	3209.2	
241.87	3736.9	
242.09	5624.4	
242.3	5974.6	
242.51	3747.1	
242.72	3478.1	
242.93	5405.3	
243.14	4952	
243.36	3990.8	
243.57	4323.3	
243.78	5752.1	
243.99	5325.4	
244.2	3487	
244.41	3168.2	
244.63	4670.1	
244.84	5275.6	
245.05	3710.2	
245.26	3465.2	
245.47	5266.7	
245.68	5442.1	
245.9	4562.9	
246.11	3659	
246.32	4867.3	
246.53	5242.8	
246.74	5601.9	
246.95	2981.2	
247.16	4651.6	
247.38	5036.6	
247.59	2945	
247.8	3537.5	
248.01	4697.4	
248.22	4964.3	
248.43	3175	
248.64	3443.3	
248.86	4504.2	
249.07	4824.3	
249.28	3084.2	
249.49	3609.9	
249.7	5467.4	
249.91	5575.9	
250.12	2934.7	
250.34	3005.1	
250.55	5079	
250.76	4998.4	
250.97	3565.5	
251.18	3629.7	
251.39	5586.9	
251.6	5149.3	
251.81	3649.5	
252.03	3618.1	
252.24	4782.7	
252.45	5422.3	
252.66	3103.4	
252.87	3781.9	
253.08	5016.8	
253.29	6481.8	
253.5	3136.1	
253.72	4167.6	
253.93	4981.3	
254.14	5872.9	
254.35	3333.4	
254.56	3429	
254.77	5246.2	
254.98	4731.5	
255.19	3318.4	
255.41	4156.7	
255.62	5138.4	
255.83	5567.1	
256.04	3742.3	
256.25	3648.8	
256.46	6043.6	
256.67	4777.2	
256.88	3565.5	
257.09	3974.4	
257.31	4696	
257.52	4708.3	
257.73	4496.7	
257.94	3302	
258.15	4907.6	
258.36	5057.8	
258.57	4104.1	
258.78	2692.4	
258.99	5499.5	
259.2	4854.4	
259.41	3323.2	
259.63	3424.2	
259.84	5741.1	
260.05	6121.4	
260.26	4281.6	
260.47	3270.6	
260.68	5507.7	
260.89	4892.6	
261.1	3973.1	
261.31	3216	
261.52	5522.7	
261.73	5816.2	
261.95	4263.9	
262.16	3725.9	
262.37	5629.9	
262.58	5681.1	
262.79	4201.1	
263	3336.8	
263.21	5063.9	
263.42	4896	
263.63	3487	
263.84	3371	
264.05	5477	
264.26	5848.3	
264.47	4133.5	
264.69	3714.3	
264.9	5682.4	
265.11	5244.2	
265.32	3218.7	
265.53	3315.7	
265.74	5119.2	
265.95	4493.2	
266.16	3596.2	
266.37	3852.9	
266.58	5153.4	
266.79	4836.6	
267	3306.8	
267.21	3063.1	
267.42	4631.1	
267.63	5052.3	
267.84	3424.2	
268.06	3003	
268.27	5420.3	
268.48	5610.1	
268.69	3409.9	
268.9	3981.9	
269.11	5631.2	
269.32	4536.3	
269.53	3433.8	
269.74	3218.7	
269.95	5254.4	
270.16	4514.4	
270.37	3525.9	
270.58	3983.3	
270.79	4858.5	
271	5466.7	
271.21	3718.4	
271.42	3517	
271.63	5169.1	
271.84	4672.8	
272.05	2808.4	
272.26	3126.6	
272.47	5013.4	
272.68	5213.4	
272.89	3375.1	
273.11	3844	
273.32	4792.2	
273.53	5844.9	
273.74	3717.1	
273.95	3695.2	
274.16	5522.7	
274.37	5075.5	
274.58	3814	
274.79	3092.4	
275	5119.9	
275.21	5597.1	
275.42	4455.7	
275.63	3944.4	
275.84	5322	
276.05	6465.4	
276.26	3602.4	
276.47	3403	
276.68	4862.6	
276.89	5844.9	
277.1	3908.2	
277.31	3152.5	
277.52	5200.5	
277.73	5412.8	
277.94	3070.6	
278.15	3378.5	
278.36	5186.1	
278.57	4699.4	
278.78	3315	
278.99	3726.6	
279.2	4758.1	
279.41	4676.9	
279.62	4381.3	
279.83	3119.7	
280.04	6031.3	
280.25	4657.1	
280.46	4332.8	
280.67	3459	
280.88	4758.1	
281.09	5591.6	
281.3	3619.4	
281.51	4526.7	
281.72	4686.4	
281.93	5411.4	
282.14	3240.6	
282.35	3501.3	
282.56	5476.3	
282.77	5381.4	
282.98	3353.2	
283.19	4102.8	
283.4	6579.4	
283.61	5006.6	
283.82	3121.8	
284.03	4227.7	
284.24	5212.1	
284.45	5633.3	
284.66	4276.8	
284.87	4083	
285.08	5531.6	
285.29	5671.5	
285.5	3029.6	
285.71	3444	
285.92	5526.8	
286.12	6139.1	
286.33	4280.9	
286.54	3403	
286.75	5502.9	
286.96	4918.5	
287.17	3148.4	
287.38	4158.1	
287.59	4774.5	
287.8	4715.1	
288.01	3429.7	
288.22	3846.8	
288.43	5417.6	
288.64	4559.5	
288.85	4061.8	
289.06	3844	
289.27	5397.8	
289.48	5796.4	
289.69	4311	
289.9	3937.6	
290.11	5663.3	
290.32	4808.6	
290.53	4067.9	
290.74	3756.7	
290.94	5365.7	
291.15	5490.6	
291.36	3286.3	
291.57	3825.6	
291.78	4840	
291.99	4475.5	
292.2	3140.2	
292.41	3747.1	
292.62	5527.5	
292.83	5358.9	
293.04	4590.2	
293.25	3207.8	
293.46	4849.6	
293.67	5526.1	
293.88	3274	
294.09	3166.2	
294.29	4681.7	
294.5	5117.9	
294.71	3573.7	
294.92	3345	
295.13	4882.4	
295.34	5986.9	
295.55	2955.9	
295.76	3044.6	
295.97	5345.2	
296.18	6066.8	
296.39	3071.3	
296.6	3272.7	
296.81	5073.5	
297.01	5411.4	
297.22	3465.2	
297.43	3286.3	
297.64	4749.9	
297.85	4672.8	
298.06	2789.3	
298.27	2974.3	
298.48	5016.2	
298.69	4768.4	
298.9	3524.6	
299.11	3190.1	
299.31	4648.2	
299.52	4670.1	
299.73	3760.1	
299.94	3714.3	
300.15	5049.6	
300.36	4683.7	
300.57	3707.5	
300.78	3683.6	
300.99	4891.2	
301.2	5109.7	
301.4	3237.8	
301.61	3524.6	
301.82	5366.4	
302.03	5385.5	
302.24	3949.8	
302.45	3158.7	
302.66	5265.3	
302.87	5604.6	
303.08	3195.5	
303.29	4389.5	
303.49	4842.1	
303.7	5044.1	
303.91	2927.9	
304.12	4209.9	
304.33	4582.7	
304.54	5186.1	
304.75	3280.8	
304.96	3182.5	
305.16	5287.9	
305.37	5969.1	
305.58	2895.1	
305.79	3033.7	
306	5300.1	
306.21	4486.4	
306.42	3293.1	
306.63	4881.7	
306.83	4915.1	
307.04	5507	
307.25	3566.9	
307.46	3577.8	
307.67	4413.4	
307.88	5407.3	
308.09	3191.4	
308.29	3376.4	
308.5	5074.9	
308.71	5504.9	
308.92	3454.9	
309.13	3125.9	
309.34	4951.3	
309.55	5001.1	
309.75	4036.5	
309.96	3692.5	
310.17	5389.6	
310.38	4758.8	
310.59	3887	
310.8	3115.6	
311.01	4880.3	
311.21	4925.4	
311.42	3147.7	
311.63	3218.7	
311.84	4834.6	
312.05	5144.5	
312.26	3590.8	
312.46	3960.8	
312.67	4927.4	
312.88	4640	
313.09	3210.5	
313.3	3138.2	
313.51	5717.2	
313.71	5978	
313.92	3183.9	
314.13	3392.1	
314.34	5231.2	
314.55	4975.9	
314.76	4031.8	
314.96	3564.1	
315.17	5154.7	
315.38	5334.3	
315.59	3252.2	
315.8	3061.7	
316.01	5773.9	
316.21	5868.8	
316.42	3127.2	
316.63	3477.5	
316.84	4913.1	
317.05	5599.8	
317.26	3695.9	
317.46	3385.3	
317.67	4998.4	
317.88	5363.6	
318.09	3976.5	
318.3	2958.6	
318.5	4843.4	
318.71	5306.3	
318.92	5014.1	
319.13	3687	
319.34	5472.9	
319.54	5522.7	
319.75	2973.7	
319.96	2837.1	
320.17	5307.7	
320.38	5487.9	
320.58	2895.1	
320.79	3454.2	
321	5581.4	
321.21	5593.7	
321.42	3536.2	
321.62	2912.9	
321.83	4732.2	
322.04	5010.7	
322.25	3334.1	
322.46	3186.6	
322.66	5125.4	
322.87	5270.1	
323.08	3869.3	
323.29	3134.8	
323.5	5935.7	
323.7	4681.7	
323.91	4300.7	
324.12	3865.2	
324.33	5145.9	
324.53	5331.5	
324.74	3690.4	
324.95	3892.5	
325.16	4537.6	
325.37	4835.9	
325.57	3195.5	
325.78	3308.8	
325.99	5121.3	
326.2	4559.5	
326.4	4478.9	
326.61	2962.7	
326.82	4970.4	
327.03	5142.4	
327.24	4459.8	
327.44	4152.6	
327.65	5328.8	
327.86	4300.7	
328.07	3743	
328.27	3071.3	
328.48	5631.9	
328.69	4663.2	
328.9	4457.1	
329.1	3435.1	
329.31	4960.9	
329.52	5696.8	
329.73	3196.2	
329.93	3549.1	
330.14	5095.3	
330.35	5219.6	
330.56	5089.2	
330.76	3851.5	
330.97	4857.8	
331.18	5133.6	
331.39	3542.3	
331.59	2928.6	
331.8	5535	
332.01	5612.1	
332.22	3271.3	
332.42	3704.1	
332.63	5145.2	
332.84	4755.4	
333.05	3585.3	
333.25	3236.5	
333.46	4788.8	
333.67	5012.1	
333.88	3345.7	
334.08	3644.7	
334.29	6580.1	
334.5	5560.9	
334.7	3089	
334.91	4372.4	
335.12	4631.1	
335.33	5363.6	
335.53	3519.1	
335.74	5057.1	
335.95	4810.7	
336.16	4689.8	
336.36	3489.1	
336.57	4016.1	
336.78	4601.8	
336.98	5519.3	
337.19	4252.3	
337.4	3452.9	
337.61	5952.1	
337.81	4620.9	
338.02	3285.6	
338.23	4113.7	
338.43	5663.3	
338.64	4769	
338.85	3244.7	
339.05	4185.4	
339.26	5778.7	
339.47	4528.1	
339.68	3184.6	
339.88	4629.8	
340.09	5301.5	
340.3	5415.5	
340.5	3682.2	
340.71	2901.3	
340.92	4591.5	
341.13	5667.4	
341.33	3131.3	
341.54	3710.9	
341.75	5241.4	
341.95	4922	
342.16	3576.4	
342.37	3871.3	
342.57	4677.6	
342.78	4970.4	
342.99	3949.8	
343.19	2897.2	
343.4	5374.6	
343.61	5262.6	
343.81	3388	
344.02	3143.6	
344.23	5391.6	
344.43	5686.5	
344.64	3928	
344.85	3799.7	
345.06	5230.5	
345.26	5558.2	
345.47	3685.7	
345.68	4241.3	
345.88	4513	
346.09	5438.7	
346.3	3694.5	
346.5	2880.8	
346.71	4978.6	
346.92	4791.6	
347.12	2965.5	
347.33	3641.3	
347.54	5442.8	
347.74	5911.1	
347.95	3635.1	
348.16	2777	
348.36	4820.2	
348.57	4676.9	
348.78	3618.1	
348.98	3859.7	
349.19	4997.7	
349.39	4544.4	
349.6	2932.7	
349.81	3259.7	
350.01	5273.5	
350.22	4764.9	
350.43	3494.5	
350.63	4181.3	
350.84	5035.3	
351.05	4799.1	
351.25	3248.1	
351.46	2929.3	
351.67	5465.3	
351.87	4792.9	
352.08	3478.8	
352.29	3906.2	
352.49	5368.4	
352.7	5479	
352.9	3065.8	
353.11	3837.9	
353.32	5946.6	
353.52	4839.4	
353.73	3058.3	
353.94	3920.5	
354.14	5260.5	
354.35	5045.5	
354.55	3132	
354.76	3502	
354.97	5300.8	
355.17	5025.7	
355.38	3007.8	
355.59	4117.1	
355.79	4765.6	
356	5083.7	
356.2	3485	
356.41	3072	
356.62	4505.5	
356.82	4898.7	
357.03	3713.6	
357.24	3362.8	
357.44	4745.1	
357.65	4867.3	
357.85	4435.9	
358.06	3551.9	
358.27	4511.7	
358.47	4648.9	
358.68	2934.7	
358.88	3645.4	
359.09	5182.7	
359.3	5514.5	
359.5	4303.5	
359.71	3805.8	
359.91	5878.4	
360.12	5255.1	
360.33	3695.2	
360.53	4073.4	
360.74	4732.9	
360.94	4782.7	
361.15	3861.1	
361.36	3203.7	
361.56	5410.7	
361.77	4900.8	
361.97	4197.7	
362.18	3398.9	
362.38	5459.9	
362.59	4603.2	
362.8	3173	
363	2985.3	
363.21	4401.8	
363.41	4932.2	
363.62	3541.6	
363.83	4444.1	
364.03	5147.2	
364.24	5832.6	
364.44	4558.1	
364.65	4435.2	
364.85	4884.4	
365.06	4558.1	
365.27	3305.4	
365.47	3294.5	
365.68	5807.4	
365.88	4820.9	
366.09	3684.3	
366.29	3332.7	
366.5	5025	
366.71	5434.6	
366.91	4444.1	
367.12	3732.1	
367.32	5962.3	
367.53	5288.5	
367.73	3690.4	
367.94	4485.7	
368.14	5299.5	
368.35	5956.9	
368.56	3667.2	
368.76	3280.8	
368.97	5388.9	
369.17	6782.9	
369.38	3278.1	
369.58	3504.8	
369.79	4510.3	
369.99	5682.4	
370.2	4416.1	
370.4	3596.9	
370.61	5094.7	
370.82	6146	
371.02	3509.5	
371.23	2902.7	
371.43	4485.1	
371.64	5601.9	
371.84	3465.2	
372.05	4498	
372.25	6726.2	
372.46	5337.7	
372.66	3502.7	
372.87	3449.5	
373.07	5377.3	
373.28	6717.3	
373.48	4348.5	
373.69	4108.2	
373.9	4906.9	
374.1	4930.1	
374.31	4302.1	
374.51	3843.4	
374.72	5621	
374.92	4705.5	
375.13	4359.4	
375.33	3730	
375.54	5206.6	
375.74	4799.8	
375.95	3788.1	
376.15	4816.8	
376.36	5276.3	
376.56	5137.7	
376.77	3834.5	
376.97	4227	
377.18	6153.5	
377.38	5332.9	
377.59	4466.6	
377.79	3388.7	
378	5124.7	
378.2	5479	
378.41	3444.7	
378.61	3392.8	
378.82	5591	
379.02	4811.4	
379.23	3577.8	
379.43	4484.4	
379.64	5603.2	
379.84	5326.8	
380.05	3435.8	
380.25	3310.9	
380.46	5382.1	
380.66	5030.5	
380.87	4588.1	
381.07	4862.6	
381.28	5907.7	
381.48	5385.5	
381.69	3420.1	
381.89	3536.8	
382.1	4551.3	
382.3	5451	
382.51	4396.3	
382.71	5140.4	
382.91	5333.6	
383.12	5745.2	
383.32	3780.6	
383.53	4013.3	
383.73	5272.8	
383.94	5131.5	
384.14	3928	
384.35	3156.6	
384.55	5063.9	
384.76	5376.6	
384.96	3784	
385.17	4030.4	
385.37	5423.7	
385.58	4741.7	
385.78	4089.8	
385.98	3137.5	
386.19	5054.4	
386.39	5255.8	
386.6	3582.6	
386.8	3797.6	
387.01	5373.9	
387.21	5431.2	
387.42	4092.5	
387.62	4586.8	
387.83	4846.2	
388.03	5273.5	
388.23	3819.5	
388.44	4532.2	
388.64	4462.5	
388.85	4644.8	
389.05	4053.6	
389.26	4599.7	
389.46	6243.6	
389.67	5758.2	
389.87	4065.9	
390.07	4106.2	
390.28	5052.3	
390.48	4768.4	
390.69	3481.5	
390.89	3674.7	
391.1	4852.3	
391.3	5613.5	
391.5	4668.7	
391.71	5200.5	
391.91	5383.4	
392.12	6242.2	
392.32	4784.1	
392.53	4083	
392.73	4973.2	
392.93	5092.6	
393.14	3889.8	
393.34	4568.3	
393.55	5572.5	
393.75	5102.2	
393.95	3809.9	
394.16	3794.2	
394.36	4927.4	
394.57	5481.7	
394.77	3398.9	
394.98	3735.5	
395.18	4849.6	
395.38	4905.6	
395.59	4412	
395.79	3592.8	
396	4958.8	
396.2	5382.7	
396.4	4302.1	
396.61	4203.8	
396.81	5495.4	
397.02	4843.4	
397.22	4498	
397.42	4569.7	
397.63	5534.3	
397.83	4791.6	
398.04	3560.1	
398.24	3999.7	
398.44	5326.1	
398.65	4519.2	
398.85	3448.8	
399.05	3431.7	
399.26	4827.7	
399.46	6323.4	
399.67	3810.6	
399.87	3608.5	
400.07	5122.7	
400.28	5406.6	
400.48	3663.8	
400.69	4505.5	
400.89	5532.2	
401.09	6009.4	
401.3	3583.9	
401.5	4539.7	
401.7	6159.6	
401.91	6353.5	
402.11	3886.4	
402.32	4080.9	
402.52	5653.1	
402.72	5539.1	
402.93	4311.7	
403.13	3317.7	
403.33	6208.8	
403.54	5241.4	
403.74	4020.8	
403.94	4803.2	
404.15	5318.6	
404.35	6208.1	
404.56	3797.6	
404.76	5343.8	
404.96	5623	
405.17	5388.2	
405.37	4852.3	
405.57	4190.1	
405.78	5657.9	
405.98	5156.8	
406.18	3831.7	
406.39	4587.4	
406.59	5700.9	
406.79	5267.4	
407	3698.6	
407.2	3732.1	
407.4	5687.9	
407.61	5707	
407.81	3697.9	
408.01	5504.3	
408.22	4783.4	
408.42	6347.3	
408.62	4644.1	
408.83	4169	
409.03	5249.6	
409.23	5102.2	
409.44	4225	
409.64	4419.5	
409.84	6023.1	
410.05	5881.8	
410.25	4300.1	
410.45	4138.9	
410.66	5451	
410.86	7596.6	
411.06	4545.1	
411.27	4410.6	
411.47	7344.7	
411.67	5629.2	
411.88	4603.2	
412.08	4793.6	
412.28	6165.1	
412.49	6548	
412.69	4360.8	
412.89	4427	
413.09	6488	
413.3	6389.7	
413.5	4458.4	
413.7	4081.6	
413.91	5679.7	
414.11	6419	
414.31	4301.4	
414.52	4648.9	
414.72	6164.4	
414.92	6083.8	
415.12	4321.9	
415.33	4738.3	
415.53	6391	
415.73	6561.7	
415.94	5073.5	
416.14	4611.3	
416.34	5557.5	
416.55	5300.8	
416.75	5564.3	
416.95	5128.8	
417.15	6412.2	
417.36	6969.9	
417.56	5789.6	
417.76	5004.6	
417.97	6689.3	
418.17	6460.7	
418.37	4631.1	
418.57	4650.3	
418.78	6286.6	
418.98	5997.8	
419.18	5474.2	
419.38	5365.7	
419.59	6031.3	
419.79	5695.4	
419.99	4560.1	
420.2	4978.6	
420.4	6524.1	
420.6	6576.7	
420.8	4489.8	
421.01	4348.5	
421.21	6350.1	
421.41	6453.1	
421.61	4790.2	
421.82	4612	
422.02	5944.6	
422.22	6754.9	
422.42	5282.4	
422.63	5053	
422.83	6038.1	
423.03	7072.3	
423.23	5005.9	
423.44	4100.7	
423.64	6034	
423.84	5789.6	
424.04	4538.3	
424.25	4252.9	
424.45	6853.9	
424.65	6823.1	
424.85	4093.2	
425.06	4604.5	
425.26	6879.8	
425.46	6008.7	
425.66	5040.7	
425.87	4702.8	
426.07	6616.3	
426.27	6519.4	
426.47	4878.3	
426.67	4348.5	
426.88	6956.9	
427.08	6527.6	
427.28	5102.9	
427.48	4247.5	
427.69	5531.6	
427.89	6111.8	
428.09	5010	
428.29	4324.6	
428.5	6662	
428.7	6294.8	
428.9	4239.3	
429.1	4625	
429.3	6201.9	
429.51	6505.7	
429.71	4540.3	
429.91	5195.7	
430.11	6505	
430.31	6696.2	
430.52	4672.1	
430.72	4959.5	
430.92	6930.3	
431.12	6479.1	
431.32	4472.1	
431.53	4851.6	
431.73	5571.2	
431.93	6991.8	
432.13	4391.5	
432.33	4317.8	
432.54	5961	
432.74	6309.8	
432.94	4287.1	
433.14	5163.6	
433.34	6546.7	
433.55	6031.3	
433.75	5193	
433.95	6561	
434.15	6317.3	
434.35	6040.1	
434.56	4474.1	
434.76	4060.4	
434.96	6273.6	
435.16	6485.2	
435.36	4367	
435.56	5301.5	
435.77	5967.1	
435.97	6122.1	
436.17	5831.2	
436.37	5156.1	
436.57	5911.8	
436.78	5865.4	
436.98	5214.1	
437.18	5732.9	
437.38	6490	
437.58	6077.7	
437.78	5911.1	
437.99	4711	
438.19	6562.4	
438.39	7875.8	
438.59	4729.4	
438.79	4303.5	
438.99	7167.9	
439.2	6106.4	
439.4	4331.5	
439.6	4247.5	
439.8	6372.6	
440	7283.9	
440.2	5199.8	
440.4	5240.1	
440.61	6699.6	
440.81	7184.3	
441.01	4509.6	
441.21	5255.1	
441.41	7151.5	
441.61	6774	
441.81	5552	
442.02	6340.5	
442.22	7559.1	
442.42	6904.4	
442.62	4633.2	
442.82	4646.8	
443.02	7189.7	
443.22	6440.9	
443.43	5060.5	
443.63	4548.5	
443.83	6200.6	
444.03	6232.7	
444.23	5618.9	
444.43	5292.6	
444.63	6571.2	
444.83	7612.3	
445.04	4739.7	
445.24	5851	
445.44	6866.2	
445.64	6936.5	
445.84	5436.7	
446.04	5471.5	
446.24	6309.8	
446.44	7230	
446.65	4745.1	
446.85	5057.8	
447.05	6681.2	
447.25	7196.6	
447.45	5144.5	
447.65	4578.6	
447.85	6550.1	
448.05	6262.7	
448.25	5522.7	
448.46	5330.2	
448.66	6619.7	
448.86	6390.3	
449.06	4549.9	
449.26	5472.9	
449.46	6882.5	
449.66	6129.6	
449.86	5149.3	
450.06	5107.6	
450.26	6246.3	
450.47	6759	
450.67	5312.4	
450.87	5608.7	
451.07	6913.3	
451.27	6657.9	
451.47	4771.8	
451.67	5195.7	
451.87	6432	
452.07	7418.4	
452.27	5005.2	
452.47	4945.8	
452.67	6689.3	
452.88	7061.4	
453.08	4363.5	
453.28	6146.6	
453.48	7643.7	
453.68	6550.1	
453.88	4833.2	
454.08	5038	
454.28	6982.2	
454.48	6660.7	
454.68	5442.1	
454.88	5872.2	
455.08	7023.2	
455.28	6729.6	
455.48	4775.9	
455.68	5378	
455.89	7421.8	
456.09	7219.1	
456.29	4983.4	
456.49	5161.6	
456.69	7400.7	
456.89	6664.8	
457.09	5485.1	
457.29	5874.9	
457.49	7010.9	
457.69	7105.8	
457.89	5393.7	
458.09	4929.5	
458.29	6773.3	
458.49	7464.2	
458.69	5733.6	
458.89	5275.6	
459.09	7638.9	
459.29	7751.6	
459.49	5447.6	
459.69	6127.5	
459.9	7264.1	
460.1	6867.5	
460.3	5284.4	
460.5	5113.8	
460.7	7247.1	
460.9	6919.4	
461.1	4843.4	
461.3	5967.1	
461.5	7784.3	
461.7	7535.8	
461.9	5171.8	
462.1	5646.9	
462.3	7061.4	
462.5	7581.6	
462.7	5272.2	
462.9	5439.4	
463.1	8358.4	
463.3	8137.9	
463.5	5502.2	
463.7	6316.6	
463.9	7261.4	
464.1	7591.1	
464.3	5706.3	
464.5	5905.7	
464.7	7841	
464.9	7540.6	
465.1	7017	
465.3	6215.6	
465.5	8162.5	
465.7	8158.4	
465.9	6408.8	
466.1	6270.2	
466.3	7980.3	
466.5	7814.4	
466.7	7089.4	
466.9	6073.6	
467.1	7791.2	
467.3	8596	
467.5	7008.1	
467.7	6042.9	
467.9	8770.8	
468.1	9507.4	
468.3	6782.2	
468.5	7051.8	
468.7	7711.3	
468.9	7705.1	
469.1	6372.6	
469.3	6942.6	
469.5	9471.2	
469.7	7414.3	
469.9	6733.7	
470.1	6154.8	
470.3	7894.9	
470.5	7845.8	
470.7	7311.9	
470.9	6238.8	
471.1	7703.1	
471.3	8047.2	
471.5	6119.3	
471.69	7636.9	
471.89	7595.9	
472.09	7191.1	
472.29	6723.5	
472.49	7105.8	
472.69	7391.8	
472.89	8035.5	
473.09	6064	
473.29	6035.4	
473.49	7477.8	
473.69	7576.1	
473.89	6907.1	
474.09	6237.4	
474.29	8758.5	
474.49	8433.5	
474.69	6942.6	
474.89	6429.9	
475.09	7714	
475.29	7600	
475.49	5948.7	
475.69	6107	
475.88	9092.3	
476.08	8089.5	
476.28	5883.8	
476.48	6161.7	
476.68	8375.5	
476.88	8111.3	
477.08	6102.9	
477.28	6386.9	
477.48	7757	
477.68	8337.3	
477.88	5899.5	
478.08	6180.8	
478.28	8591.9	
478.48	7830.1	
478.67	6294.1	
478.87	5748.6	
479.07	8495	
479.27	7992.5	
479.47	6442.2	
479.67	6492.1	
479.87	8286.1	
480.07	8697.7	
480.27	5886.5	
480.47	7250.5	
480.67	8006.9	
480.87	8574.8	
481.06	6156.9	
481.26	6836.1	
481.46	7934.5	
481.66	7917.4	
481.86	6630.6	
482.06	7329.7	
482.26	7748.8	
482.46	8624.7	
482.66	6525.5	
482.86	6040.8	
483.05	8075.1	
483.25	7486	
483.45	8613.8	
483.65	6447.7	
483.85	7677.2	
484.05	7974.1	
484.25	6853.9	
484.45	7337.9	
484.65	8700.5	
484.84	8699.8	
485.04	6358.9	
485.24	6354.8	
485.44	9004.2	
485.64	7455.3	
485.84	5940.5	
486.04	6982.2	
486.24	7809.6	
486.44	8189.8	
486.63	5837.4	
486.83	6618.4	
487.03	7815.7	
487.23	7938.6	
487.43	5974.6	
487.63	7885.4	
487.83	8002.1	
488.02	8849.3	
488.22	6802	
488.42	7348.8	
488.62	8785.1	
488.82	7879.2	
489.02	6423.1	
489.22	6587.6	
489.41	8666.3	
489.61	8389.8	
489.81	6319.3	
490.01	6362.4	
490.21	8675.9	
490.41	9313.5	
490.61	6382.8	
490.8	6489.3	
491	8206.9	
491.2	7755.7	
491.4	7010.9	
491.6	6247.7	
491.8	8306.6	
491.99	8305.9	
492.19	6042.2	
492.39	6274.3	
492.59	8571.4	
492.79	8583	
492.99	7075.7	
493.18	6261.3	
493.38	8735.3	
493.58	9452.1	
493.78	6885.3	
493.98	6556.9	
494.18	8502.5	
494.37	8006.9	
494.57	7202.7	
494.77	7048.4	
494.97	8736	
495.17	9014.5	
495.37	6720.8	
495.56	7125.6	
495.76	9164	
495.96	8867	
496.16	7977.5	
496.36	7012.9	
496.55	9094.3	
496.75	8703.2	
496.95	7374.1	
497.15	7229.3	
497.35	9131.2	
497.54	9022.7	
497.74	7037.5	
497.94	8378.2	
498.14	9611.1	
498.34	9534.7	
498.53	6837.5	
498.73	7458.7	
498.93	8574.8	
499.13	9047.2	
499.33	7364.5	
499.52	7776.1	
499.72	9113.5	
499.92	9359.9	
500.12	7057.3	
500.32	7342	
500.51	9368.1	
500.71	9208.4	
500.91	8006.9	
501.11	7715.4	
501.31	9288.2	
501.5	9678.7	
501.7	8229.4	
501.9	7401.4	
502.1	9133.9	
502.29	9495.1	
502.49	7871	
502.69	8266.3	
502.89	9366.7	
503.09	9326.4	
503.28	6958.3	
503.48	7120.1	
503.68	8634.9	
503.88	8704.5	
504.07	7830.1	
504.27	7419.1	
504.47	9044.5	
504.67	9130.5	
504.86	7817.1	
505.06	7528.3	
505.26	8726.4	
505.46	10311	
505.65	7438.9	
505.85	7656	
506.05	8753.7	
506.25	9105.3	
506.44	6894.8	
506.64	7684.7	
506.84	8566	
507.04	9377	
507.23	7105.8	
507.43	7529	
507.63	10338	
507.83	8830.8	
508.02	7511.9	
508.22	7215.7	
508.42	10563	
508.62	8650.6	
508.81	7765.2	
509.01	7946.8	
509.21	8502.5	
509.4	8692.9	
509.6	7660.1	
509.8	7029.3	
510	8690.9	
510.19	9934.7	
510.39	7040.2	
510.59	7256.6	
510.79	8551.6	
510.98	9824.8	
511.18	7225.9	
511.38	7413	
511.57	9338.7	
511.77	9116.2	
511.97	7869	
512.17	7155.6	
512.36	9317.6	
512.56	9196.7	
512.76	7017	
512.95	6884.6	
513.15	9439.1	
513.35	8165.9	
513.55	7843.7	
513.74	7131	
513.94	9381.7	
514.14	8770.1	
514.33	7950.2	
514.53	7623.9	
514.73	8781.7	
514.92	8972.8	
515.12	7225.9	
515.32	7048.4	
515.51	9024	
515.71	9430.2	
515.91	8578.3	
516.11	7168.6	
516.3	10519	
516.5	8665	
516.7	7742.7	
516.89	8164.6	
517.09	8847.9	
517.29	8733.2	
517.48	7929.7	
517.68	7433.4	
517.88	8683.4	
518.07	9166	
518.27	7872.4	
518.47	7012.9	
518.66	9590	
518.86	8417.2	
519.06	6926.9	
519.25	7256	
519.45	8740	
519.65	9982.5	
519.84	7817.8	
520.04	8461.5	
520.24	10445	
520.43	9357.9	
520.63	7591.1	
520.83	7435.5	
521.02	8645.8	
521.22	9224.1	
521.42	7881.3	
521.61	8366	
521.81	8897.1	
522.01	9033.6	
522.2	7636.9	
522.4	7415	
522.6	9358.5	
522.79	8320.2	
522.99	7474.4	
523.18	6961.7	
523.38	9142.1	
523.58	9181	
523.77	8631.5	
523.97	7000	
524.17	10716	
524.36	10139	
524.56	8163.2	
524.76	7886	
524.95	9235	
525.15	8923.7	
525.34	7801.4	
525.54	7815.7	
525.74	9680.7	
525.93	8787.8	
526.13	8865.7	
526.33	7868.3	
526.52	10132	
526.72	9590	
526.91	8910	
527.11	8314.1	
527.31	9925.8	
527.5	10359	
527.7	8259.5	
527.89	7333.8	
528.09	9049.3	
528.29	9633	
528.48	8585.1	
528.68	8207.6	
528.87	9936.1	
529.07	10046	
529.27	8166.6	
529.46	7927.7	
529.66	9680.7	
529.85	10155	
530.05	7838.9	
530.25	8420.6	
530.44	10894	
530.64	9676.7	
530.83	8034.9	
531.03	8270.4	
531.23	10113	
531.42	9808.4	
531.62	8883.4	
531.81	8181.6	
532.01	10114	
532.21	10374	
532.4	7971.4	
532.6	8282	
532.79	10937	
532.99	10232	
533.18	8431.5	
533.38	9318.3	
533.58	9893.7	
533.77	10608	
533.97	8452.6	
534.16	9185.8	
534.36	10697	
534.55	9899.2	
534.75	9377.6	
534.95	8555	
535.14	10671	
535.34	10028	
535.53	8253.3	
535.73	9941.5	
535.92	11154	
536.12	10152	
536.31	8429.4	
536.51	9377	
536.71	10340	
536.9	9998.9	
537.1	8436.3	
537.29	8555	
537.49	10667	
537.68	9874.6	
537.88	8879.3	
538.07	8258.1	
538.27	10068	
538.46	11067	
538.66	8130.4	
538.86	8492.2	
539.05	10209	
539.25	10667	
539.44	8892.3	
539.64	8505.2	
539.83	10062	
540.03	10905	
540.22	8371.4	
540.42	8529.1	
540.61	10349	
540.81	10455	
541	8871.8	
541.2	9359.9	
541.39	9827.5	
541.59	10197	
541.78	9042.5	
541.98	8428.8	
542.18	9594.7	
542.37	9633.6	
542.57	8654	
542.76	9157.8	
542.96	9689.6	
543.15	10198	
543.35	8679.3	
543.54	8059.4	
543.74	10383	
543.93	10113	
544.13	8596	
544.32	9529.2	
544.52	10236	
544.71	9564	
544.91	7800.7	
545.1	8938	
545.3	9694.4	
545.49	10273	
545.69	7807.5	
545.88	8353	
546.08	11069	
546.27	10706	
546.47	8749.6	
546.66	8155.7	
546.86	10373	
547.05	10969	
547.24	8288.1	
547.44	8183.7	
547.63	9471.9	
547.83	10525	
548.02	8568.7	
548.22	8691.6	
548.41	9372.2	
548.61	10560	
548.8	8136.6	
549	8135.2	
549.19	9920.4	
549.39	10266	
549.58	7876.5	
549.78	8413.1	
549.97	10262	
550.17	9849.4	
550.36	9033.6	
550.55	9858.9	
550.75	9856.9	
550.94	10645	
551.14	7983.7	
551.33	8326.4	
551.53	9266.4	
551.72	10049	
551.92	8353	
552.11	8112	
552.31	10142	
552.5	10133	
552.69	9561.3	
552.89	7773.4	
553.08	10026	
553.28	9719.7	
553.47	8181	
553.67	9090.3	
553.86	10667	
554.06	9155.8	
554.25	7458.7	
554.44	7953.6	
554.64	11156	
554.83	10907	
555.03	7905.8	
555.22	8251.3	
555.42	10264	
555.61	9983.2	
555.8	8211.7	
556	8381.7	
556.19	9238.4	
556.39	10238	
556.58	8236.9	
556.78	8140	
556.97	9835	
557.16	9566.1	
557.36	9148.3	
557.55	7834.8	
557.75	9024.7	
557.94	10527	
558.13	7911.3	
558.33	7669	
558.52	10335	
558.72	9342.2	
558.91	7783.6	
559.1	8020.5	
559.3	9062.3	
559.49	8805.6	
559.69	7433.4	
559.88	8327.7	
560.07	9838.4	
560.27	10291	
560.46	8476.5	
560.66	8527.7	
560.85	9626.8	
561.04	9011.1	
561.24	7789.1	
561.43	7927.7	
561.63	9115.5	
561.82	9474.6	
562.01	9021.3	
562.21	8119.5	
562.4	9742.2	
562.59	10490	
562.79	8107.2	
562.98	7662.1	
563.18	9688.3	
563.37	10957	
563.56	8507.3	
563.76	7759.1	
563.95	9357.2	
564.14	9189.9	
564.34	8091.5	
564.53	7929.7	
564.73	9749	
564.92	9943.6	
565.11	8178.2	
565.31	7710.6	
565.5	10251	
565.69	9322.4	
565.89	7956.4	
566.08	8143.4	
566.27	10119	
566.47	10600	
566.66	8776.2	
566.85	7658	
567.05	9951.8	
567.24	9258.2	
567.44	7880.6	
567.63	9080	
567.82	10043	
568.02	9879.4	
568.21	7897.7	
568.4	8098.4	
568.6	9755.2	
568.79	9626.8	
568.98	7747.5	
569.18	7905.2	
569.37	9701.2	
569.56	11363	
569.76	8256.7	
569.95	9127.8	
570.14	10161	
570.34	9948.3	
570.53	7847.1	
570.72	7848.5	
570.91	10539	
571.11	9730.6	
571.3	8292.2	
571.49	9133.3	
571.69	9841.9	
571.88	9472.5	
572.07	8741.4	
572.27	8732.5	
572.46	9323	
572.65	10342	
572.85	8120.9	
573.04	8405.5	
573.23	10537	
573.43	9921	
573.62	7894.9	
573.81	8524.3	
574	9881.4	
574.2	9782.5	
574.39	8237.6	
574.58	8402.8	
574.78	10798	
574.97	9987.9	
575.16	8761.9	
575.36	8855.4	
575.55	10367	
575.74	10526	
575.93	8011.7	
576.13	9086.2	
576.32	9932	
576.51	10407	
576.71	8346.2	
576.9	9762	
577.09	10828	
577.28	10291	
577.48	8738.7	
577.67	7996.6	
577.86	10024	
578.05	10274	
578.25	8583.7	
578.44	8549.6	
578.63	10178	
578.83	11194	
579.02	8123.6	
579.21	9443.9	
579.4	10294	
579.6	10087	
579.79	8790.6	
579.98	10612	
580.17	10593	
580.37	10703	
580.56	8269	
580.75	8996.7	
580.94	10978	
581.14	10951	
581.33	9305.3	
581.52	8395.3	
581.71	10479	
581.91	11140	
582.1	8210.3	
582.29	8630.8	
582.48	10222	
582.68	10163	
582.87	9076.6	
583.06	8789.2	
583.25	10474	
583.45	9961.3	
583.64	9388.6	
583.83	9842.5	
584.02	10049	
584.21	10457	
584.41	9349	
584.6	8680.7	
584.79	10281	
584.98	10804	
585.18	8339.3	
585.37	8239	
585.56	9852.8	
585.75	10600	
585.94	8404.9	
586.14	9063.6	
586.33	11064	
586.52	10307	
586.71	8879.3	
586.91	8673.8	
587.1	9736.7	
587.29	10581	
587.48	8532.5	
587.67	8429.4	
587.87	10411	
588.06	10422	
588.25	9594.7	
588.44	8923.7	
588.63	10083	
588.83	10636	
589.02	8575.5	
589.21	8347.5	
589.4	10038	
589.59	9878.7	
589.78	7789.8	
589.98	7961.1	
590.17	9398.8	
590.36	9951.8	
590.55	7354.3	
590.74	8071	
590.94	10938	
591.13	9656.2	
591.32	7772.7	
591.51	7447.8	
591.7	9980.4	
591.89	9588.6	
592.09	7515.4	
592.28	7957.7	
592.47	8862.2	
592.66	10700	
592.85	7535.2	
593.05	7742.7	
593.24	9543.5	
593.43	10153	
593.62	7784.3	
593.81	8155.7	
594	9567.4	
594.19	9668.5	
594.39	7658.7	
594.58	7692.9	
594.77	9865.1	
594.96	10248	
595.15	7726.3	
595.34	8241.7	
595.54	9717.6	
595.73	8972.2	
595.92	7137.9	
596.11	8043.1	
596.3	10170	
596.49	9074.5	
596.68	7781.6	
596.88	8262.9	
597.07	9966.1	
597.26	8948.9	
597.45	7367.2	
597.64	8396	
597.83	9131.9	
598.02	9642.5	
598.22	7524.9	
598.41	8075.8	
598.6	9570.8	
598.79	9068.4	
598.98	7523.6	
599.17	8344.8	
599.36	9602.9	
599.55	10430	
599.74	9319.6	
599.94	8955.8	
600.13	9919	
600.32	8981	
600.51	7207.5	
600.7	7379.5	
600.89	10505	
601.08	10492	
601.27	7200.7	
601.47	7956.4	
601.66	9787.2	
601.85	10343	
602.04	7854	
602.23	7980.3	
602.42	9028.8	
602.61	9584.5	
602.8	7653.3	
602.99	7397.3	
603.18	9243.2	
603.37	9439.8	
603.57	8033.5	
603.76	8515.5	
603.95	10070	
604.14	9737.4	
604.33	7461.4	
604.52	7836.2	
604.71	9482.8	
604.9	9113.5	
605.09	8514.8	
605.28	8169.3	
605.47	9912.9	
605.66	9602.9	
605.86	8087.4	
606.05	7533.1	
606.24	10015	
606.43	8727.1	
606.62	7815	
606.81	8428.8	
607	9734	
607.19	9274.6	
607.38	7210.2	
607.57	7421.8	
607.76	9003.6	
607.95	8581	
608.14	7822.6	
608.33	8363.2	
608.52	8998.8	
608.72	9785.2	
608.91	7229.3	
609.1	7134.4	
609.29	9074.5	
609.48	8642.4	
609.67	7995.3	
609.86	7139.2	
610.05	8785.8	
610.24	8966.7	
610.43	7012.2	
610.62	6736.5	
610.81	10041	
611	9775	
611.19	7135.1	
611.38	7801.4	
611.57	9284.8	
611.76	10339	
611.95	6959.7	
612.14	6770.6	
612.33	9082.7	
612.52	8686.1	
612.71	7399.3	
612.9	6765.8	
613.09	8422.6	
613.28	10344	
613.47	7341.3	
613.66	8075.8	
613.85	9320.3	
614.04	8776.9	
614.24	7353.6	
614.43	6565.1	
614.62	9325.8	
614.81	9201.5	
615	7712.7	
615.19	7713.3	
615.38	8637.6	
615.57	9073.9	
615.76	7608.9	
615.95	8456.7	
616.14	9422.7	
616.33	9064.3	
616.52	7872.4	
616.71	8094.3	
616.9	9343.5	
617.09	9121	
617.28	7315.3	
617.47	8413.7	
617.66	8602.2	
617.85	8587.8	
618.04	8062.2	
618.22	7672.4	
618.41	8884.8	
618.6	9692.4	
618.79	7632.1	
618.98	7363.8	
619.17	9962.7	
619.36	8512	
619.55	7489.4	
619.74	7568.6	
619.93	9376.3	
620.12	8855.4	
620.31	8082	
620.5	8268.3	
620.69	9854.8	
620.88	10198	
621.07	8825.4	
621.26	8021.2	
621.45	9620	
621.64	9508.7	
621.83	8183.7	
622.02	7492.2	
622.21	9674.6	
622.4	9454.8	
622.59	8557.8	
622.78	8280.6	
622.97	9022	
623.16	9968.1	
623.35	8170	
623.54	7302.4	
623.72	9308.7	
623.91	9465.7	
624.1	8417.8	
624.29	7189.7	
624.48	10303	
624.67	9696.4	
624.86	8312.7	
625.05	7451.9	
625.24	10528	
625.43	9140.1	
625.62	9678	
625.81	7544.7	
626	9826.2	
626.19	9323.7	
626.38	8206.2	
626.56	7770	
626.75	9230.9	
626.94	9901.2	
627.13	8326.4	
627.32	7177.4	
627.51	9796.1	
627.7	10777	
627.89	7309.9	
628.08	8351.6	
628.27	9107.3	
628.46	9209	
628.65	7632.8	
628.83	7266.9	
629.02	9737.4	
629.21	9046.6	
629.4	8032.8	
629.59	8206.9	
629.78	9107.3	
629.97	9871.2	
630.16	8141.4	
630.35	7694.2	
630.54	10316	
630.72	9972.9	
630.91	7723.6	
631.1	8131.8	
631.29	9546.3	
631.48	9690.3	
631.67	8237.6	
631.86	7718.8	
632.05	9164	
632.24	9324.4	
632.42	7421.2	
632.61	8094.9	
632.8	9266.4	
632.99	9012.4	
633.18	8013.7	
633.37	8393.3	
633.56	9478.7	
633.75	9439.1	
633.93	8007.6	
634.12	7754.3	
634.31	10187	
634.5	9829.6	
634.69	7722.2	
634.88	8130.4	
635.07	9405	
635.25	9810.5	
635.44	8445.8	
635.63	8624.7	
635.82	9207.7	
636.01	8677.2	
636.2	8443.8	
636.39	8013	
636.57	10206	
636.76	9796.8	
636.95	7505.1	
637.14	8706.6	
637.33	9600.9	
637.52	10355	
637.7	7357	
637.89	8151.6	
638.08	9296.4	
638.27	10434	
638.46	8307.9	
638.65	8669.1	
638.83	10404	
639.02	8959.9	
639.21	8170	
639.4	8634.9	
639.59	9446.6	
639.78	9027.4	
639.96	7529	
640.15	7587.7	
640.34	9351	
640.53	9422.7	
640.72	7354.9	
640.91	7589.8	
641.09	8694.3	
641.28	9885.5	
641.47	7507.2	
641.66	8264.2	
641.85	9436.4	
642.03	9543.5	
642.22	7935.9	
642.41	7589.1	
642.6	8910.7	
642.79	8314.8	
642.97	7434.1	
643.16	8075.1	
643.35	8839	
643.54	8632.2	
643.73	7294.2	
643.91	8051.2	
644.1	8573.5	
644.29	9090.3	
644.48	7402	
644.67	7346.1	
644.85	8750.3	
645.04	9046.6	
645.23	7121.5	
645.42	7372	
645.6	8632.9	
645.79	9587.9	
645.98	7169.9	
646.17	6311.2	
646.36	8226	
646.54	8703.9	
646.73	7826	
646.92	6903.7	
647.11	8422.6	
647.29	9323.7	
647.48	6933.1	
647.67	6705	
647.86	9510.1	
648.05	9538.8	
648.23	7110.5	
648.42	8271.7	
648.61	8933.2	
648.8	8756.4	
648.98	6769.2	
649.17	7094.8	
649.36	8301.1	
649.55	7933.8	
649.73	6810.9	
649.92	7516.7	
650.11	8253.3	
650.3	8529.8	
650.48	6997.2	
650.67	6803.4	
650.86	8874.5	
651.05	7934.5	
651.23	6983.6	
651.42	6866.8	
651.61	8266.3	
651.79	8277.2	
651.98	7092.1	
652.17	6660	
652.36	8579.6	
652.54	7798	
652.73	6845.7	
652.92	6640.2	
653.11	8775.5	
653.29	8774.2	
653.48	6172.6	
653.67	7038.2	
653.85	8499.8	
654.04	9372.9	
654.23	7217.7	
654.42	6807.4	
654.6	8051.2	
654.79	8510.7	
654.98	6258.6	
655.16	6722.8	
655.35	7609.6	
655.54	7471	
655.73	6268.1	
655.91	6179.4	
656.1	8404.9	
656.29	7424.6	
656.47	5750.7	
656.66	7237.5	
656.85	7651.9	
657.03	7784.3	
657.22	6269.5	
657.41	6374.6	
657.59	7875.1	
657.78	7705.1	
657.97	6037.4	
658.16	6754.9	
658.34	8459.5	
658.53	8781	
658.72	7535.2	
658.9	7842.4	
659.09	8079.2	
659.28	8086.7	
659.46	6494.1	
659.65	6409.5	
659.84	7799.3	
660.02	8316.1	
660.21	6315.9	
660.4	6333.7	
660.58	8606.2	
660.77	8003.5	
660.96	6848.4	
661.14	6047.7	
661.33	8946.9	
661.52	8968.1	
661.7	6054.5	
661.89	9110.7	
662.08	7688.1	
662.26	7385	
662.45	6240.8	
662.64	6354.2	
662.82	8354.3	
663.01	7642.3	
663.2	6339.1	
663.38	6950.1	
663.57	8277.2	
663.75	8146.8	
663.94	6539.2	
664.13	7593.9	
664.31	7698.3	
664.5	8239	
664.69	6902.3	
664.87	7283.3	
665.06	7462.1	
665.25	8156.4	
665.43	7442.3	
665.62	7552.2	
665.8	8320.9	
665.99	7821.9	
666.18	6681.2	
666.36	6636.8	
666.55	8395.3	
666.74	8170.7	
666.92	6301.6	
667.11	7656	
667.29	7805.5	
667.48	8287.4	
667.67	7326.9	
667.85	6432	
668.04	7914.7	
668.22	7755.7	
668.41	6655.9	
668.6	6741.9	
668.78	7677.8	
668.97	7802.1	
669.15	6931	
669.34	6013.5	
669.53	7600	
669.71	7896.3	
669.9	6137.1	
670.08	6686.6	
670.27	7605.5	
670.46	8107.9	
670.64	6910.5	
670.83	7126.2	
671.01	7496.2	
671.2	7996	
671.38	6287.9	
671.57	6107	
671.76	8544.1	
671.94	9003.6	
672.13	6075	
672.31	7052.5	
672.5	8251.3	
672.69	7671	
672.87	6258.6	
673.06	6462	
673.24	8087.4	
673.43	7690.1	
673.61	6818.4	
673.8	6425.2	
673.98	8198	
674.17	8389.8	
674.36	7068.9	
674.54	6829.3	
674.73	7912	
674.91	8177.5	
675.1	6584.9	
675.28	6242.2	
675.47	7820.5	
675.65	8247.2	
675.84	6441.5	
676.03	6764.4	
676.21	7617.1	
676.4	7193.8	
676.58	7139.9	
676.77	6933.7	
676.95	8897.7	
677.14	7540.6	
677.32	6210.1	
677.51	6088.6	
677.69	8215.1	
677.88	7305.1	
678.06	6100.2	
678.25	6170.5	
678.44	7831.4	
678.62	7592.5	
678.81	5922.7	
678.99	6746	
679.18	8482.7	
679.36	8075.8	
679.55	6356.9	
679.73	6903	
679.92	8079.9	
680.1	7600	
680.29	7499.7	
680.47	6431.3	
680.66	7574.8	
680.84	8344.8	
681.03	5823.7	
681.21	6768.5	
681.4	7621.2	
681.58	7448.5	
681.77	6241.5	
681.95	6137.8	
682.14	8268.3	
682.32	8499.8	
682.51	6905.8	
682.69	5945.9	
682.88	7526.3	
683.06	7977.5	
683.25	6674.3	
683.43	7144	
683.62	7783.6	
683.8	8124.3	
683.99	7164.5	
684.17	6612.9	
684.36	8832.9	
684.54	7754.3	
684.73	5924.1	
684.91	6075	
685.1	7946.8	
685.28	7400.7	
685.46	6508.4	
685.65	6483.9	
685.83	7970	
686.02	7457.3	
686.2	5877	
686.39	6062.7	
686.57	7118.1	
686.76	8468.4	
686.94	5941.2	
687.13	6100.9	
687.31	7768.6	
687.5	7507.9	
687.68	5685.8	
687.86	6673.6	
688.05	8885.5	
688.23	6997.9	
688.42	6756.2	
688.6	6075.6	
688.79	7363.8	
688.97	7429.3	
689.16	6389	
689.34	5511.8	
689.52	8073.8	
689.71	8238.3	
689.89	6640.9	
690.08	6058.6	
690.26	7741.3	
690.45	7527.7	
690.63	6892.8	
690.81	6199.9	
691	7497.6	
691.18	7428.7	
691.37	6326.9	
691.55	8191.2	
691.74	7418.4	
691.92	9060.2	
692.1	6377.4	
692.29	5851.7	
692.47	7505.8	
692.66	6871.6	
692.84	6028.5	
693.02	6461.3	
693.21	7012.2	
693.39	7450.5	
693.58	6617.7	
693.76	6099.5	
693.94	8484.1	
694.13	8335.2	
694.31	6039.5	
694.5	6976.1	
694.68	7279.8	
694.86	7623.2	
695.05	6304.3	
695.23	6812.2	
695.42	7992.5	
695.6	9927.2	
695.78	6903	
695.97	6075	
696.15	8014.4	
696.34	7469.6	
696.52	5974.6	
696.7	6681.2	
696.89	7829.4	
697.07	7272.3	
697.25	6561	
697.44	7759.1	
697.62	7695.6	
697.81	7979.6	
697.99	6313.2	
698.17	6747.4	
698.36	7111.9	
698.54	7804.1	
698.72	6585.6	
698.91	5721.3	
699.09	7369.3	
699.28	7253.2	
699.46	6259.3	
699.64	6127.5	
699.83	7189.7	
700.01	8185	
700.19	6836.8	
700.38	5429.8	
700.56	8176.9	
700.74	7175.4	
700.93	5713.2	
701.11	6503.7	
701.29	7712.7	
701.48	8647.2	
701.66	5971.2	
701.84	6007.4	
702.03	7326.3	
702.21	7943.4	
702.39	5634.6	
702.58	6170.5	
702.76	7725.6	
702.94	7752.2	
703.13	5668.1	
703.31	7672.4	
703.49	7111.9	
703.68	7959.8	
703.86	5763	
704.04	6660	
704.23	7580.9	
704.41	7912.7	
704.59	5945.3	
704.78	6904.4	
704.96	8522.3	
705.14	7828	
705.33	5644.9	
705.51	6328.2	
705.69	7286	
705.87	8036.9	
706.06	6626.5	
706.24	5667.4	
706.42	7500.3	
706.61	7828	
706.79	6629.3	
706.97	5601.2	
707.16	7092.8	
707.34	7651.9	
707.52	6597.9	
707.7	5862.7	
707.89	7292.1	
708.07	6872.3	
708.25	6512.5	
708.44	6901	
708.62	7195.9	
708.8	8090.8	
708.98	6821.1	
709.17	5816.2	
709.35	7435.5	
709.53	7424.6	
709.72	5545.9	
709.9	5960.3	
710.08	7667.6	
710.26	7726.3	
710.45	6959	
710.63	5878.4	
710.81	7367.2	
710.99	7344	
711.18	6376.7	
711.36	5948.7	
711.54	7247.8	
711.72	7795.3	
711.91	6017.6	
712.09	5460.6	
712.27	7284.6	
712.45	7833.5	
712.64	6100.9	
712.82	5300.1	
713	6834.8	
713.18	6961.7	
713.37	5451.7	
713.55	6455.2	
713.73	7721.5	
713.91	6508.4	
714.1	5786.9	
714.28	5265.3	
714.46	7351.5	
714.64	6619	
714.83	4707.6	
715.01	5386.8	
715.19	6676.4	
715.37	6091.3	
715.55	5077.6	
715.74	5309	
715.92	7298.3	
716.1	5556.8	
716.28	6242.9	
716.47	5394.3	
716.65	6239.5	
716.83	6198.5	
717.01	5294.7	
717.19	5332.2	
717.38	8016.4	
717.56	6012.8	
717.74	5442.1	
717.92	4660.5	
718.1	6970.6	
718.29	6283.2	
718.47	4382.7	
718.65	4916.5	
718.83	6947.4	
719.01	6881.9	
719.2	4351.9	
719.38	5259.9	
719.56	6572.6	
719.74	7984.3	
719.92	4982.7	
720.11	5879	
720.29	6700.3	
720.47	5914.5	
720.65	4528.1	
720.83	5257.1	
721.02	6216.3	
721.2	6027.9	
721.38	5266.7	
721.56	4600.4	
721.74	5597.8	
721.92	5687.9	
722.11	5592.3	
722.29	5448.3	
722.47	6812.2	
722.65	6085.2	
722.83	4597	
723.01	5426.4	
723.2	6137.1	
723.38	6366.5	
723.56	4112.3	
723.74	5055.8	
723.92	5751.4	
724.1	6682.5	
724.29	4548.5	
724.47	5468.8	
724.65	5765.7	
724.83	5663.3	
725.01	4416.8	
725.19	5114.5	
725.37	5691.3	
725.56	5732.9	
725.74	4250.2	
725.92	4513	
726.1	5626.5	
726.28	5912.5	
726.46	4838	
726.64	4603.2	
726.83	5912.5	
727.01	6076.3	
727.19	4232.5	
727.37	4948.6	
727.55	5988.9	
727.73	6410.1	
727.91	4173.1	
728.09	4089.1	
728.28	6511.2	
728.46	6901	
728.64	5010.7	
728.82	4945.8	
729	7283.9	
729.18	6716	
729.36	4211.3	
729.54	6223.1	
729.72	7550.2	
729.91	6008.1	
730.09	5898.2	
730.27	4788.2	
730.45	5952.1	
730.63	6466.1	
730.81	5289.9	
730.99	4543.1	
731.17	6938.5	
731.35	5671.5	
731.53	4960.9	
731.71	4713.7	
731.9	6701	
732.08	6883.9	
732.26	4878.3	
732.44	4561.5	
732.62	6868.9	
732.8	6453.8	
732.98	5158.8	
733.16	4362.2	
733.34	6407.4	
733.52	5335.6	
733.7	4841.4	
733.88	5014.1	
734.07	6278.4	
734.25	6059.9	
734.43	4327.4	
734.61	5640.1	
734.79	7366.5	
734.97	5969.8	
735.15	4428.4	
735.33	4766.3	
735.51	6243.6	
735.69	5926.1	
735.87	5634.6	
736.05	4934.9	
736.23	5918.6	
736.41	5840.1	
736.59	4702.8	
736.77	4825	
736.95	6485.2	
737.13	5892.7	
737.32	4392.9	
737.5	4573.8	
737.68	6915.3	
737.86	5855.8	
738.04	4229.1	
738.22	5816.9	
738.4	5681.7	
738.58	5950	
738.76	4768.4	
738.94	3876.1	
739.12	5832.6	
739.3	5643.5	
739.48	5300.8	
739.66	5038.7	
739.84	6074.3	
740.02	5942.5	
740.2	4016.7	
740.38	4287.1	
740.56	6328.2	
740.74	5255.8	
740.92	4844.1	
741.1	4792.9	
741.28	5810.1	
741.46	5607.3	
741.64	4417.5	
741.82	4853.7	
742	5838.1	
742.18	5737.7	
742.36	4598.4	
742.54	4236.6	
742.72	6359.6	
742.9	5188.2	
743.08	4946.5	
743.26	3865.9	
743.44	6423.1	
743.62	6328.9	
743.8	4980.7	
743.98	4218.1	
744.16	6054.5	
744.34	5815.5	
744.52	4983.4	
744.7	4857.8	
744.88	6175.3	
745.06	5759.6	
745.24	5028.4	
745.42	5058.5	
745.6	6353.5	
745.78	6027.2	
745.96	4042.7	
746.14	4209.9	
746.32	6908.5	
746.5	6287.9	
746.68	4681	
746.86	4234.5	
747.03	6560.3	
747.21	5139	
747.39	4669.4	
747.57	4197	
747.75	5825.1	
747.93	6207.4	
748.11	4215.4	
748.29	4156	
748.47	7247.1	
748.65	5622.4	
748.83	4756.7	
749.01	4549.9	
749.19	6125.5	
749.37	5308.3	
749.55	4432.5	
749.73	4584.7	
749.91	5800.5	
750.09	5527.5	
750.26	4595.6	
750.44	4120.5	
750.62	5791.7	
750.8	5705	
750.98	3992.2	
751.16	4238.6	
751.34	5896.8	
751.52	5307.7	
751.7	4949.9	
751.88	3919.1	
752.06	6299.6	
752.24	5993.7	
752.42	3904.8	
752.59	4219.5	
752.77	5723.4	
752.95	6782.2	
753.13	4833.9	
753.31	4260.5	
753.49	5467.4	
753.67	5842.9	
753.85	4489.1	
754.03	4158.1	
754.21	6161.7	
754.38	6387.6	
754.56	4330.1	
754.74	3485.6	
754.92	5436.7	
755.1	6068.8	
755.28	3555.3	
755.46	3624.9	
755.64	6732.4	
755.82	6839.5	
755.99	3893.2	
756.17	4019.5	
756.35	4700.8	
756.53	6049	
756.71	3052.2	
756.89	3821.5	
757.07	5664	
757.25	4863.9	
757.42	4226.3	
757.6	5049.6	
757.78	5713.8	
757.96	4830.5	
758.14	3975.8	
758.32	3556	
758.5	4456.4	
758.67	5229.8	
758.85	3822.2	
759.03	3962.1	
759.21	5398.4	
759.39	4869.4	
759.57	3448.1	
759.75	4482.3	
759.92	5913.9	
760.1	5343.8	
760.28	4817.5	
760.46	4941.7	
760.64	5126.1	
760.82	4935.6	
760.99	4622.3	
761.17	3924.6	
761.35	5788.9	
761.53	4867.3	
761.71	4050.2	
761.89	4570.4	
762.06	5673.6	
762.24	5206.6	
762.42	4094.6	
762.6	3825.6	
762.78	5156.1	
762.96	5744.6	
763.13	4416.1	
763.31	4076.1	
763.49	5890.6	
763.67	5133.6	
763.85	4782.7	
764.02	5217.5	
764.2	6134.3	
764.38	5400.5	
764.56	3936.2	
764.74	4691.2	
764.91	6245.6	
765.09	5272.8	
765.27	3788.7	
765.45	3593.5	
765.63	6332.3	
765.8	6064.7	
765.98	3295.9	
766.16	3633.8	
766.34	4828.4	
766.52	4754	
766.69	4478.9	
766.87	3476.1	
767.05	5252.4	
767.23	5916.6	
767.41	3768.9	
767.58	3975.1	
767.76	5730.2	
767.94	5767.1	
768.12	3824.9	
768.29	4410.6	
768.47	5309	
768.65	5956.2	
768.83	3486.3	
769	4493.9	
769.18	4953.4	
769.36	5563.6	
769.54	4499.4	
769.72	3540.9	
769.89	5825.8	
770.07	5885.2	
770.25	3858.4	
770.43	4919.2	
770.6	6466.8	
770.78	6882.5	
770.96	3998.3	
771.14	4534.2	
771.31	5754.8	
771.49	5089.9	
771.67	3245.3	
771.85	3438.5	
772.02	4540.3	
772.2	5151.3	
772.38	4136.2	
772.55	3679.5	
772.73	5423.7	
772.91	5262.6	
773.09	4010.6	
773.26	4154	
773.44	5369.8	
773.62	5099.4	
773.8	3596.9	
773.97	3368.9	
774.15	5414.1	
774.33	5105.6	
774.5	3482.2	
774.68	3800.3	
774.86	5562.3	
775.04	5106.3	
775.21	3562.8	
775.39	3599	
775.57	5324	
775.74	5755.5	
775.92	3412.6	
776.1	3333.4	
776.27	5343.2	
776.45	6395.1	
776.63	3497.2	
776.81	3224.9	
776.98	5025.7	
777.16	5981.4	
777.34	3650.2	
777.51	4029	
777.69	5032.5	
777.87	4848.2	
778.04	3741	
778.22	4242	
778.4	4874.8	
778.57	5446.9	
778.75	3091.8	
778.93	3371.6	
779.1	4711	
779.28	4584	
779.46	3130.7	
779.64	3575.8	
779.81	5576.6	
779.99	6351.4	
780.17	4265.2	
780.34	4354	
780.52	5051	
780.69	5283.8	
780.87	3807.2	
781.05	3461.7	
781.22	5131.5	
781.4	5225.1	
781.58	3568.9	
781.75	2864.4	
781.93	5193.6	
782.11	4659.1	
782.28	4435.9	
782.46	3572.3	
782.64	4543.1	
782.81	5336.3	
782.99	3643.3	
783.17	3639.2	
783.34	5236	
783.52	4638	
783.69	3805.1	
783.87	4560.8	
784.05	4745.1	
784.22	4670.7	
784.4	4507.6	
784.58	3915.7	
784.75	5511.8	
784.93	4797	
785.1	3574.4	
785.28	4112.3	
785.46	5246.9	
785.63	4622.3	
785.81	3587.4	
785.99	3504.1	
786.16	4859.1	
786.34	5173.2	
786.51	3454.2	
786.69	3876.8	
786.87	4456.4	
787.04	4898.7	
787.22	3426.3	
787.39	4227.7	
787.57	4603.8	
787.75	5596.4	
787.92	4381.3	
788.1	4282.3	
788.27	4692.6	
788.45	4487.1	
788.63	4059.8	
788.8	2914.3	
788.98	5008.6	
789.15	4387.4	
789.33	3106.8	
789.5	3621.5	
789.68	5496.1	
789.86	5586.9	
790.03	3961.5	
790.21	3467.2	
790.38	5473.5	
790.56	4787.5	
790.73	3442.6	
790.91	3412.6	
791.09	4672.8	
791.26	5321.3	
791.44	3592.8	
791.61	3156.6	
791.79	4704.9	
791.96	4712.4	
792.14	3215.3	
792.32	2852.1	
792.49	4689.8	
792.67	4812.7	
792.84	3350.5	
793.02	3062.4	
793.19	5094.7	
793.37	5696.8	
793.54	2905.4	
793.72	3170.3	
793.89	5810.8	
794.07	4715.8	
794.25	3618.8	
794.42	2953.2	
794.6	5609.4	
794.77	5313.8	
794.95	3923.9	
795.12	3458.3	
795.3	4720.6	
795.47	5243.5	
795.65	3850.9	
795.82	3657	
796	4532.2	
796.17	6202.6	
796.35	3590.8	
796.52	4268	
796.7	5152.7	
796.87	5305.6	
797.05	3553.2	
797.22	4255	
797.4	5231.2	
797.57	6115.2	
797.75	3712.3	
797.92	3487.7	
798.1	5543.2	
798.27	4605.2	
798.45	3063.8	
798.62	3213.3	
798.8	4992.3	
798.97	5377.3	
799.15	3871.3	
799.32	3732.1	
799.5	4270	
799.67	5013.4	
799.85	3956	
800.02	2925.9	
800.2	4717.2	
800.37	4944.5	
800.55	4112.3	
800.72	3461.1	
800.9	5358.9	
801.07	5785.5	
801.25	4590.2	
801.42	3733.4	
801.6	5403.2	
801.77	5077.6	
801.95	3584.6	
802.12	3349.8	
802.29	5203.9	
802.47	5083.1	
802.64	3799.7	
802.82	2845.3	
802.99	4635.2	
803.17	5543.9	
803.34	3592.1	
803.52	3331.4	
803.69	6100.2	
803.87	4451.6	
804.04	3661.1	
804.21	3709.6	
804.39	5611.4	
804.56	4826.4	
804.74	3150.5	
804.91	3795.6	
805.09	4688.5	
805.26	4773.1	
805.44	3194.8	
805.61	3484.3	
805.78	5310.4	
805.96	5219.6	
806.13	3781.9	
806.31	4018.1	
806.48	4313.7	
806.66	4752.7	
806.83	3774.4	
807	3655.6	
807.18	4676.2	
807.35	4993.6	
807.53	3698.6	
807.7	2974.3	
807.87	5700.2	
808.05	4698.7	
808.22	4042	
808.4	2986.6	
808.57	4709.6	
808.74	4391.5	
808.92	3448.1	
809.09	4171	
809.27	4610	
809.44	5130.2	
809.61	3026.2	
809.79	3364.1	
809.96	5771.9	
810.14	5339.7	
810.31	2968.2	
810.48	3567.6	
810.66	4846.2	
810.83	5462.6	
811.01	3391.4	
811.18	3767.6	
811.35	5315.8	
811.53	4212	
811.7	4106.2	
811.87	3847.5	
812.05	4764.3	
812.22	4651.6	
812.39	3273.3	
812.57	3155.9	
812.74	4745.8	
812.92	6150.7	
813.09	3548.4	
813.26	3853.6	
813.44	5971.2	
813.61	4653	
813.78	2992.1	
813.96	3910.3	
814.13	4722.6	
814.3	4462.5	
814.48	4261.1	
814.65	3563.5	
814.82	6001.2	
815	4427	
815.17	3698.6	
815.34	4293.9	
815.52	4687.1	
815.69	4622.3	
815.87	3639.9	
816.04	3523.9	
816.21	4726.7	
816.38	4195.6	
816.56	3556.6	
816.73	3303.4	
816.9	5937.7	
817.08	5384.8	
817.25	3333.4	
817.42	4153.3	
817.6	4356	
817.77	4715.1	
817.94	3700	
818.12	3264.5	
818.29	4525.3	
818.46	6795.8	
818.64	3460.4	
818.81	3203	
818.98	4475.5	
819.16	6238.8	
819.33	3923.2	
819.5	3646.1	
819.67	4993.6	
819.85	5612.8	
820.02	3616	
820.19	3758.7	
820.37	4909.7	
820.54	4594.3	
820.71	3723.2	
820.88	4566.3	
821.06	4854.4	
821.23	4538.3	
821.4	3732.8	
821.58	3635.1	
821.75	5292.6	
821.92	4883.7	
822.09	3034.4	
822.27	3068.5	
822.44	4795.7	
822.61	4669.4	
822.79	3065.8	
822.96	5723.4	
823.13	5139.7	
823.3	4499.4	
823.48	3478.8	
823.65	3148.4	
823.82	5289.2	
823.99	4344.4	
824.17	4412	
824.34	3212.6	
824.51	6098.9	
824.68	4800.4	
824.86	3324.5	
825.03	3696.6	
825.2	4715.8	
825.37	5642.8	
825.55	3302.7	
825.72	3613.3	
825.89	6159.6	
826.06	5714.5	
826.24	3600.3	
826.41	3544.4	
826.58	5700.9	
826.75	4993.6	
826.92	2913.6	
827.1	3177.1	
827.27	7615	
827.44	6116.6	
827.61	3404.4	
827.79	4095.3	
827.96	4537.6	
828.13	4790.2	
828.3	3524.6	
828.47	2994.1	
828.65	4984.1	
828.82	4882.4	
828.99	4489.8	
829.16	3992.2	
829.34	5332.9	
829.51	5152.7	
829.68	3631.7	
829.85	3794.2	
830.02	5573.9	
830.2	5289.9	
830.37	2843.9	
830.54	4340.3	
830.71	5980.8	
830.88	4758.8	
831.05	2853.5	
831.23	3280.8	
831.4	5764.3	
831.57	6363.7	
831.74	3407.8	
831.91	3019.4	
832.09	4967.7	
832.26	5312.4	
832.43	3482.2	
832.6	3924.6	
832.77	4977.2	
832.94	5655.8	
833.12	2810.5	
833.29	3444	
833.46	5136.3	
833.63	6580.8	
833.8	3758	
833.97	3503.4	
834.15	5306.3	
834.32	5113.8	
834.49	3696.6	
834.66	3750.5	
834.83	5427.8	
835	4549.2	
835.17	3362.1	
835.35	3375.1	
835.52	5204.6	
835.69	5110.4	
835.86	3581.9	
836.03	2942.9	
836.2	5314.5	
836.37	4929.5	
836.55	3490.4	
836.72	3291.8	
836.89	4988.2	
837.06	5345.2	
837.23	3597.6	
837.4	3868.6	
837.57	6001.2	
837.75	6526.2	
837.92	3252.2	
838.09	3452.2	
838.26	4920.6	
838.43	5521.3	
838.6	3667.2	
838.77	3302.7	
838.94	6214.9	
839.11	5980.1	
839.29	3536.8	
839.46	2796.8	
839.63	5285.8	
839.8	5002.5	
839.97	3453.6	
840.14	3317.7	
840.31	5158.8	
840.48	5355.4	
840.65	2861.7	
840.82	3363.4	
841	5265.3	
841.17	5231.2	
841.34	3095.8	
841.51	3203.7	
841.68	5208	
841.85	4941.7	
842.02	3247.4	
842.19	2732.7	
842.36	5075.5	
842.53	5074.2	
842.7	3135.4	
842.87	3859.7	
843.05	6537.1	
843.22	4996.4	
843.39	3033	
843.56	3336.1	
843.73	4825.7	
843.9	5380.7	
844.07	5044.1	
844.24	4112.3	
844.41	7501.7	
844.58	4587.4	
844.75	3065.8	
844.92	3310.2	
845.09	5315.8	
845.26	5267.4	
845.43	3139.5	
845.6	3294.5	
845.77	5232.6	
845.94	5013.4	
846.12	3459	
846.29	3653.6	
846.46	5487.9	
846.63	5257.1	
846.8	3128.6	
846.97	3657	
847.14	5652.4	
847.31	5195.7	
847.48	3534.8	
847.65	3827.7	
847.82	5520	
847.99	5399.1	
848.16	4120.5	
848.33	3882.3	
848.5	4876.9	
848.67	5730.9	
848.84	3076	
849.01	3232.4	
849.18	4775.2	
849.35	4474.1	
849.52	3840.6	
849.69	3011.2	
849.86	5439.4	
850.03	5573.2	
850.2	3153.2	
850.37	3797.6	
850.54	5512.4	
850.71	5010	
850.88	3716.4	
851.05	3061	
851.22	5216.2	
851.39	5764.3	
851.56	2933.4	
851.73	3580.5	
851.9	4612	
852.07	5425.8	
852.24	3437.2	
852.41	3071.3	
852.58	5198.4	
852.75	4701.5	
852.92	3482.2	
853.09	3078.1	
853.26	4908.3	
853.43	5646.9	
853.6	3126.6	
853.77	2673.3	
853.94	5726.1	
854.11	5184.8	
854.28	4552	
854.44	3403	
854.61	6108.4	
854.78	5534.3	
854.95	3108.8	
855.12	3870	
855.29	4335.5	
855.46	5767.1	
855.63	3117	
855.8	4258.4	
855.97	4839.4	
856.14	5569.1	
856.31	4341	
856.48	3407.8	
856.65	4916.5	
856.82	4600.4	
856.99	3009.8	
857.16	3308.8	
857.33	6347.3	
857.49	4930.1	
857.66	3306.8	
857.83	3604.4	
858	4953.4	
858.17	5125.4	
858.34	2973	
858.51	3141.6	
858.68	5831.2	
858.85	5828.5	
859.02	3611.3	
859.19	3822.2	
859.36	4657.8	
859.52	4631.1	
859.69	3087.7	
859.86	3665.9	
860.03	4728.1	
860.2	5782.1	
860.37	2856.2	
860.54	3138.2	
860.71	5423.7	
860.88	5812.1	
861.05	3504.1	
861.21	3861.1	
861.38	5799.2	
861.55	4530.8	
861.72	2880.8	
861.89	3525.9	
862.06	5495.4	
862.23	5913.9	
862.4	2993.4	
862.56	3227.6	
862.73	5302.2	
862.9	5073.5	
863.07	3623.5	
863.24	2852.1	
863.41	4518.5	
863.58	4687.8	
863.75	3209.2	
863.91	3575.8	
864.08	5688.6	
864.25	5436	
864.42	3835.8	
864.59	4360.1	
864.76	6057.9	
864.93	4649.6	
865.09	3068.5	
865.26	3347.7	
865.43	5670.1	
865.6	5975.3	
865.77	2745.6	
865.94	3063.8	
866.1	5640.1	
866.27	5468.1	
866.44	4605.2	
866.61	2977.7	
866.78	5002.5	
866.95	5353.4	
867.11	3014.6	
867.28	2780.5	
867.45	5537	
867.62	4735.6	
867.79	3595.6	
867.96	3092.4	
868.12	4614.8	
868.29	5458.5	
868.46	2724.5	
868.63	4173.1	
868.8	5593.7	
868.97	5415.5	
869.13	3279.5	
869.3	3270.6	
869.47	5322.7	
869.64	5611.4	
869.81	3113.6	
869.97	3177.1	
870.14	5228.5	
870.31	5821	
870.48	3067.2	
870.65	3929.4	
870.81	4939.7	
870.98	5012.7	
871.15	3523.2	
871.32	3205.8	
871.48	5344.5	
871.65	5797.1	
871.82	3093.1	
871.99	3410.6	
872.16	6262.7	
872.32	5638.1	
872.49	3150.5	
872.66	3219.4	
872.83	5470.1	
872.99	4769	
873.16	3581.9	
873.33	3041.9	
873.5	5101.5	
873.67	5127.4	
873.83	3281.5	
874	4146.5	
874.17	5263.3	
874.34	6137.8	
874.5	4060.4	
874.67	3819.5	
874.84	5803.3	
875.01	4611.3	
875.17	4248.9	
875.34	3133.4	
875.51	5228.5	
875.68	6131.6	
875.84	3769.6	
876.01	4541.7	
876.18	5433.9	
876.34	5328.8	
876.51	3156.6	
876.68	3066.5	
876.85	4977.9	
877.01	5670.1	
877.18	4445.5	
877.35	3106.8	
877.52	5100.8	
877.68	4634.6	
877.85	3082.9	
878.02	3055.6	
878.18	5031.2	
878.35	4871.4	
878.52	2525.1	
878.69	3477.5	
878.85	5474.2	
879.02	5442.1	
879.19	4420.9	
879.35	3375.7	
879.52	5401.9	
879.69	5579.3	
879.86	2717.7	
880.02	3466.5	
880.19	5093.3	
880.36	6115.9	
880.52	3560.1	
880.69	3711.6	
880.86	5498.8	
881.02	5563	
881.19	3383.9	
881.36	3398.3	
881.52	5343.2	
881.69	4811.4	
881.86	3347.7	
882.02	3272.7	
882.19	5706.3	
882.36	6571.9	
882.52	3173	
882.69	4329.4	
882.86	5284.4	
883.02	5188.2	
883.19	3763.5	
883.36	3512.3	
883.52	5506.3	
883.69	6173.9	
883.86	3160	
884.02	2805.7	
884.19	5431.2	
884.36	5083.1	
884.52	3589.4	
884.69	3268.6	
884.86	4851	
885.02	5953.4	
885.19	3482.9	
885.36	3553.9	
885.52	5074.9	
885.69	5202.5	
885.86	4437.3	
886.02	3957.4	
886.19	5457.8	
886.35	4900.8	
886.52	3468.6	
886.69	4352.6	
886.85	4705.5	
887.02	5732.3	
887.19	5732.3	
887.35	5732.3	
887.52	5732.3	
887.68	5732.3	
887.85	5732.3	
888.02	5732.3	
888.18	5732.3	
888.35	5732.3	
888.51	5732.3	
888.68	5732.3	
888.85	5732.3	
889.01	5732.3	
889.18	5732.3	
889.35	5732.3	
889.51	5732.3	
889.68	5732.3	
889.84	5732.3	
890.01	5732.3	
890.17	5732.3	
890.34	5732.3	
890.51	5732.3	
890.67	5732.3	
890.84	5732.3	
891	5732.3	
891.17	5732.3	
891.34	5732.3	
891.5	5732.3	
891.67	5732.3	
891.83	5732.3	
892	5732.3	
892.16	5732.3	
892.33	5732.3	
892.5	5732.3	
892.66	5732.3	
892.83	5732.3	
892.99	5732.3	
893.16	5732.3	
893.32	5732.3	
893.49	5732.3	
893.65	5732.3	
893.82	5732.3	
893.99	5732.3	
894.15	5732.3	
894.32	5732.3	
894.48	5732.3	
894.65	5732.3	
894.81	5732.3	
894.98	5732.3	
895.14	5732.3	
895.31	5732.3	
895.47	5732.3	
895.64	5732.3	
895.81	5732.3	
895.97	5732.3	
896.14	5732.3	
896.3	5732.3	
896.47	5732.3	
896.63	5732.3	
896.8	5732.3	
896.96	5732.3	
897.13	5732.3	
897.29	5732.3	
897.46	5732.3	
897.62	5732.3	
897.79	5732.3	
897.95	5732.3	
898.12	5732.3	
898.28	5732.3	
898.45	5732.3	
898.61	5732.3	
898.78	5732.3	
898.94	5732.3	
899.11	5732.3	
899.27	5732.3	
899.44	5732.3	
899.6	5732.3	
899.77	5732.3	
899.93	5732.3	
900.1	5732.3	
900.26	5732.3	
900.43	5732.3	
900.59	5732.3	
900.76	5732.3	
900.92	5732.3	
901.09	5732.3	
901.25	5732.3	
901.42	5732.3	
901.58	5732.3	
901.75	5732.3	
901.91	5732.3	
902.07	5732.3	
902.24	5732.3	
902.4	5732.3	
902.57	5732.3	
902.73	5732.3	
902.9	5732.3	
903.06	5732.3	
903.23	5732.3	
903.39	5732.3	
903.56	5732.3	
903.72	5732.3	
903.88	5732.3	
904.05	5732.3	
904.21	5732.3	
904.38	5732.3	
904.54	5732.3	
904.71	5732.3	
904.87	5732.3	
905.03	5732.3	
905.2	5732.3	
905.36	5732.3	
905.53	5732.3	
905.69	5732.3	
905.86	5732.3	
906.02	5732.3	
906.18	5732.3	
906.35	5732.3	
906.51	5732.3	
906.68	5732.3	
906.84	5732.3	
907.01	5732.3	
907.17	5732.3	
907.33	5732.3	
907.5	5732.3	
907.66	5732.3	
907.83	5732.3	
907.99	5732.3	
908.15	5732.3	
908.32	5732.3	
908.48	5732.3	
908.65	5732.3	
908.81	5732.3	
908.97	5732.3	
909.14	5732.3	
909.3	5732.3	
909.47	5732.3	
909.63	5732.3	
909.79	5732.3	
909.96	5732.3	
910.12	5732.3	
910.28	5732.3	
910.45	5732.3	
910.61	5732.3	
910.78	5732.3	
910.94	5732.3	
911.1	5732.3	
911.27	5732.3	
911.43	5732.3	
911.59	5732.3	
911.76	5732.3	
911.92	5732.3	
912.08	5732.3	
912.25	5732.3	
912.41	5732.3	
912.57	5732.3	
912.74	5732.3	
912.9	5732.3	
913.07	5732.3	
913.23	5732.3	
913.39	5732.3	
913.56	5732.3	
913.72	5732.3	
913.88	5732.3	
914.05	5732.3	
914.21	5732.3	
914.37	5732.3	
914.54	5732.3	
914.7	5732.3	
914.86	5732.3	
915.03	5732.3	
915.19	5732.3	
