Wavelength	Intensities	
nm	a.u.	
179.22	1882.3	
179.44	1883.8	
179.65	1880.7	
179.86	1886.9	
180.08	1866.4	
180.29	4788.8	
180.51	3442	
180.72	5558.9	
180.94	6481.8	
181.15	3179.1	
181.37	3148.4	
181.58	5416.2	
181.79	5746.6	
182.01	3280.2	
182.22	3526.6	
182.44	5730.9	
182.65	4734.9	
182.87	4454.3	
183.08	3899.3	
183.29	5955.5	
183.51	4924	
183.72	3588	
183.94	5167	
184.15	5305.6	
184.37	5373.9	
184.58	3186	
184.79	4283.7	
185.01	4964.3	
185.22	5610.1	
185.44	4578.6	
185.65	3824.9	
185.86	5244.8	
186.08	4812.7	
186.29	3083.6	
186.51	3316.3	
186.72	4959.5	
186.94	5878.4	
187.15	3812.6	
187.36	3900.7	
187.58	7626	
187.79	5442.8	
188.01	4124.6	
188.22	6325.5	
188.43	6454.5	
188.65	5662	
188.86	3288.4	
189.08	3914.4	
189.29	5137	
189.5	5157.5	
189.72	3623.5	
189.93	3786	
190.15	5784.8	
190.36	6959	
190.57	4033.8	
190.79	3857	
191	5983.5	
191.22	5878.4	
191.43	4009.9	
191.64	3259	
191.86	6130.3	
192.07	5827.8	
192.29	3492.5	
192.5	3603.1	
192.71	5890.6	
192.93	5076.2	
193.14	3653.6	
193.35	3762.1	
193.57	5098.1	
193.78	5823.7	
194	2923.8	
194.21	3596.9	
194.42	4867.3	
194.64	5335	
194.85	3928	
195.07	4600.4	
195.28	5381.4	
195.49	4683.7	
195.71	4876.2	
195.92	3403	
196.13	5520	
196.35	5640.1	
196.56	5186.8	
196.78	3911.6	
196.99	6875.7	
197.2	6447.7	
197.42	4483.7	
197.63	3921.9	
197.84	4762.2	
198.06	5548.6	
198.27	3637.9	
198.48	4870.8	
198.7	5091.3	
198.91	5264	
199.13	3937.6	
199.34	3952.6	
199.55	5757.5	
199.77	4620.9	
199.98	3478.1	
200.19	4034.5	
200.41	5322.7	
200.62	4990.9	
200.83	4085.7	
201.05	4452.3	
201.26	5242.1	
201.47	5035.3	
201.69	3528.7	
201.9	3397.6	
202.11	5343.8	
202.33	6311.2	
202.54	3702.7	
202.76	4181.3	
202.97	5420.3	
203.18	5420.3	
203.4	4133.5	
203.61	4014	
203.82	5386.8	
204.04	4999.1	
204.25	4003.8	
204.46	3973.7	
204.68	5334.3	
204.89	5541.1	
205.1	3889.1	
205.32	3366.2	
205.53	5732.9	
205.74	5911.1	
205.96	2871.9	
206.17	4093.9	
206.38	5648.3	
206.6	5778.7	
206.81	4529.4	
207.02	3704.8	
207.24	5575.3	
207.45	5983.5	
207.66	3757.3	
207.88	3224.2	
208.09	5517.2	
208.3	5369.8	
208.52	3467.2	
208.73	3876.1	
208.94	5266.7	
209.15	5984.8	
209.37	3805.8	
209.58	3966.2	
209.79	5874.9	
210.01	5167	
210.22	2994.8	
210.43	3121.8	
210.65	5332.2	
210.86	5793.7	
211.07	3812.6	
211.29	3497.9	
211.5	5638.1	
211.71	5226.4	
211.93	3496.6	
212.14	3405.8	
212.35	5284.4	
212.56	5498.1	
212.78	3927.3	
212.99	3321.1	
213.2	6236.1	
213.42	5085.8	
213.63	3587.4	
213.84	3826.3	
214.06	4711.7	
214.27	4823	
214.48	3732.1	
214.69	4003.1	
214.91	5978	
215.12	6112.5	
215.33	4085	
215.55	4552	
215.76	6608.1	
215.97	5714.5	
216.18	3891.1	
216.4	3860.4	
216.61	5028.4	
216.82	5872.9	
217.04	3538.9	
217.25	3664.5	
217.46	5964.4	
217.67	5729.5	
217.89	3130	
218.1	3240.6	
218.31	5427.1	
218.53	5524.7	
218.74	3667.2	
218.95	3546.4	
219.16	5298.8	
219.38	6245.6	
219.59	3590.8	
219.8	4251.6	
220.01	6890	
220.23	5374.6	
220.44	4650.3	
220.65	3421.5	
220.87	5344.5	
221.08	5954.1	
221.29	3201	
221.5	4364.2	
221.72	7254.6	
221.93	5036.6	
222.14	4024.9	
222.35	4754.7	
222.57	5490.6	
222.78	5640.1	
222.99	3741	
223.2	4091.8	
223.42	5634.6	
223.63	5756.2	
223.84	2957.9	
224.05	2894.5	
224.27	6819.1	
224.48	6173.3	
224.69	4681	
224.9	3984.7	
225.12	5522	
225.33	5329.5	
225.54	3191.4	
225.75	3517.7	
225.97	4877.6	
226.18	5189.6	
226.39	3867.9	
226.6	3575.1	
226.82	5107	
227.03	4952.7	
227.24	4012.7	
227.45	3284.9	
227.67	5684.5	
227.88	6304.3	
228.09	4457.7	
228.3	4509.6	
228.52	5743.2	
228.73	5257.8	
228.94	3732.8	
229.15	3282.2	
229.36	5247.6	
229.58	5212.1	
229.79	3746.4	
230	4351.3	
230.21	6321.4	
230.43	5414.8	
230.64	3928	
230.85	4085.7	
231.06	5702.2	
231.28	5782.8	
231.49	3327.3	
231.7	3897.3	
231.91	5650.3	
232.12	5336.3	
232.34	3352.5	
232.55	3885	
232.76	5951.4	
232.97	5479	
233.18	3474.7	
233.4	3942.3	
233.61	5563.6	
233.82	5130.2	
234.03	3633.1	
234.25	3609.9	
234.46	7364.5	
234.67	5436	
234.88	4026.3	
235.09	3523.2	
235.31	5634.6	
235.52	5246.9	
235.73	3945.1	
235.94	3325.9	
236.15	5019.6	
236.37	6437.4	
236.58	3458.3	
236.79	3802.4	
237	5611.4	
237.21	4874.8	
237.43	4073.4	
237.64	3207.1	
237.85	9699.9	
238.06	4878.9	
238.27	4143.7	
238.48	3322.5	
238.7	5627.1	
238.91	5193	
239.12	3747.1	
239.33	3861.8	
239.54	4981.3	
239.76	5286.5	
239.97	3749.1	
240.18	3776.5	
240.39	6570.6	
240.6	5613.5	
240.82	3972.4	
241.03	3272.7	
241.24	5326.1	
241.45	6147.3	
241.66	3438.5	
241.87	4055.7	
242.09	6102.9	
242.3	6391	
242.51	4065.2	
242.72	3807.9	
242.93	5819	
243.14	5315.2	
243.36	4407.2	
243.57	4795	
243.78	6188.3	
243.99	5697.4	
244.2	3850.2	
244.41	3446	
244.63	4805.2	
244.84	5636	
245.05	4097.3	
245.26	3826.3	
245.47	5622.4	
245.68	5879.7	
245.9	5066	
246.11	3990.8	
246.32	5191.6	
246.53	5626.5	
246.74	6138.4	
246.95	3219.4	
247.16	4784.7	
247.38	5311.1	
247.59	3202.3	
247.8	3822.9	
248.01	5018.9	
248.22	5248.9	
248.43	3456.3	
248.64	3760.1	
248.86	4708.3	
249.07	5087.2	
249.28	3352.5	
249.49	3954.6	
249.7	5877	
249.91	5965.7	
250.12	3192.1	
250.34	3259	
250.55	5442.8	
250.76	5362.9	
250.97	3945.1	
251.18	3965.6	
251.39	6034	
251.6	5499.5	
251.81	4059.1	
252.03	3992.9	
252.24	5106.3	
252.45	5831.9	
252.66	3298.6	
252.87	4250.2	
253.08	5335.6	
253.29	6994.5	
253.5	3313.6	
253.72	4695.3	
253.93	5180.7	
254.14	6358.3	
254.35	3603.1	
254.56	3780.6	
254.77	5529.5	
254.98	4941.7	
255.19	3597.6	
255.41	4590.9	
255.62	5442.1	
255.83	6035.4	
256.04	4106.9	
256.25	3978.5	
256.46	6535.8	
256.67	5062.6	
256.88	3923.9	
257.09	4369.7	
257.31	5051.7	
257.52	4988.2	
257.73	4922.6	
257.94	3618.1	
258.15	5221	
258.36	5371.1	
258.57	4516.5	
258.78	2884.2	
258.99	5875.6	
259.2	5177.3	
259.41	3635.8	
259.63	3659.7	
259.84	6124.1	
260.05	6578.1	
260.26	4776.5	
260.47	3514.3	
260.68	5913.2	
260.89	5251	
261.1	4405.9	
261.31	3498.6	
261.52	5881.8	
261.73	6280.4	
261.95	4769.7	
262.16	4122.6	
262.37	6072.2	
262.58	6144.6	
262.79	4677.6	
263	3670	
263.21	5484.5	
263.42	4879.6	
263.63	3743	
263.84	3682.2	
264.05	5846.3	
264.26	6242.9	
264.47	4574.5	
264.69	4106.9	
264.9	5988.3	
265.11	5623.7	
265.32	3448.8	
265.53	3650.8	
265.74	5457.8	
265.95	4752.7	
266.16	3876.8	
266.37	4238.6	
266.58	5462.6	
266.79	5179.3	
267	3630.4	
267.21	3310.2	
267.42	4972.5	
267.63	5327.4	
267.84	3782.6	
268.06	3177.1	
268.27	5743.9	
268.48	6029.2	
268.69	3672	
268.9	4387.4	
269.11	6018.3	
269.32	4810.7	
269.53	3806.5	
269.74	3517	
269.95	5715.9	
270.16	4741.7	
270.37	3851.5	
270.58	4439.3	
270.79	5145.9	
271	5857.9	
271.21	4114.4	
271.42	3882.3	
271.63	5496.1	
271.84	4990.2	
272.05	3011.2	
272.26	3448.8	
272.47	5320.6	
272.68	5513.1	
272.89	3651.5	
273.11	4236.6	
273.32	5158.2	
273.53	6264.1	
273.74	4089.1	
273.95	4039.3	
274.16	5926.8	
274.37	5410.7	
274.58	4236.6	
274.79	3349.8	
275	5478.3	
275.21	5948	
275.42	5029.8	
275.63	4350.6	
275.84	5600.5	
276.05	7038.2	
276.26	4006.5	
276.47	3717.1	
276.68	5197.7	
276.89	6289.3	
277.1	4315.1	
277.31	3338.9	
277.52	5565.7	
277.73	5771.9	
277.94	3287.7	
278.15	3694.5	
278.36	5538.4	
278.57	4930.8	
278.78	3660.4	
278.99	4146.5	
279.2	5019.6	
279.41	4961.5	
279.62	4803.9	
279.83	3379.1	
280.04	6546.7	
280.25	4941.1	
280.46	4795	
280.67	3833.8	
280.88	4957.4	
281.09	5971.9	
281.3	3981.3	
281.51	5085.8	
281.72	5044.1	
281.93	5848.3	
282.14	3506.1	
282.35	3859.1	
282.56	5842.9	
282.77	5811.5	
282.98	3721.8	
283.19	4487.8	
283.4	7139.2	
283.61	5283.8	
283.82	3374.4	
284.03	4775.2	
284.24	5471.5	
284.45	5919.3	
284.66	4743.8	
284.87	4561.5	
285.08	5913.9	
285.29	6044.2	
285.5	3241.3	
285.71	3721.8	
285.92	5949.3	
286.12	6584.9	
286.33	4724	
286.54	3765.5	
286.75	5860.6	
286.96	5237.3	
287.17	3340.9	
287.38	4672.1	
287.59	5012.7	
287.8	4956.1	
288.01	3801	
288.22	4250.9	
288.43	5819	
288.64	4921.3	
288.85	4437.3	
289.06	4231.1	
289.27	5706.3	
289.48	6217.6	
289.69	4754	
289.9	4290.5	
290.11	6016.9	
290.32	5056.4	
290.53	4521.2	
290.74	4137.6	
290.94	5761.6	
291.15	5843.5	
291.36	3609.9	
291.57	4218.8	
291.78	5118.6	
291.99	4777.9	
292.2	3450.8	
292.41	4160.1	
292.62	5901.6	
292.83	5670.1	
293.04	5138.4	
293.25	3517.7	
293.46	5186.8	
293.67	5941.2	
293.88	3570.3	
294.09	3424.2	
294.29	4895.3	
294.5	5457.2	
294.71	3823.6	
294.92	3692.5	
295.13	5157.5	
295.34	6362.4	
295.55	3250.8	
295.76	3329.3	
295.97	5799.2	
296.18	6458.6	
296.39	3440.6	
296.6	3575.8	
296.81	5450.3	
297.01	5807.4	
297.22	3723.9	
297.43	3557.3	
297.64	4990.9	
297.85	4983.4	
298.06	3028.3	
298.27	3239.9	
298.48	5379.3	
298.69	5029.8	
298.9	3898	
299.11	3540.9	
299.31	4851	
299.52	4894	
299.73	4153.3	
299.94	4085.7	
300.15	5335.6	
300.36	5009.3	
300.57	4056.3	
300.78	4081.6	
300.99	5213.4	
301.2	5513.1	
301.4	3533.4	
301.61	3943.7	
301.82	5651.7	
302.03	5765	
302.24	4366.3	
302.45	3398.3	
302.66	5648.3	
302.87	6091.3	
303.08	3606.5	
303.29	4923.3	
303.49	5091.9	
303.7	5402.5	
303.91	3228.3	
304.12	4632.5	
304.33	4889.2	
304.54	5427.1	
304.75	3600.3	
304.96	3432.4	
305.16	5655.8	
305.37	6447	
305.58	3077.4	
305.79	3263.1	
306	5658.5	
306.21	4821.6	
306.42	3551.2	
306.63	5463.3	
306.83	5242.8	
307.04	5933	
307.25	4012	
307.46	3898.6	
307.67	4584	
307.88	5780.7	
308.09	3528	
308.29	3595.6	
308.5	5450.3	
308.71	5930.9	
308.92	3854.3	
309.13	3455.6	
309.34	5227.1	
309.55	5264.6	
309.75	4413.4	
309.96	4074.8	
310.17	5724.8	
310.38	5085.8	
310.59	4300.1	
310.8	3342.3	
311.01	5142.4	
311.21	5220.3	
311.42	3401.7	
311.63	3523.2	
311.84	5087.8	
312.05	5483.8	
312.26	4059.8	
312.46	4388.1	
312.67	5170.4	
312.88	4897.4	
313.09	3460.4	
313.3	3407.1	
313.51	6112.5	
313.71	6528.9	
313.92	3445.4	
314.13	3663.8	
314.34	5479.7	
314.55	5258.5	
314.76	4412	
314.96	3860.4	
315.17	5388.2	
315.38	5767.1	
315.59	3465.8	
315.8	3328.6	
316.01	6203.3	
316.21	6249.7	
316.42	3293.8	
316.63	3863.2	
316.84	5193.6	
317.05	5988.9	
317.26	4132.1	
317.46	3678.8	
317.67	5345.2	
317.88	5718.6	
318.09	4360.8	
318.3	3205.1	
318.5	5086.5	
318.71	5702.2	
318.92	5598.5	
319.13	4086.4	
319.34	5833.3	
319.54	5950	
319.75	3198.2	
319.96	3076	
320.17	5762.3	
320.38	5898.8	
320.58	3145	
320.79	3803.8	
321	5950.7	
321.21	5962.3	
321.42	3831.1	
321.62	3174.4	
321.83	4972.5	
322.04	5365.7	
322.25	3665.2	
322.46	3455.6	
322.66	5454.4	
322.87	5588.2	
323.08	4285	
323.29	3362.1	
323.5	6393.1	
323.7	4926	
323.91	4732.9	
324.12	4202.4	
324.33	5416.9	
324.53	5662	
324.74	4075.5	
324.95	4306.9	
325.16	4741	
325.37	5221.6	
325.57	3465.8	
325.78	3546.4	
325.99	5391.6	
326.2	4850.3	
326.4	4901.5	
326.61	3226.9	
326.82	5305.6	
327.03	5432.6	
327.24	4904.2	
327.44	4652.3	
327.65	5603.2	
327.86	4566.3	
328.07	4104.8	
328.27	3336.1	
328.48	6008.7	
328.69	4971.8	
328.9	5025	
329.1	3774.4	
329.31	5272.8	
329.52	6169.2	
329.73	3476.8	
329.93	3880.9	
330.14	5403.9	
330.35	5614.8	
330.56	5729.5	
330.76	4302.1	
330.97	5204.6	
331.18	5530.9	
331.39	3889.8	
331.59	3140.2	
331.8	5964.4	
332.01	6109.8	
332.22	3516.4	
332.42	4161.5	
332.63	5427.8	
332.84	5022.3	
333.05	3913.7	
333.25	3530	
333.46	5126.7	
333.67	5366.4	
333.88	3633.8	
334.08	4065.2	
334.29	7152.9	
334.5	6019	
334.7	3389.4	
334.91	4965.6	
335.12	4893.3	
335.33	5746.6	
335.53	3822.9	
335.74	5655.8	
335.95	5152	
336.16	5032.5	
336.36	3802.4	
336.57	4457.1	
336.78	4880.3	
336.98	5960.3	
337.19	4747.9	
337.4	3781.2	
337.61	6471.6	
337.81	4862.6	
338.02	3514.3	
338.23	4555.4	
338.43	6091.3	
338.64	5028.4	
338.85	3496.6	
339.05	4608.6	
339.26	6216.3	
339.47	4795.7	
339.68	3463.8	
339.88	5184.1	
340.09	5584.1	
340.3	5840.1	
340.5	4069.3	
340.71	3139.5	
340.92	4795.7	
341.13	6029.2	
341.33	3416	
341.54	4061.1	
341.75	5614.8	
341.95	5221.6	
342.16	3905.5	
342.37	4294.6	
342.57	4952.7	
342.78	5343.2	
342.99	4392.9	
343.19	3126.6	
343.4	5721.3	
343.61	5625.8	
343.81	3620.8	
344.02	3363.4	
344.23	5756.8	
344.43	6165.8	
344.64	4259.8	
344.85	4221.5	
345.06	5617.6	
345.26	5966.4	
345.47	4037.2	
345.68	4724.7	
345.88	4759.5	
346.09	5853.1	
346.3	4011.3	
346.5	3134.8	
346.71	5367	
346.92	5098.1	
347.12	3206.4	
347.33	4074.1	
347.54	5867.4	
347.74	6266.8	
347.95	3995.6	
348.16	3015.3	
348.36	5203.9	
348.57	5005.2	
348.78	3943	
348.98	4340.3	
349.19	5340.4	
349.39	4807.9	
349.6	3177.1	
349.81	3564.8	
350.01	5558.2	
350.22	5055.8	
350.43	3841.3	
350.63	4607.2	
350.84	5421.7	
351.05	5188.9	
351.25	3444	
351.46	3192.1	
351.67	5869.5	
351.87	5023.7	
352.08	3720.5	
352.29	4300.7	
352.49	5801.9	
352.7	5522	
352.9	3388.7	
353.11	4246.1	
353.32	6480.5	
353.52	5150	
353.73	3353.9	
353.94	4273.4	
354.14	5569.8	
354.35	5437.4	
354.55	3454.2	
354.76	3816.7	
354.97	5612.1	
355.17	5354.8	
355.38	3247.4	
355.59	4561.5	
355.79	5037.3	
356	5426.4	
356.2	3794.9	
356.41	3363.4	
356.62	4792.9	
356.82	5309	
357.03	4066.6	
357.24	3636.5	
357.44	5044.1	
357.65	5180	
357.85	4919.2	
358.06	3811.3	
358.27	4788.2	
358.47	4969.1	
358.68	3167.5	
358.88	4006.5	
359.09	5537.7	
359.3	5950.7	
359.5	4724	
359.71	4175.8	
359.91	6390.3	
360.12	5703.6	
360.33	3965.6	
360.53	4521.9	
360.74	5056.4	
360.94	5091.9	
361.15	4226.3	
361.36	3457.7	
361.56	5778	
361.77	5236.7	
361.97	4657.1	
362.18	3693.9	
362.38	5791.7	
362.59	4874.2	
362.8	3452.9	
363	3271.3	
363.21	4661.9	
363.41	5288.5	
363.62	3919.8	
363.83	4907.6	
364.03	5367	
364.24	6345.3	
364.44	4947.9	
364.65	5055.8	
364.85	5139	
365.06	5048.2	
365.27	3600.3	
365.47	3620.8	
365.68	6156.2	
365.88	5141.8	
366.09	3939.6	
366.29	3652.2	
366.5	5399.8	
366.71	5839.4	
366.91	4942.4	
367.12	4171.7	
367.32	6322.8	
367.53	5671.5	
367.73	3994.2	
367.94	4975.2	
368.14	5632.6	
368.35	6583.5	
368.56	4065.2	
368.76	3475.4	
368.97	5717.9	
369.17	7451.2	
369.38	3525.9	
369.58	3794.2	
369.79	4785.4	
369.99	6075.6	
370.2	4803.9	
370.4	3926.6	
370.61	5401.2	
370.82	6630	
371.02	3790.1	
371.23	3197.6	
371.43	4693.3	
371.64	6024.4	
371.84	3814.7	
372.05	4919.9	
372.25	7271	
372.46	5725.4	
372.66	3865.9	
372.87	3777.8	
373.07	5770.5	
373.28	7336.5	
373.48	4737	
373.69	4474.8	
373.9	5243.5	
374.1	5251	
374.31	4732.9	
374.51	4242	
374.72	6058.6	
374.92	4960.9	
375.13	4814.1	
375.33	4080.9	
375.54	5618.3	
375.74	5074.2	
375.95	4071.4	
376.15	5422.3	
376.36	5590.3	
376.56	5416.9	
376.77	4156.7	
376.97	4587.4	
377.18	6610.2	
377.38	5692.7	
377.59	4911	
377.79	3663.1	
378	5494.7	
378.2	5890.6	
378.41	3723.2	
378.61	3631	
378.82	5961.6	
379.02	5076.9	
379.23	3834.5	
379.43	4972.5	
379.64	6012.2	
379.84	5632.6	
380.05	3771	
380.25	3618.1	
380.46	5696.8	
380.66	5299.5	
380.87	4978.6	
381.07	5348.6	
381.28	6381.5	
381.48	5745.9	
381.69	3701.4	
381.89	3796.3	
382.1	4789.5	
382.3	5915.2	
382.51	4863.9	
382.71	5745.9	
382.91	5810.8	
383.12	6264.1	
383.32	4121.9	
383.53	4330.1	
383.73	5553.4	
383.94	5440.8	
384.14	4245.4	
384.35	3449.5	
384.55	5307.7	
384.76	5778.7	
384.96	4109.6	
385.17	4387.4	
385.37	5803.9	
385.58	5006.6	
385.78	4455	
385.98	3347.1	
386.19	5285.1	
386.39	5636.7	
386.6	3870.7	
386.8	4101.4	
387.01	5696.8	
387.21	5853.1	
387.42	4518.5	
387.62	5073.5	
387.83	5024.3	
388.03	5719.3	
388.23	4119.1	
388.44	4977.2	
388.64	4775.2	
388.85	4843.4	
389.05	4504.2	
389.26	5148.6	
389.46	6756.2	
389.67	6146	
389.87	4453	
390.07	4506.2	
390.28	5390.3	
390.48	4983.4	
390.69	3718.4	
390.89	4053.6	
391.1	5164.3	
391.3	6047.7	
391.5	5146.5	
391.71	5767.8	
391.91	5812.1	
392.12	6773.3	
392.32	5293.3	
392.53	4484.4	
392.73	5253.7	
392.93	5427.1	
393.14	4191.5	
393.34	4922.6	
393.55	5886.5	
393.75	5457.8	
393.95	4157.4	
394.16	4115.7	
394.36	5138.4	
394.57	5874.3	
394.77	3635.8	
394.98	4060.4	
395.18	5125.4	
395.38	5354.8	
395.59	4925.4	
395.79	3872	
396	5216.2	
396.2	5678.3	
396.4	4911.7	
396.61	4590.9	
396.81	5884.5	
397.02	5168.4	
397.22	4952.7	
397.42	4930.8	
397.63	5867.4	
397.83	5085.1	
398.04	3835.2	
398.24	4314.4	
398.44	5634.6	
398.65	4726.7	
398.85	3712.3	
399.05	3790.8	
399.26	5029.8	
399.46	6708.5	
399.67	4179.2	
399.87	3898.6	
400.07	5416.9	
400.28	5742.5	
400.48	3979.2	
400.69	5044.1	
400.89	5920.7	
401.09	6421.7	
401.3	3802.4	
401.5	4999.8	
401.7	6645.7	
401.91	6804.7	
402.11	4213.4	
402.32	4422.2	
402.52	5962.3	
402.72	5875.6	
402.93	4644.1	
403.13	3534.1	
403.33	6804.7	
403.54	5534.3	
403.74	4382.7	
403.94	5264	
404.15	5580	
404.35	6666.8	
404.56	4085.7	
404.76	5915.2	
404.96	5976	
405.17	5702.9	
405.37	5328.8	
405.57	4592.9	
405.78	5976	
405.98	5535	
406.18	4179.2	
406.39	4995.7	
406.59	6025.8	
406.79	5653.1	
407	3958.7	
407.2	4095.3	
407.4	6008.7	
407.61	6180.1	
407.81	4015.4	
408.01	5979.4	
408.22	4909	
408.42	6902.3	
408.62	5013.4	
408.83	4487.8	
409.03	5526.8	
409.23	5402.5	
409.44	4595.6	
409.64	4883.7	
409.84	6439.5	
410.05	6388.3	
410.25	4698.7	
410.45	4537.6	
410.66	5784.1	
410.86	8293.6	
411.06	4792.2	
411.27	4725.3	
411.47	7945.4	
411.67	5961	
411.88	4948.6	
412.08	5162.2	
412.28	6568.5	
412.49	7049.1	
412.69	4689.8	
412.89	4728.8	
413.09	6884.6	
413.3	6773.3	
413.5	4802.5	
413.7	4432.5	
413.91	6090	
414.11	6838.2	
414.31	4634.6	
414.52	5018.9	
414.72	6442.9	
414.92	6449.1	
415.12	4636.6	
415.33	5225.1	
415.53	6741.9	
415.73	6959.7	
415.94	5520.6	
416.14	4932.9	
416.34	5836.7	
416.55	5637.4	
416.75	6184.9	
416.95	5506.3	
417.15	6730.3	
417.36	7528.3	
417.56	6355.5	
417.76	5362.9	
417.97	7141.3	
418.17	6897.6	
418.37	4948.6	
418.57	5008	
418.78	6615.6	
418.98	6314.6	
419.18	5874.3	
419.38	5837.4	
419.59	6285.9	
419.79	5998.5	
419.99	4938.3	
420.2	5320.6	
420.4	6918.7	
420.6	7066.9	
420.8	4835.3	
421.01	4689.8	
421.21	6667.5	
421.41	6915.3	
421.61	5242.8	
421.82	4881	
422.02	6208.8	
422.22	7176.8	
422.42	5685.2	
422.63	5399.8	
422.83	6374	
423.03	7463.5	
423.23	5475.6	
423.44	4437.9	
423.64	6503	
423.84	6219	
424.04	4870.8	
424.25	4587.4	
424.45	7345.4	
424.65	7313.3	
424.85	4374.5	
425.06	4885.1	
425.26	7325.6	
425.46	5834.7	
425.66	5438.7	
425.87	5104.2	
426.07	7077.1	
426.27	6972.7	
426.47	5223.7	
426.67	4614.8	
426.88	7438.9	
427.08	6849.8	
427.28	5509.7	
427.48	4614.8	
427.69	5806	
427.89	6446.3	
428.09	5469.4	
428.29	4687.8	
428.5	7152.9	
428.7	6668.2	
428.9	4502.1	
429.1	4942.4	
429.3	6554.2	
429.51	6987	
429.71	4848.2	
429.91	5631.9	
430.11	6818.4	
430.31	7458	
430.52	5104.9	
430.72	5368.4	
430.92	7413.6	
431.12	6892.1	
431.32	4839.4	
431.53	5256.5	
431.73	5788.2	
431.93	7544	
432.13	4745.1	
432.33	4628.4	
432.54	6337.8	
432.74	6688.7	
432.94	4560.1	
433.14	5562.3	
433.34	6915.3	
433.55	6373.3	
433.75	5547.9	
433.95	7200	
434.15	6663.4	
434.35	6341.9	
434.56	4774.5	
434.76	4283	
434.96	6646.3	
435.16	6850.5	
435.36	4616.8	
435.56	5750	
435.77	6255.9	
435.97	6440.9	
436.17	6395.8	
436.37	5603.9	
436.57	6182.8	
436.78	6221	
436.98	6836.8	
437.18	6269.5	
437.38	6864.1	
437.58	6536.4	
437.78	6420.4	
437.99	5005.9	
438.19	6944	
438.39	7778.9	
438.59	5018.9	
438.79	4541.7	
438.99	7627.3	
439.2	6384.9	
439.4	4650.9	
439.6	4527.4	
439.8	6666.1	
440	7746.1	
440.2	5640.1	
440.4	5698.8	
440.61	7155.6	
440.81	7701	
441.01	4881	
441.21	5726.8	
441.41	7519.5	
441.61	7168.6	
441.81	6034.7	
442.02	7038.9	
442.22	8049.2	
442.42	7331.7	
442.62	4891.9	
442.82	4928.8	
443.02	7466.2	
443.22	6723.5	
443.43	5343.8	
443.63	4908.3	
443.83	6525.5	
444.03	6532.3	
444.23	6120.7	
444.43	5696.8	
444.63	6862.7	
444.83	8112.7	
445.04	5024.3	
445.24	6342.6	
445.44	7260.7	
445.64	7321.5	
445.84	5896.1	
446.04	5844.2	
446.24	6595.1	
446.44	7578.2	
446.65	5043.5	
446.85	5446.2	
447.05	6705.7	
447.25	7532.4	
447.45	5483.1	
447.65	4854.4	
447.85	6915.3	
448.05	6577.4	
448.25	5915.2	
448.46	5696.1	
448.66	6928.3	
448.86	6661.4	
449.06	4755.4	
449.26	6012.8	
449.46	7352.2	
449.66	6292.7	
449.86	5390.3	
450.06	5410.1	
450.26	6537.1	
450.47	7100.3	
450.67	5737	
450.87	6084.5	
451.07	7229.3	
451.27	6984.9	
451.47	5002.5	
451.67	5596.4	
451.87	6707.1	
452.07	7808.2	
452.27	5266	
452.47	5193	
452.67	6972.7	
452.88	7462.1	
453.08	4674.8	
453.28	6645.7	
453.48	8155.7	
453.68	6958.3	
453.88	5182.7	
454.08	5394.3	
454.28	7299.6	
454.48	6978.8	
454.68	5897.5	
454.88	6412.9	
455.08	7430.7	
455.28	7223.9	
455.48	5065.3	
455.68	5644.2	
455.89	7855.3	
456.09	7509.2	
456.29	5382.7	
456.49	5472.2	
456.69	7735.9	
456.89	7007.5	
457.09	5907	
457.29	6322.8	
457.49	7403.4	
457.69	7447.1	
457.89	5751.4	
458.09	5229.8	
458.29	7108.5	
458.49	7867.6	
458.69	6191	
458.89	5641.5	
459.09	8130.4	
459.29	8226.7	
459.49	5763	
459.69	6540.5	
459.9	7648.5	
460.1	7158.3	
460.3	5629.2	
460.5	5409.4	
460.7	7650.5	
460.9	7286	
461.1	5055.8	
461.3	6354.2	
461.5	8314.8	
461.7	7868.3	
461.9	5492	
462.1	5946.6	
462.3	7374.7	
462.5	7942.7	
462.7	5535	
462.9	5640.1	
463.1	8964.6	
463.3	8518.2	
463.5	5908.4	
463.7	6786.3	
463.9	7559.7	
464.1	7948.8	
464.3	5952.1	
464.5	6223.8	
464.7	8183	
464.9	7874.4	
465.1	7610.9	
465.3	6551.5	
465.5	8551.6	
465.7	8535.3	
465.9	6809.5	
466.1	6771.3	
466.3	8387.8	
466.5	8189.8	
466.7	7632.1	
466.9	6424.5	
467.1	8170.7	
467.3	9118.9	
467.5	7453.2	
467.7	6352.1	
467.9	9353.1	
468.1	10042	
468.3	7202	
468.5	7609.6	
468.7	8071	
468.9	8039	
469.1	6726.2	
469.3	7378.1	
469.5	10102	
469.7	7790.5	
469.9	7176.1	
470.1	6558.3	
470.3	8188.5	
470.5	8246.5	
470.7	7714.7	
470.9	6554.9	
471.1	7974.1	
471.3	8383	
471.5	6442.9	
471.69	8363.9	
471.89	7838.3	
472.09	7363.8	
472.29	7253.2	
472.49	7570.7	
472.69	7645.7	
472.89	8427.4	
473.09	6341.9	
473.29	6451.1	
473.49	7761.1	
473.69	7936.6	
473.89	7358.4	
474.09	6581.5	
474.29	9176.3	
474.49	8901.2	
474.69	7389.8	
474.89	6744.6	
475.09	8015.1	
475.29	8000.7	
475.49	6130.9	
475.69	6417	
475.88	9566.7	
476.08	8322.9	
476.28	6087.9	
476.48	6599.2	
476.68	8751	
476.88	8488.8	
477.08	6331	
477.28	6834.1	
477.48	8039.6	
477.68	8757.8	
477.88	6317.3	
478.08	6678.4	
478.28	8989.2	
478.48	8224.6	
478.67	6588.3	
478.87	6161.7	
479.07	8878.6	
479.27	8368.7	
479.47	6879.8	
479.67	6886.6	
479.87	8688.8	
480.07	9151	
480.27	6147.3	
480.47	7746.8	
480.67	8316.8	
480.87	9026.8	
481.06	6478.4	
481.26	7312.6	
481.46	8357.8	
481.66	8327.7	
481.86	6847	
482.06	7932.5	
482.26	8043.7	
482.46	8928.5	
482.66	6834.8	
482.86	6462	
483.05	8388.5	
483.25	7775.5	
483.45	9266.4	
483.65	6767.9	
483.85	7911.3	
484.05	8239.7	
484.25	7278.5	
484.45	7748.1	
484.65	9193.3	
484.84	9147.6	
485.04	6771.9	
485.24	6761	
485.44	9405	
485.64	7755.7	
485.84	6152.8	
486.04	7460.1	
486.24	8153.6	
486.44	8553	
486.63	6086.6	
486.83	6962.4	
487.03	8082.7	
487.23	8332.5	
487.43	6189.6	
487.63	8549.6	
487.83	8305.9	
488.02	9380.4	
488.22	7174	
488.42	7781.6	
488.62	9230.9	
488.82	8127	
489.02	6855.2	
489.22	6911.2	
489.41	9136.7	
489.61	8774.9	
489.81	6597.2	
490.01	6651.1	
490.21	9041.1	
490.41	9688.9	
490.61	6599.2	
490.8	6722.8	
491	8538.7	
491.2	7911.3	
491.4	7316	
491.6	6402	
491.8	8523	
491.99	8717.5	
492.19	6290.7	
492.39	6625.2	
492.59	8979	
492.79	9035	
492.99	7475.1	
493.18	6621.8	
493.38	9121	
493.58	9907.4	
493.78	7327.6	
493.98	6924.9	
494.18	8875.9	
494.37	8412.4	
494.57	7593.2	
494.77	7441	
494.97	9069.1	
495.17	9484.8	
495.37	7075	
495.56	7447.8	
495.76	9619.3	
495.96	9256.1	
496.16	8421.2	
496.36	7351.5	
496.55	9505.3	
496.75	9044.5	
496.95	7795.3	
497.15	7505.1	
497.35	9404.3	
497.54	9441.1	
497.74	7305.8	
497.94	9072.5	
498.14	10099	
498.34	9929.9	
498.53	6946.7	
498.73	7823.2	
498.93	8761.2	
499.13	9460.3	
499.33	7634.8	
499.52	8302.5	
499.72	9507.4	
499.92	9709.4	
500.12	7252.5	
500.32	7622.5	
500.51	9755.2	
500.71	9500.5	
500.91	8394.6	
501.11	8099.7	
501.31	9643.9	
501.5	10072	
501.7	8708.6	
501.9	7685.3	
502.1	9428.8	
502.29	9754.5	
502.49	8141.4	
502.69	8628.8	
502.89	9728.5	
503.09	9657.5	
503.28	7261.4	
503.48	7334.5	
503.68	8860.9	
503.88	8892.3	
504.07	8358.4	
504.27	7728.4	
504.47	9377	
504.67	9496.4	
504.86	8242.4	
505.06	7894.2	
505.26	9060.9	
505.46	10861	
505.65	7798	
505.85	7989.8	
506.05	8995.4	
506.25	9408.4	
506.44	7062.8	
506.64	8075.8	
506.84	8845.9	
507.04	9817.3	
507.23	7375.4	
507.43	7883.3	
507.63	10789	
507.83	9091.6	
508.02	7974.1	
508.22	7576.1	
508.42	11114	
508.62	8874.5	
508.81	8126.3	
509.01	8400.1	
509.21	8705.9	
509.4	9011.7	
509.6	8026	
509.8	7237.5	
510	8981.7	
510.19	10502	
510.39	7335.8	
510.59	7471.7	
510.79	8893	
510.98	10236	
511.18	7517.4	
511.38	7735.2	
511.57	9663.7	
511.77	9652.1	
511.97	8282	
512.17	7215	
512.36	9624.1	
512.56	9562.6	
512.76	7359	
512.95	7095.5	
513.15	9777.7	
513.35	8399.4	
513.55	8161.8	
513.74	7404.1	
513.94	9719.7	
514.14	9152.4	
514.33	8417.8	
514.53	8039	
514.73	9137.4	
514.92	9352.4	
515.12	7546.8	
515.32	7342	
515.51	9301.2	
515.71	9908.8	
515.91	9022.7	
516.11	7519.5	
516.3	10993	
516.5	8908	
516.7	7994.6	
516.89	8583	
517.09	9090.3	
517.29	8962.6	
517.48	8484.1	
517.68	7733.1	
517.88	8856.8	
518.07	9443.2	
518.27	8188.5	
518.47	7322.9	
518.66	10032	
518.86	8733.2	
519.06	7097.6	
519.25	7580.9	
519.45	8940.7	
519.65	10449	
519.84	8374.8	
520.04	8964.6	
520.24	10928	
520.43	9708.7	
520.63	8004.8	
520.83	7724.9	
521.02	8884.8	
521.22	9503.9	
521.42	8174.1	
521.61	8662.2	
521.81	9041.1	
522.01	9293	
522.2	8027.4	
522.4	7812.3	
522.6	9763.3	
522.79	8598.1	
522.99	7839.6	
523.18	7228	
523.38	9488.2	
523.58	9472.5	
523.77	9201.5	
523.97	7256	
524.17	11421	
524.36	10543	
524.56	8686.1	
524.76	8341.4	
524.95	9587.9	
525.15	9314.8	
525.34	8182.3	
525.54	8089.5	
525.74	10041	
525.93	9066.4	
526.13	9417.2	
526.33	8167.3	
526.52	10344	
526.72	9907.4	
526.91	9346.9	
527.11	8652	
527.31	10437	
527.5	10829	
527.7	8557.1	
527.89	7619.8	
528.09	9474.6	
528.29	9948.3	
528.48	8933.9	
528.68	8548.9	
528.87	10187	
529.07	10266	
529.27	8633.6	
529.46	8028.7	
529.66	9961.3	
529.85	10400	
530.05	7976.8	
530.25	8657.4	
530.44	11357	
530.64	9851.4	
530.83	8326.4	
531.03	8554.4	
531.23	10258	
531.42	10130	
531.62	9256.1	
531.81	8582.4	
532.01	10452	
532.21	10975	
532.4	8348.9	
532.6	8656.1	
532.79	11351	
532.99	10578	
533.18	8788.5	
533.38	9790	
533.58	10075	
533.77	10855	
533.97	8771.5	
534.16	9506	
534.36	11146	
534.55	10216	
534.75	9702.6	
534.95	8801.5	
535.14	11048	
535.34	10212	
535.53	8554.4	
535.73	10483	
535.92	11576	
536.12	10445	
536.31	8589.2	
536.51	9757.9	
536.71	10675	
536.9	10275	
537.1	8727.8	
537.29	8850	
537.49	11080	
537.68	10080	
537.88	9293.7	
538.07	8420.6	
538.27	10383	
538.46	11469	
538.66	8340.7	
538.86	8856.1	
539.05	10419	
539.25	10800	
539.44	9183.1	
539.64	8834.3	
539.83	10260	
540.03	11277	
540.22	8647.2	
540.42	8735.3	
540.61	10481	
540.81	10643	
541	9182.4	
541.2	9764.7	
541.39	10032	
541.59	10471	
541.78	9437	
541.98	8589.2	
542.18	9783.1	
542.37	9779.1	
542.57	9051.3	
542.76	9488.9	
542.96	9783.1	
543.15	10537	
543.35	8997.4	
543.54	8271.1	
543.74	10839	
543.93	10314	
544.13	8810.4	
544.32	9968.1	
544.52	10550	
544.71	9850	
544.91	7970.7	
545.1	9256.1	
545.3	9853.5	
545.49	10641	
545.69	8001.4	
545.88	8595.3	
546.08	11441	
546.27	11019	
546.47	9098.4	
546.66	8327	
546.86	10831	
547.05	11359	
547.24	8547.5	
547.44	8514.8	
547.63	9729.2	
547.83	10836	
548.02	8921.6	
548.22	8983.1	
548.41	9460.9	
548.61	10858	
548.8	8393.3	
549	8336.6	
549.19	10213	
549.39	10371	
549.58	8103.1	
549.78	8625.4	
549.97	10516	
550.17	10061	
550.36	9493	
550.55	10446	
550.75	9995.5	
550.94	10925	
551.14	8251.3	
551.33	8660.2	
551.53	9459.6	
551.72	10326	
551.92	8583	
552.11	8470.4	
552.31	10383	
552.5	10505	
552.69	10118	
552.89	8077.2	
553.08	10411	
553.28	9994.8	
553.47	8490.9	
553.67	9491.7	
553.86	10981	
554.06	9399.5	
554.25	7621.9	
554.44	8183.7	
554.64	11739	
554.83	11262	
555.03	8189.1	
555.22	8577.6	
555.42	10490	
555.61	10171	
555.8	8272.4	
556	8696.4	
556.19	9340.1	
556.39	10660	
556.58	8356.4	
556.78	8374.1	
556.97	10018	
557.16	9754.5	
557.36	9592	
557.55	8056.7	
557.75	9045.2	
557.94	10858	
558.13	8144.8	
558.33	7969.3	
558.52	10729	
558.72	9532.6	
558.91	8019.2	
559.1	8254	
559.3	9248.6	
559.49	9028.8	
559.69	7574.1	
559.88	8582.4	
560.07	10080	
560.27	10493	
560.46	8859.5	
560.66	8923	
560.85	9849.4	
561.04	9052.7	
561.24	7974.8	
561.43	8084	
561.63	9339.4	
561.82	9560.6	
562.01	9345.6	
562.21	8472.4	
562.4	10107	
562.59	11084	
562.79	8385.7	
562.98	8007.6	
563.18	9972.9	
563.37	11442	
563.56	8926.4	
563.76	7972.1	
563.95	9380.4	
564.14	9441.8	
564.34	8340	
564.53	8049.2	
564.73	9989.3	
564.92	10314	
565.11	8508.6	
565.31	7882.6	
565.5	10592	
565.69	9501.2	
565.89	8042.4	
566.08	8381.7	
566.27	10518	
566.47	10817	
566.66	8968.1	
566.85	7712	
567.05	10104	
567.24	9516.9	
567.44	8054	
567.63	9398.1	
567.82	10318	
568.02	9972.2	
568.21	8085.4	
568.4	8423.3	
568.6	9934	
568.79	9951.1	
568.98	7904.5	
569.18	8083.3	
569.37	9858.2	
569.56	11953	
569.76	8457.4	
569.95	9475.3	
570.14	10319	
570.34	10312	
570.53	8021.2	
570.72	7985	
570.91	10841	
571.11	9929.9	
571.3	8452	
571.49	9394	
571.69	9949	
571.88	9592	
572.07	9037	
572.27	8990.6	
572.46	9564	
572.65	10574	
572.85	8266.3	
573.04	8628.1	
573.23	10812	
573.43	10055	
573.62	8038.3	
573.81	8638.3	
574	10172	
574.2	9920.4	
574.39	8455.4	
574.58	8590.5	
574.78	11074	
574.97	10343	
575.16	9042.5	
575.36	9190.6	
575.55	10702	
575.74	10890	
575.93	8160.5	
576.13	9273.9	
576.32	9985.9	
576.51	10589	
576.71	8617.9	
576.9	9997.5	
577.09	10963	
577.28	10544	
577.48	9011.1	
577.67	8051.2	
577.86	10133	
578.05	10465	
578.25	8728.4	
578.44	8846.5	
578.63	10295	
578.83	11504	
579.02	8168.7	
579.21	9708.7	
579.4	10550	
579.6	10219	
579.79	8892.3	
579.98	11018	
580.17	10808	
580.37	10880	
580.56	8400.8	
580.75	9138	
580.94	11271	
581.14	11172	
581.33	9562.6	
581.52	8492.9	
581.71	10709	
581.91	11346	
582.1	8178.9	
582.29	8793.3	
582.48	10380	
582.68	10282	
582.87	9273.9	
583.06	8921.6	
583.25	10591	
583.45	10335	
583.64	9538.8	
583.83	10237	
584.02	10088	
584.21	10723	
584.41	9582.4	
584.6	8840.4	
584.79	10345	
584.98	11138	
585.18	8275.8	
585.37	8348.2	
585.56	9840.5	
585.75	10681	
585.94	8531.2	
586.14	9297.1	
586.33	11407	
586.52	10324	
586.71	8998.8	
586.91	8783.7	
587.1	9709.4	
587.29	10646	
587.48	8567.3	
587.67	8511.4	
587.87	10576	
588.06	10605	
588.25	9822.7	
588.44	9059.5	
588.63	10180	
588.83	10822	
589.02	8601.5	
589.21	8505.2	
589.4	10034	
589.59	9918.3	
589.78	7709.2	
589.98	8105.9	
590.17	9455.5	
590.36	10018	
590.55	7380.9	
590.74	8125	
590.94	11302	
591.13	9819.3	
591.32	7869	
591.51	7419.1	
591.7	10265	
591.89	9802.3	
592.09	7701.7	
592.28	8085.4	
592.47	9045.2	
592.66	10929	
592.85	7622.5	
593.05	7875.8	
593.24	9617.9	
593.43	10437	
593.62	7839.6	
593.81	8368.7	
594	9721.7	
594.19	9934.7	
594.39	7916.1	
594.58	7753.6	
594.77	9914.2	
594.96	10527	
595.15	7756.3	
595.34	8449.2	
595.54	10008	
595.73	9069.8	
595.92	7089.4	
596.11	8207.6	
596.3	10490	
596.49	9210.4	
596.68	8048.5	
596.88	8397.4	
597.07	10234	
597.26	8983.8	
597.45	7537.9	
597.64	8725	
597.83	9264.3	
598.02	9904.7	
598.22	7594.6	
598.41	8234.2	
598.6	9606.3	
598.79	9067.7	
598.98	7667.6	
599.17	8566	
599.36	9572.9	
599.55	10843	
599.74	9652.1	
599.94	9355.1	
600.13	10156	
600.32	9084.1	
600.51	7307.8	
600.7	7435.5	
600.89	10703	
601.08	10829	
601.27	7359.7	
601.47	8226	
601.66	10066	
601.85	10705	
602.04	7935.9	
602.23	7988.4	
602.42	9132.6	
602.61	9768.8	
602.8	7774.8	
602.99	7559.1	
603.18	9486.2	
603.37	9673.2	
603.57	8199.4	
603.76	8744.1	
603.95	10379	
604.14	10002	
604.33	7673.1	
604.52	7926.3	
604.71	9619.3	
604.9	9230.2	
605.09	8800.1	
605.28	8363.2	
605.47	10228	
605.66	9964.7	
605.86	8257.4	
606.05	7595.9	
606.24	10151	
606.43	8740	
606.62	7977.5	
606.81	8742.8	
607	9941.5	
607.19	9337.4	
607.38	7338.6	
607.57	7690.1	
607.76	9137.4	
607.95	8628.1	
608.14	8085.4	
608.33	8574.8	
608.52	9228.1	
608.72	9965.4	
608.91	7319.4	
609.1	7218.4	
609.29	9194.7	
609.48	8755.1	
609.67	8186.4	
609.86	7292.1	
610.05	8812.4	
610.24	9211.8	
610.43	7088	
610.62	6753.5	
610.81	10204	
611	10050	
611.19	7320.8	
611.38	8026.7	
611.57	9507.4	
611.76	10869	
611.95	7058.7	
612.14	6890	
612.33	9251.4	
612.52	8774.9	
612.71	7593.9	
612.9	6724.2	
613.09	8402.8	
613.28	10677	
613.47	7425.9	
613.66	8283.4	
613.85	9428.2	
614.04	8870.4	
614.24	7391.1	
614.43	6581.5	
614.62	9460.3	
614.81	9396.8	
615	7946.8	
615.19	8031.5	
615.38	8723.7	
615.57	9175.6	
615.76	7887.4	
615.95	8790.6	
616.14	9627.5	
616.33	9210.4	
616.52	8174.1	
616.71	8340.7	
616.9	9523.1	
617.09	9295.7	
617.28	7570	
617.47	8674.5	
617.66	8662.9	
617.85	8629.5	
618.04	8353.7	
618.22	7845.1	
618.41	8987.9	
618.6	9817.3	
618.79	7841.7	
618.98	7462.1	
619.17	10208	
619.36	8601.5	
619.55	7709.9	
619.74	7764.5	
619.93	9519	
620.12	8983.8	
620.31	8331.8	
620.5	8410.3	
620.69	10029	
620.88	10459	
621.07	9144.2	
621.26	8196.7	
621.45	9769.5	
621.64	9709.4	
621.83	8265.6	
622.02	7429.3	
622.21	9809.1	
622.4	9549.7	
622.59	8856.1	
622.78	8632.2	
622.97	9084.8	
623.16	10103	
623.35	8254.7	
623.54	7357.7	
623.72	9443.2	
623.91	9486.9	
624.1	8531.2	
624.29	7192.5	
624.48	10572	
624.67	9912.2	
624.86	8338	
625.05	7453.2	
625.24	10600	
625.43	9095.7	
625.62	10133	
625.81	7662.1	
626	10064	
626.19	9392	
626.38	8503.2	
626.56	7866.9	
626.75	9286.9	
626.94	10017	
627.13	8543.4	
627.32	7257.3	
627.51	9893.7	
627.7	11103	
627.89	7368.6	
628.08	8416.5	
628.27	9043.1	
628.46	9345.6	
628.65	7646.4	
628.83	7292.8	
629.02	9880.8	
629.21	9176.9	
629.4	8161.8	
629.59	8262.2	
629.78	9048.6	
629.97	10006	
630.16	8215.8	
630.35	7774.1	
630.54	10409	
630.72	10260	
630.91	7593.9	
631.1	8296.3	
631.29	9602.9	
631.48	9913.5	
631.67	8436.9	
631.86	7873.1	
632.05	9239.1	
632.24	9312.1	
632.42	7473	
632.61	8198	
632.8	9368.8	
632.99	8987.9	
633.18	8093.6	
633.37	8420.6	
633.56	9597.5	
633.75	9480.7	
633.93	8018.5	
634.12	7729	
634.31	10322	
634.5	10012	
634.69	7845.1	
634.88	8263.6	
635.07	9519.6	
635.25	10010	
635.44	8742.1	
635.63	8924.4	
635.82	9263.6	
636.01	8690.9	
636.2	8637	
636.39	8150.2	
636.57	10340	
636.76	9919.7	
636.95	7530.4	
637.14	8989.9	
637.33	9677.3	
637.52	10618	
637.7	7264.1	
637.89	8306.6	
638.08	9215.9	
638.27	10619	
638.46	8352.3	
638.65	8862.9	
638.83	10611	
639.02	8981	
639.21	8230.1	
639.4	8764.6	
639.59	9450.7	
639.78	9136	
639.96	7544	
640.15	7590.5	
640.34	9343.5	
640.53	9624.8	
640.72	7281.9	
640.91	7552.2	
641.09	8835.6	
641.28	10067	
641.47	7585.7	
641.66	8430.8	
641.85	9464.3	
642.03	9671.2	
642.22	8155.7	
642.41	7664.2	
642.6	8815.8	
642.79	8281.3	
642.97	7403.4	
643.16	8124.3	
643.35	8915.5	
643.54	8653.4	
643.73	7365.2	
643.91	8145.5	
644.1	8493.6	
644.29	9140.8	
644.48	7370	
644.67	7389.8	
644.85	8587.1	
645.04	8948.9	
645.23	7059.3	
645.42	7271.7	
645.6	8595.3	
645.79	9681.4	
645.98	7256	
646.17	6356.9	
646.36	8187.1	
646.54	8750.3	
646.73	7961.1	
646.92	6886	
647.11	8460.2	
647.29	9483.5	
647.48	6877.8	
647.67	6690.7	
647.86	9723.1	
648.05	9655.5	
648.23	7227.3	
648.42	8495	
648.61	9133.9	
648.8	8828.1	
648.98	6924.2	
649.17	7132.4	
649.36	8333.2	
649.55	7898.3	
649.73	6964.5	
649.92	7681.9	
650.11	8314.1	
650.3	8613.8	
650.48	6984.3	
650.67	6789	
650.86	8876.6	
651.05	7790.5	
651.23	6984.3	
651.42	6954.2	
651.61	8333.2	
651.79	8521.6	
651.98	7163.8	
652.17	6694.8	
652.36	8855.4	
652.54	7817.1	
652.73	6827.2	
652.92	6599.9	
653.11	8781.7	
653.29	8827.4	
653.48	6087.9	
653.67	7047.1	
653.85	8572.1	
654.04	9633	
654.23	7350.2	
654.42	6844.3	
654.6	7999.4	
654.79	8628.1	
654.98	6164.4	
655.16	6699.6	
655.35	7603.4	
655.54	7487.4	
655.73	6150.1	
655.91	6121.4	
656.1	8708.6	
656.29	7418.4	
656.47	5858.6	
656.66	7457.3	
656.85	7767.9	
657.03	7847.8	
657.22	6377.4	
657.41	6475	
657.59	7924.3	
657.78	7767.3	
657.97	6017.6	
658.16	6843.6	
658.34	8541.4	
658.53	8938	
658.72	7652.6	
658.9	8245.8	
659.09	7929.7	
659.28	8127.7	
659.46	6531.7	
659.65	6442.9	
659.84	7780.2	
660.02	8264.2	
660.21	6352.8	
660.4	6281.1	
660.58	8820.6	
660.77	8116.8	
660.96	6940.6	
661.14	6006	
661.33	9296.4	
661.52	9140.8	
661.7	5948	
661.89	9556.5	
662.08	7748.8	
662.26	7460.1	
662.45	6232.7	
662.64	6387.6	
662.82	8392.6	
663.01	7605.5	
663.2	6362.4	
663.38	7061.4	
663.57	8298.4	
663.75	8174.8	
663.94	6710.5	
664.13	7895.6	
664.31	7694.9	
664.5	8356.4	
664.69	6783.6	
664.87	7505.1	
665.06	7423.9	
665.25	8212.4	
665.43	7613	
665.62	7745.4	
665.8	8467.7	
665.99	7842.4	
666.18	6574.7	
666.36	6804.7	
666.55	8424	
666.74	8359.8	
666.92	6208.1	
667.11	7873.8	
667.29	7821.2	
667.48	8403.5	
667.67	7484.6	
667.85	6483.9	
668.04	7823.2	
668.22	7865.6	
668.41	6677.7	
668.6	6880.5	
668.78	7614.3	
668.97	7866.2	
669.15	7031.4	
669.34	6008.7	
669.53	7628	
669.71	7933.8	
669.9	6173.9	
670.08	6815	
670.27	7611.6	
670.46	8204.8	
670.64	6988.4	
670.83	7265.5	
671.01	7515.4	
671.2	8125.7	
671.38	6240.2	
671.57	6139.1	
671.76	8660.2	
671.94	9252	
672.13	6040.8	
672.31	7257.3	
672.5	8331.8	
672.69	7537.2	
672.87	6299.6	
673.06	6500.3	
673.24	8101.8	
673.43	7703.8	
673.61	7064.1	
673.8	6492.7	
673.98	8284.7	
674.17	8452	
674.36	7068.9	
674.54	6903.7	
674.73	8029.4	
674.91	8355.7	
675.1	6664.8	
675.28	6344.6	
675.47	7827.3	
675.65	8424.7	
675.84	6548	
676.03	6837.5	
676.21	7621.9	
676.4	7167.2	
676.58	7338.6	
676.77	7107.8	
676.95	9106.6	
677.14	7490.1	
677.32	6242.2	
677.51	5975.3	
677.69	8342.7	
677.88	7220.5	
678.06	6123.4	
678.25	6234.7	
678.44	7873.8	
678.62	7600.7	
678.81	5847	
678.99	6842.9	
679.18	8671.8	
679.36	8228.7	
679.55	6532.3	
679.73	7038.2	
679.92	8105.9	
680.1	7597.3	
680.29	7651.9	
680.47	6477	
680.66	7558.4	
680.84	8362.5	
681.03	5750	
681.21	6894.1	
681.4	7566.6	
681.58	7508.5	
681.77	6258.6	
681.95	6227.9	
682.14	8557.8	
682.32	8712.7	
682.51	7038.9	
682.69	5983.5	
682.88	7522.2	
683.06	8163.2	
683.25	6776	
683.43	7298.3	
683.62	7891.5	
683.8	8218.5	
683.99	7307.8	
684.17	6638.1	
684.36	9024	
684.54	7765.2	
684.73	5803.9	
684.91	6012.8	
685.1	8016.4	
685.28	7386.3	
685.46	6537.8	
685.65	6597.9	
685.83	8144.8	
686.02	7531.7	
686.2	6038.8	
686.39	6213.5	
686.57	7123.5	
686.76	8819.2	
686.94	6154.8	
687.13	6256.5	
687.31	8099.7	
687.5	7595.2	
687.68	5741.8	
687.86	6909.2	
688.05	9388.6	
688.23	7066.2	
688.42	7051.2	
688.6	6154.8	
688.79	7472.4	
688.97	7486	
689.16	6554.9	
689.34	5556.8	
689.52	8292.2	
689.71	8415.8	
689.89	6868.2	
690.08	6106.4	
690.26	7869.7	
690.45	7652.6	
690.63	7053.2	
690.81	6320	
691	7545.4	
691.18	7464.2	
691.37	6559.6	
691.55	8644.5	
691.74	7374.7	
691.92	9423.4	
692.1	6481.1	
692.29	5890	
692.47	7606.8	
692.66	6988.4	
692.84	6058.6	
693.02	6645.7	
693.21	7076.4	
693.39	7530.4	
693.58	6714.6	
693.76	6105.7	
693.94	8776.9	
694.13	8544.8	
694.31	6075.6	
694.5	7182.9	
694.68	7451.2	
694.86	7662.8	
695.05	6514.6	
695.23	6593.8	
695.42	8148.9	
695.6	10304	
695.78	7144.7	
695.97	6316.6	
696.15	8178.9	
696.34	7557.7	
696.52	6047.7	
696.7	6788.3	
696.89	7899	
697.07	7351.5	
697.25	6715.3	
697.44	8219.2	
697.62	7901.1	
697.81	8133.8	
697.99	6397.9	
698.17	6881.2	
698.36	7159	
698.54	7875.8	
698.72	6739.9	
698.91	5740.5	
699.09	7415.7	
699.28	7222.5	
699.46	6416.3	
699.64	6205.3	
699.83	7193.1	
700.01	8470.4	
700.19	6978.8	
700.38	5513.1	
700.56	8486.1	
700.74	7338.6	
700.93	5909.1	
701.11	6720.1	
701.29	7982.3	
701.48	8974.9	
701.66	6094.8	
701.84	6236.7	
702.03	7568.6	
702.21	8062.9	
702.39	5626.5	
702.58	6288.6	
702.76	7847.1	
702.94	7982.3	
703.13	5733.6	
703.31	8066.9	
703.49	7120.8	
703.68	8700.5	
703.86	5827.8	
704.04	6905.1	
704.23	7683.3	
704.41	8003.5	
704.59	6019.7	
704.78	7271.7	
704.96	8840.4	
705.14	8085.4	
705.33	5782.1	
705.51	6585.6	
705.69	7531.1	
705.87	8294.3	
706.06	6939.9	
706.24	5745.9	
706.42	7799.3	
706.61	7972.7	
706.79	6850.5	
706.97	5700.9	
707.16	7207.5	
707.34	7815	
707.52	6784.9	
707.7	6004	
707.89	7313.3	
708.07	7029.3	
708.25	6838.9	
708.44	6907.8	
708.62	7344	
708.8	8447.2	
708.98	7066.2	
709.17	6090.7	
709.35	7701	
709.53	7796.6	
709.72	5720.7	
709.9	6202.6	
710.08	7914.7	
710.26	7947.5	
710.45	7253.9	
710.63	6019	
710.81	7498.3	
710.99	7644.4	
711.18	6709.8	
711.36	6190.3	
711.54	7374.1	
711.72	8131.8	
711.91	6182.8	
712.09	5735	
712.27	7578.8	
712.45	8180.3	
712.64	6535.8	
712.82	5447.6	
713	7023.9	
713.18	7148.1	
713.37	5599.1	
713.55	6810.9	
713.73	8100.4	
713.91	6637.5	
714.1	6044.2	
714.28	5432.6	
714.46	7664.9	
714.64	6869.6	
714.83	4855.7	
715.01	5684.5	
715.19	6992.4	
715.37	6243.6	
715.55	5341.1	
715.74	5666	
715.92	7842.4	
716.1	5845.6	
716.28	6804	
716.47	5823.7	
716.65	6484.6	
716.83	6565.8	
717.01	5614.8	
717.19	5664.7	
717.38	8702.5	
717.56	6276.3	
717.74	5896.8	
717.92	5068.7	
718.1	7523.6	
718.29	6685.3	
718.47	4634.6	
718.65	5320.6	
718.83	7403.4	
719.01	7271.7	
719.2	4576.5	
719.38	5687.9	
719.56	6997.2	
719.74	8523	
719.92	5213.4	
720.11	6245.6	
720.29	7030.7	
720.47	6184.9	
720.65	4803.2	
720.83	5653.8	
721.02	6450.4	
721.2	6291.4	
721.38	5681.1	
721.56	4941.1	
721.74	5842.9	
721.92	6014.9	
722.11	6138.4	
722.29	5825.1	
722.47	7246.4	
722.65	6375.3	
722.83	4946.5	
723.01	5816.2	
723.2	6487.3	
723.38	6763.8	
723.56	4385.4	
723.74	5532.9	
723.92	5988.3	
724.1	7192.5	
724.29	4833.2	
724.47	5974.6	
724.65	6031.3	
724.83	5905	
725.01	4698	
725.19	5672.2	
725.37	5973.2	
725.56	6080.4	
725.74	4650.9	
725.92	4819.6	
726.1	5916.6	
726.28	6229.2	
726.46	5275.6	
726.64	4949.9	
726.83	6229.9	
727.01	6481.8	
727.19	4532.2	
727.37	5408	
727.55	6337.1	
727.73	6862.1	
727.91	4533.5	
728.09	4388.1	
728.28	6926.2	
728.46	7403.4	
728.64	5507	
728.82	5398.4	
729	7942.7	
729.18	7189.1	
729.36	4672.8	
729.54	6901	
729.72	8190.5	
729.91	6499.6	
730.09	6492.1	
730.27	5289.2	
730.45	6313.9	
730.63	6946.7	
730.81	5859.9	
730.99	4960.2	
731.17	7544.7	
731.35	6042.2	
731.53	5498.8	
731.71	5115.8	
731.9	7204.8	
732.08	7446.4	
732.26	5365.7	
732.44	4964.3	
732.62	7432.8	
732.8	6882.5	
732.98	5807.4	
733.16	4815.5	
733.34	6963.8	
733.52	5741.1	
733.7	5277.6	
733.88	5597.8	
734.07	6729.6	
734.25	6531.7	
734.43	4731.5	
734.61	6270.9	
734.79	7968.6	
734.97	6354.2	
735.15	4885.8	
735.33	5275.6	
735.51	6727.6	
735.69	6292	
735.87	6361.7	
736.05	5472.9	
736.23	6479.8	
736.41	6312.5	
736.59	5201.8	
736.77	5263.3	
736.95	7052.5	
737.13	6417	
737.32	4938.3	
737.5	5089.2	
737.68	7517.4	
737.86	6346.7	
738.04	4680.3	
738.22	6496.8	
738.4	6126.2	
738.58	6428.6	
738.76	5317.9	
738.94	4316.4	
739.12	6235.4	
739.3	6141.9	
739.48	5950	
739.66	5613.5	
739.84	6469.5	
740.02	6515.3	
740.2	4396.3	
740.38	4688.5	
740.56	6909.8	
740.74	5756.8	
740.92	5362.3	
741.1	5235.3	
741.28	6386.9	
741.46	6129.6	
741.64	4944.5	
741.82	5397.1	
742	6352.8	
742.18	6287.3	
742.36	5141.1	
742.54	4752.7	
742.72	6875	
742.9	5618.3	
743.08	5543.9	
743.26	4377.2	
743.44	7114.6	
743.62	6950.1	
743.8	5618.3	
743.98	4756.7	
744.16	6645	
744.34	6345.3	
744.52	5574.6	
744.7	5469.4	
744.88	6797.2	
745.06	6288.6	
745.24	5651.7	
745.42	5791	
745.6	6766.5	
745.78	6602	
745.96	4449.6	
746.14	4738.3	
746.32	7603.4	
746.5	6784.9	
746.68	5313.8	
746.86	4726	
747.03	7234.1	
747.21	5623	
747.39	5365	
747.57	4816.8	
747.75	6441.5	
747.93	6909.8	
748.11	4750.6	
748.29	4713.7	
748.47	8031.5	
748.65	6234.7	
748.83	5444.2	
749.01	5273.5	
749.19	6716	
749.37	5890	
749.55	5055.1	
749.73	5210	
749.91	6339.8	
750.09	6087.2	
750.26	5218.2	
750.44	4573.1	
750.62	6392.4	
750.8	6303	
750.98	4483.7	
751.16	4756.1	
751.34	6417	
751.52	5765.7	
751.7	5635.3	
751.88	4434.5	
752.06	6892.8	
752.24	6668.9	
752.42	4433.9	
752.59	4807.3	
752.77	6316.6	
752.95	7502.4	
753.13	5543.9	
753.31	4947.2	
753.49	5999.9	
753.67	6462.7	
753.85	5231.2	
754.03	4777.9	
754.21	6674.3	
754.38	7103	
754.56	4953.4	
754.74	3989.4	
754.92	6031.3	
755.1	6668.2	
755.28	4016.1	
755.46	4065.2	
755.64	7419.1	
755.82	7611.6	
755.99	4360.1	
756.17	4432.5	
756.35	5005.9	
756.53	6667.5	
756.71	3330.7	
756.89	4283.7	
757.07	6145.3	
757.25	5175.9	
757.42	4829.8	
757.6	5645.6	
757.78	6257.9	
757.96	5218.2	
758.14	4555.4	
758.32	4029	
758.5	4807.3	
758.67	5667.4	
758.85	4289.1	
759.03	4519.2	
759.21	5814.9	
759.39	5251.7	
759.57	3956.7	
759.75	5010	
759.92	6526.2	
760.1	5768.4	
760.28	5450.3	
760.46	5643.5	
760.64	5515.2	
760.82	5273.5	
760.99	5262.6	
761.17	4401.8	
761.35	6283.2	
761.53	5340.4	
761.71	4552.6	
761.89	5289.9	
762.06	6173.9	
762.24	5661.3	
762.42	4650.9	
762.6	4431.8	
762.78	5693.4	
762.96	6393.8	
763.13	4996.4	
763.31	4767	
763.49	6503	
763.67	5662	
763.85	5474.9	
764.02	6058.6	
764.2	6735.8	
764.38	5964.4	
764.56	4543.8	
764.74	5496.1	
764.91	6812.2	
765.09	5767.1	
765.27	4240.7	
765.45	4105.5	
765.63	6939.9	
765.8	6776	
765.98	3730	
766.16	4093.2	
766.34	5352	
766.52	5175.9	
766.69	5022.3	
766.87	3938.9	
767.05	5708.4	
767.23	6526.2	
767.41	4211.3	
767.58	4562.9	
767.76	6310.5	
767.94	6396.5	
768.12	4323.3	
768.29	5024.3	
768.47	5813.5	
768.65	6533.7	
768.83	3985.3	
769	5170.4	
769.18	5364.3	
769.36	6146.6	
769.54	5099.4	
769.72	3982.6	
769.89	6384.9	
770.07	6466.8	
770.25	4289.8	
770.43	5657.9	
770.6	7118.1	
770.78	7543.4	
770.96	4517.1	
771.14	5143.1	
771.31	6265.4	
771.49	5604.6	
771.67	3670	
771.85	3899.3	
772.02	4887.8	
772.2	5600.5	
772.38	4601.1	
772.55	4160.1	
772.73	5934.3	
772.91	5684.5	
773.09	4550.6	
773.26	4590.9	
773.44	5847	
773.62	5525.4	
773.8	4055	
773.97	3783.3	
774.15	5894.1	
774.33	5499.5	
774.5	3987.4	
774.68	4232.5	
774.86	6143.9	
775.04	5530.2	
775.21	4045.4	
775.39	3991.5	
775.57	5801.9	
775.74	6237.4	
775.92	3866.6	
776.1	3847.5	
776.27	5824.4	
776.45	7030	
776.63	4018.1	
776.81	3593.5	
776.98	5455.8	
777.16	6488.6	
777.34	4177.2	
777.51	4461.2	
777.69	5422.3	
777.87	5246.2	
778.04	4170.3	
778.22	4825.7	
778.4	5231.2	
778.57	5842.9	
778.75	3450.8	
778.93	3772.4	
779.1	5026.4	
779.28	4908.3	
779.46	3475.4	
779.64	3931.4	
779.81	6023.1	
779.99	6935.8	
780.17	4757.4	
780.34	4930.8	
780.52	5459.2	
780.69	5706.3	
780.87	4284.4	
781.05	3919.1	
781.22	5573.2	
781.4	5614.8	
781.58	4004.5	
781.75	3173	
781.93	5615.5	
782.11	5044.1	
782.28	4876.9	
782.46	3973.7	
782.64	4872.1	
782.81	5735	
782.99	4096.6	
783.17	4106.2	
783.34	5672.9	
783.52	4913.1	
783.69	4237.2	
783.87	5072.8	
784.05	5023.7	
784.22	4984.1	
784.4	5042.1	
784.58	4280.3	
784.75	5885.2	
784.93	5047.6	
785.1	3985.3	
785.28	4607.9	
785.46	5702.2	
785.63	4997.7	
785.81	4011.3	
785.99	3820.1	
786.16	5152.7	
786.34	5562.3	
786.51	3841.3	
786.69	4276.8	
786.87	4766.3	
787.04	5274.9	
787.22	3715.7	
787.39	4698	
787.57	4932.2	
787.75	6023.8	
787.92	4925.4	
788.1	4784.1	
788.27	5047.6	
788.45	4790.2	
788.63	4493.9	
788.8	3218	
788.98	5437.4	
789.15	4663.9	
789.33	3431	
789.5	3991.5	
789.68	5914.5	
789.86	6033.3	
790.03	4500.1	
790.21	3860.4	
790.38	5933	
790.56	5128.1	
790.73	3758.7	
790.91	3808.5	
791.09	5007.3	
791.26	5771.9	
791.44	4016.7	
791.61	3410.6	
791.79	4980	
791.96	5074.2	
792.14	3615.3	
792.32	3109.5	
792.49	5051	
792.67	5154.1	
792.84	3582.6	
793.02	3432.4	
793.19	5435.3	
793.37	6156.9	
793.54	3134.8	
793.72	3515.7	
793.89	6266.1	
794.07	5029.1	
794.25	4135.5	
794.42	3254.9	
794.6	6027.9	
794.77	5668.1	
794.95	4392.2	
795.12	3799.7	
795.3	5024.3	
795.47	5625.8	
795.65	4196.3	
795.82	4098	
796	4805.2	
796.17	6730.3	
796.35	3887	
796.52	4620.9	
796.7	5533.6	
796.87	5685.2	
797.05	4842.8	
797.22	4863.9	
797.4	5588.2	
797.57	6617	
797.75	4026.3	
797.92	3870	
798.1	5916.6	
798.27	4982	
798.45	3248.1	
798.62	3541.6	
798.8	5281.7	
798.97	5801.2	
799.15	4274.8	
799.32	4020.8	
799.5	4633.9	
799.67	5401.2	
799.85	4376.5	
800.02	3209.2	
800.2	5001.8	
800.37	5319.3	
800.55	4565.6	
800.72	3792.2	
800.9	5740.5	
801.07	6246.3	
801.25	5098.1	
801.42	4224.3	
801.6	5847.6	
801.77	5508.4	
801.95	3837.9	
802.12	3725.3	
802.29	5498.1	
802.47	5480.4	
802.64	4126	
802.82	3145.7	
802.99	4934.2	
803.17	5979.4	
803.34	4011.3	
803.52	3613.3	
803.69	6614.9	
803.87	4790.9	
804.04	4080.2	
804.21	4082.3	
804.39	6014.9	
804.56	5168.4	
804.74	3420.1	
804.91	4209.3	
805.09	4966.3	
805.26	5175.2	
805.44	3463.8	
805.61	3843.4	
805.78	5671.5	
805.96	5663.3	
806.13	4182	
806.31	4513.7	
806.48	4533.5	
806.66	5073.5	
806.83	4164.9	
807	4057.7	
807.18	4954.7	
807.35	5392.3	
807.53	4092.5	
807.7	3295.9	
807.87	6178.7	
808.05	5044.1	
808.22	4508.3	
808.4	3254.9	
808.57	5085.8	
808.74	4679.6	
808.92	3725.3	
809.09	4753.3	
809.27	4916.5	
809.44	5500.2	
809.61	3272	
809.79	3647.4	
809.96	6133	
810.14	5817.6	
810.31	3215.3	
810.48	3947.8	
810.66	5112.4	
810.83	5857.9	
811.01	3757.3	
811.18	4141	
811.35	5789.6	
811.53	4487.1	
811.7	4553.3	
811.87	4212.7	
812.05	5056.4	
812.22	4951.3	
812.39	3627	
812.57	3479.5	
812.74	5032.5	
812.92	6788.3	
813.09	3927.3	
813.26	4314.4	
813.44	6448.4	
813.61	4968.4	
813.78	3293.1	
813.96	4390.8	
814.13	5044.1	
814.3	4773.1	
814.48	4767	
814.65	3907.5	
814.82	6206.7	
815	4846.2	
815.17	4027	
815.34	4915.8	
815.52	4922	
815.69	4926.7	
815.87	3923.2	
816.04	3457	
816.21	5052.3	
816.38	4414.1	
816.56	3884.3	
816.73	3598.3	
816.9	6391.7	
817.08	5748	
817.25	3594.9	
817.42	4575.2	
817.6	4591.5	
817.77	5076.9	
817.94	4125.3	
818.12	3589.4	
818.29	4792.9	
818.46	7496.9	
818.64	3781.2	
818.81	3538.2	
818.98	4687.1	
819.16	6824.5	
819.33	4337.6	
819.5	4013.3	
819.67	5395	
819.85	6070.9	
820.02	3915.7	
820.19	4265.9	
820.37	5257.8	
820.54	4846.9	
820.71	4138.9	
820.88	4992.3	
821.06	5227.8	
821.23	4807.9	
821.4	4085.7	
821.58	4059.1	
821.75	5737.7	
821.92	5201.8	
822.09	3276.1	
822.27	3375.1	
822.44	5076.2	
822.61	4915.1	
822.79	3325.2	
822.96	6354.8	
823.13	5575.3	
823.3	4771.8	
823.48	3862.5	
823.65	3422.8	
823.82	5766.4	
823.99	4584.7	
824.17	4839.4	
824.34	3479.5	
824.51	6641.6	
824.68	5088.5	
824.86	3648.1	
825.03	4145.8	
825.2	5110.4	
825.37	6176	
825.55	3579.8	
825.72	3995.6	
825.89	6683.9	
826.06	6201.2	
826.24	3930.7	
826.41	3977.8	
826.58	6161	
826.75	5298.1	
826.92	3092.4	
827.1	3450.8	
827.27	8298.4	
827.44	6619	
827.61	3738.2	
827.79	4539.7	
827.96	4798.4	
828.13	5152	
828.3	3882.3	
828.47	3283.6	
828.65	5272.2	
828.82	5216.2	
828.99	5108.3	
829.16	4363.5	
829.34	5641.5	
829.51	5412.1	
829.68	4021.5	
829.85	4170.3	
830.02	5932.3	
830.2	5631.2	
830.37	3147.7	
830.54	4901.5	
830.71	6440.9	
830.88	4969.1	
831.05	3170.3	
831.23	3643.3	
831.4	6162.3	
831.57	6908.5	
831.74	3677.5	
831.91	3261	
832.09	5288.5	
832.26	5695.4	
832.43	3883.6	
832.6	4358.1	
832.77	5248.3	
832.94	6000.5	
833.12	3118.4	
833.29	3798.3	
833.46	5431.9	
833.63	7186.3	
833.8	4235.9	
833.97	3897.3	
834.15	5662.6	
834.32	5440.8	
834.49	4011.3	
834.66	4125.3	
834.83	5893.4	
835	4801.8	
835.17	3721.2	
835.35	3778.5	
835.52	5555.5	
835.69	5442.1	
835.86	3964.2	
836.03	3263.1	
836.2	5627.8	
836.37	5284.4	
836.55	3890.5	
836.72	3631	
836.89	5177.3	
837.06	5707.7	
837.23	3926.6	
837.4	4291.2	
837.57	6466.8	
837.75	7169.3	
837.92	3553.2	
838.09	3840.6	
838.26	5222.3	
838.43	5883.8	
838.6	4014.7	
838.77	3687	
838.94	6787	
839.11	6480.5	
839.29	3840.6	
839.46	3074	
839.63	5567.1	
839.8	5317.2	
839.97	3783.3	
840.14	3743.7	
840.31	5378.6	
840.48	5652.4	
840.65	3052.2	
840.82	3803.1	
841	5595.1	
841.17	5577.3	
841.34	3491.1	
841.51	3464.5	
841.68	5587.5	
841.85	5289.9	
842.02	3616	
842.19	2970.2	
842.36	5393	
842.53	5401.9	
842.7	3289.7	
842.87	4245.4	
843.05	7108.5	
843.22	5302.9	
843.39	3282.2	
843.56	3588.7	
843.73	5073.5	
843.9	5653.8	
844.07	5664.7	
844.24	4652.3	
844.41	8296.3	
844.58	4944.5	
844.75	3340.9	
844.92	3648.1	
845.09	5601.2	
845.26	5626.5	
845.43	3400.3	
845.6	3638.6	
845.77	5630.5	
845.94	5375.2	
846.12	3842.7	
846.29	4063.2	
846.46	5831.9	
846.63	5578	
846.8	3411.2	
846.97	4031.1	
847.14	6075	
847.31	5623	
847.48	3865.2	
847.65	4311	
847.82	5921.4	
847.99	5853.1	
848.16	4638.6	
848.33	4341	
848.5	5169.1	
848.67	6062	
848.84	3455.6	
849.01	3549.8	
849.18	5063.3	
849.35	4747.9	
849.52	4300.1	
849.69	3366.9	
849.86	5776.6	
850.03	5993.7	
850.2	3466.5	
850.37	4257	
850.54	6062	
850.71	5335.6	
850.88	4121.2	
851.05	3362.8	
851.22	5534.3	
851.39	6085.9	
851.56	3246	
851.73	3969.6	
851.9	4937	
852.07	5888.6	
852.24	3777.1	
852.41	3417.4	
852.58	5527.5	
852.75	4996.4	
852.92	3893.9	
853.09	3373	
853.26	5249.6	
853.43	6077	
853.6	3445.4	
853.77	2912.2	
853.94	6191.7	
854.11	4922	
854.28	5121.3	
854.44	3657.7	
854.61	6589	
854.78	5914.5	
854.95	3476.8	
855.12	4362.2	
855.29	4544.4	
855.46	6318.7	
855.63	3485.6	
855.8	4795	
855.97	5161.6	
856.14	5945.9	
856.31	4996.4	
856.48	3750.5	
856.65	5202.5	
856.82	4900.1	
856.99	3319.8	
857.16	3708.2	
857.33	6892.1	
857.49	5269.4	
857.66	3706.8	
857.83	4042.7	
858	5225.7	
858.17	5431.2	
858.34	3267.9	
858.51	3454.9	
858.68	6311.2	
858.85	6327.5	
859.02	3996.3	
859.19	4217.5	
859.36	4896	
859.52	4931.5	
859.69	3483.6	
859.86	4061.8	
860.03	5046.2	
860.2	6186.2	
860.37	3145	
860.54	3494.5	
860.71	5845.6	
860.88	6321.4	
861.05	3881.6	
861.21	4375.8	
861.38	6341.2	
861.55	4796.3	
861.72	3069.9	
861.89	3860.4	
862.06	5909.8	
862.23	6423.1	
862.4	3345	
862.56	3564.1	
862.73	5685.8	
862.9	5464.7	
863.07	4062.5	
863.24	3154.6	
863.41	4795.7	
863.58	4947.9	
863.75	3506.1	
863.91	4016.1	
864.08	6240.2	
864.25	5722.7	
864.42	4302.8	
864.59	4774.5	
864.76	6498.9	
864.93	4936.3	
865.09	3317	
865.26	3652.2	
865.43	6075	
865.6	6470.9	
865.77	3060.3	
865.94	3444	
866.1	6193.1	
866.27	5907	
866.44	5117.9	
866.61	3243.3	
866.78	5317.9	
866.95	5755.5	
867.11	3334.1	
867.28	3076.7	
867.45	5920	
867.62	4972.5	
867.79	4013.3	
867.96	3461.7	
868.12	4969.1	
868.29	5910.4	
868.46	2979.8	
868.63	4562.9	
868.8	6000.5	
868.97	5815.5	
869.13	3620.8	
869.3	3613.3	
869.47	5692.7	
869.64	5980.8	
869.81	3491.1	
869.97	3467.9	
870.14	5627.1	
870.31	6363.7	
870.48	3390.8	
870.65	4358.1	
870.81	5272.8	
870.98	5358.9	
871.15	3902.1	
871.32	3619.4	
871.48	5728.9	
871.65	6304.3	
871.82	3383.9	
871.99	3758.7	
872.16	6756.9	
872.32	6152.8	
872.49	3474	
872.66	3483.6	
872.83	5867.4	
872.99	5160.2	
873.16	3956.7	
873.33	3418.1	
873.5	5442.1	
873.67	5479.7	
873.83	3562.1	
874	4527.4	
874.17	5604.6	
874.34	6690	
874.5	4441.4	
874.67	4272.1	
874.84	6263.4	
875.01	4928.8	
875.17	4859.1	
875.34	3444	
875.51	5532.2	
875.68	6623.8	
875.84	4093.9	
876.01	5066	
876.18	5816.9	
876.34	5745.2	
876.51	3474	
876.68	3390.1	
876.85	5332.9	
877.01	6119.3	
877.18	4887.1	
877.35	3393.5	
877.52	5410.7	
877.68	4863.2	
877.85	3362.1	
878.02	3368.2	
878.18	5368.4	
878.35	5117.2	
878.52	2694.4	
878.69	3781.9	
878.85	5862.7	
879.02	5784.8	
879.19	4848.2	
879.35	3666.5	
879.52	5781.4	
879.69	6006	
879.86	2938.8	
880.02	3811.3	
880.19	5426.4	
880.36	6618.4	
880.52	3920.5	
880.69	4093.2	
880.86	5808.7	
881.02	5983.5	
881.19	3803.1	
881.36	3736.2	
881.52	5788.2	
881.69	5150	
881.86	3707.5	
882.02	3618.8	
882.19	6028.5	
882.36	7100.3	
882.52	3481.5	
882.69	4883.7	
882.86	5578.7	
883.02	5461.9	
883.19	4150.6	
883.36	3971	
883.52	5874.9	
883.69	6707.8	
883.86	3422.2	
884.02	3127.9	
884.19	5881.1	
884.36	5466	
884.52	3886.4	
884.69	3669.3	
884.86	5137.7	
885.02	6499.6	
885.19	3833.1	
885.36	4023.6	
885.52	5434.6	
885.69	5642.8	
885.86	4973.8	
886.02	4392.2	
886.19	5872.2	
886.35	5289.9	
886.52	3816	
886.69	4840.7	
886.85	4940.4	
887.02	6262.7	
887.19	6262.7	
887.35	6262.7	
887.52	6262.7	
887.68	6262.7	
887.85	6262.7	
888.02	6262.7	
888.18	6262.7	
888.35	6262.7	
888.51	6262.7	
888.68	6262.7	
888.85	6262.7	
889.01	6262.7	
889.18	6262.7	
889.35	6262.7	
889.51	6262.7	
889.68	6262.7	
889.84	6262.7	
890.01	6262.7	
890.17	6262.7	
890.34	6262.7	
890.51	6262.7	
890.67	6262.7	
890.84	6262.7	
891	6262.7	
891.17	6262.7	
891.34	6262.7	
891.5	6262.7	
891.67	6262.7	
891.83	6262.7	
892	6262.7	
892.16	6262.7	
892.33	6262.7	
892.5	6262.7	
892.66	6262.7	
892.83	6262.7	
892.99	6262.7	
893.16	6262.7	
893.32	6262.7	
893.49	6262.7	
893.65	6262.7	
893.82	6262.7	
893.99	6262.7	
894.15	6262.7	
894.32	6262.7	
894.48	6262.7	
894.65	6262.7	
894.81	6262.7	
894.98	6262.7	
895.14	6262.7	
895.31	6262.7	
895.47	6262.7	
895.64	6262.7	
895.81	6262.7	
895.97	6262.7	
896.14	6262.7	
896.3	6262.7	
896.47	6262.7	
896.63	6262.7	
896.8	6262.7	
896.96	6262.7	
897.13	6262.7	
897.29	6262.7	
897.46	6262.7	
897.62	6262.7	
897.79	6262.7	
897.95	6262.7	
898.12	6262.7	
898.28	6262.7	
898.45	6262.7	
898.61	6262.7	
898.78	6262.7	
898.94	6262.7	
899.11	6262.7	
899.27	6262.7	
899.44	6262.7	
899.6	6262.7	
899.77	6262.7	
899.93	6262.7	
900.1	6262.7	
900.26	6262.7	
900.43	6262.7	
900.59	6262.7	
900.76	6262.7	
900.92	6262.7	
901.09	6262.7	
901.25	6262.7	
901.42	6262.7	
901.58	6262.7	
901.75	6262.7	
901.91	6262.7	
902.07	6262.7	
902.24	6262.7	
902.4	6262.7	
902.57	6262.7	
902.73	6262.7	
902.9	6262.7	
903.06	6262.7	
903.23	6262.7	
903.39	6262.7	
903.56	6262.7	
903.72	6262.7	
903.88	6262.7	
904.05	6262.7	
904.21	6262.7	
904.38	6262.7	
904.54	6262.7	
904.71	6262.7	
904.87	6262.7	
905.03	6262.7	
905.2	6262.7	
905.36	6262.7	
905.53	6262.7	
905.69	6262.7	
905.86	6262.7	
906.02	6262.7	
906.18	6262.7	
906.35	6262.7	
906.51	6262.7	
906.68	6262.7	
906.84	6262.7	
907.01	6262.7	
907.17	6262.7	
907.33	6262.7	
907.5	6262.7	
907.66	6262.7	
907.83	6262.7	
907.99	6262.7	
908.15	6262.7	
908.32	6262.7	
908.48	6262.7	
908.65	6262.7	
908.81	6262.7	
908.97	6262.7	
909.14	6262.7	
909.3	6262.7	
909.47	6262.7	
909.63	6262.7	
909.79	6262.7	
909.96	6262.7	
910.12	6262.7	
910.28	6262.7	
910.45	6262.7	
910.61	6262.7	
910.78	6262.7	
910.94	6262.7	
911.1	6262.7	
911.27	6262.7	
911.43	6262.7	
911.59	6262.7	
911.76	6262.7	
911.92	6262.7	
912.08	6262.7	
912.25	6262.7	
912.41	6262.7	
912.57	6262.7	
912.74	6262.7	
912.9	6262.7	
913.07	6262.7	
913.23	6262.7	
913.39	6262.7	
913.56	6262.7	
913.72	6262.7	
913.88	6262.7	
914.05	6262.7	
914.21	6262.7	
914.37	6262.7	
914.54	6262.7	
914.7	6262.7	
914.86	6262.7	
915.03	6262.7	
915.19	6262.7	
