Wavelength	Intensities	
nm	a.u.	
179.22	1920	
179.44	1913.5	
179.65	1926.5	
179.86	1900.5	
180.08	1942.8	
180.29	4969.7	
180.51	3538.9	
180.72	5752.7	
180.94	6725.5	
181.15	3362.1	
181.37	3187.3	
181.58	5580	
181.79	5877.7	
182.01	3456.3	
182.22	3685	
182.44	5862	
182.65	4851.6	
182.87	4639.3	
183.08	4050.2	
183.29	6207.4	
183.51	5122	
183.72	3736.2	
183.94	5480.4	
184.15	5489.9	
184.37	5541.1	
184.58	3265.1	
184.79	4554.7	
185.01	5100.8	
185.22	5810.8	
185.44	4784.1	
185.65	4031.1	
185.86	5399.8	
186.08	4976.6	
186.29	3240.6	
186.51	3448.1	
186.72	5113.8	
186.94	6038.1	
187.15	3985.3	
187.36	4127.3	
187.58	7925.6	
187.79	5626.5	
188.01	4332.1	
188.22	6634.1	
188.43	6815	
188.65	5859.9	
188.86	3426.9	
189.08	4176.5	
189.29	5302.9	
189.5	5337	
189.72	3857	
189.93	3882.9	
190.15	6077.7	
190.36	7262.1	
190.57	4219.5	
190.79	4080.2	
191	6167.8	
191.22	6159.6	
191.43	4222.2	
191.64	3425.6	
191.86	6387.6	
192.07	6180.8	
192.29	3618.1	
192.5	3886.4	
192.71	6122.7	
192.93	5229.8	
193.14	3831.1	
193.35	3910.3	
193.57	5265.3	
193.78	6155.5	
194	3089	
194.21	3816	
194.42	5007.3	
194.64	5559.6	
194.85	4106.9	
195.07	4885.8	
195.28	5623.7	
195.49	4756.1	
195.71	5140.4	
195.92	3601.7	
196.13	5754.8	
196.35	5863.3	
196.56	5391.6	
196.78	4157.4	
196.99	7199.3	
197.2	6744.6	
197.42	4760.2	
197.63	4171	
197.84	4928.8	
198.06	5726.1	
198.27	3785.3	
198.48	5164.3	
198.7	5286.5	
198.91	5448.3	
199.13	4184	
199.34	4188.8	
199.55	5907	
199.77	4786.1	
199.98	3654.9	
200.19	4255.7	
200.41	5401.2	
200.62	5108.3	
200.83	4416.1	
201.05	4620.2	
201.26	5385.5	
201.47	5169.1	
201.69	3683.6	
201.9	3545	
202.11	5446.2	
202.33	6601.3	
202.54	3930.1	
202.76	4392.9	
202.97	5585.5	
203.18	5641.5	
203.4	4373.1	
203.61	4271.4	
203.82	5569.1	
204.04	5205.9	
204.25	4175.1	
204.46	4098	
204.68	5502.9	
204.89	5790.3	
205.1	4061.8	
205.32	3508.2	
205.53	5984.2	
205.74	6124.8	
205.96	3013.9	
206.17	4224.3	
206.38	5924.8	
206.6	6045.6	
206.81	4797	
207.02	3912.3	
207.24	5776	
207.45	6204	
207.66	3986	
207.88	3411.9	
208.09	5720.7	
208.3	5542.5	
208.52	3634.5	
208.73	3986.7	
208.94	5502.2	
209.15	6248.4	
209.37	3969.6	
209.58	4143	
209.79	6049	
210.01	5316.5	
210.22	3182.5	
210.43	3307.5	
210.65	5509.7	
210.86	5951.4	
211.07	3967.6	
211.29	3646.1	
211.5	5919.3	
211.71	5451.7	
211.93	3599	
212.14	3595.6	
212.35	5459.9	
212.56	5717.2	
212.78	4201.7	
212.99	3417.4	
213.2	6517.3	
213.42	5251	
213.63	3771	
213.84	3983.3	
214.06	4839.4	
214.27	4977.2	
214.48	3999	
214.69	4240.7	
214.91	6186.2	
215.12	6350.8	
215.33	4279.6	
215.55	4719.2	
215.76	6820.4	
215.97	5907.7	
216.18	4162.2	
216.4	4009.9	
216.61	5231.2	
216.82	6050.4	
217.04	3702	
217.25	3833.1	
217.46	6245.6	
217.67	5935	
217.89	3243.3	
218.1	3398.3	
218.31	5609.4	
218.53	5703.6	
218.74	3858.4	
218.95	3697.3	
219.16	5489.9	
219.38	6453.1	
219.59	3751.2	
219.8	4493.2	
220.01	7247.1	
220.23	5550	
220.44	4943.8	
220.65	3590.1	
220.87	5593.7	
221.08	6234.7	
221.29	3405.1	
221.5	4489.8	
221.72	7529	
221.93	5233.9	
222.14	4242	
222.35	4982.7	
222.57	5530.2	
222.78	5962.3	
222.99	3979.2	
223.2	4319.8	
223.42	5839.4	
223.63	5954.8	
223.84	2993.4	
224.05	3059	
224.27	7078.5	
224.48	6402.6	
224.69	4971.8	
224.9	4202.4	
225.12	5793.7	
225.33	5503.6	
225.54	3337.5	
225.75	3762.1	
225.97	5030.5	
226.18	5386.8	
226.39	4058.4	
226.6	3730	
226.82	5285.8	
227.03	5188.2	
227.24	4181.3	
227.45	3461.1	
227.67	5904.3	
227.88	6501.6	
228.09	4745.8	
228.3	4724	
228.52	5915.9	
228.73	5446.9	
228.94	3834.5	
229.15	3418.1	
229.36	5436.7	
229.58	5330.2	
229.79	3932.1	
230	4565.6	
230.21	6584.9	
230.43	5616.9	
230.64	4173.1	
230.85	4307.6	
231.06	5958.9	
231.28	6000.5	
231.49	3414.6	
231.7	4100.7	
231.91	5870.8	
232.12	5582.8	
232.34	3482.2	
232.55	4095.3	
232.76	6139.1	
232.97	5700.2	
233.18	3692.5	
233.4	4111.6	
233.61	5765.7	
233.82	5242.8	
234.03	3814	
234.25	3812.6	
234.46	7736.5	
234.67	5547.3	
234.88	4297.3	
235.09	3690.4	
235.31	5870.2	
235.52	5389.6	
235.73	4180.6	
235.94	3487.7	
236.15	5190.2	
236.37	6741.2	
236.58	3615.3	
236.79	4075.5	
237	5844.2	
237.21	5027.8	
237.43	4267.3	
237.64	3421.5	
237.85	10148	
238.06	5073.5	
238.27	4390.2	
238.48	3498.6	
238.7	5814.2	
238.91	5372.5	
239.12	3958	
239.33	3960.8	
239.54	5107	
239.76	5432.6	
239.97	3934.8	
240.18	3974.4	
240.39	6972	
240.6	5795.1	
240.82	4146.5	
241.03	3355.9	
241.24	5517.9	
241.45	6397.9	
241.66	3646.1	
241.87	4332.1	
242.09	6279.1	
242.3	6695.5	
242.51	4331.5	
242.72	4021.5	
242.93	6041.5	
243.14	5480.4	
243.36	4642.1	
243.57	5010	
243.78	6436.8	
243.99	5815.5	
244.2	3971	
244.41	3639.9	
244.63	5051.7	
244.84	5894.1	
245.05	4265.9	
245.26	4022.9	
245.47	5771.9	
245.68	6038.1	
245.9	5354.8	
246.11	4206.5	
246.32	5369.1	
246.53	5762.3	
246.74	6489.3	
246.95	3359.4	
247.16	4996.4	
247.38	5462.6	
247.59	3325.9	
247.8	4044.1	
248.01	5165	
248.22	5468.1	
248.43	3637.2	
248.64	3861.8	
248.86	4856.4	
249.07	5265.3	
249.28	3542.3	
249.49	4113.7	
249.7	6098.9	
249.91	6294.8	
250.12	3273.3	
250.34	3393.5	
250.55	5571.8	
250.76	5559.6	
250.97	4152.6	
251.18	4190.8	
251.39	6303.6	
251.6	5685.2	
251.81	4298	
252.03	4221.5	
252.24	5216.2	
252.45	6095.4	
252.66	3479.5	
252.87	4487.1	
253.08	5541.1	
253.29	7333.8	
253.5	3521.1	
253.72	4922.6	
253.93	5351.3	
254.14	6641.6	
254.35	3839.3	
254.56	3913.7	
254.77	5824.4	
254.98	5129.5	
255.19	3726.6	
255.41	4859.8	
255.62	5610.1	
255.83	6203.3	
256.04	4285	
256.25	4224.3	
256.46	6845.7	
256.67	5212.8	
256.88	4184.7	
257.09	4600.4	
257.31	5154.7	
257.52	5266.7	
257.73	5175.2	
257.94	3818.1	
258.15	5354.1	
258.36	5540.4	
258.57	4872.8	
258.78	3045.3	
258.99	6152.8	
259.2	5352.7	
259.41	3866.6	
259.63	3931.4	
259.84	6397.2	
260.05	6877.8	
260.26	5065.3	
260.47	3673.4	
260.68	6145.3	
260.89	5445.5	
261.1	4629.8	
261.31	3628.3	
261.52	6056.5	
261.73	6530.3	
261.95	4889.9	
262.16	4354.7	
262.37	6291.4	
262.58	6311.2	
262.79	4920.6	
263	3904.1	
263.21	5522.7	
263.42	5014.1	
263.63	3922.5	
263.84	3887.7	
264.05	6195.8	
264.26	6475.7	
264.47	4778.6	
264.69	4374.5	
264.9	6249	
265.11	5739.8	
265.32	3698.6	
265.53	3759.4	
265.74	5680.4	
265.95	4971.8	
266.16	4126	
266.37	4488.5	
266.58	5609.4	
266.79	5371.8	
267	3803.1	
267.21	3548.4	
267.42	5088.5	
267.63	5481	
267.84	4007.9	
268.06	3382.6	
268.27	5965.1	
268.48	6281.1	
268.69	3896.6	
268.9	4612	
269.11	6273.6	
269.32	4962.2	
269.53	4058.4	
269.74	3755.3	
269.95	5853.1	
270.16	4854.4	
270.37	4037.9	
270.58	4663.9	
270.79	5296.7	
271	6086.6	
271.21	4332.8	
271.42	4012	
271.63	5677.7	
271.84	5176.6	
272.05	3189.4	
272.26	3654.9	
272.47	5580.7	
272.68	5739.1	
272.89	3838.6	
273.11	4466.6	
273.32	5341.1	
273.53	6541.9	
273.74	4308.2	
273.95	4216.8	
274.16	6184.2	
274.37	5595.7	
274.58	4509.6	
274.79	3523.2	
275	5621	
275.21	6291.4	
275.42	5341.1	
275.63	4547.2	
275.84	5804.6	
276.05	7350.2	
276.26	4231.1	
276.47	3920.5	
276.68	5360.2	
276.89	6565.8	
277.1	4520.5	
277.31	3514.3	
277.52	5853.1	
277.73	5977.3	
277.94	3442	
278.15	3898	
278.36	5732.3	
278.57	5191.6	
278.78	3823.6	
278.99	4383.3	
279.2	5119.9	
279.41	5132.9	
279.62	5031.9	
279.83	3536.2	
280.04	6814.3	
280.25	5007.3	
280.46	5027.8	
280.67	4029	
280.88	5124.7	
281.09	6263.4	
281.3	4260.5	
281.51	5321.3	
281.72	5226.4	
281.93	6014.2	
282.14	3727.3	
282.35	4044.1	
282.56	6098.9	
282.77	6065.4	
282.98	3938.2	
283.19	4750.6	
283.4	7477.1	
283.61	5505.6	
283.82	3575.1	
284.03	4996.4	
284.24	5625.8	
284.45	6249	
284.66	4961.5	
284.87	4753.3	
285.08	6130.3	
285.29	6257.2	
285.5	3465.8	
285.71	3903.4	
285.92	6156.2	
286.12	6882.5	
286.33	4960.2	
286.54	3902.1	
286.75	6038.8	
286.96	5380	
287.17	3564.1	
287.38	4865.3	
287.59	5115.8	
287.8	5010.7	
288.01	3947.1	
288.22	4535.6	
288.43	6098.9	
288.64	5043.5	
288.85	4687.8	
289.06	4500.8	
289.27	5987.6	
289.48	6542.6	
289.69	4946.5	
289.9	4562.2	
290.11	6182.1	
290.32	5234.6	
290.53	4767	
290.74	4306.9	
290.94	5962.3	
291.15	6021.7	
291.36	3750.5	
291.57	4472.1	
291.78	5249.6	
291.99	4890.5	
292.2	3605.1	
292.41	4375.1	
292.62	6134.3	
292.83	5884.5	
293.04	5446.2	
293.25	3637.2	
293.46	5314.5	
293.67	6098.9	
293.88	3749.1	
294.09	3605.8	
294.29	5039.4	
294.5	5650.3	
294.71	4103.4	
294.92	3809.9	
295.13	5357.5	
295.34	6705.7	
295.55	3367.5	
295.76	3508.2	
295.97	6001.9	
296.18	6750.8	
296.39	3542.3	
296.6	3801	
296.81	5709.1	
297.01	5991.7	
297.22	3949.8	
297.43	3710.2	
297.64	5117.2	
297.85	5199.8	
298.06	3112.9	
298.27	3396.2	
298.48	5595.7	
298.69	5225.7	
298.9	4117.8	
299.11	3674.1	
299.31	5016.2	
299.52	5064.6	
299.73	4399.7	
299.94	4310.3	
300.15	5566.4	
300.36	5100.1	
300.57	4274.1	
300.78	4290.5	
300.99	5374.6	
301.2	5692	
301.4	3677.5	
301.61	4098	
301.82	5930.9	
302.03	6004.6	
302.24	4570.4	
302.45	3587.4	
302.66	5823.7	
302.87	6343.9	
303.08	3809.2	
303.29	5121.3	
303.49	5272.2	
303.7	5574.6	
303.91	3297.9	
304.12	4917.9	
304.33	4985.4	
304.54	5690.6	
304.75	3814.7	
304.96	3523.2	
305.16	5865.4	
305.37	6642.2	
305.58	3233.7	
305.79	3449.5	
306	5878.4	
306.21	4929.5	
306.42	3760.8	
306.63	5832.6	
306.83	5431.9	
307.04	6191	
307.25	4145.1	
307.46	4147.8	
307.67	4739	
307.88	6001.2	
308.09	3710.2	
308.29	3855.6	
308.5	5672.9	
308.71	6201.2	
308.92	4028.4	
309.13	3636.5	
309.34	5446.9	
309.55	5453.1	
309.75	4675.5	
309.96	4334.9	
310.17	6066.8	
310.38	5232.6	
310.59	4569	
310.8	4288.4	
311.01	6710.5	
311.21	5454.4	
311.42	3596.2	
311.63	3704.1	
311.84	5281	
312.05	5672.9	
312.26	4184	
312.46	4595.6	
312.67	5378.6	
312.88	5048.2	
313.09	3596.9	
313.3	3599.6	
313.51	6322.8	
313.71	6833.4	
313.92	3628.3	
314.13	3857.7	
314.34	5769.1	
314.55	5414.8	
314.76	4713.1	
314.96	4105.5	
315.17	5584.1	
315.38	6014.2	
315.59	3644	
315.8	3495.2	
316.01	6403.3	
316.21	6471.6	
316.42	3463.1	
316.63	4058.4	
316.84	5379.3	
317.05	6242.2	
317.26	4298	
317.46	3812.6	
317.67	5498.1	
317.88	5898.8	
318.09	4659.1	
318.3	3403	
318.5	5218.2	
318.71	5911.1	
318.92	5921.4	
319.13	4289.8	
319.34	6085.9	
319.54	6197.2	
319.75	3426.3	
319.96	3244.7	
320.17	5955.5	
320.38	6129.6	
320.58	3327.3	
320.79	4014	
321	6173.3	
321.21	6180.8	
321.42	4012	
321.62	3316.3	
321.83	5122.7	
322.04	5513.1	
322.25	3831.7	
322.46	3682.2	
322.66	5657.9	
322.87	5862	
323.08	4536.3	
323.29	3600.3	
323.5	6683.9	
323.7	5063.9	
323.91	4956.1	
324.12	4497.3	
324.33	5614.8	
324.53	5832.6	
324.74	4308.9	
324.95	4545.8	
325.16	4913.1	
325.37	5392.3	
325.57	3664.5	
325.78	3747.1	
325.99	5580	
326.2	5042.1	
326.4	5213.4	
326.61	3319.8	
326.82	5548.6	
327.03	5683.1	
327.24	5184.1	
327.44	4986.1	
327.65	5815.5	
327.86	4691.9	
328.07	4303.5	
328.27	3486.3	
328.48	6248.4	
328.69	5111	
328.9	5240.1	
329.1	3939.6	
329.31	5436	
329.52	6395.8	
329.73	3687.7	
329.93	4160.8	
330.14	5524.1	
330.35	5783.5	
330.56	6044.2	
330.76	4567.7	
330.97	5410.1	
331.18	5771.9	
331.39	4061.1	
331.59	3304.1	
331.8	6105.7	
332.01	6346	
332.22	3741	
332.42	4267.3	
332.63	5639.4	
332.84	5276.9	
333.05	4104.8	
333.25	3675.4	
333.46	5317.9	
333.67	5536.3	
333.88	3799	
334.08	4207.2	
334.29	7443	
334.5	6294.1	
334.7	3521.8	
334.91	5251.7	
335.12	5036.6	
335.33	6049.7	
335.53	4027.7	
335.74	6095.4	
335.95	5342.5	
336.16	5214.1	
336.36	4101.4	
336.57	4702.8	
336.78	5096.7	
336.98	6092.7	
337.19	5004.6	
337.4	4040	
337.61	6716.7	
337.81	5025	
338.02	3725.3	
338.23	4844.1	
338.43	6361.7	
338.64	5189.6	
338.85	3731.4	
339.05	4812	
339.26	6399.2	
339.47	5020.9	
339.68	3628.3	
339.88	5556.1	
340.09	5835.3	
340.3	6078.4	
340.5	4264.6	
340.71	3250.8	
340.92	4969.1	
341.13	6309.8	
341.33	3547.1	
341.54	4368.3	
341.75	5831.2	
341.95	5423.7	
342.16	4105.5	
342.37	4510.3	
342.57	5085.1	
342.78	5511.8	
342.99	4605.2	
343.19	3276.1	
343.4	6009.4	
343.61	5868.8	
343.81	3858.4	
344.02	3608.5	
344.23	5953.4	
344.43	6421.1	
344.64	4562.9	
344.85	4483	
345.06	5885.2	
345.26	6187.6	
345.47	4306.9	
345.68	5025	
345.88	4861.9	
346.09	6055.2	
346.3	4348.5	
346.5	3294.5	
346.71	5535.7	
346.92	5213.4	
347.12	3338.2	
347.33	4236.6	
347.54	6131.6	
347.74	6588.3	
347.95	4181.3	
348.16	3134.1	
348.36	5365	
348.57	5219.6	
348.78	4185.4	
348.98	4564.2	
349.19	5580.7	
349.39	5020.3	
349.6	3341.6	
349.81	3760.8	
350.01	5866.1	
350.22	5270.1	
350.43	4065.2	
350.63	4954.7	
350.84	5602.6	
351.05	5362.9	
351.25	3730	
351.46	3360.7	
351.67	6163	
351.87	5261.2	
352.08	4024.3	
352.29	4534.2	
352.49	6080.4	
352.7	6153.5	
352.9	3661.8	
353.11	4534.9	
353.32	6810.2	
353.52	5435.3	
353.73	3569.6	
353.94	4638	
354.14	5932.3	
354.35	5752.1	
354.55	3657.7	
354.76	4199.7	
354.97	5868.1	
355.17	5666.7	
355.38	3541.6	
355.59	4860.5	
355.79	5350	
356	5723.4	
356.2	4149.9	
356.41	3594.2	
356.62	5036.6	
356.82	5544.5	
357.03	4445.5	
357.24	4007.2	
357.44	5438	
357.65	5494	
357.85	5357.5	
358.06	4181.3	
358.27	5083.1	
358.47	5406	
358.68	3498.6	
358.88	4486.4	
359.09	5940.5	
359.3	6337.1	
359.5	5213.4	
359.71	4589.5	
359.91	6967.2	
360.12	6178	
360.33	4461.8	
360.53	5017.5	
360.74	5444.2	
360.94	5500.2	
361.15	4720.6	
361.36	3891.8	
361.56	6324.8	
361.77	5613.5	
361.97	5283.8	
362.18	4158.7	
362.38	6323.4	
362.59	5351.3	
362.8	3895.9	
363	3635.8	
363.21	5109	
363.41	5904.3	
363.62	4499.4	
363.83	5625.1	
364.03	6012.8	
364.24	7004.1	
364.44	5614.8	
364.65	5601.2	
364.85	5745.2	
365.06	5330.9	
365.27	4103.4	
365.47	4144.4	
365.68	6836.1	
365.88	5755.5	
366.09	4645.5	
366.29	4268.6	
366.5	6058.6	
366.71	6547.4	
366.91	5641.5	
367.12	4843.4	
367.32	7105.8	
367.53	6357.6	
367.73	4813.4	
367.94	5812.1	
368.14	6275.7	
368.35	7349.5	
368.56	4687.8	
368.76	4102.1	
368.97	6468.9	
369.17	8293.6	
369.38	4238.6	
369.58	4511	
369.79	5493.3	
369.99	6909.8	
370.2	5629.2	
370.4	4638	
370.61	6165.8	
370.82	7460.8	
371.02	4536.9	
371.23	3768.9	
371.43	5400.5	
371.64	6809.5	
371.84	4642.7	
372.05	5984.8	
372.25	8311.3	
372.46	6699.6	
372.66	4752	
372.87	4627	
373.07	6778.1	
373.28	8395.3	
373.48	5767.8	
373.69	5534.3	
373.9	6225.1	
374.1	6246.3	
374.31	5819.6	
374.51	5364.3	
374.72	7145.4	
374.92	6001.9	
375.13	6102.3	
375.33	5261.9	
375.54	6834.8	
375.74	6191.7	
375.95	5315.2	
376.15	6651.1	
376.36	6823.8	
376.56	6623.8	
376.77	5537	
376.97	6013.5	
377.18	8058.1	
377.38	7067.5	
377.59	6394.4	
377.79	5084.4	
378	6925.5	
378.2	7400	
378.41	5190.2	
378.61	5044.8	
378.82	7391.8	
379.02	6526.9	
379.23	5398.4	
379.43	6641.6	
379.64	7427.3	
379.84	7249.8	
380.05	5117.2	
380.25	5111	
380.46	7204.8	
380.66	6720.8	
380.87	6587.6	
381.07	6945.3	
381.28	7907.2	
381.48	7327.6	
381.69	5128.8	
381.89	5171.1	
382.1	6042.2	
382.3	7438.9	
382.51	6419	
382.71	7320.1	
382.91	7193.8	
383.12	7790.5	
383.32	5551.4	
383.53	5786.2	
383.73	6961.7	
383.94	6788.3	
384.14	5676.3	
384.35	4719.9	
384.55	6705	
384.76	7269.6	
384.96	5502.9	
385.17	5849	
385.37	7012.9	
385.58	6363.7	
385.78	5808.7	
385.98	4528.1	
386.19	6629.3	
386.39	6961	
386.6	5152	
386.8	5452.4	
387.01	7193.8	
387.21	7202.7	
387.42	5980.1	
387.62	6662	
387.83	6387.6	
388.03	7232.7	
388.23	5667.4	
388.44	6559.6	
388.64	6148.7	
388.85	6414.9	
389.05	6118	
389.26	6750.1	
389.46	8458.1	
389.67	7909.9	
389.87	6134.3	
390.07	6217.6	
390.28	7036.8	
390.48	6529.6	
390.69	5386.8	
390.89	5651.7	
391.1	6761.7	
391.3	7775.5	
391.5	7062.1	
391.71	7539.3	
391.91	7504.4	
392.12	8677.2	
392.32	7060	
392.53	6373.3	
392.73	6903	
392.93	7096.9	
393.14	5941.8	
393.34	7047.7	
393.55	7635.5	
393.75	6978.1	
393.95	5798.5	
394.16	5729.5	
394.36	6741.2	
394.57	7419.1	
394.77	5220.3	
394.98	5655.1	
395.18	6810.9	
395.38	6882.5	
395.59	6851.1	
395.79	5690.6	
396	7065.5	
396.2	7574.1	
396.4	6754.2	
396.61	6685.9	
396.81	7952.3	
397.02	7148.1	
397.22	7066.2	
397.42	7195.9	
397.63	8062.2	
397.83	7133.8	
398.04	5855.8	
398.24	6627.2	
398.44	7734.5	
398.65	6849.8	
398.85	5839.4	
399.05	5940.5	
399.26	7195.9	
399.46	9138.7	
399.67	6386.2	
399.87	6090	
400.07	7750.2	
400.28	8084	
400.48	6300.9	
400.69	7533.1	
400.89	8579.6	
401.09	8942.8	
401.3	6401.3	
401.5	7597.3	
401.7	9375.6	
401.91	9607.7	
402.11	6718.7	
402.32	6938.5	
402.52	8643.1	
402.72	8419.2	
402.93	7197.2	
403.13	5808.7	
403.33	9228.8	
403.54	7709.2	
403.74	6601.3	
403.94	7406.8	
404.15	7683.3	
404.35	8998.8	
404.56	6338.5	
404.76	8253.3	
404.96	8242.4	
405.17	8031.5	
405.37	7528.3	
405.57	7059.3	
405.78	8516.8	
405.98	7790.5	
406.18	6652.5	
406.39	7559.1	
406.59	8464.9	
406.79	7968	
407	6405.4	
407.2	6412.2	
407.4	8460.8	
407.61	8763.3	
407.81	6458.6	
408.01	9003.6	
408.22	7557	
408.42	9795.4	
408.62	8111.3	
408.83	7554.3	
409.03	8608.3	
409.23	8469	
409.44	7978.9	
409.64	8337.3	
409.84	10044	
410.05	9977	
410.25	8389.8	
410.45	8189.1	
410.66	9721.7	
410.86	12117	
411.06	8974.9	
411.27	8684.8	
411.47	12373	
411.67	10107	
411.88	9046.6	
412.08	9549	
412.28	10860	
412.49	11504	
412.69	9096.4	
412.89	9197.4	
413.09	11360	
413.3	11281	
413.5	9357.9	
413.7	8960.5	
413.91	10447	
414.11	11500	
414.31	9221.3	
414.52	9810.5	
414.72	11092	
414.92	11265	
415.12	9240.4	
415.33	9838.4	
415.53	11624	
415.73	11854	
415.94	10216	
416.14	9704.6	
416.34	10581	
416.55	10328	
416.75	11002	
416.95	10367	
417.15	11698	
417.36	12334	
417.56	11376	
417.76	10464	
417.97	12237	
418.17	12056	
418.37	9996.1	
418.57	10047	
418.78	11658	
418.98	11250	
419.18	11023	
419.38	10809	
419.59	11301	
419.79	10775	
419.99	9941.5	
420.2	10234	
420.4	11916	
420.6	11849	
420.8	9746.3	
421.01	9612.5	
421.21	11744	
421.41	11909	
421.61	10218	
421.82	9908.1	
422.02	11205	
422.22	12022	
422.42	10825	
422.63	10069	
422.83	11310	
423.03	12611	
423.23	10167	
423.44	9179.7	
423.64	11329	
423.84	10738	
424.04	9728.5	
424.25	9166.7	
424.45	11994	
424.65	11902	
424.85	8984.4	
425.06	9594.7	
425.26	12015	
425.46	10493	
425.66	10023	
425.87	9716.9	
426.07	11764	
426.27	11519	
426.47	9802.3	
426.67	9140.1	
426.88	12035	
427.08	11426	
427.28	10325	
427.48	8978.3	
427.69	10294	
427.89	10927	
428.09	10030	
428.29	9119.6	
428.5	11740	
428.7	11234	
428.9	9129.2	
429.1	9606.3	
429.3	11073	
429.51	11719	
429.71	9331.2	
429.91	10260	
430.11	11648	
430.31	11916	
430.52	9766.8	
430.72	10313	
430.92	12349	
431.12	11752	
431.32	9520.3	
431.53	9858.2	
431.73	10604	
431.93	12415	
432.13	9407	
432.33	9405	
432.54	11026	
432.74	11512	
432.94	9565.4	
433.14	10408	
433.34	11665	
433.55	11354	
433.75	10414	
433.95	12594	
434.15	11652	
434.35	11460	
434.56	9707.4	
434.76	9414.5	
434.96	11671	
435.16	12278	
435.36	9639.8	
435.56	11101	
435.77	11544	
435.97	11693	
436.17	11871	
436.37	11083	
436.57	11718	
436.78	11733	
436.98	12852	
437.18	11658	
437.38	12566	
437.58	11718	
437.78	11877	
437.99	10290	
438.19	12267	
438.39	13774	
438.59	10166	
438.79	9542.2	
438.99	12906	
439.2	11576	
439.4	9663.7	
439.6	9657.5	
439.8	12082	
440	13097	
440.2	10983	
440.4	11148	
440.61	12764	
440.81	13336	
441.01	10402	
441.21	11587	
441.41	13659	
441.61	12917	
441.81	11891	
442.02	12991	
442.22	13882	
442.42	13159	
442.62	10771	
442.82	10586	
443.02	13543	
443.22	12626	
443.43	11313	
443.63	10712	
443.83	12324	
444.03	12478	
444.23	12281	
444.43	11811	
444.63	12975	
444.83	14186	
445.04	11271	
445.24	12501	
445.44	13226	
445.64	13272	
445.84	11599	
446.04	11835	
446.24	12450	
446.44	13394	
446.65	10685	
446.85	11297	
447.05	12468	
447.25	13392	
447.45	11234	
447.65	10421	
447.85	12654	
448.05	12059	
448.25	11718	
448.46	11426	
448.66	12684	
448.86	12277	
449.06	10525	
449.26	11686	
449.46	13204	
449.66	11983	
449.86	11368	
450.06	11224	
450.26	12304	
450.47	12990	
450.67	11432	
450.87	11902	
451.07	12889	
451.27	13027	
451.47	10813	
451.67	11637	
451.87	12610	
452.07	13562	
452.27	11387	
452.47	11049	
452.67	12750	
452.88	13487	
453.08	10363	
453.28	12617	
453.48	14386	
453.68	12712	
453.88	11134	
454.08	11277	
454.28	13489	
454.48	13050	
454.68	11981	
454.88	12599	
455.08	13497	
455.28	13491	
455.48	10901	
455.68	11983	
455.89	14248	
456.09	13908	
456.29	11594	
456.49	12040	
456.69	14307	
456.89	13341	
457.09	12476	
457.29	13078	
457.49	13942	
457.69	14296	
457.89	12664	
458.09	11895	
458.29	13984	
458.49	14739	
458.69	13236	
458.89	12642	
459.09	15243	
459.29	15231	
459.49	12772	
459.69	13687	
459.9	14548	
460.1	14440	
460.3	12440	
460.5	12252	
460.7	14696	
460.9	14566	
461.1	12022	
461.3	13700	
461.5	15749	
461.7	15150	
461.9	13129	
462.1	13257	
462.3	14941	
462.5	15638	
462.7	13088	
462.9	13370	
463.1	16735	
463.3	16541	
463.5	13540	
463.7	14979	
463.9	15465	
464.1	15948	
464.3	14349	
464.5	14303	
464.7	16383	
464.9	16328	
465.1	15943	
465.3	14911	
465.5	16846	
465.7	16989	
465.9	15327	
466.1	14726	
466.3	17015	
466.5	16398	
466.7	16298	
466.9	14803	
467.1	16619	
467.3	17767	
467.5	16474	
467.7	15214	
467.9	17944	
468.1	19121	
468.3	15852	
468.5	16539	
468.7	16952	
468.9	16847	
469.1	15630	
469.3	16536	
469.5	19276	
469.7	16724	
469.9	15892	
470.1	15449	
470.3	17146	
470.5	17053	
470.7	16866	
470.9	15451	
471.1	17043	
471.3	17024	
471.5	15326	
471.69	17152	
471.89	16546	
472.09	15887	
472.29	16198	
472.49	16008	
472.69	16407	
472.89	16995	
473.09	15207	
473.29	14803	
473.49	16528	
473.69	16404	
473.89	16021	
474.09	15126	
474.29	17777	
474.49	17248	
474.69	15990	
474.89	15270	
475.09	16476	
475.29	16459	
475.49	14561	
475.69	14960	
475.88	17804	
476.08	16614	
476.28	14545	
476.48	14810	
476.68	16809	
476.88	16798	
477.08	14472	
477.28	15128	
477.48	15927	
477.68	16715	
477.88	14378	
478.08	14655	
478.28	17242	
478.48	16307	
478.67	14880	
478.87	13940	
479.07	17158	
479.27	16234	
479.47	14974	
479.67	15048	
479.87	16825	
480.07	17490	
480.27	14259	
480.47	15903	
480.67	16442	
480.87	17244	
481.06	14431	
481.26	15502	
481.46	16425	
481.66	16413	
481.86	15023	
482.06	16115	
482.26	16157	
482.46	17080	
482.66	14926	
482.86	14638	
483.05	16599	
483.25	15988	
483.45	17588	
483.65	15130	
483.85	16280	
484.05	16561	
484.25	15514	
484.45	16295	
484.65	17576	
484.84	17813	
485.04	15003	
485.24	15195	
485.44	17894	
485.64	16172	
485.84	14582	
486.04	16219	
486.24	16635	
486.44	17140	
486.63	14613	
486.83	15723	
487.03	16688	
487.23	17167	
487.43	14788	
487.63	17560	
487.83	17258	
488.02	18266	
488.22	16283	
488.42	16911	
488.62	18103	
488.82	17261	
489.02	15741	
489.22	16083	
489.41	17985	
489.61	17838	
489.81	15511	
490.01	15631	
490.21	17929	
490.41	18855	
490.61	15656	
490.8	15827	
491	17482	
491.2	16582	
491.4	16285	
491.6	15307	
491.8	17245	
491.99	17476	
492.19	15071	
492.39	15330	
492.59	17884	
492.79	18052	
492.99	16576	
493.18	15677	
493.38	18187	
493.58	19398	
493.78	16681	
493.98	16315	
494.18	18305	
494.37	17892	
494.57	17488	
494.77	17207	
494.97	19009	
495.17	19445	
495.37	17106	
495.56	17487	
495.76	19826	
495.96	19399	
496.16	18669	
496.36	17676	
496.55	19998	
496.75	19374	
496.95	18067	
497.15	17811	
497.35	19684	
497.54	19817	
497.74	17714	
497.94	19673	
498.14	20668	
498.34	20522	
498.53	17546	
498.73	18376	
498.93	19320	
499.13	20018	
499.33	18441	
499.52	18793	
499.72	20254	
499.92	20452	
500.12	18211	
500.32	18324	
500.51	20517	
500.71	20424	
500.91	19270	
501.11	18871	
501.31	20449	
501.5	20759	
501.7	19577	
501.9	18391	
502.1	20171	
502.29	20460	
502.49	19026	
502.69	19283	
502.89	20221	
503.09	20334	
503.28	17684	
503.48	17838	
503.68	19157	
503.88	19314	
504.07	18789	
504.27	17962	
504.47	19742	
504.67	19668	
504.86	18503	
505.06	18092	
505.26	19011	
505.46	20962	
505.65	17889	
505.85	17917	
506.05	18812	
506.25	19370	
506.44	16896	
506.64	17743	
506.84	18482	
507.04	19555	
507.23	16978	
507.43	17512	
507.63	20400	
507.83	18638	
508.02	17361	
508.22	16977	
508.42	20629	
508.62	18385	
508.81	16998	
509.01	17914	
509.21	17912	
509.4	18374	
509.6	17300	
509.8	16798	
510	18165	
510.19	20033	
510.39	16803	
510.59	16810	
510.79	18222	
510.98	19845	
511.18	17165	
511.38	17092	
511.57	19054	
511.77	19099	
511.97	17673	
512.17	16605	
512.36	19053	
512.56	18838	
512.76	16677	
512.95	16386	
513.15	19133	
513.35	17839	
513.55	17613	
513.74	16737	
513.94	19291	
514.14	18306	
514.33	17853	
514.53	17507	
514.73	18484	
514.92	18764	
515.12	17090	
515.32	16946	
515.51	18815	
515.71	19415	
515.91	18601	
516.11	17031	
516.3	20685	
516.5	18527	
516.7	17608	
516.89	18400	
517.09	18678	
517.29	18540	
517.48	18080	
517.68	17218	
517.88	18283	
518.07	19037	
518.27	17916	
518.47	16920	
518.66	19605	
518.86	18152	
519.06	16674	
519.25	17166	
519.45	18531	
519.65	20415	
519.84	17826	
520.04	18669	
520.24	20698	
520.43	19209	
520.63	17478	
520.83	17165	
521.02	18318	
521.22	18922	
521.42	17450	
521.61	18045	
521.81	18437	
522.01	18539	
522.2	17314	
522.4	17198	
522.6	19226	
522.79	18099	
522.99	17307	
523.18	16859	
523.38	19230	
523.58	19368	
523.77	19340	
523.97	17172	
524.17	21563	
524.36	20580	
524.56	18917	
524.76	18634	
524.95	19860	
525.15	19411	
525.34	18430	
525.54	18627	
525.74	20381	
525.93	19538	
526.13	19999	
526.33	18888	
526.52	21115	
526.72	20541	
526.91	20192	
527.11	19393	
527.31	21177	
527.5	21766	
527.7	19383	
527.89	18436	
528.09	20284	
528.29	21065	
528.48	19953	
528.68	19516	
528.87	21322	
529.07	21156	
529.27	19413	
529.46	19002	
529.66	20863	
529.85	21515	
530.05	18858	
530.25	19716	
530.44	22363	
530.64	20853	
530.83	19306	
531.03	19666	
531.23	21302	
531.42	21338	
531.62	20431	
531.81	19611	
532.01	21769	
532.21	22395	
532.4	19674	
532.6	20336	
532.79	22844	
532.99	22321	
533.18	20421	
533.38	21416	
533.58	21952	
533.77	22769	
533.97	20725	
534.16	21461	
534.36	23082	
534.55	22275	
534.75	21627	
534.95	20844	
535.14	23261	
535.34	22139	
535.53	20431	
535.73	22412	
535.92	23628	
536.12	22080	
536.31	20465	
536.51	21788	
536.71	22314	
536.9	21909	
537.1	20259	
537.29	20778	
537.49	22874	
537.68	21875	
537.88	20985	
538.07	20369	
538.27	22239	
538.46	23272	
538.66	20228	
538.86	20785	
539.05	22263	
539.25	22821	
539.44	21232	
539.64	20494	
539.83	22128	
540.03	23053	
540.22	20405	
540.42	20316	
540.61	22128	
540.81	22468	
541	20634	
541.2	21480	
541.39	21399	
541.59	21962	
541.78	21242	
541.98	20035	
542.18	21184	
542.37	21174	
542.57	20153	
542.76	21028	
542.96	20836	
543.15	21673	
543.35	20028	
543.54	19278	
543.74	21736	
543.93	21162	
544.13	19536	
544.32	20717	
544.52	21314	
544.71	20466	
544.91	18682	
545.1	19839	
545.3	20487	
545.49	21382	
545.69	18559	
545.88	19202	
546.08	22349	
546.27	21820	
546.47	19639	
546.66	18838	
546.86	21332	
547.05	22076	
547.24	19073	
547.44	19047	
547.63	20175	
547.83	21508	
548.02	19398	
548.22	19493	
548.41	19787	
548.61	21105	
548.8	18599	
549	18669	
549.19	20403	
549.39	20814	
549.58	18257	
549.78	18796	
549.97	20736	
550.17	20228	
550.36	19700	
550.55	20888	
550.75	19952	
550.94	20994	
551.14	18246	
551.33	18568	
551.53	19387	
551.72	20398	
551.92	18717	
552.11	18390	
552.31	20222	
552.5	20460	
552.69	20029	
552.89	17888	
553.08	20441	
553.28	19896	
553.47	18482	
553.67	19539	
553.86	20798	
554.06	19175	
554.25	17450	
554.44	18121	
554.64	21447	
554.83	21134	
555.03	17958	
555.22	18302	
555.42	20254	
555.61	20071	
555.8	17978	
556	18310	
556.19	18923	
556.39	20289	
556.58	18008	
556.78	17996	
556.97	19782	
557.16	19411	
557.36	19340	
557.55	17784	
557.75	18688	
557.94	20709	
558.13	17644	
558.33	17388	
558.52	20152	
558.72	19153	
558.91	17451	
559.1	17755	
559.3	18784	
559.49	18364	
559.69	16902	
559.88	18086	
560.07	19382	
560.27	20047	
560.46	18265	
560.66	18260	
560.85	19283	
561.04	18231	
561.24	17406	
561.43	17503	
561.63	18387	
561.82	18659	
562.01	18703	
562.21	17804	
562.4	19128	
562.59	20474	
562.79	17514	
562.98	17245	
563.18	19232	
563.37	20885	
563.56	18161	
563.76	17366	
563.95	18758	
564.14	18752	
564.34	17626	
564.53	17369	
564.73	19347	
564.92	19805	
565.11	17942	
565.31	17251	
565.5	20044	
565.69	19025	
565.89	17509	
566.08	17879	
566.27	19782	
566.47	20470	
566.66	18511	
566.85	17203	
567.05	19514	
567.24	18890	
567.44	17456	
567.63	19086	
567.82	19647	
568.02	19463	
568.21	17557	
568.4	17886	
568.6	19399	
568.79	19383	
568.98	17229	
569.18	17684	
569.37	19541	
569.56	21553	
569.76	18009	
569.95	19004	
570.14	19674	
570.34	19694	
570.53	17215	
570.72	17376	
570.91	20073	
571.11	19130	
571.3	17656	
571.49	18616	
571.69	19133	
571.88	18652	
572.07	18533	
572.27	18269	
572.46	18708	
572.65	19776	
572.85	17526	
573.04	17964	
573.23	20150	
573.43	19404	
573.62	17406	
573.81	18242	
574	19613	
574.2	19372	
574.39	17985	
574.58	18161	
574.78	20606	
574.97	19917	
575.16	18641	
575.36	18884	
575.55	20412	
575.74	20508	
575.93	17743	
576.13	18955	
576.32	19701	
576.51	20241	
576.71	17992	
576.9	19787	
577.09	20670	
577.28	20128	
577.48	18669	
577.67	17683	
577.86	19678	
578.05	20290	
578.25	18508	
578.44	18504	
578.63	19996	
578.83	21205	
579.02	17785	
579.21	19588	
579.4	20253	
579.6	19983	
579.79	18567	
579.98	20973	
580.17	20475	
580.37	20866	
580.56	18262	
580.75	18923	
580.94	21159	
581.14	21050	
581.33	19590	
581.52	18378	
581.71	20736	
581.91	21422	
582.1	18094	
582.29	18642	
582.48	20351	
582.68	20232	
582.87	19338	
583.06	18871	
583.25	20712	
583.45	19924	
583.64	19544	
583.83	20383	
584.02	19992	
584.21	20798	
584.41	19561	
584.6	19003	
584.79	20373	
584.98	21308	
585.18	18280	
585.37	18246	
585.56	19878	
585.75	20743	
585.94	18348	
586.14	19130	
586.33	21014	
586.52	20043	
586.71	18854	
586.91	18471	
587.1	19142	
587.29	20254	
587.48	18128	
587.67	18026	
587.87	19786	
588.06	19873	
588.25	19142	
588.44	18300	
588.63	19169	
588.83	19800	
589.02	17278	
589.21	17043	
589.4	18331	
589.59	18019	
589.78	15668	
589.98	15629	
590.17	16976	
590.36	17518	
590.55	14493	
590.74	15012	
590.94	18425	
591.13	16782	
591.32	14932	
591.51	14358	
591.7	17301	
591.89	16791	
592.09	14556	
592.28	15096	
592.47	16079	
592.66	18261	
592.85	14760	
593.05	15100	
593.24	16688	
593.43	17735	
593.62	15243	
593.81	15726	
594	16883	
594.19	17176	
594.39	15023	
594.58	15062	
594.77	17290	
594.96	17853	
595.15	14869	
595.34	15723	
595.54	17135	
595.73	16179	
595.92	14093	
596.11	15332	
596.3	17686	
596.49	16257	
596.68	14969	
596.88	15648	
597.07	17460	
597.26	16201	
597.45	14553	
597.64	15974	
597.83	16508	
598.02	17165	
598.22	14725	
598.41	15644	
598.6	16967	
598.79	16412	
598.98	14731	
599.17	16012	
599.36	17079	
599.55	18262	
599.74	17219	
599.94	16858	
600.13	17709	
600.32	16455	
600.51	14719	
600.7	15038	
600.89	18381	
601.08	18511	
601.27	14773	
601.47	15876	
601.66	17682	
601.85	18282	
602.04	15558	
602.23	15894	
602.42	16717	
602.61	17434	
602.8	15468	
602.99	15145	
603.18	17045	
603.37	17480	
603.57	15829	
603.76	16516	
603.95	18219	
604.14	17628	
604.33	15299	
604.52	15811	
604.71	17264	
604.9	16970	
605.09	16311	
605.28	16150	
605.47	18062	
605.66	17703	
605.86	15972	
606.05	15332	
606.24	17884	
606.43	16531	
606.62	15614	
606.81	16498	
607	17677	
607.19	17150	
607.38	14928	
607.57	15314	
607.76	16739	
607.95	16086	
608.14	15548	
608.33	16201	
608.52	16685	
608.72	17744	
608.91	14776	
609.1	14709	
609.29	16825	
609.48	16128	
609.67	15641	
609.86	14689	
610.05	16246	
610.24	16629	
610.43	14519	
610.62	14176	
610.81	17658	
611	17582	
611.19	14614	
611.38	15381	
611.57	16861	
611.76	18247	
611.95	14481	
612.14	14078	
612.33	16592	
612.52	16068	
612.71	14889	
612.9	14055	
613.09	15689	
613.28	18253	
613.47	14595	
613.66	15578	
613.85	16714	
614.04	16165	
614.24	14589	
614.43	13848	
614.62	16927	
614.81	16604	
615	15161	
615.19	15437	
615.38	15965	
615.57	16461	
615.76	15169	
615.95	16144	
616.14	16904	
616.33	16406	
616.52	15491	
616.71	15645	
616.9	16739	
617.09	16640	
617.28	14648	
617.47	16346	
617.66	15919	
617.85	15961	
618.04	15851	
618.22	15233	
618.41	16355	
618.6	17454	
618.79	15298	
618.98	15107	
619.17	17867	
619.36	16136	
619.55	15254	
619.74	15165	
619.93	17122	
620.12	16591	
620.31	16051	
620.5	16125	
620.69	17834	
620.88	18219	
621.07	16862	
621.26	16079	
621.45	17575	
621.64	17529	
621.83	16118	
622.02	15156	
622.21	17520	
622.4	17403	
622.59	16731	
622.78	16556	
622.97	16900	
623.16	18107	
623.35	16034	
623.54	15269	
623.72	17221	
623.91	17371	
624.1	16257	
624.29	14928	
624.48	18598	
624.67	17587	
624.86	16328	
625.05	15287	
625.24	18570	
625.43	16809	
625.62	18045	
625.81	15498	
626	17858	
626.19	17175	
626.38	16238	
626.56	15522	
626.75	17086	
626.94	17733	
627.13	16081	
627.32	14630	
627.51	17480	
627.7	18646	
627.89	14545	
628.08	16003	
628.27	16313	
628.46	16652	
628.65	14931	
628.83	14707	
629.02	17105	
629.21	16495	
629.4	15504	
629.59	15672	
629.78	16481	
629.97	17537	
630.16	15897	
630.35	15188	
630.54	18042	
630.72	17614	
630.91	15257	
631.1	15828	
631.29	17120	
631.48	17238	
631.67	15836	
631.86	15182	
632.05	16819	
632.24	16701	
632.42	14736	
632.61	15683	
632.8	16812	
632.99	16451	
633.18	15663	
633.37	15999	
633.56	17030	
633.75	17078	
633.93	15565	
634.12	15220	
634.31	17945	
634.5	17610	
634.69	15281	
634.88	15775	
635.07	16852	
635.25	17455	
635.44	16216	
635.63	16589	
635.82	16569	
636.01	16150	
636.2	16141	
636.39	15649	
636.57	17827	
636.76	17417	
636.95	14954	
637.14	16471	
637.33	17047	
637.52	18094	
637.7	14733	
637.89	15801	
638.08	16704	
638.27	18083	
638.46	15881	
638.65	16072	
638.83	18094	
639.02	16344	
639.21	15502	
639.4	16113	
639.59	16859	
639.78	16353	
639.96	14723	
640.15	14741	
640.34	16454	
640.53	16722	
640.72	14205	
640.91	14661	
641.09	15759	
641.28	17246	
641.47	14581	
641.66	15586	
641.85	16614	
642.03	16769	
642.22	15185	
642.41	14580	
642.6	15891	
642.79	15017	
642.97	14209	
643.16	15099	
643.35	15731	
643.54	15354	
643.73	14026	
643.91	14825	
644.1	14984	
644.29	15831	
644.48	13832	
644.67	13875	
644.85	15074	
645.04	15350	
645.23	13438	
645.42	13431	
645.6	14610	
645.79	15724	
645.98	12998	
646.17	11985	
646.36	13883	
646.54	14367	
646.73	13535	
646.92	12199	
647.11	13767	
647.29	14807	
647.48	12275	
647.67	11886	
647.86	15005	
648.05	15353	
648.23	12574	
648.42	13893	
648.61	14541	
648.8	14282	
648.98	12136	
649.17	12585	
649.36	13773	
649.55	13377	
649.73	12196	
649.92	13264	
650.11	13842	
650.3	14209	
650.48	12516	
650.67	12248	
650.86	14227	
651.05	13147	
651.23	12215	
651.42	12245	
651.61	13620	
651.79	13691	
651.98	12435	
652.17	12100	
652.36	14033	
652.54	13193	
652.73	12175	
652.92	11856	
653.11	14182	
653.29	14138	
653.48	11271	
653.67	12299	
653.85	13775	
654.04	14826	
654.23	12368	
654.42	11753	
654.6	12859	
654.79	13526	
654.98	11007	
655.16	11538	
655.35	12192	
655.54	12168	
655.73	10849	
655.91	10833	
656.1	13348	
656.29	12272	
656.47	10479	
656.66	12306	
656.85	12624	
657.03	12759	
657.22	11258	
657.41	11409	
657.59	13010	
657.78	12807	
657.97	11099	
658.16	12011	
658.34	13727	
658.53	14057	
658.72	12954	
658.9	13347	
659.09	13142	
659.28	13218	
659.46	11848	
659.65	11659	
659.84	13020	
660.02	13659	
660.21	11618	
660.4	11608	
660.58	14104	
660.77	13364	
660.96	12202	
661.14	11321	
661.33	14616	
661.52	14469	
661.7	11055	
661.89	15083	
662.08	12973	
662.26	12498	
662.45	11456	
662.64	11524	
662.82	13585	
663.01	12826	
663.2	11493	
663.38	12334	
663.57	13540	
663.75	13361	
663.94	11838	
664.13	13155	
664.31	12755	
664.5	13624	
664.69	11980	
664.87	12697	
665.06	12455	
665.25	13340	
665.43	12846	
665.62	12924	
665.8	13610	
665.99	12907	
666.18	11676	
666.36	11784	
666.55	13502	
666.74	13495	
666.92	11393	
667.11	13074	
667.29	12879	
667.48	13475	
667.67	12659	
667.85	11613	
668.04	13010	
668.22	13022	
668.41	11690	
668.6	11944	
668.78	12622	
668.97	12934	
669.15	12020	
669.34	10964	
669.53	12539	
669.71	13017	
669.9	11144	
670.08	11897	
670.27	12631	
670.46	13157	
670.64	12130	
670.83	12216	
671.01	12387	
671.2	13047	
671.38	11284	
671.57	11092	
671.76	13759	
671.94	14522	
672.13	10928	
672.31	12085	
672.5	13360	
672.69	12564	
672.87	11274	
673.06	11626	
673.24	13175	
673.43	12507	
673.61	11948	
673.8	11430	
673.98	13290	
674.17	13358	
674.36	12173	
674.54	11886	
674.73	12968	
674.91	13207	
675.1	11668	
675.28	11240	
675.47	12685	
675.65	13333	
675.84	11507	
676.03	11865	
676.21	12509	
676.4	12007	
676.58	12238	
676.77	12053	
676.95	14119	
677.14	12439	
677.32	11011	
677.51	10727	
677.69	13374	
677.88	12164	
678.06	11022	
678.25	11000	
678.44	12775	
678.62	12457	
678.81	10721	
678.99	11806	
679.18	13540	
679.36	13266	
679.55	11366	
679.73	12012	
679.92	12995	
680.1	12547	
680.29	12670	
680.47	11354	
680.66	12284	
680.84	13257	
681.03	10646	
681.21	11724	
681.4	12396	
681.58	12237	
681.77	10860	
681.95	10920	
682.14	13224	
682.32	13525	
682.51	11890	
682.69	10674	
682.88	12167	
683.06	12753	
683.25	11459	
683.43	11949	
683.62	12517	
683.8	12938	
683.99	11951	
684.17	11205	
684.36	13583	
684.54	12064	
684.73	10035	
684.91	10086	
685.1	11891	
685.28	11183	
685.46	10225	
685.65	10289	
685.83	11873	
686.02	11153	
686.2	9610.4	
686.39	9872.6	
686.57	10835	
686.76	12570	
686.94	9801.6	
687.13	9970.9	
687.31	11744	
687.5	11262	
687.68	9470.5	
687.86	10846	
688.05	13024	
688.23	10853	
688.42	10941	
688.6	10160	
688.79	11597	
688.97	11308	
689.16	10579	
689.34	9431.6	
689.52	12206	
689.71	12441	
689.89	10741	
690.08	10049	
690.26	11658	
690.45	11482	
690.63	10671	
690.81	10032	
691	11118	
691.18	11137	
691.37	10045	
691.55	12336	
691.74	10836	
691.92	13106	
692.1	9911.5	
692.29	9328.5	
692.47	10977	
692.66	10346	
692.84	9538.8	
693.02	10122	
693.21	10615	
693.39	11011	
693.58	10457	
693.76	9837.1	
693.94	12505	
694.13	12397	
694.31	9913.5	
694.5	11304	
694.68	11243	
694.86	11732	
695.05	10443	
695.23	11053	
695.42	12329	
695.6	14787	
695.78	11330	
695.97	10261	
696.15	12282	
696.34	11570	
696.52	9865.7	
696.7	10740	
696.89	11824	
697.07	11099	
697.25	10338	
697.44	12069	
697.62	11626	
697.81	11955	
697.99	10049	
698.17	10648	
698.36	10729	
698.54	11488	
698.72	10449	
698.91	9297.8	
699.09	11021	
699.28	10884	
699.46	9904	
699.64	9759.9	
699.83	10763	
700.01	12077	
700.19	10534	
700.38	9084.1	
700.56	12128	
700.74	11078	
700.93	9574.3	
701.11	10464	
701.29	11715	
701.48	12904	
701.66	9960.6	
701.84	10092	
702.03	11325	
702.21	12072	
702.39	9529.2	
702.58	10235	
702.76	11800	
702.94	11884	
703.13	9540.8	
703.31	12192	
703.49	11059	
703.68	12750	
703.86	9659.6	
704.04	10838	
704.23	11522	
704.41	11983	
704.59	9869.2	
704.78	11064	
704.96	12694	
705.14	12097	
705.33	9708.7	
705.51	10478	
705.69	11372	
705.87	12415	
706.06	11019	
706.24	9732.6	
706.42	11762	
706.61	11993	
706.79	10961	
706.97	9656.9	
707.16	11258	
707.34	11783	
707.52	10718	
707.7	9972.2	
707.89	11426	
708.07	10981	
708.25	10948	
708.44	11015	
708.62	11284	
708.8	12498	
708.98	11073	
709.17	10027	
709.35	11621	
709.53	11621	
709.72	9814.5	
709.9	10222	
710.08	11875	
710.26	11938	
710.45	11336	
710.63	9929.2	
710.81	11494	
710.99	11530	
711.18	10550	
711.36	10012	
711.54	11133	
711.72	11828	
711.91	9839.1	
712.09	9172.2	
712.27	11107	
712.45	11726	
712.64	9916.3	
712.82	8840.4	
713	10197	
713.18	10369	
713.37	8667	
713.55	9863	
713.73	10939	
713.91	9250	
714.1	8476.5	
714.28	7777.5	
714.46	9960.6	
714.64	8794.7	
714.83	6802	
715.01	7468.3	
715.19	8492.2	
715.37	7919.5	
715.55	6949.4	
715.74	7264.1	
715.92	9480	
716.1	7308.5	
716.28	8488.1	
716.47	7307.8	
716.65	7934.5	
716.83	8145.5	
717.01	7098.3	
717.19	7200.7	
717.38	10277	
717.56	7785	
717.74	7463.5	
717.92	6552.8	
718.1	9123	
718.29	8441.7	
718.47	6507.8	
718.65	7365.2	
718.83	9570.8	
719.01	9545.6	
719.2	6758.3	
719.38	7988.4	
719.56	9342.8	
719.74	11088	
719.92	7497.6	
720.11	8598.1	
720.29	9298.5	
720.47	8275.2	
720.65	6728.3	
720.83	7531.1	
721.02	8243.1	
721.2	7977.5	
721.38	7349.5	
721.56	6582.2	
721.74	7321.5	
721.92	7577.5	
722.11	7868.3	
722.29	7524.2	
722.47	8901.8	
722.65	8000	
722.83	6477.7	
723.01	7543.4	
723.2	8102.4	
723.38	8342.7	
723.56	5867.4	
723.74	7256.6	
723.92	7492.8	
724.1	8851.3	
724.29	6518.7	
724.47	7742	
724.65	7600.7	
724.83	7536.5	
725.01	6295.5	
725.19	7255.3	
725.37	7645.1	
725.56	7738.6	
725.74	6241.5	
725.92	6580.8	
726.1	7555	
726.28	7890.8	
726.46	6926.2	
726.64	6577.4	
726.83	7711.3	
727.01	8212.4	
727.19	6152.1	
727.37	7079.8	
727.55	7978.9	
727.73	8519.5	
727.91	6152.1	
728.09	5999.9	
728.28	8599.4	
728.46	9341.5	
728.64	7291.5	
728.82	7243	
729	9889.6	
729.18	9146.2	
729.36	6701	
729.54	9222.7	
729.72	10587	
729.91	8682	
730.09	8802.9	
730.27	7632.1	
730.45	8566	
730.63	9439.8	
730.81	8340	
730.99	7360.4	
731.17	10013	
731.35	8430.1	
731.53	7916.1	
731.71	7417.7	
731.9	9607.7	
732.08	9749.7	
732.26	7709.2	
732.44	7269.6	
732.62	9833	
732.8	9280	
732.98	8057.4	
733.16	7030	
733.34	9177.6	
733.52	7886	
733.7	7519.5	
733.88	7940	
734.07	8948.9	
734.25	8789.2	
734.43	6944	
734.61	8783.7	
734.79	10464	
734.97	8680.7	
735.15	7198.6	
735.33	7622.5	
735.51	9112.1	
735.69	8737.3	
735.87	8841.1	
736.05	7802.1	
736.23	8953.7	
736.41	8713.4	
736.59	7615	
736.77	7816.4	
736.95	9496.4	
737.13	8873.8	
737.32	7296.9	
737.5	7596.6	
737.68	10071	
737.86	8752.3	
738.04	7071	
738.22	9062.3	
738.4	8456.1	
738.58	8822	
738.76	7813	
738.94	6591	
739.12	8634.9	
739.3	8477.2	
739.48	8434.2	
739.66	8168.7	
739.84	8934.6	
740.02	8994.7	
740.2	6819.7	
740.38	7159	
740.56	9366	
740.74	8148.9	
740.92	7819.8	
741.1	7746.1	
741.28	8675.9	
741.46	8544.8	
741.64	7267.6	
741.82	7895.6	
742	8731.2	
742.18	8585.1	
742.36	7456.7	
742.54	6976.1	
742.72	9177.6	
742.9	7890.1	
743.08	7884.7	
743.26	6577.4	
743.44	9493.7	
743.62	9230.2	
743.8	7903.8	
743.98	7006.8	
744.16	8940.7	
744.34	8563.2	
744.52	7806.9	
744.7	7767.9	
744.88	9015.8	
745.06	8471.1	
745.24	7938.6	
745.42	7992.5	
745.6	8982.4	
745.78	8841.8	
745.96	6488.6	
746.14	6765.8	
746.32	9734	
746.5	8919.6	
746.68	7385.7	
746.86	6830.7	
747.03	9346.9	
747.21	7499.7	
747.39	7303.1	
747.57	6761.7	
747.75	8473.1	
747.93	8819.2	
748.11	6777.4	
748.29	6615.6	
748.47	10170	
748.65	8090.8	
748.83	7503.1	
749.01	7149.5	
749.19	8680	
749.37	7708.6	
749.55	6917.4	
749.73	7154.9	
749.91	8191.2	
750.09	7862.8	
750.26	7132.4	
750.44	6503	
750.62	8348.2	
750.8	8162.5	
750.98	6285.2	
751.16	6675.7	
751.34	8178.2	
751.52	7539.3	
751.7	7430	
751.88	6180.8	
752.06	8744.1	
752.24	8577.6	
752.42	6174.6	
752.59	6498.2	
752.77	8096.3	
752.95	9469.1	
753.13	7292.8	
753.31	6665.5	
753.49	7759.1	
753.67	8230.1	
753.85	6929	
754.03	6440.9	
754.21	8283.4	
754.38	8755.1	
754.56	6531	
754.74	5423.7	
754.92	7413	
755.1	8125	
755.28	5251.7	
755.46	5175.2	
755.64	8493.6	
755.82	8398.7	
755.99	4966.3	
756.17	5044.1	
756.35	5547.9	
756.53	7117.4	
756.71	3707.5	
756.89	4747.2	
757.07	6736.5	
757.25	5737.7	
757.42	5382.7	
757.6	6387.6	
757.78	6934.4	
757.96	5873.6	
758.14	5288.5	
758.32	4691.2	
758.5	5425.8	
758.67	6307.1	
758.85	4897.4	
759.03	5141.8	
759.21	6540.5	
759.39	5734.3	
759.57	4498.7	
759.75	5772.5	
759.92	7150.8	
760.1	6425.2	
760.28	6210.1	
760.46	6539.8	
760.64	6235.4	
760.82	5959.6	
760.99	6176.7	
761.17	5232.6	
761.35	7185	
761.53	6156.9	
761.71	5489.2	
761.89	6288.6	
762.06	7247.1	
762.24	6645.7	
762.42	5701.5	
762.6	5467.4	
762.78	6748.1	
762.96	7467.6	
763.13	6165.8	
763.31	5839.4	
763.49	7718.1	
763.67	6794.5	
763.85	6769.9	
764.02	7340.6	
764.2	8017.1	
764.38	7126.9	
764.56	5701.5	
764.74	6668.9	
764.91	8095.6	
765.09	6883.2	
765.27	5335	
765.45	5092.6	
765.63	8161.2	
765.8	7984.3	
765.98	4808.6	
766.16	5190.2	
766.34	6412.2	
766.52	6122.7	
766.69	6192.4	
766.87	4965.6	
767.05	6815.6	
767.23	7673.7	
767.41	5283.1	
767.58	5603.2	
767.76	7419.8	
767.94	7462.8	
768.12	5313.8	
768.29	6223.1	
768.47	6808.8	
768.65	7654.6	
768.83	4933.6	
769	6164.4	
769.18	6332.3	
769.36	7137.9	
769.54	6137.8	
769.72	4955.4	
769.89	7324.2	
770.07	7460.1	
770.25	5248.3	
770.43	6596.5	
770.6	8155.7	
770.78	8569.4	
770.96	5466	
771.14	6098.2	
771.31	7157	
771.49	6453.8	
771.67	4498	
771.85	4803.2	
772.02	5629.2	
772.2	6461.3	
772.38	5500.8	
772.55	4968.4	
772.73	6689.3	
772.91	6427.9	
773.09	5386.8	
773.26	5406	
773.44	6634.7	
773.62	6342.6	
773.8	4844.1	
773.97	4457.7	
774.15	6667.5	
774.33	6266.1	
774.5	4684.4	
774.68	5069.4	
774.86	6745.3	
775.04	6213.5	
775.21	4770.4	
775.39	4773.1	
775.57	6476.4	
775.74	6969.9	
775.92	4536.9	
776.1	4483.7	
776.27	6469.5	
776.45	7783	
776.63	4636.6	
776.81	4141.7	
776.98	6019.7	
777.16	7244.3	
777.34	4795.7	
777.51	5165.7	
777.69	6030.6	
777.87	5829.9	
778.04	4810	
778.22	5474.2	
778.4	5881.8	
778.57	6490.7	
778.75	3990.8	
778.93	4324.6	
779.1	5517.2	
779.28	5419.6	
779.46	3995.6	
779.64	4519.2	
779.81	6683.9	
779.99	7585	
780.17	5319.3	
780.34	5504.9	
780.52	5943.2	
780.69	6224.5	
780.87	4868.7	
781.05	4376.5	
781.22	6033.3	
781.4	6133	
781.58	4485.1	
781.75	3582.6	
781.93	6083.1	
782.11	5407.3	
782.28	5450.3	
782.46	4466.6	
782.64	5282.4	
782.81	6237.4	
782.99	4555.4	
783.17	4550.6	
783.34	6122.7	
783.52	5203.2	
783.69	4743.8	
783.87	5607.3	
784.05	5461.9	
784.22	5399.1	
784.4	5550	
784.58	4741	
784.75	6327.5	
784.93	5392.3	
785.1	4513.7	
785.28	5139	
785.46	6068.1	
785.63	5390.3	
785.81	4380.6	
785.99	4206.5	
786.16	5528.8	
786.34	5891.3	
786.51	4201.1	
786.69	4640	
786.87	5133.6	
787.04	5593	
787.22	4099.4	
787.39	5181.4	
787.57	5335	
787.75	6518.7	
787.92	5238.7	
788.1	5198.4	
788.27	5391.6	
788.45	5089.9	
788.63	4956.8	
788.8	3541.6	
788.98	5947.3	
789.15	5008	
789.33	3794.9	
789.5	4403.8	
789.68	6318	
789.86	6453.8	
790.03	4862.6	
790.21	4229.7	
790.38	6287.3	
790.56	5431.9	
790.73	4067.3	
790.91	4121.9	
791.09	5318.6	
791.26	6123.4	
791.44	4308.2	
791.61	3713	
791.79	5281.7	
791.96	5337.7	
792.14	3885	
792.32	3433.8	
792.49	5315.2	
792.67	5431.2	
792.84	3966.9	
793.02	3781.9	
793.19	5779.4	
793.37	6550.1	
793.54	3412.6	
793.72	3786	
793.89	6720.8	
794.07	5316.5	
794.25	4345.8	
794.42	3460.4	
794.6	6507.8	
794.77	5992.4	
794.95	4689.8	
795.12	4121.2	
795.3	5279.7	
795.47	5957.5	
795.65	4545.8	
795.82	4358.8	
796	5040.1	
796.17	7174	
796.35	4178.5	
796.52	4958.1	
796.7	5827.8	
796.87	5944.6	
797.05	5192.3	
797.22	5137	
797.4	5902.2	
797.57	7007.5	
797.75	4336.2	
797.92	4126.7	
798.1	6237.4	
798.27	5224.4	
798.45	3507.5	
798.62	3858.4	
798.8	5587.5	
798.97	6097.5	
799.15	4609.3	
799.32	4403.1	
799.5	4802.5	
799.67	5687.2	
799.85	4756.1	
800.02	3424.9	
800.2	5156.8	
800.37	5599.1	
800.55	4895.3	
800.72	4077.5	
800.9	6015.6	
801.07	6538.5	
801.25	5513.8	
801.42	4499.4	
801.6	6143.9	
801.77	5832.6	
801.95	4163.5	
802.12	3956	
802.29	5796.4	
802.47	5761.6	
802.64	4415.4	
802.82	3336.8	
802.99	5199.8	
803.17	6303	
803.34	4319.8	
803.52	3903.4	
803.69	6972.7	
803.87	4975.2	
804.04	4289.8	
804.21	4389.5	
804.39	6343.9	
804.56	5447.6	
804.74	3615.3	
804.91	4489.1	
805.09	5247.6	
805.26	5286.5	
805.44	3719.8	
805.61	4049.5	
805.78	5957.5	
805.96	5961.6	
806.13	4439.3	
806.31	4819.6	
806.48	4744.5	
806.66	5339.7	
806.83	4374.5	
807	4380.6	
807.18	5165	
807.35	5595.7	
807.53	4327.4	
807.7	3450.8	
807.87	6447	
808.05	5231.9	
808.22	4780.6	
808.4	3395.5	
808.57	5251.7	
808.74	4860.5	
808.92	3964.2	
809.09	5056.4	
809.27	5061.9	
809.44	5801.9	
809.61	3482.9	
809.79	3884.3	
809.96	6372.6	
810.14	6039.5	
810.31	3364.1	
810.48	4173.8	
810.66	5304.9	
810.83	6143.9	
811.01	3931.4	
811.18	4354	
811.35	5988.9	
811.53	4621.6	
811.7	4747.2	
811.87	4465.3	
812.05	5160.9	
812.22	5114.5	
812.39	3766.9	
812.57	3719.8	
812.74	5266	
812.92	7073.7	
813.09	4115.7	
813.26	4541.7	
813.44	6812.2	
813.61	5158.2	
813.78	3443.3	
813.96	4660.5	
814.13	5251.7	
814.3	4906.9	
814.48	5018.2	
814.65	4114.4	
814.82	6574.7	
815	5043.5	
815.17	4339	
815.34	5251.7	
815.52	5186.8	
815.69	5169.8	
815.87	4224.3	
816.04	4231.1	
816.21	5331.5	
816.38	4547.2	
816.56	4089.8	
816.73	3781.9	
816.9	6625.2	
817.08	6040.8	
817.25	3818.8	
817.42	4883	
817.6	4775.9	
817.77	5273.5	
817.94	4393.6	
818.12	3754.6	
818.29	4913.8	
818.46	7922.2	
818.64	3990.1	
818.81	3678.2	
818.98	4826.4	
819.16	7222.5	
819.33	4608.6	
819.5	4238.6	
819.67	5687.2	
819.85	6300.2	
820.02	4190.1	
820.19	4461.2	
820.37	5494	
820.54	4983.4	
820.71	4365.6	
820.88	5362.9	
821.06	5516.5	
821.23	5011.4	
821.4	4320.5	
821.58	4280.9	
821.75	6051.1	
821.92	5427.1	
822.09	3426.3	
822.27	3663.1	
822.44	5259.9	
822.61	5118.6	
822.79	3556	
822.96	6733.7	
823.13	5776	
823.3	4930.1	
823.48	4036.5	
823.65	3659.7	
823.82	5912.5	
823.99	4761.5	
824.17	5176.6	
824.34	3693.2	
824.51	6975.4	
824.68	5301.5	
824.86	3848.8	
825.03	4265.9	
825.2	5203.2	
825.37	6368.5	
825.55	3820.1	
825.72	4241.3	
825.89	6989.7	
826.06	6457.2	
826.24	4134.8	
826.41	4150.5	
826.58	6337.1	
826.75	5582.8	
826.92	3267.9	
827.1	3642.7	
827.27	8783.1	
827.44	6996.5	
827.61	3981.3	
827.79	4832.5	
827.96	4900.8	
828.13	5285.8	
828.3	4099.4	
828.47	3438.5	
828.65	5455.8	
828.82	5435.3	
828.99	5383.4	
829.16	4780.6	
829.34	5825.1	
829.51	5642.8	
829.68	4212	
829.85	4492.6	
830.02	6144.6	
830.2	5906.3	
830.37	3312.9	
830.54	5281	
830.71	6712.6	
830.88	5195.7	
831.05	3369.6	
831.23	3839.9	
831.4	6426.5	
831.57	7190.4	
831.74	3951.9	
831.91	3442.6	
832.09	5443.5	
832.26	5890.6	
832.43	4083.6	
832.6	4605.9	
832.77	5455.8	
832.94	6294.1	
833.12	3263.1	
833.29	4067.9	
833.46	5055.1	
833.63	7490.8	
833.8	4529.4	
833.97	4082.3	
834.15	5922	
834.32	5600.5	
834.49	4309.6	
834.66	4375.8	
834.83	6078.4	
835	4908.3	
835.17	3962.1	
835.35	4019.5	
835.52	5782.1	
835.69	5622.4	
835.86	4267.3	
836.03	3475.4	
836.2	5786.9	
836.37	5410.1	
836.55	4132.1	
836.72	3806.5	
836.89	5347.9	
837.06	5913.9	
837.23	4202.4	
837.4	4540.3	
837.57	6705.7	
837.75	7515.4	
837.92	3770.3	
838.09	4024.3	
838.26	5394.3	
838.43	6169.8	
838.6	4276.8	
838.77	3848.1	
838.94	7109.9	
839.11	6728.9	
839.29	4134.8	
839.46	3175	
839.63	5735	
839.8	5560.9	
839.97	4003.8	
840.14	3977.2	
840.31	5615.5	
840.48	5859.9	
840.65	3256.3	
840.82	3874.1	
841	5821	
841.17	5780.1	
841.34	3667.9	
841.51	3711.6	
841.68	5756.8	
841.85	5565	
842.02	3865.9	
842.19	3151.8	
842.36	5556.1	
842.53	5568.4	
842.7	3431.7	
842.87	4501.4	
843.05	7403.4	
843.22	5529.5	
843.39	3532.7	
843.56	3725.9	
843.73	5252.4	
843.9	5890	
844.07	5924.8	
844.24	4970.4	
844.41	8744.8	
844.58	5052.3	
844.75	3472.7	
844.92	3862.5	
845.09	5818.3	
845.26	5830.6	
845.43	3616.7	
845.6	3856.3	
845.77	5843.5	
845.94	5511.8	
846.12	4029.7	
846.29	4280.9	
846.46	6058.6	
846.63	5817.6	
846.8	3642.7	
846.97	4324.6	
847.14	6333	
847.31	5797.8	
847.48	4104.1	
847.65	4547.9	
847.82	6138.4	
847.99	6047.7	
848.16	4820.9	
848.33	4529.4	
848.5	5339.1	
848.67	6389	
848.84	3616.7	
849.01	3835.8	
849.18	5213.4	
849.35	4874.8	
849.52	4657.8	
849.69	3497.2	
849.86	6070.2	
850.03	6327.5	
850.2	3593.5	
850.37	4489.8	
850.54	6247	
850.71	5468.8	
850.88	4377.9	
851.05	3611.3	
851.22	5756.8	
851.39	6371.2	
851.56	3475.4	
851.73	4209.9	
851.9	5094	
852.07	6066.1	
852.24	4052.2	
852.41	3566.2	
852.58	5691.3	
852.75	5150	
852.92	4106.9	
853.09	3573.7	
853.26	5394.3	
853.43	6273.6	
853.6	3592.8	
853.77	3048.1	
853.94	6412.2	
854.11	5825.1	
854.28	5456.5	
854.44	3887.7	
854.61	6676.4	
854.78	6191.7	
854.95	3638.6	
855.12	4601.1	
855.29	4661.9	
855.46	6508.4	
855.63	3629	
855.8	5047.6	
855.97	5358.2	
856.14	6123.4	
856.31	5229.8	
856.48	3919.1	
856.65	5335	
856.82	5046.2	
856.99	3445.4	
857.16	3929.4	
857.33	7151.5	
857.49	5459.9	
857.66	3944.4	
857.83	4215.4	
858	5437.4	
858.17	5649	
858.34	3396.2	
858.51	3665.9	
858.68	6581.5	
858.85	6622.4	
859.02	4154	
859.19	4493.2	
859.36	5056.4	
859.52	5139	
859.69	3646.7	
859.86	4246.1	
860.03	5147.2	
860.2	6443.6	
860.37	3213.3	
860.54	3674.7	
860.71	6038.8	
860.88	6493.4	
861.05	4092.5	
861.21	4542.4	
861.38	6547.4	
861.55	4999.8	
861.72	3254.9	
861.89	4064.5	
862.06	6198.5	
862.23	6686.6	
862.4	3499.3	
862.56	3794.2	
862.73	5875.6	
862.9	5625.1	
863.07	4258.4	
863.24	3278.8	
863.41	4937.7	
863.58	5089.2	
863.75	3684.3	
863.91	4182.6	
864.08	6509.8	
864.25	6018.3	
864.42	4584	
864.59	5133.6	
864.76	6789	
864.93	5101.5	
865.09	3584.6	
865.26	3826.3	
865.43	6333	
865.6	6736.5	
865.77	3134.8	
865.94	3537.5	
866.1	6390.3	
866.27	6107	
866.44	5483.8	
866.61	3440.6	
866.78	5510.4	
866.95	5961.6	
867.11	3457	
867.28	3233.7	
867.45	6163.7	
867.62	5151.3	
867.79	4162.8	
867.96	3553.2	
868.12	5115.8	
868.29	6151.4	
868.46	3102.7	
868.63	4913.1	
868.8	6265.4	
868.97	6019.7	
869.13	3762.1	
869.3	3779.2	
869.47	5969.1	
869.64	6173.9	
869.81	3637.2	
869.97	3637.9	
870.14	5795.8	
870.31	6518.7	
870.48	3478.1	
870.65	4610.7	
870.81	5436	
870.98	5363.6	
871.15	4186	
871.32	3819.5	
871.48	5943.2	
871.65	6583.5	
871.82	3657	
871.99	3957.4	
872.16	7080.5	
872.32	6399.2	
872.49	3691.1	
872.66	3684.3	
872.83	6076.3	
872.99	5278.3	
873.16	4151.2	
873.33	3583.9	
873.5	5640.1	
873.67	5637.4	
873.83	3766.2	
874	4894.6	
874.17	5830.6	
874.34	6976.1	
874.5	4694.6	
874.67	4524	
874.84	6498.2	
875.01	5124	
875.17	5094	
875.34	3615.3	
875.51	5739.8	
875.68	6870.9	
875.84	4368.3	
876.01	5298.8	
876.18	6004.6	
876.34	5908.4	
876.51	3643.3	
876.68	3545	
876.85	5477.6	
877.01	6318	
877.18	5153.4	
877.35	3553.2	
877.52	5558.2	
877.68	4999.1	
877.85	3502	
878.02	3606.5	
878.18	5603.2	
878.35	5239.4	
878.52	2882.9	
878.69	4067.3	
878.85	6096.8	
879.02	6008.7	
879.19	5180.7	
879.35	3947.8	
879.52	5993.7	
879.69	6294.8	
879.86	3124.5	
880.02	4059.8	
880.19	5582.8	
880.36	6870.9	
880.52	4138.3	
880.69	4295.3	
880.86	6146.6	
881.02	6195.1	
881.19	3994.2	
881.36	3915.7	
881.52	5959.6	
881.69	5318.6	
881.86	3932.1	
882.02	3805.8	
882.19	6307.7	
882.36	7468.9	
882.52	3679.5	
882.69	5099.4	
882.86	5752.1	
883.02	5675.6	
883.19	4429.1	
883.36	4138.9	
883.52	6070.9	
883.69	6997.2	
883.86	3660.4	
884.02	3298.6	
884.19	6081.8	
884.36	5601.9	
884.52	4156.7	
884.69	3817.4	
884.86	5301.5	
885.02	6728.3	
885.19	4039.3	
885.36	4205.2	
885.52	5623	
885.69	5765.7	
885.86	5281.7	
886.02	4675.5	
886.19	6038.8	
886.35	5499.5	
886.52	3974.4	
886.69	5111	
886.85	5096.7	
887.02	6443.6	
887.19	6443.6	
887.35	6443.6	
887.52	6443.6	
887.68	6443.6	
887.85	6443.6	
888.02	6443.6	
888.18	6443.6	
888.35	6443.6	
888.51	6443.6	
888.68	6443.6	
888.85	6443.6	
889.01	6443.6	
889.18	6443.6	
889.35	6443.6	
889.51	6443.6	
889.68	6443.6	
889.84	6443.6	
890.01	6443.6	
890.17	6443.6	
890.34	6443.6	
890.51	6443.6	
890.67	6443.6	
890.84	6443.6	
891	6443.6	
891.17	6443.6	
891.34	6443.6	
891.5	6443.6	
891.67	6443.6	
891.83	6443.6	
892	6443.6	
892.16	6443.6	
892.33	6443.6	
892.5	6443.6	
892.66	6443.6	
892.83	6443.6	
892.99	6443.6	
893.16	6443.6	
893.32	6443.6	
893.49	6443.6	
893.65	6443.6	
893.82	6443.6	
893.99	6443.6	
894.15	6443.6	
894.32	6443.6	
894.48	6443.6	
894.65	6443.6	
894.81	6443.6	
894.98	6443.6	
895.14	6443.6	
895.31	6443.6	
895.47	6443.6	
895.64	6443.6	
895.81	6443.6	
895.97	6443.6	
896.14	6443.6	
896.3	6443.6	
896.47	6443.6	
896.63	6443.6	
896.8	6443.6	
896.96	6443.6	
897.13	6443.6	
897.29	6443.6	
897.46	6443.6	
897.62	6443.6	
897.79	6443.6	
897.95	6443.6	
898.12	6443.6	
898.28	6443.6	
898.45	6443.6	
898.61	6443.6	
898.78	6443.6	
898.94	6443.6	
899.11	6443.6	
899.27	6443.6	
899.44	6443.6	
899.6	6443.6	
899.77	6443.6	
899.93	6443.6	
900.1	6443.6	
900.26	6443.6	
900.43	6443.6	
900.59	6443.6	
900.76	6443.6	
900.92	6443.6	
901.09	6443.6	
901.25	6443.6	
901.42	6443.6	
901.58	6443.6	
901.75	6443.6	
901.91	6443.6	
902.07	6443.6	
902.24	6443.6	
902.4	6443.6	
902.57	6443.6	
902.73	6443.6	
902.9	6443.6	
903.06	6443.6	
903.23	6443.6	
903.39	6443.6	
903.56	6443.6	
903.72	6443.6	
903.88	6443.6	
904.05	6443.6	
904.21	6443.6	
904.38	6443.6	
904.54	6443.6	
904.71	6443.6	
904.87	6443.6	
905.03	6443.6	
905.2	6443.6	
905.36	6443.6	
905.53	6443.6	
905.69	6443.6	
905.86	6443.6	
906.02	6443.6	
906.18	6443.6	
906.35	6443.6	
906.51	6443.6	
906.68	6443.6	
906.84	6443.6	
907.01	6443.6	
907.17	6443.6	
907.33	6443.6	
907.5	6443.6	
907.66	6443.6	
907.83	6443.6	
907.99	6443.6	
908.15	6443.6	
908.32	6443.6	
908.48	6443.6	
908.65	6443.6	
908.81	6443.6	
908.97	6443.6	
909.14	6443.6	
909.3	6443.6	
909.47	6443.6	
909.63	6443.6	
909.79	6443.6	
909.96	6443.6	
910.12	6443.6	
910.28	6443.6	
910.45	6443.6	
910.61	6443.6	
910.78	6443.6	
910.94	6443.6	
911.1	6443.6	
911.27	6443.6	
911.43	6443.6	
911.59	6443.6	
911.76	6443.6	
911.92	6443.6	
912.08	6443.6	
912.25	6443.6	
912.41	6443.6	
912.57	6443.6	
912.74	6443.6	
912.9	6443.6	
913.07	6443.6	
913.23	6443.6	
913.39	6443.6	
913.56	6443.6	
913.72	6443.6	
913.88	6443.6	
914.05	6443.6	
914.21	6443.6	
914.37	6443.6	
914.54	6443.6	
914.7	6443.6	
914.86	6443.6	
915.03	6443.6	
915.19	6443.6	
