Wavelength	Intensities	
nm	a.u.	
179.22	1945.1	
179.44	1943.2	
179.65	1946.9	
179.86	1939.4	
180.08	1909.4	
180.29	5119.9	
180.51	3576.4	
180.72	5744.6	
180.94	6778.8	
181.15	3317	
181.37	3256.3	
181.58	5615.5	
181.79	5909.8	
182.01	3491.1	
182.22	3739.6	
182.44	5909.8	
182.65	4938.3	
182.87	4728.8	
183.08	4132.8	
183.29	6225.8	
183.51	5106.3	
183.72	3706.8	
183.94	5513.8	
184.15	5466	
184.37	5509.7	
184.58	3233.7	
184.79	4528.1	
185.01	5075.5	
185.22	5911.8	
185.44	4847.5	
185.65	4054.3	
185.86	5416.2	
186.08	4936.3	
186.29	3207.1	
186.51	3492.5	
186.72	5105.6	
186.94	6141.9	
187.15	4056.3	
187.36	4131.4	
187.58	7968.6	
187.79	5625.1	
188.01	4364.9	
188.22	6832.7	
188.43	6802.7	
188.65	5859.9	
188.86	3407.1	
189.08	4116.4	
189.29	5335.6	
189.5	5301.5	
189.72	3829.7	
189.93	3935.5	
190.15	6126.2	
190.36	7296.9	
190.57	4311.7	
190.79	4054.3	
191	6180.1	
191.22	6115.9	
191.43	4277.5	
191.64	3444	
191.86	6439.5	
192.07	6121.4	
192.29	3596.2	
192.5	3813.3	
192.71	6076.3	
192.93	5211.4	
193.14	3787.4	
193.35	3922.5	
193.57	5290.6	
193.78	6042.9	
194	3092.4	
194.21	3737.5	
194.42	5040.1	
194.64	5590.3	
194.85	4194.2	
195.07	4913.8	
195.28	5572.5	
195.49	4825	
195.71	5164.3	
195.92	3564.1	
196.13	5741.1	
196.35	5837.4	
196.56	5506.3	
196.78	4158.1	
196.99	7289.4	
197.2	6735.1	
197.42	4739.7	
197.63	4209.3	
197.84	4977.9	
198.06	5726.8	
198.27	3870.7	
198.48	5140.4	
198.7	5255.1	
198.91	5367.7	
199.13	4186	
199.34	4197.7	
199.55	5950	
199.77	4798.4	
199.98	3665.9	
200.19	4235.9	
200.41	5459.2	
200.62	5136.3	
200.83	4420.2	
201.05	4709.6	
201.26	5384.1	
201.47	5182	
201.69	3715	
201.9	3576.4	
202.11	5526.8	
202.33	6636.1	
202.54	4021.5	
202.76	4442.7	
202.97	5646.2	
203.18	5641.5	
203.4	4356	
203.61	4291.9	
203.82	5586.2	
204.04	5145.2	
204.25	4199	
204.46	4121.9	
204.68	5559.6	
204.89	5786.2	
205.1	4063.9	
205.32	3523.2	
205.53	5930.9	
205.74	6115.9	
205.96	2984.6	
206.17	4295.3	
206.38	5985.5	
206.6	6040.8	
206.81	4730.8	
207.02	3932.8	
207.24	5778	
207.45	6267.5	
207.66	3958.7	
207.88	3390.1	
208.09	5735.7	
208.3	5526.8	
208.52	3691.8	
208.73	4001	
208.94	5546.6	
209.15	6263.4	
209.37	3980.6	
209.58	4235.9	
209.79	6068.8	
210.01	5302.9	
210.22	3197.6	
210.43	3450.8	
210.65	5502.2	
210.86	6073.6	
211.07	4024.3	
211.29	3701.4	
211.5	5874.3	
211.71	5441.5	
211.93	3635.1	
212.14	3669.3	
212.35	5447.6	
212.56	5742.5	
212.78	4266.6	
212.99	3443.3	
213.2	6595.1	
213.42	5242.1	
213.63	3812.6	
213.84	4091.8	
214.06	4855.1	
214.27	4980	
214.48	3968.3	
214.69	4321.2	
214.91	6273.6	
215.12	6322.8	
215.33	4364.9	
215.55	4777.2	
215.76	6845.7	
215.97	5946.6	
216.18	4161.5	
216.4	3949.8	
216.61	5184.1	
216.82	6005.3	
217.04	3676.8	
217.25	3857.7	
217.46	6231.3	
217.67	5928.2	
217.89	3261	
218.1	3403	
218.31	5664	
218.53	5722.7	
218.74	3829.7	
218.95	3805.8	
219.16	5440.1	
219.38	6428.6	
219.59	3701.4	
219.8	4465.9	
220.01	7157.7	
220.23	5533.6	
220.44	4931.5	
220.65	3638.6	
220.87	5553.4	
221.08	6194.4	
221.29	3418.7	
221.5	4542.4	
221.72	7653.3	
221.93	5268.7	
222.14	4268.6	
222.35	5027.1	
222.57	5542.5	
222.78	5894.7	
222.99	3930.7	
223.2	4343.7	
223.42	5865.4	
223.63	6003.3	
223.84	3004.4	
224.05	3029.6	
224.27	7186.3	
224.48	6569.2	
224.69	4960.9	
224.9	4205.8	
225.12	5707	
225.33	5477	
225.54	3317	
225.75	3755.3	
225.97	5117.9	
226.18	5369.8	
226.39	4088.4	
226.6	3732.8	
226.82	5248.3	
227.03	5124.7	
227.24	4181.3	
227.45	3463.8	
227.67	5845.6	
227.88	6546	
228.09	4718.5	
228.3	4809.3	
228.52	5928.9	
228.73	5458.5	
228.94	3926	
229.15	3489.1	
229.36	5455.1	
229.58	5398.4	
229.79	3974.4	
230	4592.2	
230.21	6615.6	
230.43	5634	
230.64	4178.5	
230.85	4386.7	
231.06	5954.8	
231.28	5978	
231.49	3375.1	
231.7	4083	
231.91	5890	
232.12	5576.6	
232.34	3510.9	
232.55	4129.4	
232.76	6188.3	
232.97	5758.9	
233.18	3687.7	
233.4	4117.1	
233.61	5827.8	
233.82	5255.8	
234.03	3848.1	
234.25	3773.7	
234.46	7800	
234.67	5580	
234.88	4280.9	
235.09	3743	
235.31	5908.4	
235.52	5386.8	
235.73	4166.3	
235.94	3512.9	
236.15	5271.5	
236.37	6808.1	
236.58	3704.1	
236.79	4000.4	
237	5851	
237.21	5031.9	
237.43	4325.3	
237.64	3376.4	
237.85	10206	
238.06	5066	
238.27	4438.6	
238.48	3476.1	
238.7	5924.8	
238.91	5382.7	
239.12	4044.1	
239.33	4072	
239.54	5106.3	
239.76	5444.9	
239.97	3994.2	
240.18	3975.1	
240.39	6987	
240.6	5833.3	
240.82	4190.8	
241.03	3411.2	
241.24	5580.7	
241.45	6414.9	
241.66	3637.9	
241.87	4345.1	
242.09	6244.9	
242.3	6730.3	
242.51	4401.1	
242.72	4029	
242.93	6010.1	
243.14	5472.9	
243.36	4704.2	
243.57	5033.9	
243.78	6426.5	
243.99	5934.3	
244.2	4040.6	
244.41	3686.3	
244.63	5040.1	
244.84	5849	
245.05	4272.7	
245.26	4048.8	
245.47	5784.8	
245.68	6116.6	
245.9	5405.3	
246.11	4210.6	
246.32	5367	
246.53	5782.8	
246.74	6554.9	
246.95	3391.4	
247.16	4954.7	
247.38	5547.3	
247.59	3323.2	
247.8	4009.2	
248.01	5277.6	
248.22	5439.4	
248.43	3632.4	
248.64	3902.7	
248.86	4859.1	
249.07	5298.1	
249.28	3525.9	
249.49	4142.4	
249.7	6092	
249.91	6262.7	
250.12	3376.4	
250.34	3334.1	
250.55	5629.9	
250.76	5566.4	
250.97	4152.6	
251.18	4233.2	
251.39	6343.9	
251.6	5711.8	
251.81	4283.7	
252.03	4211.3	
252.24	5215.5	
252.45	6123.4	
252.66	3484.3	
252.87	4515.8	
253.08	5593.7	
253.29	7390.4	
253.5	3494.5	
253.72	4877.6	
253.93	5304.2	
254.14	6618.4	
254.35	3843.4	
254.56	3931.4	
254.77	5815.5	
254.98	5121.3	
255.19	3717.7	
255.41	4865.3	
255.62	5606	
255.83	6249	
256.04	4322.6	
256.25	4208.6	
256.46	6675	
256.67	5223	
256.88	4151.2	
257.09	4629.8	
257.31	5210	
257.52	5276.9	
257.73	5276.9	
257.94	3779.9	
258.15	5309.7	
258.36	5522	
258.57	4846.2	
258.78	3028.3	
258.99	5996.5	
259.2	5384.8	
259.41	3878.2	
259.63	3946.4	
259.84	6438.8	
260.05	6978.1	
260.26	5094.7	
260.47	3707.5	
260.68	6053.1	
260.89	5469.4	
261.1	4569.7	
261.31	3667.2	
261.52	6169.8	
261.73	6532.3	
261.95	5000.5	
262.16	4392.9	
262.37	6303.6	
262.58	6404.7	
262.79	4942.4	
263	3917.1	
263.21	5447.6	
263.42	5016.2	
263.63	3929.4	
263.84	3914.4	
264.05	6102.9	
264.26	6571.9	
264.47	4871.4	
264.69	4082.3	
264.9	6270.2	
265.11	5789.6	
265.32	3724.6	
265.53	3850.2	
265.74	5694.7	
265.95	4934.2	
266.16	4064.5	
266.37	4538.3	
266.58	5632.6	
266.79	5373.9	
267	3733.4	
267.21	3469.9	
267.42	5076.2	
267.63	5485.1	
267.84	3964.9	
268.06	3420.1	
268.27	5983.5	
268.48	6320	
268.69	3913	
268.9	4676.2	
269.11	6313.9	
269.32	4968.4	
269.53	4092.5	
269.74	3723.2	
269.95	5915.2	
270.16	4889.2	
270.37	4080.9	
270.58	4651.6	
270.79	5367.7	
271	6072.9	
271.21	4280.9	
271.42	4051.6	
271.63	5747.3	
271.84	5188.2	
272.05	3216.7	
272.26	3623.5	
272.47	5554.8	
272.68	5768.4	
272.89	3824.9	
273.11	4505.5	
273.32	5304.9	
273.53	6584.9	
273.74	4412	
273.95	4250.9	
274.16	6238.8	
274.37	5601.9	
274.58	4397	
274.79	3519.8	
275	5615.5	
275.21	6313.2	
275.42	5276.3	
275.63	4611.3	
275.84	5801.9	
276.05	7326.9	
276.26	4286.4	
276.47	3949.2	
276.68	5368.4	
276.89	6537.1	
277.1	4580.6	
277.31	3612.6	
277.52	5834.7	
277.73	5993.7	
277.94	3500	
278.15	3933.5	
278.36	5749.3	
278.57	5185.5	
278.78	3887	
278.99	4407.9	
279.2	5114.5	
279.41	5113.8	
279.62	5114.5	
279.83	3590.1	
280.04	6776.7	
280.25	5053.7	
280.46	5067.4	
280.67	3990.8	
280.88	5123.3	
281.09	6252.4	
281.3	4246.1	
281.51	5417.6	
281.72	5322	
281.93	6108.4	
282.14	3741	
282.35	4020.2	
282.56	6014.9	
282.77	6081.8	
282.98	3880.2	
283.19	4784.1	
283.4	7472.4	
283.61	5487.2	
283.82	3517.7	
284.03	4999.1	
284.24	5631.2	
284.45	6258.6	
284.66	4983.4	
284.87	4824.3	
285.08	6148	
285.29	6324.1	
285.5	3365.5	
285.71	3999	
285.92	6212.2	
286.12	6896.9	
286.33	5025.7	
286.54	3891.8	
286.75	6056.5	
286.96	5382.1	
287.17	3606.5	
287.38	4868	
287.59	5161.6	
287.8	5076.2	
288.01	3985.3	
288.22	4547.9	
288.43	6090.7	
288.64	5082.4	
288.85	4621.6	
289.06	4506.9	
289.27	6008.1	
289.48	6488	
289.69	5048.9	
289.9	4511.7	
290.11	6274.3	
290.32	5197.1	
290.53	4789.5	
290.74	4371	
290.94	6001.9	
291.15	6169.8	
291.36	3785.3	
291.57	4554.7	
291.78	5255.8	
291.99	4928.1	
292.2	3648.8	
292.41	4420.2	
292.62	6120.7	
292.83	5929.6	
293.04	5414.8	
293.25	3594.9	
293.46	5331.5	
293.67	6152.1	
293.88	3796.3	
294.09	3581.9	
294.29	5039.4	
294.5	5699.5	
294.71	4044.7	
294.92	3904.1	
295.13	5314.5	
295.34	6711.2	
295.55	3375.7	
295.76	3474.7	
295.97	5968.5	
296.18	6792.4	
296.39	3551.2	
296.6	3767.6	
296.81	5666.7	
297.01	5941.8	
297.22	3913	
297.43	3721.8	
297.64	5180.7	
297.85	5145.2	
298.06	3063.8	
298.27	3394.2	
298.48	5659.9	
298.69	5180	
298.9	4117.8	
299.11	3676.1	
299.31	5053.7	
299.52	5094	
299.73	4368.3	
299.94	4273.4	
300.15	5517.2	
300.36	5106.3	
300.57	4308.2	
300.78	4261.8	
300.99	5444.2	
301.2	5687.9	
301.4	3760.8	
301.61	4080.2	
301.82	5921.4	
302.03	6014.2	
302.24	4552	
302.45	3584.6	
302.66	5835.3	
302.87	6358.3	
303.08	3757.3	
303.29	5140.4	
303.49	5260.5	
303.7	5631.9	
303.91	3302	
304.12	4960.2	
304.33	5051.7	
304.54	5642.8	
304.75	3782.6	
304.96	3605.8	
305.16	5862.7	
305.37	6682.5	
305.58	3275.4	
305.79	3409.2	
306	5859.2	
306.21	4924	
306.42	3791.5	
306.63	5800.5	
306.83	5463.3	
307.04	6249	
307.25	4161.5	
307.46	4151.9	
307.67	4726.7	
307.88	6096.1	
308.09	3710.9	
308.29	3853.6	
308.5	5727.5	
308.71	6209.4	
308.92	4067.9	
309.13	3627	
309.34	5492.7	
309.55	5434.6	
309.75	4689.2	
309.96	4358.1	
310.17	6014.9	
310.38	5249.6	
310.59	4567	
310.8	4232.5	
311.01	5330.2	
311.21	5430.5	
311.42	3577.8	
311.63	3770.3	
311.84	5255.1	
312.05	5756.8	
312.26	4184.7	
312.46	4608.6	
312.67	5404.6	
312.88	5111	
313.09	3603.7	
313.3	3590.1	
313.51	6367.8	
313.71	6817	
313.92	3658.4	
314.13	3817.4	
314.34	5714.5	
314.55	5500.8	
314.76	4732.2	
314.96	4132.8	
315.17	5604.6	
315.38	5958.2	
315.59	3644.7	
315.8	3496.6	
316.01	6491.4	
316.21	6505.7	
316.42	3512.9	
316.63	4093.2	
316.84	5376.6	
317.05	6277	
317.26	4303.5	
317.46	3898	
317.67	5468.1	
317.88	5973.2	
318.09	4685.8	
318.3	3351.8	
318.5	5257.1	
318.71	5920	
318.92	6008.1	
319.13	4283	
319.34	6091.3	
319.54	6271.6	
319.75	3409.2	
319.96	3207.1	
320.17	5915.9	
320.38	6147.3	
320.58	3319.1	
320.79	3961.5	
321	6114.6	
321.21	6350.1	
321.42	4038.6	
321.62	3336.1	
321.83	5124	
322.04	5560.2	
322.25	3900	
322.46	3639.9	
322.66	5641.5	
322.87	5842.2	
323.08	4585.4	
323.29	3592.8	
323.5	6657.3	
323.7	5086.5	
323.91	5060.5	
324.12	4473.4	
324.33	5585.5	
324.53	5931.6	
324.74	4328.7	
324.95	4510.3	
325.16	4930.1	
325.37	5395	
325.57	3682.9	
325.78	3736.9	
325.99	5606.7	
326.2	5029.1	
326.4	5235.3	
326.61	3395.5	
326.82	5472.2	
327.03	5645.6	
327.24	5227.8	
327.44	4924	
327.65	5864	
327.86	4665.3	
328.07	4272.1	
328.27	3499.3	
328.48	6254.5	
328.69	5117.9	
328.9	5294	
329.1	3916.4	
329.31	5445.5	
329.52	6420.4	
329.73	3644.7	
329.93	4092.5	
330.14	5504.9	
330.35	5849	
330.56	6037.4	
330.76	4541.7	
330.97	5327.4	
331.18	5819	
331.39	4102.8	
331.59	3231.7	
331.8	6199.2	
332.01	6331.6	
332.22	3680.2	
332.42	4347.2	
332.63	5649	
332.84	5227.1	
333.05	4112.3	
333.25	3762.8	
333.46	5286.5	
333.67	5556.1	
333.88	3889.8	
334.08	4286.4	
334.29	7531.7	
334.5	6251.1	
334.7	3525.2	
334.91	5316.5	
335.12	5057.8	
335.33	5950	
335.53	4080.9	
335.74	6078.4	
335.95	5318.6	
336.16	5185.5	
336.36	4088.4	
336.57	4713.1	
336.78	5024.3	
336.98	6208.1	
337.19	5021.6	
337.4	3935.5	
337.61	6744.6	
337.81	5074.2	
338.02	3687.7	
338.23	4909.7	
338.43	6365.1	
338.64	5202.5	
338.85	3691.8	
339.05	4838	
339.26	6445.6	
339.47	4970.4	
339.68	3670	
339.88	5465.3	
340.09	5866.1	
340.3	6044.9	
340.5	4373.1	
340.71	3302.7	
340.92	4998.4	
341.13	6361	
341.33	3582.6	
341.54	4364.2	
341.75	5785.5	
341.95	5433.9	
342.16	4183.3	
342.37	4486.4	
342.57	5121.3	
342.78	5499.5	
342.99	4599.1	
343.19	3338.9	
343.4	6038.1	
343.61	5860.6	
343.81	3880.9	
344.02	3625.6	
344.23	6018.3	
344.43	6452.5	
344.64	4594.3	
344.85	4464.6	
345.06	5868.1	
345.26	6206	
345.47	4283	
345.68	5035.3	
345.88	4859.1	
346.09	6032.6	
346.3	4327.4	
346.5	3254.9	
346.71	5589.6	
346.92	5281	
347.12	3314.3	
347.33	4262.5	
347.54	6111.8	
347.74	6651.8	
347.95	4196.3	
348.16	3131.3	
348.36	5367.7	
348.57	5006.6	
348.78	4151.9	
348.98	4567	
349.19	5492	
349.39	4995	
349.6	3381.2	
349.81	3754.6	
350.01	5821	
350.22	5235.3	
350.43	4043.4	
350.63	4932.2	
350.84	5628.5	
351.05	5401.9	
351.25	3691.1	
351.46	3322.5	
351.67	6195.8	
351.87	5236.7	
352.08	4014	
352.29	4475.5	
352.49	6038.8	
352.7	5692	
352.9	3547.1	
353.11	4513.7	
353.32	6705.7	
353.52	5369.1	
353.73	3470.6	
353.94	4545.1	
354.14	5858.6	
354.35	5670.8	
354.55	3649.5	
354.76	4090.5	
354.97	5855.8	
355.17	5610.1	
355.38	3456.3	
355.59	4825.7	
355.79	5252.4	
356	5704.3	
356.2	4039.3	
356.41	3516.4	
356.62	4932.2	
356.82	5484.5	
357.03	4320.5	
357.24	3918.4	
357.44	5274.9	
357.65	5363.6	
357.85	5177.9	
358.06	4048.2	
358.27	4958.8	
358.47	5171.1	
358.68	3428.3	
358.88	4278.2	
359.09	5808.7	
359.3	6229.9	
359.5	5041.4	
359.71	4482.3	
359.91	6637.5	
360.12	6015.6	
360.33	4321.9	
360.53	4782	
360.74	5214.8	
360.94	5319.9	
361.15	4498.7	
361.36	3675.4	
361.56	6100.2	
361.77	5431.2	
361.97	5070.1	
362.18	3921.2	
362.38	6062	
362.59	5092.6	
362.8	3558.7	
363	3472.7	
363.21	4876.9	
363.41	5610.1	
363.62	4197	
363.83	5291.3	
364.03	5625.1	
364.24	6751.5	
364.44	5324	
364.65	5202.5	
364.85	5403.9	
365.06	5272.2	
365.27	3723.2	
365.47	3833.8	
365.68	6508.4	
365.88	5365.7	
366.09	4227.7	
366.29	3921.2	
366.5	5720.7	
366.71	6152.1	
366.91	5316.5	
367.12	4430.4	
367.32	6703.7	
367.53	5971.9	
367.73	4330.8	
367.94	5364.3	
368.14	5928.9	
368.35	6909.8	
368.56	4378.6	
368.76	4023.6	
368.97	6081.1	
369.17	7818.5	
369.38	3796.3	
369.58	4080.2	
369.79	5033.2	
369.99	6401.3	
370.2	5160.2	
370.4	4268	
370.61	5819	
370.82	7022.5	
371.02	4044.7	
371.23	3372.3	
371.43	4885.1	
371.64	6290	
371.84	4170.3	
372.05	5431.9	
372.25	7709.2	
372.46	6162.3	
372.66	4121.9	
372.87	4069.3	
373.07	6118	
373.28	7872.4	
373.48	5251.7	
373.69	4891.2	
373.9	5583.4	
374.1	5658.5	
374.31	5144.5	
374.51	4677.6	
374.72	6475.7	
374.92	5213.4	
375.13	5351.3	
375.33	4450.9	
375.54	6059.3	
375.74	5383.4	
375.95	4541.7	
376.15	5829.9	
376.36	6025.1	
376.56	5826.5	
376.77	4607.2	
376.97	5137	
377.18	7119.4	
377.38	6059.9	
377.59	5457.2	
377.79	4040.6	
378	5915.2	
378.2	6423.8	
378.41	4182	
378.61	4024.3	
378.82	6419.7	
379.02	5460.6	
379.23	4289.1	
379.43	5483.1	
379.64	6469.5	
379.84	6114.6	
380.05	4137.6	
380.25	4097.3	
380.46	6172.6	
380.66	5753.4	
380.87	5464.7	
381.07	5932.3	
381.28	6802.7	
381.48	6195.1	
381.69	4184.7	
381.89	4201.1	
382.1	5090.6	
382.3	6366.5	
382.51	5326.8	
382.71	6262	
382.91	6221.7	
383.12	6703.7	
383.32	4499.4	
383.53	4752.7	
383.73	6058.6	
383.94	5771.2	
384.14	4657.8	
384.35	3782.6	
384.55	5716.6	
384.76	6245.6	
384.96	4510.3	
385.17	4896.7	
385.37	6172.6	
385.58	5423.7	
385.78	4922	
385.98	3704.1	
386.19	5638.7	
386.39	6029.2	
386.6	4287.8	
386.8	4548.5	
387.01	6187.6	
387.21	6238.8	
387.42	5042.8	
387.62	5631.2	
387.83	5451	
388.03	6234	
388.23	4575.2	
388.44	5499.5	
388.64	5143.1	
388.85	5258.5	
389.05	4960.2	
389.26	5697.4	
389.46	7290.1	
389.67	6599.2	
389.87	5001.1	
390.07	5041.4	
390.28	5852.4	
390.48	5409.4	
390.69	4190.8	
390.89	4420.2	
391.1	5543.2	
391.3	6622.4	
391.5	5707	
391.71	6414.2	
391.91	6277	
392.12	7387.7	
392.32	5836.7	
392.53	4991.6	
392.73	5646.9	
392.93	5934.3	
393.14	4568.3	
393.34	5513.1	
393.55	6365.1	
393.75	5836	
393.95	4626.4	
394.16	4622.3	
394.36	5601.9	
394.57	6341.2	
394.77	4077.5	
394.98	4564.2	
395.18	5541.8	
395.38	5795.1	
395.59	5502.2	
395.79	4405.9	
396	5748.6	
396.2	6240.2	
396.4	5326.1	
396.61	5241.4	
396.81	6537.1	
397.02	5715.9	
397.22	5588.9	
397.42	5629.9	
397.63	6455.9	
397.83	5682.4	
398.04	4315.1	
398.24	4900.8	
398.44	6180.1	
398.65	5306.3	
398.85	4231.8	
399.05	4361.5	
399.26	5627.1	
399.46	7488.1	
399.67	4730.8	
399.87	4461.8	
400.07	5986.2	
400.28	6468.2	
400.48	4593.6	
400.69	5630.5	
400.89	6630	
401.09	7109.9	
401.3	4436.6	
401.5	5636	
401.7	7418.4	
401.91	7641.7	
402.11	4834.6	
402.32	5007.3	
402.52	6633.4	
402.72	6541.9	
402.93	5265.3	
403.13	4045.4	
403.33	7396.6	
403.54	6060.6	
403.74	4908.3	
403.94	5924.8	
404.15	6135.7	
404.35	7353.6	
404.56	4714.4	
404.76	6700.3	
404.96	6632.7	
405.17	6396.5	
405.37	6184.9	
405.57	5238	
405.78	6687.3	
405.98	6099.5	
406.18	4771.8	
406.39	5734.3	
406.59	6662.7	
406.79	6222.4	
407	4521.2	
407.2	4743.8	
407.4	6679.1	
407.61	6896.2	
407.81	4671.4	
408.01	7093.5	
408.22	5560.9	
408.42	7907.9	
408.62	5917.3	
408.83	5373.2	
409.03	6321.4	
409.23	6120.7	
409.44	5474.2	
409.64	5821	
409.84	7330.4	
410.05	7296.2	
410.25	5636	
410.45	5347.2	
410.66	6716	
410.86	9358.5	
411.06	5844.2	
411.27	5690.6	
411.47	9149.6	
411.67	6886.6	
411.88	5962.3	
412.08	6267.5	
412.28	7671	
412.49	8139.3	
412.69	5724.8	
412.89	5779.4	
413.09	7991.9	
413.3	7837.6	
413.5	5883.8	
413.7	5466	
413.91	6975.4	
414.11	7959.8	
414.31	5723.4	
414.52	6247	
414.72	7632.8	
414.92	7541.3	
415.12	5668.8	
415.33	6328.9	
415.53	7924.3	
415.73	8147.5	
415.94	6713.9	
416.14	6009.4	
416.34	6881.2	
416.55	6642.2	
416.75	7311.9	
416.95	6744.6	
417.15	7993.9	
417.36	8768.7	
417.56	7542	
417.76	6552.1	
417.97	8367.3	
418.17	8065.6	
418.37	6062	
418.57	6234.7	
418.78	7831.4	
418.98	7343.3	
419.18	7100.3	
419.38	7010.2	
419.59	7423.9	
419.79	6993.8	
419.99	6032.6	
420.2	6421.7	
420.4	8063.5	
420.6	8198	
420.8	5969.8	
421.01	5796.4	
421.21	7794.6	
421.41	8069	
421.61	6400.6	
421.82	5982.1	
422.02	7296.9	
422.22	8367.3	
422.42	6854.6	
422.63	6414.2	
422.83	7466.2	
423.03	8688.2	
423.23	6576.7	
423.44	5518.6	
423.64	7532.4	
423.84	7222.5	
424.04	5896.8	
424.25	5528.8	
424.45	8525	
424.65	8441	
424.85	5302.9	
425.06	5984.8	
425.26	8390.5	
425.46	7267.6	
425.66	6447.7	
425.87	6137.8	
426.07	8212.4	
426.27	8113.4	
426.47	6355.5	
426.67	5653.1	
426.88	8563.9	
427.08	7907.2	
427.28	6589.7	
427.48	5481.7	
427.69	6744.6	
427.89	7439.6	
428.09	6559.6	
428.29	5614.2	
428.5	8288.1	
428.7	7733.1	
428.9	5524.7	
429.1	6103.6	
429.3	7602.7	
429.51	8113.4	
429.71	5889.3	
429.91	6711.9	
430.11	7905.8	
430.31	8191.2	
430.52	6256.5	
430.72	6587.6	
430.92	8663.6	
431.12	7970.7	
431.32	5815.5	
431.53	6297.5	
431.73	6896.2	
431.93	8701.8	
432.13	5769.1	
432.33	5644.2	
432.54	7348.1	
432.74	7808.2	
432.94	5593.7	
433.14	6754.9	
433.34	7871.7	
433.55	7489.4	
433.75	6698.9	
433.95	8671.1	
434.15	7766.6	
434.35	7460.1	
434.56	5909.1	
434.76	5358.9	
434.96	7778.9	
435.16	8135.9	
435.36	5652.4	
435.56	6974	
435.77	7416.4	
435.97	7534.5	
436.17	7682.6	
436.37	6861.4	
436.57	7449.8	
436.78	7250.5	
436.98	8760.5	
437.18	7475.1	
437.38	8144.1	
437.58	7528.3	
437.78	7690.1	
437.99	6208.8	
438.19	8127.7	
438.39	8987.9	
438.59	6106.4	
438.79	5571.2	
438.99	8895.7	
439.2	7574.8	
439.4	5707.7	
439.6	5705.6	
439.8	8002.8	
440	9202.9	
440.2	6909.8	
440.4	6946	
440.61	8417.2	
440.81	8983.1	
441.01	6120	
441.21	7025.2	
441.41	8871.1	
441.61	8383	
441.81	7321.5	
442.02	8355.7	
442.22	9327.1	
442.42	8501.8	
442.62	6039.5	
442.82	6106.4	
443.02	8873.8	
443.22	7889.5	
443.43	6593.8	
443.63	6160.3	
443.83	7748.8	
444.03	7815	
444.23	7468.9	
444.43	7029.3	
444.63	8138.6	
444.83	9398.8	
445.04	6303.6	
445.24	7610.9	
445.44	8425.3	
445.64	8534.6	
445.84	7016.3	
446.04	7113.3	
446.24	7679.9	
446.44	8868.4	
446.65	6175.3	
446.85	6674.3	
447.05	7845.1	
447.25	8809	
447.45	6639.5	
447.65	6042.9	
447.85	8064.2	
448.05	7705.1	
448.25	7086	
448.46	6979.5	
448.66	8236.2	
448.86	7778.9	
449.06	5921.4	
449.26	7224.6	
449.46	8535.9	
449.66	7480.5	
449.86	6605.4	
450.06	6644.3	
450.26	7690.1	
450.47	8331.8	
450.67	6914.6	
450.87	7264.1	
451.07	8280.6	
451.27	8142.7	
451.47	6169.2	
451.67	6798.6	
451.87	7896.3	
452.07	9027.4	
452.27	6454.5	
452.47	6389	
452.67	8200.7	
452.88	8774.2	
453.08	5692.7	
453.28	7866.9	
453.48	9426.8	
453.68	8074.5	
453.88	6250.4	
454.08	6574.7	
454.28	8564.6	
454.48	8254	
454.68	7264.1	
454.88	7807.5	
455.08	8643.8	
455.28	8464.3	
455.48	6191.7	
455.68	6918.7	
455.89	9224.1	
456.09	8904.6	
456.29	6681.2	
456.49	6738.5	
456.69	9112.8	
456.89	8276.5	
457.09	7357	
457.29	7716.1	
457.49	8698.4	
457.69	8828.1	
457.89	7202	
458.09	6539.8	
458.29	8432.2	
458.49	9244.5	
458.69	7576.8	
458.89	6984.9	
459.09	9502.6	
459.29	9662.3	
459.49	7140.6	
459.69	7968.6	
459.9	8985.8	
460.1	8626	
460.3	6961	
460.5	6723.5	
460.7	8976.2	
460.9	8712.1	
461.1	6435.4	
461.3	7821.9	
461.5	9695.1	
461.7	9342.2	
461.9	7033.4	
462.1	7477.1	
462.3	8810.4	
462.5	9555.8	
462.7	6978.1	
462.9	7081.9	
463.1	10595	
463.3	10183	
463.5	7240.3	
463.7	8447.9	
463.9	9094.3	
464.1	9389.3	
464.3	7552.2	
464.5	7849.9	
464.7	9815.2	
464.9	9486.9	
465.1	9303.9	
465.3	8172.1	
465.5	10191	
465.7	10115	
465.9	8441	
466.1	8275.8	
466.3	9936.1	
466.5	9795.4	
466.7	9211.1	
466.9	8021.9	
467.1	9730.6	
467.3	10856	
467.5	9222.7	
467.7	7995.3	
467.9	10989	
468.1	11906	
468.3	8828.1	
468.5	9448.6	
468.7	9806.4	
468.9	9691.7	
469.1	8406.9	
469.3	9153.7	
469.5	11857	
469.7	9305.3	
469.9	8800.1	
470.1	8131.1	
470.3	9760.6	
470.5	9722.4	
470.7	9403.6	
470.9	8137.3	
471.1	9579	
471.3	9933.3	
471.5	7881.3	
471.69	10010	
471.89	9315.5	
472.09	8927.8	
472.29	8806.9	
472.49	9155.1	
472.69	9184.5	
472.89	10045	
473.09	7783.6	
473.29	7911.3	
473.49	9273.9	
473.69	9503.3	
473.89	8922.3	
474.09	8168.7	
474.29	10669	
474.49	10478	
474.69	8941.4	
474.89	8243.8	
475.09	9516.9	
475.29	9427.5	
475.49	7586.4	
475.69	7926.3	
475.88	11109	
476.08	9697.1	
476.28	7514	
476.48	7942	
476.68	10114	
476.88	10047	
477.08	7855.3	
477.28	8142.7	
477.48	9484.8	
477.68	10257	
477.88	7574.8	
478.08	8034.9	
478.28	10530	
478.48	9536	
478.67	7968.6	
478.87	7327.6	
479.07	10339	
479.27	9731.3	
479.47	8214.4	
479.67	8332.5	
479.87	10096	
480.07	10699	
480.27	7486	
480.47	9196.1	
480.67	9710.1	
480.87	10348	
481.06	7739.3	
481.26	8695	
481.46	9645.9	
481.66	9606.3	
481.86	8221.2	
482.06	9394.7	
482.26	9306.7	
482.46	10456	
482.66	8218.5	
482.86	7748.8	
483.05	9815.9	
483.25	9135.3	
483.45	10797	
483.65	8178.2	
483.85	9392	
484.05	9716.9	
484.25	8702.5	
484.45	9239.8	
484.65	10576	
484.84	10572	
485.04	8204.2	
485.24	8085.4	
485.44	10875	
485.64	9149.6	
485.84	7408.9	
486.04	9039.1	
486.24	9443.9	
486.44	10012	
486.63	7421.8	
486.83	8270.4	
487.03	9370.1	
487.23	9767.4	
487.43	7518.8	
487.63	10148	
487.83	9767.4	
488.02	10969	
488.22	8779.6	
488.42	9371.5	
488.62	10658	
488.82	9627.5	
489.02	8301.8	
489.22	8359.1	
489.41	10593	
489.61	10291	
489.81	7933.1	
490.01	7996	
490.21	10453	
490.41	11184	
490.61	8017.1	
490.8	8179.6	
491	9932.6	
491.2	9181	
491.4	8765.3	
491.6	7802.8	
491.8	9862.3	
491.99	10118	
492.19	7654.6	
492.39	8116.1	
492.59	10495	
492.79	10611	
492.99	8969.4	
493.18	8057.4	
493.38	10613	
493.58	11640	
493.78	8844.5	
493.98	8452.6	
494.18	10355	
494.37	9873.9	
494.57	9204.3	
494.77	9123	
494.97	10642	
495.17	11033	
495.37	8679.3	
495.56	8942.1	
495.76	11241	
495.96	10804	
496.16	10066	
496.36	8876.6	
496.55	11118	
496.75	10641	
496.95	9223.4	
497.15	9121.7	
497.35	10976	
497.54	10918	
497.74	8886.8	
497.94	10733	
498.14	11780	
498.34	11644	
498.53	8725	
498.73	9551.7	
498.93	10454	
499.13	11000	
499.33	9290.3	
499.52	9766.1	
499.72	11013	
499.92	11394	
500.12	8888.9	
500.32	9176.3	
500.51	11358	
500.71	11183	
500.91	10134	
501.11	9688.3	
501.31	11225	
501.5	11529	
501.7	10380	
501.9	9161.2	
502.1	10985	
502.29	11277	
502.49	9676.7	
502.69	10247	
502.89	11198	
503.09	11201	
503.28	8611	
503.48	8767.4	
503.68	10312	
503.88	10382	
504.07	9744.2	
504.27	9210.4	
504.47	10654	
504.67	10886	
504.86	9625.5	
505.06	9374.2	
505.26	10337	
505.46	12148	
505.65	9176.3	
505.85	9358.5	
506.05	10172	
506.25	10714	
506.44	8393.9	
506.64	9412.5	
506.84	10079	
507.04	11024	
507.23	8703.9	
507.43	9181	
507.63	12212	
507.83	10370	
508.02	9222.7	
508.22	8789.9	
508.42	12394	
508.62	10079	
508.81	9381.7	
509.01	9544.2	
509.21	9778.4	
509.4	10143	
509.6	9198.1	
509.8	8511.4	
510	10200	
510.19	11769	
510.39	8470.4	
510.59	8572.1	
510.79	9914.2	
510.98	11448	
511.18	8657.4	
511.38	8834.9	
511.57	10690	
511.77	10700	
511.97	9493	
512.17	8451.3	
512.36	10849	
512.56	10770	
512.76	8404.9	
512.95	8194.6	
513.15	10968	
513.35	9511.4	
513.55	9359.9	
513.74	8521.6	
513.94	10940	
514.14	10290	
514.33	9573.6	
514.53	9273.2	
514.73	10206	
514.92	10443	
515.12	8910.7	
515.32	8615.1	
515.51	10541	
515.71	11128	
515.91	10423	
516.11	8662.9	
516.3	12496	
516.5	10053	
516.7	9282.8	
516.89	9883.5	
517.09	10253	
517.29	10125	
517.48	9597.5	
517.68	8865.7	
517.88	9953.1	
518.07	10662	
518.27	9497.8	
518.47	8513.4	
518.66	11237	
518.86	9742.2	
519.06	8241	
519.25	8774.2	
519.45	10143	
519.65	11778	
519.84	9490.3	
520.04	10216	
520.24	12144	
520.43	10789	
520.63	9093	
520.83	8786.5	
521.02	9869.2	
521.22	10584	
521.42	9327.8	
521.61	9942.2	
521.81	10045	
522.01	10305	
522.2	9269.8	
522.4	8979.7	
522.6	11007	
522.79	9695.8	
522.99	9077.3	
523.18	8301.8	
523.38	10699	
523.58	10618	
523.77	10460	
523.97	8339.3	
524.17	12754	
524.36	11891	
524.56	9944.3	
524.76	9539.4	
524.95	10720	
525.15	10386	
525.34	9314.8	
525.54	9370.8	
525.74	11247	
525.93	10145	
526.13	10644	
526.33	9263	
526.52	11525	
526.72	10963	
526.91	10594	
527.11	9811.8	
527.31	11638	
527.5	12101	
527.7	9628.9	
527.89	8634.2	
528.09	10482	
528.29	11103	
528.48	10195	
528.68	9760.6	
528.87	11424	
529.07	11493	
529.27	9624.1	
529.46	9156.5	
529.66	10895	
529.85	11420	
530.05	8891.6	
530.25	9801.6	
530.44	12538	
530.64	11001	
530.83	9329.2	
531.03	9671.9	
531.23	11348	
531.42	11276	
531.62	10542	
531.81	9680.7	
532.01	11553	
532.21	12175	
532.4	9394	
532.6	9834.3	
532.79	12467	
532.99	11654	
533.18	9802.9	
533.38	10971	
533.58	11139	
533.77	12140	
533.97	9783.1	
534.16	10686	
534.36	12212	
534.55	11188	
534.75	10859	
534.95	9861.7	
535.14	12108	
535.34	11232	
535.53	9445.9	
535.73	11517	
535.92	12679	
536.12	11357	
536.31	9488.9	
536.51	10806	
536.71	11634	
536.9	11197	
537.1	9747.6	
537.29	9919	
537.49	12071	
537.68	11118	
537.88	10301	
538.07	9423.4	
538.27	11320	
538.46	12557	
538.66	9275.9	
538.86	9813.2	
539.05	11316	
539.25	11908	
539.44	10086	
539.64	9738.1	
539.83	11234	
540.03	12319	
540.22	9507.4	
540.42	9656.2	
540.61	11437	
540.81	11597	
541	10046	
541.2	10883	
541.39	10927	
541.59	11347	
541.78	10465	
541.98	9510.8	
542.18	10517	
542.37	10574	
542.57	9812.5	
542.76	10370	
542.96	10576	
543.15	11406	
543.35	9734.7	
543.54	9068.4	
543.74	11678	
543.93	11187	
544.13	9721.7	
544.32	10785	
544.52	11417	
544.71	10580	
544.91	8717.5	
545.1	10089	
545.3	10656	
545.49	11385	
545.69	8666.3	
545.88	9323	
546.08	12353	
546.27	11969	
546.47	9897.8	
546.66	9130.5	
546.86	11458	
547.05	12183	
547.24	9346.2	
547.44	9166	
547.63	10337	
547.83	11635	
548.02	9638.4	
548.22	9755.2	
548.41	10157	
548.61	11587	
548.8	8968.7	
549	9039.7	
549.19	10931	
549.39	11136	
549.58	8658.1	
549.78	9343.5	
549.97	11256	
550.17	10645	
550.36	10167	
550.55	11284	
550.75	10670	
550.94	11662	
551.14	8875.9	
551.33	9291	
551.53	9977	
551.72	11159	
551.92	9358.5	
552.11	9002.9	
552.31	11006	
552.5	11245	
552.69	10831	
552.89	8630.8	
553.08	10965	
553.28	10682	
553.47	9023.4	
553.67	10327	
553.86	11733	
554.06	9992	
554.25	8187.1	
554.44	8875.9	
554.64	12517	
554.83	12036	
555.03	8842.4	
555.22	9187.9	
555.42	11314	
555.61	10914	
555.8	9021.3	
556	9358.5	
556.19	9906	
556.39	11343	
556.58	9117.6	
556.78	8951	
556.97	10742	
557.16	10434	
557.36	10380	
557.55	8627.4	
557.75	9550.4	
557.94	11609	
558.13	8726.4	
558.33	8533.9	
558.52	11358	
558.72	10231	
558.91	8550.3	
559.1	8820.6	
559.3	9824.1	
559.49	9424.8	
559.69	8064.9	
559.88	9161.9	
560.07	10729	
560.27	11129	
560.46	9288.2	
560.66	9549	
560.85	10474	
561.04	9505.3	
561.24	8505.2	
561.43	8689.5	
561.63	9833.7	
561.82	10134	
562.01	10061	
562.21	9043.8	
562.4	10688	
562.59	11608	
562.79	8924.4	
562.98	8520.9	
563.18	10520	
563.37	12105	
563.56	9527.8	
563.76	8424	
563.95	9884.2	
564.14	9866.4	
564.34	8802.9	
564.53	8684.8	
564.73	10466	
564.92	10905	
565.11	9045.2	
565.31	8314.8	
565.5	11075	
565.69	9979.8	
565.89	8570.7	
566.08	8876.6	
566.27	10985	
566.47	11417	
566.66	9566.1	
566.85	8122.2	
567.05	10439	
567.24	9864.4	
567.44	8492.9	
567.63	9946.3	
567.82	10706	
568.02	10484	
568.21	8460.2	
568.4	8804.9	
568.6	10298	
568.79	10290	
568.98	8277.2	
569.18	8494.3	
569.37	10256	
569.56	12420	
569.76	8850.6	
569.95	9880.1	
570.14	10721	
570.34	10595	
570.53	8254.7	
570.72	8292.9	
570.91	11127	
571.11	10135	
571.3	8655.4	
571.49	9658.2	
571.69	10165	
571.88	9686.9	
572.07	9315.5	
572.27	9292.3	
572.46	9740.8	
572.65	10976	
572.85	8475.2	
573.04	8862.2	
573.23	11131	
573.43	10312	
573.62	8178.2	
573.81	8948.3	
574	10329	
574.2	10066	
574.39	8658.1	
574.58	8822.6	
574.78	11220	
574.97	10389	
575.16	9119.6	
575.36	9355.1	
575.55	10854	
575.74	11028	
575.93	8219.2	
576.13	9399.5	
576.32	10166	
576.51	10908	
576.71	8684.8	
576.9	10191	
577.09	11159	
577.28	10641	
577.48	9232.9	
577.67	8118.1	
577.86	10219	
578.05	10614	
578.25	8807.6	
578.44	8817.2	
578.63	10367	
578.83	11603	
579.02	8153	
579.21	9900.6	
579.4	10624	
579.6	10279	
579.79	9152.4	
579.98	11374	
580.17	11011	
580.37	11125	
580.56	8444.5	
580.75	9298.5	
580.94	11565	
581.14	11383	
581.33	9754.5	
581.52	8646.5	
581.71	10830	
581.91	11637	
582.1	8434.2	
582.29	9017.9	
582.48	10562	
582.68	10524	
582.87	9544.9	
583.06	9068.4	
583.25	10905	
583.45	10347	
583.64	9858.9	
583.83	10667	
584.02	10391	
584.21	10894	
584.41	9827.5	
584.6	9069.1	
584.79	10532	
584.98	11413	
585.18	8480	
585.37	8518.9	
585.56	10018	
585.75	10882	
585.94	8787.8	
586.14	9537.4	
586.33	11574	
586.52	10443	
586.71	9217.9	
586.91	8900.5	
587.1	9783.8	
587.29	10842	
587.48	8727.1	
587.67	8654	
587.87	10757	
588.06	10770	
588.25	10050	
588.44	9268.4	
588.63	10188	
588.83	10753	
589.02	8474.5	
589.21	8413.1	
589.4	9802.9	
589.59	9571.5	
589.78	7408.2	
589.98	7697.6	
590.17	9155.8	
590.36	9783.1	
590.55	6948.1	
590.74	7862.8	
590.94	11142	
591.13	9465.7	
591.32	7559.1	
591.51	7086.7	
591.7	10042	
591.89	9528.5	
592.09	7223.2	
592.28	7796.6	
592.47	8753	
592.66	10712	
592.85	7258	
593.05	7550.9	
593.24	9394	
593.43	10144	
593.62	7678.5	
593.81	8155.7	
594	9480	
594.19	9681.4	
594.39	7619.1	
594.58	7632.8	
594.77	9778.4	
594.96	10436	
595.15	7410.9	
595.34	8103.1	
595.54	9929.9	
595.73	8786.5	
595.92	6783.6	
596.11	7998.7	
596.3	10316	
596.49	8918.9	
596.68	7758.4	
596.88	8320.2	
597.07	10067	
597.26	8798.8	
597.45	7297.6	
597.64	8626.7	
597.83	9080	
598.02	9786.6	
598.22	7434.8	
598.41	8112	
598.6	9529.9	
598.79	8967.4	
598.98	7476.5	
599.17	8472.4	
599.36	9603.6	
599.55	10860	
599.74	9731.3	
599.94	9422.7	
600.13	10156	
600.32	8936	
600.51	7290.1	
600.7	7386.3	
600.89	10929	
601.08	10838	
601.27	7264.8	
601.47	8327.7	
601.66	10113	
601.85	10786	
602.04	7981.6	
602.23	8239.7	
602.42	9162.6	
602.61	9851.4	
602.8	7920.2	
602.99	7645.1	
603.18	9536.7	
603.37	9794.8	
603.57	8260.8	
603.76	8879.3	
603.95	10604	
604.14	10133	
604.33	7820.5	
604.52	8092.2	
604.71	9793.4	
604.9	9332.6	
605.09	8803.5	
605.28	8517.5	
605.47	10368	
605.66	10153	
605.86	8435.6	
606.05	7686.7	
606.24	10401	
606.43	8847.2	
606.62	8084	
606.81	8954.4	
607	10282	
607.19	9423.4	
607.38	7472.4	
607.57	7768.6	
607.76	9174.9	
607.95	8684.8	
608.14	8106.5	
608.33	8855.4	
608.52	9247.9	
608.72	10206	
608.91	7353.6	
609.1	7247.1	
609.29	9347.6	
609.48	8826.7	
609.67	8289.5	
609.86	7303.1	
610.05	8998.1	
610.24	9217.2	
610.43	7184.3	
610.62	6780.1	
610.81	10548	
611	10233	
611.19	7408.2	
611.38	8092.9	
611.57	9516.2	
611.76	11084	
611.95	7064.1	
612.14	6914.6	
612.33	9349	
612.52	8852	
612.71	7709.2	
612.9	6781.5	
613.09	8409.6	
613.28	10968	
613.47	7422.5	
613.66	8415.1	
613.85	9510.1	
614.04	8955.1	
614.24	7441	
614.43	6595.8	
614.62	9637.7	
614.81	9568.8	
615	8062.9	
615.19	8185.7	
615.38	8847.2	
615.57	9288.2	
615.76	8000	
615.95	8893	
616.14	9670.5	
616.33	9230.2	
616.52	8337.3	
616.71	8607.6	
616.9	9585.2	
617.09	9460.9	
617.28	7559.7	
617.47	8948.9	
617.66	8702.5	
617.85	8748.9	
618.04	8639	
618.22	7938.6	
618.41	9058.8	
618.6	10022	
618.79	7888.8	
618.98	7531.7	
619.17	10472	
619.36	8598.7	
619.55	7724.3	
619.74	7828.7	
619.93	9618.6	
620.12	8998.8	
620.31	8428.1	
620.5	8618.5	
620.69	10285	
620.88	10663	
621.07	9226.8	
621.26	8350.9	
621.45	9744.2	
621.64	9820	
621.83	8411	
622.02	7524.9	
622.21	9849.4	
622.4	9510.8	
622.59	8901.2	
622.78	8735.3	
622.97	9151	
623.16	10220	
623.35	8285.4	
623.54	7438.2	
623.72	9361.3	
623.91	9540.8	
624.1	8574.2	
624.29	7166.5	
624.48	10555	
624.67	9900.6	
624.86	8439.7	
625.05	7385	
625.24	10780	
625.43	9060.2	
625.62	10264	
625.81	7591.8	
626	10098	
626.19	9368.1	
626.38	8536.6	
626.56	7797.3	
626.75	9095.7	
626.94	9904	
627.13	8467.7	
627.32	7017.7	
627.51	9815.2	
627.7	11216	
627.89	7103.7	
628.08	8273.8	
628.27	8841.1	
628.46	9108	
628.65	7415	
628.83	7050.5	
629.02	9763.3	
629.21	9007.6	
629.4	7890.1	
629.59	8127	
629.78	8894.3	
629.97	9912.9	
630.16	8170	
630.35	7630.7	
630.54	10287	
630.72	10094	
630.91	7577.5	
631.1	8260.8	
631.29	9590.6	
631.48	9761.3	
631.67	8307.2	
631.86	7716.1	
632.05	9083.4	
632.24	9166.7	
632.42	7288	
632.61	8040.3	
632.8	9207.7	
632.99	8941.4	
633.18	8077.2	
633.37	8484.7	
633.56	9481.4	
633.75	9355.1	
633.93	8038.3	
634.12	7684.7	
634.31	10364	
634.5	9996.8	
634.69	7757.7	
634.88	8262.9	
635.07	9230.2	
635.25	9930.6	
635.44	8710	
635.63	8938	
635.82	9062.3	
636.01	8643.8	
636.2	8605.6	
636.39	8184.4	
636.57	10284	
636.76	10037	
636.95	7606.2	
637.14	9076.6	
637.33	9577.7	
637.52	10687	
637.7	7342.7	
637.89	8214.4	
638.08	9142.8	
638.27	10759	
638.46	8394.6	
638.65	8860.9	
638.83	10757	
639.02	8954.4	
639.21	8262.9	
639.4	8819.2	
639.59	9458.2	
639.78	9009	
639.96	7541.3	
640.15	7574.8	
640.34	9331.9	
640.53	9395.4	
640.72	7141.3	
640.91	7612.3	
641.09	8692.3	
641.28	10092	
641.47	7571.3	
641.66	8421.9	
641.85	9422.7	
642.03	9765.4	
642.22	8281.3	
642.41	7636.2	
642.6	8758.5	
642.79	8204.8	
642.97	7352.9	
643.16	8171.4	
643.35	8702.5	
643.54	8542.8	
643.73	7212.3	
643.91	8109.3	
644.1	8325	
644.29	9015.8	
644.48	7337.9	
644.67	7355.6	
644.85	8551.6	
645.04	8818.6	
645.23	6761.7	
645.42	7066.9	
645.6	8298.4	
645.79	9512.1	
645.98	6980.2	
646.17	5985.5	
646.36	7945.4	
646.54	8524.3	
646.73	7858.7	
646.92	6519.4	
647.11	8084.7	
647.29	9267.1	
647.48	6673.6	
647.67	6382.2	
647.86	9542.9	
648.05	9556.5	
648.23	7040.2	
648.42	8350.9	
648.61	8938.7	
648.8	8652	
648.98	6669.6	
649.17	7013.6	
649.36	8234.9	
649.55	7589.8	
649.73	6692.1	
649.92	7479.9	
650.11	8087.4	
650.3	8471.1	
650.48	6821.1	
650.67	6446.3	
650.86	8696.4	
651.05	7669	
651.23	6755.6	
651.42	6756.9	
651.61	8097	
651.79	8341.4	
651.98	7006.1	
652.17	6533.7	
652.36	8632.2	
652.54	7613	
652.73	6552.1	
652.92	6449.1	
653.11	8656.1	
653.29	8697	
653.48	5867.4	
653.67	6971.3	
653.85	8354.3	
654.04	9568.8	
654.23	7120.8	
654.42	6548.7	
654.6	7828	
654.79	8494.3	
654.98	5956.2	
655.16	6584.9	
655.35	7420.5	
655.54	7414.3	
655.73	6148	
655.91	6037.4	
656.1	8656.1	
656.29	7326.3	
656.47	5691.3	
656.66	7489.4	
656.85	7731.1	
657.03	7719.5	
657.22	6251.1	
657.41	6361	
657.59	7779.6	
657.78	7583.6	
657.97	5963.7	
658.16	6795.8	
658.34	8528.4	
658.53	8974.9	
658.72	7764.5	
658.9	8322.9	
659.09	7953.6	
659.28	8103.8	
659.46	6505.7	
659.65	6382.8	
659.84	7752.9	
660.02	8203.5	
660.21	6292	
660.4	6233.3	
660.58	8733.9	
660.77	8038.3	
660.96	6997.2	
661.14	5853.1	
661.33	9351.7	
661.52	9222.7	
661.7	5835.3	
661.89	9963.4	
662.08	7670.3	
662.26	7239.6	
662.45	6103.6	
662.64	6291.4	
662.82	8430.8	
663.01	7515.4	
663.2	6277.7	
663.38	7198.6	
663.57	8262.2	
663.75	8192.6	
663.94	6605.4	
664.13	7907.9	
664.31	7569.3	
664.5	8341.4	
664.69	6838.2	
664.87	7585	
665.06	7334.5	
665.25	8183.7	
665.43	7750.2	
665.62	7870.3	
665.8	8529.1	
665.99	7791.8	
666.18	6676.4	
666.36	6822.5	
666.55	8557.1	
666.74	8393.9	
666.92	6248.4	
667.11	7972.1	
667.29	7881.3	
667.48	8475.9	
667.67	7624.6	
667.85	6632.7	
668.04	7829.4	
668.22	7846.5	
668.41	6716.7	
668.6	6943.3	
668.78	7609.6	
668.97	7930.4	
669.15	7107.1	
669.34	5937.1	
669.53	7586.4	
669.71	7986.4	
669.9	6149.4	
670.08	6965.1	
670.27	7589.1	
670.46	8271.1	
670.64	7060	
670.83	7376.1	
671.01	7362.4	
671.2	8151.6	
671.38	6242.2	
671.57	6183.5	
671.76	8746.9	
671.94	9369.5	
672.13	6037.4	
672.31	7283.3	
672.5	8344.8	
672.69	7634.8	
672.87	6254.5	
673.06	6561	
673.24	8187.1	
673.43	7627.3	
673.61	7104.4	
673.8	6563.7	
673.98	8425.3	
674.17	8569.4	
674.36	7258	
674.54	7033.4	
674.73	8117.5	
674.91	8369.4	
675.1	6634.1	
675.28	6279.1	
675.47	7851.2	
675.65	8365.3	
675.84	6604	
676.03	6920.8	
676.21	7630	
676.4	7077.1	
676.58	7317.4	
676.77	7139.9	
676.95	9200.2	
677.14	7524.9	
677.32	6266.8	
677.51	5920	
677.69	8385.7	
677.88	7167.9	
678.06	6113.9	
678.25	6245.6	
678.44	7866.9	
678.62	7603.4	
678.81	5864	
678.99	6927.6	
679.18	8753	
679.36	8221.9	
679.55	6394.4	
679.73	7234.1	
679.92	8160.5	
680.1	7583.6	
680.29	7796.6	
680.47	6489.3	
680.66	7535.2	
680.84	8389.2	
681.03	5732.3	
681.21	6931	
681.4	7600	
681.58	7391.8	
681.77	6166.4	
681.95	6122.1	
682.14	8512.7	
682.32	8779	
682.51	7152.2	
682.69	5849.7	
682.88	7464.2	
683.06	8130.4	
683.25	6854.6	
683.43	7221.1	
683.62	7683.3	
683.8	8133.8	
683.99	7306.5	
684.17	6489.3	
684.36	8986.5	
684.54	7488.7	
684.73	5560.2	
684.91	5836.7	
685.1	7746.8	
685.28	7208.2	
685.46	6334.4	
685.65	6351.4	
685.83	7957.7	
686.02	7272.3	
686.2	5750.7	
686.39	6063.4	
686.57	7049.8	
686.76	8712.1	
686.94	5820.3	
687.13	6049	
687.31	7913.4	
687.5	7383.6	
687.68	5411.4	
687.86	6846.4	
688.05	9060.2	
688.23	6743.3	
688.42	6871.6	
688.6	5925.5	
688.79	7283.9	
688.97	7260	
689.16	6351.4	
689.34	5292.6	
689.52	8118.1	
689.71	8298.4	
689.89	6617.7	
690.08	5922.7	
690.26	7579.5	
690.45	7330.4	
690.63	6842.3	
690.81	5981.4	
691	7073.7	
691.18	7171.3	
691.37	6139.1	
691.55	8508.6	
691.74	7096.2	
691.92	9228.1	
692.1	6164.4	
692.29	5520.6	
692.47	7325.6	
692.66	6569.2	
692.84	5829.2	
693.02	6470.2	
693.21	6725.5	
693.39	7324.2	
693.58	6536.4	
693.76	5889.3	
693.94	8600.1	
694.13	8398.7	
694.31	5919.3	
694.5	7123.5	
694.68	7154.9	
694.86	7510.6	
695.05	6344.6	
695.23	6467.5	
695.42	7920.9	
695.6	10468	
695.78	7040.9	
695.97	5983.5	
696.15	7958.4	
696.34	7296.2	
696.52	5739.8	
696.7	6588.3	
696.89	7649.8	
697.07	6959	
697.25	6448.4	
697.44	8142.7	
697.62	7526.3	
697.81	7947.5	
697.99	6147.3	
698.17	6648.4	
698.36	6836.8	
698.54	7584.3	
698.72	6402	
698.91	5447.6	
699.09	7173.4	
699.28	7049.1	
699.46	6179.4	
699.64	5897.5	
699.83	6877.8	
700.01	8307.9	
700.19	6848.4	
700.38	5208	
700.56	8349.6	
700.74	7047.7	
700.93	5670.8	
701.11	6510.5	
701.29	7653.3	
701.48	8856.1	
701.66	5842.9	
701.84	5936.4	
702.03	7190.4	
702.21	7847.8	
702.39	5414.1	
702.58	6066.8	
702.76	7596.6	
702.94	7769.3	
703.13	5387.5	
703.31	8017.8	
703.49	6877.8	
703.68	7875.8	
703.86	5562.3	
704.04	6696.9	
704.23	7438.9	
704.41	7906.5	
704.59	5788.2	
704.78	7174	
704.96	8607.6	
705.14	7867.6	
705.33	5467.4	
705.51	6449.7	
705.69	7372	
705.87	8153.6	
706.06	6819.7	
706.24	5529.5	
706.42	7563.1	
706.61	7901.1	
706.79	6767.9	
706.97	5546.6	
707.16	7039.6	
707.34	7607.5	
707.52	6767.2	
707.7	5804.6	
707.89	7273	
708.07	6832	
708.25	6684.6	
708.44	6814.3	
708.62	7109.2	
708.8	8348.9	
708.98	7004.1	
709.17	5802.6	
709.35	7582.9	
709.53	7529.7	
709.72	5517.9	
709.9	5746.6	
710.08	7731.8	
710.26	7862.2	
710.45	7322.2	
710.63	5964.4	
710.81	7445.7	
710.99	7491.5	
711.18	6503.7	
711.36	5982.1	
711.54	7176.1	
711.72	8030.1	
711.91	6074.3	
712.09	5403.2	
712.27	7311.9	
712.45	8015.1	
712.64	6313.2	
712.82	5242.8	
713	6754.9	
713.18	6877.8	
713.37	5333.6	
713.55	6632	
713.73	7791.8	
713.91	6199.9	
714.1	5679	
714.28	5054.4	
714.46	7395.2	
714.64	6443.6	
714.83	4405.2	
715.01	5330.2	
715.19	6554.2	
715.37	6047.7	
715.55	5032.5	
715.74	5384.8	
715.92	7613	
716.1	5464	
716.28	6609.5	
716.47	5530.2	
716.65	6162.3	
716.83	6189	
717.01	5501.5	
717.19	5531.6	
717.38	8538	
717.56	5890.6	
717.74	5698.8	
717.92	4685.1	
718.1	7203.4	
718.29	6388.3	
718.47	4337.6	
718.65	5132.2	
718.83	7182.9	
719.01	7161.7	
719.2	4237.9	
719.38	5456.5	
719.56	6763.8	
719.74	8525.7	
719.92	4945.2	
720.11	6120	
720.29	6808.8	
720.47	5905.7	
720.65	4478.2	
720.83	5442.1	
721.02	6279.1	
721.2	5942.5	
721.38	5422.3	
721.56	4650.3	
721.74	5471.5	
721.92	5698.8	
722.11	6022.4	
722.29	5692.7	
722.47	7062.8	
722.65	6127.5	
722.83	4689.2	
723.01	5690.6	
723.2	6170.5	
723.38	6558.3	
723.56	4065.2	
723.74	5275.6	
723.92	5675.6	
724.1	6916	
724.29	4616.8	
724.47	5883.1	
724.65	5743.9	
724.83	5669.5	
725.01	4470	
725.19	5477	
725.37	5801.2	
725.56	5876.3	
725.74	4379.9	
725.92	4620.9	
726.1	5616.2	
726.28	5999.9	
726.46	5108.3	
726.64	4771.1	
726.83	5980.8	
727.01	6294.1	
727.19	4244.1	
727.37	5258.5	
727.55	6115.9	
727.73	6676.4	
727.91	4324.6	
728.09	4128.7	
728.28	6711.2	
728.46	7335.8	
728.64	5461.9	
728.82	5337.7	
729	7922.9	
729.18	7076.4	
729.36	4516.5	
729.54	7042.3	
729.72	8238.3	
729.91	6338.5	
730.09	6598.6	
730.27	5260.5	
730.45	6220.4	
730.63	7023.2	
730.81	5924.1	
730.99	4854.4	
731.17	7421.8	
731.35	5928.9	
731.53	5478.3	
731.71	5001.8	
731.9	7254.6	
732.08	7436.9	
732.26	5253	
732.44	4868.7	
732.62	7486.7	
732.8	6886.6	
732.98	5741.1	
733.16	4715.1	
733.34	6898.9	
733.52	5588.9	
733.7	5269.4	
733.88	5578.7	
734.07	6761.7	
734.25	6475.7	
734.43	4740.4	
734.61	6403.3	
734.79	8094.3	
734.97	6305.7	
735.15	4805.9	
735.33	5214.8	
735.51	6761.7	
735.69	6309.1	
735.87	6818.4	
736.05	5507.7	
736.23	6655.2	
736.41	6309.8	
736.59	5299.5	
736.77	5410.1	
736.95	7060.7	
737.13	6450.4	
737.32	4901.5	
737.5	5188.2	
737.68	7623.2	
737.86	6340.5	
738.04	4677.6	
738.22	6784.2	
738.4	6092.7	
738.58	6474.3	
738.76	5422.3	
738.94	4285.7	
739.12	6274.3	
739.3	6122.7	
739.48	6180.1	
739.66	5752.7	
739.84	6583.5	
740.02	6567.2	
740.2	4358.1	
740.38	4816.1	
740.56	6963.8	
740.74	5776	
740.92	5532.9	
741.1	5414.1	
741.28	6366.5	
741.46	6236.1	
741.64	4942.4	
741.82	5631.2	
742	6402.6	
742.18	6403.3	
742.36	5214.8	
742.54	4801.1	
742.72	7094.8	
742.9	5644.2	
743.08	5681.1	
743.26	4394.3	
743.44	7258	
743.62	7054.6	
743.8	5796.4	
743.98	4800.4	
744.16	6787	
744.34	6448.4	
744.52	5780.7	
744.7	5657.9	
744.88	6866.8	
745.06	6418.3	
745.24	5795.8	
745.42	5924.8	
745.6	6998.6	
745.78	6708.5	
745.96	4466.6	
746.14	4866	
746.32	7840.3	
746.5	7050.5	
746.68	5565.7	
746.86	4866	
747.03	7506.5	
747.21	5646.2	
747.39	5545.9	
747.57	4982.7	
747.75	6601.3	
747.93	7075	
748.11	4895.3	
748.29	4737	
748.47	8324.3	
748.65	6315.3	
748.83	5705	
749.01	5355.4	
749.19	6784.2	
749.37	5951.4	
749.55	5242.8	
749.73	5317.9	
749.91	6485.2	
750.09	6171.9	
750.26	5356.1	
750.44	4704.2	
750.62	6526.2	
750.8	6457.2	
750.98	4554.7	
751.16	4922	
751.34	6529.6	
751.52	5796.4	
751.7	5875.6	
751.88	4521.9	
752.06	7090.8	
752.24	6800.6	
752.42	4486.4	
752.59	4879.6	
752.77	6492.7	
752.95	7746.8	
753.13	5755.5	
753.31	5033.9	
753.49	6066.1	
753.67	6527.6	
753.85	5393.7	
754.03	4917.9	
754.21	6905.8	
754.38	7256.6	
754.56	5131.5	
754.74	4045.4	
754.92	6078.4	
755.1	6873	
755.28	4126.7	
755.46	4043.4	
755.64	7607.5	
755.82	7755.7	
755.99	4384	
756.17	4502.8	
756.35	5005.2	
756.53	6682.5	
756.71	3301.3	
756.89	4305.5	
757.07	6352.8	
757.25	5297.4	
757.42	4871.4	
757.6	5832.6	
757.78	6339.8	
757.96	5211.4	
758.14	4543.1	
758.32	4030.4	
758.5	4749.9	
758.67	5645.6	
758.85	4453.6	
759.03	4442	
759.21	5847.6	
759.39	5156.1	
759.57	3899.3	
759.75	5128.1	
759.92	6513.9	
760.1	5761.6	
760.28	5584.8	
760.46	5850.4	
760.64	5487.2	
760.82	5207.3	
760.99	5476.3	
761.17	4470	
761.35	6397.9	
761.53	5306.3	
761.71	4636.6	
761.89	5409.4	
762.06	6307.7	
762.24	5795.8	
762.42	4728.8	
762.6	4467.3	
762.78	5862.7	
762.96	6509.1	
763.13	5126.1	
763.31	4806.6	
763.49	6724.8	
763.67	5724.8	
763.85	5786.9	
764.02	6395.8	
764.2	6980.8	
764.38	6089.3	
764.56	4697.4	
764.74	5627.1	
764.91	7152.2	
765.09	5974.6	
765.27	4296	
765.45	4145.1	
765.63	7115.3	
765.8	6974.7	
765.98	3756.7	
766.16	4170.3	
766.34	5394.3	
766.52	5234.6	
766.69	5306.3	
766.87	4100	
767.05	5862.7	
767.23	6707.1	
767.41	4458.4	
767.58	4706.9	
767.76	6541.9	
767.94	6597.2	
768.12	4468	
768.29	5315.8	
768.47	6044.2	
768.65	6808.8	
768.83	4109.6	
769	5328.1	
769.18	5525.4	
769.36	6260.6	
769.54	5076.2	
769.72	4119.1	
769.89	6553.5	
770.07	6679.8	
770.25	4508.9	
770.43	5924.8	
770.6	7473	
770.78	7910.6	
770.96	4683	
771.14	5441.5	
771.31	6488	
771.49	5818.3	
771.67	3738.9	
771.85	4055	
772.02	4943.8	
772.2	5853.1	
772.38	4786.8	
772.55	4308.9	
772.73	6092.7	
772.91	5825.8	
773.09	4749.2	
773.26	4830.5	
773.44	6055.8	
773.62	5705.6	
773.8	4235.9	
773.97	3934.1	
774.15	6148.7	
774.33	5730.9	
774.5	4134.8	
774.68	4494.6	
774.86	6260.6	
775.04	5755.5	
775.21	4179.2	
775.39	4239.3	
775.57	6009.4	
775.74	6474.3	
775.92	4057.7	
776.1	3979.9	
776.27	6012.2	
776.45	7371.3	
776.63	4136.2	
776.81	3654.3	
776.98	5601.9	
777.16	6854.6	
777.34	4313.7	
777.51	4684.4	
777.69	5616.2	
777.87	5362.3	
778.04	4397	
778.22	5114.5	
778.4	5393	
778.57	6177.4	
778.75	3594.9	
778.93	3912.3	
779.1	5192.3	
779.28	5049.6	
779.46	3642.7	
779.64	4204.5	
779.81	6331	
779.99	7311.2	
780.17	5036.6	
780.34	5190.9	
780.52	5685.8	
780.69	5913.2	
780.87	4471.4	
781.05	3979.2	
781.22	5666.7	
781.4	5831.2	
781.58	4212	
781.75	3221.5	
781.93	5752.1	
782.11	5171.1	
782.28	5144.5	
782.46	4174.4	
782.64	4950.6	
782.81	5934.3	
782.99	4356	
783.17	4233.8	
783.34	5902.2	
783.52	4992.9	
783.69	4463.9	
783.87	5339.7	
784.05	5061.9	
784.22	5117.9	
784.4	5341.8	
784.58	4581.3	
784.75	6161	
784.93	5102.2	
785.1	4153.3	
785.28	4868.7	
785.46	5777.3	
785.63	5120.6	
785.81	4186.7	
785.99	4049.5	
786.16	5311.1	
786.34	5739.8	
786.51	4101.4	
786.69	4440.7	
786.87	4936.3	
787.04	5466.7	
787.22	3487.7	
787.39	4975.2	
787.57	5072.1	
787.75	6328.2	
787.92	5084.4	
788.1	5076.9	
788.27	5197.1	
788.45	4911.7	
788.63	4767	
788.8	3358.7	
788.98	5533.6	
789.15	4881	
789.33	3508.9	
789.5	4258.4	
789.68	6169.8	
789.86	6258.6	
790.03	4419.5	
790.21	4106.9	
790.38	6092	
790.56	5289.9	
790.73	3872.7	
790.91	3946.4	
791.09	5105.6	
791.26	6034	
791.44	4183.3	
791.61	3553.2	
791.79	5115.8	
791.96	5203.9	
792.14	3715.7	
792.32	3250.1	
792.49	5147.9	
792.67	5302.9	
792.84	3819.5	
793.02	3506.1	
793.19	5639.4	
793.37	6421.7	
793.54	3352.5	
793.72	3641.3	
793.89	6581.5	
794.07	5185.5	
794.25	4403.1	
794.42	3388.7	
794.6	6322.1	
794.77	5924.1	
794.95	4649.6	
795.12	4018.8	
795.3	5122	
795.47	5846.3	
795.65	4433.9	
795.82	4263.2	
796	4937.7	
796.17	7023.2	
796.35	4089.1	
796.52	4891.2	
796.7	5732.3	
796.87	5937.1	
797.05	5066.7	
797.22	4984.8	
797.4	5798.5	
797.57	6915.3	
797.75	4240	
797.92	3937.6	
798.1	6141.2	
798.27	5147.9	
798.45	3378.5	
798.62	3702.7	
798.8	5439.4	
798.97	6048.3	
799.15	4526	
799.32	4260.5	
799.5	4652.3	
799.67	5540.4	
799.85	4685.1	
800.02	3305.4	
800.2	5128.8	
800.37	5494	
800.55	4857.8	
800.72	4029	
800.9	5988.3	
801.07	6470.2	
801.25	5356.1	
801.42	4428.4	
801.6	6066.1	
801.77	5711.1	
801.95	3947.1	
802.12	3915.7	
802.29	5752.1	
802.47	5679.7	
802.64	4341	
802.82	3246.7	
802.99	5048.9	
803.17	6217	
803.34	4294.6	
803.52	3824.2	
803.69	6832	
803.87	4880.3	
804.04	4211.3	
804.21	4363.5	
804.39	6331.6	
804.56	5382.7	
804.74	3557.3	
804.91	4429.1	
805.09	5162.2	
805.26	5248.9	
805.44	3627.6	
805.61	4027.7	
805.78	5867.4	
805.96	5984.2	
806.13	4395.6	
806.31	4819.6	
806.48	4681	
806.66	5282.4	
806.83	4394.3	
807	4354	
807.18	5132.2	
807.35	5571.2	
807.53	4271.4	
807.7	3412.6	
807.87	6452.5	
808.05	5190.9	
808.22	4756.7	
808.4	3419.4	
808.57	5221	
808.74	4766.3	
808.92	3937.6	
809.09	5016.8	
809.27	5010	
809.44	5751.4	
809.61	3409.9	
809.79	3848.8	
809.96	6429.3	
810.14	6018.3	
810.31	3322.5	
810.48	4102.8	
810.66	5328.1	
810.83	6114.6	
811.01	3939.6	
811.18	4678.9	
811.35	5995.8	
811.53	4623.6	
811.7	4728.8	
811.87	4435.2	
812.05	5096	
812.22	5147.9	
812.39	3746.4	
812.57	3703.4	
812.74	5201.2	
812.92	7024.5	
813.09	4092.5	
813.26	4545.1	
813.44	6762.4	
813.61	5113.8	
813.78	3426.3	
813.96	4548.5	
814.13	5210.7	
814.3	4838.7	
814.48	4987.5	
814.65	4129.4	
814.82	6565.8	
815	4986.8	
815.17	4252.3	
815.34	5186.8	
815.52	5057.1	
815.69	5130.2	
815.87	4232.5	
816.04	3607.2	
816.21	5270.1	
816.38	4549.9	
816.56	4089.8	
816.73	3750.5	
816.9	6631.3	
817.08	6047.7	
817.25	3864.5	
817.42	4825.7	
817.6	4736.3	
817.77	5267.4	
817.94	4303.5	
818.12	3704.1	
818.29	4891.9	
818.46	7909.9	
818.64	4006.5	
818.81	3730.7	
818.98	4825.7	
819.16	7172.7	
819.33	4582.7	
819.5	4265.2	
819.67	5614.8	
819.85	6281.8	
820.02	4162.8	
820.19	4418.8	
820.37	5470.1	
820.54	4992.9	
820.71	4375.8	
820.88	5347.9	
821.06	5456.5	
821.23	4988.9	
821.4	4291.2	
821.58	4252.9	
821.75	5955.5	
821.92	5378	
822.09	3425.6	
822.27	3518.4	
822.44	5164.3	
822.61	5106.3	
822.79	3475.4	
822.96	6814.3	
823.13	5818.3	
823.3	4947.2	
823.48	4029	
823.65	3648.1	
823.82	5940.5	
823.99	4775.2	
824.17	5150	
824.34	3674.7	
824.51	6966.5	
824.68	5260.5	
824.86	3870	
825.03	4304.1	
825.2	5247.6	
825.37	6365.1	
825.55	3851.5	
825.72	4326	
825.89	7061.4	
826.06	6480.5	
826.24	4132.1	
826.41	4204.5	
826.58	6341.2	
826.75	5545.9	
826.92	3237.2	
827.1	3570.3	
827.27	8779.6	
827.44	6983.6	
827.61	3915	
827.79	4784.7	
827.96	4913.1	
828.13	5328.8	
828.3	4105.5	
828.47	3413.3	
828.65	5416.9	
828.82	5382.7	
828.99	5367.7	
829.16	4693.9	
829.34	5882.4	
829.51	5583.4	
829.68	4303.5	
829.85	4513	
830.02	6103.6	
830.2	5874.9	
830.37	3295.9	
830.54	5245.5	
830.71	6742.6	
830.88	5199.8	
831.05	3329.3	
831.23	3886.4	
831.4	6422.4	
831.57	7216.4	
831.74	3916.4	
831.91	3507.5	
832.09	5434.6	
832.26	5919.3	
832.43	4063.2	
832.6	4662.5	
832.77	5435.3	
832.94	6367.1	
833.12	3243.3	
833.29	3979.2	
833.46	5655.8	
833.63	7492.2	
833.8	4481.6	
833.97	4146.5	
834.15	5899.5	
834.32	5595.7	
834.49	4308.9	
834.66	4350.6	
834.83	6137.1	
835	4922.6	
835.17	3944.4	
835.35	4016.1	
835.52	5797.1	
835.69	5638.1	
835.86	4134.2	
836.03	3465.8	
836.2	5797.1	
836.37	5440.1	
836.55	4128	
836.72	3856.3	
836.89	5382.7	
837.06	5823.1	
837.23	4176.5	
837.4	4574.5	
837.57	6776	
837.75	7494.2	
837.92	3736.9	
838.09	3953.9	
838.26	5410.1	
838.43	6195.1	
838.6	4338.3	
838.77	3862.5	
838.94	7107.1	
839.11	6766.5	
839.29	4100	
839.46	3192.8	
839.63	5816.9	
839.8	5479	
839.97	3937.6	
840.14	3951.2	
840.31	5541.8	
840.48	5824.4	
840.65	3267.9	
840.82	3936.2	
841	5852.4	
841.17	5762.3	
841.34	3717.1	
841.51	3695.9	
841.68	5797.8	
841.85	5460.6	
842.02	3758	
842.19	3134.1	
842.36	5562.3	
842.53	5559.6	
842.7	3689.1	
842.87	4503.5	
843.05	7377.5	
843.22	5458.5	
843.39	3430.3	
843.56	3766.2	
843.73	5248.9	
843.9	5955.5	
844.07	5924.8	
844.24	5015.5	
844.41	8703.2	
844.58	5031.9	
844.75	3538.9	
844.92	3795.6	
845.09	5795.1	
845.26	5851	
845.43	3641.3	
845.6	3844.7	
845.77	5852.4	
845.94	5605.3	
846.12	4023.6	
846.29	4246.8	
846.46	6083.1	
846.63	5870.2	
846.8	3678.2	
846.97	4317.1	
847.14	6385.6	
847.31	5784.8	
847.48	4087.1	
847.65	4512.4	
847.82	6079.7	
847.99	6075	
848.16	4870.1	
848.33	4502.8	
848.5	5367.7	
848.67	6363.7	
848.84	3606.5	
849.01	3822.2	
849.18	5221.6	
849.35	4873.5	
849.52	4619.5	
849.69	3526.6	
849.86	6050.4	
850.03	6245.6	
850.2	3686.3	
850.37	4513.7	
850.54	6182.8	
850.71	5511.8	
850.88	4417.5	
851.05	3562.8	
851.22	5751.4	
851.39	6418.3	
851.56	3414	
851.73	4190.1	
851.9	5088.5	
852.07	6059.9	
852.24	4029.7	
852.41	3568.9	
852.58	5677.7	
852.75	5145.9	
852.92	4090.5	
853.09	3566.2	
853.26	5395.7	
853.43	6310.5	
853.6	3580.5	
853.77	3112.2	
853.94	6387.6	
854.11	5056.4	
854.28	5438	
854.44	3900	
854.61	6843.6	
854.78	5887.9	
854.95	3593.5	
855.12	4571.7	
855.29	4693.9	
855.46	6626.5	
855.63	3627.6	
855.8	5071.5	
855.97	5337	
856.14	6217.6	
856.31	5176.6	
856.48	3915.7	
856.65	5325.4	
856.82	5064.6	
856.99	3485.6	
857.16	3918.4	
857.33	7236.2	
857.49	5473.5	
857.66	3923.9	
857.83	4237.9	
858	5444.2	
858.17	5646.2	
858.34	3407.8	
858.51	3636.5	
858.68	6554.9	
858.85	6665.5	
859.02	4225.6	
859.19	4472.1	
859.36	5049.6	
859.52	5199.1	
859.69	3668.6	
859.86	4318.5	
860.03	5176.6	
860.2	6481.1	
860.37	3292.5	
860.54	3695.9	
860.71	6114.6	
860.88	6529.6	
861.05	4080.2	
861.21	4594.3	
861.38	6624.5	
861.55	4990.2	
861.72	3298.6	
861.89	4076.8	
862.06	6203.3	
862.23	6690	
862.4	3475.4	
862.56	3813.3	
862.73	5982.1	
862.9	5601.9	
863.07	4338.3	
863.24	3702.7	
863.41	4965	
863.58	5132.9	
863.75	3705.5	
863.91	4198.3	
864.08	6513.2	
864.25	6026.5	
864.42	4562.2	
864.59	5162.9	
864.76	6892.8	
864.93	5132.2	
865.09	3521.1	
865.26	3874.8	
865.43	6374	
865.6	6821.8	
865.77	3170.9	
865.94	3607.8	
866.1	6434.7	
866.27	6145.3	
866.44	5494	
866.61	3416	
866.78	5535.7	
866.95	5969.1	
867.11	3538.9	
867.28	3193.5	
867.45	6189	
867.62	5156.8	
867.79	4280.3	
867.96	3577.8	
868.12	5109	
868.29	6227.9	
868.46	3637.2	
868.63	4915.8	
868.8	6301.6	
868.97	6044.9	
869.13	3781.2	
869.3	3778.5	
869.47	5941.8	
869.64	6171.2	
869.81	3678.2	
869.97	3639.2	
870.14	5796.4	
870.31	6596.5	
870.48	3465.2	
870.65	4646.8	
870.81	5414.1	
870.98	5352	
871.15	4126	
871.32	3733.4	
871.48	5926.8	
871.65	6559	
871.82	3619.4	
871.99	4003.8	
872.16	7048.4	
872.32	6395.1	
872.49	3671.3	
872.66	3700.7	
872.83	6059.3	
872.99	5247.6	
873.16	4235.9	
873.33	3618.1	
873.5	5664	
873.67	5680.4	
873.83	3823.6	
874	4922	
874.17	5861.3	
874.34	6982.2	
874.5	4681	
874.67	4575.8	
874.84	6512.5	
875.01	5094.7	
875.17	5119.2	
875.34	3575.8	
875.51	5784.8	
875.68	6965.1	
875.84	4405.2	
876.01	5372.5	
876.18	6007.4	
876.34	5991.7	
876.51	3635.8	
876.68	3561.4	
876.85	5556.8	
877.01	6318.7	
877.18	5243.5	
877.35	3614.7	
877.52	5571.2	
877.68	4993.6	
877.85	3548.4	
878.02	3553.2	
878.18	5612.1	
878.35	5248.9	
878.52	2893.8	
878.69	4084.3	
878.85	6070.2	
879.02	6043.6	
879.19	5189.6	
879.35	3954.6	
879.52	6018.3	
879.69	6317.3	
879.86	3099.3	
880.02	4119.1	
880.19	5610.8	
880.36	6881.9	
880.52	4174.4	
880.69	4296	
880.86	6090.7	
881.02	6231.3	
881.19	4027.7	
881.36	4004.5	
881.52	6047	
881.69	5280.3	
881.86	3907.5	
882.02	3824.2	
882.19	6355.5	
882.36	7507.9	
882.52	3748.5	
882.69	5141.1	
882.86	5807.4	
883.02	5677.7	
883.19	4478.9	
883.36	4166.9	
883.52	6093.4	
883.69	7053.9	
883.86	3651.5	
884.02	3257	
884.19	6150.1	
884.36	5616.2	
884.52	4189.5	
884.69	3783.3	
884.86	5403.9	
885.02	6731	
885.19	4046.1	
885.36	4216.1	
885.52	5620.3	
885.69	5803.9	
885.86	5288.5	
886.02	4741.7	
886.19	6109.8	
886.35	5519.3	
886.52	4068.6	
886.69	5162.9	
886.85	5188.9	
887.02	6503	
887.19	6503	
887.35	6503	
887.52	6503	
887.68	6503	
887.85	6503	
888.02	6503	
888.18	6503	
888.35	6503	
888.51	6503	
888.68	6503	
888.85	6503	
889.01	6503	
889.18	6503	
889.35	6503	
889.51	6503	
889.68	6503	
889.84	6503	
890.01	6503	
890.17	6503	
890.34	6503	
890.51	6503	
890.67	6503	
890.84	6503	
891	6503	
891.17	6503	
891.34	6503	
891.5	6503	
891.67	6503	
891.83	6503	
892	6503	
892.16	6503	
892.33	6503	
892.5	6503	
892.66	6503	
892.83	6503	
892.99	6503	
893.16	6503	
893.32	6503	
893.49	6503	
893.65	6503	
893.82	6503	
893.99	6503	
894.15	6503	
894.32	6503	
894.48	6503	
894.65	6503	
894.81	6503	
894.98	6503	
895.14	6503	
895.31	6503	
895.47	6503	
895.64	6503	
895.81	6503	
895.97	6503	
896.14	6503	
896.3	6503	
896.47	6503	
896.63	6503	
896.8	6503	
896.96	6503	
897.13	6503	
897.29	6503	
897.46	6503	
897.62	6503	
897.79	6503	
897.95	6503	
898.12	6503	
898.28	6503	
898.45	6503	
898.61	6503	
898.78	6503	
898.94	6503	
899.11	6503	
899.27	6503	
899.44	6503	
899.6	6503	
899.77	6503	
899.93	6503	
900.1	6503	
900.26	6503	
900.43	6503	
900.59	6503	
900.76	6503	
900.92	6503	
901.09	6503	
901.25	6503	
901.42	6503	
901.58	6503	
901.75	6503	
901.91	6503	
902.07	6503	
902.24	6503	
902.4	6503	
902.57	6503	
902.73	6503	
902.9	6503	
903.06	6503	
903.23	6503	
903.39	6503	
903.56	6503	
903.72	6503	
903.88	6503	
904.05	6503	
904.21	6503	
904.38	6503	
904.54	6503	
904.71	6503	
904.87	6503	
905.03	6503	
905.2	6503	
905.36	6503	
905.53	6503	
905.69	6503	
905.86	6503	
906.02	6503	
906.18	6503	
906.35	6503	
906.51	6503	
906.68	6503	
906.84	6503	
907.01	6503	
907.17	6503	
907.33	6503	
907.5	6503	
907.66	6503	
907.83	6503	
907.99	6503	
908.15	6503	
908.32	6503	
908.48	6503	
908.65	6503	
908.81	6503	
908.97	6503	
909.14	6503	
909.3	6503	
909.47	6503	
909.63	6503	
909.79	6503	
909.96	6503	
910.12	6503	
910.28	6503	
910.45	6503	
910.61	6503	
910.78	6503	
910.94	6503	
911.1	6503	
911.27	6503	
911.43	6503	
911.59	6503	
911.76	6503	
911.92	6503	
912.08	6503	
912.25	6503	
912.41	6503	
912.57	6503	
912.74	6503	
912.9	6503	
913.07	6503	
913.23	6503	
913.39	6503	
913.56	6503	
913.72	6503	
913.88	6503	
914.05	6503	
914.21	6503	
914.37	6503	
914.54	6503	
914.7	6503	
914.86	6503	
915.03	6503	
915.19	6503	
