Wavelength	Intensities	
nm	a.u.	
179.22	1956.2	
179.44	1946.9	
179.65	1965.4	
179.86	1928.5	
180.08	1921.7	
180.29	5111	
180.51	3590.8	
180.72	5733.6	
180.94	6832	
181.15	3339.6	
181.37	3223.5	
181.58	5614.8	
181.79	5889.3	
182.01	3463.1	
182.22	3738.9	
182.44	5918.6	
182.65	4923.3	
182.87	4705.5	
183.08	4144.4	
183.29	6126.8	
183.51	5091.3	
183.72	3773.7	
183.94	5565.7	
184.15	5471.5	
184.37	5535	
184.58	3318.4	
184.79	4540.3	
185.01	5048.2	
185.22	5928.9	
185.44	4780	
185.65	4037.2	
185.86	5363.6	
186.08	4998.4	
186.29	3222.1	
186.51	3469.3	
186.72	5150.6	
186.94	6153.5	
187.15	3977.8	
187.36	4143.7	
187.58	7933.1	
187.79	5666.7	
188.01	4301.4	
188.22	6783.6	
188.43	6778.8	
188.65	5874.3	
188.86	3466.5	
189.08	4158.1	
189.29	5321.3	
189.5	5269.4	
189.72	3875.4	
189.93	3966.2	
190.15	6149.4	
190.36	7359	
190.57	4299.4	
190.79	4117.1	
191	6222.4	
191.22	6109.1	
191.43	4245.4	
191.64	3446	
191.86	6356.2	
192.07	6130.3	
192.29	3642.7	
192.5	3806.5	
192.71	6156.2	
192.93	5308.3	
193.14	3852.2	
193.35	3863.2	
193.57	5257.8	
193.78	6113.9	
194	3070.6	
194.21	3752.6	
194.42	5059.2	
194.64	5576.6	
194.85	4131.4	
195.07	4885.8	
195.28	5585.5	
195.49	4813.4	
195.71	5197.1	
195.92	3600.3	
196.13	5689.3	
196.35	5862	
196.56	5547.3	
196.78	4170.3	
196.99	7221.8	
197.2	6708.5	
197.42	4747.9	
197.63	4241.3	
197.84	4950.6	
198.06	5725.4	
198.27	3827.7	
198.48	5130.8	
198.7	5315.2	
198.91	5414.1	
199.13	4197.7	
199.34	4220.9	
199.55	5928.2	
199.77	4808.6	
199.98	3648.8	
200.19	4259.1	
200.41	5457.2	
200.62	5104.2	
200.83	4444.8	
201.05	4654.4	
201.26	5397.1	
201.47	5139.7	
201.69	3732.1	
201.9	3587.4	
202.11	5498.8	
202.33	6573.3	
202.54	3968.3	
202.76	4391.5	
202.97	5712.5	
203.18	5672.9	
203.4	4384.7	
203.61	4263.2	
203.82	5607.3	
204.04	5184.8	
204.25	4165.6	
204.46	4159.4	
204.68	5592.3	
204.89	5785.5	
205.1	4075.5	
205.32	3573	
205.53	5952.1	
205.74	6073.6	
205.96	3022.8	
206.17	4315.8	
206.38	5943.2	
206.6	6064.7	
206.81	4882.4	
207.02	3900.7	
207.24	5813.5	
207.45	6266.1	
207.66	3937.6	
207.88	3381.2	
208.09	5711.1	
208.3	5597.1	
208.52	3696.6	
208.73	4063.9	
208.94	5508.4	
209.15	6325.5	
209.37	3958	
209.58	4250.9	
209.79	6094.8	
210.01	5371.1	
210.22	3181.9	
210.43	3375.1	
210.65	5545.9	
210.86	6030.6	
211.07	3997	
211.29	3687	
211.5	5933.6	
211.71	5500.2	
211.93	3654.3	
212.14	3647.4	
212.35	5442.1	
212.56	5818.3	
212.78	4173.8	
212.99	3480.9	
213.2	6596.5	
213.42	5249.6	
213.63	3785.3	
213.84	4040.6	
214.06	4875.5	
214.27	4956.1	
214.48	3986	
214.69	4265.2	
214.91	6221.7	
215.12	6282.5	
215.33	4339.6	
215.55	4829.1	
215.76	6822.5	
215.97	5898.2	
216.18	4119.1	
216.4	4071.4	
216.61	5218.2	
216.82	6107	
217.04	3685.7	
217.25	3818.1	
217.46	6231.3	
217.67	5887.9	
217.89	3258.3	
218.1	3391.4	
218.31	5623	
218.53	5735	
218.74	3863.8	
218.95	3716.4	
219.16	5465.3	
219.38	6458.6	
219.59	3774.4	
219.8	4487.1	
220.01	7202	
220.23	5560.2	
220.44	4971.1	
220.65	3702	
220.87	5610.1	
221.08	6169.8	
221.29	3413.3	
221.5	4592.2	
221.72	7647.8	
221.93	5216.2	
222.14	4252.3	
222.35	4973.2	
222.57	5520.6	
222.78	5922	
222.99	3960.8	
223.2	4317.8	
223.42	5795.1	
223.63	5993	
223.84	3133.4	
224.05	3054.9	
224.27	7049.8	
224.48	6478.4	
224.69	4970.4	
224.9	4202.4	
225.12	5791	
225.33	5458.5	
225.54	3325.2	
225.75	3731.4	
225.97	5050.3	
226.18	5350	
226.39	4053.6	
226.6	3781.2	
226.82	5271.5	
227.03	5122.7	
227.24	4194.9	
227.45	3558.7	
227.67	5884.5	
227.88	6556.2	
228.09	4675.5	
228.3	4712.4	
228.52	5990.3	
228.73	5474.9	
228.94	3906.8	
229.15	3428.3	
229.36	5388.2	
229.58	5367	
229.79	3953.3	
230	4614.8	
230.21	6655.2	
230.43	5642.8	
230.64	4126.7	
230.85	4345.1	
231.06	5909.1	
231.28	5987.6	
231.49	3456.3	
231.7	4090.5	
231.91	5839.4	
232.12	5550.7	
232.34	3514.3	
232.55	4107.5	
232.76	6180.1	
232.97	5758.2	
233.18	3692.5	
233.4	4153.3	
233.61	5788.9	
233.82	5300.8	
234.03	3827.7	
234.25	3783.3	
234.46	7732.4	
234.67	5531.6	
234.88	4320.5	
235.09	3729.4	
235.31	5889.3	
235.52	5411.4	
235.73	4179.2	
235.94	3553.9	
236.15	5232.6	
236.37	6727.6	
236.58	3688.4	
236.79	4017.4	
237	5885.2	
237.21	5044.8	
237.43	4328	
237.64	3387.3	
237.85	10195	
238.06	5110.4	
238.27	4446.8	
238.48	3484.3	
238.7	5910.4	
238.91	5384.8	
239.12	4031.8	
239.33	4088.4	
239.54	5175.2	
239.76	5483.8	
239.97	3909.6	
240.18	4046.8	
240.39	7015.7	
240.6	5798.5	
240.82	4166.3	
241.03	3390.8	
241.24	5527.5	
241.45	6398.5	
241.66	3628.3	
241.87	4361.5	
242.09	6270.2	
242.3	6682.5	
242.51	4338.3	
242.72	3985.3	
242.93	6066.8	
243.14	5555.5	
243.36	4625.7	
243.57	5019.6	
243.78	6479.1	
243.99	5958.9	
244.2	4075.5	
244.41	3673.4	
244.63	5087.2	
244.84	5833.3	
245.05	4391.5	
245.26	4074.1	
245.47	5829.9	
245.68	6098.9	
245.9	5379.3	
246.11	4227.7	
246.32	5358.9	
246.53	5753.4	
246.74	6538.5	
246.95	3377.8	
247.16	5005.2	
247.38	5533.6	
247.59	3292.5	
247.8	4126	
248.01	5190.9	
248.22	5435.3	
248.43	3702.7	
248.64	3930.7	
248.86	4857.8	
249.07	5255.1	
249.28	3551.2	
249.49	4136.9	
249.7	6102.9	
249.91	6197.2	
250.12	3332	
250.34	3406.5	
250.55	5666	
250.76	5560.9	
250.97	4188.8	
251.18	4282.3	
251.39	6262	
251.6	5754.8	
251.81	4263.9	
252.03	4241.3	
252.24	5213.4	
252.45	6087.9	
252.66	3475.4	
252.87	4430.4	
253.08	5559.6	
253.29	7464.8	
253.5	3510.9	
253.72	4883	
253.93	5382.7	
254.14	6580.1	
254.35	3865.9	
254.56	3923.2	
254.77	5724.1	
254.98	5138.4	
255.19	3831.1	
255.41	4927.4	
255.62	5642.2	
255.83	6229.2	
256.04	4328.7	
256.25	4279.6	
256.46	6854.6	
256.67	5156.1	
256.88	4123.2	
257.09	4618.9	
257.31	5190.2	
257.52	5266	
257.73	5233.9	
257.94	3805.1	
258.15	5451	
258.36	5597.8	
258.57	4862.6	
258.78	3071.3	
258.99	6173.3	
259.2	5373.9	
259.41	3828.3	
259.63	3891.1	
259.84	6417.7	
260.05	6922.1	
260.26	5063.3	
260.47	3644	
260.68	6157.6	
260.89	5468.1	
261.1	4666	
261.31	3654.3	
261.52	6107	
261.73	6495.5	
261.95	4974.5	
262.16	4322.6	
262.37	6351.4	
262.58	6399.2	
262.79	5002.5	
263	3908.9	
263.21	5600.5	
263.42	5046.2	
263.63	3942.3	
263.84	3869.3	
264.05	6081.1	
264.26	6462	
264.47	4820.2	
264.69	4366.3	
264.9	6253.8	
265.11	5780.7	
265.32	3743.7	
265.53	3816.7	
265.74	5641.5	
265.95	4892.6	
266.16	4056.3	
266.37	4554.7	
266.58	5685.8	
266.79	5417.6	
267	3812	
267.21	3592.8	
267.42	5094.7	
267.63	5519.3	
267.84	4037.2	
268.06	3433.1	
268.27	5984.8	
268.48	6348.7	
268.69	3859.1	
268.9	4692.6	
269.11	6331.6	
269.32	4997.7	
269.53	3978.5	
269.74	3722.5	
269.95	5956.2	
270.16	4870.8	
270.37	4050.9	
270.58	4691.9	
270.79	5388.2	
271	6095.4	
271.21	4280.3	
271.42	4104.1	
271.63	5637.4	
271.84	5165.7	
272.05	3200.3	
272.26	3612.6	
272.47	5574.6	
272.68	5735.7	
272.89	3828.3	
273.11	4498	
273.32	5346.6	
273.53	6536.4	
273.74	4362.9	
273.95	4257	
274.16	6229.9	
274.37	5675.6	
274.58	4442	
274.79	3541.6	
275	5644.9	
275.21	6298.9	
275.42	5326.8	
275.63	4627	
275.84	5811.5	
276.05	7319.4	
276.26	4252.3	
276.47	3938.2	
276.68	5412.1	
276.89	6620.4	
277.1	4618.9	
277.31	3506.1	
277.52	5894.1	
277.73	5993	
277.94	3433.1	
278.15	3877.5	
278.36	5709.7	
278.57	5235.3	
278.78	3821.5	
278.99	4369	
279.2	5141.1	
279.41	5135.6	
279.62	5051.7	
279.83	3620.8	
280.04	6822.5	
280.25	5022.3	
280.46	5025	
280.67	3995.6	
280.88	5130.2	
281.09	6252.4	
281.3	4199	
281.51	5377.3	
281.72	5221.6	
281.93	6122.1	
282.14	3739.6	
282.35	4064.5	
282.56	6052.4	
282.77	6054.5	
282.98	3893.9	
283.19	4835.3	
283.4	7494.9	
283.61	5500.2	
283.82	3564.1	
284.03	5034.6	
284.24	5608	
284.45	6197.2	
284.66	5012.1	
284.87	4816.8	
285.08	6130.3	
285.29	6302.3	
285.5	3377.1	
285.71	3997	
285.92	6194.4	
286.12	6892.8	
286.33	5034.6	
286.54	3927.3	
286.75	6053.1	
286.96	5353.4	
287.17	3569.6	
287.38	5013.4	
287.59	5127.4	
287.8	5083.7	
288.01	3980.6	
288.22	4562.9	
288.43	6139.1	
288.64	5100.8	
288.85	4685.8	
289.06	4435.2	
289.27	5935.7	
289.48	6587	
289.69	5078.3	
289.9	4542.4	
290.11	6242.2	
290.32	5218.9	
290.53	4748.6	
290.74	4433.9	
290.94	6024.4	
291.15	6119.3	
291.36	3854.3	
291.57	4489.8	
291.78	5247.6	
291.99	4923.3	
292.2	3595.6	
292.41	4343.7	
292.62	6171.2	
292.83	5948.7	
293.04	5406	
293.25	3682.9	
293.46	5285.1	
293.67	6180.1	
293.88	3753.2	
294.09	3614.7	
294.29	5042.1	
294.5	5689.3	
294.71	4055.7	
294.92	3868.6	
295.13	5337.7	
295.34	6677.7	
295.55	3387.3	
295.76	3485	
295.97	5971.9	
296.18	6779.5	
296.39	3568.9	
296.6	3802.4	
296.81	5639.4	
297.01	5944.6	
297.22	3905.5	
297.43	3715	
297.64	5167.7	
297.85	5120.6	
298.06	3097.2	
298.27	3380.5	
298.48	5655.8	
298.69	5253	
298.9	4040.6	
299.11	3675.4	
299.31	5044.8	
299.52	5092.6	
299.73	4413.4	
299.94	4287.8	
300.15	5586.9	
300.36	5123.3	
300.57	4356.7	
300.78	4342.4	
300.99	5386.2	
301.2	5681.1	
301.4	3737.5	
301.61	4078.9	
301.82	5956.9	
302.03	5985.5	
302.24	4626.4	
302.45	3560.7	
302.66	5886.5	
302.87	6408.8	
303.08	3753.9	
303.29	5229.1	
303.49	5302.2	
303.7	5598.5	
303.91	3343.7	
304.12	4975.9	
304.33	5013.4	
304.54	5643.5	
304.75	3820.8	
304.96	3687	
305.16	5855.1	
305.37	6606.1	
305.58	3275.4	
305.79	3472	
306	5933	
306.21	4934.2	
306.42	3692.5	
306.63	5860.6	
306.83	5347.9	
307.04	6266.1	
307.25	4237.9	
307.46	4163.5	
307.67	4719.2	
307.88	6107	
308.09	3670	
308.29	3872.7	
308.5	5632.6	
308.71	6176	
308.92	3997	
309.13	3627	
309.34	5419.6	
309.55	5440.1	
309.75	4711.7	
309.96	4353.3	
310.17	6010.1	
310.38	5199.8	
310.59	4548.5	
310.8	3522.5	
311.01	6716.7	
311.21	5368.4	
311.42	3612.6	
311.63	3669.3	
311.84	5283.8	
312.05	5670.1	
312.26	4248.2	
312.46	4605.9	
312.67	5436	
312.88	5011.4	
313.09	3655.6	
313.3	3573	
313.51	6452.5	
313.71	6756.2	
313.92	3667.2	
314.13	3861.1	
314.34	5795.8	
314.55	5457.8	
314.76	4767.7	
314.96	4126.7	
315.17	5609.4	
315.38	5982.1	
315.59	3657	
315.8	3500	
316.01	6537.1	
316.21	6505	
316.42	3550.5	
316.63	4037.9	
316.84	5390.3	
317.05	6260.6	
317.26	4293.2	
317.46	3865.2	
317.67	5446.2	
317.88	5917.9	
318.09	4644.8	
318.3	3379.8	
318.5	5266.7	
318.71	5941.8	
318.92	5963.7	
319.13	4248.2	
319.34	6128.2	
319.54	6180.8	
319.75	3411.9	
319.96	3277.4	
320.17	5937.1	
320.38	6119.3	
320.58	3305.4	
320.79	4024.9	
321	6182.8	
321.21	6290.7	
321.42	4048.2	
321.62	3354.6	
321.83	5177.3	
322.04	5542.5	
322.25	3835.8	
322.46	3703.4	
322.66	5685.2	
322.87	5832.6	
323.08	4549.2	
323.29	3643.3	
323.5	6691.4	
323.7	5122.7	
323.91	5025	
324.12	4513.7	
324.33	5632.6	
324.53	5952.8	
324.74	4343.7	
324.95	4542.4	
325.16	4912.4	
325.37	5411.4	
325.57	3646.1	
325.78	3766.9	
325.99	5634.6	
326.2	5074.2	
326.4	5195	
326.61	3352.5	
326.82	5522	
327.03	5602.6	
327.24	5257.8	
327.44	4975.2	
327.65	5796.4	
327.86	4693.9	
328.07	4317.8	
328.27	3509.5	
328.48	6302.3	
328.69	5134.3	
328.9	5344.5	
329.1	3973.7	
329.31	5465.3	
329.52	6520.7	
329.73	3676.8	
329.93	4166.3	
330.14	5547.9	
330.35	5842.9	
330.56	6142.5	
330.76	4618.2	
330.97	5382.7	
331.18	5728.9	
331.39	4049.5	
331.59	3322.5	
331.8	6207.4	
332.01	6361.7	
332.22	3783.3	
332.42	4328	
332.63	5660.6	
332.84	5229.1	
333.05	4187.4	
333.25	3732.1	
333.46	5346.6	
333.67	5597.8	
333.88	3826.3	
334.08	4222.2	
334.29	7483.3	
334.5	6304.3	
334.7	3562.1	
334.91	5296.7	
335.12	5129.5	
335.33	6053.8	
335.53	4036.5	
335.74	6027.2	
335.95	5302.9	
336.16	5221	
336.36	4157.4	
336.57	4777.9	
336.78	5035.3	
336.98	6164.4	
337.19	5006.6	
337.4	4012.7	
337.61	6733.7	
337.81	5099.4	
338.02	3710.9	
338.23	4885.8	
338.43	6356.2	
338.64	5242.8	
338.85	3708.2	
339.05	4792.9	
339.26	6346	
339.47	4945.8	
339.68	3714.3	
339.88	5495.4	
340.09	5836	
340.3	6079.7	
340.5	4284.4	
340.71	3280.2	
340.92	5016.2	
341.13	6360.3	
341.33	3600.3	
341.54	4320.5	
341.75	5801.2	
341.95	5399.1	
342.16	4182	
342.37	4507.6	
342.57	5115.1	
342.78	5585.5	
342.99	4573.8	
343.19	3278.1	
343.4	6027.9	
343.61	5809.4	
343.81	3926.6	
344.02	3596.9	
344.23	6019.7	
344.43	6494.1	
344.64	4571.7	
344.85	4495.3	
345.06	5796.4	
345.26	6283.2	
345.47	4268.6	
345.68	4967	
345.88	4909	
346.09	6066.1	
346.3	4340.3	
346.5	3214.6	
346.71	5612.1	
346.92	5279	
347.12	3337.5	
347.33	4239.3	
347.54	6156.9	
347.74	6574	
347.95	4250.2	
348.16	3148.4	
348.36	5422.3	
348.57	5147.9	
348.78	4122.6	
348.98	4542.4	
349.19	5516.5	
349.39	5048.9	
349.6	3340.9	
349.81	3732.1	
350.01	5788.9	
350.22	5212.1	
350.43	4076.8	
350.63	4949.3	
350.84	5567.1	
351.05	5398.4	
351.25	3706.8	
351.46	3368.2	
351.67	6216.3	
351.87	5231.9	
352.08	4012.7	
352.29	4474.1	
352.49	6066.8	
352.7	5732.9	
352.9	3591.5	
353.11	4527.4	
353.32	6770.6	
353.52	5390.9	
353.73	3540.3	
353.94	4578.6	
354.14	5921.4	
354.35	5748.6	
354.55	3629	
354.76	4037.2	
354.97	5862	
355.17	5628.5	
355.38	3398.9	
355.59	4836.6	
355.79	5256.5	
356	5699.5	
356.2	4060.4	
356.41	3544.4	
356.62	4954	
356.82	5393	
357.03	4404.5	
357.24	3880.2	
357.44	5300.8	
357.65	5350.7	
357.85	5205.9	
358.06	4065.9	
358.27	4980.7	
358.47	5258.5	
358.68	3398.3	
358.88	4365.6	
359.09	5862	
359.3	6257.2	
359.5	5074.9	
359.71	4511.7	
359.91	6682.5	
360.12	6023.1	
360.33	4296.6	
360.53	4788.8	
360.74	5237.3	
360.94	5316.5	
361.15	4560.8	
361.36	3689.8	
361.56	6077	
361.77	5501.5	
361.97	5008	
362.18	3975.8	
362.38	6121.4	
362.59	5013.4	
362.8	3664.5	
363	3462.4	
363.21	4859.1	
363.41	5658.5	
363.62	4179.2	
363.83	5274.2	
364.03	5651.7	
364.24	6720.1	
364.44	5410.7	
364.65	5388.2	
364.85	5493.3	
365.06	5057.8	
365.27	3856.3	
365.47	3820.1	
365.68	6516	
365.88	5419.6	
366.09	4248.9	
366.29	3898	
366.5	5724.1	
366.71	6199.9	
366.91	5322.7	
367.12	4459.1	
367.32	6773.3	
367.53	6010.8	
367.73	4375.1	
367.94	5402.5	
368.14	5902.2	
368.35	6929	
368.56	4390.2	
368.76	3701.4	
368.97	6110.5	
369.17	7887.4	
369.38	3839.9	
369.58	4104.8	
369.79	5099.4	
369.99	6374	
370.2	5218.2	
370.4	4268.6	
370.61	5733.6	
370.82	7038.9	
371.02	4111	
371.23	3360.7	
371.43	5013.4	
371.64	6300.9	
371.84	4169	
372.05	5489.2	
372.25	7780.2	
372.46	6097.5	
372.66	4112.3	
372.87	4095.3	
373.07	6115.9	
373.28	7887.4	
373.48	5240.8	
373.69	4869.4	
373.9	5558.2	
374.1	5628.5	
374.31	5205.3	
374.51	4668	
374.72	6500.3	
374.92	5205.9	
375.13	5357.5	
375.33	4516.5	
375.54	6003.3	
375.74	5369.1	
375.95	4486.4	
376.15	5795.1	
376.36	6001.2	
376.56	5857.9	
376.77	4591.5	
376.97	5072.8	
377.18	7063.4	
377.38	6097.5	
377.59	5483.1	
377.79	4048.2	
378	5918.6	
378.2	6384.2	
378.41	4174.4	
378.61	4062.5	
378.82	6470.9	
379.02	5472.2	
379.23	4349.2	
379.43	5443.5	
379.64	6478.4	
379.84	6106.4	
380.05	4102.8	
380.25	4061.1	
380.46	6185.5	
380.66	5763	
380.87	5564.3	
381.07	5889.3	
381.28	6884.6	
381.48	6177.4	
381.69	4141.7	
381.89	4196.3	
382.1	5087.8	
382.3	6378.1	
382.51	5399.1	
382.71	6326.2	
382.91	6260.6	
383.12	6780.1	
383.32	4599.1	
383.53	4790.2	
383.73	6056.5	
383.94	5837.4	
384.14	4713.1	
384.35	3843.4	
384.55	5714.5	
384.76	6266.8	
384.96	4535.6	
385.17	4851	
385.37	6148.7	
385.58	5458.5	
385.78	4927.4	
385.98	3699.3	
386.19	5666	
386.39	6051.7	
386.6	4330.1	
386.8	4561.5	
387.01	6198.5	
387.21	6243.6	
387.42	4980	
387.62	5578	
387.83	5492.7	
388.03	6237.4	
388.23	4612	
388.44	5440.8	
388.64	5107	
388.85	5295.4	
389.05	4999.1	
389.26	5605.3	
389.46	7236.8	
389.67	6635.4	
389.87	4883.7	
390.07	5075.5	
390.28	5803.9	
390.48	5466	
390.69	4126	
390.89	4515.8	
391.1	5534.3	
391.3	6616.3	
391.5	5815.5	
391.71	6429.3	
391.91	6322.1	
392.12	7417.7	
392.32	5862	
392.53	5001.8	
392.73	5662	
392.93	5879	
393.14	4663.9	
393.34	5465.3	
393.55	6499.6	
393.75	5827.8	
393.95	4632.5	
394.16	4566.3	
394.36	5559.6	
394.57	6351.4	
394.77	4036.5	
394.98	4571.7	
395.18	5501.5	
395.38	5819	
395.59	5515.9	
395.79	4362.2	
396	5717.2	
396.2	6236.1	
396.4	5251	
396.61	5216.9	
396.81	6422.4	
397.02	5660.6	
397.22	5564.3	
397.42	5571.2	
397.63	6426.5	
397.83	5522	
398.04	4298.7	
398.24	4956.1	
398.44	6165.1	
398.65	5233.2	
398.85	4170.3	
399.05	4309.6	
399.26	5567.1	
399.46	7393.8	
399.67	4724	
399.87	4463.9	
400.07	5924.1	
400.28	6393.1	
400.48	4526.7	
400.69	5662	
400.89	6531.7	
401.09	7053.2	
401.3	4363.5	
401.5	5623	
401.7	7290.8	
401.91	7567.9	
402.11	4801.1	
402.32	5051	
402.52	6582.2	
402.72	6579.4	
402.93	5309	
403.13	3984	
403.33	7363.1	
403.54	5983.5	
403.74	4885.8	
403.94	5849	
404.15	6125.5	
404.35	7302.4	
404.56	4656.4	
404.76	6674.3	
404.96	6565.8	
405.17	6367.8	
405.37	5681.7	
405.57	5199.8	
405.78	6589	
405.98	6020.3	
406.18	4684.4	
406.39	5642.2	
406.59	6610.2	
406.79	6218.3	
407	4476.9	
407.2	4624.3	
407.4	6595.8	
407.61	6826.6	
407.81	4640.7	
408.01	6836.1	
408.22	5527.5	
408.42	7647.1	
408.62	5806	
408.83	5300.1	
409.03	6287.3	
409.23	6008.7	
409.44	5360.9	
409.64	5653.8	
409.84	7249.8	
410.05	7124.2	
410.25	5487.9	
410.45	5270.8	
410.66	6641.6	
410.86	9198.8	
411.06	5769.8	
411.27	5583.4	
411.47	9084.1	
411.67	6810.9	
411.88	5879	
412.08	6199.9	
412.28	7600.7	
412.49	8065.6	
412.69	5662.6	
412.89	5687.9	
413.09	7857.4	
413.3	7708.6	
413.5	5730.2	
413.7	5298.8	
413.91	6935.8	
414.11	7856	
414.31	5578.7	
414.52	6055.8	
414.72	7494.9	
414.92	7452.6	
415.12	5618.3	
415.33	6115.9	
415.53	7816.4	
415.73	8094.9	
415.94	6507.1	
416.14	5939.1	
416.34	6754.9	
416.55	6561	
416.75	7253.9	
416.95	6595.1	
417.15	7794.6	
417.36	8585.1	
417.56	7522.2	
417.76	6475	
417.97	8295.6	
418.17	7922.2	
418.37	6009.4	
418.57	6078.4	
418.78	7686	
418.98	7357	
419.18	7114	
419.38	6932.4	
419.59	7359.7	
419.79	6909.2	
419.99	5903.6	
420.2	6332.3	
420.4	7970	
420.6	8103.1	
420.8	5886.5	
421.01	5715.9	
421.21	7761.8	
421.41	7977.5	
421.61	6281.1	
421.82	5935.7	
422.02	7210.2	
422.22	8221.9	
422.42	6879.8	
422.63	6445	
422.83	7449.1	
423.03	8626	
423.23	6488	
423.44	5390.3	
423.64	7450.5	
423.84	7168.6	
424.04	5837.4	
424.25	5480.4	
424.45	8362.5	
424.65	8396	
424.85	5210	
425.06	5954.8	
425.26	8326.4	
425.46	6774.7	
425.66	6408.1	
425.87	6109.8	
426.07	8081.3	
426.27	7913.4	
426.47	6238.8	
426.67	5593.7	
426.88	8366	
427.08	7841	
427.28	6491.4	
427.48	5491.3	
427.69	6711.9	
427.89	7406.1	
428.09	6491.4	
428.29	5588.9	
428.5	8223.3	
428.7	7712.7	
428.9	5492	
429.1	6017.6	
429.3	7613	
429.51	8035.5	
429.71	5827.8	
429.91	6638.8	
430.11	7903.8	
430.31	8239.7	
430.52	6145.3	
430.72	6484.6	
430.92	8474.5	
431.12	7901.7	
431.32	5819	
431.53	6206.7	
431.73	6842.9	
431.93	8566	
432.13	5748.6	
432.33	5569.8	
432.54	7310.6	
432.74	7783	
432.94	5597.1	
433.14	6677.7	
433.34	7789.1	
433.55	7364.5	
433.75	6566.5	
433.95	8548.9	
434.15	7720.8	
434.35	7329.7	
434.56	5748	
434.76	5287.2	
434.96	7676.5	
435.16	7941.3	
435.36	5683.8	
435.56	6875	
435.77	7300.3	
435.97	7476.5	
436.17	7583.6	
436.37	6829.3	
436.57	7393.8	
436.78	7266.2	
436.98	8211	
437.18	7436.9	
437.38	8113.4	
437.58	7567.2	
437.78	7516.7	
437.99	6102.9	
438.19	8007.6	
438.39	8914.1	
438.59	6021	
438.79	5470.1	
438.99	8763.9	
439.2	7493.5	
439.4	5655.8	
439.6	5635.3	
439.8	7977.5	
440	9019.3	
440.2	6756.2	
440.4	7002.7	
440.61	8297	
440.81	8987.9	
441.01	5937.1	
441.21	6956.3	
441.41	8815.8	
441.61	8400.8	
441.81	7225.9	
442.02	8421.2	
442.22	9359.2	
442.42	8422.6	
442.62	6087.2	
442.82	6109.1	
443.02	8792.6	
443.22	7821.2	
443.43	6580.1	
443.63	6087.2	
443.83	7686	
444.03	7681.2	
444.23	7429.3	
444.43	7030	
444.63	8056	
444.83	9429.5	
445.04	6145.3	
445.24	7556.3	
445.44	8403.5	
445.64	8480.6	
445.84	7014.3	
446.04	7077.8	
446.24	7650.5	
446.44	8750.3	
446.65	6146	
446.85	6546.7	
447.05	7841	
447.25	8763.9	
447.45	6653.9	
447.65	6076.3	
447.85	8097	
448.05	7705.8	
448.25	7180.9	
448.46	6948.8	
448.66	8121.6	
448.86	7764.5	
449.06	5902.2	
449.26	7180.2	
449.46	8609	
449.66	7463.5	
449.86	6661.4	
450.06	6639.5	
450.26	7666.2	
450.47	8343.4	
450.67	6866.2	
450.87	7374.1	
451.07	8286.1	
451.27	8155	
451.47	6134.3	
451.67	6823.8	
451.87	7852.6	
452.07	9021.3	
452.27	6404	
452.47	6432.7	
452.67	8132.5	
452.88	8676.6	
453.08	5681.7	
453.28	7908.6	
453.48	9380.4	
453.68	8080.6	
453.88	6320.7	
454.08	6603.3	
454.28	8594	
454.48	8165.3	
454.68	7294.2	
454.88	7736.5	
455.08	8766	
455.28	8511.4	
455.48	6234.7	
455.68	6841.6	
455.89	9226.1	
456.09	8954.4	
456.29	6635.4	
456.49	6673	
456.69	9119.6	
456.89	8265.6	
457.09	7232.1	
457.29	7636.9	
457.49	8772.8	
457.69	8888.9	
457.89	7147.4	
458.09	6411.5	
458.29	8366	
458.49	9254.8	
458.69	7541.3	
458.89	7010.9	
459.09	9540.1	
459.29	9568.8	
459.49	7033.4	
459.69	8001.4	
459.9	9030.9	
460.1	8595.3	
460.3	6933.1	
460.5	6821.1	
460.7	9026.8	
460.9	8763.9	
461.1	6407.4	
461.3	7808.9	
461.5	9811.1	
461.7	9348.3	
461.9	6930.3	
462.1	7452.6	
462.3	8849.3	
462.5	9464.3	
462.7	6987.7	
462.9	7125.6	
463.1	10637	
463.3	10238	
463.5	7376.1	
463.7	8457.4	
463.9	9082.7	
464.1	9441.1	
464.3	7593.2	
464.5	7804.8	
464.7	9775	
464.9	9507.4	
465.1	9255.5	
465.3	8221.9	
465.5	10140	
465.7	10124	
465.9	8462.2	
466.1	8310.7	
466.3	10035	
466.5	9682.8	
466.7	9316.2	
466.9	8076.5	
467.1	9771.5	
467.3	10813	
467.5	9213.8	
467.7	8034.9	
467.9	11012	
468.1	11926	
468.3	8860.2	
468.5	9334	
468.7	9850	
468.9	9781.1	
469.1	8380.3	
469.3	9174.9	
469.5	12054	
469.7	9402.9	
469.9	8817.2	
470.1	8228.7	
470.3	9877.4	
470.5	9921	
470.7	8840.4	
470.9	8237.6	
471.1	9540.1	
471.3	10010	
471.5	7995.3	
471.69	10103	
471.89	9385.8	
472.09	8970.1	
472.29	8868.4	
472.49	9303.2	
472.69	9211.8	
472.89	10086	
473.09	7880.6	
473.29	8000.7	
473.49	9319.6	
473.69	9459.6	
473.89	9104.6	
474.09	8149.6	
474.29	10905	
474.49	10568	
474.69	9053.4	
474.89	8358.4	
475.09	9595.4	
475.29	9499.8	
475.49	7732.4	
475.69	8010.3	
475.88	11226	
476.08	9852.1	
476.28	7696.3	
476.48	8113.4	
476.68	10278	
476.88	10138	
477.08	7955	
477.28	8348.9	
477.48	9478	
477.68	10293	
477.88	7772	
478.08	8139.3	
478.28	10744	
478.48	9772.9	
478.67	8177.5	
478.87	7509.9	
479.07	10538	
479.27	9697.8	
479.47	8415.8	
479.67	8432.2	
479.87	10234	
480.07	10873	
480.27	7621.2	
480.47	9364.7	
480.67	9893.7	
480.87	10606	
481.06	7868.3	
481.26	8810.4	
481.46	9838.4	
481.66	9847.3	
481.86	8439.7	
482.06	9562.6	
482.26	9504.6	
482.46	10522	
482.66	8389.2	
482.86	8009.6	
483.05	9903.3	
483.25	9312.8	
483.45	11065	
483.65	8375.5	
483.85	9531.2	
484.05	9907.4	
484.25	8867.7	
484.45	9416.6	
484.65	10773	
484.84	10884	
485.04	8249.9	
485.24	8385.7	
485.44	11065	
485.64	9323.7	
485.84	7702.4	
486.04	9153.1	
486.24	9591.3	
486.44	10128	
486.63	7704.5	
486.83	8582.4	
487.03	9625.5	
487.23	9911.5	
487.43	7861.5	
487.63	10367	
487.83	9965.4	
488.02	11106	
488.22	8910.7	
488.42	9499.2	
488.62	10864	
488.82	9787.2	
489.02	8442.4	
489.22	8589.9	
489.41	10735	
489.61	10482	
489.81	8353.7	
490.01	8263.6	
490.21	10719	
490.41	11347	
490.61	8126.3	
490.8	8319.5	
491	10118	
491.2	9325.1	
491.4	8896.4	
491.6	7936.6	
491.8	10132	
491.99	10352	
492.19	7811	
492.39	8260.1	
492.59	10678	
492.79	10824	
492.99	9208.4	
493.18	8252.6	
493.38	10886	
493.58	11842	
493.78	9155.8	
493.98	8624	
494.18	10606	
494.37	10131	
494.57	9541.5	
494.77	9437	
494.97	10925	
495.17	11455	
495.37	8882	
495.56	9272.5	
495.76	11516	
495.96	11019	
496.16	10365	
496.36	9153.7	
496.55	11266	
496.75	10822	
496.95	9496.4	
497.15	9376.3	
497.35	11262	
497.54	11310	
497.74	9235	
497.94	11107	
498.14	12085	
498.34	11835	
498.53	8886.8	
498.73	9785.9	
498.93	10798	
499.13	11443	
499.33	9626.8	
499.52	10058	
499.72	11354	
499.92	11766	
500.12	9338.1	
500.32	9617.3	
500.51	11670	
500.71	11526	
500.91	10433	
501.11	10008	
501.31	11523	
501.5	11948	
501.7	10800	
501.9	9636.4	
502.1	11369	
502.29	11614	
502.49	10114	
502.69	10595	
502.89	11527	
503.09	11520	
503.28	9007	
503.48	9239.1	
503.68	10637	
503.88	10813	
504.07	10167	
504.27	9738.8	
504.47	11138	
504.67	11209	
504.86	10137	
505.06	9850	
505.26	10656	
505.46	12704	
505.65	9638.4	
505.85	9841.9	
506.05	10622	
506.25	11192	
506.44	8831.5	
506.64	9862.3	
506.84	10634	
507.04	11622	
507.23	9086.2	
507.43	9769.5	
507.63	12740	
507.83	10781	
508.02	9582.4	
508.22	9403.6	
508.42	13016	
508.62	10596	
508.81	9541.5	
509.01	10263	
509.21	10394	
509.4	10718	
509.6	9815.2	
509.8	9123	
510	10745	
510.19	12265	
510.39	9175.6	
510.59	9218.6	
510.79	10589	
510.98	12139	
511.18	9286.2	
511.38	9437.7	
511.57	11479	
511.77	11326	
511.97	10042	
512.17	8994	
512.36	11470	
512.56	11340	
512.76	9095.7	
512.95	8858.8	
513.15	11512	
513.35	10081	
513.55	10048	
513.74	9133.9	
513.94	11585	
514.14	10872	
514.33	10230	
514.53	9872.6	
514.73	10819	
514.92	11189	
515.12	9343.5	
515.32	9299.8	
515.51	11165	
515.71	11938	
515.91	10918	
516.11	9399.5	
516.3	13021	
516.5	10757	
516.7	9865.7	
516.89	10570	
517.09	10912	
517.29	10858	
517.48	10247	
517.68	9586.5	
517.88	10649	
518.07	11332	
518.27	10179	
518.47	9259.5	
518.66	11858	
518.86	10546	
519.06	8987.9	
519.25	9491.7	
519.45	10904	
519.65	12479	
519.84	10191	
520.04	10860	
520.24	12933	
520.43	11553	
520.63	9843.9	
520.83	9590.6	
521.02	10650	
521.22	11495	
521.42	10172	
521.61	10761	
521.81	10967	
522.01	11161	
522.2	10045	
522.4	9895.8	
522.6	11908	
522.79	10484	
522.99	9899.9	
523.18	9261.6	
523.38	11591	
523.58	11688	
523.77	11573	
523.97	9344.9	
524.17	13773	
524.36	12841	
524.56	10902	
524.76	10565	
524.95	11858	
525.15	11441	
525.34	10453	
525.54	10405	
525.74	12357	
525.93	11238	
526.13	11705	
526.33	10466	
526.52	12697	
526.72	12205	
526.91	11967	
527.11	11120	
527.31	12921	
527.5	13395	
527.7	11120	
527.89	10075	
528.09	11921	
528.29	12645	
528.48	11594	
528.68	11215	
528.87	12916	
529.07	12893	
529.27	11032	
529.46	10565	
529.66	12521	
529.85	12912	
530.05	10314	
530.25	11262	
530.44	13994	
530.64	12293	
530.83	10771	
531.03	11238	
531.23	13012	
531.42	12921	
531.62	12123	
531.81	11299	
532.01	13334	
532.21	13885	
532.4	11163	
532.6	11538	
532.79	14425	
532.99	13515	
533.18	11637	
533.38	12648	
533.58	13050	
533.77	14065	
533.97	11778	
534.16	12523	
534.36	14159	
534.55	13272	
534.75	12806	
534.95	11844	
535.14	14056	
535.34	13115	
535.53	11373	
535.73	13549	
535.92	14591	
536.12	13359	
536.31	11630	
536.51	12790	
536.71	13576	
536.9	13216	
537.1	11710	
537.29	11992	
537.49	14251	
537.68	13130	
537.88	12303	
538.07	11493	
538.27	13437	
538.46	14648	
538.66	11544	
538.86	12026	
539.05	13620	
539.25	14038	
539.44	12338	
539.64	11788	
539.83	13394	
540.03	14356	
540.22	11791	
540.42	11747	
540.61	13587	
540.81	13736	
541	12291	
541.2	13068	
541.39	13109	
541.59	13550	
541.78	12613	
541.98	11590	
542.18	12818	
542.37	12688	
542.57	12021	
542.76	12587	
542.96	12749	
543.15	13537	
543.35	11983	
543.54	11261	
543.74	13768	
543.93	13190	
544.13	11875	
544.32	13113	
544.52	13626	
544.71	12803	
544.91	10912	
545.1	12301	
545.3	12819	
545.49	13672	
545.69	10816	
545.88	11529	
546.08	14554	
546.27	14146	
546.47	12145	
546.66	11209	
546.86	13733	
547.05	14590	
547.24	11475	
547.44	11509	
547.63	12652	
547.83	13906	
548.02	11885	
548.22	12041	
548.41	12476	
548.61	13893	
548.8	11227	
549	11240	
549.19	13046	
549.39	13398	
549.58	10974	
549.78	11576	
549.97	13545	
550.17	12950	
550.36	12439	
550.55	13479	
550.75	12945	
550.94	13913	
551.14	11057	
551.33	11359	
551.53	12263	
551.72	13366	
551.92	11572	
552.11	11258	
552.31	13218	
552.5	13464	
552.69	13101	
552.89	10819	
553.08	13245	
553.28	12889	
553.47	11328	
553.67	12403	
553.86	13974	
554.06	12062	
554.25	10347	
554.44	11115	
554.64	14657	
554.83	14206	
555.03	10968	
555.22	11419	
555.42	13259	
555.61	13104	
555.8	11043	
556	11425	
556.19	12125	
556.39	13538	
556.58	11241	
556.78	11144	
556.97	12977	
557.16	12659	
557.36	12587	
557.55	10869	
557.75	11818	
557.94	13811	
558.13	10858	
558.33	10643	
558.52	13519	
558.72	12289	
558.91	10790	
559.1	11016	
559.3	12073	
559.49	11624	
559.69	10253	
559.88	11346	
560.07	12785	
560.27	13246	
560.46	11598	
560.66	11687	
560.85	12553	
561.04	11723	
561.24	10623	
561.43	10835	
561.63	11921	
561.82	12286	
562.01	12201	
562.21	11146	
562.4	12706	
562.59	13810	
562.79	11030	
562.98	10596	
563.18	12678	
563.37	14287	
563.56	11572	
563.76	10511	
563.95	12093	
564.14	11974	
564.34	11035	
564.53	10798	
564.73	12615	
564.92	13041	
565.11	11254	
565.31	10615	
565.5	13263	
565.69	12226	
565.89	10834	
566.08	11163	
566.27	13044	
566.47	13606	
566.66	11808	
566.85	10279	
567.05	12750	
567.24	12147	
567.44	10716	
567.63	12181	
567.82	12935	
568.02	12619	
568.21	10742	
568.4	11090	
568.6	12623	
568.79	12548	
568.98	10554	
569.18	10787	
569.37	12637	
569.56	14672	
569.76	11153	
569.95	12251	
570.14	13004	
570.34	12907	
570.53	10460	
570.72	10583	
570.91	13381	
571.11	12413	
571.3	11110	
571.49	12015	
571.69	12577	
571.88	12031	
572.07	11619	
572.27	11548	
572.46	12020	
572.65	13171	
572.85	10816	
573.04	11124	
573.23	13507	
573.43	12593	
573.62	10599	
573.81	11352	
574	12811	
574.2	12549	
574.39	11034	
574.58	11129	
574.78	13667	
574.97	12846	
575.16	11565	
575.36	11804	
575.55	13349	
575.74	13469	
575.93	10507	
576.13	11969	
576.32	12571	
576.51	13186	
576.71	10995	
576.9	12602	
577.09	13522	
577.28	13045	
577.48	11618	
577.67	10429	
577.86	12648	
578.05	13016	
578.25	11125	
578.44	11385	
578.63	12825	
578.83	14017	
579.02	10606	
579.21	12276	
579.4	12894	
579.6	12682	
579.79	11308	
579.98	13749	
580.17	13320	
580.37	13360	
580.56	10843	
580.75	11633	
580.94	13839	
581.14	13685	
581.33	12158	
581.52	10973	
581.71	13205	
581.91	13899	
582.1	10612	
582.29	11247	
582.48	12850	
582.68	12740	
582.87	11706	
583.06	11350	
583.25	13096	
583.45	12457	
583.64	12046	
583.83	12858	
584.02	12505	
584.21	13047	
584.41	12056	
584.6	11279	
584.79	12749	
584.98	13698	
585.18	10636	
585.37	10679	
585.56	12186	
585.75	13080	
585.94	10912	
586.14	11681	
586.33	13663	
586.52	12673	
586.71	11316	
586.91	11028	
587.1	11864	
587.29	12891	
587.48	11002	
587.67	10816	
587.87	12839	
588.06	12902	
588.25	12196	
588.44	11369	
588.63	12306	
588.83	12966	
589.02	10666	
589.21	10387	
589.4	11955	
589.59	11782	
589.78	9520.3	
589.98	9820.7	
590.17	11204	
590.36	11839	
590.55	9050	
590.74	9912.2	
590.94	13118	
591.13	11644	
591.32	9755.8	
591.51	9361.3	
591.7	12190	
591.89	11726	
592.09	9416.6	
592.28	9924.5	
592.47	11032	
592.66	12887	
592.85	9394.7	
593.05	9686.2	
593.24	11528	
593.43	12259	
593.62	9760.6	
593.81	10263	
594	11457	
594.19	11766	
594.39	9591.3	
594.58	9617.3	
594.77	11792	
594.96	12471	
595.15	9401.5	
595.34	10243	
595.54	11787	
595.73	10780	
595.92	8746.9	
596.11	10037	
596.3	12226	
596.49	10975	
596.68	9726.5	
596.88	10394	
597.07	12024	
597.26	10764	
597.45	9187.9	
597.64	10540	
597.83	11015	
598.02	11622	
598.22	9301.9	
598.41	10060	
598.6	11412	
598.79	10794	
598.98	9323.7	
599.17	10379	
599.36	11419	
599.55	12605	
599.74	11568	
599.94	11312	
600.13	11918	
600.32	10748	
600.51	9067	
600.7	9172.9	
600.89	12705	
601.08	12695	
601.27	9013.1	
601.47	10006	
601.66	11856	
601.85	12509	
602.04	9745.6	
602.23	9761.3	
602.42	10815	
602.61	11625	
602.8	9503.3	
602.99	9325.8	
603.18	11239	
603.37	11626	
603.57	10002	
603.76	10569	
603.95	12226	
604.14	11679	
604.33	9440.5	
604.52	9759.3	
604.71	11402	
604.9	11080	
605.09	10344	
605.28	10236	
605.47	12097	
605.66	11708	
605.86	10030	
606.05	9344.2	
606.24	11927	
606.43	10417	
606.62	9667.1	
606.81	10492	
607	11824	
607.19	10979	
607.38	9071.1	
607.57	9327.8	
607.76	10785	
607.95	10272	
608.14	9724.4	
608.33	10324	
608.52	10755	
608.72	11834	
608.91	8951	
609.1	8779	
609.29	10940	
609.48	10333	
609.67	9883.5	
609.86	8798.8	
610.05	10469	
610.24	10730	
610.43	8658.1	
610.62	8282.7	
610.81	12030	
611	11646	
611.19	8775.5	
611.38	9544.2	
611.57	11065	
611.76	12443	
611.95	8517.5	
612.14	8512.7	
612.33	10874	
612.52	10350	
612.71	9231.6	
612.9	8239	
613.09	9923.8	
613.28	12434	
613.47	8817.9	
613.66	9996.1	
613.85	10989	
614.04	10372	
614.24	8961.9	
614.43	8071	
614.62	11069	
614.81	10933	
615	9532.6	
615.19	9575.6	
615.38	10223	
615.57	10649	
615.76	9370.1	
615.95	10376	
616.14	11163	
616.33	10630	
616.52	9802.3	
616.71	9859.6	
616.9	10999	
617.09	10937	
617.28	8981.7	
617.47	10521	
617.66	10071	
617.85	10212	
618.04	10017	
618.22	9407.7	
618.41	10522	
618.6	11460	
618.79	9341.5	
618.98	9065	
619.17	11787	
619.36	10066	
619.55	9228.8	
619.74	9236.3	
619.93	11045	
620.12	10536	
620.31	9892.4	
620.5	10116	
620.69	11742	
620.88	12164	
621.07	10935	
621.26	9861.7	
621.45	11330	
621.64	11400	
621.83	9916.9	
622.02	9063.6	
622.21	11389	
622.4	11181	
622.59	10458	
622.78	10131	
622.97	10671	
623.16	11807	
623.35	9818	
623.54	8911.4	
623.72	10986	
623.91	11034	
624.1	10115	
624.29	8767.4	
624.48	12283	
624.67	11394	
624.86	10010	
625.05	9029.5	
625.24	12240	
625.43	10652	
625.62	11843	
625.81	9207.7	
626	11666	
626.19	10981	
626.38	10114	
626.56	9401.5	
626.75	10768	
626.94	11567	
627.13	9985.9	
627.32	8678.6	
627.51	11420	
627.7	12889	
627.89	8868.4	
628.08	10110	
628.27	10624	
628.46	10864	
628.65	9185.8	
628.83	8832.9	
629.02	11445	
629.21	10632	
629.4	9625.5	
629.59	9854.8	
629.78	10641	
629.97	11650	
630.16	9819.3	
630.35	9298.5	
630.54	12009	
630.72	11811	
630.91	9286.2	
631.1	9979.8	
631.29	11192	
631.48	11427	
631.67	10068	
631.86	9452.7	
632.05	10787	
632.24	10901	
632.42	9005.6	
632.61	9734	
632.8	10944	
632.99	10560	
633.18	9650	
633.37	10108	
633.56	11181	
633.75	10945	
633.93	9645.9	
634.12	9246.6	
634.31	11906	
634.5	11622	
634.69	9400.9	
634.88	9813.9	
635.07	10872	
635.25	11568	
635.44	10266	
635.63	10527	
635.82	10696	
636.01	10257	
636.2	10257	
636.39	9804.3	
636.57	11955	
636.76	11561	
636.95	8985.1	
637.14	10568	
637.33	11186	
637.52	12217	
637.7	8775.5	
637.89	9920.4	
638.08	10719	
638.27	12291	
638.46	9953.8	
638.65	10447	
638.83	12238	
639.02	10512	
639.21	9722.4	
639.4	10312	
639.59	10963	
639.78	10456	
639.96	8981	
640.15	8999.5	
640.34	10690	
640.53	10971	
640.72	8523.6	
640.91	8970.1	
641.09	10064	
641.28	11533	
641.47	8924.4	
641.66	9850	
641.85	10834	
642.03	11073	
642.22	9600.9	
642.41	9090.3	
642.6	10257	
642.79	9501.9	
642.97	8701.8	
643.16	9474.6	
643.35	10100	
643.54	9873.9	
643.73	8507.9	
643.91	9564	
644.1	9707.4	
644.29	10382	
644.48	8602.8	
644.67	8689.5	
644.85	9867.8	
645.04	10191	
645.23	8091.5	
645.42	8489.5	
645.6	9664.4	
645.79	10835	
645.98	8320.2	
646.17	7406.8	
646.36	9239.1	
646.54	9996.1	
646.73	9197.4	
646.92	7882.6	
647.11	9388.6	
647.29	10625	
647.48	7942.7	
647.67	7707.2	
647.86	10778	
648.05	10912	
648.23	8258.1	
648.42	9630.2	
648.61	10141	
648.8	9886.2	
648.98	7955	
649.17	8215.8	
649.36	9444.5	
649.55	8877.9	
649.73	7937.2	
649.92	8810.4	
650.11	9327.8	
650.3	9695.8	
650.48	8011	
650.67	7662.1	
650.86	9909.4	
651.05	8768.7	
651.23	7953.6	
651.42	7959.8	
651.61	9343.5	
651.79	9454.1	
651.98	8232.2	
652.17	7744.1	
652.36	9777.7	
652.54	8792.6	
652.73	7767.3	
652.92	7525.6	
653.11	9889	
653.29	9938.1	
653.48	6988.4	
653.67	7991.2	
653.85	9514.2	
654.04	10684	
654.23	8150.9	
654.42	7656.7	
654.6	8796.7	
654.79	9495.7	
654.98	7015.7	
655.16	7550.9	
655.35	8349.6	
655.54	8275.8	
655.73	7084.6	
655.91	7086.7	
656.1	9671.2	
656.29	8352.3	
656.47	6684.6	
656.66	8541.4	
656.85	8661.5	
657.03	8791.2	
657.22	7259.4	
657.41	7396.6	
657.59	8799.4	
657.78	8615.8	
657.97	6968.6	
658.16	7778.9	
658.34	9563.3	
658.53	9923.1	
658.72	8680	
658.9	9209.7	
659.09	8874.5	
659.28	8991.3	
659.46	7418.4	
659.65	7420.5	
659.84	8663.6	
660.02	9164	
660.21	7245.7	
660.4	7314.7	
660.58	9661	
660.77	8932.6	
660.96	7869	
661.14	6882.5	
661.33	10251	
661.52	10052	
661.7	6782.9	
661.89	10658	
662.08	8561.2	
662.26	8151.6	
662.45	7002.7	
662.64	7150.8	
662.82	9330.5	
663.01	8440.4	
663.2	7207.5	
663.38	7976.8	
663.57	9138.7	
663.75	8999.5	
663.94	7458.7	
664.13	8749.6	
664.31	8391.9	
664.5	9256.8	
664.69	7704.5	
664.87	8325	
665.06	8195.3	
665.25	9020.6	
665.43	8530.5	
665.62	8692.9	
665.8	9326.4	
665.99	8639	
666.18	7409.6	
666.36	7582.9	
666.55	9284.8	
666.74	9189.9	
666.92	6997.9	
667.11	8794	
667.29	8591.9	
667.48	9364	
667.67	8298.4	
667.85	7288	
668.04	8619.2	
668.22	8694.3	
668.41	7473	
668.6	7626.6	
668.78	8398.7	
668.97	8594	
669.15	7883.3	
669.34	6727.6	
669.53	8436.3	
669.71	8761.9	
669.9	6929.6	
670.08	7620.5	
670.27	8406.2	
670.46	9032.9	
670.64	7856.7	
670.83	8155	
671.01	8224	
671.2	8926.4	
671.38	7053.2	
671.57	6961	
671.76	9645.3	
671.94	10234	
672.13	6803.4	
672.31	7899	
672.5	9181	
672.69	8266.3	
672.87	7026.6	
673.06	7352.2	
673.24	8953	
673.43	8465.6	
673.61	7785.7	
673.8	7280.5	
673.98	9157.2	
674.17	9293	
674.36	8000	
674.54	7707.2	
674.73	8870.4	
674.91	9056.8	
675.1	7421.2	
675.28	7094.8	
675.47	8643.8	
675.65	9239.8	
675.84	7321.5	
676.03	7770	
676.21	8404.9	
676.4	7823.9	
676.58	8120.9	
676.77	7990.5	
676.95	9912.2	
677.14	8316.1	
677.32	6934.4	
677.51	6802.7	
677.69	9149.6	
677.88	7981.6	
678.06	6815.6	
678.25	6952.2	
678.44	8742.8	
678.62	8284.7	
678.81	6692.8	
678.99	7669	
679.18	9490.3	
679.36	9061.6	
679.55	7338.6	
679.73	7854.6	
679.92	9008.3	
680.1	8376.2	
680.29	8606.2	
680.47	7303.7	
680.66	8269.7	
680.84	9260.9	
681.03	6501.6	
681.21	7695.6	
681.4	8402.1	
681.58	8229.4	
681.77	6854.6	
681.95	7032.7	
682.14	9166	
682.32	9632.3	
682.51	7935.2	
682.69	6707.1	
682.88	8245.8	
683.06	8982.4	
683.25	7733.1	
683.43	8122.9	
683.62	8546.9	
683.8	8940.1	
683.99	8161.8	
684.17	7429.3	
684.36	9794.8	
684.54	8293.6	
684.73	6421.1	
684.91	6655.9	
685.1	8634.9	
685.28	7972.1	
685.46	7282.6	
685.65	7262.1	
685.83	8983.1	
686.02	8355.7	
686.2	6793.8	
686.39	6924.2	
686.57	7937.9	
686.76	9698.5	
686.94	6844.3	
687.13	7059.3	
687.31	8898.4	
687.5	8307.2	
687.68	6495.5	
687.86	7774.1	
688.05	10172	
688.23	7894.9	
688.42	7957.7	
688.6	7010.2	
688.79	8353.7	
688.97	8411.7	
689.16	7502.4	
689.34	6351.4	
689.52	9252	
689.71	9413.1	
689.89	7748.1	
690.08	6993.1	
690.26	8755.7	
690.45	8535.3	
690.63	8032.8	
690.81	7160.4	
691	8415.8	
691.18	8379.6	
691.37	7337.2	
691.55	9708.1	
691.74	8170	
691.92	10499	
692.1	7442.3	
692.29	6822.5	
692.47	8642.4	
692.66	7856.7	
692.84	7090.8	
693.02	7737.9	
693.21	8079.9	
693.39	8587.8	
693.58	7811.6	
693.76	7240.9	
693.94	9904.7	
694.13	9702.6	
694.31	7291.5	
694.5	8533.2	
694.68	8540.7	
694.86	8921.6	
695.05	7770	
695.23	8089.5	
695.42	9364	
695.6	11859	
695.78	8395.3	
695.97	7486.7	
696.15	9439.8	
696.34	8757.1	
696.52	7218.4	
696.7	8101.8	
696.89	9205.6	
697.07	8572.8	
697.25	8035.5	
697.44	9817.3	
697.62	9153.7	
697.81	9579	
697.99	7751.6	
698.17	8383.7	
698.36	8533.9	
698.54	9084.1	
698.72	8153.6	
698.91	7074.4	
699.09	8832.2	
699.28	8723.7	
699.46	7882.6	
699.64	7587	
699.83	8602.2	
700.01	10062	
700.19	8591.2	
700.38	6982.9	
700.56	10099	
700.74	8949.6	
700.93	7411.6	
701.11	8278.6	
701.29	9566.1	
701.48	10680	
701.66	7778.2	
701.84	7799.3	
702.03	9176.3	
702.21	9843.2	
702.39	7326.3	
702.58	8006.2	
702.76	9676.7	
702.94	9813.2	
703.13	7401.4	
703.31	10029	
703.49	8951.7	
703.68	10568	
703.86	7619.1	
704.04	8705.9	
704.23	9503.3	
704.41	9972.9	
704.59	7883.3	
704.78	9118.9	
704.96	10698	
705.14	10124	
705.33	7644.4	
705.51	8552.3	
705.69	9473.9	
705.87	10318	
706.06	8907.3	
706.24	7694.2	
706.42	9791.3	
706.61	10193	
706.79	8975.6	
706.97	7751.6	
707.16	9204.9	
707.34	9867.8	
707.52	8899.8	
707.7	8033.5	
707.89	9536	
708.07	9099.8	
708.25	9090.9	
708.44	9171.5	
708.62	9396.8	
708.8	10596	
708.98	9239.8	
709.17	8161.8	
709.35	9827.5	
709.53	10029	
709.72	7942.7	
709.9	8101.1	
710.08	10121	
710.26	10288	
710.45	9677.3	
710.63	8385.1	
710.81	9833.7	
710.99	9902.6	
711.18	8921.6	
711.36	8350.9	
711.54	9700.5	
711.72	10415	
711.91	8422.6	
712.09	7778.9	
712.27	9782.5	
712.45	10989	
712.64	8731.9	
712.82	7587.7	
713	9031.5	
713.18	9273.2	
713.37	7682.6	
713.55	9019.3	
713.73	10231	
713.91	8441.7	
714.1	7829.4	
714.28	7187.7	
714.46	9453.4	
714.64	8572.8	
714.83	6473.6	
715.01	7332.4	
715.19	8432.9	
715.37	7913.4	
715.55	6885.3	
715.74	7178.1	
715.92	9354.4	
716.1	7282.6	
716.28	8387.1	
716.47	7342	
716.65	8002.1	
716.83	8166.6	
717.01	7205.4	
717.19	7260	
717.38	10456	
717.56	7786.4	
717.74	7602.1	
717.92	6701.6	
718.1	9247.9	
718.29	8477.2	
718.47	6373.3	
718.65	7168.6	
718.83	9368.1	
719.01	9301.2	
719.2	6447	
719.38	7761.8	
719.56	9024.7	
719.74	10845	
719.92	7184.3	
720.11	8290.9	
720.29	8957.8	
720.47	8039.6	
720.65	6654.5	
720.83	7499.7	
721.02	8245.8	
721.2	8023.3	
721.38	7350.8	
721.56	6608.8	
721.74	7530.4	
721.92	7657.4	
722.11	8036.2	
722.29	7686.7	
722.47	9075.2	
722.65	8107.9	
722.83	6668.2	
723.01	7696.9	
723.2	8263.6	
723.38	8630.8	
723.56	6072.9	
723.74	7282.6	
723.92	7639.6	
724.1	8970.1	
724.29	6550.1	
724.47	7778.2	
724.65	7774.1	
724.83	7663.5	
725.01	6416.3	
725.19	7425.9	
725.37	7715.4	
725.56	7869	
725.74	6322.8	
725.92	6707.1	
726.1	7774.1	
726.28	7946.1	
726.46	7053.2	
726.64	6817.7	
726.83	7973.4	
727.01	8284	
727.19	6311.2	
727.37	7271.7	
727.55	8159.8	
727.73	8638.3	
727.91	6306.4	
728.09	6152.8	
728.28	8792.6	
728.46	9460.3	
728.64	7391.8	
728.82	7398.6	
729	10017	
729.18	9197.4	
729.36	6613.6	
729.54	9118.9	
729.72	10400	
729.91	8591.9	
730.09	8740	
730.27	7496.9	
730.45	8419.9	
730.63	9211.8	
730.81	8121.6	
730.99	7107.8	
731.17	9800.9	
731.35	8155.7	
731.53	7797.3	
731.71	7206.1	
731.9	9392.7	
732.08	9624.1	
732.26	7482.6	
732.44	7116	
732.62	9621.4	
732.8	9198.8	
732.98	8055.3	
733.16	6879.8	
733.34	9063.6	
733.52	7731.8	
733.7	7410.9	
733.88	7821.2	
734.07	8858.8	
734.25	8712.1	
734.43	6849.8	
734.61	8625.4	
734.79	10281	
734.97	8497	
735.15	6983.6	
735.33	7423.2	
735.51	8858.8	
735.69	8537.3	
735.87	8615.1	
736.05	7572	
736.23	8789.9	
736.41	8492.2	
736.59	7315.3	
736.77	7593.2	
736.95	9263	
737.13	8607.6	
737.32	6950.8	
737.5	7314	
737.68	9818.6	
737.86	8456.1	
738.04	6774.7	
738.22	8771.5	
738.4	8219.2	
738.58	8445.1	
738.76	7479.2	
738.94	6352.8	
739.12	8350.3	
739.3	8261.5	
739.48	8216.5	
739.66	7888.8	
739.84	8619.9	
740.02	8677.9	
740.2	6410.1	
740.38	6732.4	
740.56	8998.8	
740.74	7778.9	
740.92	7484	
741.1	7372.7	
741.28	8344.8	
741.46	8182.3	
741.64	6978.8	
741.82	7466.2	
742	8396.7	
742.18	8329.1	
742.36	7121.5	
742.54	6688	
742.72	8963.3	
742.9	7630.7	
743.08	7561.1	
743.26	6256.5	
743.44	9207.7	
743.62	8989.2	
743.8	7737.9	
743.98	6653.2	
744.16	8644.5	
744.34	8249.2	
744.52	7539.3	
744.7	7477.8	
744.88	8667	
745.06	8187.1	
745.24	7563.8	
745.42	7682.6	
745.6	8776.2	
745.78	8387.1	
745.96	6162.3	
746.14	6526.2	
746.32	9435	
746.5	8738.7	
746.68	7221.8	
746.86	6583.5	
747.03	9245.9	
747.21	7346.7	
747.39	7166.5	
747.57	6550.8	
747.75	8216.5	
747.93	8699.8	
748.11	6613.6	
748.29	6417	
748.47	9920.4	
748.65	7918.8	
748.83	7287.4	
749.01	6998.6	
749.19	8449.2	
749.37	7480.5	
749.55	6838.2	
749.73	6989.7	
749.91	8044.4	
750.09	7781.6	
750.26	7060.7	
750.44	6276.3	
750.62	8098.4	
750.8	8077.2	
750.98	6152.8	
751.16	6440.9	
751.34	8125	
751.52	7417.1	
751.7	7361.1	
751.88	6075	
752.06	8638.3	
752.24	8376.2	
752.42	6036.7	
752.59	6371.2	
752.77	8036.9	
752.95	9331.2	
753.13	7212.3	
753.31	6525.5	
753.49	7599.3	
753.67	8142.7	
753.85	6837.5	
754.03	6417	
754.21	8307.2	
754.38	8709.3	
754.56	6503.7	
754.74	5395	
754.92	7402	
755.1	8102.4	
755.28	5306.3	
755.46	5119.9	
755.64	8589.2	
755.82	8584.4	
755.99	5126.7	
756.17	5177.3	
756.35	5670.8	
756.53	7335.1	
756.71	3905.5	
756.89	4905.6	
757.07	6877.1	
757.25	6028.5	
757.42	5669.5	
757.6	6624.5	
757.78	7158.3	
757.96	6124.1	
758.14	5429.2	
758.32	4895.3	
758.5	5632.6	
758.67	6521.4	
758.85	5218.2	
759.03	5331.5	
759.21	6624.5	
759.39	6083.1	
759.57	4667.3	
759.75	6010.8	
759.92	7232.7	
760.1	6604.7	
760.28	6438.1	
760.46	6726.2	
760.64	6445	
760.82	6216.3	
760.99	6340.5	
761.17	5439.4	
761.35	7441.6	
761.53	6344.6	
761.71	5593.7	
761.89	6396.5	
762.06	7374.7	
762.24	6778.8	
762.42	5812.1	
762.6	5606	
762.78	6823.8	
762.96	7576.1	
763.13	6221	
763.31	5906.3	
763.49	7725.6	
763.67	6849.1	
763.85	6807.4	
764.02	7437.5	
764.2	8031.5	
764.38	7202	
764.56	5771.9	
764.74	6727.6	
764.91	8146.1	
765.09	6984.3	
765.27	5384.8	
765.45	5156.8	
765.63	8097.7	
765.8	7993.9	
765.98	4910.3	
766.16	5231.2	
766.34	6405.4	
766.52	6159.6	
766.69	6184.9	
766.87	5061.9	
767.05	6858.6	
767.23	7761.8	
767.41	5312.4	
767.58	5621.7	
767.76	7413.6	
767.94	7514.7	
768.12	5321.3	
768.29	6198.5	
768.47	6918.7	
768.65	7759.8	
768.83	4934.2	
769	6218.3	
769.18	6358.9	
769.36	7122.2	
769.54	6158.9	
769.72	4977.2	
769.89	7340.6	
770.07	7513.3	
770.25	5257.1	
770.43	6628.6	
770.6	8145.5	
770.78	8708	
770.96	5466.7	
771.14	6190.3	
771.31	7223.9	
771.49	6484.6	
771.67	4501.4	
771.85	4801.8	
772.02	5718.6	
772.2	6483.2	
772.38	5313.8	
772.55	4987.5	
772.73	6732.4	
772.91	6482.5	
773.09	5382.1	
773.26	5498.1	
773.44	6701.6	
773.62	6324.8	
773.8	4836.6	
773.97	4536.3	
774.15	6692.8	
774.33	6293.4	
774.5	4671.4	
774.68	5114.5	
774.86	6908.5	
775.04	6258.6	
775.21	4794.3	
775.39	4696.7	
775.57	6657.3	
775.74	7014.3	
775.92	4574.5	
776.1	4511	
776.27	6513.2	
776.45	7879.2	
776.63	4696.7	
776.81	4214.7	
776.98	6101.6	
777.16	7316	
777.34	4903.5	
777.51	5124.7	
777.69	6125.5	
777.87	5911.1	
778.04	4854.4	
778.22	5592.3	
778.4	5885.9	
778.57	6568.5	
778.75	3997.6	
778.93	4392.9	
779.1	5630.5	
779.28	5516.5	
779.46	4059.8	
779.64	4631.1	
779.81	6680.5	
779.99	7662.8	
780.17	5451	
780.34	5633.3	
780.52	6110.5	
780.69	6340.5	
780.87	4922	
781.05	4459.1	
781.22	6104.3	
781.4	6213.5	
781.58	4536.9	
781.75	3689.1	
781.93	6092.7	
782.11	5526.8	
782.28	5474.9	
782.46	4573.8	
782.64	5369.8	
782.81	6240.2	
782.99	4540.3	
783.17	4609.3	
783.34	6219	
783.52	5313.8	
783.69	4808.6	
783.87	5612.1	
784.05	5461.2	
784.22	5409.4	
784.4	5623	
784.58	4858.5	
784.75	6408.8	
784.93	5468.1	
785.1	4502.1	
785.28	5131.5	
785.46	6090.7	
785.63	5444.9	
785.81	4427	
785.99	4227.7	
786.16	5593.7	
786.34	6008.7	
786.51	4310.3	
786.69	4707.6	
786.87	5130.8	
787.04	5705.6	
787.22	4100.7	
787.39	5172.5	
787.57	5356.1	
787.75	6601.3	
787.92	5344.5	
788.1	5364.3	
788.27	5369.8	
788.45	5217.5	
788.63	4915.1	
788.8	3627	
788.98	5730.9	
789.15	5070.1	
789.33	3771.7	
789.5	4409.3	
789.68	6321.4	
789.86	6464.1	
790.03	4891.9	
790.21	4206.5	
790.38	6348.7	
790.56	5485.8	
790.73	4149.2	
790.91	4217.5	
791.09	5317.2	
791.26	6182.1	
791.44	4370.4	
791.61	3796.3	
791.79	5342.5	
791.96	5421	
792.14	3862.5	
792.32	3443.3	
792.49	5339.1	
792.67	5494.7	
792.84	3999.7	
793.02	3747.8	
793.19	5814.9	
793.37	6599.9	
793.54	3465.8	
793.72	3906.8	
793.89	6848.4	
794.07	5393	
794.25	4382	
794.42	3568.9	
794.6	6407.4	
794.77	6029.2	
794.95	4734.2	
795.12	4133.5	
795.3	5327.4	
795.47	6019.7	
795.65	4555.4	
795.82	4373.1	
796	5176.6	
796.17	7260	
796.35	4311	
796.52	5014.8	
796.7	5913.9	
796.87	6065.4	
797.05	5268.1	
797.22	5174.5	
797.4	5957.5	
797.57	7006.8	
797.75	4401.1	
797.92	4145.1	
798.1	6205.3	
798.27	5338.4	
798.45	3543.7	
798.62	3792.2	
798.8	5601.9	
798.97	6199.2	
799.15	4613.4	
799.32	4446.8	
799.5	4803.2	
799.67	5715.9	
799.85	4745.1	
800.02	3443.3	
800.2	5225.1	
800.37	5548.6	
800.55	4973.2	
800.72	4038.6	
800.9	6072.9	
801.07	6604.7	
801.25	5586.9	
801.42	4531.5	
801.6	6162.3	
801.77	5857.9	
801.95	4253.6	
802.12	4029	
802.29	5833.3	
802.47	5807.4	
802.64	4530.1	
802.82	3420.8	
802.99	5204.6	
803.17	6371.2	
803.34	4355.3	
803.52	3980.6	
803.69	7052.5	
803.87	5044.8	
804.04	4349.2	
804.21	4472.1	
804.39	6404.7	
804.56	5531.6	
804.74	3665.2	
804.91	4534.9	
805.09	5246.2	
805.26	5350	
805.44	3728	
805.61	4112.3	
805.78	5991.7	
805.96	6054.5	
806.13	4478.9	
806.31	4811.4	
806.48	4794.3	
806.66	5351.3	
806.83	4458.4	
807	4364.2	
807.18	5158.8	
807.35	5633.3	
807.53	4326	
807.7	3519.1	
807.87	6503.7	
808.05	5298.8	
808.22	4792.2	
808.4	3476.8	
808.57	5276.3	
808.74	4867.3	
808.92	3919.8	
809.09	5074.2	
809.27	5120.6	
809.44	5788.2	
809.61	3506.1	
809.79	3959.4	
809.96	6489.3	
810.14	6062	
810.31	3344.3	
810.48	4169	
810.66	5374.6	
810.83	6180.1	
811.01	3950.5	
811.18	4444.8	
811.35	6104.3	
811.53	4717.2	
811.7	4795.7	
811.87	4457.1	
812.05	5338.4	
812.22	5190.9	
812.39	3850.9	
812.57	3745.7	
812.74	5284.4	
812.92	7057.3	
813.09	4165.6	
813.26	4556	
813.44	6746	
813.61	5135.6	
813.78	3485.6	
813.96	4693.9	
814.13	5311.1	
814.3	4932.2	
814.48	5044.1	
814.65	4171.7	
814.82	6578.8	
815	5010	
815.17	4331.5	
815.34	5298.1	
815.52	5207.3	
815.69	5261.9	
815.87	4249.5	
816.04	4250.2	
816.21	5319.3	
816.38	4603.2	
816.56	4157.4	
816.73	3815.4	
816.9	6592.4	
817.08	6126.2	
817.25	3874.1	
817.42	4937.7	
817.6	4807.9	
817.77	5312.4	
817.94	4357.4	
818.12	3823.6	
818.29	4993.6	
818.46	7924.3	
818.64	3994.9	
818.81	3736.9	
818.98	4897.4	
819.16	7243	
819.33	4699.4	
819.5	4300.7	
819.67	5678.3	
819.85	6354.8	
820.02	4200.4	
820.19	4517.8	
820.37	5528.2	
820.54	5086.5	
820.71	4426.3	
820.88	5375.9	
821.06	5490.6	
821.23	5031.2	
821.4	4349.2	
821.58	4337.6	
821.75	6108.4	
821.92	5425.1	
822.09	3496.6	
822.27	3674.7	
822.44	5292.6	
822.61	5199.8	
822.79	3532.1	
822.96	6836.8	
823.13	5810.1	
823.3	4956.1	
823.48	4061.1	
823.65	3688.4	
823.82	5995.8	
823.99	4752.7	
824.17	5198.4	
824.34	3773.7	
824.51	6909.2	
824.68	5267.4	
824.86	3882.9	
825.03	4362.9	
825.2	5261.2	
825.37	6449.7	
825.55	3780.6	
825.72	4315.1	
825.89	7034.8	
826.06	6526.2	
826.24	4197	
826.41	4203.1	
826.58	6429.9	
826.75	5574.6	
826.92	3330	
827.1	3648.8	
827.27	8860.9	
827.44	6989	
827.61	3956.7	
827.79	4803.2	
827.96	4998.4	
828.13	5411.4	
828.3	4166.9	
828.47	3508.2	
828.65	5507.7	
828.82	5456.5	
828.99	5335.6	
829.16	4681	
829.34	5883.1	
829.51	5657.2	
829.68	4289.8	
829.85	4438.6	
830.02	6167.8	
830.2	5926.8	
830.37	3278.8	
830.54	5201.8	
830.71	6786.3	
830.88	5209.3	
831.05	3403	
831.23	3910.9	
831.4	6513.9	
831.57	7281.9	
831.74	3981.9	
831.91	3520.5	
832.09	5472.9	
832.26	5877	
832.43	4141	
832.6	4638.6	
832.77	5583.4	
832.94	6350.8	
833.12	3216	
833.29	4087.7	
833.46	5122.7	
833.63	7509.2	
833.8	4487.1	
833.97	4166.3	
834.15	5927.5	
834.32	5656.5	
834.49	4323.9	
834.66	4450.9	
834.83	6163.7	
835	4941.7	
835.17	3974.4	
835.35	3986.7	
835.52	5752.7	
835.69	5665.4	
835.86	4248.9	
836.03	3498.6	
836.2	5773.9	
836.37	5403.2	
836.55	4076.1	
836.72	3919.1	
836.89	5386.8	
837.06	5999.9	
837.23	4200.4	
837.4	4623.6	
837.57	6813.6	
837.75	7503.1	
837.92	3813.3	
838.09	4012.7	
838.26	5408.7	
838.43	6214.9	
838.6	4336.9	
838.77	3861.8	
838.94	7145.4	
839.11	6750.1	
839.29	4146.5	
839.46	3288.4	
839.63	5769.8	
839.8	5560.2	
839.97	3977.8	
840.14	4020.2	
840.31	5648.3	
840.48	5806	
840.65	3270.6	
840.82	3887.7	
841	5883.1	
841.17	5900.9	
841.34	3675.4	
841.51	3742.3	
841.68	5807.4	
841.85	5535.7	
842.02	3866.6	
842.19	3207.8	
842.36	5618.3	
842.53	5589.6	
842.7	3687.7	
842.87	4569	
843.05	7393.8	
843.22	5520.6	
843.39	3515	
843.56	3794.9	
843.73	5318.6	
843.9	5974.6	
844.07	6029.9	
844.24	5031.9	
844.41	8779.6	
844.58	5091.3	
844.75	3508.9	
844.92	3913.7	
845.09	5859.9	
845.26	5865.4	
845.43	3646.1	
845.6	3918.4	
845.77	5897.5	
845.94	5545.9	
846.12	4057.7	
846.29	4313.7	
846.46	6082.5	
846.63	5836	
846.8	3672.7	
846.97	4431.1	
847.14	6321.4	
847.31	5797.8	
847.48	4141	
847.65	4527.4	
847.82	6113.2	
847.99	6214.9	
848.16	4970.4	
848.33	4498	
848.5	5344.5	
848.67	6378.1	
848.84	3630.4	
849.01	3857	
849.18	5275.6	
849.35	4896	
849.52	4573.8	
849.69	3571.7	
849.86	6037.4	
850.03	6321.4	
850.2	3672	
850.37	4571.1	
850.54	6295.5	
850.71	5577.3	
850.88	4407.2	
851.05	3593.5	
851.22	5812.1	
851.39	6460.7	
851.56	3449.5	
851.73	4217.5	
851.9	5119.2	
852.07	6228.6	
852.24	4066.6	
852.41	3614	
852.58	5712.5	
852.75	5193.6	
852.92	4123.9	
853.09	3600.3	
853.26	5486.5	
853.43	6355.5	
853.6	3651.5	
853.77	3130.7	
853.94	6419	
854.11	5846.3	
854.28	5482.4	
854.44	4013.3	
854.61	6751.5	
854.78	6156.9	
854.95	3663.8	
855.12	4614.8	
855.29	4687.1	
855.46	6604.7	
855.63	3674.7	
855.8	5130.8	
855.97	5415.5	
856.14	6227.2	
856.31	5147.9	
856.48	4005.8	
856.65	5383.4	
856.82	5128.1	
856.99	3501.3	
857.16	3896.6	
857.33	7148.1	
857.49	5474.2	
857.66	3927.3	
857.83	4210.6	
858	5460.6	
858.17	5705	
858.34	3422.8	
858.51	3638.6	
858.68	6562.4	
858.85	6624.5	
859.02	4265.2	
859.19	4613.4	
859.36	5047.6	
859.52	5161.6	
859.69	3691.8	
859.86	4303.5	
860.03	5244.8	
860.2	6507.8	
860.37	3263.8	
860.54	3711.6	
860.71	6112.5	
860.88	6534.4	
861.05	4123.2	
861.21	4614.1	
861.38	6649.8	
861.55	4993.6	
861.72	3329.3	
861.89	4134.8	
862.06	6191	
862.23	6653.9	
862.4	3523.9	
862.56	3785.3	
862.73	5942.5	
862.9	5658.5	
863.07	4283.7	
863.24	3360	
863.41	5033.9	
863.58	5152	
863.75	3758.7	
863.91	4173.8	
864.08	6471.6	
864.25	6038.8	
864.42	4592.9	
864.59	5134.9	
864.76	6901.7	
864.93	5164.3	
865.09	3591.5	
865.26	3928	
865.43	6392.4	
865.6	6833.4	
865.77	3134.8	
865.94	3631	
866.1	6440.9	
866.27	6166.4	
866.44	5530.9	
866.61	3436.5	
866.78	5578.7	
866.95	5973.9	
867.11	3491.8	
867.28	3248.1	
867.45	6169.2	
867.62	5175.9	
867.79	4240.7	
867.96	3580.5	
868.12	5136.3	
868.29	6086.6	
868.46	3652.2	
868.63	4891.9	
868.8	6339.8	
868.97	6064.7	
869.13	3855	
869.3	3838.6	
869.47	5959.6	
869.64	6170.5	
869.81	3661.8	
869.97	3641.3	
870.14	5872.2	
870.31	6561	
870.48	3532.7	
870.65	4657.8	
870.81	5451.7	
870.98	5421	
871.15	4154	
871.32	3788.1	
871.48	5973.2	
871.65	6606.7	
871.82	3642.7	
871.99	3996.3	
872.16	7057.3	
872.32	6457.9	
872.49	3648.8	
872.66	3699.3	
872.83	6090.7	
872.99	5264.6	
873.16	4192.9	
873.33	3581.2	
873.5	5707.7	
873.67	5704.3	
873.83	3846.1	
874	5000.5	
874.17	5830.6	
874.34	6988.4	
874.5	4736.3	
874.67	4572.4	
874.84	6566.5	
875.01	5128.8	
875.17	5203.2	
875.34	3596.9	
875.51	5737	
875.68	7027.9	
875.84	4395.6	
876.01	5454.4	
876.18	6093.4	
876.34	5968.5	
876.51	3690.4	
876.68	3562.8	
876.85	5537	
877.01	6374	
877.18	5248.3	
877.35	3592.8	
877.52	5612.1	
877.68	4990.2	
877.85	3548.4	
878.02	3581.9	
878.18	5625.8	
878.35	5232.6	
878.52	2907.4	
878.69	4130.1	
878.85	6141.9	
879.02	6106.4	
879.19	5169.1	
879.35	3936.2	
879.52	6039.5	
879.69	6283.9	
879.86	3115	
880.02	4068.6	
880.19	5606.7	
880.36	6918	
880.52	4242.7	
880.69	4320.5	
880.86	6167.1	
881.02	6209.4	
881.19	3988.1	
881.36	3999.7	
881.52	5992.4	
881.69	5282.4	
881.86	3889.1	
882.02	3849.5	
882.19	6390.3	
882.36	7489.4	
882.52	3708.9	
882.69	5177.9	
882.86	5781.4	
883.02	5698.1	
883.19	4410.6	
883.36	4276.8	
883.52	6194.4	
883.69	7116.7	
883.86	3684.3	
884.02	3308.2	
884.19	6100.9	
884.36	5638.7	
884.52	4144.4	
884.69	3906.8	
884.86	5272.8	
885.02	6814.3	
885.19	4089.1	
885.36	4199	
885.52	5649.7	
885.69	5822.4	
885.86	5345.2	
886.02	4675.5	
886.19	6137.1	
886.35	5512.4	
886.52	3997	
886.69	5133.6	
886.85	5210.7	
887.02	6559	
887.19	6559	
887.35	6559	
887.52	6559	
887.68	6559	
887.85	6559	
888.02	6559	
888.18	6559	
888.35	6559	
888.51	6559	
888.68	6559	
888.85	6559	
889.01	6559	
889.18	6559	
889.35	6559	
889.51	6559	
889.68	6559	
889.84	6559	
890.01	6559	
890.17	6559	
890.34	6559	
890.51	6559	
890.67	6559	
890.84	6559	
891	6559	
891.17	6559	
891.34	6559	
891.5	6559	
891.67	6559	
891.83	6559	
892	6559	
892.16	6559	
892.33	6559	
892.5	6559	
892.66	6559	
892.83	6559	
892.99	6559	
893.16	6559	
893.32	6559	
893.49	6559	
893.65	6559	
893.82	6559	
893.99	6559	
894.15	6559	
894.32	6559	
894.48	6559	
894.65	6559	
894.81	6559	
894.98	6559	
895.14	6559	
895.31	6559	
895.47	6559	
895.64	6559	
895.81	6559	
895.97	6559	
896.14	6559	
896.3	6559	
896.47	6559	
896.63	6559	
896.8	6559	
896.96	6559	
897.13	6559	
897.29	6559	
897.46	6559	
897.62	6559	
897.79	6559	
897.95	6559	
898.12	6559	
898.28	6559	
898.45	6559	
898.61	6559	
898.78	6559	
898.94	6559	
899.11	6559	
899.27	6559	
899.44	6559	
899.6	6559	
899.77	6559	
899.93	6559	
900.1	6559	
900.26	6559	
900.43	6559	
900.59	6559	
900.76	6559	
900.92	6559	
901.09	6559	
901.25	6559	
901.42	6559	
901.58	6559	
901.75	6559	
901.91	6559	
902.07	6559	
902.24	6559	
902.4	6559	
902.57	6559	
902.73	6559	
902.9	6559	
903.06	6559	
903.23	6559	
903.39	6559	
903.56	6559	
903.72	6559	
903.88	6559	
904.05	6559	
904.21	6559	
904.38	6559	
904.54	6559	
904.71	6559	
904.87	6559	
905.03	6559	
905.2	6559	
905.36	6559	
905.53	6559	
905.69	6559	
905.86	6559	
906.02	6559	
906.18	6559	
906.35	6559	
906.51	6559	
906.68	6559	
906.84	6559	
907.01	6559	
907.17	6559	
907.33	6559	
907.5	6559	
907.66	6559	
907.83	6559	
907.99	6559	
908.15	6559	
908.32	6559	
908.48	6559	
908.65	6559	
908.81	6559	
908.97	6559	
909.14	6559	
909.3	6559	
909.47	6559	
909.63	6559	
909.79	6559	
909.96	6559	
910.12	6559	
910.28	6559	
910.45	6559	
910.61	6559	
910.78	6559	
910.94	6559	
911.1	6559	
911.27	6559	
911.43	6559	
911.59	6559	
911.76	6559	
911.92	6559	
912.08	6559	
912.25	6559	
912.41	6559	
912.57	6559	
912.74	6559	
912.9	6559	
913.07	6559	
913.23	6559	
913.39	6559	
913.56	6559	
913.72	6559	
913.88	6559	
914.05	6559	
914.21	6559	
914.37	6559	
914.54	6559	
914.7	6559	
914.86	6559	
915.03	6559	
915.19	6559	
