Wavelength	Intensities	
nm	a.u.	
179.22	1698.3	
179.44	1707.7	
179.65	1688.9	
179.86	1726.4	
180.08	1649.3	
180.29	3906.8	
180.51	2993.4	
180.72	4965	
180.94	5528.2	
181.15	2749.1	
181.37	2706.7	
181.58	4762.2	
181.79	4932.2	
182.01	2823.5	
182.22	2949.1	
182.44	5049.6	
182.65	4313.7	
182.87	3671.3	
183.08	3190.1	
183.29	5221.6	
183.51	4435.9	
183.72	2930.6	
183.94	4121.9	
184.15	4740.4	
184.37	4655.7	
184.58	2669.2	
184.79	3452.9	
185.01	4431.1	
185.22	5049.6	
185.44	3672	
185.65	3181.2	
185.86	4695.3	
186.08	4348.5	
186.29	2641.2	
186.51	2790.7	
186.72	4463.9	
186.94	5158.8	
187.15	3228.3	
187.36	3242.6	
187.58	6339.8	
187.79	4747.9	
188.01	3312.9	
188.22	5010	
188.43	5550.7	
188.65	4941.7	
188.86	2798.9	
189.08	3252.2	
189.29	4567.7	
189.5	4506.9	
189.72	3028.3	
189.93	3048.7	
190.15	5057.1	
190.36	5868.8	
190.57	3278.1	
190.79	3109.5	
191	5123.3	
191.22	5102.2	
191.43	3322.5	
191.64	2847.4	
191.86	5323.4	
192.07	5078.3	
192.29	2927.9	
192.5	2954.5	
192.71	5122	
192.93	4549.2	
193.14	2944.3	
193.35	3052.2	
193.57	4539.7	
193.78	5107	
194	2512.2	
194.21	2989.4	
194.42	4349.2	
194.64	4674.8	
194.85	3237.2	
195.07	3691.1	
195.28	4726.7	
195.49	4225.6	
195.71	3858.4	
195.92	2828.2	
196.13	4812.7	
196.35	4874.8	
196.56	4055.7	
196.78	3265.1	
196.99	5830.6	
197.2	5477.6	
197.42	3615.3	
197.63	3252.9	
197.84	4323.3	
198.06	4854.4	
198.27	2972.3	
198.48	3906.8	
198.7	4544.4	
198.91	4736.3	
199.13	3265.8	
199.34	3278.1	
199.55	5070.1	
199.77	4090.5	
199.98	2895.1	
200.19	3269.9	
200.41	4687.8	
200.62	4400.4	
200.83	3361.4	
201.05	3543	
201.26	4716.5	
201.47	4476.2	
201.69	2902.7	
201.9	2901.3	
202.11	4728.8	
202.33	5440.1	
202.54	3097.2	
202.76	3465.8	
202.97	4756.7	
203.18	4836.6	
203.4	3362.8	
203.61	3333.4	
203.82	4769	
204.04	4437.9	
204.25	3294.5	
204.46	3251.5	
204.68	4691.9	
204.89	4889.2	
205.1	3213.3	
205.32	2820.1	
205.53	4986.8	
205.74	5123.3	
205.96	2429.6	
206.17	3256.3	
206.38	4902.2	
206.6	5074.2	
206.81	3751.2	
207.02	3102	
207.24	4935.6	
207.45	5135.6	
207.66	3091.8	
207.88	2717	
208.09	4843.4	
208.3	4685.1	
208.52	2882.2	
208.73	3168.9	
208.94	4716.5	
209.15	5190.9	
209.37	3094.5	
209.58	3280.8	
209.79	5110.4	
210.01	4569	
210.22	2615.3	
210.43	2689	
210.65	4706.2	
210.86	4956.8	
211.07	3088.3	
211.29	2915.6	
211.5	4855.7	
211.71	4626.4	
211.93	2955.2	
212.14	2932	
212.35	4640	
212.56	4777.2	
212.78	3239.9	
212.99	2740.9	
213.2	5395.7	
213.42	4557.4	
213.63	2967.5	
213.84	3125.9	
214.06	4296.6	
214.27	4349.2	
214.48	3108.8	
214.69	3287.7	
214.91	5236	
215.12	5223	
215.33	3286.3	
215.55	3508.2	
215.76	5592.3	
215.97	4916.5	
216.18	3196.2	
216.4	3163.4	
216.61	4429.1	
216.82	5061.2	
217.04	2896.5	
217.25	3029.6	
217.46	5149.3	
217.67	5012.7	
217.89	2663	
218.1	2747	
218.31	4798.4	
218.53	4880.3	
218.74	3123.2	
218.95	2953.2	
219.16	4680.3	
219.38	5341.8	
219.59	2977.7	
219.8	3444	
220.01	5756.2	
220.23	4704.9	
220.44	3730.7	
220.65	2876.7	
220.87	4788.2	
221.08	5190.2	
221.29	2766.1	
221.5	3503.4	
221.72	6060.6	
221.93	4430.4	
222.14	3308.8	
222.35	3773	
222.57	4713.1	
222.78	5020.9	
222.99	3155.9	
223.2	3308.2	
223.42	4893.3	
223.63	5010	
223.84	2505.3	
224.05	2508.8	
224.27	5657.2	
224.48	5324	
224.69	3788.1	
224.9	3275.4	
225.12	4817.5	
225.33	4668.7	
225.54	2615.3	
225.75	2979.1	
225.97	4399.7	
226.18	4603.8	
226.39	3177.8	
226.6	2950.4	
226.82	4552	
227.03	4371	
227.24	3242.6	
227.45	2785.2	
227.67	4977.9	
227.88	5318.6	
228.09	3620.8	
228.3	3596.2	
228.52	4937	
228.73	4652.3	
228.94	3041.9	
229.15	2708.8	
229.36	4698.7	
229.58	4638	
229.79	3085.6	
230	3529.3	
230.21	5456.5	
230.43	4782	
230.64	3280.2	
230.85	3321.1	
231.06	5070.8	
231.28	4977.9	
231.49	2758.6	
231.7	3193.5	
231.91	4881.7	
232.12	4709	
232.34	2857.6	
232.55	3186	
232.76	5157.5	
232.97	4787.5	
233.18	2893.1	
233.4	3227.6	
233.61	4844.1	
233.82	4496.7	
234.03	3049.4	
234.25	2985.3	
234.46	6201.2	
234.67	4744.5	
234.88	3291.1	
235.09	2975.7	
235.31	4929.5	
235.52	4617.5	
235.73	3202.3	
235.94	2791.4	
236.15	4506.9	
236.37	5486.5	
236.58	2898.6	
236.79	3155.9	
237	4917.2	
237.21	4360.1	
237.43	3361.4	
237.64	2726.5	
237.85	7698.3	
238.06	4370.4	
238.27	3351.2	
238.48	2803.7	
238.7	4970.4	
238.91	4651.6	
239.12	3084.2	
239.33	3266.5	
239.54	4450.2	
239.76	4581.3	
239.97	3126.6	
240.18	3136.8	
240.39	5568.4	
240.6	4883	
240.82	3268.6	
241.03	2778.4	
241.24	4655	
241.45	5321.3	
241.66	2877.4	
241.87	3381.9	
242.09	5231.2	
242.3	5507	
242.51	3388	
242.72	3112.9	
242.93	4967.7	
243.14	4627	
243.36	3506.1	
243.57	3866.6	
243.78	5302.2	
243.99	4902.8	
244.2	3119.7	
244.41	2870.6	
244.63	4372.4	
244.84	4914.4	
245.05	3368.9	
245.26	3106.1	
245.47	4919.9	
245.68	5046.9	
245.9	4012.7	
246.11	3267.2	
246.32	4526	
246.53	4872.8	
246.74	4859.1	
246.95	2711.5	
247.16	4466.6	
247.38	4732.9	
247.59	2723.1	
247.8	3201	
248.01	4395.6	
248.22	4671.4	
248.43	2912.2	
248.64	3079.5	
248.86	4316.4	
249.07	4490.5	
249.28	2807.8	
249.49	3170.9	
249.7	5061.2	
249.91	5172.5	
250.12	2693.8	
250.34	2768.2	
250.55	4783.4	
250.76	4674.8	
250.97	3249.4	
251.18	3242.6	
251.39	5140.4	
251.6	4806.6	
251.81	3287	
252.03	3323.2	
252.24	4539.7	
252.45	5085.1	
252.66	2803.7	
252.87	3391.4	
253.08	4785.4	
253.29	5862.7	
253.5	2819.4	
253.72	3715	
253.93	4642.7	
254.14	5483.8	
254.35	2979.8	
254.56	3050.1	
254.77	4807.3	
254.98	4398.4	
255.19	2986.6	
255.41	3691.8	
255.62	4821.6	
255.83	5122.7	
256.04	3302	
256.25	3186	
256.46	5595.7	
256.67	4446.8	
256.88	3264.5	
257.09	3527.3	
257.31	4387.4	
257.52	4397.7	
257.73	3887	
257.94	2990.7	
258.15	4651.6	
258.36	4706.2	
258.57	3658.4	
258.78	2447.3	
258.99	5037.3	
259.2	4598.4	
259.41	3016.7	
259.63	3108.8	
259.84	5356.8	
260.05	5560.2	
260.26	3759.4	
260.47	2920.4	
260.68	5092.6	
260.89	4645.5	
261.1	3576.4	
261.31	2900.6	
261.52	5201.8	
261.73	5375.9	
261.95	3758.7	
262.16	3259	
262.37	5201.2	
262.58	5322.7	
262.79	3702	
263	3019.4	
263.21	4726.7	
263.42	4307.6	
263.63	3254.2	
263.84	3011.2	
264.05	5071.5	
264.26	5352	
264.47	3665.9	
264.69	3198.9	
264.9	5305.6	
265.11	4812.7	
265.32	2886.3	
265.53	3020.8	
265.74	4835.9	
265.95	4293.2	
266.16	3153.9	
266.37	3476.8	
266.58	4811.4	
266.79	4508.9	
267	2998.9	
267.21	2814.6	
267.42	4347.8	
267.63	4673.5	
267.84	3115	
268.06	2726.5	
268.27	5033.9	
268.48	5208	
268.69	3095.2	
268.9	3551.2	
269.11	5193	
269.32	4266.6	
269.53	3153.2	
269.74	2960	
269.95	4862.6	
270.16	4294.6	
270.37	3171.6	
270.58	3576.4	
270.79	4580.6	
271	5098.1	
271.21	3312.2	
271.42	3148.4	
271.63	4906.9	
271.84	4331.5	
272.05	2620.7	
272.26	2860.3	
272.47	4703.5	
272.68	4811.4	
272.89	3048.7	
273.11	3452.9	
273.32	4480.3	
273.53	5338.4	
273.74	3323.9	
273.95	3265.1	
274.16	5093.3	
274.37	4723.3	
274.58	3416.7	
274.79	2832.3	
275	4861.9	
275.21	5153.4	
275.42	4015.4	
275.63	3502	
275.84	4906.9	
276.05	5948.7	
276.26	3297.2	
276.47	3096.5	
276.68	4621.6	
276.89	5432.6	
277.1	3489.1	
277.31	2777.7	
277.52	4901.5	
277.73	5087.2	
277.94	2744.3	
278.15	3024.2	
278.36	4898.7	
278.57	4471.4	
278.78	3054.9	
278.99	3377.1	
279.2	4517.8	
279.41	4384.7	
279.62	3878.2	
279.83	2818	
280.04	5616.9	
280.25	4402.5	
280.46	3810.6	
280.67	3122.5	
280.88	4483.7	
281.09	5193.6	
281.3	3283.6	
281.51	4017.4	
281.72	4515.8	
281.93	4984.8	
282.14	2942.2	
282.35	3190.7	
282.56	5100.1	
282.77	4982.7	
282.98	3055.6	
283.19	3667.2	
283.4	5997.8	
283.61	4644.1	
283.82	2836.4	
284.03	3758.7	
284.24	4864.6	
284.45	5083.1	
284.66	3806.5	
284.87	3614.7	
285.08	5088.5	
285.29	5192.3	
285.5	2707.4	
285.71	3051.5	
285.92	5163.6	
286.12	5621	
286.33	3788.1	
286.54	3067.2	
286.75	5008	
286.96	4609.3	
287.17	2865.8	
287.38	3740.3	
287.59	4513	
287.8	4478.2	
288.01	3048.1	
288.22	3399.6	
288.43	4953.4	
288.64	4322.6	
288.85	3636.5	
289.06	3432.4	
289.27	5039.4	
289.48	5326.1	
289.69	3866.6	
289.9	3488.4	
290.11	5211.4	
290.32	4493.9	
290.53	3625.6	
290.74	3340.9	
290.94	4978.6	
291.15	4992.9	
291.36	3003.7	
291.57	3428.3	
291.78	4581.3	
291.99	4293.2	
292.2	2919	
292.41	3370.3	
292.62	5117.9	
292.83	4995	
293.04	4016.1	
293.25	2934.7	
293.46	4591.5	
293.67	5122	
293.88	2918.4	
294.09	2909.5	
294.29	4425	
294.5	4826.4	
294.71	3157.3	
294.92	2993.4	
295.13	4541.7	
295.34	5580.7	
295.55	2762	
295.76	2735.4	
295.97	4981.3	
296.18	5459.9	
296.39	2800.3	
296.6	2919.7	
296.81	4745.1	
297.01	4991.6	
297.22	3038.5	
297.43	2977.1	
297.64	4579.3	
297.85	4397.7	
298.06	2528.6	
298.27	2706	
298.48	4737	
298.69	4487.1	
298.9	3181.9	
299.11	2879.4	
299.31	4420.2	
299.52	4414.1	
299.73	3414.6	
299.94	3359.4	
300.15	4728.1	
300.36	4388.8	
300.57	3349.1	
300.78	3294.5	
300.99	4621.6	
301.2	4769	
301.4	2977.7	
301.61	3213.9	
301.82	4886.5	
302.03	5046.9	
302.24	3474	
302.45	2877.4	
302.66	4917.9	
302.87	5147.2	
303.08	3009.1	
303.29	3870	
303.49	4554	
303.7	4687.8	
303.91	2672.6	
304.12	3727.3	
304.33	4309.6	
304.54	4859.1	
304.75	2975	
304.96	2867.8	
305.16	4922	
305.37	5410.1	
305.58	2686.3	
305.79	2703.3	
306	4936.3	
306.21	4242.7	
306.42	2998.2	
306.63	4293.9	
306.83	4601.8	
307.04	5031.9	
307.25	3201.7	
307.46	3168.9	
307.67	4163.5	
307.88	4971.8	
308.09	2961.4	
308.29	3026.9	
308.5	4812	
308.71	5094.7	
308.92	3160	
309.13	2873.3	
309.34	4661.9	
309.55	4637.3	
309.75	3684.3	
309.96	3312.9	
310.17	5046.2	
310.38	4461.2	
310.59	3453.6	
310.8	2818	
311.01	4569.7	
311.21	4661.2	
311.42	2886.3	
311.63	2917	
311.84	4521.9	
312.05	4730.1	
312.26	3265.1	
312.46	3473.4	
312.67	4576.5	
312.88	4324.6	
313.09	2867.8	
313.3	2813.9	
313.51	5279.7	
313.71	5467.4	
313.92	2880.8	
314.13	2995.5	
314.34	4908.3	
314.55	4635.2	
314.76	3549.1	
314.96	3153.2	
315.17	4832.5	
315.38	4920.6	
315.59	2867.2	
315.8	2784.6	
316.01	5267.4	
316.21	5400.5	
316.42	2821.4	
316.63	3188	
316.84	4626.4	
317.05	5141.8	
317.26	3318.4	
317.46	3065.1	
317.67	4659.1	
317.88	4964.3	
318.09	3592.8	
318.3	2705.4	
318.5	4530.8	
318.71	4909.7	
318.92	4422.2	
319.13	3360	
319.34	5066.7	
319.54	5129.5	
319.75	2738.1	
319.96	2613.9	
320.17	4925.4	
320.38	5113.8	
320.58	2665.1	
320.79	3129.3	
321	5175.9	
321.21	5219.6	
321.42	3164.1	
321.62	2635.7	
321.83	4451.6	
322.04	4720.6	
322.25	3068.5	
322.46	2906.1	
322.66	4757.4	
322.87	4962.9	
323.08	3463.8	
323.29	2858.3	
323.5	5451.7	
323.7	4361.5	
323.91	3739.6	
324.12	3459	
324.33	4820.9	
324.53	4954.7	
324.74	3314.3	
324.95	3474.7	
325.16	4340.3	
325.37	4575.8	
325.57	2875.3	
325.78	2953.9	
325.99	4779.3	
326.2	4326.7	
326.4	3897.3	
326.61	2749.7	
326.82	4649.6	
327.03	4754	
327.24	4028.4	
327.44	3630.4	
327.65	4923.3	
327.86	4111	
328.07	3340.9	
328.27	2781.1	
328.48	5210	
328.69	4320.5	
328.9	3932.8	
329.1	3010.5	
329.31	4687.1	
329.52	5286.5	
329.73	2931.3	
329.93	3196.9	
330.14	4737.6	
330.35	4807.3	
330.56	4502.1	
330.76	3448.1	
330.97	4581.3	
331.18	4887.8	
331.39	3175.7	
331.59	2668.5	
331.8	5104.2	
332.01	5216.9	
332.22	2992.8	
332.42	3368.9	
332.63	4777.9	
332.84	4472.1	
333.05	3210.5	
333.25	2895.8	
333.46	4463.2	
333.67	4737	
333.88	3063.8	
334.08	3263.1	
334.29	5983.5	
334.5	5175.9	
334.7	2831	
334.91	3899.3	
335.12	4378.6	
335.33	4946.5	
335.53	3216	
335.74	4479.6	
335.95	4589.5	
336.16	4402.5	
336.36	3149.8	
336.57	3571.7	
336.78	4360.1	
336.98	5101.5	
337.19	3870	
337.4	3046	
337.61	5617.6	
337.81	4351.9	
338.02	2933.4	
338.23	3644.7	
338.43	5235.3	
338.64	4473.4	
338.85	2928.6	
339.05	3709.6	
339.26	5397.1	
339.47	4291.2	
339.68	2895.8	
339.88	4053.6	
340.09	4939.7	
340.3	5027.1	
340.5	3353.9	
340.71	2600.2	
340.92	4385.4	
341.13	5233.9	
341.33	2762	
341.54	3335.5	
341.75	4861.9	
341.95	4559.5	
342.16	3268.6	
342.37	3439.2	
342.57	4442.7	
342.78	4678.2	
342.99	3495.9	
343.19	2655.5	
343.4	5050.3	
343.61	4886.5	
343.81	3082.2	
344.02	2817.3	
344.23	4962.9	
344.43	5225.7	
344.64	3501.3	
344.85	3407.1	
345.06	4912.4	
345.26	5115.8	
345.47	3314.3	
345.68	3812.6	
345.88	4283	
346.09	5044.8	
346.3	3334.1	
346.5	2594.8	
346.71	4700.1	
346.92	4480.3	
347.12	2817.3	
347.33	3237.8	
347.54	5010	
347.74	5356.1	
347.95	3257.6	
348.16	2547.7	
348.36	4542.4	
348.57	4371.7	
348.78	3354.6	
348.98	3469.9	
349.19	4655.7	
349.39	4259.8	
349.6	2714.9	
349.81	2932	
350.01	4918.5	
350.22	4448.9	
350.43	3229.6	
350.63	3723.2	
350.84	4679.6	
351.05	4488.5	
351.25	2925.2	
351.46	2710.8	
351.67	5004.6	
351.87	4459.1	
352.08	3096.5	
352.29	3413.3	
352.49	5049.6	
352.7	4981.3	
352.9	2816.6	
353.11	3454.2	
353.32	5436.7	
353.52	4605.2	
353.73	2817.3	
353.94	3505.4	
354.14	4931.5	
354.35	4690.5	
354.55	2874.7	
354.76	3155.2	
354.97	4854.4	
355.17	4678.2	
355.38	2806.4	
355.59	3648.1	
355.79	4422.9	
356	4697.4	
356.2	3165.5	
356.41	2812.5	
356.62	4289.8	
356.82	4585.4	
357.03	3345.7	
357.24	3072.6	
357.44	4465.9	
357.65	4536.3	
357.85	3912.3	
358.06	3211.9	
358.27	4227.7	
358.47	4399.7	
358.68	2729.3	
358.88	3349.8	
359.09	4867.3	
359.3	5001.1	
359.5	3812.6	
359.71	3399.6	
359.91	5313.1	
360.12	4845.5	
360.33	3329.3	
360.53	3639.9	
360.74	4442	
360.94	4487.1	
361.15	3494.5	
361.36	2981.8	
361.56	5031.9	
361.77	4607.2	
361.97	3797.6	
362.18	3061	
362.38	5024.3	
362.59	4317.1	
362.8	2935.4	
363	2838.5	
363.21	4188.1	
363.41	4689.2	
363.62	3258.3	
363.83	3894.6	
364.03	4813.4	
364.24	5354.1	
364.44	4077.5	
364.65	3979.2	
364.85	4577.2	
365.06	4347.8	
365.27	3030.3	
365.47	3044	
365.68	5289.2	
365.88	4539.7	
366.09	3262.4	
366.29	3017.3	
366.5	4732.9	
366.71	5065.3	
366.91	3967.6	
367.12	3388.7	
367.32	5506.3	
367.53	4872.1	
367.73	3422.2	
367.94	4074.8	
368.14	4937.7	
368.35	5433.3	
368.56	3325.2	
368.76	2929.3	
368.97	5028.4	
369.17	6081.1	
369.38	3024.8	
369.58	3226.9	
369.79	4248.9	
369.99	5215.5	
370.2	3927.3	
370.4	3287.7	
370.61	4756.7	
370.82	5675.6	
371.02	3233.1	
371.23	2725.2	
371.43	4258.4	
371.64	5227.8	
371.84	3181.2	
372.05	4005.1	
372.25	6020.3	
372.46	4926	
372.66	3165.5	
372.87	3170.9	
373.07	4995.7	
373.28	6178	
373.48	3889.8	
373.69	3663.8	
373.9	4609.3	
374.1	4650.3	
374.31	3885	
374.51	3497.2	
374.72	5156.8	
374.92	4437.3	
375.13	3990.8	
375.33	3420.1	
375.54	4913.1	
375.74	4575.8	
375.95	3419.4	
376.15	4252.3	
376.36	4977.2	
376.56	4730.1	
376.77	3487	
376.97	3728	
377.18	5710.4	
377.38	4969.1	
377.59	3964.9	
377.79	3125.9	
378	4812.7	
378.2	5036.6	
378.41	3160.7	
378.61	3133.4	
378.82	5146.5	
379.02	4530.1	
379.23	3300	
379.43	4037.2	
379.64	5307	
379.84	4898.1	
380.05	3180.5	
380.25	3060.3	
380.46	4949.3	
380.66	4662.5	
380.87	4095.3	
381.07	4343.7	
381.28	5430.5	
381.48	4967.7	
381.69	3145	
381.89	3280.2	
382.1	4313.7	
382.3	5053.7	
382.51	3926.6	
382.71	4463.2	
382.91	4951.3	
383.12	5283.1	
383.32	3371	
383.53	3599.6	
383.73	4896.7	
383.94	4772.4	
384.14	3544.4	
384.35	2897.9	
384.55	4607.2	
384.76	5017.5	
384.96	3412.6	
385.17	3689.8	
385.37	5011.4	
385.58	4447.5	
385.78	3647.4	
385.98	2864.4	
386.19	4592.2	
386.39	4938.3	
386.6	3274.7	
386.8	3387.3	
387.01	4962.9	
387.21	5023.7	
387.42	3712.3	
387.62	4043.4	
387.83	4526	
388.03	4795.7	
388.23	3463.8	
388.44	3969	
388.64	4298	
388.85	4310.3	
389.05	3635.1	
389.26	4089.1	
389.46	5792.3	
389.67	5294.7	
389.87	3596.2	
390.07	3689.1	
390.28	4647.5	
390.48	4400.4	
390.69	3095.8	
390.89	3322.5	
391.1	4568.3	
391.3	5180.7	
391.5	4211.3	
391.71	4545.1	
391.91	5106.3	
392.12	5632.6	
392.32	4219.5	
392.53	3663.1	
392.73	4654.4	
392.93	4721.9	
393.14	3450.1	
393.34	3997.6	
393.55	5000.5	
393.75	4721.3	
393.95	3444	
394.16	3371.6	
394.36	4558.8	
394.57	5083.1	
394.77	3096.5	
394.98	3324.5	
395.18	4526.7	
395.38	4582	
395.59	4022.9	
395.79	3219.4	
396	4625.7	
396.2	4946.5	
396.4	3831.1	
396.61	3759.4	
396.81	5080.3	
397.02	4525.3	
397.22	3922.5	
397.42	4005.1	
397.63	5128.1	
397.83	4466.6	
398.04	3183.2	
398.24	3478.8	
398.44	4873.5	
398.65	4184.7	
398.85	3118.4	
399.05	3134.8	
399.26	4488.5	
399.46	5698.8	
399.67	3432.4	
399.87	3229.6	
400.07	4806.6	
400.28	4939	
400.48	3254.2	
400.69	4022.2	
400.89	5057.1	
401.09	5414.1	
401.3	3218	
401.5	3915.7	
401.7	5542.5	
401.91	5759.6	
402.11	3524.6	
402.32	3614	
402.52	5152	
402.72	5059.2	
402.93	3784.6	
403.13	2945.7	
403.33	5735.7	
403.54	4743.8	
403.74	3534.1	
403.94	4162.8	
404.15	4851.6	
404.35	5688.6	
404.56	3364.8	
404.76	4698.7	
404.96	5151.3	
405.17	4998.4	
405.37	4278.9	
405.57	3725.9	
405.78	5150.6	
405.98	4755.4	
406.18	3866.6	
406.39	3980.6	
406.59	5130.2	
406.79	4805.2	
407	3278.1	
407.2	3355.3	
407.4	5386.8	
407.61	5238	
407.81	3240.6	
408.01	4674.1	
408.22	4342.4	
408.42	5707.7	
408.62	3991.5	
408.83	3649.5	
409.03	4729.4	
409.23	4671.4	
409.44	3616.7	
409.64	3746.4	
409.84	5433.9	
410.05	5322.7	
410.25	3721.8	
410.45	3593.5	
410.66	4926	
410.86	6724.2	
411.06	3860.4	
411.27	3738.2	
411.47	6423.1	
411.67	5076.9	
411.88	3991.5	
412.08	4076.8	
412.28	5470.1	
412.49	5851	
412.69	3719.8	
412.89	3710.2	
413.09	5686.5	
413.3	5603.2	
413.5	3803.1	
413.7	3523.9	
413.91	5045.5	
414.11	5685.8	
414.31	3645.4	
414.52	3877.5	
414.72	5494.7	
414.92	5315.2	
415.12	3658.4	
415.33	4012.7	
415.53	5608.7	
415.73	5649.7	
415.94	4246.8	
416.14	3781.2	
416.34	4956.1	
416.55	4675.5	
416.75	4711	
416.95	4369.7	
417.15	5703.6	
417.36	6118.6	
417.56	4858.5	
417.76	4117.8	
417.97	5825.8	
418.17	5597.8	
418.37	3885	
418.57	3893.9	
418.78	5477.6	
418.98	5296.7	
419.18	4575.2	
419.38	4484.4	
419.59	5254.4	
419.79	5072.1	
419.99	3849.5	
420.2	4067.9	
420.4	5620.3	
420.6	5736.4	
420.8	3751.2	
421.01	3659.7	
421.21	5500.2	
421.41	5589.6	
421.61	3936.9	
421.82	3861.8	
422.02	5238	
422.22	5869.5	
422.42	4393.6	
422.63	4201.1	
422.83	5182	
423.03	6066.1	
423.23	4132.1	
423.44	3451.5	
423.64	5208.7	
423.84	5027.1	
424.04	3751.2	
424.25	3495.2	
424.45	5991.7	
424.65	5831.9	
424.85	3418.1	
425.06	3764.2	
425.26	6027.2	
425.46	5119.9	
425.66	4121.9	
425.87	3881.6	
426.07	5664	
426.27	5678.3	
426.47	3994.9	
426.67	3557.3	
426.88	6043.6	
427.08	5618.3	
427.28	4178.5	
427.48	3548.4	
427.69	4894.6	
427.89	5304.9	
428.09	4089.1	
428.29	3548.4	
428.5	5702.9	
428.7	5431.9	
428.9	3422.8	
429.1	3854.3	
429.3	5403.2	
429.51	5546.6	
429.71	3741.6	
429.91	4235.9	
430.11	5660.6	
430.31	5633.3	
430.52	3889.8	
430.72	4055	
430.92	5935	
431.12	5511.8	
431.32	3652.9	
431.53	3952.6	
431.73	4811.4	
431.93	6038.8	
432.13	3590.8	
432.33	3495.2	
432.54	5229.8	
432.74	5309	
432.94	3401	
433.14	4197.7	
433.34	5631.2	
433.55	5180.7	
433.75	4157.4	
433.95	5331.5	
434.15	5443.5	
434.35	5128.8	
434.56	3630.4	
434.76	3170.3	
434.96	5304.9	
435.16	5493.3	
435.36	3429.7	
435.56	4308.2	
435.77	5074.9	
435.97	5170.4	
436.17	4657.8	
436.37	4169.7	
436.57	5015.5	
436.78	5000.5	
436.98	4160.8	
437.18	4573.1	
437.38	5453.1	
437.58	5121.3	
437.78	4638.6	
437.99	3739.6	
438.19	5573.9	
438.39	6625.2	
438.59	3798.3	
438.79	3409.2	
438.99	6049.7	
439.2	5189.6	
439.4	3451.5	
439.6	3448.1	
439.8	5358.2	
440	6140.5	
440.2	4155.3	
440.4	4166.9	
440.61	5705	
440.81	5992.4	
441.01	3559.4	
441.21	4198.3	
441.41	5920	
441.61	5603.9	
441.81	4409.3	
442.02	5042.8	
442.22	6271.6	
442.42	5801.9	
442.62	3579.2	
442.82	3637.9	
443.02	5952.8	
443.22	5295.4	
443.43	3928	
443.63	3583.9	
443.83	5215.5	
444.03	5112.4	
444.23	4390.8	
444.43	4114.4	
444.63	5485.8	
444.83	6200.6	
445.04	3706.8	
445.24	4519.9	
445.44	5664	
445.64	5646.2	
445.84	4199.7	
446.04	4216.1	
446.24	5281.7	
446.44	5930.2	
446.65	3605.1	
446.85	3893.2	
447.05	5563.6	
447.25	5950.7	
447.45	4086.4	
447.65	3564.8	
447.85	5509.7	
448.05	5196.4	
448.25	4265.2	
448.46	4109.6	
448.66	5507	
448.86	5155.4	
449.06	3480.9	
449.26	4248.9	
449.46	5660.6	
449.66	5036	
449.86	3930.1	
450.06	3904.1	
450.26	5156.1	
450.47	5603.9	
450.67	4143	
450.87	4284.4	
451.07	5754.1	
451.27	5403.2	
451.47	3648.8	
451.67	4220.9	
451.87	5238	
452.07	6068.8	
452.27	3769.6	
452.47	3710.9	
452.67	5524.7	
452.88	5812.8	
453.08	3360	
453.28	4749.9	
453.48	6314.6	
453.68	5345.9	
453.88	3670	
454.08	3818.1	
454.28	5743.9	
454.48	5439.4	
454.68	4209.3	
454.88	4568.3	
455.08	5793.7	
455.28	5445.5	
455.48	3598.3	
455.68	3994.9	
455.89	6057.2	
456.09	5802.6	
456.29	3859.7	
456.49	3869.3	
456.69	5953.4	
456.89	5384.8	
457.09	4172.4	
457.29	4390.8	
457.49	5647.6	
457.69	5681.7	
457.89	4022.9	
458.09	3634.5	
458.29	5427.1	
458.49	5915.9	
458.69	4287.1	
458.89	3862.5	
459.09	6094.1	
459.29	6236.1	
459.49	3951.9	
459.69	4520.5	
459.9	5818.3	
460.1	5431.9	
460.3	3915	
460.5	3706.1	
460.7	5810.1	
460.9	5473.5	
461.1	3480.2	
461.3	4360.1	
461.5	6201.9	
461.7	5924.8	
461.9	3700.7	
462.1	4050.9	
462.3	5551.4	
462.5	5915.9	
462.7	3763.5	
462.9	3779.2	
463.1	6672.3	
463.3	6350.8	
463.5	3971	
463.7	4592.9	
463.9	5663.3	
464.1	5864.7	
464.3	3955.3	
464.5	4228.4	
464.7	6035.4	
464.9	5708.4	
465.1	5075.5	
465.3	4397	
465.5	6270.2	
465.7	6244.3	
465.9	4614.8	
466.1	4526.7	
466.3	5997.1	
466.5	5980.1	
466.7	5060.5	
466.9	4290.5	
467.1	6049	
467.3	6647.7	
467.5	5033.9	
467.7	4228.4	
467.9	6793.1	
468.1	7352.9	
468.3	4806.6	
468.5	4990.2	
468.7	5967.1	
468.9	5902.9	
469.1	4373.8	
469.3	4816.1	
469.5	7279.2	
469.7	5642.8	
469.9	4724	
470.1	4216.1	
470.3	6044.9	
470.5	5970.5	
470.7	5195	
470.9	4392.2	
471.1	5771.2	
471.3	6126.8	
471.5	4156	
471.69	5468.8	
471.89	5756.8	
472.09	5380.7	
472.29	4713.1	
472.49	5052.3	
472.69	5532.9	
472.89	6072.9	
473.09	4100	
473.29	4271.4	
473.49	5702.2	
473.69	5819.6	
473.89	4889.9	
474.09	4285.7	
474.29	6689.3	
474.49	6485.2	
474.69	4909	
474.89	4472.8	
475.09	5829.9	
475.29	5795.1	
475.49	4100.7	
475.69	4154	
475.88	6984.3	
476.08	6042.9	
476.28	3988.1	
476.48	4313	
476.68	6445.6	
476.88	6215.6	
477.08	4311.7	
477.28	4413.4	
477.48	5917.3	
477.68	6336.4	
477.88	4059.8	
478.08	4331.5	
478.28	6565.8	
478.48	6005.3	
478.67	4355.3	
478.87	4035.9	
479.07	6370.5	
479.27	6024.4	
479.47	4500.8	
479.67	4526	
479.87	6290	
480.07	6617.7	
480.27	4021.5	
480.47	5086.5	
480.67	5998.5	
480.87	6464.8	
481.06	4201.7	
481.26	4844.8	
481.46	5947.3	
481.66	5930.2	
481.86	4570.4	
482.06	5193	
482.26	5857.9	
482.46	6378.1	
482.66	4463.2	
482.86	4127.3	
483.05	6151.4	
483.25	5600.5	
483.45	6307.1	
483.65	4421.6	
483.85	5735.7	
484.05	5965.7	
484.25	4808.6	
484.45	5091.3	
484.65	6464.8	
484.84	6547.4	
485.04	4359.4	
485.24	4407.9	
485.44	6807.4	
485.64	5531.6	
485.84	3930.7	
486.04	4809.3	
486.24	5828.5	
486.44	6098.9	
486.63	3898.6	
486.83	4474.8	
487.03	5756.8	
487.23	5887.9	
487.43	3986	
487.63	5537	
487.83	5907	
488.02	6507.1	
488.22	4537.6	
488.42	4972.5	
488.62	6587.6	
488.82	5646.9	
489.02	4422.2	
489.22	4354.7	
489.41	6486.6	
489.61	6122.7	
489.81	4184.7	
490.01	4149.9	
490.21	6423.1	
490.41	6868.9	
490.61	4175.1	
490.8	4216.8	
491	6031.3	
491.2	5599.1	
491.4	4672.1	
491.6	4066.6	
491.8	6085.2	
491.99	6142.5	
492.19	3977.8	
492.39	4214.7	
492.59	6404.7	
492.79	6489.3	
492.99	4792.9	
493.18	4185.4	
493.38	6505	
493.58	6973.3	
493.78	4622.3	
493.98	4277.5	
494.18	6227.2	
494.37	5818.3	
494.57	4732.2	
494.77	4653	
494.97	6343.2	
495.17	6486.6	
495.37	4334.2	
495.56	4592.2	
495.76	6537.1	
495.96	6324.8	
496.16	5283.1	
496.36	4412	
496.55	6490	
496.75	6091.3	
496.95	4754	
497.15	4624.3	
497.35	6571.9	
497.54	6374.6	
497.74	4556.7	
497.94	5636	
498.14	6993.1	
498.34	6761	
498.53	4308.9	
498.73	4806.6	
498.93	5963	
499.13	6388.3	
499.33	4691.2	
499.52	5051.7	
499.72	6440.2	
499.92	6584.9	
500.12	4408.6	
500.32	4635.9	
500.51	6510.5	
500.71	6337.1	
500.91	5187.5	
501.11	4963.6	
501.31	6490.7	
501.5	6858.6	
501.7	5524.1	
501.9	4671.4	
502.1	6347.3	
502.29	6726.9	
502.49	4943.1	
502.69	5376.6	
502.89	6539.8	
503.09	6481.1	
503.28	4367	
503.48	4438.6	
503.68	6096.1	
503.88	5959.6	
504.07	5195	
504.27	4755.4	
504.47	6300.9	
504.67	6426.5	
504.86	5115.8	
505.06	4807.9	
505.26	6205.3	
505.46	7324.2	
505.65	4857.1	
505.85	4907.6	
506.05	6194.4	
506.25	6551.5	
506.44	4408.6	
506.64	5011.4	
506.84	5997.8	
507.04	6732.4	
507.23	4493.2	
507.43	4917.2	
507.63	7470.3	
507.83	6165.8	
508.02	4993.6	
508.22	4623.6	
508.42	7673.1	
508.62	5995.8	
508.81	4799.1	
509.01	5239.4	
509.21	6022.4	
509.4	6232	
509.6	4992.9	
509.8	4516.5	
510	6226.5	
510.19	7118.7	
510.39	4431.8	
510.59	4584.7	
510.79	5998.5	
510.98	6991.8	
511.18	4681.7	
511.38	4653.7	
511.57	6683.9	
511.77	6507.1	
511.97	5129.5	
512.17	4561.5	
512.36	6655.9	
512.56	6486.6	
512.76	4522.6	
512.95	4339	
513.15	6748.1	
513.35	5679	
513.55	5136.3	
513.74	4527.4	
513.94	6707.8	
514.14	6157.6	
514.33	5214.1	
514.53	5050.3	
514.73	6240.8	
514.92	6349.4	
515.12	4639.3	
515.32	4483	
515.51	6447	
515.71	6752.2	
515.91	5801.2	
516.11	4581.3	
516.3	7570	
516.5	6191	
516.7	4934.2	
516.89	5294.7	
517.09	6246.3	
517.29	6247.7	
517.48	5161.6	
517.68	4718.5	
517.88	5982.1	
518.07	6472.9	
518.27	5066.7	
518.47	4432.5	
518.66	6959.7	
518.86	5939.8	
519.06	4346.5	
519.25	4706.2	
519.45	6255.9	
519.65	7105.1	
519.84	5081	
520.04	5599.8	
520.24	7409.6	
520.43	6628.6	
520.63	4924	
520.83	4762.2	
521.02	6153.5	
521.22	6566.5	
521.42	5134.9	
521.61	5580	
521.81	6301.6	
522.01	6486.6	
522.2	5071.5	
522.4	4836.6	
522.6	6703.7	
522.79	5791	
522.99	4887.1	
523.18	4381.3	
523.38	6496.8	
523.58	6541.9	
523.77	5677	
523.97	4318.5	
524.17	7795.3	
524.36	7234.1	
524.56	5378	
524.76	5103.5	
524.95	6370.5	
525.15	6204.7	
525.34	4866	
525.54	4942.4	
525.74	6722.8	
525.93	5986.9	
526.13	5757.5	
526.33	4825	
526.52	6981.5	
526.72	6506.4	
526.91	5768.4	
527.11	5240.8	
527.31	6861.4	
527.5	7119.4	
527.7	5116.5	
527.89	4487.1	
528.09	6219.7	
528.29	6566.5	
528.48	5442.8	
528.68	5213.4	
528.87	6816.3	
529.07	6962.4	
529.27	5163.6	
529.46	4879.6	
529.66	6668.9	
529.85	6920.1	
530.05	4724.7	
530.25	5278.3	
530.44	7643	
530.64	6533.7	
530.83	5061.9	
531.03	5205.3	
531.23	7018.4	
531.42	6787.7	
531.62	5668.8	
531.81	5173.2	
532.01	6974	
532.21	7242.3	
532.4	4962.2	
532.6	5162.2	
532.79	7595.9	
532.99	6989.7	
533.18	5261.9	
533.38	5854.5	
533.58	6697.5	
533.77	7109.2	
533.97	5159.5	
534.16	5761.6	
534.36	7321.5	
534.55	6689.3	
534.75	5745.2	
534.95	5222.3	
535.14	7329.7	
535.34	6613.6	
535.53	5029.8	
535.73	6461.3	
535.92	7731.1	
536.12	6748.7	
536.31	5130.2	
536.51	5904.3	
536.71	7171.3	
536.9	6803.4	
537.1	5196.4	
537.29	5274.9	
537.49	7441	
537.68	6651.8	
537.88	5539.1	
538.07	4967.7	
538.27	6864.1	
538.46	7563.8	
538.66	4934.9	
538.86	5240.8	
539.05	6948.1	
539.25	7254.6	
539.44	5485.8	
539.64	5210	
539.83	6831.3	
540.03	7507.2	
540.22	5083.1	
540.42	5214.1	
540.61	7000	
540.81	7027.3	
541	5535	
541.2	5983.5	
541.39	6616.3	
541.59	6921.5	
541.78	5700.2	
541.98	5201.2	
542.18	6473.6	
542.37	6379.4	
542.57	5405.3	
542.76	5736.4	
542.96	6592.4	
543.15	6991.1	
543.35	5550.7	
543.54	4973.2	
543.74	7135.8	
543.93	6961	
544.13	5505.6	
544.32	6226.5	
544.52	7193.1	
544.71	6596.5	
544.91	4807.3	
545.1	5659.9	
545.3	6630.6	
545.49	6980.8	
545.69	4780.6	
545.88	5290.6	
546.08	7725.6	
546.27	7429.3	
546.47	5617.6	
546.66	5074.2	
546.86	7273.7	
547.05	7646.4	
547.24	5147.9	
547.44	5085.1	
547.63	6523.5	
547.83	7224.6	
548.02	5464.7	
548.22	5560.9	
548.41	6384.2	
548.61	7378.1	
548.8	5095.3	
549	5032.5	
549.19	6946.7	
549.39	7127.6	
549.58	4840.7	
549.78	5345.2	
549.97	7271.7	
550.17	6720.1	
550.36	5951.4	
550.55	6635.4	
550.75	6801.3	
550.94	7486	
551.14	5062.6	
551.33	5400.5	
551.53	6324.8	
551.72	7025.9	
551.92	5356.8	
552.11	5183.4	
552.31	7190.4	
552.5	7176.1	
552.69	6404	
552.89	4951.3	
553.08	7133.1	
553.28	6868.2	
553.47	5261.9	
553.67	5981.4	
553.86	7555	
554.06	6336.4	
554.25	4734.9	
554.44	5122.7	
554.64	8178.2	
554.83	7757.7	
555.03	5128.8	
555.22	5347.9	
555.42	7223.9	
555.61	6975.4	
555.8	5272.2	
556	5418.2	
556.19	6451.1	
556.39	7307.2	
556.58	5248.3	
556.78	5259.9	
556.97	7039.6	
557.16	6825.2	
557.36	6137.1	
557.55	4987.5	
557.75	6256.5	
557.94	7574.1	
558.13	5071.5	
558.33	4927.4	
558.52	7402.7	
558.72	6498.2	
558.91	5082.4	
559.1	5176.6	
559.3	6408.1	
559.49	6204.7	
559.69	4734.9	
559.88	5369.1	
560.07	6931	
560.27	7265.5	
560.46	5577.3	
560.66	5697.4	
560.85	6885.3	
561.04	6263.4	
561.24	5079	
561.43	5137	
561.63	6417.7	
561.82	6666.8	
562.01	6035.4	
562.21	5350	
562.4	7000.6	
562.59	7638.2	
562.79	5324.7	
562.98	4945.2	
563.18	6846.4	
563.37	7903.1	
563.56	5543.9	
563.76	5029.8	
563.95	6572.6	
564.14	6483.9	
564.34	5313.8	
564.53	5044.8	
564.73	6813.6	
564.92	7027.9	
565.11	5302.2	
565.31	4884.4	
565.5	7279.2	
565.69	6478.4	
565.89	5100.1	
566.08	5253	
566.27	7147.4	
566.47	7422.5	
566.66	5769.1	
566.85	4790.9	
567.05	6948.1	
567.24	6524.8	
567.44	5008.6	
567.63	5919.3	
567.82	7141.3	
568.02	6921.5	
568.21	4983.4	
568.4	5319.9	
568.6	6763.1	
568.79	6710.5	
568.98	4956.1	
569.18	4964.3	
569.37	6748.7	
569.56	8221.2	
569.76	5266.7	
569.95	5935	
570.14	7025.2	
570.34	6967.2	
570.53	4981.3	
570.72	4925.4	
570.91	7421.2	
571.11	6767.9	
571.3	5429.2	
571.49	5941.8	
571.69	6821.8	
571.88	6500.3	
572.07	5610.8	
572.27	5563	
572.46	6378.1	
572.65	7306.5	
572.85	5109.7	
573.04	5364.3	
573.23	7395.9	
573.43	6868.2	
573.62	4934.2	
573.81	5307	
574	6940.6	
574.2	6778.1	
574.39	5271.5	
574.58	5306.3	
574.78	7537.9	
574.97	6946	
575.16	5552.7	
575.36	5655.8	
575.55	7163.8	
575.74	7221.1	
575.93	4873.5	
576.13	5552	
576.32	6787	
576.51	7184.3	
576.71	5297.4	
576.9	6066.1	
577.09	7469.6	
577.28	7071.6	
577.48	5597.8	
577.67	4870.1	
577.86	6830.7	
578.05	7043.6	
578.25	5386.2	
578.44	5430.5	
578.63	6886.6	
578.83	7773.4	
579.02	4997.7	
579.21	6062.7	
579.4	6982.2	
579.6	6787	
579.79	5471.5	
579.98	7010.2	
580.17	7247.1	
580.37	7324.9	
580.56	5102.2	
580.75	5665.4	
580.94	7524.2	
581.14	7589.8	
581.33	5930.9	
581.52	5272.8	
581.71	7145.4	
581.91	7723.6	
582.1	4949.3	
582.29	5369.1	
582.48	6978.8	
582.68	6913.3	
582.87	5718.6	
583.06	5481	
583.25	7193.8	
583.45	7038.9	
583.64	5963	
583.83	6443.6	
584.02	6874.3	
584.21	7169.3	
584.41	5988.3	
584.6	5455.1	
584.79	6975.4	
584.98	7363.1	
585.18	5092.6	
585.37	5057.8	
585.56	6751.5	
585.75	7256.6	
585.94	5236.7	
586.14	5653.1	
586.33	7609.6	
586.52	6881.2	
586.71	5638.1	
586.91	5415.5	
587.1	6567.8	
587.29	7378.1	
587.48	5369.1	
587.67	5251.7	
587.87	7272.3	
588.06	7242.3	
588.25	6231.3	
588.44	5719.3	
588.63	6959	
588.83	7315.3	
589.02	5412.8	
589.21	5198.4	
589.4	6858.6	
589.59	6707.8	
589.78	4805.2	
589.98	4969.1	
590.17	6445	
590.36	6797.9	
590.55	4571.1	
590.74	5156.1	
590.94	7817.8	
591.13	6821.8	
591.32	5051.7	
591.51	4731.5	
591.7	7116	
591.89	6705.7	
592.09	4729.4	
592.28	5059.2	
592.47	6251.1	
592.66	7517.4	
592.85	4737.6	
593.05	4904.9	
593.24	6604	
593.43	7253.2	
593.62	5003.2	
593.81	5296.7	
594	6715.3	
594.19	6782.9	
594.39	4920.6	
594.58	4867.3	
594.77	6933.1	
594.96	7342.7	
595.15	4838.7	
595.34	5354.8	
595.54	6896.2	
595.73	6277	
595.92	4506.9	
596.11	5218.2	
596.3	7287.4	
596.49	6362.4	
596.68	5115.1	
596.88	5463.3	
597.07	7015.7	
597.26	6221	
597.45	4758.1	
597.64	5639.4	
597.83	6477	
598.02	6905.1	
598.22	4773.1	
598.41	5325.4	
598.6	6858.6	
598.79	6326.9	
598.98	4860.5	
599.17	5461.9	
599.36	6827.2	
599.55	7505.1	
599.74	6259.3	
599.94	6094.8	
600.13	7178.1	
600.32	6311.8	
600.51	4635.9	
600.7	4764.9	
600.89	7581.6	
601.08	7689.4	
601.27	4610	
601.47	5322	
601.66	7093.5	
601.85	7568.6	
602.04	5100.1	
602.23	5177.3	
602.42	6358.3	
602.61	6843.6	
602.8	5025	
602.99	4900.1	
603.18	6696.2	
603.37	6869.6	
603.57	5359.5	
603.76	5777.3	
603.95	7399.3	
604.14	7003.4	
604.33	5092.6	
604.52	5137.7	
604.71	6856.6	
604.9	6498.9	
605.09	5586.2	
605.28	5394.3	
605.47	7310.6	
605.66	6926.9	
605.86	5374.6	
606.05	4951.3	
606.24	7300.3	
606.43	6171.2	
606.62	5221.6	
606.81	5723.4	
607	7154.9	
607.19	6621.8	
607.38	4814.8	
607.57	4919.9	
607.76	6479.1	
607.95	6036	
608.14	5335	
608.33	5726.1	
608.52	6470.2	
608.72	7145.4	
608.91	4769	
609.1	4708.3	
609.29	6639.5	
609.48	6214.9	
609.67	5381.4	
609.86	4835.3	
610.05	6327.5	
610.24	6427.9	
610.43	4577.2	
610.62	4408.6	
610.81	7425.9	
611	7211.6	
611.19	4760.2	
611.38	5218.2	
611.57	6795.8	
611.76	7624.6	
611.95	4581.3	
612.14	4510.3	
612.33	6551.5	
612.52	6276.3	
612.71	4934.9	
612.9	4499.4	
613.09	6080.4	
613.28	7692.9	
613.47	4793.6	
613.66	5471.5	
613.85	6713.2	
614.04	6346	
614.24	4899.4	
614.43	4384	
614.62	6864.1	
614.81	6767.2	
615	5240.8	
615.19	5227.1	
615.38	6299.6	
615.57	6529.6	
615.76	5129.5	
615.95	5848.3	
616.14	6896.2	
616.33	6556.2	
616.52	5334.3	
616.71	5526.8	
616.9	6763.1	
617.09	6711.9	
617.28	4965.6	
617.47	5788.9	
617.66	6161.7	
617.85	6167.8	
618.04	5569.1	
618.22	5105.6	
618.41	6436.1	
618.6	7122.8	
618.79	5152.7	
618.98	4943.1	
619.17	7281.9	
619.36	6012.2	
619.55	4995.7	
619.74	5040.7	
619.93	6668.2	
620.12	6352.8	
620.31	5438	
620.5	5475.6	
620.69	7135.8	
620.88	7463.5	
621.07	5990.3	
621.26	5330.9	
621.45	6800.6	
621.64	6862.7	
621.83	5437.4	
622.02	4830.5	
622.21	6905.1	
622.4	6731	
622.59	5851.7	
622.78	5674.2	
622.97	6512.5	
623.16	7152.9	
623.35	5454.4	
623.54	4747.2	
623.72	6578.8	
623.91	6705.7	
624.1	5591	
624.29	4700.8	
624.48	7504.4	
624.67	7020.4	
624.86	5513.8	
625.05	4828.4	
625.24	7639.6	
625.43	6497.5	
625.62	6733	
625.81	5001.8	
626	7109.9	
626.19	6615.6	
626.38	5511.1	
626.56	5224.4	
626.75	6507.8	
626.94	6980.8	
627.13	5549.3	
627.32	4669.4	
627.51	7032	
627.7	7824.6	
627.89	4756.7	
628.08	5582.8	
628.27	6420.4	
628.46	6584.2	
628.65	4982.7	
628.83	4719.9	
629.02	7026.6	
629.21	6407.4	
629.4	5287.2	
629.59	5389.6	
629.78	6507.1	
629.97	7096.9	
630.16	5436.7	
630.35	5091.9	
630.54	7471.7	
630.72	7275.8	
630.91	5070.8	
631.1	5380.7	
631.29	6892.8	
631.48	6961	
631.67	5539.8	
631.86	5191.6	
632.05	6654.5	
632.24	6636.1	
632.42	4889.9	
632.61	5403.2	
632.8	6738.5	
632.99	6451.1	
633.18	5356.1	
633.37	5666.7	
633.56	6888	
633.75	6806.8	
633.93	5413.5	
634.12	5188.9	
634.31	7494.9	
634.5	7187	
634.69	5216.9	
634.88	5622.4	
635.07	6725.5	
635.25	7101.7	
635.44	5871.5	
635.63	5885.9	
635.82	6635.4	
636.01	6199.9	
636.2	5717.2	
636.39	5494.7	
636.57	7458	
636.76	7045.7	
636.95	5060.5	
637.14	6059.3	
637.33	6933.1	
637.52	7530.4	
637.7	4900.1	
637.89	5640.8	
638.08	6745.3	
638.27	7690.8	
638.46	5644.9	
638.65	5919.3	
638.83	7704.5	
639.02	6535.8	
639.21	5556.8	
639.4	5922	
639.59	6853.2	
639.78	6612.9	
639.96	5053.7	
640.15	5112.4	
640.34	6811.5	
640.53	6836.1	
640.72	4910.3	
640.91	5101.5	
641.09	6440.9	
641.28	7295.5	
641.47	5100.1	
641.66	5625.8	
641.85	6883.2	
642.03	7006.1	
642.22	5512.4	
642.41	5143.8	
642.6	6462.7	
642.79	6060.6	
642.97	5152	
643.16	5524.1	
643.35	6417.7	
643.54	6287.9	
643.73	4989.5	
643.91	5556.8	
644.1	6290.7	
644.29	6684.6	
644.48	5035.3	
644.67	5025.7	
644.85	6352.1	
645.04	6708.5	
645.23	4771.8	
645.42	5043.5	
645.6	6320	
645.79	7136.5	
645.98	4930.1	
646.17	4283.7	
646.36	6112.5	
646.54	6528.2	
646.73	5554.1	
646.92	4659.1	
647.11	6277.7	
647.29	6966.5	
647.48	4813.4	
647.67	4584.7	
647.86	7144	
648.05	7174.7	
648.23	4910.3	
648.42	5880.4	
648.61	6789.7	
648.8	6575.3	
648.98	4709.6	
649.17	4980	
649.36	6238.1	
649.55	5961	
649.73	4797	
649.92	5279	
650.11	6119.3	
650.3	6375.3	
650.48	4788.8	
650.67	4763.6	
650.86	6667.5	
651.05	5845.6	
651.23	4857.1	
651.42	4693.9	
651.61	6232	
651.79	6196.5	
651.98	5012.1	
652.17	4709	
652.36	6569.2	
652.54	5847.6	
652.73	4743.8	
652.92	4548.5	
653.11	6545.3	
653.29	6601.3	
653.48	4209.9	
653.67	4928.8	
653.85	6408.8	
654.04	7032	
654.23	5055.8	
654.42	4767.7	
654.6	6094.8	
654.79	6503.7	
654.98	4403.1	
655.16	4785.4	
655.35	5904.3	
655.54	5765	
655.73	4465.3	
655.91	4386.7	
656.1	6537.1	
656.29	5593.7	
656.47	4122.6	
656.66	5283.1	
656.85	5956.2	
657.03	5957.5	
657.22	4487.1	
657.41	4570.4	
657.59	5997.1	
657.78	5793.7	
657.97	4301.4	
658.16	4807.3	
658.34	6440.9	
658.53	6763.1	
658.72	5431.2	
658.9	5752.1	
659.09	6139.8	
659.28	6174.6	
659.46	4597	
659.65	4585.4	
659.84	5930.9	
660.02	6299.6	
660.21	4617.5	
660.4	4425	
660.58	6619	
660.77	6171.9	
660.96	4922	
661.14	4255.7	
661.33	6933.1	
661.52	6852.5	
661.7	4229.1	
661.89	6679.8	
662.08	5924.8	
662.26	5543.9	
662.45	4369	
662.64	4457.7	
662.82	6451.8	
663.01	5791	
663.2	4472.1	
663.38	5027.8	
663.57	6307.7	
663.75	6199.9	
663.94	4631.8	
664.13	5690.6	
664.31	5934.3	
664.5	6316.6	
664.69	5055.1	
664.87	5292	
665.06	5765	
665.25	6225.1	
665.43	5409.4	
665.62	5465.3	
665.8	6401.3	
665.99	6006	
666.18	4750.6	
666.36	4739.7	
666.55	6418.3	
666.74	6317.3	
666.92	4470	
667.11	5651	
667.29	6016.9	
667.48	6407.4	
667.67	5309.7	
667.85	4629.1	
668.04	5951.4	
668.22	5928.2	
668.41	4800.4	
668.6	4938.3	
668.78	5849.7	
668.97	6045.6	
669.15	5031.2	
669.34	4229.7	
669.53	5863.3	
669.71	6156.2	
669.9	4389.5	
670.08	4852.3	
670.27	5808.7	
670.46	6270.2	
670.64	5075.5	
670.83	5235.3	
671.01	5756.8	
671.2	6152.1	
671.38	4540.3	
671.57	4364.9	
671.76	6657.3	
671.94	6969.2	
672.13	4332.1	
672.31	5109.7	
672.5	6362.4	
672.69	5857.2	
672.87	4522.6	
673.06	4775.2	
673.24	6301.6	
673.43	5877.7	
673.61	4944.5	
673.8	4703.5	
673.98	6361	
674.17	6423.1	
674.36	5102.9	
674.54	5002.5	
674.73	6052.4	
674.91	6404	
675.1	4756.7	
675.28	4467.3	
675.47	6059.9	
675.65	6361	
675.84	4680.3	
676.03	4912.4	
676.21	5965.1	
676.4	5521.3	
676.58	5255.1	
676.77	5150	
676.95	7004.7	
677.14	5859.2	
677.32	4402.5	
677.51	4323.9	
677.69	6426.5	
677.88	5689.9	
678.06	4416.1	
678.25	4554	
678.44	6072.2	
678.62	5807.4	
678.81	4270	
678.99	4934.2	
679.18	6615.6	
679.36	6321.4	
679.55	4636.6	
679.73	5141.8	
679.92	6306.4	
680.1	5929.6	
680.29	5578.7	
680.47	4693.9	
680.66	5902.2	
680.84	6438.8	
681.03	4257	
681.21	5055.8	
681.4	5857.9	
681.58	5801.2	
681.77	4538.3	
681.95	4567	
682.14	6523.5	
682.32	6682.5	
682.51	5129.5	
682.69	4296.6	
682.88	5849.7	
683.06	6210.8	
683.25	4940.4	
683.43	5322	
683.62	6113.9	
683.8	6354.2	
683.99	5332.9	
684.17	4921.3	
684.36	6924.2	
684.54	6029.9	
684.73	4330.8	
684.91	4464.6	
685.1	6262.7	
685.28	5801.9	
685.46	4892.6	
685.65	4806.6	
685.83	6346.7	
686.02	5954.1	
686.2	4433.9	
686.39	4522.6	
686.57	5545.9	
686.76	6713.2	
686.94	4442	
687.13	4601.1	
687.31	6219.7	
687.5	5925.5	
687.68	4162.2	
687.86	4967	
688.05	7114.6	
688.23	5583.4	
688.42	5128.1	
688.6	4513.7	
688.79	5927.5	
688.97	5855.8	
689.16	4777.9	
689.34	4113.7	
689.52	6332.3	
689.71	6538.5	
689.89	5017.5	
690.08	4500.1	
690.26	6136.4	
690.45	5972.6	
690.63	5167.7	
690.81	4638	
691	6053.8	
691.18	5853.1	
691.37	4804.5	
691.55	6330.3	
691.74	5756.8	
691.92	7287.4	
692.1	4771.1	
692.29	4455	
692.47	6036.7	
692.66	5565.7	
692.84	4496.7	
693.02	4855.7	
693.21	5585.5	
693.39	6074.3	
693.58	4999.1	
693.76	4532.2	
693.94	6819.1	
694.13	6711.9	
694.31	4652.3	
694.5	5319.9	
694.68	5889.3	
694.86	6158.9	
695.05	4817.5	
695.23	4877.6	
695.42	6346	
695.6	7985.7	
695.78	5272.8	
695.97	4711.7	
696.15	6509.8	
696.34	5991.7	
696.52	4493.2	
696.7	5192.3	
696.89	6324.1	
697.07	5837.4	
697.25	5036	
697.44	6044.2	
697.62	6315.9	
697.81	6471.6	
697.99	4805.9	
698.17	5165	
698.36	5898.8	
698.54	6279.8	
698.72	5044.1	
698.91	4330.8	
699.09	6009.4	
699.28	5881.1	
699.46	4851	
699.64	4704.2	
699.83	5870.2	
700.01	6686.6	
700.19	5289.2	
700.38	4181.3	
700.56	6693.4	
700.74	5937.7	
700.93	4441.4	
701.11	5051.7	
701.29	6313.2	
701.48	7114.6	
701.66	4620.2	
701.84	4696	
702.03	6013.5	
702.21	6586.3	
702.39	4353.3	
702.58	4855.1	
702.76	6408.1	
702.94	6443.6	
703.13	4424.3	
703.31	6064	
703.49	5950	
703.68	6547.4	
703.86	4558.1	
704.04	5238.7	
704.23	6219	
704.41	6546	
704.59	4704.2	
704.78	5509.7	
704.96	7423.9	
705.14	6481.8	
705.33	4532.2	
705.51	5123.3	
705.69	6141.9	
705.87	6700.3	
706.06	5257.1	
706.24	4481	
706.42	6327.5	
706.61	6513.2	
706.79	5300.8	
706.97	4443.4	
707.16	5990.3	
707.34	6364.4	
707.52	5279.7	
707.7	4718.5	
707.89	5993	
708.07	5839.4	
708.25	5282.4	
708.44	5567.1	
708.62	5928.2	
708.8	6879.8	
708.98	5521.3	
709.17	4746.5	
709.35	6270.2	
709.53	6307.1	
709.72	4562.9	
709.9	4618.2	
710.08	6568.5	
710.26	6581.5	
710.45	5722.7	
710.63	4715.8	
710.81	6240.8	
710.99	6249	
711.18	5253.7	
711.36	4795.7	
711.54	6146	
711.72	6693.4	
711.91	4941.7	
712.09	4590.9	
712.27	6296.1	
712.45	6984.3	
712.64	5059.2	
712.82	4386.7	
713	5942.5	
713.18	6006.7	
713.37	4485.7	
713.55	5287.9	
713.73	6621.1	
713.91	5620.3	
714.1	4697.4	
714.28	4316.4	
714.46	6296.1	
714.64	5795.1	
714.83	3932.8	
715.01	4480.3	
715.19	5831.9	
715.37	5357.5	
715.55	4288.4	
715.74	4533.5	
715.92	6358.9	
716.1	4947.2	
716.28	5268.7	
716.47	4508.9	
716.65	5536.3	
716.83	5543.9	
717.01	4474.8	
717.19	4374.5	
717.38	6997.2	
717.56	5289.9	
717.74	4538.3	
717.92	3955.3	
718.1	6183.5	
718.29	5569.1	
718.47	3730.7	
718.65	4231.8	
718.83	6113.2	
719.01	5982.1	
719.2	3708.2	
719.38	4401.8	
719.56	5851.7	
719.74	6890	
719.92	4210.6	
720.11	4882.4	
720.29	5905.7	
720.47	5313.8	
720.65	3856.3	
720.83	4453.6	
721.02	5608.7	
721.2	5453.1	
721.38	4477.5	
721.56	3926	
721.74	4978.6	
721.92	5119.9	
722.11	4829.8	
722.29	4629.1	
722.47	5991	
722.65	5477	
722.83	3992.2	
723.01	4592.2	
723.2	5404.6	
723.38	5708.4	
723.56	3555.3	
723.74	4453.6	
723.92	5145.2	
724.1	5953.4	
724.29	3932.8	
724.47	4737.6	
724.65	5206.6	
724.83	5076.2	
725.01	3885.7	
725.19	4437.3	
725.37	5085.1	
725.56	5152.7	
725.74	3705.5	
725.92	3884.3	
726.1	5086.5	
726.28	5381.4	
726.46	4209.9	
726.64	3991.5	
726.83	5401.2	
727.01	5466	
727.19	3736.9	
727.37	4287.1	
727.55	5423	
727.73	5791.7	
727.91	3672.7	
728.09	3612.6	
728.28	5882.4	
728.46	5864.7	
728.64	4339	
728.82	4302.8	
729	6492.7	
729.18	6013.5	
729.36	3784	
729.54	5396.4	
729.72	6749.4	
729.91	5427.8	
730.09	5097.4	
730.27	4274.1	
730.45	5431.9	
730.63	5855.8	
730.81	4613.4	
730.99	3990.1	
731.17	6320	
731.35	5190.9	
731.53	4390.2	
731.71	4100	
731.9	6045.6	
732.08	6081.1	
732.26	4321.9	
732.44	4041.3	
732.62	6192.4	
732.8	5831.2	
732.98	4625	
733.16	3891.1	
733.34	5795.8	
733.52	4874.2	
733.7	4185.4	
733.88	4390.2	
734.07	5670.1	
734.25	5524.1	
734.43	3852.2	
734.61	4939.7	
734.79	6572.6	
734.97	5431.2	
735.15	3891.8	
735.33	4119.8	
735.51	5709.1	
735.69	5435.3	
735.87	5005.9	
736.05	4296	
736.23	5495.4	
736.41	5337.7	
736.59	4191.5	
736.77	4293.9	
736.95	5872.2	
737.13	5378	
737.32	3992.2	
737.5	4102.1	
737.68	6285.2	
737.86	5320.6	
738.04	3779.9	
738.22	5177.9	
738.4	5240.8	
738.58	5453.1	
738.76	4218.8	
738.94	3481.5	
739.12	5294	
739.3	5189.6	
739.48	4650.9	
739.66	4389.5	
739.84	5513.8	
740.02	5433.3	
740.2	3586.7	
740.38	3804.4	
740.56	5808	
740.74	4881	
740.92	4276.8	
741.1	4169	
741.28	5367	
741.46	5178.6	
741.64	3950.5	
741.82	4318.5	
742	5425.8	
742.18	5287.9	
742.36	4087.7	
742.54	3823.6	
742.72	5858.6	
742.9	4870.1	
743.08	4341.7	
743.26	3465.8	
743.44	5814.2	
743.62	5709.7	
743.8	4500.8	
743.98	3743	
744.16	5581.4	
744.34	5324.7	
744.52	4433.9	
744.7	4354	
744.88	5662	
745.06	5279	
745.24	4369.7	
745.42	4504.8	
745.6	5736.4	
745.78	5601.2	
745.96	3568.2	
746.14	3777.8	
746.32	6282.5	
746.5	5595.7	
746.68	4204.5	
746.86	3790.8	
747.03	5926.1	
747.21	4769.7	
747.39	4164.2	
747.57	3773.7	
747.75	5383.4	
747.93	5674.2	
748.11	3737.5	
748.29	3671.3	
748.47	6570.6	
748.65	5195	
748.83	4311	
749.01	4126.7	
749.19	5552	
749.37	4943.1	
749.55	4014	
749.73	4091.8	
749.91	5324.7	
750.09	5128.8	
750.26	4031.8	
750.44	3626.3	
750.62	5307.7	
750.8	5281	
750.98	3554.6	
751.16	3869.3	
751.34	5425.8	
751.52	4898.1	
751.7	4322.6	
751.88	3508.9	
752.06	5769.8	
752.24	5537.7	
752.42	3504.1	
752.59	3790.8	
752.77	5296.7	
752.95	6206.7	
753.13	4290.5	
753.31	3831.1	
753.49	5027.1	
753.67	5325.4	
753.85	4076.1	
754.03	3744.4	
754.21	5613.5	
754.38	5844.9	
754.56	3830.4	
754.74	3172.3	
754.92	4933.6	
755.1	5464.7	
755.28	3132.7	
755.46	3218.7	
755.64	6156.2	
755.82	6171.2	
755.99	3484.3	
756.17	3510.2	
756.35	4339	
756.53	5472.2	
756.71	2725.2	
756.89	3418.1	
757.07	5203.9	
757.25	4478.9	
757.42	3740.3	
757.6	4393.6	
757.78	5255.8	
757.96	4478.9	
758.14	3549.8	
758.32	3115	
758.5	4134.2	
758.67	4797	
758.85	3396.2	
759.03	3497.9	
759.21	4971.8	
759.39	4521.2	
759.57	3121.1	
759.75	3915.7	
759.92	5396.4	
760.1	4938.3	
760.28	4213.4	
760.46	4335.5	
760.64	4750.6	
760.82	4540.3	
760.99	4100	
761.17	3469.3	
761.35	5356.8	
761.53	4503.5	
761.71	3579.8	
761.89	4051.6	
762.06	5223.7	
762.24	4837.3	
762.42	3637.2	
762.6	3464.5	
762.78	4820.2	
762.96	5347.2	
763.13	3891.8	
763.31	3626.3	
763.49	5350	
763.67	4803.2	
763.85	4277.5	
764.02	4685.1	
764.2	5663.3	
764.38	4972.5	
764.56	3581.9	
764.74	4186	
764.91	5662	
765.09	4846.2	
765.27	3375.1	
765.45	3252.9	
765.63	5816.9	
765.8	5587.5	
765.98	3061	
766.16	3275.4	
766.34	4603.8	
766.52	4334.9	
766.69	3923.9	
766.87	3140.9	
767.05	4902.8	
767.23	5389.6	
767.41	3343.7	
767.58	3485.6	
767.76	5298.8	
767.94	5339.7	
768.12	3520.5	
768.29	3969.6	
768.47	4881	
768.65	5500.8	
768.83	3207.1	
769	3919.8	
769.18	4614.8	
769.36	5072.8	
769.54	4015.4	
769.72	3204.4	
769.89	5334.3	
770.07	5432.6	
770.25	3483.6	
770.43	4379.2	
770.6	5919.3	
770.78	6175.3	
770.96	3652.2	
771.14	3480.2	
771.31	5325.4	
771.49	4859.8	
771.67	2991.4	
771.85	3141.6	
772.02	4300.1	
772.2	4788.2	
772.38	3723.9	
772.55	3333.4	
772.73	5026.4	
772.91	4855.1	
773.09	3594.9	
773.26	3654.3	
773.44	5034.6	
773.62	4817.5	
773.8	3282.9	
773.97	3097.2	
774.15	5048.9	
774.33	4804.5	
774.5	3149.8	
774.68	3416.7	
774.86	5218.2	
775.04	4812.7	
775.21	3292.5	
775.39	3269.9	
775.57	4990.9	
775.74	5210.7	
775.92	3110.2	
776.1	3019.4	
776.27	4972.5	
776.45	5847.6	
776.63	3260.4	
776.81	2906.8	
776.98	4708.3	
777.16	5491.3	
777.34	3371.6	
777.51	3627.6	
777.69	4731.5	
777.87	4461.8	
778.04	3404.4	
778.22	3837.2	
778.4	4571.7	
778.57	5018.9	
778.75	2870.6	
778.93	3033.7	
779.1	4433.2	
779.28	4349.2	
779.46	2902.7	
779.64	3134.8	
779.81	5155.4	
779.99	5806.7	
780.17	3743	
780.34	3859.7	
780.52	4762.2	
780.69	4855.7	
780.87	3495.9	
781.05	3134.8	
781.22	4855.1	
781.4	4846.2	
781.58	3245.3	
781.75	2613.2	
781.93	4863.9	
782.11	4338.3	
782.28	3913	
782.46	3279.5	
782.64	4247.5	
782.81	4927.4	
782.99	3349.1	
783.17	3277.4	
783.34	4849.6	
783.52	4355.3	
783.69	3449.5	
783.87	4063.2	
784.05	4379.9	
784.22	4360.1	
784.4	4009.9	
784.58	3510.2	
784.75	5130.8	
784.93	4499.4	
785.1	3209.8	
785.28	3700	
785.46	4879.6	
785.63	4295.3	
785.81	3263.8	
785.99	3155.2	
786.16	4586.1	
786.34	4759.5	
786.51	3123.8	
786.69	3461.1	
786.87	4186	
787.04	4555.4	
787.22	3074	
787.39	3793.5	
787.57	4426.3	
787.75	5177.9	
787.92	3956.7	
788.1	3837.2	
788.27	4342.4	
788.45	4217.5	
788.63	3618.8	
788.8	2693.8	
788.98	4694.6	
789.15	4125.3	
789.33	2822.8	
789.5	3280.2	
789.68	5047.6	
789.86	5131.5	
790.03	3560.1	
790.21	3191.4	
790.38	5070.8	
790.56	4534.9	
790.73	3110.2	
790.91	3019.4	
791.09	4431.1	
791.26	4956.8	
791.44	3214.6	
791.61	2824.8	
791.79	4384	
791.96	4410.6	
792.14	2979.1	
792.32	2625.5	
792.49	4417.5	
792.67	4520.5	
792.84	3016.7	
793.02	2848	
793.19	4802.5	
793.37	5277.6	
793.54	2655.5	
793.72	2879.4	
793.89	5254.4	
794.07	4391.5	
794.25	3249.4	
794.42	2741.5	
794.6	5164.3	
794.77	4856.4	
794.95	3549.1	
795.12	3119.1	
795.3	4446.8	
795.47	4830.5	
795.65	3459	
795.82	3246.7	
796	4302.8	
796.17	5589.6	
796.35	3168.9	
796.52	3717.1	
796.7	4839.4	
796.87	4858.5	
797.05	3142.3	
797.22	3730.7	
797.4	4857.8	
797.57	5552.7	
797.75	3318.4	
797.92	3119.7	
798.1	5098.8	
798.27	4293.2	
798.45	2752.5	
798.62	2921.1	
798.8	4624.3	
798.97	4968.4	
799.15	3489.1	
799.32	3257	
799.5	4080.2	
799.67	4681.7	
799.85	3543.7	
800.02	2676.7	
800.2	4358.1	
800.37	4607.2	
800.55	3620.1	
800.72	3144.3	
800.9	4971.1	
801.07	5172.5	
801.25	4022.9	
801.42	3421.5	
801.6	5021.6	
801.77	4667.3	
801.95	3207.1	
802.12	3090.4	
802.29	4787.5	
802.47	4692.6	
802.64	3407.8	
802.82	2648.7	
802.99	4431.1	
803.17	5086.5	
803.34	3314.3	
803.52	2967.5	
803.69	5555.5	
803.87	4154	
804.04	3248.1	
804.21	3336.1	
804.39	5250.3	
804.56	4543.8	
804.74	2860.3	
804.91	3354.6	
805.09	4386.1	
805.26	4427	
805.44	2899.9	
805.61	3099.9	
805.78	4900.8	
805.96	4883.7	
806.13	3394.8	
806.31	3586	
806.48	4067.3	
806.66	4427.7	
806.83	3391.4	
807	3267.9	
807.18	4413.4	
807.35	4682.3	
807.53	3287.7	
807.7	2717.7	
807.87	5224.4	
808.05	4412.7	
808.22	3583.9	
808.4	2710.8	
808.57	4358.8	
808.74	4123.9	
808.92	3050.1	
809.09	3794.2	
809.27	4380.6	
809.44	4727.4	
809.61	2748.4	
809.79	2962	
809.96	5356.1	
810.14	4903.5	
810.31	2714.9	
810.48	3242.6	
810.66	4449.6	
810.83	4947.2	
811.01	3089.7	
811.18	3356.6	
811.35	4932.2	
811.53	3956.7	
811.7	3641.3	
811.87	3324.5	
812.05	4488.5	
812.22	4356.7	
812.39	2994.1	
812.57	2897.2	
812.74	4476.9	
812.92	5642.2	
813.09	3197.6	
813.26	3418.7	
813.44	5476.3	
813.61	4327.4	
813.78	2723.8	
813.96	3535.5	
814.13	4462.5	
814.3	4226.3	
814.48	3792.8	
814.65	3132.7	
814.82	5247.6	
815	4175.1	
815.17	3304.7	
815.34	3894.6	
815.52	4329.4	
815.69	4330.1	
815.87	3210.5	
816.04	3221.5	
816.21	4336.9	
816.38	3975.8	
816.56	3137.5	
816.73	2951.1	
816.9	5489.9	
817.08	4942.4	
817.25	2992.1	
817.42	3656.3	
817.6	4052.9	
817.77	4373.1	
817.94	3331.4	
818.12	2898.6	
818.29	4205.8	
818.46	6096.8	
818.64	3087.7	
818.81	2908.8	
818.98	4227	
819.16	5769.1	
819.33	3445.4	
819.5	3271.3	
819.67	4620.9	
819.85	5175.2	
820.02	3269.2	
820.19	3396.9	
820.37	4572.4	
820.54	4362.9	
820.71	3293.8	
820.88	4047.5	
821.06	4590.2	
821.23	4231.1	
821.4	3362.8	
821.58	3259.7	
821.75	4921.3	
821.92	4508.9	
822.09	2716.3	
822.27	2803	
822.44	4391.5	
822.61	4339.6	
822.79	2792.1	
822.96	4980.7	
823.13	4713.7	
823.3	4156	
823.48	3103.4	
823.65	2855.6	
823.82	4924	
823.99	4119.1	
824.17	3898	
824.34	2840.5	
824.51	5573.2	
824.68	4481.6	
824.86	3016.7	
825.03	3306.1	
825.2	4442.7	
825.37	5188.2	
825.55	3026.2	
825.72	3278.8	
825.89	5631.9	
826.06	5249.6	
826.24	3227.6	
826.41	3199.6	
826.58	5232.6	
826.75	4642.7	
826.92	2626.2	
827.1	2867.8	
827.27	6821.1	
827.44	5561.6	
827.61	3080.1	
827.79	3591.5	
827.96	4294.6	
828.13	4421.6	
828.3	3175.7	
828.47	2705.4	
828.65	4685.8	
828.82	4617.5	
828.99	3975.1	
829.16	3496.6	
829.34	4934.2	
829.51	4811.4	
829.68	3295.2	
829.85	3333.4	
830.02	5252.4	
830.2	4906.3	
830.37	2590.7	
830.54	3809.9	
830.71	5570.5	
830.88	4442	
831.05	2613.9	
831.23	2975.7	
831.4	5367	
831.57	5732.3	
831.74	3016	
831.91	2736.1	
832.09	4713.7	
832.26	4894	
832.43	3113.6	
832.6	3446.7	
832.77	4634.6	
832.94	5232.6	
833.12	2482.1	
833.29	3016	
833.46	4725.3	
833.63	5951.4	
833.8	3404.4	
833.97	3133.4	
834.15	4915.1	
834.32	4825	
834.49	3244.7	
834.66	3291.1	
834.83	5082.4	
835	4284.4	
835.17	2996.9	
835.35	3042.6	
835.52	4881.7	
835.69	4707.6	
835.86	3280.8	
836.03	2671.9	
836.2	4922.6	
836.37	4635.9	
836.55	3099.9	
836.72	2930.6	
836.89	4610.7	
837.06	4981.3	
837.23	3232.4	
837.4	3395.5	
837.57	5560.9	
837.75	5973.2	
837.92	2886.3	
838.09	2991.4	
838.26	4611.3	
838.43	5100.8	
838.6	3266.5	
838.77	2921.1	
838.94	5717.2	
839.11	5489.9	
839.29	3100.6	
839.46	2543.6	
839.63	4967	
839.8	4653.7	
839.97	3054.2	
840.14	3033	
840.31	4837.3	
840.48	4892.6	
840.65	2553.8	
840.82	2999.6	
841	4870.1	
841.17	4807.9	
841.34	2805.7	
841.51	2906.1	
841.68	4887.8	
841.85	4646.8	
842.02	2921.8	
842.19	2497.2	
842.36	4746.5	
842.53	4732.9	
842.7	2793.4	
842.87	3326.6	
843.05	5992.4	
843.22	4683	
843.39	2697.9	
843.56	2927.9	
843.73	4545.8	
843.9	5014.8	
844.07	4390.2	
844.24	3658.4	
844.41	6673	
844.58	4330.8	
844.75	2795.5	
844.92	2937.5	
845.09	4881.7	
845.26	4904.2	
845.43	2812.5	
845.6	2984.6	
845.77	4928.1	
845.94	4689.8	
846.12	3140.9	
846.29	3233.7	
846.46	5094	
846.63	4868.7	
846.8	2846.7	
846.97	3262.4	
847.14	5227.8	
847.31	4848.9	
847.48	3121.8	
847.65	3405.1	
847.82	5032.5	
847.99	5048.2	
848.16	3602.4	
848.33	3415.3	
848.5	4511	
848.67	5209.3	
848.84	2732	
849.01	2891	
849.18	4490.5	
849.35	4197.7	
849.52	3406.5	
849.69	2753.8	
849.86	5089.9	
850.03	5127.4	
850.2	2796.8	
850.37	3330	
850.54	5147.2	
850.71	4676.2	
850.88	3318.4	
851.05	2730.6	
851.22	4818.2	
851.39	5269.4	
851.56	2640.5	
851.73	3208.5	
851.9	4379.2	
852.07	5130.8	
852.24	3079.5	
852.41	2741.5	
852.58	4803.9	
852.75	4437.3	
852.92	3120.4	
853.09	2689.7	
853.26	4541.7	
853.43	5204.6	
853.6	2852.8	
853.77	2427.5	
853.94	5311.1	
854.11	4343.7	
854.28	3973.7	
854.44	2977.7	
854.61	5591.6	
854.78	5150	
854.95	2803.7	
855.12	3422.8	
855.29	4128	
855.46	5522	
855.63	2824.1	
855.8	3715.7	
855.97	4504.2	
856.14	5150.6	
856.31	3833.1	
856.48	3048.7	
856.65	4638	
856.82	4357.4	
856.99	2714.2	
857.16	2960	
857.33	5770.5	
857.49	4624.3	
857.66	2982.5	
857.83	3192.1	
858	4684.4	
858.17	4876.9	
858.34	2643.9	
858.51	2835.1	
858.68	5319.9	
858.85	5344.5	
859.02	3175	
859.19	3412.6	
859.36	4338.3	
859.52	4390.2	
859.69	2822.8	
859.86	3274.7	
860.03	4455.7	
860.2	5257.8	
860.37	2620.7	
860.54	2818	
860.71	5045.5	
860.88	5357.5	
861.05	3102	
861.21	3434.4	
861.38	5314.5	
861.55	4250.9	
861.72	2570.9	
861.89	3085.6	
862.06	5104.2	
862.23	5365.7	
862.4	2721.1	
862.56	2833.7	
862.73	4965.6	
862.9	4752	
863.07	3179.8	
863.24	2621.4	
863.41	4319.8	
863.58	4418.8	
863.75	2785.2	
863.91	3243.3	
864.08	5229.1	
864.25	4964.3	
864.42	3465.8	
864.59	3818.8	
864.76	5490.6	
864.93	4390.8	
865.09	2727.9	
865.26	2957.3	
865.43	5256.5	
865.6	5570.5	
865.77	2478	
865.94	2767.5	
866.1	5173.2	
866.27	4990.9	
866.44	4147.1	
866.61	2681.5	
866.78	4634.6	
866.95	4979.3	
867.11	2719	
867.28	2568.8	
867.45	5166.3	
867.62	4349.2	
867.79	3192.1	
867.96	2718.3	
868.12	4370.4	
868.29	5027.8	
868.46	2813.9	
868.63	3571	
868.8	5206.6	
868.97	4942.4	
869.13	2839.2	
869.3	2917	
869.47	4956.1	
869.64	5048.9	
869.81	2794.8	
869.97	2765.4	
870.14	4876.9	
870.31	5345.2	
870.48	2738.1	
870.65	3402.4	
870.81	4642.7	
870.98	4635.9	
871.15	3145	
871.32	2835.1	
871.48	4942.4	
871.65	5406	
871.82	2816	
871.99	3058.3	
872.16	5680.4	
872.32	5242.8	
872.49	2880.8	
872.66	2833.7	
872.83	5087.2	
872.99	4477.5	
873.16	3150.5	
873.33	2804.4	
873.5	4783.4	
873.67	4796.3	
873.83	2923.8	
874	3646.1	
874.17	4930.1	
874.34	5565.7	
874.5	3483.6	
874.67	3334.1	
874.84	5320.6	
875.01	4289.1	
875.17	3780.6	
875.34	2772.9	
875.51	4770.4	
875.68	5719.3	
875.84	3292.5	
876.01	3948.5	
876.18	4992.9	
876.34	4939	
876.51	2792.1	
876.68	2686.9	
876.85	4585.4	
877.01	5248.3	
877.18	3807.2	
877.35	2762	
877.52	4837.3	
877.68	4358.1	
877.85	2772.9	
878.02	2745.6	
878.18	4684.4	
878.35	4577.2	
878.52	2305.3	
878.69	3112.9	
878.85	5145.2	
879.02	5001.1	
879.19	3823.6	
879.35	2947.7	
879.52	5028.4	
879.69	5072.1	
879.86	2488.3	
880.02	3032.4	
880.19	4764.3	
880.36	5579.3	
880.52	3141.6	
880.69	3295.9	
880.86	5113.8	
881.02	5098.8	
881.19	3027.6	
881.36	2982.5	
881.52	4967	
881.69	4487.1	
881.86	3032.4	
882.02	2946.3	
882.19	5207.3	
882.36	5929.6	
882.52	2870.6	
882.69	3817.4	
882.86	4852.3	
883.02	4806.6	
883.19	3321.8	
883.36	3124.5	
883.52	5107.6	
883.69	5666	
883.86	2856.2	
884.02	2567.5	
884.19	5047.6	
884.36	4782	
884.52	3138.9	
884.69	2965.5	
884.86	4531.5	
885.02	5435.3	
885.19	3096.5	
885.36	3160	
885.52	4628.4	
885.69	4911	
885.86	3874.1	
886.02	3482.9	
886.19	5055.8	
886.35	4562.9	
886.52	3084.9	
886.69	3767.6	
886.85	4374.5	
887.02	5256.5	
887.19	5256.5	
887.35	5256.5	
887.52	5256.5	
887.68	5256.5	
887.85	5256.5	
888.02	5256.5	
888.18	5256.5	
888.35	5256.5	
888.51	5256.5	
888.68	5256.5	
888.85	5256.5	
889.01	5256.5	
889.18	5256.5	
889.35	5256.5	
889.51	5256.5	
889.68	5256.5	
889.84	5256.5	
890.01	5256.5	
890.17	5256.5	
890.34	5256.5	
890.51	5256.5	
890.67	5256.5	
890.84	5256.5	
891	5256.5	
891.17	5256.5	
891.34	5256.5	
891.5	5256.5	
891.67	5256.5	
891.83	5256.5	
892	5256.5	
892.16	5256.5	
892.33	5256.5	
892.5	5256.5	
892.66	5256.5	
892.83	5256.5	
892.99	5256.5	
893.16	5256.5	
893.32	5256.5	
893.49	5256.5	
893.65	5256.5	
893.82	5256.5	
893.99	5256.5	
894.15	5256.5	
894.32	5256.5	
894.48	5256.5	
894.65	5256.5	
894.81	5256.5	
894.98	5256.5	
895.14	5256.5	
895.31	5256.5	
895.47	5256.5	
895.64	5256.5	
895.81	5256.5	
895.97	5256.5	
896.14	5256.5	
896.3	5256.5	
896.47	5256.5	
896.63	5256.5	
896.8	5256.5	
896.96	5256.5	
897.13	5256.5	
897.29	5256.5	
897.46	5256.5	
897.62	5256.5	
897.79	5256.5	
897.95	5256.5	
898.12	5256.5	
898.28	5256.5	
898.45	5256.5	
898.61	5256.5	
898.78	5256.5	
898.94	5256.5	
899.11	5256.5	
899.27	5256.5	
899.44	5256.5	
899.6	5256.5	
899.77	5256.5	
899.93	5256.5	
900.1	5256.5	
900.26	5256.5	
900.43	5256.5	
900.59	5256.5	
900.76	5256.5	
900.92	5256.5	
901.09	5256.5	
901.25	5256.5	
901.42	5256.5	
901.58	5256.5	
901.75	5256.5	
901.91	5256.5	
902.07	5256.5	
902.24	5256.5	
902.4	5256.5	
902.57	5256.5	
902.73	5256.5	
902.9	5256.5	
903.06	5256.5	
903.23	5256.5	
903.39	5256.5	
903.56	5256.5	
903.72	5256.5	
903.88	5256.5	
904.05	5256.5	
904.21	5256.5	
904.38	5256.5	
904.54	5256.5	
904.71	5256.5	
904.87	5256.5	
905.03	5256.5	
905.2	5256.5	
905.36	5256.5	
905.53	5256.5	
905.69	5256.5	
905.86	5256.5	
906.02	5256.5	
906.18	5256.5	
906.35	5256.5	
906.51	5256.5	
906.68	5256.5	
906.84	5256.5	
907.01	5256.5	
907.17	5256.5	
907.33	5256.5	
907.5	5256.5	
907.66	5256.5	
907.83	5256.5	
907.99	5256.5	
908.15	5256.5	
908.32	5256.5	
908.48	5256.5	
908.65	5256.5	
908.81	5256.5	
908.97	5256.5	
909.14	5256.5	
909.3	5256.5	
909.47	5256.5	
909.63	5256.5	
909.79	5256.5	
909.96	5256.5	
910.12	5256.5	
910.28	5256.5	
910.45	5256.5	
910.61	5256.5	
910.78	5256.5	
910.94	5256.5	
911.1	5256.5	
911.27	5256.5	
911.43	5256.5	
911.59	5256.5	
911.76	5256.5	
911.92	5256.5	
912.08	5256.5	
912.25	5256.5	
912.41	5256.5	
912.57	5256.5	
912.74	5256.5	
912.9	5256.5	
913.07	5256.5	
913.23	5256.5	
913.39	5256.5	
913.56	5256.5	
913.72	5256.5	
913.88	5256.5	
914.05	5256.5	
914.21	5256.5	
914.37	5256.5	
914.54	5256.5	
914.7	5256.5	
914.86	5256.5	
915.03	5256.5	
915.19	5256.5	
