Wavelength	Intensities	
nm	a.u.	
179.22	1676.9	
179.44	1678.7	
179.65	1675.2	
179.86	1682.1	
180.08	1718.2	
180.29	3917.1	
180.51	3080.8	
180.72	4954.7	
180.94	5469.4	
181.15	2743.6	
181.37	2657.6	
181.58	4800.4	
181.79	4983.4	
182.01	2811.2	
182.22	2973	
182.44	5042.8	
182.65	4296.6	
182.87	3613.3	
183.08	3245.3	
183.29	5268.1	
183.51	4388.8	
183.72	2920.4	
183.94	4103.4	
184.15	4692.6	
184.37	4694.6	
184.58	2650.1	
184.79	3435.1	
185.01	4474.1	
185.22	5012.7	
185.44	3661.8	
185.65	3175	
185.86	4718.5	
186.08	4333.5	
186.29	2654.2	
186.51	2790.7	
186.72	4450.9	
186.94	5110.4	
187.15	3119.1	
187.36	3290.4	
187.58	6371.2	
187.79	4749.2	
188.01	3315.7	
188.22	5022.3	
188.43	5627.8	
188.65	4953.4	
188.86	2770.9	
189.08	3282.2	
189.29	4503.5	
189.5	4521.9	
189.72	3020.8	
189.93	3015.3	
190.15	5089.2	
190.36	5926.1	
190.57	3297.9	
190.79	3149.8	
191	5070.1	
191.22	5115.8	
191.43	3304.1	
191.64	2812.5	
191.86	5310.4	
192.07	5169.1	
192.29	2898.6	
192.5	3026.2	
192.71	5109.7	
192.93	4538.3	
193.14	3001	
193.35	3087	
193.57	4502.8	
193.78	5152	
194	2480.8	
194.21	2973	
194.42	4396.3	
194.64	4726	
194.85	3217.4	
195.07	3728	
195.28	4736.3	
195.49	4195.6	
195.71	3865.9	
195.92	2820.1	
196.13	4904.9	
196.35	4874.2	
196.56	4091.2	
196.78	3196.9	
196.99	5874.3	
197.2	5494	
197.42	3616	
197.63	3251.5	
197.84	4311.7	
198.06	4930.1	
198.27	2969.6	
198.48	3824.9	
198.7	4532.2	
198.91	4698.7	
199.13	3200.3	
199.34	3273.3	
199.55	5087.8	
199.77	4125.3	
199.98	2962.7	
200.19	3258.3	
200.41	4648.9	
200.62	4410.6	
200.83	3339.6	
201.05	3579.2	
201.26	4730.1	
201.47	4522.6	
201.69	2946.3	
201.9	2864.4	
202.11	4681	
202.33	5411.4	
202.54	3081.5	
202.76	3404.4	
202.97	4755.4	
203.18	4844.8	
203.4	3386	
203.61	3355.3	
203.82	4798.4	
204.04	4492.6	
204.25	3266.5	
204.46	3227.6	
204.68	4724.7	
204.89	4896	
205.1	3166.2	
205.32	2784.6	
205.53	4954.7	
205.74	5120.6	
205.96	2478.7	
206.17	3312.9	
206.38	4968.4	
206.6	5097.4	
206.81	3680.2	
207.02	3071.3	
207.24	4851	
207.45	5148.6	
207.66	3151.1	
207.88	2739.5	
208.09	4921.3	
208.3	4707.6	
208.52	2946.3	
208.73	3178.4	
208.94	4737	
209.15	5156.1	
209.37	3108.8	
209.58	3244.7	
209.79	5041.4	
210.01	4588.8	
210.22	2581.1	
210.43	2702.6	
210.65	4641.4	
210.86	4992.3	
211.07	3104	
211.29	2894.5	
211.5	4887.8	
211.71	4657.8	
211.93	2941.6	
212.14	2878.8	
212.35	4691.9	
212.56	4782	
212.78	3268.6	
212.99	2772.3	
213.2	5440.1	
213.42	4554.7	
213.63	3023.5	
213.84	3132	
214.06	4323.3	
214.27	4360.8	
214.48	3126.6	
214.69	3329.3	
214.91	5227.8	
215.12	5223	
215.33	3312.2	
215.55	3531.4	
215.76	5640.8	
215.97	4984.8	
216.18	3164.1	
216.4	3181.2	
216.61	4509.6	
216.82	5070.8	
217.04	2921.8	
217.25	3022.1	
217.46	5179.3	
217.67	4980.7	
217.89	2658.3	
218.1	2729.9	
218.31	4780.6	
218.53	4873.5	
218.74	3066.5	
218.95	2922.5	
219.16	4713.7	
219.38	5360.2	
219.59	2961.4	
219.8	3469.9	
220.01	5770.5	
220.23	4730.8	
220.44	3709.6	
220.65	2887.6	
220.87	4801.1	
221.08	5171.1	
221.29	2751.1	
221.5	3562.8	
221.72	6098.2	
221.93	4513	
222.14	3246	
222.35	3779.2	
222.57	4709.6	
222.78	5023	
222.99	3202.3	
223.2	3342.3	
223.42	4848.2	
223.63	5018.2	
223.84	2505.3	
224.05	2489	
224.27	5730.9	
224.48	5298.1	
224.69	3816	
224.9	3276.1	
225.12	4852.3	
225.33	4619.5	
225.54	2704.7	
225.75	2962.7	
225.97	4423.6	
226.18	4671.4	
226.39	3127.2	
226.6	2959.3	
226.82	4553.3	
227.03	4362.9	
227.24	3215.3	
227.45	2780.5	
227.67	5042.8	
227.88	5298.1	
228.09	3620.1	
228.3	3559.4	
228.52	5028.4	
228.73	4643.4	
228.94	3095.8	
229.15	2780.5	
229.36	4661.2	
229.58	4624.3	
229.79	3121.8	
230	3508.9	
230.21	5496.7	
230.43	4789.5	
230.64	3213.9	
230.85	3302.7	
231.06	5033.2	
231.28	4982	
231.49	2738.1	
231.7	3238.5	
231.91	4975.9	
232.12	4693.9	
232.34	2837.1	
232.55	3121.1	
232.76	5238.7	
232.97	4845.5	
233.18	2903.3	
233.4	3274	
233.61	4835.3	
233.82	4550.6	
234.03	3060.3	
234.25	2945	
234.46	6190.3	
234.67	4795.7	
234.88	3297.9	
235.09	2937.5	
235.31	4786.8	
235.52	4599.1	
235.73	3226.2	
235.94	2777.7	
236.15	4469.4	
236.37	5515.2	
236.58	2886.3	
236.79	3122.5	
237	4956.1	
237.21	4304.8	
237.43	3330.7	
237.64	2717	
237.85	7692.9	
238.06	4380.6	
238.27	3352.5	
238.48	2759.3	
238.7	4991.6	
238.91	4659.1	
239.12	3091.1	
239.33	3224.2	
239.54	4442	
239.76	4631.1	
239.97	3130.7	
240.18	3157.3	
240.39	5652.4	
240.6	4823.6	
240.82	3288.4	
241.03	2757.2	
241.24	4717.2	
241.45	5260.5	
241.66	2923.8	
241.87	3360	
242.09	5259.2	
242.3	5470.8	
242.51	3388	
242.72	3132	
242.93	5022.3	
243.14	4686.4	
243.36	3544.4	
243.57	3846.8	
243.78	5285.8	
243.99	4940.4	
244.2	3040.6	
244.41	2846	
244.63	4384.7	
244.84	4889.2	
245.05	3368.2	
245.26	3124.5	
245.47	4956.8	
245.68	5038.7	
245.9	4037.2	
246.11	3288.4	
246.32	4573.8	
246.53	4874.2	
246.74	4936.3	
246.95	2668.5	
247.16	4428.4	
247.38	4724	
247.59	2734	
247.8	3211.9	
248.01	4459.8	
248.22	4677.6	
248.43	2877.4	
248.64	3097.9	
248.86	4297.3	
249.07	4559.5	
249.28	2820.7	
249.49	3216	
249.7	5136.3	
249.91	5104.9	
250.12	2697.2	
250.34	2745	
250.55	4779.3	
250.76	4661.2	
250.97	3194.8	
251.18	3226.2	
251.39	5182	
251.6	4809.3	
251.81	3308.8	
252.03	3279.5	
252.24	4489.1	
252.45	5018.2	
252.66	2750.4	
252.87	3351.2	
253.08	4739	
253.29	5838.8	
253.5	2852.1	
253.72	3781.9	
253.93	4616.8	
254.14	5436	
254.35	2997.5	
254.56	3097.9	
254.77	4910.3	
254.98	4432.5	
255.19	2996.9	
255.41	3676.8	
255.62	4841.4	
255.83	5160.9	
256.04	3354.6	
256.25	3250.8	
256.46	5580	
256.67	4450.9	
256.88	3257.6	
257.09	3538.9	
257.31	4442.7	
257.52	4455	
257.73	3922.5	
257.94	2975	
258.15	4624.3	
258.36	4726.7	
258.57	3674.1	
258.78	2471.2	
258.99	5107.6	
259.2	4534.9	
259.41	2991.4	
259.63	3153.9	
259.84	5272.2	
260.05	5530.2	
260.26	3801.7	
260.47	2940.2	
260.68	5115.8	
260.89	4609.3	
261.1	3571.7	
261.31	2880.8	
261.52	5206.6	
261.73	5416.2	
261.95	3791.5	
262.16	3242.6	
262.37	5214.8	
262.58	5332.2	
262.79	3740.3	
263	3051.5	
263.21	4739	
263.42	4260.5	
263.63	3327.3	
263.84	3013.9	
264.05	5048.9	
264.26	5395.7	
264.47	3663.1	
264.69	3240.6	
264.9	5246.9	
265.11	4880.3	
265.32	2948.4	
265.53	3001.6	
265.74	4808.6	
265.95	4208.6	
266.16	3195.5	
266.37	3413.3	
266.58	4779.3	
266.79	4565.6	
267	3029.6	
267.21	2810.5	
267.42	4377.2	
267.63	4713.1	
267.84	3106.8	
268.06	2780.5	
268.27	5018.9	
268.48	5210	
268.69	3049.4	
268.9	3532.7	
269.11	5238.7	
269.32	4280.9	
269.53	3110.9	
269.74	2986.6	
269.95	4876.2	
270.16	4278.2	
270.37	3154.6	
270.58	3568.9	
270.79	4655	
271	5040.1	
271.21	3293.8	
271.42	3162.1	
271.63	4851.6	
271.84	4324.6	
272.05	2557.9	
272.26	2853.5	
272.47	4747.9	
272.68	4849.6	
272.89	3036.5	
273.11	3431.7	
273.32	4536.9	
273.53	5350	
273.74	3345.7	
273.95	3246.7	
274.16	5044.8	
274.37	4739.7	
274.58	3445.4	
274.79	2794.1	
275	4799.1	
275.21	5106.3	
275.42	4030.4	
275.63	3456.3	
275.84	4915.1	
276.05	5949.3	
276.26	3276.8	
276.47	3137.5	
276.68	4630.5	
276.89	5466.7	
277.1	3528	
277.31	2822.8	
277.52	4852.3	
277.73	5165.7	
277.94	2742.2	
278.15	3029.6	
278.36	4843.4	
278.57	4498.7	
278.78	3041.9	
278.99	3377.8	
279.2	4512.4	
279.41	4384.7	
279.62	3954.6	
279.83	2887	
280.04	5606.7	
280.25	4377.2	
280.46	3852.2	
280.67	3120.4	
280.88	4416.1	
281.09	5196.4	
281.3	3289	
281.51	4041.3	
281.72	4562.9	
281.93	5062.6	
282.14	2963.4	
282.35	3167.5	
282.56	5132.2	
282.77	5059.8	
282.98	3082.2	
283.19	3684.3	
283.4	5991.7	
283.61	4706.2	
283.82	2878.8	
284.03	3796.3	
284.24	4887.1	
284.45	5177.3	
284.66	3873.4	
284.87	3654.3	
285.08	5168.4	
285.29	5250.3	
285.5	2762.7	
285.71	3035.1	
285.92	5106.3	
286.12	5657.9	
286.33	3826.3	
286.54	3114.3	
286.75	4992.9	
286.96	4661.2	
287.17	2867.8	
287.38	3727.3	
287.59	4524	
287.8	4493.9	
288.01	3076.7	
288.22	3456.3	
288.43	5023.7	
288.64	4321.2	
288.85	3585.3	
289.06	3464.5	
289.27	5056.4	
289.48	5352.7	
289.69	3818.8	
289.9	3446	
290.11	5210.7	
290.32	4573.8	
290.53	3615.3	
290.74	3358.7	
290.94	5020.9	
291.15	5106.3	
291.36	3024.8	
291.57	3482.2	
291.78	4570.4	
291.99	4228.4	
292.2	2911.5	
292.41	3372.3	
292.62	5081.7	
292.83	4954.7	
293.04	4102.1	
293.25	2935.4	
293.46	4650.3	
293.67	5154.1	
293.88	2918.4	
294.09	2880.8	
294.29	4433.2	
294.5	4831.8	
294.71	3152.5	
294.92	3053.5	
295.13	4576.5	
295.34	5573.2	
295.55	2732	
295.76	2695.8	
295.97	5029.8	
296.18	5494.7	
296.39	2833	
296.6	2949.8	
296.81	4749.2	
297.01	5005.2	
297.22	3064.4	
297.43	3024.8	
297.64	4492.6	
297.85	4410	
298.06	2547	
298.27	2732	
298.48	4668.7	
298.69	4494.6	
298.9	3194.8	
299.11	2914.9	
299.31	4416.1	
299.52	4412	
299.73	3410.6	
299.94	3322.5	
300.15	4780	
300.36	4437.9	
300.57	3336.8	
300.78	3328.6	
300.99	4575.8	
301.2	4786.8	
301.4	2970.2	
301.61	3173	
301.82	4967	
302.03	5038.7	
302.24	3480.2	
302.45	2829.6	
302.66	4911.7	
302.87	5158.8	
303.08	2979.1	
303.29	3876.1	
303.49	4558.1	
303.7	4693.9	
303.91	2724.5	
304.12	3751.2	
304.33	4317.8	
304.54	4769	
304.75	2992.1	
304.96	2927.9	
305.16	4922	
305.37	5425.8	
305.58	2678.1	
305.79	2719	
306	4936.3	
306.21	4261.1	
306.42	3035.1	
306.63	4399	
306.83	4594.3	
307.04	5022.3	
307.25	3232.4	
307.46	3223.5	
307.67	4197.7	
307.88	4971.1	
308.09	2957.3	
308.29	2990	
308.5	4804.5	
308.71	5085.1	
308.92	3157.3	
309.13	2899.9	
309.34	4678.9	
309.55	4668.7	
309.75	3656.3	
309.96	3333.4	
310.17	5022.3	
310.38	4450.2	
310.59	3462.4	
310.8	2864.4	
311.01	4607.9	
311.21	4580.6	
311.42	2912.9	
311.63	2935.4	
311.84	4567	
312.05	4810.7	
312.26	3290.4	
312.46	3510.2	
312.67	4573.1	
312.88	4393.6	
313.09	2866.5	
313.3	2837.8	
313.51	5267.4	
313.71	5541.1	
313.92	2906.1	
314.13	3041.9	
314.34	4894.6	
314.55	4739	
314.76	3577.8	
314.96	3189.4	
315.17	4842.1	
315.38	4859.1	
315.59	2880.1	
315.8	2806.4	
316.01	5302.9	
316.21	5388.2	
316.42	2806.4	
316.63	3183.2	
316.84	4636.6	
317.05	5175.9	
317.26	3362.8	
317.46	3058.3	
317.67	4689.8	
317.88	5006.6	
318.09	3598.3	
318.3	2755.2	
318.5	4566.3	
318.71	4878.3	
318.92	4417.5	
319.13	3368.9	
319.34	5077.6	
319.54	5156.8	
319.75	2726.5	
319.96	2645.3	
320.17	4958.8	
320.38	5112.4	
320.58	2682.8	
320.79	3125.9	
321	5152.7	
321.21	5283.8	
321.42	3183.9	
321.62	2679.4	
321.83	4437.3	
322.04	4775.2	
322.25	3081.5	
322.46	2932	
322.66	4746.5	
322.87	4959.5	
323.08	3450.1	
323.29	2845.3	
323.5	5469.4	
323.7	4404.5	
323.91	3803.1	
324.12	3469.9	
324.33	4816.1	
324.53	4966.3	
324.74	3327.9	
324.95	3481.5	
325.16	4348.5	
325.37	4614.1	
325.57	2925.9	
325.78	2925.9	
325.99	4832.5	
326.2	4266.6	
326.4	3962.8	
326.61	2730.6	
326.82	4607.2	
327.03	4811.4	
327.24	3930.7	
327.44	3707.5	
327.65	4944.5	
327.86	4076.8	
328.07	3311.6	
328.27	2850.1	
328.48	5253.7	
328.69	4399	
328.9	3988.8	
329.1	2979.1	
329.31	4619.5	
329.52	5346.6	
329.73	2935.4	
329.93	3201	
330.14	4775.2	
330.35	4874.2	
330.56	4536.3	
330.76	3435.1	
330.97	4571.7	
331.18	4859.1	
331.39	3252.9	
331.59	2667.8	
331.8	5129.5	
332.01	5195.7	
332.22	2979.1	
332.42	3284.3	
332.63	4823.6	
332.84	4394.3	
333.05	3220.8	
333.25	2934.1	
333.46	4513	
333.67	4704.2	
333.88	2978.4	
334.08	3290.4	
334.29	6008.7	
334.5	5175.2	
334.7	2787.3	
334.91	3951.9	
335.12	4414.1	
335.33	5059.8	
335.53	3207.8	
335.74	4443.4	
335.95	4638.6	
336.16	4468.7	
336.36	3112.9	
336.57	3648.1	
336.78	4306.2	
336.98	5098.8	
337.19	3817.4	
337.4	3071.3	
337.61	5554.1	
337.81	4373.8	
338.02	2994.8	
338.23	3650.8	
338.43	5280.3	
338.64	4463.2	
338.85	2947.7	
339.05	3725.3	
339.26	5366.4	
339.47	4298.7	
339.68	2914.9	
339.88	4152.6	
340.09	4970.4	
340.3	5075.5	
340.5	3295.2	
340.71	2615.9	
340.92	4377.2	
341.13	5225.1	
341.33	2758.6	
341.54	3355.9	
341.75	4858.5	
341.95	4578.6	
342.16	3226.2	
342.37	3459	
342.57	4390.8	
342.78	4620.9	
342.99	3504.8	
343.19	2687.6	
343.4	4982	
343.61	4857.8	
343.81	3087.7	
344.02	2813.9	
344.23	5051	
344.43	5275.6	
344.64	3528	
344.85	3472.7	
345.06	4928.1	
345.26	5159.5	
345.47	3379.1	
345.68	3816	
345.88	4295.3	
346.09	5070.1	
346.3	3327.9	
346.5	2563.4	
346.71	4659.8	
346.92	4455.7	
347.12	2736.8	
347.33	3263.1	
347.54	5102.9	
347.74	5399.1	
347.95	3250.1	
348.16	2562.7	
348.36	4529.4	
348.57	4423.6	
348.78	3324.5	
348.98	3446.7	
349.19	4659.8	
349.39	4220.9	
349.6	2719	
349.81	2921.8	
350.01	4981.3	
350.22	4490.5	
350.43	3254.9	
350.63	3743	
350.84	4703.5	
351.05	4546.5	
351.25	2897.2	
351.46	2686.9	
351.67	5110.4	
351.87	4457.1	
352.08	3087.7	
352.29	3464.5	
352.49	5011.4	
352.7	5084.4	
352.9	2800.9	
353.11	3444.7	
353.32	5494.7	
353.52	4559.5	
353.73	2800.3	
353.94	3502.7	
354.14	4851.6	
354.35	4680.3	
354.55	2882.9	
354.76	3170.3	
354.97	4885.1	
355.17	4635.9	
355.38	2792.7	
355.59	3676.1	
355.79	4403.8	
356	4638	
356.2	3180.5	
356.41	2827.6	
356.62	4302.1	
356.82	4615.4	
357.03	3361.4	
357.24	3036.5	
357.44	4415.4	
357.65	4477.5	
357.85	3880.2	
358.06	3202.3	
358.27	4204.5	
358.47	4323.9	
358.68	2706.7	
358.88	3346.4	
359.09	4835.9	
359.3	5081.7	
359.5	3773	
359.71	3429.7	
359.91	5356.1	
360.12	4807.3	
360.33	3250.8	
360.53	3682.9	
360.74	4457.1	
360.94	4502.1	
361.15	3446	
361.36	2876.7	
361.56	5089.9	
361.77	4579.9	
361.97	3855	
362.18	3071.3	
362.38	4987.5	
362.59	4271.4	
362.8	2901.3	
363	2745.6	
363.21	4145.8	
363.41	4594.3	
363.62	3223.5	
363.83	3834.5	
364.03	4786.8	
364.24	5312.4	
364.44	3985.3	
364.65	3971	
364.85	4575.2	
365.06	4304.8	
365.27	2968.9	
365.47	3021.4	
365.68	5256.5	
365.88	4528.7	
366.09	3311.6	
366.29	2979.1	
366.5	4702.8	
366.71	5029.1	
366.91	3910.3	
367.12	3388	
367.32	5449.6	
367.53	4879.6	
367.73	3358	
367.94	4066.6	
368.14	4924	
368.35	5473.5	
368.56	3246.7	
368.76	2862.4	
368.97	5020.9	
369.17	6059.3	
369.38	2951.8	
369.58	3104	
369.79	4248.2	
369.99	5219.6	
370.2	3912.3	
370.4	3160.7	
370.61	4745.1	
370.82	5604.6	
371.02	3143.6	
371.23	2671.9	
371.43	4190.1	
371.64	5165	
371.84	3200.3	
372.05	3928.7	
372.25	6094.1	
372.46	4851	
372.66	3104	
372.87	3089.7	
373.07	4932.9	
373.28	6121.4	
373.48	3857.7	
373.69	3609.2	
373.9	4614.8	
374.1	4586.1	
374.31	3759.4	
374.51	3439.9	
374.72	5113.8	
374.92	4293.9	
375.13	3911.6	
375.33	3310.9	
375.54	4757.4	
375.74	4429.1	
375.95	3401	
376.15	4226.3	
376.36	4855.1	
376.56	4763.6	
376.77	3366.9	
376.97	3619.4	
377.18	5580.7	
377.38	4880.3	
377.59	3893.9	
377.79	3007.8	
378	4640.7	
378.2	4997	
378.41	3078.8	
378.61	2992.1	
378.82	5086.5	
379.02	4453	
379.23	3200.3	
379.43	3920.5	
379.64	5180.7	
379.84	4841.4	
380.05	3082.2	
380.25	3042.6	
380.46	4857.8	
380.66	4579.9	
380.87	3978.5	
381.07	4264.6	
381.28	5393	
381.48	4864.6	
381.69	3063.1	
381.89	3149.8	
382.1	4182.6	
382.3	5018.2	
382.51	3880.2	
382.71	4463.2	
382.91	4826.4	
383.12	5324	
383.32	3366.9	
383.53	3509.5	
383.73	4787.5	
383.94	4689.2	
384.14	3502.7	
384.35	2791.4	
384.55	4564.9	
384.76	4917.2	
384.96	3378.5	
385.17	3594.9	
385.37	4980	
385.58	4368.3	
385.78	3579.2	
385.98	2803.7	
386.19	4577.9	
386.39	4863.2	
386.6	3165.5	
386.8	3360	
387.01	4873.5	
387.21	4954.7	
387.42	3655.6	
387.62	4034.5	
387.83	4465.3	
388.03	4739.7	
388.23	3386.7	
388.44	3900.7	
388.64	4270	
388.85	4288.4	
389.05	3559.4	
389.26	4020.8	
389.46	5747.3	
389.67	5246.2	
389.87	3585.3	
390.07	3603.1	
390.28	4567.7	
390.48	4293.2	
390.69	3065.8	
390.89	3250.1	
391.1	4524	
391.3	5137.7	
391.5	4076.1	
391.71	4496.7	
391.91	5004.6	
392.12	5597.1	
392.32	4174.4	
392.53	3614	
392.73	4554.7	
392.93	4670.1	
393.14	3372.3	
393.34	3926.6	
393.55	4975.2	
393.75	4630.5	
393.95	3411.2	
394.16	3318.4	
394.36	4513	
394.57	4986.8	
394.77	3003	
394.98	3265.1	
395.18	4466.6	
395.38	4581.3	
395.59	3952.6	
395.79	3144.3	
396	4522.6	
396.2	4885.1	
396.4	3734.8	
396.61	3663.1	
396.81	4947.2	
397.02	4453.6	
397.22	3842	
397.42	3962.8	
397.63	5056.4	
397.83	4428.4	
398.04	3104	
398.24	3411.9	
398.44	4874.8	
398.65	4098	
398.85	2975.7	
399.05	3026.2	
399.26	4443.4	
399.46	5560.9	
399.67	3379.1	
399.87	3095.8	
400.07	4677.6	
400.28	4898.1	
400.48	3188.7	
400.69	3941.7	
400.89	4980.7	
401.09	5412.1	
401.3	3109.5	
401.5	3962.1	
401.7	5527.5	
401.91	5698.8	
402.11	3405.8	
402.32	3560.1	
402.52	5106.3	
402.72	4989.5	
402.93	3704.1	
403.13	2943.6	
403.33	5662	
403.54	4697.4	
403.74	3525.2	
403.94	4190.1	
404.15	4780.6	
404.35	5598.5	
404.56	3340.2	
404.76	4585.4	
404.96	5084.4	
405.17	4911.7	
405.37	4113	
405.57	3669.3	
405.78	5109.7	
405.98	4676.9	
406.18	3392.8	
406.39	3908.2	
406.59	5098.1	
406.79	4809.3	
407	3192.1	
407.2	3239.2	
407.4	5307	
407.61	5158.8	
407.81	3235.1	
408.01	4612.7	
408.22	4244.8	
408.42	5663.3	
408.62	3913	
408.83	3565.5	
409.03	4676.9	
409.23	4561.5	
409.44	3588.7	
409.64	3751.9	
409.84	5376.6	
410.05	5196.4	
410.25	3676.8	
410.45	3552.5	
410.66	4868	
410.86	6709.8	
411.06	3813.3	
411.27	3763.5	
411.47	6441.5	
411.67	4954.7	
411.88	3936.2	
412.08	4005.1	
412.28	5442.8	
412.49	5808.7	
412.69	3700.7	
412.89	3680.2	
413.09	5655.8	
413.3	5636	
413.5	3794.2	
413.7	3440.6	
413.91	5038	
414.11	5692	
414.31	3603.1	
414.52	3972.4	
414.72	5451.7	
414.92	5358.9	
415.12	3628.3	
415.33	4001.7	
415.53	5507	
415.73	5787.6	
415.94	4298	
416.14	3825.6	
416.34	4939	
416.55	4617.5	
416.75	4709	
416.95	4265.9	
417.15	5613.5	
417.36	6121.4	
417.56	4886.5	
417.76	4138.9	
417.97	5861.3	
418.17	5589.6	
418.37	3907.5	
418.57	3900.7	
418.78	5546.6	
418.98	5285.1	
419.18	4517.8	
419.38	4524.6	
419.59	5223.7	
419.79	5059.8	
419.99	3834.5	
420.2	4057.7	
420.4	5696.8	
420.6	5750.7	
420.8	3812.6	
421.01	3658.4	
421.21	5515.2	
421.41	5625.1	
421.61	4044.1	
421.82	3834.5	
422.02	5210.7	
422.22	5963.7	
422.42	4406.5	
422.63	4267.3	
422.83	5251.7	
423.03	6172.6	
423.23	4216.1	
423.44	3446.7	
423.64	5348.6	
423.84	5090.6	
424.04	3830.4	
424.25	3584.6	
424.45	6014.9	
424.65	5954.8	
424.85	3433.8	
425.06	3859.1	
425.26	6109.1	
425.46	5239.4	
425.66	4179.9	
425.87	3939.6	
426.07	5808.7	
426.27	5715.9	
426.47	4086.4	
426.67	3635.1	
426.88	6133	
427.08	5711.8	
427.28	4256.4	
427.48	3579.2	
427.69	5005.9	
427.89	5380.7	
428.09	4245.4	
428.29	3645.4	
428.5	5797.8	
428.7	5602.6	
428.9	3544.4	
429.1	3931.4	
429.3	5466.7	
429.51	5703.6	
429.71	3858.4	
429.91	4359.4	
430.11	5724.8	
430.31	5900.9	
430.52	3954.6	
430.72	4131.4	
430.92	6063.4	
431.12	5745.9	
431.32	3744.4	
431.53	4090.5	
431.73	4889.2	
431.93	6125.5	
432.13	3711.6	
432.33	3634.5	
432.54	5294.7	
432.74	5456.5	
432.94	3606.5	
433.14	4352.6	
433.34	5753.4	
433.55	5313.1	
433.75	4273.4	
433.95	5505.6	
434.15	5560.2	
434.35	5292.6	
434.56	3701.4	
434.76	3391.4	
434.96	5513.8	
435.16	5622.4	
435.36	3612.6	
435.56	4472.8	
435.77	5235.3	
435.97	5380	
436.17	4937	
436.37	4330.1	
436.57	5223	
436.78	5162.9	
436.98	4792.9	
437.18	4865.3	
437.38	5644.9	
437.58	5354.1	
437.78	4974.5	
437.99	3969.6	
438.19	5839.4	
438.39	6399.2	
438.59	4027	
438.79	3562.8	
438.99	6241.5	
439.2	5350.7	
439.4	3652.2	
439.6	3646.1	
439.8	5492.7	
440	6348	
440.2	4289.1	
440.4	4431.1	
440.61	5929.6	
440.81	6198.5	
441.01	3796.3	
441.21	4440	
441.41	6199.2	
441.61	5840.8	
441.81	4557.4	
442.02	5341.1	
442.22	6516	
442.42	5948.7	
442.62	3850.9	
442.82	3938.2	
443.02	6216.3	
443.22	5563.6	
443.43	4157.4	
443.63	3765.5	
443.83	5428.5	
444.03	5455.8	
444.23	4724	
444.43	4388.8	
444.63	5711.1	
444.83	6623.8	
445.04	3875.4	
445.24	4848.2	
445.44	5974.6	
445.64	6046.3	
445.84	4560.8	
446.04	4565.6	
446.24	5518.6	
446.44	6313.2	
446.65	3990.8	
446.85	4188.8	
447.05	5736.4	
447.25	6206.7	
447.45	4284.4	
447.65	3861.8	
447.85	5801.2	
448.05	5451.7	
448.25	4506.2	
448.46	4403.8	
448.66	5715.2	
448.86	5531.6	
449.06	3783.3	
449.26	4543.8	
449.46	6024.4	
449.66	5304.9	
449.86	4301.4	
450.06	4225.6	
450.26	5461.9	
450.47	5870.8	
450.67	4442.7	
450.87	4678.9	
451.07	6078.4	
451.27	5748	
451.47	3944.4	
451.67	4623.6	
451.87	5632.6	
452.07	6460	
452.27	4126	
452.47	4175.8	
452.67	5879	
452.88	6141.2	
453.08	3666.5	
453.28	5060.5	
453.48	6681.2	
453.68	5745.9	
453.88	4074.8	
454.08	4244.8	
454.28	6061.3	
454.48	5793	
454.68	4608.6	
454.88	4868	
455.08	6155.5	
455.28	5808	
455.48	3950.5	
455.68	4425.7	
455.89	6498.9	
456.09	6259.3	
456.29	4188.1	
456.49	4304.1	
456.69	6406.7	
456.89	5808.7	
457.09	4628.4	
457.29	4863.2	
457.49	6075	
457.69	6133	
457.89	4529.4	
458.09	4055.7	
458.29	5960.3	
458.49	6457.9	
458.69	4739.7	
458.89	4348.5	
459.09	6597.2	
459.29	6701	
459.49	4440	
459.69	4984.8	
459.9	6287.3	
460.1	5928.9	
460.3	4347.8	
460.5	4209.9	
460.7	6331.6	
460.9	5954.8	
461.1	3990.1	
461.3	4848.9	
461.5	6692.8	
461.7	6457.9	
461.9	4248.9	
462.1	4545.8	
462.3	6114.6	
462.5	6468.2	
462.7	4304.8	
462.9	4439.3	
463.1	7174.7	
463.3	6961	
463.5	4554	
463.7	5145.9	
463.9	6290	
464.1	6546	
464.3	4632.5	
464.5	4846.9	
464.7	6673.6	
464.9	6488.6	
465.1	5807.4	
465.3	5050.3	
465.5	6895.5	
465.7	7026.6	
465.9	5270.1	
466.1	5060.5	
466.3	6818.4	
466.5	6690	
466.7	5820.3	
466.9	4947.9	
467.1	6750.1	
467.3	7295.5	
467.5	5672.2	
467.7	4990.2	
467.9	7509.2	
468.1	8045.1	
468.3	5470.1	
468.5	5795.8	
468.7	6594.5	
468.9	6554.2	
469.1	5158.2	
469.3	5640.8	
469.5	8094.3	
469.7	6346.7	
469.9	5509	
470.1	5008	
470.3	6786.3	
470.5	6754.9	
470.7	5952.8	
470.9	5100.1	
471.1	6547.4	
471.3	6934.4	
471.5	4906.3	
471.69	6289.3	
471.89	6578.1	
472.09	6164.4	
472.29	5535.7	
472.49	5758.9	
472.69	6355.5	
472.89	6802.7	
473.09	4875.5	
473.29	5025	
473.49	6457.9	
473.69	6489.3	
473.89	5669.5	
474.09	5062.6	
474.29	7409.6	
474.49	7142.6	
474.69	5629.9	
474.89	5198.4	
475.09	6537.1	
475.29	6567.2	
475.49	4810	
475.69	5064.6	
475.88	7744.7	
476.08	6867.5	
476.28	4799.1	
476.48	5074.2	
476.68	7228	
476.88	6913.9	
477.08	5141.8	
477.28	5261.9	
477.48	6698.9	
477.68	6991.1	
477.88	4891.9	
478.08	5142.4	
478.28	7354.3	
478.48	6773.3	
478.67	5188.9	
478.87	4680.3	
479.07	7160.4	
479.27	6877.8	
479.47	5314.5	
479.67	5302.2	
479.87	7079.1	
480.07	7453.9	
480.27	4786.8	
480.47	5910.4	
480.67	6823.8	
480.87	7329	
481.06	5027.1	
481.26	5674.2	
481.46	6897.6	
481.66	6685.3	
481.86	5401.2	
482.06	6021.7	
482.26	6602	
482.46	7264.1	
482.66	5335.6	
482.86	5036	
483.05	6993.8	
483.25	6457.2	
483.45	7077.1	
483.65	5378.6	
483.85	6607.4	
484.05	6789	
484.25	5661.3	
484.45	5884.5	
484.65	7397.3	
484.84	7419.1	
485.04	5269.4	
485.24	5268.1	
485.44	7759.8	
485.64	6459.3	
485.84	4808.6	
486.04	5830.6	
486.24	6774.7	
486.44	6961.7	
486.63	4798.4	
486.83	5423	
487.03	6606.7	
487.23	6836.1	
487.43	4912.4	
487.63	6510.5	
487.83	6937.2	
488.02	7457.3	
488.22	5524.7	
488.42	5967.1	
488.62	7518.1	
488.82	6700.3	
489.02	5357.5	
489.22	5300.8	
489.41	7377.5	
489.61	7207.5	
489.81	5244.8	
490.01	5215.5	
490.21	7363.1	
490.41	7931.1	
490.61	5203.9	
490.8	5307	
491	7132.4	
491.2	6608.8	
491.4	5797.1	
491.6	5170.4	
491.8	7101.7	
491.99	7111.2	
492.19	4974.5	
492.39	5199.8	
492.59	7430.7	
492.79	7487.4	
492.99	5766.4	
493.18	5175.9	
493.38	7480.5	
493.58	8018.5	
493.78	5691.3	
493.98	5384.1	
494.18	7238.9	
494.37	6892.1	
494.57	5812.8	
494.77	5791.7	
494.97	7460.1	
495.17	7644.4	
495.37	5444.2	
495.56	5771.9	
495.76	7653.3	
495.96	7592.5	
496.16	6462.7	
496.36	5695.4	
496.55	7774.8	
496.75	7317.4	
496.95	5909.8	
497.15	5894.7	
497.35	7679.2	
497.54	7657.4	
497.74	5685.2	
497.94	6748.1	
498.14	8323.6	
498.34	8030.1	
498.53	5560.2	
498.73	6150.1	
498.93	7260.7	
499.13	7772.7	
499.33	5991.7	
499.52	6308.4	
499.72	7766.6	
499.92	7940	
500.12	5705	
500.32	6001.9	
500.51	7948.8	
500.71	7708.6	
500.91	6589	
501.11	6264.1	
501.31	7909.3	
501.5	8207.6	
501.7	6800.6	
501.9	6030.6	
502.1	7746.8	
502.29	8023.9	
502.49	6354.2	
502.69	6677.7	
502.89	8002.1	
503.09	7947.5	
503.28	5715.9	
503.48	5782.8	
503.68	7414.3	
503.88	7458.7	
504.07	6433.4	
504.27	6143.9	
504.47	7646.4	
504.67	7806.9	
504.86	6397.9	
505.06	6219	
505.26	7498.3	
505.46	8808.3	
505.65	6093.4	
505.85	6295.5	
506.05	7430	
506.25	7885.4	
506.44	5657.9	
506.64	6257.2	
506.84	7330.4	
507.04	7915.4	
507.23	5827.2	
507.43	6155.5	
507.63	8770.8	
507.83	7453.9	
508.02	6238.8	
508.22	5959.6	
508.42	8921	
508.62	7342.7	
508.81	6180.8	
509.01	6569.9	
509.21	7332.4	
509.4	7567.2	
509.6	6298.2	
509.8	5758.2	
510	7473.7	
510.19	8426.7	
510.39	5784.8	
510.59	5838.8	
510.79	7372	
510.98	8338	
511.18	5885.2	
511.38	6021.7	
511.57	8026.7	
511.77	7791.8	
511.97	6502.3	
512.17	5795.1	
512.36	7996.6	
512.56	7795.9	
512.76	5843.5	
512.95	5588.2	
513.15	8151.6	
513.35	6995.2	
513.55	6461.3	
513.74	5774.6	
513.94	7967.3	
514.14	7531.1	
514.33	6556.2	
514.53	6305	
514.73	7475.1	
514.92	7632.8	
515.12	5947.3	
515.32	5758.2	
515.51	7688.1	
515.71	7996	
515.91	7163.1	
516.11	5762.3	
516.3	8856.1	
516.5	7434.1	
516.7	6326.9	
516.89	6708.5	
517.09	7511.9	
517.29	7573.4	
517.48	6554.9	
517.68	6004.6	
517.88	7350.8	
518.07	7832.1	
518.27	6464.8	
518.47	5687.9	
518.66	8211	
518.86	7206.8	
519.06	5616.9	
519.25	5896.8	
519.45	7404.1	
519.65	8532.5	
519.84	6444.3	
520.04	6933.7	
520.24	8916.9	
520.43	8018.5	
520.63	6290.7	
520.83	6184.2	
521.02	7451.2	
521.22	7827.3	
521.42	6402.6	
521.61	6871.6	
521.81	7570	
522.01	7776.1	
522.2	6363	
522.4	6067.4	
522.6	7965.9	
522.79	7071	
522.99	6143.9	
523.18	5573.2	
523.38	7795.3	
523.58	7767.9	
523.77	6975.4	
523.97	5638.7	
524.17	9159.2	
524.36	8538.7	
524.56	6709.8	
524.76	6393.1	
524.95	7864.9	
525.15	7666.9	
525.34	6259.3	
525.54	6379.4	
525.74	8215.1	
525.93	7402	
526.13	7257.3	
526.33	6397.9	
526.52	8489.5	
526.72	8056	
526.91	7333.1	
527.11	6707.1	
527.31	8406.9	
527.5	8832.9	
527.7	6718	
527.89	5988.9	
528.09	7688.1	
528.29	8122.2	
528.48	6988.4	
528.68	6734.4	
528.87	8429.4	
529.07	8425.3	
529.27	6778.1	
529.46	6464.8	
529.66	8342.7	
529.85	8628.8	
530.05	6309.1	
530.25	6853.9	
530.44	9274.6	
530.64	8137.3	
530.83	6577.4	
531.03	6804.7	
531.23	8556.4	
531.42	8395.3	
531.62	7242.3	
531.81	6664.1	
532.01	8591.2	
532.21	8762.6	
532.4	6486.6	
532.6	6716.7	
532.79	9266.4	
532.99	8690.2	
533.18	6878.4	
533.38	7576.8	
533.58	8402.8	
533.77	8843.1	
533.97	6900.3	
534.16	7501.7	
534.36	9144.9	
534.55	8337.3	
534.75	7550.9	
534.95	6932.4	
535.14	9097.8	
535.34	8363.2	
535.53	6784.9	
535.73	8097	
535.92	9415.9	
536.12	8566.7	
536.31	6892.8	
536.51	7705.8	
536.71	8842.4	
536.9	8515.5	
537.1	6838.9	
537.29	6959	
537.49	9066.4	
537.68	8426	
537.88	7283.9	
538.07	6631.3	
538.27	8581	
538.46	9370.8	
538.66	6631.3	
538.86	6956.3	
539.05	8695.7	
539.25	8876.6	
539.44	7319.4	
539.64	6879.1	
539.83	8578.9	
540.03	9258.2	
540.22	6860	
540.42	6972.7	
540.61	8756.4	
540.81	8806.9	
541	7315.3	
541.2	7636.9	
541.39	8361.2	
541.59	8622.6	
541.78	7507.2	
541.98	6825.9	
542.18	8150.9	
542.37	8130.4	
542.57	7096.2	
542.76	7462.8	
542.96	8219.2	
543.15	8667.7	
543.35	7200	
543.54	6712.6	
543.74	8811.7	
543.93	8612.4	
544.13	7109.2	
544.32	7914.7	
544.52	8794.7	
544.71	8228.7	
544.91	6408.1	
545.1	7310.6	
545.3	8282.7	
545.49	8650.6	
545.69	6452.5	
545.88	6892.8	
546.08	9461.6	
546.27	9081.4	
546.47	7199.3	
546.66	6647	
546.86	8897.1	
547.05	9226.1	
547.24	6801.3	
547.44	6727.6	
547.63	8189.8	
547.83	8853.4	
548.02	6955.6	
548.22	7125.6	
548.41	7911.3	
548.61	8897.7	
548.8	6655.2	
549	6658.6	
549.19	8439	
549.39	8834.3	
549.58	6456.6	
549.78	6874.3	
549.97	8809.7	
550.17	8421.9	
550.36	7492.2	
550.55	8206.2	
550.75	8363.9	
550.94	9037.7	
551.14	6587	
551.33	6902.3	
551.53	7910.6	
551.72	8523.6	
551.92	6829.3	
552.11	6739.9	
552.31	8645.2	
552.5	8482	
552.69	7845.8	
552.89	6413.6	
553.08	8647.9	
553.28	8336.6	
553.47	6788.3	
553.67	7548.8	
553.86	9100.5	
554.06	7769.3	
554.25	6219.7	
554.44	6621.8	
554.64	9581.1	
554.83	9180.4	
555.03	6579.4	
555.22	6849.1	
555.42	8751.7	
555.61	8505.2	
555.8	6593.8	
556	6913.3	
556.19	7909.3	
556.39	8705.9	
556.58	6689.3	
556.78	6679.8	
556.97	8435.6	
557.16	8189.8	
557.36	7628	
557.55	6356.2	
557.75	7685.3	
557.94	9008.3	
558.13	6539.8	
558.33	6395.8	
558.52	8849.3	
558.72	7934.5	
558.91	6509.1	
559.1	6598.6	
559.3	7825.3	
559.49	7615.7	
559.69	6158.2	
559.88	6810.2	
560.07	8375.5	
560.27	8718.2	
560.46	6927.6	
560.66	7100.3	
560.85	8288.8	
561.04	7649.2	
561.24	6437.4	
561.43	6546.7	
561.63	7838.3	
561.82	8061.5	
562.01	7407.5	
562.21	6634.1	
562.4	8297	
562.59	8987.9	
562.79	6649.1	
562.98	6363.7	
563.18	8234.9	
563.37	9368.1	
563.56	7014.3	
563.76	6410.1	
563.95	7987.1	
564.14	7891.5	
564.34	6687.3	
564.53	6477	
564.73	8397.4	
564.92	8530.5	
565.11	6770.6	
565.31	6381.5	
565.5	8761.2	
565.69	7877.2	
565.89	6586.3	
566.08	6752.2	
566.27	8682.7	
566.47	8886.1	
566.66	7294.9	
566.85	6350.8	
567.05	8391.9	
567.24	8004.1	
567.44	6522.8	
567.63	7467.6	
567.82	8674.5	
568.02	8322.9	
568.21	6533	
568.4	6780.1	
568.6	8267	
568.79	8236.2	
568.98	6477	
569.18	6492.7	
569.37	8342.7	
569.56	9744.2	
569.76	6863.4	
569.95	7514	
570.14	8619.9	
570.34	8506.6	
570.53	6543.9	
570.72	6475	
570.91	9019.3	
571.11	8416.5	
571.3	6823.8	
571.49	7522.9	
571.69	8457.4	
571.88	8028	
572.07	7175.4	
572.27	7174.7	
572.46	8083.3	
572.65	8776.9	
572.85	6675.7	
573.04	6955.6	
573.23	8970.1	
573.43	8426	
573.62	6563.1	
573.81	6957.6	
574	8513.4	
574.2	8228.7	
574.39	6868.2	
574.58	6899.6	
574.78	9117.6	
574.97	8615.1	
575.16	7135.8	
575.36	7343.3	
575.55	8852.7	
575.74	8957.1	
575.93	6577.4	
576.13	7337.2	
576.32	8414.4	
576.51	8858.1	
576.71	6921.5	
576.9	7877.2	
577.09	9243.8	
577.28	8708.6	
577.48	7289.4	
577.67	6546	
577.86	8540	
578.05	8709.3	
578.25	7045	
578.44	7114.6	
578.63	8669.1	
578.83	9426.1	
579.02	6664.1	
579.21	7740	
579.4	8751	
579.6	8515.5	
579.79	7154.9	
579.98	8746.9	
580.17	8989.9	
580.37	9083.4	
580.56	6744.6	
580.75	7365.2	
580.94	9311.4	
581.14	9263	
581.33	7672.4	
581.52	6881.2	
581.71	8874.5	
581.91	9442.5	
582.1	6697.5	
582.29	7120.8	
582.48	8690.9	
582.68	8735.3	
582.87	7396.6	
583.06	7202	
583.25	8988.5	
583.45	8512	
583.64	7752.9	
583.83	8217.1	
584.02	8630.8	
584.21	8983.8	
584.41	7604.8	
584.6	7208.2	
584.79	8776.9	
584.98	9220	
585.18	6778.1	
585.37	6823.1	
585.56	8432.2	
585.75	9008.3	
585.94	6965.1	
586.14	7461.4	
586.33	9419.3	
586.52	8673.8	
586.71	7325.6	
586.91	7114.6	
587.1	8299.7	
587.29	9008.3	
587.48	7045	
587.67	7017	
587.87	8994.7	
588.06	8866.3	
588.25	7930.4	
588.44	7433.4	
588.63	8654	
588.83	9123	
589.02	7128.3	
589.21	6967.2	
589.4	8590.5	
589.59	8565.3	
589.78	6386.2	
589.98	6597.9	
590.17	8141.4	
590.36	8544.8	
590.55	6154.8	
590.74	6703	
590.94	9342.2	
591.13	8363.9	
591.32	6612.2	
591.51	6122.7	
591.7	8535.3	
591.89	8167.3	
592.09	6210.8	
592.28	6565.8	
592.47	7572.7	
592.66	9094.3	
592.85	6180.8	
593.05	6361	
593.24	8140.7	
593.43	8787.2	
593.62	6434	
593.81	6792.4	
594	8291.5	
594.19	8260.8	
594.39	6403.3	
594.58	6339.1	
594.77	8495.7	
594.96	8715.5	
595.15	6424.5	
595.34	6694.8	
595.54	8360.5	
595.73	7662.8	
595.92	5907	
596.11	6683.9	
596.3	8755.7	
596.49	7907.2	
596.68	6480.5	
596.88	6817.7	
597.07	8431.5	
597.26	7657.4	
597.45	6150.7	
597.64	7022.5	
597.83	7907.9	
598.02	8323.6	
598.22	6240.2	
598.41	6701.6	
598.6	8215.8	
598.79	7739.3	
598.98	6290	
599.17	6993.8	
599.36	8151.6	
599.55	8994.7	
599.74	7658	
599.94	7570.7	
600.13	8556.4	
600.32	7712.7	
600.51	6085.2	
600.7	6128.2	
600.89	9010.4	
601.08	9003.6	
601.27	6036.7	
601.47	6677.1	
601.66	8529.8	
601.85	8888.2	
602.04	6456.6	
602.23	6640.2	
602.42	7770.7	
602.61	8262.2	
602.8	6394.4	
602.99	6239.5	
603.18	8019.2	
603.37	8173.4	
603.57	6664.8	
603.76	7098.9	
603.95	8706.6	
604.14	8366	
604.33	6285.2	
604.52	6498.9	
604.71	8194.6	
604.9	7856.7	
605.09	6961.7	
605.28	6817	
605.47	8621.9	
605.66	8285.4	
605.86	6688	
606.05	6238.1	
606.24	8613.8	
606.43	7480.5	
606.62	6507.1	
606.81	6995.2	
607	8470.4	
607.19	7897	
607.38	6048.3	
607.57	6275	
607.76	7722.9	
607.95	7300.3	
608.14	6574	
608.33	6996.5	
608.52	7724.9	
608.72	8400.1	
608.91	6032.6	
609.1	5907.7	
609.29	7839.6	
609.48	7464.8	
609.67	6638.8	
609.86	5974.6	
610.05	7677.8	
610.24	7771.4	
610.43	5945.9	
610.62	5591	
610.81	8612.4	
611	8400.8	
611.19	5935	
611.38	6510.5	
611.57	7925	
611.76	8884.8	
611.95	5821.7	
612.14	5700.2	
612.33	7836.2	
612.52	7635.5	
612.71	6274.3	
612.9	5551.4	
613.09	7184.3	
613.28	8908	
613.47	6104.3	
613.66	6679.8	
613.85	7979.6	
614.04	7580.9	
614.24	6120.7	
614.43	5524.7	
614.62	8021.9	
614.81	8026	
615	6404	
615.19	6509.1	
615.38	7490.1	
615.57	7793.9	
615.76	6431.3	
615.95	7109.2	
616.14	8086.7	
616.33	7822.6	
616.52	6611.5	
616.71	6757.6	
616.9	8062.2	
617.09	7932.5	
617.28	6139.8	
617.47	6929	
617.66	7399.3	
617.85	7391.8	
618.04	6722.8	
618.22	6396.5	
618.41	7598.6	
618.6	8411.7	
618.79	6344.6	
618.98	6192.4	
619.17	8642.4	
619.36	7298.3	
619.55	6371.2	
619.74	6298.9	
619.93	8004.1	
620.12	7567.9	
620.31	6703.7	
620.5	6836.1	
620.69	8442.4	
620.88	8755.7	
621.07	7326.9	
621.26	6630	
621.45	8260.8	
621.64	8176.9	
621.83	6741.2	
622.02	6234.7	
622.21	8244.4	
622.4	8065.6	
622.59	7125.6	
622.78	7042.3	
622.97	7793.9	
623.16	8484.1	
623.35	6735.8	
623.54	6144.6	
623.72	7974.1	
623.91	8066.9	
624.1	6873.7	
624.29	6046.3	
624.48	8905.3	
624.67	8340.7	
624.86	6786.3	
625.05	6186.9	
625.24	9055.4	
625.43	7830.1	
625.62	8094.9	
625.81	6344.6	
626	8535.3	
626.19	8011	
626.38	6956.9	
626.56	6567.2	
626.75	7862.2	
626.94	8389.2	
627.13	7024.5	
627.32	6012.8	
627.51	8410.3	
627.7	9192.6	
627.89	6123.4	
628.08	6862.7	
628.27	7718.8	
628.46	7970.7	
628.65	6287.9	
628.83	6050.4	
629.02	8301.1	
629.21	7732.4	
629.4	6550.8	
629.59	6780.1	
629.78	7800	
629.97	8487.5	
630.16	6806.1	
630.35	6404	
630.54	8752.3	
630.72	8518.2	
630.91	6380.1	
631.1	6773.3	
631.29	8099	
631.48	8209.6	
631.67	6950.8	
631.86	6378.1	
632.05	7912	
632.24	7914.7	
632.42	6119.3	
632.61	6675	
632.8	8073.8	
632.99	7658	
633.18	6694.1	
633.37	6888.7	
633.56	8173.4	
633.75	8046.5	
633.93	6692.1	
634.12	6490.7	
634.31	8819.9	
634.5	8511.4	
634.69	6414.2	
634.88	6851.1	
635.07	8017.1	
635.25	8482	
635.44	7180.9	
635.63	7258.7	
635.82	7952.9	
636.01	7475.1	
636.2	7096.2	
636.39	6753.5	
636.57	8715.5	
636.76	8439	
636.95	6233.3	
637.14	7224.6	
637.33	8215.8	
637.52	8839	
637.7	6186.2	
637.89	6936.5	
638.08	7984.3	
638.27	8888.9	
638.46	6946	
638.65	7234.8	
638.83	9019.3	
639.02	7735.2	
639.21	6777.4	
639.4	7179.5	
639.59	8119.5	
639.78	7902.4	
639.96	6233.3	
640.15	6324.1	
640.34	8072.4	
640.53	8041.7	
640.72	6113.9	
640.91	6351.4	
641.09	7557	
641.28	8555.7	
641.47	6309.8	
641.66	6892.1	
641.85	8116.1	
642.03	8313.4	
642.22	6730.3	
642.41	6449.1	
642.6	7660.1	
642.79	7247.1	
642.97	6230.6	
643.16	6710.5	
643.35	7636.2	
643.54	7448.5	
643.73	6230.6	
643.91	6742.6	
644.1	7481.2	
644.29	7894.2	
644.48	6181.5	
644.67	6236.7	
644.85	7492.2	
645.04	7793.2	
645.23	5857.2	
645.42	6197.2	
645.6	7473.7	
645.79	8270.4	
645.98	6106.4	
646.17	5436	
646.36	7172	
646.54	7624.6	
646.73	6611.5	
646.92	5812.1	
647.11	7298.3	
647.29	8056	
647.48	5818.3	
647.67	5648.3	
647.86	8355	
648.05	8267.6	
648.23	6029.2	
648.42	6996.5	
648.61	7770	
648.8	7587.7	
648.98	5746.6	
649.17	5956.9	
649.36	7295.5	
649.55	6898.2	
649.73	5781.4	
649.92	6276.3	
650.11	7141.3	
650.3	7497.6	
650.48	5834	
650.67	5684.5	
650.86	7728.4	
651.05	6825.9	
651.23	5801.9	
651.42	5875.6	
651.61	7171.3	
651.79	7190.4	
651.98	5920	
652.17	5683.8	
652.36	7539.9	
652.54	6841.6	
652.73	5675.6	
652.92	5580.7	
653.11	7495.6	
653.29	7594.6	
653.48	5237.3	
653.67	5859.9	
653.85	7350.8	
654.04	8127	
654.23	6130.3	
654.42	5757.5	
654.6	7062.1	
654.79	7496.2	
654.98	5319.3	
655.16	5683.8	
655.35	6644.3	
655.54	6537.8	
655.73	5270.8	
655.91	5164.3	
656.1	7354.3	
656.29	6427.9	
656.47	4878.9	
656.66	6091.3	
656.85	6802	
657.03	6735.1	
657.22	5336.3	
657.41	5395	
657.59	6836.1	
657.78	6706.4	
657.97	5164.3	
658.16	5688.6	
658.34	7413	
658.53	7626.6	
658.72	6315.9	
658.9	6644.3	
659.09	7078.5	
659.28	7019.1	
659.46	5491.3	
659.65	5476.3	
659.84	6793.1	
660.02	7232.1	
660.21	5461.9	
660.4	5315.8	
660.58	7518.1	
660.77	7032.7	
660.96	5836.7	
661.14	5105.6	
661.33	7946.1	
661.52	7787.1	
661.7	5044.8	
661.89	7515.4	
662.08	6789.7	
662.26	6356.2	
662.45	5235.3	
662.64	5337.7	
662.82	7272.3	
663.01	6722.1	
663.2	5421	
663.38	5910.4	
663.57	7132.4	
663.75	7031.4	
663.94	5595.1	
664.13	6421.7	
664.31	6722.1	
664.5	7223.2	
664.69	5846.3	
664.87	6145.3	
665.06	6556.2	
665.25	7018.4	
665.43	6290	
665.62	6204.7	
665.8	7169.3	
665.99	6844.3	
666.18	5595.1	
666.36	5586.9	
666.55	7221.1	
666.74	7240.3	
666.92	5289.9	
667.11	6445.6	
667.29	6937.2	
667.48	7176.8	
667.67	6145.3	
667.85	5439.4	
668.04	6841.6	
668.22	6733	
668.41	5631.9	
668.6	5767.8	
668.78	6584.9	
668.97	6830.7	
669.15	5821.7	
669.34	5076.9	
669.53	6617.7	
669.71	6888.7	
669.9	5166.3	
670.08	5657.2	
670.27	6596.5	
670.46	7020.4	
670.64	5878.4	
670.83	6032.6	
671.01	6451.1	
671.2	6954.2	
671.38	5292.6	
671.57	5195.7	
671.76	7426.6	
671.94	7791.2	
672.13	5126.7	
672.31	5912.5	
672.5	7269.6	
672.69	6657.9	
672.87	5298.8	
673.06	5474.9	
673.24	7033.4	
673.43	6737.8	
673.61	5789.6	
673.8	5438.7	
673.98	7111.2	
674.17	7173.4	
674.36	5897.5	
674.54	5751.4	
674.73	6821.8	
674.91	7086	
675.1	5599.1	
675.28	5262.6	
675.47	6832	
675.65	7180.2	
675.84	5511.1	
676.03	5705.6	
676.21	6645	
676.4	6337.1	
676.58	6015.6	
676.77	5806.7	
676.95	7784.3	
677.14	6673.6	
677.32	5172.5	
677.51	5067.4	
677.69	7219.1	
677.88	6419.7	
678.06	5171.8	
678.25	5240.8	
678.44	6782.2	
678.62	6543.9	
678.81	5046.9	
678.99	5716.6	
679.18	7346.7	
679.36	7083.9	
679.55	5465.3	
679.73	5824.4	
679.92	6986.3	
680.1	6563.7	
680.29	6279.1	
680.47	5354.1	
680.66	6640.9	
680.84	7124.2	
681.03	4992.3	
681.21	5724.8	
681.4	6653.9	
681.58	6521.4	
681.77	5260.5	
681.95	5169.8	
682.14	7238.2	
682.32	7456.7	
682.51	5870.2	
682.69	5051	
682.88	6577.4	
683.06	6914.6	
683.25	5702.2	
683.43	5942.5	
683.62	6746	
683.8	7085.3	
683.99	6079.7	
684.17	5551.4	
684.36	7628.7	
684.54	6741.9	
684.73	5002.5	
684.91	5148.6	
685.1	6972	
685.28	6536.4	
685.46	5466.7	
685.65	5553.4	
685.83	6899.6	
686.02	6516	
686.2	4984.1	
686.39	5168.4	
686.57	6340.5	
686.76	7320.8	
686.94	5026.4	
687.13	5158.8	
687.31	6873	
687.5	6543.9	
687.68	4780.6	
687.86	5548.6	
688.05	7785	
688.23	6192.4	
688.42	5651.7	
688.6	5037.3	
688.79	6429.3	
688.97	6498.2	
689.16	5426.4	
689.34	4656.4	
689.52	6956.3	
689.71	7218.4	
689.89	5621	
690.08	5055.8	
690.26	6749.4	
690.45	6568.5	
690.63	5764.3	
690.81	5247.6	
691	6556.9	
691.18	6489.3	
691.37	5367.7	
691.55	6965.1	
691.74	6481.8	
691.92	7808.9	
692.1	5330.9	
692.29	4948.6	
692.47	6537.8	
692.66	6042.9	
692.84	5030.5	
693.02	5444.2	
693.21	6139.8	
693.39	6565.1	
693.58	5460.6	
693.76	5044.8	
693.94	7308.5	
694.13	7203.4	
694.31	5086.5	
694.5	5786.9	
694.68	6369.2	
694.86	6645	
695.05	5307.7	
695.23	5459.9	
695.42	6922.1	
695.6	8518.9	
695.78	5877	
695.97	5172.5	
696.15	6980.8	
696.34	6490.7	
696.52	5069.4	
696.7	5612.8	
696.89	6787.7	
697.07	6402	
697.25	5478.3	
697.44	6593.8	
697.62	6795.2	
697.81	6982.9	
697.99	5335.6	
698.17	5659.9	
698.36	6350.8	
698.54	6781.5	
698.72	5550	
698.91	4872.1	
699.09	6467.5	
699.28	6285.2	
699.46	5297.4	
699.64	5212.8	
699.83	6296.8	
700.01	7082.6	
700.19	5792.3	
700.38	4578.6	
700.56	7114.6	
700.74	6352.8	
700.93	4901.5	
701.11	5433.9	
701.29	6725.5	
701.48	7468.9	
701.66	4989.5	
701.84	5112.4	
702.03	6474.3	
702.21	6898.2	
702.39	4775.9	
702.58	5193.6	
702.76	6840.2	
702.94	6791.1	
703.13	4717.2	
703.31	6479.1	
703.49	6267.5	
703.68	7300.3	
703.86	4862.6	
704.04	5580.7	
704.23	6634.7	
704.41	6902.3	
704.59	5096	
704.78	5821	
704.96	7719.5	
705.14	6771.3	
705.33	4849.6	
705.51	5412.1	
705.69	6420.4	
705.87	7036.8	
706.06	5612.1	
706.24	4756.7	
706.42	6698.9	
706.61	6805.4	
706.79	5582.1	
706.97	4772.4	
707.16	6210.8	
707.34	6655.9	
707.52	5631.9	
707.7	4939	
707.89	6302.3	
708.07	6095.4	
708.25	5601.2	
708.44	5581.4	
708.62	6195.8	
708.8	6948.1	
708.98	5680.4	
709.17	4977.2	
709.35	6435.4	
709.53	6498.2	
709.72	4740.4	
709.9	5068	
710.08	6709.1	
710.26	6773.3	
710.45	5892	
710.63	4903.5	
710.81	6422.4	
710.99	6394.4	
711.18	5358.2	
711.36	4997.7	
711.54	6351.4	
711.72	6842.9	
711.91	5074.2	
712.09	4674.8	
712.27	6468.2	
712.45	6845	
712.64	5214.1	
712.82	4526.7	
713	5997.8	
713.18	6116.6	
713.37	4565.6	
713.55	5642.8	
713.73	6762.4	
713.91	5799.8	
714.1	4835.9	
714.28	4503.5	
714.46	6553.5	
714.64	5924.1	
714.83	4079.6	
715.01	4612.7	
715.19	5980.8	
715.37	5373.2	
715.55	4367	
715.74	4511	
715.92	6490	
716.1	5051	
716.28	5340.4	
716.47	4594.3	
716.65	5662	
716.83	5582.8	
717.01	4481.6	
717.19	4455.7	
717.38	7025.2	
717.56	5304.2	
717.74	4678.9	
717.92	4023.6	
718.1	6157.6	
718.29	5603.2	
718.47	3637.9	
718.65	4182	
718.83	6196.5	
719.01	6023.1	
719.2	3680.9	
719.38	4531.5	
719.56	5836.7	
719.74	6975.4	
719.92	4196.3	
720.11	4980	
720.29	6025.8	
720.47	5328.1	
720.65	3858.4	
720.83	4472.8	
721.02	5560.2	
721.2	5402.5	
721.38	4515.1	
721.56	3910.9	
721.74	4982.7	
721.92	5077.6	
722.11	4875.5	
722.29	4550.6	
722.47	5974.6	
722.65	5411.4	
722.83	3992.2	
723.01	4551.3	
723.2	5433.9	
723.38	5714.5	
723.56	3559.4	
723.74	4365.6	
723.92	5034.6	
724.1	5925.5	
724.29	3880.9	
724.47	4696.7	
724.65	5197.1	
724.83	4995.7	
725.01	3792.8	
725.19	4378.6	
725.37	5081	
725.56	5027.8	
725.74	3687	
725.92	3883.6	
726.1	5025.7	
726.28	5278.3	
726.46	4169.7	
726.64	3906.8	
726.83	5332.9	
727.01	5445.5	
727.19	3586.7	
727.37	4166.9	
727.55	5341.8	
727.73	5723.4	
727.91	3622.9	
728.09	3556.6	
728.28	5704.3	
728.46	5870.8	
728.64	4226.3	
728.82	4216.8	
729	6446.3	
729.18	5886.5	
729.36	3674.1	
729.54	5317.2	
729.72	6656.6	
729.91	5377.3	
730.09	5052.3	
730.27	4123.9	
730.45	5321.3	
730.63	5757.5	
730.81	4522.6	
730.99	3872	
731.17	6180.8	
731.35	5089.9	
731.53	4248.2	
731.71	3988.1	
731.9	5939.8	
732.08	6076.3	
732.26	4204.5	
732.44	3934.1	
732.62	6056.5	
732.8	5678.3	
732.98	4459.8	
733.16	3809.2	
733.34	5721.3	
733.52	4749.9	
733.7	4148.5	
733.88	4290.5	
734.07	5572.5	
734.25	5498.1	
734.43	3721.2	
734.61	4823	
734.79	6437.4	
734.97	5283.8	
735.15	3786	
735.33	3964.9	
735.51	5575.9	
735.69	5345.9	
735.87	4854.4	
736.05	4179.2	
736.23	5443.5	
736.41	5181.4	
736.59	4076.1	
736.77	4164.9	
736.95	5706.3	
737.13	5279.7	
737.32	3753.9	
737.5	3936.2	
737.68	6201.9	
737.86	5178.6	
738.04	3635.8	
738.22	4928.8	
738.4	5124	
738.58	5358.2	
738.76	4101.4	
738.94	3306.8	
739.12	5113.8	
739.3	5099.4	
739.48	4552.6	
739.66	4274.1	
739.84	5299.5	
740.02	5287.9	
740.2	3422.2	
740.38	3635.8	
740.56	5612.8	
740.74	4710.3	
740.92	4117.8	
741.1	4001.7	
741.28	5202.5	
741.46	5023	
741.64	3790.1	
741.82	4147.1	
742	5264	
742.18	5152	
742.36	3887.7	
742.54	3676.1	
742.72	5648.3	
742.9	4654.4	
743.08	4251.6	
743.26	3350.5	
743.44	5707	
743.62	5625.8	
743.8	4361.5	
743.98	3608.5	
744.16	5369.8	
744.34	5204.6	
744.52	4204.5	
744.7	4228.4	
744.88	5500.8	
745.06	5144.5	
745.24	4189.5	
745.42	4373.8	
745.6	5611.4	
745.78	5462.6	
745.96	3429.7	
746.14	3659	
746.32	6142.5	
746.5	5539.1	
746.68	4057.7	
746.86	3601	
747.03	5799.8	
747.21	4713.7	
747.39	4059.1	
747.57	3652.2	
747.75	5237.3	
747.93	5512.4	
748.11	3605.8	
748.29	3530.7	
748.47	6496.8	
748.65	5036.6	
748.83	4194.9	
749.01	3960.8	
749.19	5458.5	
749.37	4701.5	
749.55	3874.8	
749.73	3917.1	
749.91	5218.2	
750.09	5046.9	
750.26	3965.6	
750.44	3550.5	
750.62	5197.1	
750.8	5174.5	
750.98	3485.6	
751.16	3665.2	
751.34	5297.4	
751.52	4773.1	
751.7	4274.1	
751.88	3403	
752.06	5607.3	
752.24	5353.4	
752.42	3375.7	
752.59	3602.4	
752.77	5125.4	
752.95	6064	
753.13	4188.8	
753.31	3796.9	
753.49	4977.2	
753.67	5290.6	
753.85	4016.7	
754.03	3656.3	
754.21	5494	
754.38	5744.6	
754.56	3786	
754.74	3026.9	
754.92	4990.2	
755.1	5451.7	
755.28	3142.3	
755.46	3099.3	
755.64	6089.3	
755.82	6200.6	
755.99	3363.4	
756.17	3538.9	
756.35	4311	
756.53	5412.1	
756.71	2686.9	
756.89	3360.7	
757.07	5089.9	
757.25	4472.1	
757.42	3764.8	
757.6	4393.6	
757.78	5193	
757.96	4431.1	
758.14	3487	
758.32	3151.8	
758.5	4156	
758.67	4801.8	
758.85	3371.6	
759.03	3447.4	
759.21	4914.4	
759.39	4462.5	
759.57	3067.2	
759.75	3857	
759.92	5381.4	
760.1	4917.2	
760.28	4184.7	
760.46	4349.2	
760.64	4676.9	
760.82	4491.9	
760.99	4049.5	
761.17	3415.3	
761.35	5300.1	
761.53	4436.6	
761.71	3552.5	
761.89	4010.6	
762.06	5145.2	
762.24	4785.4	
762.42	3588	
762.6	3384.6	
762.78	4812.7	
762.96	5206.6	
763.13	3850.2	
763.31	3532.1	
763.49	5376.6	
763.67	4735.6	
763.85	4131.4	
764.02	4587.4	
764.2	5543.9	
764.38	4782.7	
764.56	3470.6	
764.74	4111	
764.91	5574.6	
765.09	4782	
765.27	3332.7	
765.45	3110.2	
765.63	5673.6	
765.8	5508.4	
765.98	2974.3	
766.16	3166.2	
766.34	4462.5	
766.52	4317.8	
766.69	3897.3	
766.87	3047.4	
767.05	4806.6	
767.23	5328.8	
767.41	3327.3	
767.58	3513.6	
767.76	5205.9	
767.94	5262.6	
768.12	3355.3	
768.29	3795.6	
768.47	4796.3	
768.65	5364.3	
768.83	3093.8	
769	4000.4	
769.18	4547.2	
769.36	5141.1	
769.54	3973.7	
769.72	3105.4	
769.89	5310.4	
770.07	5309.7	
770.25	3417.4	
770.43	4250.9	
770.6	5908.4	
770.78	6111.1	
770.96	3547.1	
771.14	3323.2	
771.31	5216.9	
771.49	4747.9	
771.67	2924.5	
771.85	3125.2	
772.02	4133.5	
772.2	4730.1	
772.38	3685	
772.55	3275.4	
772.73	4973.8	
772.91	4788.2	
773.09	3545.7	
773.26	3661.1	
773.44	4995.7	
773.62	4731.5	
773.8	3235.8	
773.97	3022.1	
774.15	4971.1	
774.33	4704.2	
774.5	3165.5	
774.68	3364.8	
774.86	5042.8	
775.04	4745.1	
775.21	3222.8	
775.39	3135.4	
775.57	4925.4	
775.74	5171.1	
775.92	3039.9	
776.1	2962.7	
776.27	4884.4	
776.45	5806.7	
776.63	3227.6	
776.81	2827.6	
776.98	4675.5	
777.16	5423.7	
777.34	3289	
777.51	3526.6	
777.69	4696	
777.87	4483	
778.04	3422.2	
778.22	3736.9	
778.4	4497.3	
778.57	4976.6	
778.75	2817.3	
778.93	3037.8	
779.1	4401.8	
779.28	4261.1	
779.46	2811.9	
779.64	3134.8	
779.81	5124	
779.99	5692.7	
780.17	3723.9	
780.34	3846.1	
780.52	4747.9	
780.69	4818.9	
780.87	3437.9	
781.05	3065.8	
781.22	4801.1	
781.4	4841.4	
781.58	3216.7	
781.75	2630.3	
781.93	4872.8	
782.11	4312.3	
782.28	3870.7	
782.46	3187.3	
782.64	4212	
782.81	4968.4	
782.99	3311.6	
783.17	3280.2	
783.34	4792.2	
783.52	4272.7	
783.69	3351.8	
783.87	4019.5	
784.05	4440	
784.22	4382.7	
784.4	4037.9	
784.58	3465.8	
784.75	5089.2	
784.93	4520.5	
785.1	3192.8	
785.28	3712.3	
785.46	4904.9	
785.63	4356	
785.81	3246.7	
785.99	3108.8	
786.16	4547.9	
786.34	4745.1	
786.51	3150.5	
786.69	3460.4	
786.87	4212.7	
787.04	4556	
787.22	3039.9	
787.39	3786	
787.57	4338.3	
787.75	5152.7	
787.92	3876.1	
788.1	3799	
788.27	4377.9	
788.45	4173.8	
788.63	3595.6	
788.8	2691.7	
788.98	4821.6	
789.15	4083.6	
789.33	2785.9	
789.5	3238.5	
789.68	5019.6	
789.86	5147.9	
790.03	3523.9	
790.21	3091.1	
790.38	5127.4	
790.56	4509.6	
790.73	3050.8	
790.91	3029.6	
791.09	4422.2	
791.26	4978.6	
791.44	3285.6	
791.61	2855.6	
791.79	4379.9	
791.96	4416.1	
792.14	2924.5	
792.32	2596.1	
792.49	4424.3	
792.67	4482.3	
792.84	3052.8	
793.02	2816	
793.19	4738.3	
793.37	5279.7	
793.54	2674.6	
793.72	2902.7	
793.89	5279.7	
794.07	4346.5	
794.25	3212.6	
794.42	2684.2	
794.6	5135.6	
794.77	4815.5	
794.95	3550.5	
795.12	3081.5	
795.3	4394.9	
795.47	4832.5	
795.65	3401.7	
795.82	3313.6	
796	4268	
796.17	5599.1	
796.35	3166.8	
796.52	3715.7	
796.7	4807.9	
796.87	4891.9	
797.05	3134.8	
797.22	3704.8	
797.4	4849.6	
797.57	5518.6	
797.75	3294.5	
797.92	3110.9	
798.1	5053	
798.27	4287.1	
798.45	2739.5	
798.62	2947	
798.8	4644.8	
798.97	5003.9	
799.15	3437.2	
799.32	3245.3	
799.5	4075.5	
799.67	4620.2	
799.85	3556.6	
800.02	2638.5	
800.2	4354.7	
800.37	4564.9	
800.55	3646.7	
800.72	3146.4	
800.9	4983.4	
801.07	5246.2	
801.25	4049.5	
801.42	3390.8	
801.6	5033.2	
801.77	4609.3	
801.95	3149.8	
802.12	3020.1	
802.29	4799.8	
802.47	4707.6	
802.64	3431	
802.82	2663.7	
802.99	4365.6	
803.17	5069.4	
803.34	3286.3	
803.52	2977.1	
803.69	5522	
803.87	4171	
804.04	3291.1	
804.21	3313.6	
804.39	5270.1	
804.56	4528.1	
804.74	2810.5	
804.91	3402.4	
805.09	4361.5	
805.26	4427	
805.44	2902	
805.61	3172.3	
805.78	4924	
805.96	4898.7	
806.13	3394.2	
806.31	3624.9	
806.48	4095.3	
806.66	4433.9	
806.83	3369.6	
807	3276.1	
807.18	4399	
807.35	4656.4	
807.53	3280.2	
807.7	2745.6	
807.87	5239.4	
808.05	4350.6	
808.22	3588.7	
808.4	2709.5	
808.57	4362.2	
808.74	4126.7	
808.92	3055.6	
809.09	3843.4	
809.27	4407.2	
809.44	4739	
809.61	2736.1	
809.79	3018.7	
809.96	5350	
810.14	4931.5	
810.31	2699.9	
810.48	3262.4	
810.66	4481	
810.83	4990.2	
811.01	3093.8	
811.18	3355.3	
811.35	4988.2	
811.53	3922.5	
811.7	3667.2	
811.87	3392.8	
812.05	4455	
812.22	4380.6	
812.39	2962.7	
812.57	2853.5	
812.74	4483.7	
812.92	5650.3	
813.09	3237.8	
813.26	3426.3	
813.44	5407.3	
813.61	4271.4	
813.78	2735.4	
813.96	3523.2	
814.13	4435.9	
814.3	4162.2	
814.48	3768.3	
814.65	3116.3	
814.82	5230.5	
815	4220.2	
815.17	3274	
815.34	3909.6	
815.52	4336.2	
815.69	4386.7	
815.87	3226.9	
816.04	3219.4	
816.21	4387.4	
816.38	3970.3	
816.56	3176.4	
816.73	2955.2	
816.9	5479	
817.08	5005.2	
817.25	2977.7	
817.42	3693.9	
817.6	4111	
817.77	4440	
817.94	3338.2	
818.12	2923.1	
818.29	4227	
818.46	6145.3	
818.64	3113.6	
818.81	2896.5	
818.98	4218.1	
819.16	5737.7	
819.33	3534.8	
819.5	3275.4	
819.67	4676.2	
819.85	5147.9	
820.02	3250.8	
820.19	3388.7	
820.37	4592.2	
820.54	4325.3	
820.71	3287.7	
820.88	4035.9	
821.06	4548.5	
821.23	4257	
821.4	3360.7	
821.58	3334.8	
821.75	4924	
821.92	4588.1	
822.09	2757.2	
822.27	2846.7	
822.44	4465.9	
822.61	4360.1	
822.79	2742.2	
822.96	5012.1	
823.13	4749.9	
823.3	4159.4	
823.48	3155.2	
823.65	2882.2	
823.82	4961.5	
823.99	4090.5	
824.17	3863.8	
824.34	2876.7	
824.51	5589.6	
824.68	4485.1	
824.86	2971.6	
825.03	3308.8	
825.2	4424.3	
825.37	5180.7	
825.55	3016	
825.72	3255.6	
825.89	5631.2	
826.06	5234.6	
826.24	3194.1	
826.41	3238.5	
826.58	5290.6	
826.75	4627.7	
826.92	2637.8	
827.1	2854.2	
827.27	6907.1	
827.44	5529.5	
827.61	3024.2	
827.79	3599	
827.96	4289.1	
828.13	4444.1	
828.3	3149.8	
828.47	2757.9	
828.65	4728.1	
828.82	4590.2	
828.99	3971	
829.16	3504.8	
829.34	4956.1	
829.51	4833.9	
829.68	3310.9	
829.85	3321.1	
830.02	5212.1	
830.2	4985.4	
830.37	2602.3	
830.54	3870.7	
830.71	5557.5	
830.88	4413.4	
831.05	2623.4	
831.23	3027.6	
831.4	5388.2	
831.57	5735.7	
831.74	3041.2	
831.91	2706	
832.09	4732.2	
832.26	4997	
832.43	3126.6	
832.6	3430.3	
832.77	4636.6	
832.94	5246.9	
833.12	2557.2	
833.29	3052.8	
833.46	4762.2	
833.63	5954.1	
833.8	3347.1	
833.97	3145.7	
834.15	4974.5	
834.32	4844.8	
834.49	3243.3	
834.66	3268.6	
834.83	5038	
835	4268	
835.17	3056.3	
835.35	3005.1	
835.52	4930.8	
835.69	4770.4	
835.86	3211.9	
836.03	2654.9	
836.2	4890.5	
836.37	4618.9	
836.55	3123.8	
836.72	2954.5	
836.89	4631.1	
837.06	5014.8	
837.23	3175	
837.4	3465.2	
837.57	5498.1	
837.75	5942.5	
837.92	2897.9	
838.09	3082.9	
838.26	4623.6	
838.43	5017.5	
838.6	3259.7	
838.77	2946.3	
838.94	5726.8	
839.11	5580	
839.29	3134.1	
839.46	2514.2	
839.63	4972.5	
839.8	4658.4	
839.97	3073.3	
840.14	3023.5	
840.31	4775.2	
840.48	4943.1	
840.65	2587.9	
840.82	2998.2	
841	4947.9	
841.17	4805.9	
841.34	2797.5	
841.51	2895.1	
841.68	4839.4	
841.85	4666	
842.02	2926.5	
842.19	2469.9	
842.36	4743.8	
842.53	4769.7	
842.7	2839.2	
842.87	3325.2	
843.05	5919.3	
843.22	4678.9	
843.39	2704.7	
843.56	2945.7	
843.73	4547.9	
843.9	4966.3	
844.07	4386.7	
844.24	3618.8	
844.41	6648.4	
844.58	4289.8	
844.75	2747	
844.92	2935.4	
845.09	4932.2	
845.26	4902.2	
845.43	2791.4	
845.6	2970.9	
845.77	4956.1	
845.94	4690.5	
846.12	3073.3	
846.29	3295.9	
846.46	5087.8	
846.63	4871.4	
846.8	2822.1	
846.97	3312.9	
847.14	5257.1	
847.31	4911.7	
847.48	3121.1	
847.65	3418.7	
847.82	5084.4	
847.99	5023.7	
848.16	3635.8	
848.33	3384.6	
848.5	4537.6	
848.67	5268.7	
848.84	2717	
849.01	2893.8	
849.18	4508.3	
849.35	4265.2	
849.52	3447.4	
849.69	2783.2	
849.86	5038.7	
850.03	5102.2	
850.2	2772.3	
850.37	3347.1	
850.54	5151.3	
850.71	4655	
850.88	3323.2	
851.05	2732.7	
851.22	4827.7	
851.39	5294	
851.56	2662.4	
851.73	3184.6	
851.9	4339.6	
852.07	5098.1	
852.24	3067.2	
852.41	2806.4	
852.58	4879.6	
852.75	4465.9	
852.92	3150.5	
853.09	2690.3	
853.26	4562.2	
853.43	5231.9	
853.6	2783.9	
853.77	2415.2	
853.94	5341.1	
854.11	4346.5	
854.28	4031.1	
854.44	3001.6	
854.61	5598.5	
854.78	5102.9	
854.95	2801.6	
855.12	3444.7	
855.29	4085	
855.46	5304.2	
855.63	2811.2	
855.8	3725.9	
855.97	4574.5	
856.14	5166.3	
856.31	3857	
856.48	3078.1	
856.65	4616.1	
856.82	4283	
856.99	2730.6	
857.16	3009.1	
857.33	5750.7	
857.49	4648.2	
857.66	2999.6	
857.83	3168.9	
858	4681	
858.17	4747.9	
858.34	2605.7	
858.51	2834.4	
858.68	5350.7	
858.85	5294	
859.02	3284.9	
859.19	3409.9	
859.36	4404.5	
859.52	4399	
859.69	2873.3	
859.86	3252.9	
860.03	4358.8	
860.2	5241.4	
860.37	2558.6	
860.54	2871.9	
860.71	5040.1	
860.88	5317.9	
861.05	3112.2	
861.21	3493.8	
861.38	5279.7	
861.55	4184.7	
861.72	2620.7	
861.89	3069.2	
862.06	5084.4	
862.23	5400.5	
862.4	2683.5	
862.56	2921.8	
862.73	4991.6	
862.9	4776.5	
863.07	3242.6	
863.24	2605.7	
863.41	4282.3	
863.58	4401.1	
863.75	2827.6	
863.91	3227.6	
864.08	5246.2	
864.25	5008.6	
864.42	3420.8	
864.59	3796.3	
864.76	5512.4	
864.93	4356	
865.09	2729.3	
865.26	2949.1	
865.43	5258.5	
865.6	5532.9	
865.77	2506.7	
865.94	2777	
866.1	5285.8	
866.27	4967	
866.44	4084.3	
866.61	2686.3	
866.78	4605.9	
866.95	4902.8	
867.11	2708.1	
867.28	2539.5	
867.45	5188.9	
867.62	4444.8	
867.79	3245.3	
867.96	2779.1	
868.12	4329.4	
868.29	5044.8	
868.46	2828.9	
868.63	3666.5	
868.8	5124.7	
868.97	4970.4	
869.13	2955.9	
869.3	2865.8	
869.47	4889.2	
869.64	5096	
869.81	2805.7	
869.97	2843.9	
870.14	4881.7	
870.31	5321.3	
870.48	2723.1	
870.65	3485	
870.81	4728.8	
870.98	4673.5	
871.15	3123.2	
871.32	2943.6	
871.48	4921.3	
871.65	5429.2	
871.82	2725.2	
871.99	3089	
872.16	5706.3	
872.32	5160.9	
872.49	2813.9	
872.66	2853.5	
872.83	5059.8	
872.99	4473.4	
873.16	3188	
873.33	2815.3	
873.5	4739	
873.67	4817.5	
873.83	2933.4	
874	3654.3	
874.17	4853.7	
874.34	5554.8	
874.5	3500.7	
874.67	3346.4	
874.84	5304.2	
875.01	4289.8	
875.17	3870.7	
875.34	2811.9	
875.51	4894	
875.68	5765	
875.84	3304.7	
876.01	3894.6	
876.18	5014.8	
876.34	4949.3	
876.51	2803	
876.68	2711.5	
876.85	4668	
877.01	5246.2	
877.18	3850.2	
877.35	2796.2	
877.52	4824.3	
877.68	4399.7	
877.85	2772.9	
878.02	2777	
878.18	4693.3	
878.35	4519.9	
878.52	2295.8	
878.69	3054.2	
878.85	5113.8	
879.02	5055.8	
879.19	3859.7	
879.35	3058.3	
879.52	5068.7	
879.69	5126.1	
879.86	2454.1	
880.02	3078.8	
880.19	4759.5	
880.36	5630.5	
880.52	3123.8	
880.69	3336.8	
880.86	5075.5	
881.02	5061.2	
881.19	2987.3	
881.36	2992.8	
881.52	5057.8	
881.69	4502.1	
881.86	3000.3	
882.02	2923.8	
882.19	5188.9	
882.36	5939.1	
882.52	2896.5	
882.69	3829	
882.86	4821.6	
883.02	4826.4	
883.19	3319.1	
883.36	3167.5	
883.52	5096.7	
883.69	5670.8	
883.86	2865.8	
884.02	2637.8	
884.19	5027.1	
884.36	4771.8	
884.52	3104	
884.69	2968.2	
884.86	4599.7	
885.02	5434.6	
885.19	3048.7	
885.36	3148.4	
885.52	4707.6	
885.69	4874.2	
885.86	3921.9	
886.02	3494.5	
886.19	5086.5	
886.35	4607.2	
886.52	3080.1	
886.69	3873.4	
886.85	4404.5	
887.02	5254.4	
887.19	5254.4	
887.35	5254.4	
887.52	5254.4	
887.68	5254.4	
887.85	5254.4	
888.02	5254.4	
888.18	5254.4	
888.35	5254.4	
888.51	5254.4	
888.68	5254.4	
888.85	5254.4	
889.01	5254.4	
889.18	5254.4	
889.35	5254.4	
889.51	5254.4	
889.68	5254.4	
889.84	5254.4	
890.01	5254.4	
890.17	5254.4	
890.34	5254.4	
890.51	5254.4	
890.67	5254.4	
890.84	5254.4	
891	5254.4	
891.17	5254.4	
891.34	5254.4	
891.5	5254.4	
891.67	5254.4	
891.83	5254.4	
892	5254.4	
892.16	5254.4	
892.33	5254.4	
892.5	5254.4	
892.66	5254.4	
892.83	5254.4	
892.99	5254.4	
893.16	5254.4	
893.32	5254.4	
893.49	5254.4	
893.65	5254.4	
893.82	5254.4	
893.99	5254.4	
894.15	5254.4	
894.32	5254.4	
894.48	5254.4	
894.65	5254.4	
894.81	5254.4	
894.98	5254.4	
895.14	5254.4	
895.31	5254.4	
895.47	5254.4	
895.64	5254.4	
895.81	5254.4	
895.97	5254.4	
896.14	5254.4	
896.3	5254.4	
896.47	5254.4	
896.63	5254.4	
896.8	5254.4	
896.96	5254.4	
897.13	5254.4	
897.29	5254.4	
897.46	5254.4	
897.62	5254.4	
897.79	5254.4	
897.95	5254.4	
898.12	5254.4	
898.28	5254.4	
898.45	5254.4	
898.61	5254.4	
898.78	5254.4	
898.94	5254.4	
899.11	5254.4	
899.27	5254.4	
899.44	5254.4	
899.6	5254.4	
899.77	5254.4	
899.93	5254.4	
900.1	5254.4	
900.26	5254.4	
900.43	5254.4	
900.59	5254.4	
900.76	5254.4	
900.92	5254.4	
901.09	5254.4	
901.25	5254.4	
901.42	5254.4	
901.58	5254.4	
901.75	5254.4	
901.91	5254.4	
902.07	5254.4	
902.24	5254.4	
902.4	5254.4	
902.57	5254.4	
902.73	5254.4	
902.9	5254.4	
903.06	5254.4	
903.23	5254.4	
903.39	5254.4	
903.56	5254.4	
903.72	5254.4	
903.88	5254.4	
904.05	5254.4	
904.21	5254.4	
904.38	5254.4	
904.54	5254.4	
904.71	5254.4	
904.87	5254.4	
905.03	5254.4	
905.2	5254.4	
905.36	5254.4	
905.53	5254.4	
905.69	5254.4	
905.86	5254.4	
906.02	5254.4	
906.18	5254.4	
906.35	5254.4	
906.51	5254.4	
906.68	5254.4	
906.84	5254.4	
907.01	5254.4	
907.17	5254.4	
907.33	5254.4	
907.5	5254.4	
907.66	5254.4	
907.83	5254.4	
907.99	5254.4	
908.15	5254.4	
908.32	5254.4	
908.48	5254.4	
908.65	5254.4	
908.81	5254.4	
908.97	5254.4	
909.14	5254.4	
909.3	5254.4	
909.47	5254.4	
909.63	5254.4	
909.79	5254.4	
909.96	5254.4	
910.12	5254.4	
910.28	5254.4	
910.45	5254.4	
910.61	5254.4	
910.78	5254.4	
910.94	5254.4	
911.1	5254.4	
911.27	5254.4	
911.43	5254.4	
911.59	5254.4	
911.76	5254.4	
911.92	5254.4	
912.08	5254.4	
912.25	5254.4	
912.41	5254.4	
912.57	5254.4	
912.74	5254.4	
912.9	5254.4	
913.07	5254.4	
913.23	5254.4	
913.39	5254.4	
913.56	5254.4	
913.72	5254.4	
913.88	5254.4	
914.05	5254.4	
914.21	5254.4	
914.37	5254.4	
914.54	5254.4	
914.7	5254.4	
914.86	5254.4	
915.03	5254.4	
915.19	5254.4	
