Wavelength	Intensities	
nm	a.u.	
179.22	1789.6	
179.44	1790.6	
179.65	1788.6	
179.86	1792.7	
180.08	1802.2	
180.29	4309.6	
180.51	3199.6	
180.72	5294	
180.94	5980.1	
181.15	2960.7	
181.37	2927.9	
181.58	5109.7	
181.79	5306.3	
182.01	3051.5	
182.22	3229.6	
182.44	5339.1	
182.65	4583.4	
182.87	4039.3	
183.08	3556	
183.29	5606	
183.51	4635.9	
183.72	3300	
183.94	4626.4	
184.15	4978.6	
184.37	4957.4	
184.58	2878.8	
184.79	3877.5	
185.01	4739.7	
185.22	5317.2	
185.44	4088.4	
185.65	3448.8	
185.86	4976.6	
186.08	4607.9	
186.29	2805	
186.51	3049.4	
186.72	4695.3	
186.94	5476.3	
187.15	3474	
187.36	3579.8	
187.58	6918.7	
187.79	5046.2	
188.01	3738.2	
188.22	5608	
188.43	6013.5	
188.65	5261.9	
188.86	3033.7	
189.08	3599.6	
189.29	4868	
189.5	4819.6	
189.72	3297.2	
189.93	3386	
190.15	5474.9	
190.36	6435.4	
190.57	3657	
190.79	3536.2	
191	5537.7	
191.22	5490.6	
191.43	3668.6	
191.64	3010.5	
191.86	5762.3	
192.07	5560.2	
192.29	3121.8	
192.5	3330	
192.71	5502.2	
192.93	4819.6	
193.14	3299.3	
193.35	3341.6	
193.57	4771.8	
193.78	5419.6	
194	2679.4	
194.21	3254.2	
194.42	4616.1	
194.64	4983.4	
194.85	3559.4	
195.07	4147.8	
195.28	5006.6	
195.49	4371	
195.71	4341	
195.92	3082.9	
196.13	5137.7	
196.35	5236	
196.56	4573.8	
196.78	3622.9	
196.99	6411.5	
197.2	6002.6	
197.42	4005.1	
197.63	3597.6	
197.84	4523.3	
198.06	5168.4	
198.27	3320.4	
198.48	4360.1	
198.7	4796.3	
198.91	5000.5	
199.13	3575.8	
199.34	3600.3	
199.55	5341.8	
199.77	4369	
199.98	3198.9	
200.19	3637.9	
200.41	4982.7	
200.62	4707.6	
200.83	3756.7	
201.05	4007.2	
201.26	4946.5	
201.47	4773.8	
201.69	3245.3	
201.9	3127.9	
202.11	4984.8	
202.33	5837.4	
202.54	3469.3	
202.76	3759.4	
202.97	5025.7	
203.18	5125.4	
203.4	3770.3	
203.61	3659	
203.82	5112.4	
204.04	4729.4	
204.25	3624.2	
204.46	3529.3	
204.68	5029.1	
204.89	5156.8	
205.1	3506.8	
205.32	3028.3	
205.53	5291.3	
205.74	5476.3	
205.96	2647.3	
206.17	3680.2	
206.38	5287.9	
206.6	5406	
206.81	4101.4	
207.02	3399.6	
207.24	5240.8	
207.45	5550.7	
207.66	3490.4	
207.88	2966.1	
208.09	5177.9	
208.3	4971.1	
208.52	3185.3	
208.73	3487	
208.94	4962.9	
209.15	5612.8	
209.37	3480.2	
209.58	3571	
209.79	5436.7	
210.01	4820.9	
210.22	2828.9	
210.43	2921.1	
210.65	4922.6	
210.86	5336.3	
211.07	3460.4	
211.29	3156.6	
211.5	5277.6	
211.71	4968.4	
211.93	3174.4	
212.14	3123.2	
212.35	4951.3	
212.56	5165	
212.78	3592.8	
212.99	2987.3	
213.2	5813.5	
213.42	4820.2	
213.63	3242.6	
213.84	3475.4	
214.06	4504.2	
214.27	4584	
214.48	3411.9	
214.69	3650.8	
214.91	5563	
215.12	5607.3	
215.33	3700	
215.55	4024.3	
215.76	6047.7	
215.97	5322	
216.18	3534.8	
216.4	3491.1	
216.61	4680.3	
216.82	5437.4	
217.04	3216	
217.25	3302	
217.46	5524.1	
217.67	5323.4	
217.89	2852.1	
218.1	3005.1	
218.31	5085.1	
218.53	5128.1	
218.74	3328.6	
218.95	3345	
219.16	4985.4	
219.38	5740.5	
219.59	3298.6	
219.8	3796.9	
220.01	6283.2	
220.23	5023	
220.44	4158.7	
220.65	3183.9	
220.87	5083.1	
221.08	5528.8	
221.29	2971.6	
221.5	3902.7	
221.72	6677.1	
221.93	4793.6	
222.14	3626.3	
222.35	4231.1	
222.57	4964.3	
222.78	5310.4	
222.99	3444.7	
223.2	3710.9	
223.42	5251.7	
223.63	5373.9	
223.84	2654.9	
224.05	2691	
224.27	6201.9	
224.48	5753.4	
224.69	4237.2	
224.9	3614.7	
225.12	5190.9	
225.33	4973.8	
225.54	2883.5	
225.75	3255.6	
225.97	4684.4	
226.18	4982.7	
226.39	3463.1	
226.6	3228.3	
226.82	4794.3	
227.03	4680.3	
227.24	3590.1	
227.45	3039.2	
227.67	5346.6	
227.88	5724.8	
228.09	4022.9	
228.3	4007.9	
228.52	5364.3	
228.73	4963.6	
228.94	3363.4	
229.15	3011.2	
229.36	4981.3	
229.58	4911	
229.79	3418.7	
230	3895.9	
230.21	5892	
230.43	5094.7	
230.64	3586	
230.85	3770.3	
231.06	5412.1	
231.28	5348.6	
231.49	2966.1	
231.7	3558	
231.91	5315.2	
232.12	5025	
232.34	3132	
232.55	3506.1	
232.76	5545.9	
232.97	5172.5	
233.18	3183.2	
233.4	3544.4	
233.61	5141.1	
233.82	4752	
234.03	3321.8	
234.25	3292.5	
234.46	6729.6	
234.67	5057.1	
234.88	3664.5	
235.09	3222.1	
235.31	5239.4	
235.52	4866	
235.73	3551.9	
235.94	3039.2	
236.15	4799.1	
236.37	5956.2	
236.58	3196.9	
236.79	3507.5	
237	5274.9	
237.21	4580.6	
237.43	3705.5	
237.64	2970.2	
237.85	8560.5	
238.06	4601.8	
238.27	3738.2	
238.48	3076	
238.7	5285.1	
238.91	4910.3	
239.12	3442	
239.33	3477.5	
239.54	4683.7	
239.76	4915.8	
239.97	3403.7	
240.18	3426.3	
240.39	6141.2	
240.6	5225.1	
240.82	3565.5	
241.03	2964.8	
241.24	5014.1	
241.45	5716.6	
241.66	3168.9	
241.87	3756	
242.09	5638.1	
242.3	5893.4	
242.51	3758.7	
242.72	3451.5	
242.93	5390.3	
243.14	4998.4	
243.36	3968.3	
243.57	4281.6	
243.78	5683.8	
243.99	5324.7	
244.2	3430.3	
244.41	3215.3	
244.63	4571.7	
244.84	5259.9	
245.05	3679.5	
245.26	3430.3	
245.47	5265.3	
245.68	5427.8	
245.9	4573.1	
246.11	3632.4	
246.32	4846.2	
246.53	5227.8	
246.74	5468.8	
246.95	2964.8	
247.16	4610	
247.38	5037.3	
247.59	2984.6	
247.8	3476.1	
248.01	4724.7	
248.22	4968.4	
248.43	3157.3	
248.64	3396.2	
248.86	4499.4	
249.07	4791.6	
249.28	3072.6	
249.49	3541.6	
249.7	5440.1	
249.91	5517.9	
250.12	2901.3	
250.34	2993.4	
250.55	5131.5	
250.76	4962.2	
250.97	3526.6	
251.18	3631	
251.39	5561.6	
251.6	5143.8	
251.81	3538.9	
252.03	3575.8	
252.24	4812	
252.45	5370.5	
252.66	3045.3	
252.87	3808.5	
253.08	5075.5	
253.29	6397.9	
253.5	3039.9	
253.72	4182	
253.93	4892.6	
254.14	5894.7	
254.35	3296.5	
254.56	3364.8	
254.77	5200.5	
254.98	4642.1	
255.19	3315.7	
255.41	4158.7	
255.62	5119.2	
255.83	5547.9	
256.04	3715	
256.25	3604.4	
256.46	6092.7	
256.67	4760.8	
256.88	3570.3	
257.09	3977.2	
257.31	4706.9	
257.52	4753.3	
257.73	4444.8	
257.94	3278.1	
258.15	4879.6	
258.36	4969.7	
258.57	4121.2	
258.78	2679.4	
258.99	5444.9	
259.2	4845.5	
259.41	3277.4	
259.63	3407.8	
259.84	5714.5	
260.05	6071.5	
260.26	4242	
260.47	3268.6	
260.68	5523.4	
260.89	4938.3	
261.1	3949.8	
261.31	3175.7	
261.52	5560.2	
261.73	5868.1	
261.95	4292.5	
262.16	3719.1	
262.37	5570.5	
262.58	5701.5	
262.79	4184.7	
263	3362.1	
263.21	5036	
263.42	4843.4	
263.63	3410.6	
263.84	3378.5	
264.05	5442.8	
264.26	5777.3	
264.47	4072.7	
264.69	3715.7	
264.9	5654.4	
265.11	5219.6	
265.32	3194.8	
265.53	3282.9	
265.74	5097.4	
265.95	4440	
266.16	3545.7	
266.37	3869.3	
266.58	5175.9	
266.79	4872.8	
267	3311.6	
267.21	3046.7	
267.42	4644.8	
267.63	4990.9	
267.84	3431.7	
268.06	3007.1	
268.27	5390.3	
268.48	5602.6	
268.69	3362.8	
268.9	3998.3	
269.11	5580.7	
269.32	4533.5	
269.53	3446	
269.74	3211.2	
269.95	5304.2	
270.16	4454.3	
270.37	3490.4	
270.58	3980.6	
270.79	4845.5	
271	5465.3	
271.21	3666.5	
271.42	3573	
271.63	5137	
271.84	4659.8	
272.05	2814.6	
272.26	3093.8	
272.47	5018.9	
272.68	5154.7	
272.89	3356.6	
273.11	3833.1	
273.32	4823.6	
273.53	5793.7	
273.74	3732.8	
273.95	3667.2	
274.16	5454.4	
274.37	4973.2	
274.58	3859.1	
274.79	3065.8	
275	5092.6	
275.21	5556.1	
275.42	4528.1	
275.63	3877.5	
275.84	5300.8	
276.05	6447	
276.26	3594.2	
276.47	3415.3	
276.68	4931.5	
276.89	5871.5	
277.1	3906.2	
277.31	3043.3	
277.52	5199.8	
277.73	5447.6	
277.94	3026.9	
278.15	3378.5	
278.36	5143.1	
278.57	4724.7	
278.78	3341.6	
278.99	3712.3	
279.2	4722.6	
279.41	4694.6	
279.62	4351.3	
279.83	3104.7	
280.04	6005.3	
280.25	4693.9	
280.46	4290.5	
280.67	3437.2	
280.88	4676.2	
281.09	5545.2	
281.3	3644	
281.51	4494.6	
281.72	4789.5	
281.93	5468.1	
282.14	3248.8	
282.35	3487	
282.56	5477.6	
282.77	5419.6	
282.98	3361.4	
283.19	4070.7	
283.4	6504.3	
283.61	4964.3	
283.82	3071.3	
284.03	4216.8	
284.24	5090.6	
284.45	5507.7	
284.66	4240.7	
284.87	4072.7	
285.08	5471.5	
285.29	5672.2	
285.5	2991.4	
285.71	3381.9	
285.92	5538.4	
286.12	6048.3	
286.33	4213.4	
286.54	3388.7	
286.75	5414.1	
286.96	4950.6	
287.17	3119.1	
287.38	4149.2	
287.59	4751.3	
287.8	4681.7	
288.01	3389.4	
288.22	3817.4	
288.43	5362.3	
288.64	4568.3	
288.85	3990.8	
289.06	3778.5	
289.27	5390.9	
289.48	5724.1	
289.69	4214.7	
289.9	3891.8	
290.11	5585.5	
290.32	4749.9	
290.53	3977.8	
290.74	3718.4	
290.94	5370.5	
291.15	5399.8	
291.36	3218.7	
291.57	3869.3	
291.78	4842.1	
291.99	4489.1	
292.2	3176.4	
292.41	3759.4	
292.62	5497.4	
292.83	5315.8	
293.04	4579.3	
293.25	3197.6	
293.46	4874.2	
293.67	5506.3	
293.88	3276.1	
294.09	3164.1	
294.29	4643.4	
294.5	5147.9	
294.71	3518.4	
294.92	3310.2	
295.13	4874.8	
295.34	5966.4	
295.55	2974.3	
295.76	2891	
295.97	5407.3	
296.18	5947.3	
296.39	3123.8	
296.6	3306.1	
296.81	5104.9	
297.01	5395.7	
297.22	3357.3	
297.43	3242.6	
297.64	4772.4	
297.85	4727.4	
298.06	2763.4	
298.27	2957.9	
298.48	4999.8	
298.69	4773.1	
298.9	3545	
299.11	3211.2	
299.31	4625.7	
299.52	4624.3	
299.73	3771	
299.94	3741.6	
300.15	4964.3	
300.36	4713.1	
300.57	3635.1	
300.78	3657	
300.99	4895.3	
301.2	5100.1	
301.4	3242.6	
301.61	3481.5	
301.82	5315.2	
302.03	5335	
302.24	3922.5	
302.45	3082.9	
302.66	5294	
302.87	5591.6	
303.08	3264.5	
303.29	4355.3	
303.49	4827.7	
303.7	4969.1	
303.91	2948.4	
304.12	4189.5	
304.33	4555.4	
304.54	5147.9	
304.75	3262.4	
304.96	3194.1	
305.16	5356.1	
305.37	5912.5	
305.58	2891.7	
305.79	2956.6	
306	5306.3	
306.21	4536.3	
306.42	3188.7	
306.63	4886.5	
306.83	4848.2	
307.04	5453.1	
307.25	3571	
307.46	3532.1	
307.67	4397.7	
307.88	5370.5	
308.09	3235.8	
308.29	3326.6	
308.5	5068	
308.71	5495.4	
308.92	3493.8	
309.13	3163.4	
309.34	4955.4	
309.55	4927.4	
309.75	4018.1	
309.96	3695.9	
310.17	5334.3	
310.38	4754.7	
310.59	3816.7	
310.8	3066.5	
311.01	4885.1	
311.21	4967.7	
311.42	3092.4	
311.63	3192.8	
311.84	4836.6	
312.05	5067.4	
312.26	3622.9	
312.46	3959.4	
312.67	4871.4	
312.88	4577.9	
313.09	3187.3	
313.3	3132.7	
313.51	5687.9	
313.71	5986.9	
313.92	3147.7	
314.13	3297.9	
314.34	5194.3	
314.55	4861.9	
314.76	4057.7	
314.96	3512.9	
315.17	5109.7	
315.38	5375.2	
315.59	3186	
315.8	3051.5	
316.01	5725.4	
316.21	5831.2	
316.42	3070.6	
316.63	3493.8	
316.84	4945.8	
317.05	5610.8	
317.26	3689.1	
317.46	3336.8	
317.67	4971.1	
317.88	5360.2	
318.09	3892.5	
318.3	2964.1	
318.5	4798.4	
318.71	5257.8	
318.92	4994.3	
319.13	3692.5	
319.34	5464.7	
319.54	5560.2	
319.75	2945.7	
319.96	2892.4	
320.17	5362.9	
320.38	5510.4	
320.58	2914.3	
320.79	3459.7	
321	5519.3	
321.21	5597.8	
321.42	3495.9	
321.62	2934.7	
321.83	4713.7	
322.04	5029.1	
322.25	3368.2	
322.46	3115	
322.66	5048.9	
322.87	5343.2	
323.08	3872	
323.29	3076.7	
323.5	5929.6	
323.7	4631.1	
323.91	4197	
324.12	3792.2	
324.33	5115.8	
324.53	5261.2	
324.74	3646.7	
324.95	3889.8	
325.16	4528.1	
325.37	4835.3	
325.57	3177.8	
325.78	3262.4	
325.99	5097.4	
326.2	4573.8	
326.4	4416.1	
326.61	2944.3	
326.82	4926.7	
327.03	5117.2	
327.24	4419.5	
327.44	4138.9	
327.65	5277.6	
327.86	4286.4	
328.07	3656.3	
328.27	3063.1	
328.48	5602.6	
328.69	4715.8	
328.9	4447.5	
329.1	3377.8	
329.31	4909	
329.52	5697.4	
329.73	3192.8	
329.93	3503.4	
330.14	5075.5	
330.35	5223.7	
330.56	5113.1	
330.76	3824.9	
330.97	4841.4	
331.18	5230.5	
331.39	3545	
331.59	2924.5	
331.8	5551.4	
332.01	5596.4	
332.22	3248.1	
332.42	3668.6	
332.63	5082.4	
332.84	4780.6	
333.05	3538.9	
333.25	3236.5	
333.46	4847.5	
333.67	5032.5	
333.88	3338.9	
334.08	3593.5	
334.29	6533.7	
334.5	5534.3	
334.7	3109.5	
334.91	4419.5	
335.12	4629.1	
335.33	5283.1	
335.53	3485.6	
335.74	5069.4	
335.95	4844.8	
336.16	4676.9	
336.36	3484.3	
336.57	3923.9	
336.78	4637.3	
336.98	5504.9	
337.19	4233.8	
337.4	3368.2	
337.61	6021	
337.81	4618.9	
338.02	3262.4	
338.23	4133.5	
338.43	5687.2	
338.64	4801.1	
338.85	3148.4	
339.05	4106.9	
339.26	5772.5	
339.47	4549.9	
339.68	3102.7	
339.88	4562.2	
340.09	5254.4	
340.3	5375.9	
340.5	3680.9	
340.71	2911.5	
340.92	4566.3	
341.13	5627.1	
341.33	3112.2	
341.54	3720.5	
341.75	5215.5	
341.95	4861.9	
342.16	3549.1	
342.37	3793.5	
342.57	4622.9	
342.78	4947.9	
342.99	3901.4	
343.19	2893.1	
343.4	5402.5	
343.61	5248.9	
343.81	3358	
344.02	3074	
344.23	5270.1	
344.43	5655.1	
344.64	3901.4	
344.85	3851.5	
345.06	5326.1	
345.26	5492	
345.47	3708.2	
345.68	4230.4	
345.88	4480.3	
346.09	5412.8	
346.3	3757.3	
346.5	2788.7	
346.71	4962.9	
346.92	4754.7	
347.12	2993.4	
347.33	3685	
347.54	5455.1	
347.74	5747.3	
347.95	3551.2	
348.16	2770.9	
348.36	4819.6	
348.57	4634.6	
348.78	3616.7	
348.98	3873.4	
349.19	4930.1	
349.39	4580.6	
349.6	2955.2	
349.81	3263.8	
350.01	5288.5	
350.22	4781.3	
350.43	3523.9	
350.63	4185.4	
350.84	5040.7	
351.05	4829.8	
351.25	3219.4	
351.46	2897.2	
351.67	5494.7	
351.87	4706.2	
352.08	3426.9	
352.29	3810.6	
352.49	5386.2	
352.7	5444.9	
352.9	3138.2	
353.11	3861.1	
353.32	5905.7	
353.52	4820.2	
353.73	3050.8	
353.94	3881.6	
354.14	5230.5	
354.35	5053.7	
354.55	3181.2	
354.76	3523.2	
354.97	5276.3	
355.17	5029.1	
355.38	3022.8	
355.59	4104.1	
355.79	4764.3	
356	5046.9	
356.2	3509.5	
356.41	3076.7	
356.62	4513.7	
356.82	4941.1	
357.03	3666.5	
357.24	3350.5	
357.44	4734.9	
357.65	4792.2	
357.85	4440	
358.06	3540.9	
358.27	4509.6	
358.47	4721.3	
358.68	2998.9	
358.88	3710.2	
359.09	5216.9	
359.3	5510.4	
359.5	4303.5	
359.71	3819.5	
359.91	5842.2	
360.12	5285.8	
360.33	3762.8	
360.53	4155.3	
360.74	4790.9	
360.94	4836.6	
361.15	3940.3	
361.36	3245.3	
361.56	5459.2	
361.77	4930.8	
361.97	4255	
362.18	3433.8	
362.38	5515.2	
362.59	4655	
362.8	3178.4	
363	3067.2	
363.21	4423.6	
363.41	5058.5	
363.62	3676.8	
363.83	4475.5	
364.03	5174.5	
364.24	5924.8	
364.44	4573.1	
364.65	4646.2	
364.85	4909.7	
365.06	4648.2	
365.27	3405.1	
365.47	3420.8	
365.68	5797.8	
365.88	4896.7	
366.09	3706.1	
366.29	3396.2	
366.5	5122	
366.71	5563	
366.91	4543.8	
367.12	3908.2	
367.32	6042.9	
367.53	5360.9	
367.73	3831.7	
367.94	4657.1	
368.14	5334.3	
368.35	6086.6	
368.56	3760.8	
368.76	3272	
368.97	5511.1	
369.17	6866.8	
369.38	3343.7	
369.58	3648.1	
369.79	4603.2	
369.99	5773.9	
370.2	4439.3	
370.4	3704.1	
370.61	5229.1	
370.82	6186.9	
371.02	3607.8	
371.23	3054.9	
371.43	4585.4	
371.64	5778	
371.84	3659	
372.05	4670.1	
372.25	6738.5	
372.46	5522	
372.66	3619.4	
372.87	3583.9	
373.07	5504.3	
373.28	6934.4	
373.48	4565.6	
373.69	4192.2	
373.9	5120.6	
374.1	5087.2	
374.31	4466.6	
374.51	3987.4	
374.72	5747.3	
374.92	4819.6	
375.13	4610.7	
375.33	3875.4	
375.54	5440.1	
375.74	4970.4	
375.95	4041.3	
376.15	5079.6	
376.36	5504.3	
376.56	5367.7	
376.77	4084.3	
376.97	4472.8	
377.18	6348	
377.38	5590.3	
377.59	4702.1	
377.79	3695.2	
378	5422.3	
378.2	5738.4	
378.41	3702.7	
378.61	3629	
378.82	5836	
379.02	5081	
379.23	3876.8	
379.43	4807.9	
379.64	5913.9	
379.84	5579.3	
380.05	3711.6	
380.25	3677.5	
380.46	5670.1	
380.66	5283.8	
380.87	4788.2	
381.07	5175.2	
381.28	6191	
381.48	5612.1	
381.69	3702	
381.89	3768.9	
382.1	4724.7	
382.3	5700.9	
382.51	4668.7	
382.71	5357.5	
382.91	5610.8	
383.12	6087.2	
383.32	4031.8	
383.53	4229.1	
383.73	5478.3	
383.94	5345.9	
384.14	4152.6	
384.35	3349.1	
384.55	5226.4	
384.76	5589.6	
384.96	3992.2	
385.17	4303.5	
385.37	5657.2	
385.58	4934.9	
385.78	4229.1	
385.98	3302	
386.19	5158.2	
386.39	5471.5	
386.6	3749.1	
386.8	3937.6	
387.01	5550	
387.21	5563.6	
387.42	4244.1	
387.62	4820.9	
387.83	5061.9	
388.03	5452.4	
388.23	4044.7	
388.44	4709	
388.64	4719.9	
388.85	4882.4	
389.05	4252.3	
389.26	4858.5	
389.46	6303	
389.67	6013.5	
389.87	4330.8	
390.07	4385.4	
390.28	5223.7	
390.48	4870.8	
390.69	3695.2	
390.89	3953.9	
391.1	5089.2	
391.3	5900.2	
391.5	4946.5	
391.71	5478.3	
391.91	5713.8	
392.12	6476.4	
392.32	4986.1	
392.53	4311.7	
392.73	5204.6	
392.93	5287.2	
393.14	4070	
393.34	4731.5	
393.55	5608.7	
393.75	5231.9	
393.95	4086.4	
394.16	3967.6	
394.36	5066.7	
394.57	5657.9	
394.77	3593.5	
394.98	3931.4	
395.18	5012.7	
395.38	5115.8	
395.59	4721.3	
395.79	3850.9	
396	5214.1	
396.2	5570.5	
396.4	4666	
396.61	4509.6	
396.81	5745.9	
397.02	5132.9	
397.22	4814.8	
397.42	4814.8	
397.63	5834.7	
397.83	5162.2	
398.04	3805.1	
398.24	4227.7	
398.44	5575.9	
398.65	4771.1	
398.85	3693.2	
399.05	3763.5	
399.26	5128.8	
399.46	6548	
399.67	4199	
399.87	3944.4	
400.07	5461.9	
400.28	5679	
400.48	4061.1	
400.69	4893.3	
400.89	5923.4	
401.09	6300.9	
401.3	3892.5	
401.5	4883.7	
401.7	6511.9	
401.91	6718.7	
402.11	4276.8	
402.32	4504.2	
402.52	5964.4	
402.72	5911.8	
402.93	4587.4	
403.13	3648.1	
403.33	6593.1	
403.54	5447.6	
403.74	4261.1	
403.94	4940.4	
404.15	5528.2	
404.35	6490.7	
404.56	4084.3	
404.76	5536.3	
404.96	5862.7	
405.17	5689.3	
405.37	5134.3	
405.57	4546.5	
405.78	5899.5	
405.98	5475.6	
406.18	4132.8	
406.39	4941.7	
406.59	5900.9	
406.79	5561.6	
407	3914.4	
407.2	4011.3	
407.4	5923.4	
407.61	6089.3	
407.81	4004.5	
408.01	5763.7	
408.22	5010	
408.42	6757.6	
408.62	4932.2	
408.83	4492.6	
409.03	5571.8	
409.23	5466	
409.44	4625.7	
409.64	4921.3	
409.84	6465.4	
410.05	6385.6	
410.25	4758.8	
410.45	4614.8	
410.66	6036	
410.86	8067.6	
411.06	5012.7	
411.27	4838	
411.47	7882.6	
411.67	6184.2	
411.88	5085.1	
412.08	5287.2	
412.28	6664.8	
412.49	7107.8	
412.69	4882.4	
412.89	4912.4	
413.09	6928.3	
413.3	6815.6	
413.5	5063.9	
413.7	4631.1	
413.91	6279.8	
414.11	6941.9	
414.31	4808.6	
414.52	5215.5	
414.72	6645.7	
414.92	6612.9	
415.12	4904.2	
415.33	5303.6	
415.53	6910.5	
415.73	7075	
415.94	5558.2	
416.14	5051.7	
416.34	6072.2	
416.55	5817.6	
416.75	6089.3	
416.95	5646.2	
417.15	6939.2	
417.36	7548.8	
417.56	6329.6	
417.76	5504.9	
417.97	7176.1	
418.17	6943.3	
418.37	5171.1	
418.57	5225.1	
418.78	6764.4	
418.98	6552.8	
419.18	5913.2	
419.38	5780.1	
419.59	6496.8	
419.79	6118	
419.99	5033.2	
420.2	5359.5	
420.4	6974	
420.6	7105.1	
420.8	4972.5	
421.01	4913.8	
421.21	6771.3	
421.41	6927.6	
421.61	5313.1	
421.82	5080.3	
422.02	6341.2	
422.22	7189.1	
422.42	5808.7	
422.63	5373.2	
422.83	6468.9	
423.03	7536.5	
423.23	5466.7	
423.44	4589.5	
423.64	6479.1	
423.84	6214.2	
424.04	4896	
424.25	4684.4	
424.45	7236.8	
424.65	7124.9	
424.85	4460.5	
425.06	4957.4	
425.26	7255.3	
425.46	6287.3	
425.66	5359.5	
425.87	5091.9	
426.07	7040.2	
426.27	6907.8	
426.47	5215.5	
426.67	4655.7	
426.88	7308.5	
427.08	6727.6	
427.28	5406.6	
427.48	4505.5	
427.69	5860.6	
427.89	6407.4	
428.09	5388.2	
428.29	4632.5	
428.5	6999.3	
428.7	6580.1	
428.9	4591.5	
429.1	4995	
429.3	6467.5	
429.51	6784.9	
429.71	4854.4	
429.91	5511.1	
430.11	6841.6	
430.31	7238.9	
430.52	5085.1	
430.72	5275.6	
430.92	7275.8	
431.12	6842.3	
431.32	4693.9	
431.53	5120.6	
431.73	5857.9	
431.93	7221.1	
432.13	4721.9	
432.33	4639.3	
432.54	6241.5	
432.74	6602	
432.94	4549.2	
433.14	5424.4	
433.34	6803.4	
433.55	6335.7	
433.75	5412.8	
433.95	6841.6	
434.15	6541.2	
434.35	6329.6	
434.56	4702.1	
434.76	4288.4	
434.96	6567.2	
435.16	6698.2	
435.36	4513.7	
435.56	5513.8	
435.77	6247	
435.97	6400.6	
436.17	6161	
436.37	5547.9	
436.57	6214.2	
436.78	6225.1	
436.98	6991.8	
437.18	6015.6	
437.38	6783.6	
437.58	6339.8	
437.78	6102.9	
437.99	4893.3	
438.19	6793.1	
438.39	8044.4	
438.59	4922.6	
438.79	4386.7	
438.99	7337.2	
439.2	6310.5	
439.4	4476.2	
439.6	4511.7	
439.8	6594.5	
440	7507.9	
440.2	5435.3	
440.4	5506.3	
440.61	6991.8	
440.81	7425.9	
441.01	4758.8	
441.21	5517.9	
441.41	7309.2	
441.61	6981.5	
441.81	5839.4	
442.02	6693.4	
442.22	7747.5	
442.42	7077.8	
442.62	4853	
442.82	4831.8	
443.02	7413.6	
443.22	6675.7	
443.43	5277.6	
443.63	4875.5	
443.83	6402	
444.03	6397.9	
444.23	5874.3	
444.43	5476.3	
444.63	6713.2	
444.83	7763.2	
445.04	4956.1	
445.24	6076.3	
445.44	7002.7	
445.64	7090.1	
445.84	5642.2	
446.04	5559.6	
446.24	6425.8	
446.44	7309.2	
446.65	4853	
446.85	5173.9	
447.05	6483.9	
447.25	7309.9	
447.45	5300.8	
447.65	4707.6	
447.85	6761	
448.05	6393.1	
448.25	5588.2	
448.46	5440.8	
448.66	6679.8	
448.86	6457.2	
449.06	4573.1	
449.26	5532.2	
449.46	7040.9	
449.66	6180.1	
449.86	5231.9	
450.06	5164.3	
450.26	6283.9	
450.47	6870.3	
450.67	5399.8	
450.87	5594.4	
451.07	7046.4	
451.27	6676.4	
451.47	4831.8	
451.67	5282.4	
451.87	6492.7	
452.07	7409.6	
452.27	5081	
452.47	4972.5	
452.67	6711.2	
452.88	7107.1	
453.08	4463.2	
453.28	6152.1	
453.48	7750.2	
453.68	6627.2	
453.88	4881	
454.08	5082.4	
454.28	7015.7	
454.48	6679.8	
454.68	5485.1	
454.88	5986.2	
455.08	7058.7	
455.28	6794.5	
455.48	4759.5	
455.68	5358.2	
455.89	7524.9	
456.09	7163.1	
456.29	5081.7	
456.49	5109.7	
456.69	7390.4	
456.89	6633.4	
457.09	5530.2	
457.29	5817.6	
457.49	7031.4	
457.69	7047.7	
457.89	5372.5	
458.09	4878.9	
458.29	6804	
458.49	7446.4	
458.69	5760.9	
458.89	5211.4	
459.09	7621.9	
459.29	7704.5	
459.49	5379.3	
459.69	6043.6	
459.9	7161.1	
460.1	6748.1	
460.3	5220.3	
460.5	5072.1	
460.7	7181.5	
460.9	6836.1	
461.1	4831.2	
461.3	5918.6	
461.5	7646.4	
461.7	7363.8	
461.9	5105.6	
462.1	5540.4	
462.3	6952.9	
462.5	7362.4	
462.7	5137.7	
462.9	5226.4	
463.1	8319.5	
463.3	7930.4	
463.5	5389.6	
463.7	6186.2	
463.9	7090.8	
464.1	7437.5	
464.3	5651.7	
464.5	5760.3	
464.7	7636.2	
464.9	7310.6	
465.1	6785.6	
465.3	6024.4	
465.5	7975.5	
465.7	7827.3	
465.9	6297.5	
466.1	6083.1	
466.3	7749.5	
466.5	7533.8	
466.7	6789.7	
466.9	5905	
467.1	7621.2	
467.3	8357.1	
467.5	6778.8	
467.7	5793.7	
467.9	8536.6	
468.1	9318.9	
468.3	6518	
468.5	6763.1	
468.7	7583.6	
468.9	7532.4	
469.1	6028.5	
469.3	6691.4	
469.5	9138	
469.7	7214.3	
469.9	6400.6	
470.1	5858.6	
470.3	7655.3	
470.5	7574.1	
470.7	6960.4	
470.9	5937.7	
471.1	7334.5	
471.3	7634.8	
471.5	5674.2	
471.69	7326.9	
471.89	7236.8	
472.09	6866.2	
472.29	6414.9	
472.49	6708.5	
472.69	7045	
472.89	7682.6	
473.09	5576.6	
473.29	5748.6	
473.49	7122.2	
473.69	7264.8	
473.89	6526.9	
474.09	5924.1	
474.29	8312	
474.49	8094.9	
474.69	6549.4	
474.89	6004.6	
475.09	7268.2	
475.29	7228	
475.49	5556.8	
475.69	5791	
475.88	8684.8	
476.08	7619.1	
476.28	5431.2	
476.48	5712.5	
476.68	7936.6	
476.88	7763.2	
477.08	5667.4	
477.28	5956.9	
477.48	7380.9	
477.68	7929.1	
477.88	5515.9	
478.08	5776.6	
478.28	8114.7	
478.48	7470.3	
478.67	5883.8	
478.87	5295.4	
479.07	7962.5	
479.27	7475.1	
479.47	5959.6	
479.67	5999.2	
479.87	7888.1	
480.07	8241	
480.27	5457.8	
480.47	6728.9	
480.67	7475.8	
480.87	8037.6	
481.06	5651	
481.26	6412.2	
481.46	7411.6	
481.66	7395.9	
481.86	6001.9	
482.06	6809.5	
482.26	7223.9	
482.46	8047.8	
482.66	5901.6	
482.86	5649	
483.05	7607.5	
483.25	7019.1	
483.45	8026.7	
483.65	5940.5	
483.85	7109.2	
484.05	7397.9	
484.25	6313.9	
484.45	6669.6	
484.65	8146.1	
484.84	8134.5	
485.04	5859.9	
485.24	5852.4	
485.44	8415.8	
485.64	6891.4	
485.84	5240.8	
486.04	6463.4	
486.24	7333.1	
486.44	7502.4	
486.63	5192.3	
486.83	5926.1	
487.03	7128.3	
487.23	7359.7	
487.43	5316.5	
487.63	7228.6	
487.83	7426.6	
488.02	8175.5	
488.22	6112.5	
488.42	6628.6	
488.62	8129.8	
488.82	7165.2	
489.02	5879	
489.22	5909.8	
489.41	8015.1	
489.61	7671.7	
489.81	5640.8	
490.01	5625.8	
490.21	7839.6	
490.41	8552.3	
490.61	5603.9	
490.8	5729.5	
491	7466.9	
491.2	6965.1	
491.4	6199.9	
491.6	5421	
491.8	7471	
491.99	7528.3	
492.19	5362.9	
492.39	5675.6	
492.59	7945.4	
492.79	7989.8	
492.99	6365.8	
493.18	5590.3	
493.38	8047.8	
493.58	8580.3	
493.78	6170.5	
493.98	5840.8	
494.18	7791.8	
494.37	7238.9	
494.57	6326.2	
494.77	6285.9	
494.97	7907.9	
495.17	8099	
495.37	5924.1	
495.56	6303	
495.76	8250.6	
495.96	7960.5	
496.16	6952.2	
496.36	6085.2	
496.55	8104.5	
496.75	7729	
496.95	6391	
497.15	6266.1	
497.35	8099.7	
497.54	8043.1	
497.74	6082.5	
497.94	7545.4	
498.14	8708.6	
498.34	8585.8	
498.53	5836.7	
498.73	6536.4	
498.93	7562.5	
499.13	8088.1	
499.33	6305	
499.52	6748.7	
499.72	8037.6	
499.92	8337.3	
500.12	6095.4	
500.32	6300.9	
500.51	8331.1	
500.71	7984.3	
500.91	6905.1	
501.11	6617.7	
501.31	8149.6	
501.5	8595.3	
501.7	7209.5	
501.9	6331	
502.1	8096.3	
502.29	8349.6	
502.49	6718.7	
502.69	7093.5	
502.89	8254.7	
503.09	8217.8	
503.28	5819.6	
503.48	6001.9	
503.68	7664.2	
503.88	7546.8	
504.07	6879.8	
504.27	6309.8	
504.47	7945.4	
504.67	8028	
504.86	6802.7	
505.06	6369.2	
505.26	7684	
505.46	9067.7	
505.65	6347.3	
505.85	6586.3	
506.05	7574.1	
506.25	8053.3	
506.44	5847.6	
506.64	6550.1	
506.84	7456.7	
507.04	8331.8	
507.23	6019.7	
507.43	6452.5	
507.63	9210.4	
507.83	7623.9	
508.02	6530.3	
508.22	6107	
508.42	9374.9	
508.62	7537.2	
508.81	6310.5	
509.01	6744.6	
509.21	7383.6	
509.4	7674.4	
509.6	6514.6	
509.8	5941.8	
510	7624.6	
510.19	8801.5	
510.39	5914.5	
510.59	6044.2	
510.79	7462.1	
510.98	8626.7	
511.18	6115.9	
511.38	6109.8	
511.57	8234.2	
511.77	8005.5	
511.97	6713.9	
512.17	5952.8	
512.36	8144.8	
512.56	8148.9	
512.76	5997.1	
512.95	5642.2	
513.15	8249.9	
513.35	7021.1	
513.55	6541.9	
513.74	5908.4	
513.94	8192.6	
514.14	7587.7	
514.33	6641.6	
514.53	6499.6	
514.73	7575.4	
514.92	7689.4	
515.12	6052.4	
515.32	5844.2	
515.51	7735.9	
515.71	8134.5	
515.91	7383.6	
516.11	5908.4	
516.3	9220	
516.5	7460.1	
516.7	6360.3	
516.89	6886.6	
517.09	7556.3	
517.29	7462.8	
517.48	6589	
517.68	6151.4	
517.88	7308.5	
518.07	7907.9	
518.27	6580.8	
518.47	5667.4	
518.66	8310	
518.86	7154.9	
519.06	5579.3	
519.25	6002.6	
519.45	7418.4	
519.65	8645.2	
519.84	6500.3	
520.04	7122.8	
520.24	9019.3	
520.43	7935.9	
520.63	6232.7	
520.83	6075.6	
521.02	7334.5	
521.22	7861.5	
521.42	6389	
521.61	6928.3	
521.81	7553.6	
522.01	7721.5	
522.2	6360.3	
522.4	6167.8	
522.6	8049.2	
522.79	6990.4	
522.99	6206.7	
523.18	5642.2	
523.38	7823.2	
523.58	7752.2	
523.77	7236.2	
523.97	5623	
524.17	9410.4	
524.36	8716.2	
524.56	6718.7	
524.76	6410.1	
524.95	7728.4	
525.15	7444.4	
525.34	6270.2	
525.54	6300.9	
525.74	8086.7	
525.93	7204.1	
526.13	7258	
526.33	6204	
526.52	8351.6	
526.72	7869	
526.91	7247.1	
527.11	6571.9	
527.31	8305.9	
527.5	8699.1	
527.7	6506.4	
527.89	5786.9	
528.09	7444.4	
528.29	7954.3	
528.48	6896.2	
528.68	6552.8	
528.87	8270.4	
529.07	8264.2	
529.27	6542.6	
529.46	6135.7	
529.66	8060.8	
529.85	8339.3	
530.05	5971.9	
530.25	6600.6	
530.44	9126.4	
530.64	7860.8	
530.83	6293.4	
531.03	6535.8	
531.23	8245.1	
531.42	8107.9	
531.62	7111.9	
531.81	6491.4	
532.01	8401.5	
532.21	8758.5	
532.4	6196.5	
532.6	6502.3	
532.79	9161.2	
532.99	8374.8	
533.18	6520	
533.38	7394.5	
533.58	7961.1	
533.77	8591.9	
533.97	6618.4	
534.16	7125.6	
534.36	8823.3	
534.55	8071.7	
534.75	7302.4	
534.95	6579.4	
535.14	8744.8	
535.34	7987.8	
535.53	6374	
535.73	7949.5	
535.92	9169.4	
536.12	8135.9	
536.31	6389	
536.51	7315.3	
536.71	8383.7	
536.9	7996.6	
537.1	6527.6	
537.29	6603.3	
537.49	8773.5	
537.68	7995.3	
537.88	6977.4	
538.07	6253.8	
538.27	8159.8	
538.46	9075.2	
538.66	6133	
538.86	6536.4	
539.05	8200.1	
539.25	8480	
539.44	6911.2	
539.64	6485.2	
539.83	8059.4	
540.03	8902.5	
540.22	6400.6	
540.42	6468.2	
540.61	8302.5	
540.81	8398.7	
541	6842.3	
541.2	7274.4	
541.39	7905.8	
541.59	8205.5	
541.78	7142.6	
541.98	6268.8	
542.18	7582.9	
542.37	7536.5	
542.57	6718.7	
542.76	7088.7	
542.96	7718.8	
543.15	8236.9	
543.35	6733.7	
543.54	6101.6	
543.74	8476.5	
543.93	8099	
544.13	6607.4	
544.32	7580.9	
544.52	8372.1	
544.71	7682.6	
544.91	5857.9	
545.1	6952.2	
545.3	7744.7	
545.49	8242.4	
545.69	5814.9	
545.88	6298.9	
546.08	9100.5	
546.27	8714.8	
546.47	6834.8	
546.66	6220.4	
546.86	8470.4	
547.05	8921	
547.24	6390.3	
547.44	6252.4	
547.63	7649.8	
547.83	8535.3	
548.02	6557.6	
548.22	6744.6	
548.41	7460.1	
548.61	8496.3	
548.8	6213.5	
549	6173.9	
549.19	8056.7	
549.39	8350.3	
549.58	5962.3	
549.78	6369.9	
549.97	8376.2	
550.17	7847.8	
550.36	7142.6	
550.55	7993.2	
550.75	7871.7	
550.94	8563.9	
551.14	6095.4	
551.33	6434	
551.53	7251.2	
551.72	8144.1	
551.92	6528.9	
552.11	6252.4	
552.31	8174.1	
552.5	8207.6	
552.69	7666.2	
552.89	5941.2	
553.08	8135.2	
553.28	7952.9	
553.47	6259.3	
553.67	7189.1	
553.86	8727.1	
554.06	7234.1	
554.25	5559.6	
554.44	6111.1	
554.64	9320.3	
554.83	8877.9	
555.03	5954.1	
555.22	6321.4	
555.42	8350.3	
555.61	8026.7	
555.8	6292	
556	6419	
556.19	7310.6	
556.39	8456.7	
556.58	6191	
556.78	6281.1	
556.97	7983	
557.16	7649.2	
557.36	7285.3	
557.55	5939.8	
557.75	7083.2	
557.94	8621.9	
558.13	6023.8	
558.33	5716.6	
558.52	8382.3	
558.72	7361.8	
558.91	5974.6	
559.1	6114.6	
559.3	7225.9	
559.49	6968.6	
559.69	5536.3	
559.88	6405.4	
560.07	7970.7	
560.27	8252.6	
560.46	6498.2	
560.66	6692.1	
560.85	7815.7	
561.04	7017	
561.24	5963.7	
561.43	6071.5	
561.63	7258.7	
561.82	7522.2	
562.01	7079.8	
562.21	6317.3	
562.4	7914	
562.59	8645.8	
562.79	6189	
562.98	5885.2	
563.18	7793.2	
563.37	8986.5	
563.56	6565.8	
563.76	5801.2	
563.95	7320.1	
564.14	7275.8	
564.34	6150.7	
564.53	5933	
564.73	7744.1	
564.92	8047.8	
565.11	6261.3	
565.31	5760.3	
565.5	8260.8	
565.69	7351.5	
565.89	5968.5	
566.08	6109.8	
566.27	8116.8	
566.47	8474.5	
566.66	6698.9	
566.85	5588.2	
567.05	7835.5	
567.24	7311.2	
567.44	5823.7	
567.63	6935.1	
567.82	8036.9	
568.02	7727.7	
568.21	5791.7	
568.4	6159.6	
568.6	7617.1	
568.79	7591.8	
568.98	5653.1	
569.18	5815.5	
569.37	7560.4	
569.56	9341.5	
569.76	6183.5	
569.95	6903	
570.14	7944.1	
570.34	7850.5	
570.53	5788.9	
570.72	5718.6	
570.91	8411	
571.11	7572.7	
571.3	6135.7	
571.49	6966.5	
571.69	7668.3	
571.88	7160.4	
572.07	6576	
572.27	6589	
572.46	7266.2	
572.65	8134.5	
572.85	5990.3	
573.04	6238.1	
573.23	8360.5	
573.43	7706.5	
573.62	5695.4	
573.81	6307.7	
574	7796.6	
574.2	7580.2	
574.39	6055.2	
574.58	6161.7	
574.78	8429.4	
574.97	7846.5	
575.16	6505	
575.36	6612.9	
575.55	8191.9	
575.74	8289.5	
575.93	5730.2	
576.13	6628.6	
576.32	7654.6	
576.51	8159.1	
576.71	6121.4	
576.9	7224.6	
577.09	8395.3	
577.28	7876.5	
577.48	6451.1	
577.67	5621	
577.86	7589.1	
578.05	7879.2	
578.25	6195.1	
578.44	6309.1	
578.63	7747.5	
578.83	8774.9	
579.02	5757.5	
579.21	7031.4	
579.4	7902.4	
579.6	7615	
579.79	6385.6	
579.98	8190.5	
580.17	8303.1	
580.37	8292.2	
580.56	5875.6	
580.75	6524.1	
580.94	8630.1	
581.14	8558.5	
581.33	6889.4	
581.52	6058.6	
581.71	8008.9	
581.91	8653.4	
582.1	5692	
582.29	6176.7	
582.48	7767.9	
582.68	7671	
582.87	6585.6	
583.06	6345.3	
583.25	8109.3	
583.45	7503.8	
583.64	6827.2	
583.83	7482.6	
584.02	7682.6	
584.21	8062.9	
584.41	6831.3	
584.6	6239.5	
584.79	7827.3	
584.98	8290.2	
585.18	5806	
585.37	5775.3	
585.56	7426.6	
585.75	8043.1	
585.94	6038.1	
586.14	6625.2	
586.33	8572.1	
586.52	7731.1	
586.71	6452.5	
586.91	6176	
587.1	7259.4	
587.29	8142.7	
587.48	6249	
587.67	6062	
587.87	7976.8	
588.06	8023.3	
588.25	7187	
588.44	6609.5	
588.63	7706.5	
588.83	8221.9	
589.02	6212.9	
589.21	6041.5	
589.4	7714	
589.59	7493.5	
589.78	5485.1	
589.98	5711.8	
590.17	7163.1	
590.36	7684	
590.55	5223	
590.74	5900.9	
590.94	8795.3	
591.13	7628	
591.32	5758.2	
591.51	5378.6	
591.7	7968.6	
591.89	7544.7	
592.09	5459.9	
592.28	5833.3	
592.47	6913.9	
592.66	8473.8	
592.85	5414.8	
593.05	5649	
593.24	7372	
593.43	8052.6	
593.62	5694.7	
593.81	6072.2	
594	7460.8	
594.19	7579.5	
594.39	5608.7	
594.58	5466	
594.77	7649.2	
594.96	8155.7	
595.15	5496.7	
595.34	6125.5	
595.54	7634.8	
595.73	6981.5	
595.92	4996.4	
596.11	6022.4	
596.3	8093.6	
596.49	7019.8	
596.68	5791.7	
596.88	6122.1	
597.07	7800.7	
597.26	6814.3	
597.45	5415.5	
597.64	6371.9	
597.83	7049.8	
598.02	7633.5	
598.22	5449.6	
598.41	5959.6	
598.6	7404.8	
598.79	6975.4	
598.98	5456.5	
599.17	6196.5	
599.36	7438.9	
599.55	8486.1	
599.74	7193.8	
599.94	6950.8	
600.13	7906.5	
600.32	6881.2	
600.51	5282.4	
600.7	5270.8	
600.89	8389.2	
601.08	8471.8	
601.27	5158.2	
601.47	5984.2	
601.66	7789.8	
601.85	8315.4	
602.04	5746.6	
602.23	5856.5	
602.42	6982.9	
602.61	7509.2	
602.8	5668.1	
602.99	5445.5	
603.18	7296.2	
603.37	7422.5	
603.57	5971.9	
603.76	6499.6	
603.95	8084	
604.14	7699.7	
604.33	5557.5	
604.52	5717.2	
604.71	7415	
604.9	7091.4	
605.09	6472.3	
605.28	6146	
605.47	7910.6	
605.66	7555.6	
605.86	5884.5	
606.05	5547.3	
606.24	7919.5	
606.43	6722.8	
606.62	5831.2	
606.81	6490	
607	7761.8	
607.19	7140.6	
607.38	5287.9	
607.57	5510.4	
607.76	6989.7	
607.95	6499.6	
608.14	5894.7	
608.33	6258.6	
608.52	6940.6	
608.72	7729.7	
608.91	5223	
609.1	5124.7	
609.29	7119.4	
609.48	6632.7	
609.67	5958.9	
609.86	5212.1	
610.05	6769.9	
610.24	7024.5	
610.43	5066.7	
610.62	4779.3	
610.81	8002.8	
611	7774.8	
611.19	5143.8	
611.38	5771.2	
611.57	7329.7	
611.76	8456.1	
611.95	4981.3	
612.14	4956.1	
612.33	7123.5	
612.52	6655.2	
612.71	5446.2	
612.9	4795.7	
613.09	6438.1	
613.28	8426	
613.47	5339.1	
613.66	6016.9	
613.85	7232.1	
614.04	6798.6	
614.24	5281.7	
614.43	4593.6	
614.62	7342	
614.81	7268.2	
615	5791	
615.19	5820.3	
615.38	6668.2	
615.57	6993.1	
615.76	5650.3	
615.95	6479.1	
616.14	7324.9	
616.33	7045.7	
616.52	5999.9	
616.71	6036	
616.9	7277.8	
617.09	7180.9	
617.28	5380.7	
617.47	6371.2	
617.66	6614.9	
617.85	6580.8	
618.04	6134.3	
618.22	5651.7	
618.41	6837.5	
618.6	7608.2	
618.79	5569.8	
618.98	5266	
619.17	7828	
619.36	6435.4	
619.55	5431.2	
619.74	5572.5	
619.93	7222.5	
620.12	6715.3	
620.31	5970.5	
620.5	6032	
620.69	7673.7	
620.88	7991.2	
621.07	6694.1	
621.26	5898.1	
621.45	7423.9	
621.64	7385.7	
621.83	5917.9	
622.02	5281	
622.21	7384.3	
622.4	7141.9	
622.59	6380.1	
622.78	6173.3	
622.97	6849.8	
623.16	7672.4	
623.35	5868.1	
623.54	5126.7	
623.72	7049.8	
623.91	7222.5	
624.1	6113.2	
624.29	5040.1	
624.48	8177.5	
624.67	7460.8	
624.86	6009.4	
625.05	5228.5	
625.24	8187.1	
625.43	6881.9	
625.62	7419.8	
625.81	5414.1	
626	7565.2	
626.19	6984.9	
626.38	6100.9	
626.56	5566.4	
626.75	6941.9	
626.94	7582.3	
627.13	6077	
627.32	4962.2	
627.51	7555	
627.7	8557.1	
627.89	5139	
628.08	6092.7	
628.27	6876.4	
628.46	7039.6	
628.65	5386.8	
628.83	5089.9	
629.02	7471.7	
629.21	6892.1	
629.4	5764.3	
629.59	5839.4	
629.78	6852.5	
629.97	7679.9	
630.16	5963	
630.35	5516.5	
630.54	8070.4	
630.72	7844.4	
630.91	5427.1	
631.1	5982.8	
631.29	7253.9	
631.48	7344.7	
631.67	5993	
631.86	5569.1	
632.05	6912.6	
632.24	7092.8	
632.42	5270.1	
632.61	5785.5	
632.8	7145.4	
632.99	6737.8	
633.18	5847	
633.37	6148.7	
633.56	7305.1	
633.75	7163.8	
633.93	5847	
634.12	5510.4	
634.31	8010.3	
634.5	7627.3	
634.69	5496.1	
634.88	6016.2	
635.07	7157	
635.25	7669	
635.44	6339.8	
635.63	6443.6	
635.82	7066.9	
636.01	6537.8	
636.2	6388.3	
636.39	5915.9	
636.57	7988.4	
636.76	7595.9	
636.95	5429.8	
637.14	6534.4	
637.33	7421.2	
637.52	8163.2	
637.7	5259.2	
637.89	6056.5	
638.08	7051.8	
638.27	8283.4	
638.46	6075	
638.65	6376	
638.83	8193.2	
639.02	6870.9	
639.21	5967.8	
639.4	6475.7	
639.59	7223.9	
639.78	6924.9	
639.96	5403.9	
640.15	5447.6	
640.34	7160.4	
640.53	7244.3	
640.72	5180.7	
640.91	5455.8	
641.09	6630	
641.28	7817.1	
641.47	5472.9	
641.66	6170.5	
641.85	7258.7	
642.03	7425.3	
642.22	5934.3	
642.41	5550	
642.6	6751.5	
642.79	6288.6	
642.97	5359.5	
643.16	5943.2	
643.35	6815.6	
643.54	6537.1	
643.73	5300.1	
643.91	5943.9	
644.1	6495.5	
644.29	7018.4	
644.48	5401.2	
644.67	5467.4	
644.85	6683.9	
645.04	6971.3	
645.23	5080.3	
645.42	5416.2	
645.6	6645	
645.79	7645.8	
645.98	5322	
646.17	4487.8	
646.36	6496.8	
646.54	6965.8	
646.73	6090	
646.92	5059.2	
647.11	6597.9	
647.29	7488.1	
647.48	5083.1	
647.67	4891.2	
647.86	7677.8	
648.05	7630	
648.23	5374.6	
648.42	6416.3	
648.61	7170.6	
648.8	6926.9	
648.98	5008	
649.17	5294	
649.36	6593.1	
649.55	6189	
649.73	5052.3	
649.92	5644.2	
650.11	6470.9	
650.3	6727.6	
650.48	5137.7	
650.67	4963.6	
650.86	7020.4	
651.05	6037.4	
651.23	5129.5	
651.42	5073.5	
651.61	6531.7	
651.79	6581.5	
651.98	5255.8	
652.17	5008	
652.36	6865.5	
652.54	6077.7	
652.73	5063.9	
652.92	4911	
653.11	6865.5	
653.29	7089.4	
653.48	4402.5	
653.67	5240.1	
653.85	6698.9	
654.04	7648.5	
654.23	5417.6	
654.42	5111	
654.6	6399.9	
654.79	6898.9	
654.98	4705.5	
655.16	5210	
655.35	6002.6	
655.54	5899.5	
655.73	4726	
655.91	4588.8	
656.1	6913.3	
656.29	5868.8	
656.47	4344.4	
656.66	5788.2	
656.85	6127.5	
657.03	6185.5	
657.22	4749.2	
657.41	4821.6	
657.59	6246.3	
657.78	6124.8	
657.97	4516.5	
658.16	5107	
658.34	6797.2	
658.53	7208.2	
658.72	5853.8	
658.9	6324.8	
659.09	6420.4	
659.28	6429.3	
659.46	4900.1	
659.65	4806.6	
659.84	6191	
660.02	6627.2	
660.21	4762.2	
660.4	4669.4	
660.58	7004.7	
660.77	6443.6	
660.96	5264	
661.14	4472.1	
661.33	7399.3	
661.52	7331	
661.7	4418.8	
661.89	7414.3	
662.08	6096.1	
662.26	5726.8	
662.45	4669.4	
662.64	4749.2	
662.82	6712.6	
663.01	6000.5	
663.2	4740.4	
663.38	5382.7	
663.57	6641.6	
663.75	6436.8	
663.94	4958.1	
664.13	6118	
664.31	6117.3	
664.5	6712.6	
664.69	5345.9	
664.87	5678.3	
665.06	5874.9	
665.25	6472.9	
665.43	5892	
665.62	5928.9	
665.8	6826.6	
665.99	6180.1	
666.18	4937	
666.36	5087.2	
666.55	6777.4	
666.74	6649.1	
666.92	4664.6	
667.11	6118.6	
667.29	6233.3	
667.48	6780.1	
667.67	5767.8	
667.85	4868	
668.04	6167.8	
668.22	6189.6	
668.41	5070.1	
668.6	5226.4	
668.78	6018.3	
668.97	6308.4	
669.15	5350	
669.34	4461.2	
669.53	6048.3	
669.71	6393.8	
669.9	4595	
670.08	5224.4	
670.27	6020.3	
670.46	6548.7	
670.64	5353.4	
670.83	5599.1	
671.01	5922	
671.2	6460.7	
671.38	4695.3	
671.57	4680.3	
671.76	7090.8	
671.94	7418.4	
672.13	4559.5	
672.31	5438	
672.5	6698.2	
672.69	6058.6	
672.87	4694.6	
673.06	4937	
673.24	6535.8	
673.43	6105.7	
673.61	5269.4	
673.8	4860.5	
673.98	6571.9	
674.17	6808.1	
674.36	5459.9	
674.54	5334.3	
674.73	6333	
674.91	6713.9	
675.1	5014.8	
675.28	4704.9	
675.47	6243.6	
675.65	6722.1	
675.84	4913.1	
676.03	5248.9	
676.21	6058.6	
676.4	5641.5	
676.58	5565.7	
676.77	5447.6	
676.95	7313.3	
677.14	6050.4	
677.32	4600.4	
677.51	4542.4	
677.69	6690	
677.88	5795.1	
678.06	4588.1	
678.25	4627	
678.44	6264.1	
678.62	6038.8	
678.81	4459.8	
678.99	5214.1	
679.18	6901.7	
679.36	6569.2	
679.55	4872.1	
679.73	5373.9	
679.92	6609.5	
680.1	6092	
680.29	5930.9	
680.47	4917.9	
680.66	6055.2	
680.84	6803.4	
681.03	4330.8	
681.21	5279	
681.4	6067.4	
681.58	5917.9	
681.77	4703.5	
681.95	4595	
682.14	6823.8	
682.32	7034.8	
682.51	5401.2	
682.69	4444.8	
682.88	5979.4	
683.06	6537.1	
683.25	5203.2	
683.43	5601.2	
683.62	6351.4	
683.8	6655.9	
683.99	5654.4	
684.17	5036.6	
684.36	7295.5	
684.54	6233.3	
684.73	4427.7	
684.91	4628.4	
685.1	6479.1	
685.28	5994.4	
685.46	5152.7	
685.65	5176.6	
685.83	6720.1	
686.02	6194.4	
686.2	4586.8	
686.39	4838.7	
686.57	5828.5	
686.76	7088	
686.94	4684.4	
687.13	4806.6	
687.31	6606.1	
687.5	6152.8	
687.68	4346.5	
687.86	5336.3	
688.05	7630	
688.23	5686.5	
688.42	5401.2	
688.6	4734.9	
688.79	6024.4	
688.97	5988.3	
689.16	5054.4	
689.34	4152.6	
689.52	6716.7	
689.71	6854.6	
689.89	5345.2	
690.08	4709	
690.26	6313.2	
690.45	6197.8	
690.63	5453.1	
690.81	4868.7	
691	6085.9	
691.18	5986.2	
691.37	4971.8	
691.55	6796.5	
691.74	5977.3	
691.92	7657.4	
692.1	4966.3	
692.29	4479.6	
692.47	6178	
692.66	5621	
692.84	4666.6	
693.02	5087.2	
693.21	5662	
693.39	6147.3	
693.58	5190.2	
693.76	4641.4	
693.94	7056.6	
694.13	6896.9	
694.31	4689.2	
694.5	5557.5	
694.68	5935	
694.86	6200.6	
695.05	4916.5	
695.23	5030.5	
695.42	6527.6	
695.6	8447.2	
695.78	5496.7	
695.97	4687.8	
696.15	6563.1	
696.34	6057.9	
696.52	4644.8	
696.7	5274.2	
696.89	6340.5	
697.07	5874.9	
697.25	5188.2	
697.44	6479.8	
697.62	6283.2	
697.81	6623.1	
697.99	4945.2	
698.17	5267.4	
698.36	5781.4	
698.54	6477.7	
698.72	5130.2	
698.91	4380.6	
699.09	5997.8	
699.28	5878.4	
699.46	4934.9	
699.64	4724.7	
699.83	5786.9	
700.01	6901.7	
700.19	5416.2	
700.38	4183.3	
700.56	6847.7	
700.74	5902.9	
700.93	4455.7	
701.11	5128.1	
701.29	6407.4	
701.48	7273	
701.66	4721.3	
701.84	4685.8	
702.03	6049.7	
702.21	6550.8	
702.39	4274.8	
702.58	4779.3	
702.76	6409.5	
702.94	6453.8	
703.13	4315.1	
703.31	6378.1	
703.49	5764.3	
703.68	6600.6	
703.86	4351.9	
704.04	5233.2	
704.23	6237.4	
704.41	6509.8	
704.59	4581.3	
704.78	5679	
704.96	7167.9	
705.14	6481.8	
705.33	4363.5	
705.51	5101.5	
705.69	5984.8	
705.87	6692.1	
706.06	5307.7	
706.24	4356	
706.42	6291.4	
706.61	6516.6	
706.79	5289.2	
706.97	4364.9	
707.16	5857.2	
707.34	6339.8	
707.52	5253	
707.7	4561.5	
707.89	5934.3	
708.07	5715.9	
708.25	5227.1	
708.44	5404.6	
708.62	5812.8	
708.8	6818.4	
708.98	5465.3	
709.17	4628.4	
709.35	6208.8	
709.53	6228.6	
709.72	4412	
709.9	4812.7	
710.08	6449.7	
710.26	6474.3	
710.45	5715.2	
710.63	4646.8	
710.81	6104.3	
710.99	6143.2	
711.18	5180.7	
711.36	4777.2	
711.54	6051.7	
711.72	6662	
711.91	4902.2	
712.09	4356	
712.27	6192.4	
712.45	6931	
712.64	5091.9	
712.82	4197	
713	5760.9	
713.18	5878.4	
713.37	4365.6	
713.55	5511.1	
713.73	6694.1	
713.91	5505.6	
714.1	4741	
714.28	4269.3	
714.46	6386.9	
714.64	5731.6	
714.83	3848.1	
715.01	4509.6	
715.19	5902.9	
715.37	5264	
715.55	4258.4	
715.74	4580.6	
715.92	6572.6	
716.1	4816.1	
716.28	5549.3	
716.47	4697.4	
716.65	5545.2	
716.83	5589.6	
717.01	4543.8	
717.19	4639.3	
717.38	7325.6	
717.56	5237.3	
717.74	4736.3	
717.92	4012.7	
718.1	6324.1	
718.29	5590.3	
718.47	3651.5	
718.65	4195.6	
718.83	6186.9	
719.01	6027.9	
719.2	3496.6	
719.38	4486.4	
719.56	5804.6	
719.74	7111.9	
719.92	4148.5	
720.11	5005.2	
720.29	5887.2	
720.47	5173.2	
720.65	3786	
720.83	4483	
721.02	5498.8	
721.2	5309.7	
721.38	4575.8	
721.56	3988.1	
721.74	4924.7	
721.92	5112.4	
722.11	5057.1	
722.29	4774.5	
722.47	6149.4	
722.65	5447.6	
722.83	3965.6	
723.01	4781.3	
723.2	5446.9	
723.38	5778	
723.56	3442	
723.74	4425.7	
723.92	5071.5	
724.1	6102.3	
724.29	3895.9	
724.47	4857.8	
724.65	5166.3	
724.83	5014.8	
725.01	3801.7	
725.19	4524.6	
725.37	5060.5	
725.56	5134.3	
725.74	3693.9	
725.92	3880.9	
726.1	5029.1	
726.28	5324	
726.46	4221.5	
726.64	3960.8	
726.83	5326.8	
727.01	5530.9	
727.19	3653.6	
727.37	4308.9	
727.55	5382.1	
727.73	5821	
727.91	3653.6	
728.09	3572.3	
728.28	5860.6	
728.46	6150.1	
728.64	4427.7	
728.82	4353.3	
729	6707.8	
729.18	6152.8	
729.36	3667.2	
729.54	5695.4	
729.72	6880.5	
729.91	5442.8	
730.09	5324	
730.27	4293.2	
730.45	5341.1	
730.63	5868.8	
730.81	4743.8	
730.99	3888.4	
731.17	6307.7	
731.35	5110.4	
731.53	4341.7	
731.71	4029.7	
731.9	6040.8	
732.08	6224.5	
732.26	4277.5	
732.44	4018.8	
732.62	6284.5	
732.8	5828.5	
732.98	4642.7	
733.16	3784	
733.34	5896.1	
733.52	4802.5	
733.7	4249.5	
733.88	4477.5	
734.07	5727.5	
734.25	5482.4	
734.43	3815.4	
734.61	5108.3	
734.79	6769.9	
734.97	5423.7	
735.15	3941.7	
735.33	4139.6	
735.51	5663.3	
735.69	5438.7	
735.87	5262.6	
736.05	4402.5	
736.23	5459.9	
736.41	5297.4	
736.59	4192.9	
736.77	4343.7	
736.95	5900.9	
737.13	5384.8	
737.32	3953.9	
737.5	4089.8	
737.68	6426.5	
737.86	5391.6	
738.04	3672	
738.22	5374.6	
738.4	5221	
738.58	5504.3	
738.76	4304.1	
738.94	3398.9	
739.12	5335.6	
739.3	5182.7	
739.48	4824.3	
739.66	4579.9	
739.84	5508.4	
740.02	5431.2	
740.2	3568.9	
740.38	3738.2	
740.56	5820.3	
740.74	4880.3	
740.92	4384.7	
741.1	4212	
741.28	5372.5	
741.46	5154.7	
741.64	4024.9	
741.82	4421.6	
742	5408	
742.18	5308.3	
742.36	4164.9	
742.54	3818.1	
742.72	5816.2	
742.9	4764.9	
743.08	4528.1	
743.26	3454.9	
743.44	6044.9	
743.62	5868.1	
743.8	4657.8	
743.98	3842	
744.16	5662	
744.34	5382.1	
744.52	4532.8	
744.7	4493.9	
744.88	5815.5	
745.06	5419.6	
745.24	4572.4	
745.42	4726	
745.6	5906.3	
745.78	5659.2	
745.96	3572.3	
746.14	3866.6	
746.32	6581.5	
746.5	5847.6	
746.68	4331.5	
746.86	3871.3	
747.03	6165.8	
747.21	4829.8	
747.39	4333.5	
747.57	3917.1	
747.75	5530.9	
747.93	5887.2	
748.11	3863.2	
748.29	3849.5	
748.47	6926.2	
748.65	5304.2	
748.83	4472.8	
749.01	4286.4	
749.19	5670.1	
749.37	4935.6	
749.55	4189.5	
749.73	4261.8	
749.91	5438.7	
750.09	5205.9	
750.26	4315.1	
750.44	3792.8	
750.62	5463.3	
750.8	5458.5	
750.98	3637.2	
751.16	3971	
751.34	5550	
751.52	4929.5	
751.7	4631.1	
751.88	3626.3	
752.06	5896.1	
752.24	5724.1	
752.42	3501.3	
752.59	3896.6	
752.77	5417.6	
752.95	6481.8	
753.13	4545.8	
753.31	4008.6	
753.49	5154.1	
753.67	5595.1	
753.85	4343.1	
754.03	3855	
754.21	5797.1	
754.38	6093.4	
754.56	4066.6	
754.74	3262.4	
754.92	5180.7	
755.1	5785.5	
755.28	3366.9	
755.46	3448.1	
755.64	6565.1	
755.82	6703	
755.99	3745.7	
756.17	3887	
756.35	4567.7	
756.53	5896.1	
756.71	2893.8	
756.89	3698.6	
757.07	5572.5	
757.25	4773.1	
757.42	4173.8	
757.6	4856.4	
757.78	5526.1	
757.96	4676.9	
758.14	3829.7	
758.32	3439.2	
758.5	4358.8	
758.67	5068.7	
758.85	3737.5	
759.03	3792.2	
759.21	5220.3	
759.39	4765.6	
759.57	3397.6	
759.75	4303.5	
759.92	5801.9	
760.1	5081.7	
760.28	4644.1	
760.46	4808.6	
760.64	4939	
760.82	4741.7	
760.99	4431.8	
761.17	3764.8	
761.35	5593	
761.53	4693.9	
761.71	3795.6	
761.89	4456.4	
762.06	5476.3	
762.24	5002.5	
762.42	3900.7	
762.6	3674.1	
762.78	4973.2	
762.96	5580.7	
763.13	4177.2	
763.31	3885	
763.49	5674.2	
763.67	4997	
763.85	4669.4	
764.02	5141.8	
764.2	5993.7	
764.38	5208	
764.56	3786.7	
764.74	4571.7	
764.91	5995.8	
765.09	5023	
765.27	3556.6	
765.45	3375.1	
765.63	6100.9	
765.8	5953.4	
765.98	3174.4	
766.16	3420.8	
766.34	4796.3	
766.52	4546.5	
766.69	4290.5	
766.87	3343	
767.05	5075.5	
767.23	5693.4	
767.41	3574.4	
767.58	3850.9	
767.76	5670.1	
767.94	5692	
768.12	3668.6	
768.29	4251.6	
768.47	5116.5	
768.65	5813.5	
768.83	3300.6	
769	4354	
769.18	4797.7	
769.36	5363.6	
769.54	4365.6	
769.72	3437.2	
769.89	5715.9	
770.07	5741.8	
770.25	3751.2	
770.43	4783.4	
770.6	6324.8	
770.78	6692.8	
770.96	3868.6	
771.14	4420.2	
771.31	5578.7	
771.49	5008.6	
771.67	3201	
771.85	3386.7	
772.02	4373.1	
772.2	4966.3	
772.38	4003.1	
772.55	3577.8	
772.73	5326.8	
772.91	5124	
773.09	3939.6	
773.26	4011.3	
773.44	5236	
773.62	4992.9	
773.8	3530.7	
773.97	3274	
774.15	5334.3	
774.33	5027.1	
774.5	3420.8	
774.68	3723.9	
774.86	5520.6	
775.04	5012.1	
775.21	3545.7	
775.39	3454.2	
775.57	5274.2	
775.74	5596.4	
775.92	3324.5	
776.1	3203	
776.27	5227.1	
776.45	6285.2	
776.63	3474.7	
776.81	3092.4	
776.98	4924	
777.16	5874.3	
777.34	3643.3	
777.51	3931.4	
777.69	4990.2	
777.87	4775.9	
778.04	3663.8	
778.22	4184.7	
778.4	4741.7	
778.57	5392.3	
778.75	3071.3	
778.93	3343	
779.1	4685.8	
779.28	4486.4	
779.46	3100.6	
779.64	3510.2	
779.81	5537	
779.99	6267.5	
780.17	4160.8	
780.34	4316.4	
780.52	5088.5	
780.69	5174.5	
780.87	3700.7	
781.05	3469.3	
781.22	5079.6	
781.4	5182.7	
781.58	3542.3	
781.75	2835.1	
781.93	5120.6	
782.11	4611.3	
782.28	4306.9	
782.46	3510.2	
782.64	4479.6	
782.81	5221.6	
782.99	3641.3	
783.17	3569.6	
783.34	5243.5	
783.52	4595.6	
783.69	3728.7	
783.87	4522.6	
784.05	4682.3	
784.22	4583.4	
784.4	4447.5	
784.58	3893.9	
784.75	5484.5	
784.93	4693.3	
785.1	3552.5	
785.28	4070	
785.46	5232.6	
785.63	4591.5	
785.81	3514.3	
785.99	3377.8	
786.16	4776.5	
786.34	5053	
786.51	3426.3	
786.69	3768.9	
786.87	4416.1	
787.04	4900.1	
787.22	3321.8	
787.39	4136.9	
787.57	4588.8	
787.75	5558.9	
787.92	4321.9	
788.1	4248.9	
788.27	4641.4	
788.45	4388.8	
788.63	4048.8	
788.8	2894.5	
788.98	5181.4	
789.15	4329.4	
789.33	2954.5	
789.5	3564.8	
789.68	5455.1	
789.86	5511.1	
790.03	3953.3	
790.21	3431.7	
790.38	5464	
790.56	4740.4	
790.73	3349.1	
790.91	3374.4	
791.09	4687.1	
791.26	5280.3	
791.44	3534.8	
791.61	3087.7	
791.79	4616.1	
791.96	4704.2	
792.14	3156.6	
792.32	2817.3	
792.49	4646.2	
792.67	4754	
792.84	3289.7	
793.02	3109.5	
793.19	5048.2	
793.37	5655.8	
793.54	2793.4	
793.72	3183.9	
793.89	5699.5	
794.07	4654.4	
794.25	3607.8	
794.42	2887	
794.6	5605.3	
794.77	5245.5	
794.95	3949.8	
795.12	3446.7	
795.3	4696.7	
795.47	5188.9	
795.65	3757.3	
795.82	3631.7	
796	4517.1	
796.17	6165.1	
796.35	3529.3	
796.52	4197.7	
796.7	5158.2	
796.87	5200.5	
797.05	3502	
797.22	4218.1	
797.4	5182	
797.57	6128.2	
797.75	3682.2	
797.92	3439.9	
798.1	5514.5	
798.27	4595.6	
798.45	2961.4	
798.62	3184.6	
798.8	4927.4	
798.97	5386.2	
799.15	3893.2	
799.32	3683.6	
799.5	4256.4	
799.67	4995	
799.85	4018.8	
800.02	2884.9	
800.2	4603.2	
800.37	4886.5	
800.55	4055.7	
800.72	3410.6	
800.9	5311.1	
801.07	5702.2	
801.25	4633.2	
801.42	3755.3	
801.6	5361.6	
801.77	5094.7	
801.95	3492.5	
802.12	3325.9	
802.29	5105.6	
802.47	5057.1	
802.64	3698.6	
802.82	2867.8	
802.99	4610.7	
803.17	5461.9	
803.34	3617.4	
803.52	3340.9	
803.69	6070.9	
803.87	4422.2	
804.04	3651.5	
804.21	3710.2	
804.39	5599.8	
804.56	4820.9	
804.74	3114.3	
804.91	3745.7	
805.09	4606.6	
805.26	4801.1	
805.44	3140.2	
805.61	3448.8	
805.78	5209.3	
805.96	5249.6	
806.13	3719.1	
806.31	4019.5	
806.48	4253.6	
806.66	4775.2	
806.83	3707.5	
807	3657.7	
807.18	4646.8	
807.35	4934.2	
807.53	3627	
807.7	2972.3	
807.87	5634.6	
808.05	4724.7	
808.22	3980.6	
808.4	2979.8	
808.57	4678.9	
808.74	4355.3	
808.92	3430.3	
809.09	4276.8	
809.27	4634.6	
809.44	5099.4	
809.61	3020.8	
809.79	3325.9	
809.96	5705.6	
810.14	5320.6	
810.31	2935.4	
810.48	3609.9	
810.66	4793.6	
810.83	5429.2	
811.01	3397.6	
811.18	3777.8	
811.35	5341.8	
811.53	4193.6	
811.7	4092.5	
811.87	3763.5	
812.05	4726	
812.22	4676.2	
812.39	3304.1	
812.57	3168.9	
812.74	4717.2	
812.92	6141.9	
813.09	3523.9	
813.26	3803.8	
813.44	5966.4	
813.61	4606.6	
813.78	2953.2	
813.96	3933.5	
814.13	4779.3	
814.3	4412	
814.48	4222.2	
814.65	3576.4	
814.82	5909.1	
815	4485.7	
815.17	3614	
815.34	4357.4	
815.52	4622.9	
815.69	4633.9	
815.87	3591.5	
816.04	3531.4	
816.21	4685.1	
816.38	4194.2	
816.56	3474.7	
816.73	3231	
816.9	5855.1	
817.08	5357.5	
817.25	3312.9	
817.42	4051.6	
817.6	4344.4	
817.77	4686.4	
817.94	3700	
818.12	3289.7	
818.29	4436.6	
818.46	6728.3	
818.64	3475.4	
818.81	3172.3	
818.98	4398.4	
819.16	6219	
819.33	3852.9	
819.5	3654.9	
819.67	4980.7	
819.85	5554.1	
820.02	3562.8	
820.19	3713	
820.37	4911.7	
820.54	4565.6	
820.71	3692.5	
820.88	4520.5	
821.06	4904.2	
821.23	4488.5	
821.4	3739.6	
821.58	3637.2	
821.75	5319.3	
821.92	4803.2	
822.09	3009.8	
822.27	3135.4	
822.44	4767	
822.61	4588.8	
822.79	3009.1	
822.96	5654.4	
823.13	5119.9	
823.3	4464.6	
823.48	3467.2	
823.65	3173.7	
823.82	5256.5	
823.99	4330.1	
824.17	4339.6	
824.34	3173.7	
824.51	6047.7	
824.68	4785.4	
824.86	3290.4	
825.03	3689.8	
825.2	4728.1	
825.37	5603.9	
825.55	3339.6	
825.72	3637.2	
825.89	6140.5	
826.06	5709.7	
826.24	3525.9	
826.41	3589.4	
826.58	5623	
826.75	4965.6	
826.92	2911.5	
827.1	3163.4	
827.27	7606.2	
827.44	6088.6	
827.61	3351.8	
827.79	4071.4	
827.96	4473.4	
828.13	4720.6	
828.3	3573.7	
828.47	3021.4	
828.65	4932.2	
828.82	4917.9	
828.99	4424.3	
829.16	3920.5	
829.34	5231.9	
829.51	5012.7	
829.68	3633.8	
829.85	3760.1	
830.02	5517.2	
830.2	5292	
830.37	2833.7	
830.54	4338.3	
830.71	5980.1	
830.88	4732.9	
831.05	2891.7	
831.23	3295.2	
831.4	5749.3	
831.57	6324.8	
831.74	3377.8	
831.91	2980.5	
832.09	4997.7	
832.26	5271.5	
832.43	3448.8	
832.6	3913.7	
832.77	4960.2	
832.94	5595.1	
833.12	2766.8	
833.29	3467.9	
833.46	5031.2	
833.63	6470.2	
833.8	3774.4	
833.97	3499.3	
834.15	5321.3	
834.32	5113.1	
834.49	3599.6	
834.66	3662.5	
834.83	5488.6	
835	4492.6	
835.17	3334.8	
835.35	3352.5	
835.52	5184.1	
835.69	5094	
835.86	3593.5	
836.03	2938.8	
836.2	5256.5	
836.37	4906.3	
836.55	3490.4	
836.72	3261	
836.89	4906.9	
837.06	5292.6	
837.23	3528	
837.4	3871.3	
837.57	6021	
837.75	6470.2	
837.92	3166.8	
838.09	3376.4	
838.26	4888.5	
838.43	5498.1	
838.6	3627	
838.77	3279.5	
838.94	6245.6	
839.11	6019	
839.29	3439.2	
839.46	2750.4	
839.63	5279.7	
839.8	5031.9	
839.97	3355.9	
840.14	3347.7	
840.31	5130.2	
840.48	5304.9	
840.65	2824.1	
840.82	3302.7	
841	5238	
841.17	5255.1	
841.34	3130.7	
841.51	3163.4	
841.68	5193.6	
841.85	4987.5	
842.02	3234.4	
842.19	2751.1	
842.36	5020.3	
842.53	5070.8	
842.7	3116.3	
842.87	3769.6	
843.05	6448.4	
843.22	4968.4	
843.39	2998.9	
843.56	3186	
843.73	4786.1	
843.9	5357.5	
844.07	4995.7	
844.24	4138.9	
844.41	7380.2	
844.58	4590.9	
844.75	2994.1	
844.92	3306.8	
845.09	5240.8	
845.26	5260.5	
845.43	3121.8	
845.6	3315	
845.77	5304.2	
845.94	5057.8	
846.12	3411.9	
846.29	3641.3	
846.46	5450.3	
846.63	5248.3	
846.8	3098.6	
846.97	3717.1	
847.14	5612.1	
847.31	5173.9	
847.48	3493.8	
847.65	3828.3	
847.82	5506.3	
847.99	5423	
848.16	4137.6	
848.33	3773	
848.5	4822.3	
848.67	5563	
848.84	3046.7	
849.01	3217.4	
849.18	4771.8	
849.35	4442.7	
849.52	3871.3	
849.69	3018.7	
849.86	5423	
850.03	5600.5	
850.2	3140.9	
850.37	3797.6	
850.54	5500.8	
850.71	4979.3	
850.88	3688.4	
851.05	3058.3	
851.22	5168.4	
851.39	5685.2	
851.56	2947.7	
851.73	3549.8	
851.9	4653.7	
852.07	5449.6	
852.24	3459.7	
852.41	3063.1	
852.58	5145.9	
852.75	4686.4	
852.92	3469.3	
853.09	3104.7	
853.26	4881.7	
853.43	5593.7	
853.6	3141.6	
853.77	2670.6	
853.94	5739.1	
854.11	5178.6	
854.28	4534.9	
854.44	3377.1	
854.61	6031.3	
854.78	5456.5	
854.95	3097.2	
855.12	3835.2	
855.29	4304.1	
855.46	5832.6	
855.63	3122.5	
855.8	4222.2	
855.97	4814.8	
856.14	5525.4	
856.31	4326.7	
856.48	3336.8	
856.65	4872.1	
856.82	4615.4	
856.99	2966.1	
857.16	3405.1	
857.33	6184.9	
857.49	4946.5	
857.66	3313.6	
857.83	3553.9	
858	4904.2	
858.17	5099.4	
858.34	2973.7	
858.51	3082.9	
858.68	5786.2	
858.85	5851.7	
859.02	3579.8	
859.19	3758.7	
859.36	4698	
859.52	4716.5	
859.69	3134.8	
859.86	3615.3	
860.03	4736.3	
860.2	5737.7	
860.37	2859.6	
860.54	3104.7	
860.71	5387.5	
860.88	5797.1	
861.05	3521.1	
861.21	3919.8	
861.38	5763	
861.55	4522.6	
861.72	2852.8	
861.89	3497.2	
862.06	5535	
862.23	5892	
862.4	3002.3	
862.56	3238.5	
862.73	5312.4	
862.9	5048.2	
863.07	3558	
863.24	2834.4	
863.41	4560.8	
863.58	4638.6	
863.75	3179.8	
863.91	3568.2	
864.08	5710.4	
864.25	5393.7	
864.42	3799.7	
864.59	4300.1	
864.76	6010.1	
864.93	4671.4	
865.09	3038.5	
865.26	3293.1	
865.43	5592.3	
865.6	5918.6	
865.77	2693.8	
865.94	3056.9	
866.1	5644.2	
866.27	5359.5	
866.44	4588.1	
866.61	2941.6	
866.78	5012.7	
866.95	5345.9	
867.11	3020.1	
867.28	2803.7	
867.45	5503.6	
867.62	4672.1	
867.79	3557.3	
867.96	3094.5	
868.12	4630.5	
868.29	5441.5	
868.46	2726.5	
868.63	4104.8	
868.8	5547.3	
868.97	5389.6	
869.13	3192.8	
869.3	3211.2	
869.47	5284.4	
869.64	5496.1	
869.81	3083.6	
869.97	3116.3	
870.14	5226.4	
870.31	5804.6	
870.48	3033.7	
870.65	3898	
870.81	4956.8	
870.98	4982	
871.15	3547.8	
871.32	3280.8	
871.48	5289.2	
871.65	5787.6	
871.82	3057.6	
871.99	3377.8	
872.16	6212.2	
872.32	5617.6	
872.49	3137.5	
872.66	3160.7	
872.83	5464.7	
872.99	4863.2	
873.16	3534.1	
873.33	3072	
873.5	5124.7	
873.67	5113.1	
873.83	3238.5	
874	4090.5	
874.17	5187.5	
874.34	6061.3	
874.5	3942.3	
874.67	3802.4	
874.84	5702.9	
875.01	4547.2	
875.17	4293.9	
875.34	3096.5	
875.51	5228.5	
875.68	6164.4	
875.84	3665.9	
876.01	4513	
876.18	5432.6	
876.34	5359.5	
876.51	3083.6	
876.68	3072	
876.85	4942.4	
877.01	5693.4	
877.18	4384	
877.35	3089.7	
877.52	5104.9	
877.68	4544.4	
877.85	3051.5	
878.02	3019.4	
878.18	4989.5	
878.35	4816.1	
878.52	2483.5	
878.69	3446.7	
878.85	5469.4	
879.02	5324	
879.19	4376.5	
879.35	3358.7	
879.52	5427.8	
879.69	5566.4	
879.86	2668.5	
880.02	3439.2	
880.19	5038	
880.36	6080.4	
880.52	3550.5	
880.69	3640.6	
880.86	5493.3	
881.02	5545.2	
881.19	3424.2	
881.36	3333.4	
881.52	5349.3	
881.69	4735.6	
881.86	3288.4	
882.02	3281.5	
882.19	5625.1	
882.36	6452.5	
882.52	3242.6	
882.69	4302.1	
882.86	5176.6	
883.02	5138.4	
883.19	3753.9	
883.36	3522.5	
883.52	5464	
883.69	6143.9	
883.86	3093.1	
884.02	2795.5	
884.19	5426.4	
884.36	5044.1	
884.52	3507.5	
884.69	3313.6	
884.86	4843.4	
885.02	5920	
885.19	3447.4	
885.36	3568.9	
885.52	5003.2	
885.69	5187.5	
885.86	4422.9	
886.02	4007.9	
886.19	5461.2	
886.35	4956.1	
886.52	3438.5	
886.69	4315.1	
886.85	4691.9	
887.02	5750	
887.19	5750	
887.35	5750	
887.52	5750	
887.68	5750	
887.85	5750	
888.02	5750	
888.18	5750	
888.35	5750	
888.51	5750	
888.68	5750	
888.85	5750	
889.01	5750	
889.18	5750	
889.35	5750	
889.51	5750	
889.68	5750	
889.84	5750	
890.01	5750	
890.17	5750	
890.34	5750	
890.51	5750	
890.67	5750	
890.84	5750	
891	5750	
891.17	5750	
891.34	5750	
891.5	5750	
891.67	5750	
891.83	5750	
892	5750	
892.16	5750	
892.33	5750	
892.5	5750	
892.66	5750	
892.83	5750	
892.99	5750	
893.16	5750	
893.32	5750	
893.49	5750	
893.65	5750	
893.82	5750	
893.99	5750	
894.15	5750	
894.32	5750	
894.48	5750	
894.65	5750	
894.81	5750	
894.98	5750	
895.14	5750	
895.31	5750	
895.47	5750	
895.64	5750	
895.81	5750	
895.97	5750	
896.14	5750	
896.3	5750	
896.47	5750	
896.63	5750	
896.8	5750	
896.96	5750	
897.13	5750	
897.29	5750	
897.46	5750	
897.62	5750	
897.79	5750	
897.95	5750	
898.12	5750	
898.28	5750	
898.45	5750	
898.61	5750	
898.78	5750	
898.94	5750	
899.11	5750	
899.27	5750	
899.44	5750	
899.6	5750	
899.77	5750	
899.93	5750	
900.1	5750	
900.26	5750	
900.43	5750	
900.59	5750	
900.76	5750	
900.92	5750	
901.09	5750	
901.25	5750	
901.42	5750	
901.58	5750	
901.75	5750	
901.91	5750	
902.07	5750	
902.24	5750	
902.4	5750	
902.57	5750	
902.73	5750	
902.9	5750	
903.06	5750	
903.23	5750	
903.39	5750	
903.56	5750	
903.72	5750	
903.88	5750	
904.05	5750	
904.21	5750	
904.38	5750	
904.54	5750	
904.71	5750	
904.87	5750	
905.03	5750	
905.2	5750	
905.36	5750	
905.53	5750	
905.69	5750	
905.86	5750	
906.02	5750	
906.18	5750	
906.35	5750	
906.51	5750	
906.68	5750	
906.84	5750	
907.01	5750	
907.17	5750	
907.33	5750	
907.5	5750	
907.66	5750	
907.83	5750	
907.99	5750	
908.15	5750	
908.32	5750	
908.48	5750	
908.65	5750	
908.81	5750	
908.97	5750	
909.14	5750	
909.3	5750	
909.47	5750	
909.63	5750	
909.79	5750	
909.96	5750	
910.12	5750	
910.28	5750	
910.45	5750	
910.61	5750	
910.78	5750	
910.94	5750	
911.1	5750	
911.27	5750	
911.43	5750	
911.59	5750	
911.76	5750	
911.92	5750	
912.08	5750	
912.25	5750	
912.41	5750	
912.57	5750	
912.74	5750	
912.9	5750	
913.07	5750	
913.23	5750	
913.39	5750	
913.56	5750	
913.72	5750	
913.88	5750	
914.05	5750	
914.21	5750	
914.37	5750	
914.54	5750	
914.7	5750	
914.86	5750	
915.03	5750	
915.19	5750	
