Wavelength	Intensities	
nm	a.u.	
179.22	1866.4	
179.44	1860.9	
179.65	1871.8	
179.86	1850	
180.08	1910.1	
180.29	4734.2	
180.51	3418.1	
180.72	5526.8	
180.94	6384.2	
181.15	3182.5	
181.37	3057.6	
181.58	5345.2	
181.79	5661.3	
182.01	3274.7	
182.22	3502	
182.44	5623.7	
182.65	4756.1	
182.87	4376.5	
183.08	3855	
183.29	5952.1	
183.51	4904.2	
183.72	3489.7	
183.94	5154.7	
184.15	5249.6	
184.37	5298.1	
184.58	3130.7	
184.79	4223.6	
185.01	4903.5	
185.22	5569.1	
185.44	4520.5	
185.65	3745.7	
185.86	5195	
186.08	4780.6	
186.29	3022.8	
186.51	3255.6	
186.72	4916.5	
186.94	5767.1	
187.15	3788.1	
187.36	3824.2	
187.58	7520.1	
187.79	5378.6	
188.01	4027	
188.22	6320	
188.43	6455.2	
188.65	5575.9	
188.86	3269.2	
189.08	3887	
189.29	5094.7	
189.5	5072.8	
189.72	3635.1	
189.93	3708.2	
190.15	5834.7	
190.36	6937.2	
190.57	3965.6	
190.79	3771	
191	5920	
191.22	5829.2	
191.43	3925.3	
191.64	3198.2	
191.86	6137.1	
192.07	5831.9	
192.29	3413.3	
192.5	3563.5	
192.71	5847.6	
192.93	5023	
193.14	3563.5	
193.35	3638.6	
193.57	5051	
193.78	5828.5	
194	2927.9	
194.21	3485.6	
194.42	4841.4	
194.64	5302.2	
194.85	3934.8	
195.07	4586.1	
195.28	5354.8	
195.49	4610	
195.71	4764.3	
195.92	3368.9	
196.13	5459.2	
196.35	5581.4	
196.56	5100.8	
196.78	3886.4	
196.99	6847	
197.2	6381.5	
197.42	4397.7	
197.63	3945.8	
197.84	4743.8	
198.06	5489.9	
198.27	3611.9	
198.48	4836.6	
198.7	5034.6	
198.91	5203.2	
199.13	3866.6	
199.34	3896.6	
199.55	5698.8	
199.77	4597.7	
199.98	3448.8	
200.19	4009.9	
200.41	5254.4	
200.62	4926	
200.83	4035.2	
201.05	4377.9	
201.26	5204.6	
201.47	4967.7	
201.69	3452.9	
201.9	3304.7	
202.11	5276.9	
202.33	6214.2	
202.54	3688.4	
202.76	4180.6	
202.97	5355.4	
203.18	5426.4	
203.4	4040	
203.61	3971.7	
203.82	5368.4	
204.04	4977.2	
204.25	3981.3	
204.46	3827	
204.68	5311.7	
204.89	5536.3	
205.1	3829.7	
205.32	3349.8	
205.53	5664.7	
205.74	5823.1	
205.96	2884.9	
206.17	3966.2	
206.38	5632.6	
206.6	5783.5	
206.81	4481	
207.02	3615.3	
207.24	5511.1	
207.45	5948.7	
207.66	3728.7	
207.88	3172.3	
208.09	5464.7	
208.3	5276.9	
208.52	3470.6	
208.73	3848.8	
208.94	5297.4	
209.15	5948.7	
209.37	3656.3	
209.58	3931.4	
209.79	5823.7	
210.01	5067.4	
210.22	2992.8	
210.43	3138.2	
210.65	5266.7	
210.86	5668.8	
211.07	3693.9	
211.29	3473.4	
211.5	5604.6	
211.71	5193	
211.93	3392.1	
212.14	3427.6	
212.35	5223.7	
212.56	5417.6	
212.78	3899.3	
212.99	3201.7	
213.2	6199.9	
213.42	5026.4	
213.63	3552.5	
213.84	3772.4	
214.06	4696.7	
214.27	4780	
214.48	3698.6	
214.69	3986.7	
214.91	5993.7	
215.12	5939.1	
215.33	4017.4	
215.55	4416.8	
215.76	6441.5	
215.97	5685.2	
216.18	3849.5	
216.4	3791.5	
216.61	4881	
216.82	5755.5	
217.04	3417.4	
217.25	3577.1	
217.46	5896.1	
217.67	5668.8	
217.89	3097.2	
218.1	3146.4	
218.31	5384.1	
218.53	5470.8	
218.74	3624.2	
218.95	3524.6	
219.16	5239.4	
219.38	6182.1	
219.59	3439.2	
219.8	4186.7	
220.01	6787.7	
220.23	5339.1	
220.44	4538.3	
220.65	3426.9	
220.87	5330.9	
221.08	5893.4	
221.29	3153.9	
221.5	4280.9	
221.72	7136.5	
221.93	4987.5	
222.14	3971	
222.35	4639.3	
222.57	5311.7	
222.78	5634.6	
222.99	3743.7	
223.2	4035.9	
223.42	5558.9	
223.63	5737.7	
223.84	2910.8	
224.05	2864.4	
224.27	6730.3	
224.48	6102.9	
224.69	4605.2	
224.9	3925.3	
225.12	5501.5	
225.33	5273.5	
225.54	3127.2	
225.75	3478.8	
225.97	4833.2	
226.18	5168.4	
226.39	3785.3	
226.6	3568.2	
226.82	5068.7	
227.03	4919.9	
227.24	3960.1	
227.45	3214.6	
227.67	5611.4	
227.88	6201.9	
228.09	4405.2	
228.3	4356.7	
228.52	5694	
228.73	5271.5	
228.94	3603.7	
229.15	3263.8	
229.36	5181.4	
229.58	5168.4	
229.79	3663.8	
230	4250.9	
230.21	6286.6	
230.43	5380	
230.64	3905.5	
230.85	4049.5	
231.06	5717.9	
231.28	5677.7	
231.49	3248.1	
231.7	3845.4	
231.91	5595.7	
232.12	5235.3	
232.34	3357.3	
232.55	3813.3	
232.76	5888.6	
232.97	5434.6	
233.18	3416	
233.4	3885.7	
233.61	5530.2	
233.82	5062.6	
234.03	3623.5	
234.25	3596.9	
234.46	7219.1	
234.67	5292.6	
234.88	4048.8	
235.09	3456.3	
235.31	5596.4	
235.52	5143.8	
235.73	3900.7	
235.94	3284.9	
236.15	5058.5	
236.37	6376.7	
236.58	3452.9	
236.79	3764.2	
237	5583.4	
237.21	4770.4	
237.43	4009.9	
237.64	3129.3	
237.85	9454.1	
238.06	4833.2	
238.27	4163.5	
238.48	3237.2	
238.7	5535	
238.91	5144.5	
239.12	3743	
239.33	3773	
239.54	4929.5	
239.76	5259.9	
239.97	3751.2	
240.18	3744.4	
240.39	6615.6	
240.6	5543.9	
240.82	3943	
241.03	3151.8	
241.24	5244.2	
241.45	6083.8	
241.66	3443.3	
241.87	4052.2	
242.09	6000.5	
242.3	6283.2	
242.51	4193.6	
242.72	3790.8	
242.93	5724.1	
243.14	5229.1	
243.36	4344.4	
243.57	4734.2	
243.78	6186.9	
243.99	5660.6	
244.2	3749.1	
244.41	3433.8	
244.63	4891.9	
244.84	5595.7	
245.05	4036.5	
245.26	3757.3	
245.47	5623	
245.68	5896.8	
245.9	5042.8	
246.11	3948.5	
246.32	5103.5	
246.53	5554.8	
246.74	6081.1	
246.95	3157.3	
247.16	4797	
247.38	5374.6	
247.59	3088.3	
247.8	3768.3	
248.01	4952.7	
248.22	5200.5	
248.43	3434.4	
248.64	3702	
248.86	4732.9	
249.07	4996.4	
249.28	3310.2	
249.49	3878.9	
249.7	5782.8	
249.91	5946.6	
250.12	3133.4	
250.34	3132.7	
250.55	5369.8	
250.76	5297.4	
250.97	3876.1	
251.18	3960.8	
251.39	5989.6	
251.6	5457.2	
251.81	3977.2	
252.03	3962.1	
252.24	5059.2	
252.45	5801.2	
252.66	3232.4	
252.87	4154	
253.08	5319.9	
253.29	6911.9	
253.5	3300	
253.72	4567.7	
253.93	5151.3	
254.14	6275	
254.35	3592.1	
254.56	3672	
254.77	5514.5	
254.98	4932.2	
255.19	3533.4	
255.41	4500.8	
255.62	5423.7	
255.83	5910.4	
256.04	4012.7	
256.25	3948.5	
256.46	6453.8	
256.67	4999.8	
256.88	3856.3	
257.09	4282.3	
257.31	4981.3	
257.52	4986.8	
257.73	4857.1	
257.94	3582.6	
258.15	5190.2	
258.36	5272.8	
258.57	4471.4	
258.78	2882.9	
258.99	5763.7	
259.2	5132.2	
259.41	3596.2	
259.63	3737.5	
259.84	6113.2	
260.05	6505.7	
260.26	4741	
260.47	3439.2	
260.68	5872.9	
260.89	5209.3	
261.1	4308.9	
261.31	3424.2	
261.52	5834	
261.73	6214.2	
261.95	4578.6	
262.16	4035.2	
262.37	5970.5	
262.58	6107.7	
262.79	4595	
263	3662.5	
263.21	5386.2	
263.42	5199.8	
263.63	3747.8	
263.84	3624.2	
264.05	5834	
264.26	6160.3	
264.47	4554	
264.69	4037.9	
264.9	6004.6	
265.11	5482.4	
265.32	3505.4	
265.53	3534.8	
265.74	5420.3	
265.95	4719.2	
266.16	3867.9	
266.37	4246.8	
266.58	5409.4	
266.79	5120.6	
267	3558.7	
267.21	3289	
267.42	4876.2	
267.63	5301.5	
267.84	3735.5	
268.06	3175	
268.27	5678.3	
268.48	5946.6	
268.69	3678.2	
268.9	4298	
269.11	6007.4	
269.32	4798.4	
269.53	3733.4	
269.74	3473.4	
269.95	5588.2	
270.16	4659.8	
270.37	3786	
270.58	4330.1	
270.79	5146.5	
271	5817.6	
271.21	4072	
271.42	3741.6	
271.63	5371.1	
271.84	4945.8	
272.05	3013.2	
272.26	3381.9	
272.47	5324.7	
272.68	5486.5	
272.89	3616	
273.11	4235.2	
273.32	5100.1	
273.53	6167.8	
273.74	4075.5	
273.95	3969.6	
274.16	5855.8	
274.37	5347.9	
274.58	4133.5	
274.79	3267.9	
275	5454.4	
275.21	5936.4	
275.42	4911	
275.63	4180.6	
275.84	5520.6	
276.05	6900.3	
276.26	4023.6	
276.47	3689.8	
276.68	5161.6	
276.89	6225.8	
277.1	4197	
277.31	3279.5	
277.52	5502.2	
277.73	5716.6	
277.94	3287.7	
278.15	3659	
278.36	5453.7	
278.57	4978.6	
278.78	3568.2	
278.99	4080.2	
279.2	4958.1	
279.41	4883	
279.62	4748.6	
279.83	3374.4	
280.04	6460	
280.25	4874.2	
280.46	4752	
280.67	3757.3	
280.88	4956.1	
281.09	5873.6	
281.3	3974.4	
281.51	4998.4	
281.72	5001.1	
281.93	5803.9	
282.14	3502	
282.35	3814.7	
282.56	5756.8	
282.77	5739.1	
282.98	3599.6	
283.19	4466.6	
283.4	7079.8	
283.61	5235.3	
283.82	3356.6	
284.03	4640.7	
284.24	5408.7	
284.45	5956.2	
284.66	4673.5	
284.87	4438.6	
285.08	5819	
285.29	6007.4	
285.5	3171.6	
285.71	3737.5	
285.92	5906.3	
286.12	6518	
286.33	4659.8	
286.54	3620.8	
286.75	5729.5	
286.96	5167	
287.17	3344.3	
287.38	4566.3	
287.59	4998.4	
287.8	4911	
288.01	3648.1	
288.22	4221.5	
288.43	5784.8	
288.64	4869.4	
288.85	4380.6	
289.06	4140.3	
289.27	5705.6	
289.48	6154.8	
289.69	4713.1	
289.9	4225	
290.11	5841.5	
290.32	5076.2	
290.53	4473.4	
290.74	4023.6	
290.94	5778	
291.15	5754.1	
291.36	3594.2	
291.57	4146.5	
291.78	5066.7	
291.99	4719.9	
292.2	3381.9	
292.41	4087.1	
292.62	5822.4	
292.83	5667.4	
293.04	5111.7	
293.25	3427.6	
293.46	5088.5	
293.67	5890.6	
293.88	3566.9	
294.09	3359.4	
294.29	4853	
294.5	5431.2	
294.71	3777.1	
294.92	3634.5	
295.13	5112.4	
295.34	6414.9	
295.55	3134.8	
295.76	3306.8	
295.97	5657.2	
296.18	6470.9	
296.39	3337.5	
296.6	3506.8	
296.81	5413.5	
297.01	5669.5	
297.22	3695.2	
297.43	3581.2	
297.64	4969.7	
297.85	4978.6	
298.06	2872.6	
298.27	3102.7	
298.48	5302.2	
298.69	4980.7	
298.9	3851.5	
299.11	3453.6	
299.31	4803.2	
299.52	4844.1	
299.73	4089.8	
299.94	4043.4	
300.15	5285.8	
300.36	4952	
300.57	4016.1	
300.78	3967.6	
300.99	5160.9	
301.2	5409.4	
301.4	3539.6	
301.61	3874.8	
301.82	5674.2	
302.03	5703.6	
302.24	4255	
302.45	3360.7	
302.66	5554.8	
302.87	6025.1	
303.08	3541.6	
303.29	4805.2	
303.49	5090.6	
303.7	5284.4	
303.91	3175	
304.12	4597	
304.33	4794.3	
304.54	5461.9	
304.75	3546.4	
304.96	3372.3	
305.16	5631.9	
305.37	6379.4	
305.58	3082.9	
305.79	3201	
306	5586.2	
306.21	4702.8	
306.42	3437.2	
306.63	5427.8	
306.83	5144.5	
307.04	5812.8	
307.25	3865.9	
307.46	3910.9	
307.67	4569.7	
307.88	5769.8	
308.09	3446	
308.29	3642	
308.5	5397.1	
308.71	5882.4	
308.92	3817.4	
309.13	3419.4	
309.34	5182.7	
309.55	5225.7	
309.75	4360.8	
309.96	3994.9	
310.17	5672.2	
310.38	5002.5	
310.59	4285	
310.8	3306.1	
311.01	5152	
311.21	5169.8	
311.42	3425.6	
311.63	3497.2	
311.84	5057.8	
312.05	5386.8	
312.26	3947.8	
312.46	4321.9	
312.67	5127.4	
312.88	4872.1	
313.09	3382.6	
313.3	3350.5	
313.51	6061.3	
313.71	6397.9	
313.92	3392.1	
314.13	3581.2	
314.34	5468.8	
314.55	5238	
314.76	4434.5	
314.96	3832.4	
315.17	5384.1	
315.38	5794.4	
315.59	3387.3	
315.8	3277.4	
316.01	6108.4	
316.21	6142.5	
316.42	3281.5	
316.63	3807.2	
316.84	5222.3	
317.05	6004	
317.26	3997	
317.46	3601.7	
317.67	5218.9	
317.88	5608	
318.09	4310.3	
318.3	3196.2	
318.5	5054.4	
318.71	5554.8	
318.92	5517.2	
319.13	3978.5	
319.34	5757.5	
319.54	5872.2	
319.75	3166.2	
319.96	3078.1	
320.17	5664	
320.38	5877	
320.58	3050.1	
320.79	3758	
321	5902.2	
321.21	5953.4	
321.42	3832.4	
321.62	3112.2	
321.83	4969.1	
322.04	5279	
322.25	3596.2	
322.46	3482.9	
322.66	5388.9	
322.87	5585.5	
323.08	4236.6	
323.29	3392.8	
323.5	6234.7	
323.7	4914.4	
323.91	4644.8	
324.12	4199	
324.33	5360.2	
324.53	5652.4	
324.74	4013.3	
324.95	4154	
325.16	4724	
325.37	5169.1	
325.57	3418.7	
325.78	3468.6	
325.99	5362.3	
326.2	4812.7	
326.4	4816.8	
326.61	3209.8	
326.82	5213.4	
327.03	5466	
327.24	4881.7	
327.44	4592.9	
327.65	5539.1	
327.86	4473.4	
328.07	4029.7	
328.27	3269.9	
328.48	5997.1	
328.69	4881	
328.9	4972.5	
329.1	3647.4	
329.31	5196.4	
329.52	6101.6	
329.73	3440.6	
329.93	3905.5	
330.14	5311.1	
330.35	5497.4	
330.56	5606.7	
330.76	4230.4	
330.97	5162.2	
331.18	5474.2	
331.39	3832.4	
331.59	3096.5	
331.8	5900.9	
332.01	6021.7	
332.22	3473.4	
332.42	4102.1	
332.63	5410.7	
332.84	5051.7	
333.05	3854.3	
333.25	3466.5	
333.46	5067.4	
333.67	5270.8	
333.88	3528.7	
334.08	3971.7	
334.29	7012.9	
334.5	5960.3	
334.7	3340.9	
334.91	4845.5	
335.12	4837.3	
335.33	5708.4	
335.53	3796.3	
335.74	5609.4	
335.95	5076.9	
336.16	4932.9	
336.36	3753.2	
336.57	4351.9	
336.78	4822.3	
336.98	5869.5	
337.19	4778.6	
337.4	3747.8	
337.61	6370.5	
337.81	4898.1	
338.02	3526.6	
338.23	4515.1	
338.43	6117.3	
338.64	4967	
338.85	3442	
339.05	4592.2	
339.26	6115.9	
339.47	4742.4	
339.68	3434.4	
339.88	5104.9	
340.09	5560.9	
340.3	5691.3	
340.5	4023.6	
340.71	3096.5	
340.92	4803.9	
341.13	6029.9	
341.33	3356.6	
341.54	4027.7	
341.75	5549.3	
341.95	5165	
342.16	3872	
342.37	4166.9	
342.57	4891.9	
342.78	5253	
342.99	4296.6	
343.19	3079.5	
343.4	5732.3	
343.61	5520	
343.81	3665.9	
344.02	3341.6	
344.23	5677.7	
344.43	6171.9	
344.64	4250.9	
344.85	4190.8	
345.06	5532.9	
345.26	5900.9	
345.47	3986	
345.68	4657.8	
345.88	4678.2	
346.09	5760.3	
346.3	4095.3	
346.5	3041.9	
346.71	5296	
346.92	5017.5	
347.12	3163.4	
347.33	3992.9	
347.54	5849.7	
347.74	6237.4	
347.95	3946.4	
348.16	2950.4	
348.36	5134.9	
348.57	4951.3	
348.78	3889.8	
348.98	4192.9	
349.19	5264.6	
349.39	4786.8	
349.6	3186.6	
349.81	3530.7	
350.01	5564.3	
350.22	5076.9	
350.43	3833.8	
350.63	4551.3	
350.84	5343.8	
351.05	5143.8	
351.25	3436.5	
351.46	3194.1	
351.67	5883.1	
351.87	4995.7	
352.08	3741.6	
352.29	4186	
352.49	5733.6	
352.7	5493.3	
352.9	3361.4	
353.11	4225	
353.32	6389	
353.52	5141.1	
353.73	3317.7	
353.94	4260.5	
354.14	5667.4	
354.35	5431.9	
354.55	3441.3	
354.76	3864.5	
354.97	5597.8	
355.17	5402.5	
355.38	3236.5	
355.59	4531.5	
355.79	5014.8	
356	5395	
356.2	3802.4	
356.41	3308.2	
356.62	4797	
356.82	5276.9	
357.03	4130.8	
357.24	3695.9	
357.44	5063.3	
357.65	5199.8	
357.85	4896	
358.06	3908.2	
358.27	4834.6	
358.47	4985.4	
358.68	3253.5	
358.88	4083	
359.09	5582.1	
359.3	5975.3	
359.5	4694.6	
359.71	4257.7	
359.91	6425.2	
360.12	5813.5	
360.33	4061.8	
360.53	4545.8	
360.74	5025	
360.94	5136.3	
361.15	4255.7	
361.36	3550.5	
361.56	5814.2	
361.77	5289.2	
361.97	4784.1	
362.18	3718.4	
362.38	5816.9	
362.59	4915.8	
362.8	3474.7	
363	3281.5	
363.21	4724.7	
363.41	5382.1	
363.62	3962.8	
363.83	4995.7	
364.03	5518.6	
364.24	6412.9	
364.44	5014.8	
364.65	4941.1	
364.85	5237.3	
365.06	4931.5	
365.27	3616	
365.47	3639.2	
365.68	6221	
365.88	5223	
366.09	4077.5	
366.29	3734.8	
366.5	5520	
366.71	5898.8	
366.91	5018.2	
367.12	4261.1	
367.32	6458.6	
367.53	5788.9	
367.73	4186.7	
367.94	5082.4	
368.14	5721.3	
368.35	6565.8	
368.56	4188.8	
368.76	3932.8	
368.97	5864	
369.17	7331	
369.38	3584.6	
369.58	3870	
369.79	4884.4	
369.99	6136.4	
370.2	4919.9	
370.4	3959.4	
370.61	5513.8	
370.82	6686.6	
371.02	3908.9	
371.23	3208.5	
371.43	4777.9	
371.64	6096.1	
371.84	3948.5	
372.05	5088.5	
372.25	7378.8	
372.46	5811.5	
372.66	3900.7	
372.87	3880.9	
373.07	5841.5	
373.28	7345.4	
373.48	4952	
373.69	4612.7	
373.9	5345.9	
374.1	5347.9	
374.31	4898.7	
374.51	4450.9	
374.72	6260.6	
374.92	5084.4	
375.13	5099.4	
375.33	4229.7	
375.54	5809.4	
375.74	5265.3	
375.95	4298	
376.15	5402.5	
376.36	5744.6	
376.56	5589.6	
376.77	4342.4	
376.97	4786.1	
377.18	6807.4	
377.38	5884.5	
377.59	5120.6	
377.79	3848.8	
378	5685.8	
378.2	6126.8	
378.41	3964.9	
378.61	3843.4	
378.82	6133	
379.02	5214.1	
379.23	4086.4	
379.43	5152	
379.64	6206	
379.84	5788.2	
380.05	3898.6	
380.25	3833.1	
380.46	5926.1	
380.66	5512.4	
380.87	5218.9	
381.07	5545.9	
381.28	6539.2	
381.48	5905	
381.69	3932.1	
381.89	3955.3	
382.1	4835.9	
382.3	6093.4	
382.51	5047.6	
382.71	5859.2	
382.91	5982.8	
383.12	6405.4	
383.32	4345.1	
383.53	4423.6	
383.73	5755.5	
383.94	5600.5	
384.14	4364.2	
384.35	3547.1	
384.55	5482.4	
384.76	5900.2	
384.96	4207.2	
385.17	4545.1	
385.37	5892.7	
385.58	5137.7	
385.78	4567.7	
385.98	3420.1	
386.19	5378.6	
386.39	5829.2	
386.6	4051.6	
386.8	4257	
387.01	5954.8	
387.21	6002.6	
387.42	4678.9	
387.62	5195	
387.83	5264.6	
388.03	5920.7	
388.23	4321.9	
388.44	5191.6	
388.64	4857.1	
388.85	5070.8	
389.05	4655.7	
389.26	5268.7	
389.46	6915.3	
389.67	6345.3	
389.87	4635.9	
390.07	4679.6	
390.28	5530.2	
390.48	5144.5	
390.69	3850.9	
390.89	4203.1	
391.1	5311.1	
391.3	6268.1	
391.5	5393.7	
391.71	5957.5	
391.91	6042.2	
392.12	6990.4	
392.32	5453.7	
392.53	4676.2	
392.73	5392.3	
392.93	5574.6	
393.14	4323.9	
393.34	5128.1	
393.55	5907	
393.75	5521.3	
393.95	4283	
394.16	4252.3	
394.36	5311.1	
394.57	6051.1	
394.77	3845.4	
394.98	4261.8	
395.18	5307	
395.38	5550	
395.59	5113.8	
395.79	4047.5	
396	5403.2	
396.2	5907	
396.4	4913.8	
396.61	4857.1	
396.81	6067.4	
397.02	5309.7	
397.22	5086.5	
397.42	5189.6	
397.63	6044.9	
397.83	5240.8	
398.04	4057	
398.24	4528.7	
398.44	5847.6	
398.65	4800.4	
398.85	3867.9	
399.05	3901.4	
399.26	5227.8	
399.46	6907.8	
399.67	4373.1	
399.87	4095.3	
400.07	5674.2	
400.28	5997.8	
400.48	4207.9	
400.69	5248.9	
400.89	6201.9	
401.09	6642.2	
401.3	4091.2	
401.5	5153.4	
401.7	6833.4	
401.91	7124.9	
402.11	4357.4	
402.32	4600.4	
402.52	6186.9	
402.72	6083.8	
402.93	4793.6	
403.13	3575.1	
403.33	6815	
403.54	5585.5	
403.74	4446.1	
403.94	5285.1	
404.15	5717.2	
404.35	6889.4	
404.56	4372.4	
404.76	6171.9	
404.96	6252.4	
405.17	6056.5	
405.37	5541.8	
405.57	4780	
405.78	6205.3	
405.98	5638.7	
406.18	4342.4	
406.39	5110.4	
406.59	6088.6	
406.79	5702.2	
407	4090.5	
407.2	4173.8	
407.4	6219.7	
407.61	6482.5	
407.81	4331.5	
408.01	6367.1	
408.22	5167.7	
408.42	7179.5	
408.62	5379.3	
408.83	4840.7	
409.03	5936.4	
409.23	5632.6	
409.44	4885.8	
409.64	5197.1	
409.84	6739.2	
410.05	6662.7	
410.25	4941.7	
410.45	4754	
410.66	6051.1	
410.86	8471.1	
411.06	5213.4	
411.27	5055.8	
411.47	8326.4	
411.67	6294.8	
411.88	5296	
412.08	5451	
412.28	6890	
412.49	7363.1	
412.69	5029.1	
412.89	5062.6	
413.09	7161.1	
413.3	7058	
413.5	5205.3	
413.7	4767.7	
413.91	6313.9	
414.11	7084.6	
414.31	4924	
414.52	5319.9	
414.72	6807.4	
414.92	6738.5	
415.12	4969.7	
415.33	5401.9	
415.53	7020.4	
415.73	7288.7	
415.94	5801.2	
416.14	5275.6	
416.34	6124.8	
416.55	5694.7	
416.75	6425.2	
416.95	5832.6	
417.15	7103	
417.36	7795.9	
417.56	6599.9	
417.76	5713.8	
417.97	7483.3	
418.17	7215	
418.37	5285.8	
418.57	5288.5	
418.78	6864.1	
418.98	6571.2	
419.18	6049	
419.38	6016.9	
419.59	6612.2	
419.79	6242.2	
419.99	5114.5	
420.2	5499.5	
420.4	7132.4	
420.6	7284.6	
420.8	5070.1	
421.01	4960.2	
421.21	6929	
421.41	7034.8	
421.61	5446.2	
421.82	5140.4	
422.02	6379.4	
422.22	7337.9	
422.42	5930.2	
422.63	5608.7	
422.83	6576.7	
423.03	7689.4	
423.23	5599.8	
423.44	4525.3	
423.64	6577.4	
423.84	6341.9	
424.04	4973.8	
424.25	4678.2	
424.45	7464.8	
424.65	7381.6	
424.85	4493.2	
425.06	5068	
425.26	7462.1	
425.46	5943.2	
425.66	5554.8	
425.87	5242.1	
426.07	7174	
426.27	7016.3	
426.47	5360.9	
426.67	4742.4	
426.88	7538.6	
427.08	6977.4	
427.28	5628.5	
427.48	4607.2	
427.69	5896.8	
427.89	6578.1	
428.09	5567.1	
428.29	4737	
428.5	7230.7	
428.7	6690.7	
428.9	4615.4	
429.1	5085.8	
429.3	6713.2	
429.51	7126.2	
429.71	5007.3	
429.91	5693.4	
430.11	6881.2	
430.31	7214.3	
430.52	5174.5	
430.72	5510.4	
430.92	7549.5	
431.12	6984.9	
431.32	4912.4	
431.53	5210.7	
431.73	5905	
431.93	7574.1	
432.13	4799.8	
432.33	4636.6	
432.54	6371.2	
432.74	6765.8	
432.94	4607.2	
433.14	5729.5	
433.34	6821.1	
433.55	6429.9	
433.75	5572.5	
433.95	7271	
434.15	6671.6	
434.35	6347.3	
434.56	4820.9	
434.76	4297.3	
434.96	6666.1	
435.16	6814.3	
435.36	4624.3	
435.56	5803.9	
435.77	6288.6	
435.97	6451.8	
436.17	6473.6	
436.37	5671.5	
436.57	6292.7	
436.78	6206.7	
436.98	6264.7	
437.18	6247.7	
437.38	6881.9	
437.58	6451.1	
437.78	6325.5	
437.99	4990.9	
438.19	6902.3	
438.39	7738.6	
438.59	4912.4	
438.79	4408.6	
438.99	7567.2	
439.2	6450.4	
439.4	4676.9	
439.6	4616.8	
439.8	6858.6	
440	7841	
440.2	5629.9	
440.4	5696.1	
440.61	7120.8	
440.81	7651.2	
441.01	4831.2	
441.21	5713.2	
441.41	7345.4	
441.61	7019.1	
441.81	5883.1	
442.02	6915.3	
442.22	7839.6	
442.42	7170.6	
442.62	4813.4	
442.82	4860.5	
443.02	7484	
443.22	6632	
443.43	5336.3	
443.63	4849.6	
443.83	6350.8	
444.03	6433.4	
444.23	5989.6	
444.43	5581.4	
444.63	6673.6	
444.83	7870.3	
445.04	4913.8	
445.24	6158.9	
445.44	7013.6	
445.64	7133.8	
445.84	5699.5	
446.04	5573.2	
446.24	6385.6	
446.44	7479.9	
446.65	4987.5	
446.85	5275.6	
447.05	6842.9	
447.25	7342.7	
447.45	5403.9	
447.65	4695.3	
447.85	6767.9	
448.05	6403.3	
448.25	5743.9	
448.46	5527.5	
448.66	6719.4	
448.86	6376	
449.06	4590.2	
449.26	5779.4	
449.46	7059.3	
449.66	6119.3	
449.86	5221	
450.06	5191.6	
450.26	6354.2	
450.47	6914.6	
450.67	5514.5	
450.87	5821.7	
451.07	6959.7	
451.27	6726.9	
451.47	4824.3	
451.67	5300.8	
451.87	6449.1	
452.07	7519.5	
452.27	4963.6	
452.47	4986.8	
452.67	6791.1	
452.88	7172.7	
453.08	4328.7	
453.28	6380.8	
453.48	7873.1	
453.68	6636.1	
453.88	4879.6	
454.08	5203.9	
454.28	6998.6	
454.48	6679.8	
454.68	5624.4	
454.88	6266.8	
455.08	7116	
455.28	6915.3	
455.48	4737	
455.68	5317.9	
455.89	7546.8	
456.09	7204.1	
456.29	5089.2	
456.49	5059.8	
456.69	7450.5	
456.89	6762.4	
457.09	5585.5	
457.29	5982.1	
457.49	6971.3	
457.69	7156.3	
457.89	5388.2	
458.09	4794.3	
458.29	6720.8	
458.49	7410.9	
458.69	5760.9	
458.89	5152.7	
459.09	7686	
459.29	7794.6	
459.49	5375.9	
459.69	6095.4	
459.9	7226.6	
460.1	6701.6	
460.3	5201.8	
460.5	5014.1	
460.7	7225.2	
460.9	6901.7	
461.1	4648.9	
461.3	5909.1	
461.5	7815	
461.7	7378.8	
461.9	5041.4	
462.1	5499.5	
462.3	6922.8	
462.5	7467.6	
462.7	4988.9	
462.9	5144.5	
463.1	8423.3	
463.3	8098.4	
463.5	5375.9	
463.7	6182.1	
463.9	6988.4	
464.1	7388.4	
464.3	5421	
464.5	5649.7	
464.7	7615	
464.9	7262.8	
465.1	6915.3	
465.3	5958.9	
465.5	7896.3	
465.7	7893.6	
465.9	6239.5	
466.1	6066.8	
466.3	7653.9	
466.5	7499	
466.7	6888.7	
466.9	5790.3	
467.1	7481.2	
467.3	8381	
467.5	6772.6	
467.7	5705	
467.9	8560.5	
468.1	9312.1	
468.3	6408.1	
468.5	6775.4	
468.7	7352.9	
468.9	7272.3	
469.1	5892	
469.3	6608.1	
469.5	9171.5	
469.7	6881.9	
469.9	6369.9	
470.1	5660.6	
470.3	7362.4	
470.5	7383.6	
470.7	6886	
470.9	5739.1	
471.1	7050.5	
471.3	7570.7	
471.5	5500.2	
471.69	7415	
471.89	6953.5	
472.09	6556.2	
472.29	6359.6	
472.49	6754.9	
472.69	6726.2	
472.89	7623.9	
473.09	5423.7	
473.29	5631.2	
473.49	6866.8	
473.69	7133.8	
473.89	6477	
474.09	5730.2	
474.29	8234.2	
474.49	7994.6	
474.69	6465.4	
474.89	5899.5	
475.09	7107.8	
475.29	7036.8	
475.49	5242.8	
475.69	5474.9	
475.88	8566	
476.08	7292.1	
476.28	5183.4	
476.48	5662.6	
476.68	7804.1	
476.88	7656	
477.08	5526.8	
477.28	5795.8	
477.48	7138.5	
477.68	7856	
477.88	5319.9	
478.08	5744.6	
478.28	8056.7	
478.48	7290.8	
478.67	5700.2	
478.87	5169.8	
479.07	7856.7	
479.27	7258.7	
479.47	5907	
479.67	5878.4	
479.87	7642.3	
480.07	8243.1	
480.27	5180	
480.47	6747.4	
480.67	7436.2	
480.87	7961.8	
481.06	5381.4	
481.26	6208.1	
481.46	7281.9	
481.66	7109.2	
481.86	5814.9	
482.06	6800.6	
482.26	6979.5	
482.46	7829.4	
482.66	5772.5	
482.86	5394.3	
483.05	7331.7	
483.25	6686.6	
483.45	8174.1	
483.65	5814.2	
483.85	6868.2	
484.05	7203.4	
484.25	6216.3	
484.45	6608.8	
484.65	8084	
484.84	8082	
485.04	5662.6	
485.24	5715.9	
485.44	8268.3	
485.64	6603.3	
485.84	4972.5	
486.04	6291.4	
486.24	6985.6	
486.44	7378.8	
486.63	4851.6	
486.83	5710.4	
487.03	6849.8	
487.23	7042.3	
487.43	5019.6	
487.63	7272.3	
487.83	7072.3	
488.02	7995.3	
488.22	5880.4	
488.42	6533.7	
488.62	7978.9	
488.82	6800.6	
489.02	5579.3	
489.22	5616.9	
489.41	7748.8	
489.61	7410.9	
489.81	5360.9	
490.01	5379.3	
490.21	7643.7	
490.41	8389.2	
490.61	5250.3	
490.8	5365.7	
491	7235.5	
491.2	6549.4	
491.4	6050.4	
491.6	5097.4	
491.8	7238.9	
491.99	7386.3	
492.19	4957.4	
492.39	5423	
492.59	7753.6	
492.79	7847.8	
492.99	6201.2	
493.18	5360.9	
493.38	7855.3	
493.58	8571.4	
493.78	5892.7	
493.98	5629.2	
494.18	7466.9	
494.37	6923.5	
494.57	6151.4	
494.77	6051.7	
494.97	7582.9	
495.17	7930.4	
495.37	5586.9	
495.56	5888.6	
495.76	8045.8	
495.96	7654.6	
496.16	6796.5	
496.36	5708.4	
496.55	7714.7	
496.75	7320.8	
496.95	6084.5	
497.15	5912.5	
497.35	7770.7	
497.54	7688.1	
497.74	5638.1	
497.94	7354.3	
498.14	8449.2	
498.34	8228.1	
498.53	5374.6	
498.73	6165.8	
498.93	7090.8	
499.13	7637.6	
499.33	5915.2	
499.52	6500.3	
499.72	7655.3	
499.92	7958.4	
500.12	5568.4	
500.32	5857.9	
500.51	7866.2	
500.71	7626.6	
500.91	6526.2	
501.11	6191.7	
501.31	7807.5	
501.5	8206.9	
501.7	6888.7	
501.9	5823.1	
502.1	7582.9	
502.29	7858.1	
502.49	6351.4	
502.69	6795.8	
502.89	7759.1	
503.09	7753.6	
503.28	5388.2	
503.48	5412.8	
503.68	6967.9	
503.88	7029.3	
504.07	6476.4	
504.27	5973.9	
504.47	7389.1	
504.67	7644.4	
504.86	6329.6	
505.06	6155.5	
505.26	7179.5	
505.46	8841.8	
505.65	5926.1	
505.85	6156.2	
506.05	7049.1	
506.25	7560.4	
506.44	5317.9	
506.64	6281.8	
506.84	7036.1	
507.04	7984.3	
507.23	5500.2	
507.43	6174.6	
507.63	8981.7	
507.83	7281.2	
508.02	6089.3	
508.22	5654.4	
508.42	9196.1	
508.62	6933.1	
508.81	5894.7	
509.01	6413.6	
509.21	6866.2	
509.4	7161.1	
509.6	6218.3	
509.8	5475.6	
510	7174	
510.19	8529.1	
510.39	5451	
510.59	5514.5	
510.79	6877.8	
510.98	8260.1	
511.18	5597.1	
511.38	5685.8	
511.57	7668.3	
511.77	7574.8	
511.97	6310.5	
512.17	5330.2	
512.36	7733.1	
512.56	7628	
512.76	5450.3	
512.95	5130.2	
513.15	7873.8	
513.35	6531	
513.55	6239.5	
513.74	5433.3	
513.94	7740.6	
514.14	7006.1	
514.33	6314.6	
514.53	6035.4	
514.73	7105.1	
514.92	7264.8	
515.12	5569.1	
515.32	5367	
515.51	7329.7	
515.71	7819.1	
515.91	7028.6	
516.11	5414.8	
516.3	8857.5	
516.5	6888.7	
516.7	6003.3	
516.89	6501.6	
517.09	7101.7	
517.29	6891.4	
517.48	6184.9	
517.68	5722	
517.88	6754.9	
518.07	7361.8	
518.27	6138.4	
518.47	5200.5	
518.66	7948.2	
518.86	6608.1	
519.06	5053.7	
519.25	5487.2	
519.45	6937.8	
519.65	8354.3	
519.84	6177.4	
520.04	6739.9	
520.24	8600.1	
520.43	7495.6	
520.63	5812.1	
520.83	5550.7	
521.02	6733.7	
521.22	7458	
521.42	6169.2	
521.61	6705	
521.81	6991.1	
522.01	7182.9	
522.2	5926.1	
522.4	5675.6	
522.6	7645.1	
522.79	6412.2	
522.99	5739.1	
523.18	5088.5	
523.38	7335.8	
523.58	7301	
523.77	6920.1	
523.97	5019.6	
524.17	8983.1	
524.36	8088.8	
524.56	6276.3	
524.76	5997.1	
524.95	7143.3	
525.15	6875.7	
525.34	5711.1	
525.54	5729.5	
525.74	7517.4	
525.93	6459.3	
526.13	6716	
526.33	5522.7	
526.52	7730.4	
526.72	7286.7	
526.91	6772.6	
527.11	6021.7	
527.31	7845.8	
527.5	8140.7	
527.7	5936.4	
527.89	4953.4	
528.09	6821.1	
528.29	7178.8	
528.48	6288.6	
528.68	6044.9	
528.87	7670.3	
529.07	7705.1	
529.27	5892.7	
529.46	5399.8	
529.66	7259.4	
529.85	7691.5	
530.05	5264.6	
530.25	5864	
530.44	8586.5	
530.64	7140.6	
530.83	5644.9	
531.03	5917.3	
531.23	7612.3	
531.42	7490.1	
531.62	6670.2	
531.81	5860.6	
532.01	7671.7	
532.21	8144.8	
532.4	5538.4	
532.6	5848.3	
532.79	8445.1	
532.99	7624.6	
533.18	5740.5	
533.38	6850.5	
533.58	7257.3	
533.77	7829.4	
533.97	5736.4	
534.16	6589.7	
534.36	8127	
534.55	7192.5	
534.75	6736.5	
534.95	5800.5	
535.14	7940.7	
535.34	7197.9	
535.53	5446.2	
535.73	7357	
535.92	8564.6	
536.12	7337.2	
536.31	5496.1	
536.51	6731	
536.71	7659.4	
536.9	7294.2	
537.1	5754.1	
537.29	5779.4	
537.49	8083.3	
537.68	7073	
537.88	6224.5	
538.07	5413.5	
538.27	7348.1	
538.46	8262.9	
538.66	5347.9	
538.86	5793	
539.05	7351.5	
539.25	7780.2	
539.44	6023.8	
539.64	5604.6	
539.83	7234.1	
540.03	8202.1	
540.22	5470.1	
540.42	5680.4	
540.61	7552.2	
540.81	7606.2	
541	6165.1	
541.2	6799.3	
541.39	7000	
541.59	7388.4	
541.78	6455.9	
541.98	5509	
542.18	6733	
542.37	6691.4	
542.57	5861.3	
542.76	6408.1	
542.96	6788.3	
543.15	7526.3	
543.35	5972.6	
543.54	5352	
543.74	7854	
543.93	7424.6	
544.13	6004	
544.32	7052.5	
544.52	7755	
544.71	6976.1	
544.91	5163.6	
545.1	6391.7	
545.3	6889.4	
545.49	7561.1	
545.69	5040.7	
545.88	5664.7	
546.08	8467	
546.27	8176.9	
546.47	6107.7	
546.66	5403.2	
546.86	7826.7	
547.05	8376.9	
547.24	5661.3	
547.44	5580	
547.63	6896.9	
547.83	7961.8	
548.02	5889.3	
548.22	6124.1	
548.41	6649.8	
548.61	7976.8	
548.8	5473.5	
549	5455.1	
549.19	7296.2	
549.39	7669.6	
549.58	5146.5	
549.78	5788.2	
549.97	7724.9	
550.17	7183.6	
550.36	6576.7	
550.55	7541.3	
550.75	7195.2	
550.94	8140	
551.14	5446.9	
551.33	5825.8	
551.53	6522.1	
551.72	7509.9	
551.92	5827.8	
552.11	5589.6	
552.31	7564.5	
552.5	7679.2	
552.69	7215.7	
552.89	5325.4	
553.08	7440.3	
553.28	7208.8	
553.47	5719.3	
553.67	6704.4	
553.86	8225.3	
554.06	6551.5	
554.25	4910.3	
554.44	5421	
554.64	8965.3	
554.83	8353.7	
555.03	5358.9	
555.22	5786.9	
555.42	7689.4	
555.61	7432.8	
555.8	5601.2	
556	5855.8	
556.19	6525.5	
556.39	7903.8	
556.58	5709.7	
556.78	5623.7	
556.97	7320.1	
557.16	6987	
557.36	6891.4	
557.55	5231.2	
557.75	6350.1	
557.94	8073.8	
558.13	5369.8	
558.33	5123.3	
558.52	7795.9	
558.72	6776	
558.91	5190.9	
559.1	5523.4	
559.3	6466.1	
559.49	6229.9	
559.69	4801.8	
559.88	5868.8	
560.07	7318.1	
560.27	7697.6	
560.46	6040.1	
560.66	6178.7	
560.85	7113.3	
561.04	6262	
561.24	5225.7	
561.43	5399.1	
561.63	6597.9	
561.82	6843.6	
562.01	6653.9	
562.21	5760.3	
562.4	7276.4	
562.59	8163.9	
562.79	5572.5	
562.98	5162.2	
563.18	7208.8	
563.37	8648.6	
563.56	6000.5	
563.76	5131.5	
563.95	6630.6	
564.14	6575.3	
564.34	5492.7	
564.53	5301.5	
564.73	7178.8	
564.92	7414.3	
565.11	5717.2	
565.31	5098.1	
565.5	7636.2	
565.69	6636.8	
565.89	5266	
566.08	5531.6	
566.27	7540.6	
566.47	7873.8	
566.66	6120	
566.85	4823	
567.05	7170.6	
567.24	6554.2	
567.44	5113.8	
567.63	6451.1	
567.82	7373.4	
568.02	7222.5	
568.21	5123.3	
568.4	5576.6	
568.6	6967.2	
568.79	6933.1	
568.98	4982.7	
569.18	5103.5	
569.37	6981.5	
569.56	8878.6	
569.76	5478.3	
569.95	6290.7	
570.14	7324.9	
570.34	7146.7	
570.53	4967.7	
570.72	5022.3	
570.91	7620.5	
571.11	6862.1	
571.3	5438.7	
571.49	6339.1	
571.69	6864.1	
571.88	6495.5	
572.07	6019.7	
572.27	5961.6	
572.46	6470.9	
572.65	7466.9	
572.85	5195.7	
573.04	5489.9	
573.23	7713.3	
573.43	7015.7	
573.62	4916.5	
573.81	5558.2	
574	6926.2	
574.2	6771.3	
574.39	5172.5	
574.58	5382.1	
574.78	7702.4	
574.97	7030.7	
575.16	5681.1	
575.36	5909.1	
575.55	7352.9	
575.74	7456.7	
575.93	4865.3	
576.13	5890	
576.32	6757.6	
576.51	7311.9	
576.71	5380	
576.9	6596.5	
577.09	7677.2	
577.28	7165.8	
577.48	5659.2	
577.67	4728.1	
577.86	6764.4	
578.05	7123.5	
578.25	5388.2	
578.44	5475.6	
578.63	6941.2	
578.83	8097.7	
579.02	4838.7	
579.21	6280.4	
579.4	7074.4	
579.6	6713.2	
579.79	5550.7	
579.98	7579.5	
580.17	7492.2	
580.37	7453.9	
580.56	5057.1	
580.75	5744.6	
580.94	7883.3	
581.14	7717.4	
581.33	6208.1	
581.52	5186.8	
581.71	7326.3	
581.91	7891.5	
582.1	4751.3	
582.29	5416.9	
582.48	6967.9	
582.68	6789	
582.87	5859.2	
583.06	5454.4	
583.25	7217.7	
583.45	6562.4	
583.64	6091.3	
583.83	6755.6	
584.02	6744.6	
584.21	7161.1	
584.41	6109.1	
584.6	5387.5	
584.79	6886	
584.98	7625.3	
585.18	4859.1	
585.37	4914.4	
585.56	6375.3	
585.75	7191.1	
585.94	5187.5	
586.14	5751.4	
586.33	7808.2	
586.52	6844.3	
586.71	5603.9	
586.91	5300.8	
587.1	6342.6	
587.29	7339.2	
587.48	5332.2	
587.67	5200.5	
587.87	7236.2	
588.06	7268.9	
588.25	6492.7	
588.44	5758.2	
588.63	6928.3	
588.83	7430.7	
589.02	5344.5	
589.21	5241.4	
589.4	6796.5	
589.59	6585.6	
589.78	4582.7	
589.98	4844.1	
590.17	6349.4	
590.36	6926.9	
590.55	4344.4	
590.74	5241.4	
590.94	8251.9	
591.13	6921.5	
591.32	5059.8	
591.51	4524.6	
591.7	7333.8	
591.89	6858.6	
592.09	4691.9	
592.28	5096.7	
592.47	6087.9	
592.66	7850.5	
592.85	4663.9	
593.05	4798.4	
593.24	6657.3	
593.43	7350.8	
593.62	4813.4	
593.81	5414.1	
594	6685.9	
594.19	6855.2	
594.39	4823.6	
594.58	4779.3	
594.77	6991.8	
594.96	7501.7	
595.15	4739.7	
595.34	5352.7	
595.54	7041.6	
595.73	6163.7	
595.92	4159.4	
596.11	5283.8	
596.3	7550.2	
596.49	6255.2	
596.68	5088.5	
596.88	5544.5	
597.07	7262.1	
597.26	6122.7	
597.45	4659.8	
597.64	5883.8	
597.83	6388.3	
598.02	6952.2	
598.22	4661.9	
598.41	5308.3	
598.6	6754.2	
598.79	6163	
598.98	4772.4	
599.17	5646.9	
599.36	6784.2	
599.55	7944.8	
599.74	6703	
599.94	6384.2	
600.13	7375.4	
600.32	6124.8	
600.51	4455.7	
600.7	4590.9	
600.89	7948.8	
601.08	7915.4	
601.27	4459.1	
601.47	5460.6	
601.66	7193.1	
601.85	7767.9	
602.04	5088.5	
602.23	5449.6	
602.42	6300.9	
602.61	6980.8	
602.8	5060.5	
602.99	4792.2	
603.18	6535.1	
603.37	6827.9	
603.57	5397.1	
603.76	5957.5	
603.95	7615	
604.14	7137.2	
604.33	4900.8	
604.52	5098.8	
604.71	6820.4	
604.9	6464.1	
605.09	6037.4	
605.28	5618.3	
605.47	7404.1	
605.66	7056.6	
605.86	5447.6	
606.05	4853.7	
606.24	7428	
606.43	6016.2	
606.62	5169.1	
606.81	5965.7	
607	7283.9	
607.19	6554.9	
607.38	4622.3	
607.57	4876.9	
607.76	6335	
607.95	5857.2	
608.14	5246.9	
608.33	5764.3	
608.52	6419.7	
608.72	7292.8	
608.91	4535.6	
609.1	4446.8	
609.29	6486.6	
609.48	6040.1	
609.67	5472.9	
609.86	4598.4	
610.05	6089.3	
610.24	6485.9	
610.43	4382	
610.62	4055.7	
610.81	7636.9	
611	7318.1	
611.19	4494.6	
611.38	5274.2	
611.57	6737.1	
611.76	8011.7	
611.95	4292.5	
612.14	4220.2	
612.33	6562.4	
612.52	6064	
612.71	4848.2	
612.9	4073.4	
613.09	5702.9	
613.28	7903.8	
613.47	4668.7	
613.66	5524.7	
613.85	6684.6	
614.04	6139.8	
614.24	4698.7	
614.43	3941	
614.62	6770.6	
614.81	6761	
615	5247.6	
615.19	5221.6	
615.38	6042.2	
615.57	6430.6	
615.76	5035.3	
615.95	6007.4	
616.14	6821.8	
616.33	6435.4	
616.52	5360.2	
616.71	5586.2	
616.9	6759	
617.09	6549.4	
617.28	4716.5	
617.47	5961	
617.66	5842.2	
617.85	5909.8	
618.04	5616.2	
618.22	5102.9	
618.41	6124.1	
618.6	7043	
618.79	5087.8	
618.98	4589.5	
619.17	7292.8	
619.36	5689.3	
619.55	4783.4	
619.74	4747.9	
619.93	6614.3	
620.12	5989.6	
620.31	5312.4	
620.5	5439.4	
620.69	7121.5	
620.88	7425.3	
621.07	6118	
621.26	5201.2	
621.45	6698.9	
621.64	6703.7	
621.83	5212.8	
622.02	4450.2	
622.21	6716.7	
622.4	6488.6	
622.59	5745.9	
622.78	5561.6	
622.97	6106.4	
623.16	7019.8	
623.35	5180.7	
623.54	4371.7	
623.72	6324.1	
623.91	6401.3	
624.1	5444.9	
624.29	4171	
624.48	7426.6	
624.67	6683.9	
624.86	5291.3	
625.05	4391.5	
625.24	7613.7	
625.43	6020.3	
625.62	6963.1	
625.81	4551.3	
626	6980.2	
626.19	6285.9	
626.38	5346.6	
626.56	4809.3	
626.75	6085.2	
626.94	6802	
627.13	5300.8	
627.32	4158.7	
627.51	6725.5	
627.7	8040.3	
627.89	4261.8	
628.08	5335.6	
628.27	5950	
628.46	6220.4	
628.65	4536.3	
628.83	4161.5	
629.02	6733	
629.21	6027.9	
629.4	4982.7	
629.59	5107.6	
629.78	5980.8	
629.97	6909.2	
630.16	5219.6	
630.35	4685.8	
630.54	7324.9	
630.72	7075.7	
630.91	4655.7	
631.1	5190.9	
631.29	6498.9	
631.48	6708.5	
631.67	5297.4	
631.86	4814.1	
632.05	6189.6	
632.24	6171.9	
632.42	4438.6	
632.61	5083.7	
632.8	6354.2	
632.99	5961	
633.18	5004.6	
633.37	5459.2	
633.56	6563.7	
633.75	6348	
633.93	5034.6	
634.12	4754	
634.31	7363.8	
634.5	7000	
634.69	4735.6	
634.88	5279	
635.07	6291.4	
635.25	6836.8	
635.44	5620.3	
635.63	5840.1	
635.82	6197.2	
636.01	5720	
636.2	5540.4	
636.39	5145.2	
636.57	7283.9	
636.76	7008.1	
636.95	4570.4	
637.14	5902.2	
637.33	6587.6	
637.52	7559.1	
637.7	4436.6	
637.89	5287.2	
638.08	6146	
638.27	7620.5	
638.46	5371.1	
638.65	5827.8	
638.83	7704.5	
639.02	6084.5	
639.21	5362.3	
639.4	5739.1	
639.59	6533.7	
639.78	6144.6	
639.96	4657.1	
640.15	4691.2	
640.34	6481.1	
640.53	6584.9	
640.72	4450.2	
640.91	4710.3	
641.09	5913.9	
641.28	7246.4	
641.47	4747.2	
641.66	5545.9	
641.85	6602.7	
642.03	6869.6	
642.22	5326.1	
642.41	4825	
642.6	5998.5	
642.79	5505.6	
642.97	4672.1	
643.16	5316.5	
643.35	6053.8	
643.54	5873.6	
643.73	4576.5	
643.91	5362.3	
644.1	5742.5	
644.29	6327.5	
644.48	4687.8	
644.67	4760.8	
644.85	5992.4	
645.04	6266.8	
645.23	4299.4	
645.42	4657.1	
645.6	5963	
645.79	6991.1	
645.98	4620.9	
646.17	3740.3	
646.36	5689.3	
646.54	6331	
646.73	5535	
646.92	4281.6	
647.11	5900.2	
647.29	6948.8	
647.48	4449.6	
647.67	4280.9	
647.86	7245.7	
648.05	7158.3	
648.23	4796.3	
648.42	6086.6	
648.61	6617	
648.8	6330.3	
648.98	4483	
649.17	4754.7	
649.36	5982.1	
649.55	5470.8	
649.73	4495.3	
649.92	5176.6	
650.11	5780.1	
650.3	6146.6	
650.48	4560.1	
650.67	4441.4	
650.86	6486.6	
651.05	5399.8	
651.23	4556	
651.42	4510.3	
651.61	5902.2	
651.79	6092	
651.98	4724	
652.17	4333.5	
652.36	6357.6	
652.54	5520	
652.73	4395.6	
652.92	4250.2	
653.11	6332.3	
653.29	6481.1	
653.48	3734.8	
653.67	4715.1	
653.85	6262.7	
654.04	7201.3	
654.23	5010.7	
654.42	4544.4	
654.6	5867.4	
654.79	6501.6	
654.98	4168.3	
655.16	4661.9	
655.35	5473.5	
655.54	5444.9	
655.73	4231.1	
655.91	4086.4	
656.1	6541.2	
656.29	5369.1	
656.47	3764.8	
656.66	5382.1	
656.85	5673.6	
657.03	5669.5	
657.22	4177.9	
657.41	4233.8	
657.59	5740.5	
657.78	5484.5	
657.97	3849.5	
658.16	4530.1	
658.34	6407.4	
658.53	6742.6	
658.72	5475.6	
658.9	5982.8	
659.09	5814.9	
659.28	5889.3	
659.46	4356.7	
659.65	4229.1	
659.84	5605.3	
660.02	6169.2	
660.21	4113	
660.4	4104.8	
660.58	6513.9	
660.77	5958.2	
660.96	4767.7	
661.14	3775.1	
661.33	7021.1	
661.52	6896.9	
661.7	3790.8	
661.89	7328.3	
662.08	5561.6	
662.26	5109	
662.45	4074.8	
662.64	4164.9	
662.82	6162.3	
663.01	5430.5	
663.2	4252.3	
663.38	4944.5	
663.57	6201.9	
663.75	5994.4	
663.94	4487.8	
664.13	5771.2	
664.31	5483.8	
664.5	6248.4	
664.69	4661.2	
664.87	5261.9	
665.06	5305.6	
665.25	6019.7	
665.43	5502.9	
665.62	5563	
665.8	6335.1	
665.99	5683.8	
666.18	4516.5	
666.36	4585.4	
666.55	6259.3	
666.74	6218.3	
666.92	4134.8	
667.11	5736.4	
667.29	5685.2	
667.48	6262	
667.67	5375.9	
667.85	4428.4	
668.04	5758.2	
668.22	5698.1	
668.41	4549.2	
668.6	4818.9	
668.78	5547.3	
668.97	5702.2	
669.15	4966.3	
669.34	3888.4	
669.53	5547.3	
669.71	5868.1	
669.9	4130.1	
670.08	4697.4	
670.27	5475.6	
670.46	6141.2	
670.64	5001.1	
670.83	5128.8	
671.01	5431.9	
671.2	6077.7	
671.38	4154.6	
671.57	4078.2	
671.76	6643.6	
671.94	7135.1	
672.13	4007.2	
672.31	5154.7	
672.5	6204	
672.69	5524.1	
672.87	4154	
673.06	4446.8	
673.24	6058.6	
673.43	5605.3	
673.61	4910.3	
673.8	4442.7	
673.98	6185.5	
674.17	6404	
674.36	5005.2	
674.54	4867.3	
674.73	5995.8	
674.91	6210.8	
675.1	4545.1	
675.28	4283.7	
675.47	5767.1	
675.65	6290.7	
675.84	4459.1	
676.03	4727.4	
676.21	5494	
676.4	5027.8	
676.58	5246.2	
676.77	5016.2	
676.95	6948.8	
677.14	5548.6	
677.32	4138.9	
677.51	3984.7	
677.69	6287.9	
677.88	5151.3	
678.06	4007.2	
678.25	4182	
678.44	5775.3	
678.62	5484.5	
678.81	3835.2	
678.99	4827.7	
679.18	6616.3	
679.36	6101.6	
679.55	4369.7	
679.73	5016.8	
679.92	6109.1	
680.1	5573.9	
680.29	5574.6	
680.47	4410.6	
680.66	5522.7	
680.84	6294.8	
681.03	3792.2	
681.21	4924.7	
681.4	5547.3	
681.58	5401.9	
681.77	4176.5	
681.95	4127.3	
682.14	6345.3	
682.32	6666.8	
682.51	5022.3	
682.69	3910.9	
682.88	5474.2	
683.06	6116.6	
683.25	4820.2	
683.43	5214.1	
683.62	5697.4	
683.8	6201.9	
683.99	5375.2	
684.17	4632.5	
684.36	7031.4	
684.54	5710.4	
684.73	3891.1	
684.91	4164.2	
685.1	6118	
685.28	5559.6	
685.46	4823.6	
685.65	4845.5	
685.83	6352.1	
686.02	5803.9	
686.2	4293.2	
686.39	4425.7	
686.57	5537.7	
686.76	7011.6	
686.94	4184.7	
687.13	4410.6	
687.31	6215.6	
687.5	5713.2	
687.68	3816	
687.86	5047.6	
688.05	7371.3	
688.23	5192.3	
688.42	5116.5	
688.6	4244.1	
688.79	5596.4	
688.97	5602.6	
689.16	4646.2	
689.34	3611.9	
689.52	6340.5	
689.71	6557.6	
689.89	4956.1	
690.08	4229.1	
690.26	5891.3	
690.45	5683.1	
690.63	5143.1	
690.81	4352.6	
691	5535	
691.18	5533.6	
691.37	4479.6	
691.55	6681.8	
691.74	5522	
691.92	7499.7	
692.1	4531.5	
692.29	4035.9	
692.47	5670.1	
692.66	5046.2	
692.84	4227.7	
693.02	4784.1	
693.21	5152.7	
693.39	5653.8	
693.58	4820.2	
693.76	4213.4	
693.94	6788.3	
694.13	6468.2	
694.31	4147.8	
694.5	5196.4	
694.68	5426.4	
694.86	5733.6	
695.05	4476.2	
695.23	4577.9	
695.42	6114.6	
695.6	8220.5	
695.78	5109.7	
695.97	4216.8	
696.15	6110.5	
696.34	5501.5	
696.52	3992.9	
696.7	4803.9	
696.89	5896.8	
697.07	5300.1	
697.25	4756.7	
697.44	6181.5	
697.62	5872.9	
697.81	6180.1	
697.99	4519.9	
698.17	4901.5	
698.36	5205.3	
698.54	5885.9	
698.72	4838.7	
698.91	3820.8	
699.09	5556.8	
699.28	5422.3	
699.46	4470.7	
699.64	4333.5	
699.83	5315.8	
700.01	6590.4	
700.19	5112.4	
700.38	3512.9	
700.56	6509.1	
700.74	5476.3	
700.93	3938.9	
701.11	4702.8	
701.29	5936.4	
701.48	6959.7	
701.66	4184	
701.84	4231.8	
702.03	5455.8	
702.21	6087.2	
702.39	3771	
702.58	4308.9	
702.76	5868.8	
702.94	5978.7	
703.13	3699.3	
703.31	6092.7	
703.49	5226.4	
703.68	6714.6	
703.86	3924.6	
704.04	4823	
704.23	5683.8	
704.41	6081.1	
704.59	4092.5	
704.78	5308.3	
704.96	6738.5	
705.14	6094.8	
705.33	3819.5	
705.51	4693.3	
705.69	5517.9	
705.87	6349.4	
706.06	4889.2	
706.24	3824.2	
706.42	5878.4	
706.61	6089.3	
706.79	5008	
706.97	3814.7	
707.16	5259.9	
707.34	5850.4	
707.52	4912.4	
707.7	4036.5	
707.89	5372.5	
708.07	5114.5	
708.25	4933.6	
708.44	5247.6	
708.62	5380	
708.8	6507.1	
708.98	5195.7	
709.17	4145.8	
709.35	5780.1	
709.53	5857.9	
709.72	3893.9	
709.9	4375.8	
710.08	6027.2	
710.26	6112.5	
710.45	5490.6	
710.63	4212.7	
710.81	5717.2	
710.99	5791	
711.18	4823	
711.36	4370.4	
711.54	5604.6	
711.72	6296.1	
711.91	4420.9	
712.09	3843.4	
712.27	5834.7	
712.45	6445	
712.64	4748.6	
712.82	3746.4	
713	5365	
713.18	5547.9	
713.37	3944.4	
713.55	5310.4	
713.73	6385.6	
713.91	5078.3	
714.1	4424.3	
714.28	3984	
714.46	6167.8	
714.64	5484.5	
714.83	3542.3	
715.01	4390.2	
715.19	5657.9	
715.37	5016.8	
715.55	4158.7	
715.74	4442	
715.92	6563.1	
716.1	4646.2	
716.28	5584.1	
716.47	4607.9	
716.65	5270.8	
716.83	5381.4	
717.01	4419.5	
717.19	4509.6	
717.38	7442.3	
717.56	5079	
717.74	4700.8	
717.92	3831.7	
718.1	6256.5	
718.29	5400.5	
718.47	3396.9	
718.65	4044.1	
718.83	6067.4	
719.01	5953.4	
719.2	3248.8	
719.38	4305.5	
719.56	5651	
719.74	7172.7	
719.92	3839.3	
720.11	4897.4	
720.29	5684.5	
720.47	4861.9	
720.65	3495.2	
720.83	4483	
721.02	5334.3	
721.2	5132.9	
721.38	4530.1	
721.56	3795.6	
721.74	4641.4	
721.92	4848.2	
722.11	4963.6	
722.29	4702.1	
722.47	6075.6	
722.65	5253	
722.83	3791.5	
723.01	4728.8	
723.2	5326.1	
723.38	5604.6	
723.56	3276.1	
723.74	4427.7	
723.92	4891.2	
724.1	5997.1	
724.29	3730	
724.47	4873.5	
724.65	4898.1	
724.83	4797.7	
725.01	3661.8	
725.19	4534.9	
725.37	4932.2	
725.56	5029.1	
725.74	3538.9	
725.92	3732.1	
726.1	4831.8	
726.28	5206.6	
726.46	4203.8	
726.64	3882.3	
726.83	5133.6	
727.01	5365.7	
727.19	3538.9	
727.37	4373.1	
727.55	5264.6	
727.73	5762.3	
727.91	3491.1	
728.09	3284.3	
728.28	5798.5	
728.46	6334.4	
728.64	4404.5	
728.82	4328	
729	6773.3	
729.18	6083.1	
729.36	3568.2	
729.54	5791.7	
729.72	7045	
729.91	5326.8	
730.09	5363.6	
730.27	4152.6	
730.45	5211.4	
730.63	5784.1	
730.81	4720.6	
730.99	3825.6	
731.17	6221	
731.35	4881	
731.53	4317.8	
731.71	3898.6	
731.9	6031.3	
732.08	6268.1	
732.26	4220.2	
732.44	3858.4	
732.62	6315.9	
732.8	5785.5	
732.98	4657.1	
733.16	3646.1	
733.34	5765.7	
733.52	4660.5	
733.7	4271.4	
733.88	4461.8	
734.07	5652.4	
734.25	5464.7	
734.43	3675.4	
734.61	5242.8	
734.79	6808.8	
734.97	5347.2	
735.15	3840.6	
735.33	4128.7	
735.51	5672.2	
735.69	5350	
735.87	5269.4	
736.05	4321.2	
736.23	5522.7	
736.41	5270.1	
736.59	4199.7	
736.77	4295.3	
736.95	5854.5	
737.13	5371.8	
737.32	3826.3	
737.5	4089.8	
737.68	6402.6	
737.86	5328.1	
738.04	3698.6	
738.22	5533.6	
738.4	5094.7	
738.58	5378.6	
738.76	4365.6	
738.94	3317	
739.12	5250.3	
739.3	5092.6	
739.48	4919.2	
739.66	4580.6	
739.84	5468.1	
740.02	5431.9	
740.2	3340.2	
740.38	3735.5	
740.56	5923.4	
740.74	4750.6	
740.92	4341.7	
741.1	4324.6	
741.28	5290.6	
741.46	5172.5	
741.64	3977.2	
741.82	4465.3	
742	5365.7	
742.18	5299.5	
742.36	4191.5	
742.54	3720.5	
742.72	5915.2	
742.9	4675.5	
743.08	4618.9	
743.26	3391.4	
743.44	6141.9	
743.62	6038.1	
743.8	4746.5	
743.98	3792.8	
744.16	5763.7	
744.34	5439.4	
744.52	4676.2	
744.7	4589.5	
744.88	5816.9	
745.06	5412.1	
745.24	4688.5	
745.42	4847.5	
745.6	5913.9	
745.78	5759.6	
745.96	3577.8	
746.14	3933.5	
746.32	6690.7	
746.5	6012.8	
746.68	4452.3	
746.86	3980.6	
747.03	6473.6	
747.21	4804.5	
747.39	4533.5	
747.57	3941	
747.75	5642.2	
747.93	6081.1	
748.11	4014.7	
748.29	3869.3	
748.47	7184.3	
748.65	5352.7	
748.83	4659.8	
749.01	4366.3	
749.19	5893.4	
749.37	5048.2	
749.55	4243.4	
749.73	4403.1	
749.91	5533.6	
750.09	5255.8	
750.26	4386.7	
750.44	3790.1	
750.62	5539.1	
750.8	5571.8	
750.98	3663.1	
751.16	4009.9	
751.34	5619.6	
751.52	4939.7	
751.7	4780	
751.88	3642	
752.06	6136.4	
752.24	5874.9	
752.42	3645.4	
752.59	4001	
752.77	5551.4	
752.95	6638.1	
753.13	4644.1	
753.31	4171	
753.49	5253.7	
753.67	5700.9	
753.85	4435.2	
754.03	4016.7	
754.21	5961	
754.38	6305.7	
754.56	4207.9	
754.74	3312.9	
754.92	5292	
755.1	6057.2	
755.28	3443.3	
755.46	3472	
755.64	6942.6	
755.82	6980.8	
755.99	3915.7	
756.17	4044.1	
756.35	4716.5	
756.53	6225.1	
756.71	3009.1	
756.89	3959.4	
757.07	5761.6	
757.25	4904.9	
757.42	4407.2	
757.6	5300.8	
757.78	5862.7	
757.96	4818.9	
758.14	4040.6	
758.32	3575.8	
758.5	4367.6	
758.67	5232.6	
758.85	3971.7	
759.03	3980.6	
759.21	5383.4	
759.39	4870.1	
759.57	3458.3	
759.75	4670.7	
759.92	6010.1	
760.1	5280.3	
760.28	4859.1	
760.46	5184.1	
760.64	5041.4	
760.82	4786.8	
760.99	4758.1	
761.17	3928.7	
761.35	5814.9	
761.53	4827.1	
761.71	4024.3	
761.89	4736.3	
762.06	5677	
762.24	5186.1	
762.42	4106.9	
762.6	3885.7	
762.78	5117.9	
762.96	5755.5	
763.13	4412.7	
763.31	4093.9	
763.49	5961.6	
763.67	5085.1	
763.85	4976.6	
764.02	5451	
764.2	6220.4	
764.38	5428.5	
764.56	3970.3	
764.74	4820.2	
764.91	6275.7	
765.09	5205.3	
765.27	3714.3	
765.45	3523.2	
765.63	6402.6	
765.8	6234	
765.98	3224.2	
766.16	3598.3	
766.34	4888.5	
766.52	4643.4	
766.69	4596.3	
766.87	3406.5	
767.05	5298.1	
767.23	5950.7	
767.41	3771.7	
767.58	4006.5	
767.76	5789.6	
767.94	5858.6	
768.12	3874.1	
768.29	4555.4	
768.47	5388.2	
768.65	6053.8	
768.83	3493.8	
769	4688.5	
769.18	4960.9	
769.36	5673.6	
769.54	4650.9	
769.72	3549.8	
769.89	5979.4	
770.07	6006.7	
770.25	3899.3	
770.43	5129.5	
770.6	6673	
770.78	7066.9	
770.96	4095.9	
771.14	4766.3	
771.31	5839.4	
771.49	5223.7	
771.67	3324.5	
771.85	3557.3	
772.02	4537.6	
772.2	5240.8	
772.38	4329.4	
772.55	3782.6	
772.73	5513.8	
772.91	5327.4	
773.09	4158.1	
773.26	4307.6	
773.44	5532.9	
773.62	5095.3	
773.8	3727.3	
773.97	3427.6	
774.15	5600.5	
774.33	5183.4	
774.5	3633.8	
774.68	3975.1	
774.86	5772.5	
775.04	5244.2	
775.21	3700.7	
775.39	3756	
775.57	5556.1	
775.74	5867.4	
775.92	3551.9	
776.1	3478.1	
776.27	5477	
776.45	6707.1	
776.63	3746.4	
776.81	3278.1	
776.98	5137	
777.16	6259.3	
777.34	3865.9	
777.51	4240	
777.69	5143.1	
777.87	4961.5	
778.04	3953.3	
778.22	4533.5	
778.4	5005.2	
778.57	5586.2	
778.75	3241.3	
778.93	3519.8	
779.1	4727.4	
779.28	4655.7	
779.46	3235.8	
779.64	3809.9	
779.81	5748	
779.99	6621.8	
780.17	4506.2	
780.34	4663.2	
780.52	5299.5	
780.69	5448.3	
780.87	4117.1	
781.05	3630.4	
781.22	5247.6	
781.4	5395	
781.58	3807.9	
781.75	2904.7	
781.93	5412.1	
782.11	4771.8	
782.28	4679.6	
782.46	3782.6	
782.64	4658.4	
782.81	5567.1	
782.99	3917.8	
783.17	3833.8	
783.34	5502.2	
783.52	4720.6	
783.69	4063.9	
783.87	4842.1	
784.05	4841.4	
784.22	4862.6	
784.4	4751.3	
784.58	4179.2	
784.75	5719.3	
784.93	4884.4	
785.1	3848.8	
785.28	4494.6	
785.46	5553.4	
785.63	4812	
785.81	3777.1	
785.99	3648.8	
786.16	5001.1	
786.34	5345.9	
786.51	3680.2	
786.69	4072	
786.87	4612.7	
787.04	5122.7	
787.22	3566.9	
787.39	4559.5	
787.57	4850.3	
787.75	5915.2	
787.92	4680.3	
788.1	4588.8	
788.27	4867.3	
788.45	4602.5	
788.63	4334.9	
788.8	3115.6	
788.98	5222.3	
789.15	4565.6	
789.33	3226.2	
789.5	3870	
789.68	5763	
789.86	5870.8	
790.03	4330.1	
790.21	3773.7	
790.38	5792.3	
790.56	5013.4	
790.73	3567.6	
790.91	3631.7	
791.09	4868.7	
791.26	5642.8	
791.44	3880.9	
791.61	3328.6	
791.79	4878.9	
791.96	4935.6	
792.14	3379.1	
792.32	3021.4	
792.49	4872.1	
792.67	5022.3	
792.84	3516.4	
793.02	3310.2	
793.19	5354.1	
793.37	6028.5	
793.54	3055.6	
793.72	3343	
793.89	6135.7	
794.07	4914.4	
794.25	4037.9	
794.42	3158.7	
794.6	5917.9	
794.77	5498.8	
794.95	4276.8	
795.12	3665.9	
795.3	4913.8	
795.47	5535	
795.65	4059.1	
795.82	3913.7	
796	4687.8	
796.17	6611.5	
796.35	3758	
796.52	4450.9	
796.7	5447.6	
796.87	5535	
797.05	4722.6	
797.22	4688.5	
797.4	5509	
797.57	6469.5	
797.75	3970.3	
797.92	3685.7	
798.1	5857.2	
798.27	4879.6	
798.45	3177.1	
798.62	3366.2	
798.8	5223.7	
798.97	5652.4	
799.15	4182	
799.32	3930.7	
799.5	4476.2	
799.67	5264.6	
799.85	4283	
800.02	3136.1	
800.2	4827.7	
800.37	5179.3	
800.55	4413.4	
800.72	3721.2	
800.9	5660.6	
801.07	6051.7	
801.25	4967	
801.42	4070.7	
801.6	5680.4	
801.77	5394.3	
801.95	3774.4	
802.12	3581.2	
802.29	5400.5	
802.47	5386.2	
802.64	4043.4	
802.82	3006.4	
802.99	4827.1	
803.17	5871.5	
803.34	3964.9	
803.52	3564.8	
803.69	6516.6	
803.87	4681	
804.04	3966.9	
804.21	4019.5	
804.39	5981.4	
804.56	5124	
804.74	3312.2	
804.91	4122.6	
805.09	4885.1	
805.26	5010.7	
805.44	3442	
805.61	3732.8	
805.78	5529.5	
805.96	5614.8	
806.13	4097.3	
806.31	4441.4	
806.48	4542.4	
806.66	5034.6	
806.83	4055.7	
807	4012.7	
807.18	4878.9	
807.35	5304.2	
807.53	3966.2	
807.7	3187.3	
807.87	6067.4	
808.05	4946.5	
808.22	4406.5	
808.4	3149.1	
808.57	4980.7	
808.74	4626.4	
808.92	3696.6	
809.09	4629.1	
809.27	4825	
809.44	5446.9	
809.61	3233.7	
809.79	3587.4	
809.96	6094.1	
810.14	5666	
810.31	3147	
810.48	3792.2	
810.66	4983.4	
810.83	5717.2	
811.01	3635.1	
811.18	4046.8	
811.35	5711.8	
811.53	4381.3	
811.7	4425	
811.87	4114.4	
812.05	4969.7	
812.22	4887.1	
812.39	3532.1	
812.57	3430.3	
812.74	5042.1	
812.92	6597.2	
813.09	3897.3	
813.26	4148.5	
813.44	6326.9	
813.61	4864.6	
813.78	3209.2	
813.96	4288.4	
814.13	4978.6	
814.3	4602.5	
814.48	4679.6	
814.65	3839.3	
814.82	6146.6	
815	4750.6	
815.17	3937.6	
815.34	4838.7	
815.52	4846.9	
815.69	4855.1	
815.87	3935.5	
816.04	3370.3	
816.21	4962.9	
816.38	4357.4	
816.56	3869.3	
816.73	3487	
816.9	6292.7	
817.08	5693.4	
817.25	3562.1	
817.42	4513	
817.6	4541.7	
817.77	5009.3	
817.94	4035.9	
818.12	3572.3	
818.29	4739.7	
818.46	7353.6	
818.64	3697.3	
818.81	3465.8	
818.98	4656.4	
819.16	6741.2	
819.33	4235.9	
819.5	3875.4	
819.67	5347.2	
819.85	5963.7	
820.02	3846.1	
820.19	4134.2	
820.37	5128.8	
820.54	4817.5	
820.71	3997	
820.88	4955.4	
821.06	5144.5	
821.23	4761.5	
821.4	4025.6	
821.58	3997	
821.75	5675.6	
821.92	5096	
822.09	3218	
822.27	3334.1	
822.44	5003.9	
822.61	4863.9	
822.79	3255.6	
822.96	6223.8	
823.13	5450.3	
823.3	4703.5	
823.48	3718.4	
823.65	3399.6	
823.82	5668.1	
823.99	4586.1	
824.17	4795	
824.34	3418.1	
824.51	6552.1	
824.68	4984.8	
824.86	3613.3	
825.03	4001	
825.2	4965.6	
825.37	6037.4	
825.55	3477.5	
825.72	3988.8	
825.89	6611.5	
826.06	6117.3	
826.24	3809.9	
826.41	3882.3	
826.58	6011.5	
826.75	5261.2	
826.92	3016.7	
827.1	3371	
827.27	8222.6	
827.44	6598.6	
827.61	3689.1	
827.79	4394.9	
827.96	4723.3	
828.13	5052.3	
828.3	3864.5	
828.47	3183.2	
828.65	5184.8	
828.82	5127.4	
828.99	4987.5	
829.16	4354	
829.34	5582.1	
829.51	5334.3	
829.68	3944.4	
829.85	4162.8	
830.02	5894.1	
830.2	5579.3	
830.37	3070.6	
830.54	4790.2	
830.71	6367.1	
830.88	4992.3	
831.05	3097.2	
831.23	3620.8	
831.4	6068.8	
831.57	6812.9	
831.74	3651.5	
831.91	3230.3	
832.09	5233.9	
832.26	5557.5	
832.43	3812.6	
832.6	4261.1	
832.77	5163.6	
832.94	5938.4	
833.12	2997.5	
833.29	3723.9	
833.46	5335	
833.63	6973.3	
833.8	4151.9	
833.97	3783.3	
834.15	5636.7	
834.32	5427.1	
834.49	4014.7	
834.66	4013.3	
834.83	5780.7	
835	4654.4	
835.17	3671.3	
835.35	3703.4	
835.52	5490.6	
835.69	5390.3	
835.86	3864.5	
836.03	3231	
836.2	5553.4	
836.37	5153.4	
836.55	3804.4	
836.72	3584.6	
836.89	5119.2	
837.06	5608	
837.23	3852.9	
837.4	4267.3	
837.57	6394.4	
837.75	7027.9	
837.92	3470.6	
838.09	3725.9	
838.26	5128.8	
838.43	5898.8	
838.6	4022.9	
838.77	3571	
838.94	6703	
839.11	6401.3	
839.29	3801.7	
839.46	2992.8	
839.63	5560.9	
839.8	5289.9	
839.97	3716.4	
840.14	3693.9	
840.31	5280.3	
840.48	5560.2	
840.65	3112.2	
840.82	3753.2	
841	5481	
841.17	5470.1	
841.34	3429.7	
841.51	3446	
841.68	5500.8	
841.85	5248.3	
842.02	3523.9	
842.19	2884.9	
842.36	5381.4	
842.53	5291.3	
842.7	3411.2	
842.87	4216.8	
843.05	6967.2	
843.22	5262.6	
843.39	3226.2	
843.56	3467.9	
843.73	4985.4	
843.9	5619.6	
844.07	5451.7	
844.24	4625.7	
844.41	8135.2	
844.58	4831.8	
844.75	3288.4	
844.92	3585.3	
845.09	5535.7	
845.26	5566.4	
845.43	3392.1	
845.6	3521.8	
845.77	5526.1	
845.94	5283.1	
846.12	3702	
846.29	3909.6	
846.46	5789.6	
846.63	5522	
846.8	3414	
846.97	4004.5	
847.14	6025.8	
847.31	5450.3	
847.48	3818.8	
847.65	4235.2	
847.82	5846.3	
847.99	5741.1	
848.16	4502.8	
848.33	4192.9	
848.5	5071.5	
848.67	6027.2	
848.84	3396.2	
849.01	3553.2	
849.18	4999.1	
849.35	4706.9	
849.52	4242.7	
849.69	3343	
849.86	5735.7	
850.03	5952.8	
850.2	3412.6	
850.37	4134.2	
850.54	5930.2	
850.71	5244.8	
850.88	4060.4	
851.05	3292.5	
851.22	5477	
851.39	6136.4	
851.56	3209.2	
851.73	3822.2	
851.9	4838	
852.07	5766.4	
852.24	3753.2	
852.41	3351.2	
852.58	5439.4	
852.75	4975.2	
852.92	3762.8	
853.09	3325.9	
853.26	5144.5	
853.43	6000.5	
853.6	3387.3	
853.77	2924.5	
853.94	6083.1	
854.11	4861.9	
854.28	4993.6	
854.44	3627.6	
854.61	6475.7	
854.78	5862	
854.95	3386	
855.12	4286.4	
855.29	4460.5	
855.46	6019.7	
855.63	3364.1	
855.8	4723.3	
855.97	5080.3	
856.14	5861.3	
856.31	4776.5	
856.48	3670	
856.65	5075.5	
856.82	4875.5	
856.99	3229	
857.16	3631.7	
857.33	6745.3	
857.49	5167	
857.66	3678.8	
857.83	3926	
858	5150.6	
858.17	5461.2	
858.34	3168.9	
858.51	3380.5	
858.68	6233.3	
858.85	6220.4	
859.02	3932.1	
859.19	4212.7	
859.36	4859.8	
859.52	4885.8	
859.69	3369.6	
859.86	3986	
860.03	4952.7	
860.2	6087.9	
860.37	3058.3	
860.54	3367.5	
860.71	5739.8	
860.88	6171.2	
861.05	3784	
861.21	4271.4	
861.38	6199.2	
861.55	4801.8	
861.72	3075.4	
861.89	3837.2	
862.06	5808.7	
862.23	6346	
862.4	3348.4	
862.56	3466.5	
862.73	5653.8	
862.9	5402.5	
863.07	3943	
863.24	3051.5	
863.41	4807.9	
863.58	4840	
863.75	3444	
863.91	3880.2	
864.08	6154.8	
864.25	5681.1	
864.42	4266.6	
864.59	4743.8	
864.76	6386.9	
864.93	4873.5	
865.09	3264.5	
865.26	3579.2	
865.43	6081.1	
865.6	6395.8	
865.77	2925.2	
865.94	3330	
866.1	6011.5	
866.27	5836	
866.44	5105.6	
866.61	3208.5	
866.78	5281	
866.95	5713.8	
867.11	3284.3	
867.28	3005.7	
867.45	5847	
867.62	4903.5	
867.79	3888.4	
867.96	3383.9	
868.12	4887.8	
868.29	5760.3	
868.46	2989.4	
868.63	4474.8	
868.8	6001.9	
868.97	5700.2	
869.13	3506.8	
869.3	3519.1	
869.47	5623.7	
869.64	5898.8	
869.81	3388.7	
869.97	3396.9	
870.14	5528.8	
870.31	6148	
870.48	3289.7	
870.65	4278.2	
870.81	5193	
870.98	5242.1	
871.15	3786	
871.32	3451.5	
871.48	5634	
871.65	6293.4	
871.82	3353.9	
871.99	3715.7	
872.16	6685.3	
872.32	6099.5	
872.49	3368.2	
872.66	3407.1	
872.83	5801.9	
872.99	5097.4	
873.16	3861.1	
873.33	3330	
873.5	5417.6	
873.67	5468.1	
873.83	3547.8	
874	4561.5	
874.17	5558.2	
874.34	6625.2	
874.5	4326	
874.67	4192.9	
874.84	6140.5	
875.01	4871.4	
875.17	4766.3	
875.34	3340.9	
875.51	5414.8	
875.68	6546.7	
875.84	4042.7	
876.01	4962.9	
876.18	5748.6	
876.34	5674.2	
876.51	3363.4	
876.68	3333.4	
876.85	5196.4	
877.01	6043.6	
877.18	4851.6	
877.35	3415.3	
877.52	5387.5	
877.68	4820.2	
877.85	3238.5	
878.02	3312.9	
878.18	5320.6	
878.35	5057.8	
878.52	2714.9	
878.69	3801.7	
878.85	5791.7	
879.02	5689.9	
879.19	4818.9	
879.35	3677.5	
879.52	5748.6	
879.69	5851.7	
879.86	2964.1	
880.02	3764.8	
880.19	5346.6	
880.36	6522.8	
880.52	3921.9	
880.69	4009.2	
880.86	5840.1	
881.02	5924.1	
881.19	3726.6	
881.36	3698.6	
881.52	5718.6	
881.69	5083.1	
881.86	3651.5	
882.02	3581.2	
882.19	6014.2	
882.36	7071.6	
882.52	3432.4	
882.69	4760.8	
882.86	5544.5	
883.02	5422.3	
883.19	4091.2	
883.36	3872	
883.52	5825.8	
883.69	6623.1	
883.86	3398.9	
884.02	3022.1	
884.19	5807.4	
884.36	5424.4	
884.52	3904.1	
884.69	3584.6	
884.86	5130.8	
885.02	6303	
885.19	3861.1	
885.36	3870.7	
885.52	5360.9	
885.69	5571.2	
885.86	4894.6	
886.02	4377.9	
886.19	5786.9	
886.35	5242.1	
886.52	3719.1	
886.69	4715.1	
886.85	4920.6	
887.02	6143.2	
887.19	6143.2	
887.35	6143.2	
887.52	6143.2	
887.68	6143.2	
887.85	6143.2	
888.02	6143.2	
888.18	6143.2	
888.35	6143.2	
888.51	6143.2	
888.68	6143.2	
888.85	6143.2	
889.01	6143.2	
889.18	6143.2	
889.35	6143.2	
889.51	6143.2	
889.68	6143.2	
889.84	6143.2	
890.01	6143.2	
890.17	6143.2	
890.34	6143.2	
890.51	6143.2	
890.67	6143.2	
890.84	6143.2	
891	6143.2	
891.17	6143.2	
891.34	6143.2	
891.5	6143.2	
891.67	6143.2	
891.83	6143.2	
892	6143.2	
892.16	6143.2	
892.33	6143.2	
892.5	6143.2	
892.66	6143.2	
892.83	6143.2	
892.99	6143.2	
893.16	6143.2	
893.32	6143.2	
893.49	6143.2	
893.65	6143.2	
893.82	6143.2	
893.99	6143.2	
894.15	6143.2	
894.32	6143.2	
894.48	6143.2	
894.65	6143.2	
894.81	6143.2	
894.98	6143.2	
895.14	6143.2	
895.31	6143.2	
895.47	6143.2	
895.64	6143.2	
895.81	6143.2	
895.97	6143.2	
896.14	6143.2	
896.3	6143.2	
896.47	6143.2	
896.63	6143.2	
896.8	6143.2	
896.96	6143.2	
897.13	6143.2	
897.29	6143.2	
897.46	6143.2	
897.62	6143.2	
897.79	6143.2	
897.95	6143.2	
898.12	6143.2	
898.28	6143.2	
898.45	6143.2	
898.61	6143.2	
898.78	6143.2	
898.94	6143.2	
899.11	6143.2	
899.27	6143.2	
899.44	6143.2	
899.6	6143.2	
899.77	6143.2	
899.93	6143.2	
900.1	6143.2	
900.26	6143.2	
900.43	6143.2	
900.59	6143.2	
900.76	6143.2	
900.92	6143.2	
901.09	6143.2	
901.25	6143.2	
901.42	6143.2	
901.58	6143.2	
901.75	6143.2	
901.91	6143.2	
902.07	6143.2	
902.24	6143.2	
902.4	6143.2	
902.57	6143.2	
902.73	6143.2	
902.9	6143.2	
903.06	6143.2	
903.23	6143.2	
903.39	6143.2	
903.56	6143.2	
903.72	6143.2	
903.88	6143.2	
904.05	6143.2	
904.21	6143.2	
904.38	6143.2	
904.54	6143.2	
904.71	6143.2	
904.87	6143.2	
905.03	6143.2	
905.2	6143.2	
905.36	6143.2	
905.53	6143.2	
905.69	6143.2	
905.86	6143.2	
906.02	6143.2	
906.18	6143.2	
906.35	6143.2	
906.51	6143.2	
906.68	6143.2	
906.84	6143.2	
907.01	6143.2	
907.17	6143.2	
907.33	6143.2	
907.5	6143.2	
907.66	6143.2	
907.83	6143.2	
907.99	6143.2	
908.15	6143.2	
908.32	6143.2	
908.48	6143.2	
908.65	6143.2	
908.81	6143.2	
908.97	6143.2	
909.14	6143.2	
909.3	6143.2	
909.47	6143.2	
909.63	6143.2	
909.79	6143.2	
909.96	6143.2	
910.12	6143.2	
910.28	6143.2	
910.45	6143.2	
910.61	6143.2	
910.78	6143.2	
910.94	6143.2	
911.1	6143.2	
911.27	6143.2	
911.43	6143.2	
911.59	6143.2	
911.76	6143.2	
911.92	6143.2	
912.08	6143.2	
912.25	6143.2	
912.41	6143.2	
912.57	6143.2	
912.74	6143.2	
912.9	6143.2	
913.07	6143.2	
913.23	6143.2	
913.39	6143.2	
913.56	6143.2	
913.72	6143.2	
913.88	6143.2	
914.05	6143.2	
914.21	6143.2	
914.37	6143.2	
914.54	6143.2	
914.7	6143.2	
914.86	6143.2	
915.03	6143.2	
915.19	6143.2	
